0.0
0.262
0.5
0.715
0.907
1.078
1.229
1.359
1.472
1.566
1.644
1.705
1.752
1.785
1.804
1.811
1.807
1.792
1.767
1.734
1.694
1.646
1.593
1.534
1.471
1.406
1.338
1.268
1.199
1.129
1.061
0.996
0.933
0.875
0.822
0.773
0.729
0.689
0.654
0.622
0.594
0.57
0.549
0.532
0.517
0.504
0.495
0.487
0.482
0.478
0.476
0.475
0.476
0.478
0.48
0.483
0.486
0.489
0.492
0.495
0.498
0.499
0.5
0.5
0.498
0.496
0.492
0.488
0.483
0.477
0.471
0.464
0.456
0.449
0.44
0.432
0.424
0.415
0.407
0.398
0.39
0.382
0.374
0.367
0.36
0.354
0.348
0.344
0.339
0.336
0.334
0.333
0.332
0.333
0.336
0.339
0.343
0.349
0.355
0.363
0.371
0.38
0.389
0.399
0.409
0.42
0.431
0.443
0.454
0.466
0.477
0.489
0.5
0.511
0.522
0.532
0.542
0.552
0.562
0.571
0.58
0.588
0.596
0.604
0.611
0.618
0.624
0.63
0.635
0.64
0.644
0.648
0.651
0.654
0.656
0.657
0.658
0.658
0.657
0.656
0.654
0.652
0.648
0.644
0.639
0.634
0.627
0.62
0.612
0.603
0.593
0.583
0.571
0.559
0.546
0.531
0.516
0.5
0.483
0.465
0.446
0.427
0.407
0.387
0.366
0.346
0.325
0.305
0.284
0.264
0.245
0.226
0.208
0.191
0.174
0.159
0.145
0.133
0.121
0.112
0.104
0.097
0.093
0.091
0.091
0.093
0.098
0.104
0.112
0.123
0.135
0.148
0.163
0.179
0.197
0.216
0.235
0.256
0.277
0.299
0.321
0.344
0.367
0.39
0.413
0.436
0.459
0.481
0.503
0.525
0.545
0.565
0.585
0.603
0.62
0.637
0.653
0.668
0.683
0.697
0.71
0.722
0.734
0.745
0.755
0.765
0.774
0.783
0.791
0.798
0.804
0.811
0.816
0.821
0.825
0.829
0.833
0.835
0.838
0.84
0.841
0.842
0.843
0.843
0.842
0.842
0.84
0.839
0.837
0.835
0.832
0.829
0.826
0.822
0.818
0.814
0.81
0.805
0.8
0.795
0.789
0.784
0.778
0.772
0.765
0.759
0.752
0.746
0.739
0.732
0.725
0.718
0.71
0.703
0.696
0.688
0.681
0.673
0.666
0.658
0.651
0.643
0.636
0.629
0.621
0.614
0.607
0.6
0.593
0.586
0.579
0.573
0.566
0.56
0.554
0.548
0.543
0.537
0.532
0.527
0.522
0.518
0.514
0.51
0.506
0.503
0.5
0.497
0.495
0.493
0.492
0.491
0.49
0.49
0.49
0.491
0.493
0.495
0.497
0.5
0.504
0.508
0.513
0.518
0.524
0.53
0.537
0.544
0.551
0.559
0.568
0.576
0.585
0.595
0.604
0.614
0.624
0.635
0.645
0.656
0.666
0.677
0.688
0.699
0.71
0.721
0.733
0.744
0.755
0.766
0.776
0.787
0.798
0.808
0.819
0.829
0.838
0.848
0.857
0.866
0.875
0.883
0.891
0.899
0.906
0.913
0.92
0.926
0.932
0.938
0.943
0.949
0.953
0.958
0.962
0.966
0.97
0.973
0.976
0.979
0.982
0.984
0.987
0.988
0.99
0.991
0.993
0.994
0.994
0.995
0.995
0.995
0.995
0.995
0.995
0.994
0.993
0.992
0.991
0.99
0.988
0.986
0.985
0.983
0.981
0.978
0.976
0.973
0.971
0.968
0.965
0.962
0.959
0.956
0.953
0.949
0.946
0.942
0.939
0.935
0.931
0.927
0.924
0.92
0.916
0.912
0.908
0.904
0.899
0.895
0.891
0.887
0.883
0.879
0.874
0.87
0.866
0.862
0.858
0.853
0.849
0.845
0.841
0.837
0.833
0.829
0.826
0.822
0.818
0.814
0.811
0.807
0.804
0.801
0.797
0.794
0.791
0.788
0.785
0.783
0.78
0.778
0.775
0.773
0.771
0.769
0.767
0.765
0.763
0.761
0.759
0.757
0.755
0.753
0.75
0.748
0.745
0.742
0.739
0.735
0.732
0.728
0.724
0.719
0.714
0.709
0.704
0.698
0.692
0.685
0.678
0.672
0.665
0.657
0.65
0.643
0.635
0.628
0.62
0.612
0.605
0.597
0.59
0.583
0.575
0.568
0.562
0.555
0.548
0.542
0.536
0.531
0.525
0.521
0.516
0.512
0.508
0.505
0.502
0.5
0.498
0.497
0.496
0.496
0.496
0.497
0.498
0.5
0.501
0.504
0.506
0.509
0.512
0.515
0.519
0.522
0.526
0.53
0.535
0.539
0.543
0.548
0.553
0.557
0.562
0.566
0.571
0.575
0.58
0.584
0.588
0.592
0.596
0.6
0.603
0.607
0.61
0.613
0.615
0.618
0.62
0.622
0.624
0.626
0.628
0.629
0.63
0.631
0.632
0.633
0.634
0.634
0.634
0.635
0.635
0.635
0.634
0.634
0.633
0.633
0.632
0.631
0.63
0.629
0.628
0.627
0.625
0.624
0.622
0.621
0.619
0.617
0.615
0.613
0.611
0.609
0.607
0.605
0.603
0.6
0.598
0.596
0.593
0.591
0.588
0.586
0.583
0.58
0.578
0.575
0.573
0.57
0.567
0.565
0.562
0.559
0.557
0.554
0.552
0.549
0.546
0.544
0.541
0.539
0.537
0.534
0.532
0.529
0.527
0.525
0.523
0.521
0.519
0.517
0.515
0.513
0.512
0.51
0.509
0.507
0.506
0.505
0.503
0.502
0.501
0.501
0.5
0.499
0.499
0.499
0.498
0.498
0.498
0.498
0.498
0.498
0.499
0.499
0.499
0.499
0.5
0.5
0.5
0.501
0.501
0.502
0.502
0.502
0.503
0.503
0.504
0.504
0.504
0.505
0.505
0.505
0.506
0.506
0.507
0.507
0.507
0.508
0.508
0.508
0.508
0.509
0.509
0.509
0.509
0.509
0.509
0.51
0.51
0.51
0.51
0.51
0.509
0.509
0.509
0.509
0.509
0.508
0.508
0.508
0.507
0.507
0.506
0.506
0.505
0.504
0.504
0.503
0.502
0.501
0.5
0.499
0.498
0.497
0.496
0.494
0.493
0.492
0.491
0.489
0.488
0.487
0.486
0.485
0.484
0.483
0.483
0.482
0.482
0.481
0.481
0.481
0.481
0.481
0.482
0.482
0.483
0.484
0.485
0.487
0.488
0.49
0.493
0.495
0.498
0.501
0.505
0.508
0.512
0.517
0.521
0.527
0.532
0.538
0.544
0.551
0.558
0.565
0.573
0.582
0.591
0.6
0.61
0.62
0.631
0.642
0.653
0.664
0.676
0.688
0.7
0.712
0.724
0.736
0.748
0.76
0.772
0.783
0.795
0.806
0.816
0.827
0.836
0.846
0.855
0.863
0.871
0.878
0.884
0.89
0.895
0.899
0.902
0.904
0.905
0.906
0.905
0.903
0.9
0.895
0.89
0.883
0.875
0.866
0.855
0.843
0.83
0.816
0.801
0.785
0.769
0.752
0.734
0.716
0.698
0.679
0.66
0.641
0.623
0.604
0.585
0.567
0.55
0.532
0.516
0.5
0.485
0.471
0.457
0.444
0.432
0.421
0.41
0.4
0.391
0.382
0.375
0.367
0.361
0.355
0.349
0.345
0.34
0.337
0.334
0.331
0.329
0.328
0.327
0.327
0.327
0.327
0.329
0.33
0.332
0.334
0.337
0.34
0.344
0.348
0.352
0.357
0.362
0.367
0.373
0.379
0.385
0.392
0.398
0.405
0.413
0.42
0.428
0.436
0.444
0.452
0.461
0.469
0.478
0.487
0.496
0.505
0.514
0.523
0.532
0.542
0.551
0.561
0.57
0.579
0.589
0.598
0.608
0.617
0.626
0.635
0.644
0.653
0.662
0.671
0.679
0.688
0.696
0.704
0.712
0.72
0.727
0.735
0.742
0.749
0.755
0.761
0.767
0.773
0.778
0.783
0.788
0.792
0.796
0.8
0.803
0.806
0.808
0.81
0.812
0.813
0.813
0.814
0.813
0.812
0.811
0.809
0.807
0.804
0.8
0.796
0.791
0.786
0.78
0.774
0.768
0.761
0.753
0.746
0.738
0.729
0.721
0.712
0.703
0.694
0.685
0.676
0.666
0.657
0.648
0.638
0.629
0.62
0.611
0.602
0.593
0.584
0.576
0.568
0.56
0.553
0.546
0.539
0.533
0.527
0.522
0.517
0.513
0.509
0.506
0.503
0.501
0.5
0.5
0.5
0.501
0.503
0.506
0.509
0.513
0.517
0.523
0.529
0.535
0.542
0.55
0.558
0.567
0.577
0.586
0.597
0.607
0.619
0.63
0.642
0.654
0.667
0.68
0.693
0.707
0.72
0.734
0.749
0.763
0.778
0.792
0.807
0.822
0.837
0.853
0.868
0.883
0.898
0.914
0.929
0.944
0.959
0.974
0.989
1.004
1.018
1.032
1.047
1.061
1.074
1.088
1.101
1.114
1.126
1.139
1.15
1.162
1.173
1.183
1.193
1.203
1.212
1.221
1.229
1.237
1.244
1.25
1.256
1.261
1.265
1.269
1.272
1.275
1.276
1.277
1.277
1.276
1.275
1.272
1.269
1.265
1.26
1.254
1.247
1.239
1.23
1.22
1.209
1.197
1.184
1.169
1.154
1.138
1.12
1.101
1.081
1.06
1.037
1.014
0.989
0.962
0.934
0.905
0.875
0.843
0.81
0.777
0.742
0.707
0.672
0.638
0.603
0.569
0.536
0.504
0.474
0.445
0.418
0.393
0.371
0.351
0.334
0.321
0.31
0.304
0.301
0.302
0.308
0.318
0.333
0.354
0.378
0.407
0.439
0.474
0.511
0.549
0.588
0.628
0.667
0.705
0.742
0.778
0.813
0.848
0.881
0.913
0.945
0.975
1.005
1.034
1.062
1.089
1.115
1.14
1.164
1.188
1.211
1.233
1.254
1.274
1.293
1.312
1.33
1.347
1.363
1.379
1.393
1.407
1.421
1.433
1.445
1.456
1.467
1.476
1.486
1.494
1.502
1.509
1.515
1.521
1.526
1.531
1.535
1.538
1.541
1.543
1.544
1.545
1.546
1.545
1.545
1.544
1.542
1.54
1.537
1.534
1.53
1.525
1.521
1.516
1.51
1.504
1.497
1.49
1.483
1.475
1.467
1.458
1.449
1.44
1.43
1.42
1.409
1.399
1.387
1.376
1.364
1.352
1.34
1.327
1.314
1.301
1.287
1.273
1.259
1.245
1.23
1.216
1.201
1.186
1.17
1.155
1.139
1.123
1.107
1.091
1.074
1.058
1.041
1.024
1.007
0.99
0.973
0.956
0.939
0.922
0.904
0.887
0.869
0.852
0.834
0.817
0.799
0.782
0.764
0.747
0.729
0.712
0.694
0.677
0.66
0.643
0.625
0.608
0.591
0.575
0.558
0.541
0.525
0.508
0.492
0.476
0.46
0.445
0.429
0.414
0.399
0.384
0.369
0.355
0.34
0.326
0.313
0.299
0.286
0.273
0.26
0.248
0.236
0.224
0.213
0.202
0.191
0.181
0.171
0.161
0.152
0.143
0.134
0.126
0.118
0.111
0.104
0.098
0.092
0.086
0.081
0.076
0.072
0.068
0.064
0.061
0.058
0.055
0.053
0.051
0.05
0.049
0.048
0.047
0.047
0.047
0.048
0.049
0.05
0.051
0.053
0.055
0.058
0.06
0.063
0.066
0.07
0.073
0.077
0.082
0.086
0.091
0.096
0.101
0.106
0.112
0.118
0.124
0.13
0.136
0.143
0.15
0.157
0.164
0.171
0.179
0.186
0.194
0.202
0.21
0.219
0.227
0.236
0.244
0.253
0.262
0.271
0.28
0.289
0.298
0.308
0.317
0.327
0.336
0.346
0.356
0.366
0.376
0.385
0.395
0.405
0.415
0.425
0.435
0.445
0.456
0.466
0.476
0.486
0.496
0.506
0.516
0.526
0.536
0.546
0.555
0.565
0.575
0.585
0.594
0.604
0.613
0.623
0.632
0.641
0.65
0.659
0.668
0.677
0.686
0.694
0.703
0.711
0.719
0.727
0.735
0.743
0.75
0.758
0.765
0.772
0.779
0.786
0.792
0.798
0.804
0.81
0.816
0.821
0.827
0.832
0.836
0.841
0.845
0.849
0.853
0.856
0.86
0.863
0.865
0.868
0.87
0.872
0.873
0.874
0.875
0.876
0.876
0.876
0.876
0.875
0.874
0.873
0.871
0.869
0.867
0.864
0.861
0.858
0.854
0.851
0.847
0.843
0.838
0.833
0.829
0.823
0.818
0.813
0.807
0.801
0.795
0.789
0.783
0.776
0.77
0.763
0.756
0.75
0.743
0.735
0.728
0.721
0.714
0.707
0.699
0.692
0.684
0.677
0.67
0.662
0.655
0.647
0.64
0.633
0.626
0.618
0.611
0.604
0.597
0.59
0.583
0.577
0.57
0.564
0.558
0.551
0.545
0.54
0.534
0.529
0.523
0.518
0.513
0.509
0.504
0.5
0.496
0.492
0.489
0.486
0.483
0.48
0.477
0.475
0.473
0.471
0.469
0.467
0.466
0.465
0.464
0.463
0.462
0.462
0.461
0.461
0.461
0.461
0.462
0.462
0.463
0.463
0.464
0.465
0.466
0.467
0.469
0.47
0.472
0.473
0.475
0.477
0.479
0.48
0.482
0.485
0.487
0.489
0.491
0.494
0.496
0.498
0.501
0.503
0.506
0.509
0.511
0.514
0.516
0.519
0.522
0.524
0.527
0.53
0.532
0.535
0.537
0.54
0.543
0.545
0.548
0.55
0.552
0.555
0.557
0.559
0.561
0.563
0.565
0.567
0.569
0.571
0.573
0.574
0.576
0.577
0.578
0.579
0.58
0.581
0.582
0.583
0.583
0.584
0.584
0.584
0.584
0.584
0.584
0.583
0.583
0.582
0.581
0.58
0.579
0.578
0.577
0.575
0.574
0.572
0.57
0.569
0.567
0.565
0.562
0.56
0.558
0.555
0.553
0.55
0.547
0.544
0.541
0.538
0.535
0.532
0.529
0.525
0.522
0.518
0.514
0.511
0.507
0.503
0.499
0.495
0.491
0.487
0.482
0.478
0.474
0.469
0.465
0.46
0.456
0.451
0.446
0.441
0.436
0.432
0.427
0.422
0.417
0.411
0.406
0.401
0.396
0.391
0.385
0.38
0.375
0.369
0.364
0.358
0.353
0.347
0.342
0.336
0.331
0.325
0.32
0.314
0.308
0.303
0.297
0.291
0.286
0.28
0.274
0.268
0.263
0.257
0.251
0.245
0.24
0.234
0.228
0.223
0.217
0.211
0.206
0.2
0.194
0.189
0.183
0.178
0.173
0.168
0.163
0.158
0.154
0.149
0.146
0.142
0.139
0.137
0.134
0.133
0.131
0.131
0.131
0.131
0.132
0.134
0.137
0.14
0.144
0.148
0.154
0.16
0.167
0.176
0.185
0.195
0.206
0.218
0.231
0.245
0.26
0.277
0.294
0.313
0.333
0.355
0.377
0.401
0.425
0.45
0.476
0.503
0.53
0.557
0.584
0.612
0.639
0.667
0.694
0.721
0.747
0.774
0.8
0.826
0.851
0.876
0.901
0.926
0.951
0.975
0.999
1.023
1.046
1.07
1.093
1.115
1.138
1.16
1.182
1.204
1.226
1.247
1.268
1.289
1.309
1.329
1.349
1.369
1.389
1.408
1.427
1.446
1.465
1.483
1.501
1.519
1.537
1.554
1.571
1.588
1.605
1.621
1.637
1.653
1.669
1.685
1.7
1.715
1.73
1.744
1.759
1.773
1.787
1.8
1.814
1.827
1.84
1.853
1.865
1.878
1.89
1.902
1.913
1.925
1.936
1.947
1.958
1.968
1.979
1.989
1.999
2.008
2.018
2.027
2.036
2.045
2.053
2.062
2.07
2.078
2.086
2.093
2.1
2.108
2.114
2.121
2.128
2.134
2.14
2.146
2.152
2.157
2.162
2.167
2.172
2.177
2.181
2.186
2.19
2.193
2.197
2.201
2.204
2.207
2.21
2.212
2.215
2.217
2.219
2.221
2.223
2.224
2.226
2.227
2.228
2.228
2.229
2.229
2.23
2.229
2.229
2.229
2.228
2.228
2.227
2.226
2.224
2.223
2.221
2.219
2.217
2.215
2.213
2.21
2.207
2.204
2.201
2.198
2.194
2.191
2.187
2.183
2.179
2.175
2.17
2.165
2.161
2.156
2.15
2.145
2.14
2.134
2.128
2.122
2.116
2.109
2.103
2.096
2.089
2.082
2.075
2.068
2.06
2.053
2.045
2.037
2.029
2.021
2.012
2.004
1.995
1.986
1.977
1.968
1.958
1.949
1.939
1.929
1.919
1.909
1.899
1.888
1.878
1.867
1.856
1.845
1.834
1.823
1.811
1.8
1.788
1.776
1.764
1.752
1.74
1.727
1.715
1.702
1.689
1.676
1.663
1.65
1.636
1.623
1.609
1.595
1.581
1.567
1.553
1.539
1.524
1.509
1.495
1.48
1.465
1.45
1.434
1.419
1.404
1.388
1.372
1.356
1.34
1.324
1.308
1.292
1.275
1.258
1.242
1.225
1.208
1.191
1.174
1.156
1.139
1.121
1.104
1.086
1.068
1.05
1.032
1.013
0.995
0.977
0.958
0.939
0.921
0.902
0.883
0.864
0.844
0.825
0.806
0.786
0.766
0.747
0.727
0.707
0.687
0.667
0.646
0.626
0.606
0.585
0.565
0.544
0.524
0.504
0.483
0.463
0.443
0.423
0.403
0.383
0.364
0.344
0.325
0.307
0.288
0.27
0.252
0.234
0.217
0.2
0.183
0.167
0.151
0.136
0.121
0.107
0.093
0.08
0.067
0.055
0.044
0.033
0.023
0.013
0.004
-0.004
-0.012
-0.019
-0.025
-0.03
-0.034
-0.038
-0.041
-0.043
-0.044
-0.044
-0.043
-0.042
-0.039
-0.036
-0.031
-0.025
-0.019
-0.011
-0.002
0.008
0.019
0.031
0.044
0.059
0.075
0.092
0.11
0.129
0.15
0.172
0.196
0.22
0.247
0.274
0.303
0.333
0.365
0.398
0.432
0.466
0.501
0.535
0.569
0.603
0.635
0.667
0.697
0.725
0.752
0.777
0.801
0.823
0.844
0.864
0.882
0.899
0.915
0.929
0.942
0.954
0.965
0.974
0.982
0.989
0.995
1.0
1.003
1.006
1.007
1.007
1.007
1.005
1.003
0.999
0.994
0.989
0.983
0.975
0.967
0.959
0.949
0.938
0.927
0.915
0.902
0.889
0.875
0.86
0.845
0.829
0.813
0.796
0.779
0.761
0.744
0.726
0.708
0.69
0.671
0.653
0.635
0.617
0.599
0.582
0.565
0.548
0.531
0.515
0.5
0.485
0.471
0.457
0.444
0.432
0.42
0.41
0.399
0.39
0.381
0.373
0.366
0.36
0.354
0.35
0.346
0.343
0.341
0.34
0.34
0.341
0.343
0.345
0.349
0.354
0.36
0.367
0.375
0.384
0.395
0.406
0.419
0.432
0.448
0.464
0.481
0.5
0.52
0.541
0.563
0.586
0.609
0.633
0.657
0.68
0.704
0.727
0.75
0.772
0.793
0.814
0.834
0.853
0.872
0.889
0.907
0.923
0.939
0.954
0.969
0.983
0.996
1.009
1.021
1.032
1.043
1.053
1.063
1.072
1.081
1.089
1.096
1.103
1.11
1.116
1.121
1.126
1.131
1.135
1.138
1.141
1.144
1.146
1.147
1.149
1.149
1.15
1.15
1.149
1.149
1.147
1.146
1.144
1.141
1.139
1.136
1.132
1.129
1.125
1.12
1.116
1.111
1.105
1.1
1.094
1.088
1.082
1.075
1.068
1.061
1.054
1.047
1.039
1.031
1.023
1.015
1.006
0.998
0.989
0.98
0.971
0.962
0.953
0.943
0.934
0.924
0.914
0.904
0.894
0.884
0.874
0.864
0.854
0.844
0.834
0.824
0.813
0.803
0.793
0.783
0.773
0.762
0.752
0.742
0.732
0.722
0.712
0.702
0.693
0.683
0.673
0.664
0.655
0.645
0.636
0.627
0.619
0.61
0.601
0.593
0.585
0.577
0.569
0.562
0.555
0.548
0.541
0.534
0.528
0.522
0.516
0.51
0.505
0.5
0.495
0.491
0.487
0.483
0.479
0.476
0.473
0.47
0.468
0.466
0.464
0.462
0.46
0.459
0.458
0.457
0.457
0.456
0.456
0.456
0.456
0.457
0.457
0.458
0.459
0.46
0.462
0.463
0.465
0.467
0.469
0.471
0.473
0.475
0.478
0.481
0.484
0.487
0.49
0.493
0.496
0.499
0.503
0.507
0.51
0.514
0.518
0.522
0.526
0.53
0.534
0.538
0.542
0.547
0.551
0.555
0.56
0.564
0.568
0.573
0.577
0.582
0.586
0.591
0.595
0.6
0.604
0.609
0.613
0.617
0.622
0.626
0.63
0.635
0.639
0.643
0.647
0.651
0.655
0.659
0.663
0.666
0.67
0.673
0.677
0.68
0.683
0.686
0.689
0.692
0.695
0.697
0.7
0.702
0.704
0.706
0.708
0.71
0.711
0.713
0.714
0.715
0.716
0.716
0.717
0.717
0.717
0.717
0.717
0.716
0.715
0.714
0.713
0.712
0.71
0.708
0.706
0.703
0.7
0.697
0.694
0.691
0.687
0.683
0.678
0.674
0.669
0.663
0.658
0.652
0.646
0.639
0.632
0.625
0.618
0.61
0.602
0.593
0.584
0.575
0.565
0.555
0.545
0.534
0.523
0.512
0.5
0.488
0.475
0.462
0.449
0.435
0.422
0.408
0.393
0.379
0.365
0.35
0.335
0.321
0.306
0.292
0.277
0.262
0.248
0.234
0.22
0.206
0.192
0.179
0.166
0.153
0.141
0.129
0.117
0.106
0.095
0.085
0.075
0.066
0.058
0.05
0.043
0.036
0.03
0.025
0.021
0.017
0.014
0.013
0.012
0.012
0.013
0.014
0.017
0.021
0.026
0.032
0.04
0.048
0.058
0.068
0.08
0.094
0.108
0.124
0.142
0.161
0.181
0.202
0.225
0.25
0.276
0.304
0.333
0.364
0.397
0.43
0.464
0.498
0.533
0.567
0.601
0.635
0.667
0.697
0.727
0.755
0.782
0.807
0.831
0.854
0.875
0.895
0.914
0.931
0.947
0.962
0.976
0.988
0.999
1.009
1.017
1.024
1.03
1.035
1.039
1.041
1.042
1.042
1.041
1.039
1.035
1.03
1.024
1.017
1.009
0.999
0.989
0.977
0.964
0.95
0.935
0.919
0.902
0.884
0.864
0.844
0.823
0.8
0.776
0.752
0.727
0.701
0.675
0.649
0.623
0.596
0.571
0.545
0.521
0.497
0.474
0.452
0.432
0.413
0.395
0.38
0.367
0.355
0.346
0.34
0.336
0.336
0.338
0.343
0.352
0.364
0.38
0.4
0.424
0.451
0.481
0.514
0.549
0.585
0.622
0.659
0.696
0.732
0.767
0.8
0.831
0.86
0.886
0.91
0.932
0.952
0.97
0.987
1.001
1.013
1.024
1.033
1.04
1.046
1.05
1.052
1.053
1.053
1.051
1.048
1.044
1.039
1.033
1.025
1.017
1.007
0.997
0.986
0.974
0.961
0.948
0.934
0.919
0.904
0.889
0.873
0.857
0.841
0.824
0.807
0.79
0.773
0.756
0.739
0.722
0.705
0.689
0.673
0.657
0.641
0.626
0.612
0.598
0.584
0.571
0.559
0.548
0.538
0.528
0.52
0.512
0.505
0.5
0.496
0.493
0.49
0.489
0.489
0.49
0.492
0.495
0.498
0.503
0.508
0.514
0.52
0.527
0.535
0.544
0.552
0.562
0.572
0.582
0.592
0.603
0.614
0.626
0.638
0.649
0.661
0.673
0.685
0.697
0.71
0.722
0.733
0.745
0.757
0.768
0.779
0.79
0.8
0.81
0.82
0.829
0.838
0.846
0.854
0.862
0.869
0.876
0.883
0.889
0.895
0.901
0.906
0.911
0.915
0.919
0.923
0.927
0.93
0.933
0.936
0.938
0.94
0.942
0.943
0.944
0.945
0.945
0.946
0.946
0.945
0.945
0.944
0.943
0.941
0.939
0.937
0.935
0.933
0.93
0.927
0.924
0.92
0.917
0.913
0.909
0.904
0.9
0.895
0.89
0.885
0.88
0.874
0.868
0.862
0.856
0.85
0.843
0.836
0.829
0.822
0.815
0.808
0.8
0.792
0.784
0.776
0.768
0.76
0.752
0.743
0.735
0.726
0.718
0.709
0.7
0.692
0.683
0.675
0.666
0.658
0.649
0.641
0.633
0.625
0.617
0.609
0.601
0.594
0.586
0.579
0.572
0.566
0.559
0.553
0.547
0.541
0.536
0.531
0.526
0.521
0.517
0.513
0.51
0.507
0.504
0.502
0.5
0.499
0.498
0.497
0.497
0.498
0.499
0.5
0.502
0.504
0.507
0.51
0.513
0.517
0.52
0.524
0.527
0.53
0.532
0.534
0.536
0.537
0.538
0.538
0.537
0.535
0.532
0.528
0.523
0.517
0.509
0.5
0.49
0.478
0.465
0.451
0.436
0.421
0.405
0.389
0.373
0.357
0.342
0.327
0.312
0.298
0.286
0.274
0.264
0.255
0.248
0.243
0.24
0.239
0.241
0.245
0.252
0.261
0.274
0.29
0.31
0.333
0.36
0.39
0.423
0.457
0.493
0.529
0.565
0.601
0.635
0.667
0.696
0.723
0.747
0.768
0.788
0.805
0.82
0.832
0.843
0.852
0.859
0.864
0.868
0.87
0.87
0.87
0.867
0.864
0.86
0.854
0.848
0.84
0.832
0.823
0.814
0.804
0.794
0.783
0.772
0.761
0.75
0.739
0.728
0.717
0.706
0.695
0.684
0.674
0.663
0.653
0.643
0.633
0.623
0.614
0.605
0.596
0.587
0.579
0.571
0.563
0.556
0.549
0.542
0.536
0.53
0.525
0.52
0.515
0.511
0.508
0.505
0.503
0.501
0.5
0.499
0.499
0.5
0.501
0.503
0.506
0.509
0.512
0.516
0.52
0.525
0.53
0.535
0.54
0.546
0.552
0.557
0.563
0.569
0.575
0.58
0.586
0.591
0.596
0.601
0.606
0.61
0.613
0.617
0.62
0.622
0.624
0.625
0.625
0.625
0.624
0.622
0.619
0.616
0.611
0.606
0.599
0.592
0.583
0.574
0.563
0.551
0.539
0.526
0.512
0.498
0.483
0.468
0.453
0.438
0.423
0.408
0.394
0.38
0.366
0.353
0.341
0.33
0.32
0.311
0.302
0.296
0.29
0.287
0.285
0.284
0.286
0.289
0.294
0.301
0.31
0.32
0.332
0.345
0.359
0.374
0.39
0.407
0.424
0.442
0.461
0.48
0.499
0.518
0.538
0.557
0.576
0.595
0.613
0.631
0.648
0.664
0.679
0.693
0.707
0.718
0.729
0.738
0.745
0.751
0.755
0.757
0.757
0.755
0.75
0.743
0.734
0.722
0.709
0.694
0.677
0.659
0.639
0.618
0.596
0.573
0.549
0.524
0.499
0.474
0.448
0.422
0.396
0.371
0.345
0.32
0.296
0.273
0.25
0.229
0.209
0.19
0.172
0.156
0.142
0.13
0.12
0.112
0.107
0.104
0.103
0.106
0.111
0.119
0.131
0.145
0.161
0.179
0.2
0.222
0.246
0.271
0.298
0.325
0.353
0.381
0.41
0.439
0.468
0.496
0.524
0.551
0.577
0.602
0.625
0.647
0.667
0.685
0.7
0.714
0.726
0.737
0.745
0.752
0.758
0.761
0.764
0.765
0.765
0.763
0.761
0.757
0.753
0.747
0.741
0.734
0.726
0.717
0.708
0.699
0.689
0.679
0.668
0.658
0.647
0.636
0.625
0.614
0.603
0.593
0.582
0.572
0.562
0.551
0.541
0.531
0.521
0.511
0.502
0.492
0.483
0.473
0.464
0.455
0.446
0.437
0.428
0.419
0.41
0.402
0.393
0.385
0.377
0.369
0.361
0.353
0.345
0.338
0.33
0.323
0.316
0.309
0.302
0.295
0.289
0.282
0.276
0.27
0.263
0.257
0.252
0.246
0.24
0.235
0.23
0.225
0.22
0.215
0.21
0.206
0.201
0.197
0.193
0.189
0.186
0.182
0.179
0.175
0.172
0.169
0.167
0.164
0.162
0.159
0.157
0.155
0.154
0.152
0.151
0.149
0.148
0.147
0.147
0.146
0.146
0.146
0.146
0.146
0.146
0.147
0.148
0.149
0.15
0.151
0.153
0.154
0.156
0.158
0.161
0.163
0.166
0.169
0.172
0.175
0.179
0.182
0.186
0.19
0.195
0.199
0.204
0.209
0.214
0.22
0.225
0.231
0.237
0.244
0.25
0.257
0.264
0.271
0.278
0.286
0.293
0.301
0.309
0.317
0.326
0.334
0.343
0.352
0.36
0.369
0.378
0.388
0.397
0.406
0.415
0.425
0.434
0.444
0.453
0.463
0.472
0.482
0.492
0.501
0.511
0.52
0.53
0.539
0.548
0.558
0.567
0.576
0.585
0.594
0.603
0.612
0.621
0.629
0.637
0.646
0.654
0.662
0.67
0.677
0.685
0.692
0.699
0.706
0.712
0.719
0.725
0.731
0.736
0.742
0.747
0.752
0.756
0.76
0.764
0.768
0.771
0.774
0.777
0.779
0.781
0.783
0.784
0.785
0.786
0.786
0.785
0.785
0.784
0.782
0.78
0.778
0.775
0.771
0.768
0.763
0.759
0.753
0.748
0.741
0.735
0.727
0.719
0.711
0.702
0.693
0.684
0.674
0.663
0.653
0.642
0.631
0.62
0.609
0.598
0.587
0.575
0.564
0.553
0.542
0.531
0.521
0.51
0.5
0.49
0.481
0.471
0.462
0.454
0.445
0.437
0.429
0.422
0.415
0.408
0.401
0.394
0.388
0.382
0.376
0.37
0.365
0.36
0.355
0.35
0.345
0.341
0.336
0.332
0.328
0.325
0.321
0.318
0.314
0.311
0.308
0.305
0.302
0.3
0.297
0.295
0.292
0.29
0.288
0.286
0.284
0.282
0.28
0.278
0.277
0.275
0.273
0.272
0.27
0.268
0.267
0.265
0.264
0.262
0.261
0.259
0.258
0.256
0.255
0.253
0.251
0.25
0.248
0.246
0.244
0.242
0.24
0.238
0.236
0.234
0.231
0.229
0.226
0.224
0.221
0.218
0.215
0.212
0.209
0.205
0.202
0.198
0.194
0.19
0.186
0.181
0.176
0.172
0.167
0.161
0.156
0.151
0.145
0.14
0.135
0.13
0.126
0.122
0.118
0.115
0.112
0.11
0.109
0.109
0.11
0.111
0.114
0.118
0.123
0.13
0.137
0.146
0.157
0.169
0.183
0.199
0.216
0.236
0.257
0.28
0.306
0.333
0.363
0.395
0.428
0.462
0.497
0.532
0.567
0.601
0.635
0.667
0.697
0.726
0.753
0.778
0.802
0.825
0.845
0.865
0.882
0.899
0.914
0.927
0.939
0.95
0.96
0.969
0.976
0.982
0.987
0.991
0.993
0.995
0.996
0.996
0.994
0.992
0.989
0.986
0.981
0.976
0.969
0.963
0.955
0.947
0.938
0.929
0.919
0.909
0.898
0.887
0.875
0.863
0.851
0.838
0.825
0.812
0.798
0.785
0.771
0.757
0.744
0.73
0.716
0.703
0.689
0.676
0.662
0.649
0.637
0.624
0.612
0.6
0.589
0.578
0.567
0.557
0.548
0.539
0.531
0.523
0.516
0.51
0.505
0.5
0.496
0.493
0.491
0.49
0.489
0.489
0.49
0.492
0.494
0.497
0.501
0.505
0.51
0.515
0.521
0.528
0.535
0.542
0.551
0.559
0.568
0.578
0.588
0.598
0.609
0.62
0.631
0.643
0.655
0.668
0.68
0.693
0.706
0.72
0.733
0.747
0.761
0.775
0.789
0.803
0.817
0.832
0.846
0.861
0.875
0.889
0.904
0.918
0.932
0.947
0.961
0.975
0.988
1.002
1.015
1.028
1.041
1.054
1.066
1.078
1.09
1.101
1.112
1.122
1.132
1.142
1.151
1.16
1.168
1.175
1.182
1.189
1.195
1.2
1.204
1.208
1.212
1.214
1.216
1.217
1.217
1.216
1.215
1.213
1.21
1.206
1.201
1.195
1.188
1.18
1.172
1.162
1.151
1.139
1.126
1.112
1.097
1.08
1.063
1.044
1.024
1.003
0.981
0.957
0.932
0.905
0.878
0.849
0.818
0.786
0.753
0.719
0.684
0.649
0.613
0.576
0.54
0.504
0.468
0.432
0.397
0.363
0.331
0.299
0.269
0.24
0.214
0.189
0.167
0.147
0.129
0.113
0.1
0.089
0.08
0.072
0.067
0.063
0.062
0.061
0.063
0.066
0.07
0.075
0.082
0.09
0.1
0.11
0.121
0.133
0.146
0.159
0.173
0.188
0.203
0.219
0.235
0.252
0.268
0.285
0.301
0.318
0.335
0.351
0.367
0.383
0.398
0.413
0.427
0.441
0.454
0.466
0.477
0.487
0.497
0.505
0.512
0.517
0.522
0.525
0.526
0.526
0.525
0.521
0.516
0.509
0.5
0.489
0.476
0.462
0.447
0.431
0.415
0.398
0.381
0.365
0.349
0.334
0.321
0.309
0.298
0.29
0.285
0.282
0.282
0.286
0.293
0.303
0.317
0.333
0.352
0.373
0.396
0.421
0.448
0.476
0.505
0.535
0.565
0.595
0.626
0.656
0.685
0.714
0.742
0.769
0.795
0.819
0.843
0.866
0.888
0.908
0.928
0.947
0.965
0.982
0.999
1.014
1.029
1.042
1.055
1.068
1.079
1.089
1.099
1.108
1.117
1.124
1.131
1.137
1.143
1.148
1.152
1.156
1.159
1.161
1.163
1.165
1.165
1.166
1.165
1.165
1.163
1.161
1.159
1.157
1.154
1.15
1.146
1.142
1.137
1.132
1.127
1.121
1.115
1.109
1.103
1.096
1.089
1.081
1.074
1.066
1.058
1.05
1.042
1.034
1.025
1.017
1.008
0.999
0.99
0.981
0.972
0.963
0.954
0.945
0.936
0.927
0.919
0.91
0.901
0.892
0.884
0.876
0.867
0.859
0.851
0.843
0.836
0.829
0.821
0.815
0.808
0.802
0.796
0.79
0.785
0.779
0.775
0.77
0.766
0.763
0.76
0.757
0.755
0.753
0.751
0.75
0.75
0.75
0.751
0.752
0.753
0.755
0.758
0.761
0.764
0.768
0.772
0.776
0.781
0.786
0.791
0.797
0.803
0.81
0.816
0.823
0.83
0.837
0.845
0.852
0.86
0.868
0.876
0.884
0.893
0.901
0.91
0.918
0.927
0.935
0.944
0.953
0.961
0.97
0.979
0.987
0.996
1.004
1.012
1.021
1.029
1.037
1.044
1.052
1.059
1.066
1.073
1.08
1.086
1.093
1.099
1.104
1.11
1.114
1.119
1.123
1.127
1.131
1.134
1.137
1.139
1.141
1.142
1.143
1.144
1.143
1.143
1.142
1.14
1.138
1.135
1.132
1.127
1.123
1.117
1.112
1.105
1.098
1.09
1.081
1.071
1.061
1.05
1.038
1.026
1.013
0.998
0.983
0.968
0.951
0.933
0.915
0.895
0.875
0.854
0.832
0.809
0.785
0.761
0.736
0.711
0.685
0.659
0.633
0.606
0.58
0.553
0.527
0.5
0.474
0.448
0.423
0.398
0.373
0.349
0.326
0.303
0.282
0.261
0.241
0.222
0.205
0.188
0.173
0.158
0.145
0.133
0.122
0.112
0.103
0.095
0.089
0.083
0.079
0.076
0.073
0.072
0.072
0.073
0.075
0.078
0.082
0.087
0.093
0.101
0.109
0.118
0.129
0.14
0.153
0.166
0.181
0.196
0.213
0.23
0.249
0.269
0.289
0.311
0.333
0.357
0.381
0.406
0.432
0.458
0.485
0.511
0.538
0.564
0.591
0.617
0.642
0.667
0.691
0.714
0.736
0.758
0.779
0.799
0.818
0.836
0.854
0.871
0.888
0.904
0.919
0.933
0.946
0.959
0.972
0.983
0.994
1.005
1.014
1.023
1.032
1.04
1.047
1.054
1.06
1.065
1.07
1.075
1.079
1.082
1.085
1.087
1.089
1.09
1.091
1.091
1.091
1.09
1.089
1.087
1.085
1.082
1.08
1.076
1.072
1.068
1.064
1.059
1.053
1.047
1.041
1.035
1.028
1.021
1.013
1.006
0.998
0.989
0.98
0.971
0.962
0.953
0.943
0.933
0.922
0.912
0.901
0.89
0.879
0.867
0.855
0.844
0.832
0.819
0.807
0.795
0.782
0.769
0.756
0.743
0.73
0.717
0.703
0.69
0.676
0.663
0.649
0.635
0.621
0.607
0.594
0.58
0.566
0.552
0.538
0.524
0.51
0.496
0.482
0.469
0.455
0.441
0.428
0.414
0.401
0.387
0.374
0.361
0.348
0.335
0.322
0.31
0.297
0.285
0.273
0.261
0.249
0.238
0.226
0.215
0.204
0.194
0.183
0.173
0.163
0.153
0.144
0.135
0.126
0.117
0.109
0.101
0.093
0.086
0.079
0.072
0.066
0.06
0.054
0.049
0.044
0.04
0.036
0.032
0.029
0.026
0.024
0.022
0.021
0.02
0.019
0.019
0.02
0.021
0.022
0.024
0.027
0.03
0.033
0.037
0.042
0.047
0.053
0.059
0.066
0.074
0.082
0.091
0.1
0.11
0.121
0.132
0.143
0.156
0.168
0.181
0.195
0.209
0.223
0.237
0.252
0.267
0.282
0.298
0.313
0.329
0.345
0.36
0.376
0.392
0.408
0.423
0.439
0.454
0.47
0.485
0.499
0.514
0.528
0.542
0.555
0.569
0.581
0.593
0.605
0.616
0.627
0.637
0.646
0.655
0.663
0.67
0.677
0.683
0.688
0.692
0.695
0.697
0.699
0.699
0.698
0.697
0.694
0.69
0.685
0.679
0.671
0.663
0.653
0.642
0.629
0.615
0.6
0.584
0.566
0.547
0.528
0.508
0.487
0.465
0.444
0.422
0.4
0.378
0.357
0.335
0.314
0.294
0.275
0.256
0.239
0.222
0.207
0.193
0.181
0.17
0.161
0.154
0.15
0.147
0.147
0.149
0.154
0.161
0.171
0.184
0.198
0.215
0.234
0.254
0.276
0.299
0.323
0.348
0.374
0.401
0.428
0.455
0.483
0.51
0.537
0.564
0.59
0.615
0.64
0.663
0.686
0.707
0.727
0.746
0.763
0.779
0.794
0.807
0.819
0.829
0.838
0.845
0.85
0.853
0.854
0.853
0.851
0.846
0.839
0.831
0.82
0.808
0.794
0.778
0.762
0.744
0.725
0.705
0.684
0.663
0.641
0.618
0.596
0.573
0.55
0.527
0.505
0.482
0.461
0.44
0.419
0.4
0.381
0.364
0.348
0.333
0.32
0.309
0.299
0.291
0.286
0.282
0.281
0.281
0.284
0.288
0.294
0.302
0.311
0.321
0.333
0.346
0.361
0.376
0.392
0.41
0.428
0.447
0.466
0.486
0.506
0.527
0.548
0.569
0.59
0.611
0.632
0.652
0.673
0.693
0.712
0.731
0.749
0.766
0.783
0.798
0.813
0.826
0.838
0.849
0.858
0.866
0.872
0.876
0.879
0.88
0.878
0.875
0.87
0.862
0.853
0.842
0.829
0.815
0.799
0.783
0.766
0.747
0.728
0.709
0.689
0.669
0.649
0.629
0.61
0.59
0.571
0.553
0.536
0.519
0.503
0.488
0.473
0.459
0.445
0.432
0.42
0.408
0.397
0.387
0.377
0.367
0.358
0.35
0.342
0.335
0.328
0.322
0.316
0.31
0.305
0.301
0.297
0.293
0.29
0.287
0.285
0.283
0.282
0.28
0.279
0.279
0.279
0.279
0.279
0.28
0.281
0.283
0.284
0.286
0.288
0.291
0.294
0.297
0.3
0.303
0.306
0.31
0.314
0.318
0.322
0.327
0.331
0.336
0.341
0.345
0.35
0.355
0.361
0.366
0.371
0.376
0.382
0.387
0.392
0.398
0.403
0.408
0.414
0.419
0.424
0.429
0.434
0.439
0.444
0.449
0.454
0.459
0.463
0.468
0.472
0.476
0.481
0.485
0.489
0.493
0.497
0.5
0.504
0.508
0.511
0.515
0.518
0.521
0.524
0.527
0.53
0.533
0.536
0.539
0.542
0.544
0.547
0.549
0.552
0.554
0.557
0.559
0.561
0.563
0.565
0.567
0.569
0.571
0.572
0.574
0.576
0.577
0.579
0.58
0.582
0.583
0.584
0.585
0.587
0.588
0.589
0.59
0.591
0.592
0.593
0.593
0.594
0.595
0.596
0.596
0.597
0.597
0.598
0.598
0.599
0.599
0.599
0.6
0.6
0.6
0.6
0.601
0.601
0.601
0.601
0.601
0.601
0.601
0.601
0.601
0.6
0.6
0.6
0.6
0.6
0.599
0.599
0.599
0.598
0.598
0.597
0.597
0.596
0.596
0.595
0.595
0.594
0.593
0.593
0.592
0.591
0.591
0.59
0.589
0.588
0.587
0.587
0.586
0.585
0.584
0.583
0.582
0.581
0.58
0.579
0.578
0.577
0.576
0.575
0.574
0.573
0.571
0.57
0.569
0.568
0.567
0.566
0.564
0.563
0.562
0.561
0.559
0.558
0.557
0.555
0.554
0.553
0.552
0.55
0.549
0.547
0.546
0.545
0.543
0.542
0.541
0.539
0.538
0.536
0.535
0.533
0.532
0.531
0.529
0.528
0.526
0.525
0.523
0.522
0.52
0.519
0.517
0.516
0.515
0.513
0.512
0.51
0.509
0.507
0.506
0.504
0.503
0.501
0.5
0.499
0.497
0.496
0.494
0.493
0.492
0.491
0.49
0.489
0.488
0.488
0.487
0.487
0.487
0.487
0.487
0.488
0.489
0.49
0.491
0.493
0.495
0.497
0.5
0.503
0.506
0.51
0.514
0.518
0.523
0.528
0.533
0.538
0.543
0.549
0.555
0.561
0.568
0.574
0.581
0.588
0.594
0.601
0.609
0.616
0.623
0.63
0.638
0.645
0.652
0.66
0.667
0.675
0.682
0.689
0.696
0.704
0.711
0.718
0.724
0.731
0.738
0.744
0.75
0.756
0.762
0.768
0.773
0.778
0.783
0.788
0.792
0.796
0.8
0.803
0.807
0.809
0.812
0.814
0.816
0.818
0.819
0.821
0.822
0.822
0.823
0.823
0.823
0.823
0.823
0.822
0.822
0.821
0.82
0.819
0.818
0.816
0.815
0.813
0.812
0.81
0.808
0.806
0.804
0.802
0.8
0.798
0.796
0.793
0.791
0.789
0.787
0.784
0.782
0.779
0.777
0.774
0.772
0.769
0.767
0.764
0.761
0.758
0.756
0.753
0.75
0.747
0.744
0.741
0.738
0.735
0.732
0.729
0.726
0.722
0.719
0.716
0.712
0.709
0.706
0.702
0.699
0.695
0.692
0.688
0.685
0.681
0.677
0.673
0.67
0.666
0.662
0.658
0.654
0.65
0.646
0.642
0.638
0.634
0.63
0.626
0.622
0.617
0.613
0.609
0.604
0.6
0.596
0.591
0.586
0.582
0.577
0.572
0.566
0.56
0.554
0.548
0.541
0.534
0.526
0.518
0.509
0.5
0.49
0.48
0.468
0.457
0.445
0.432
0.42
0.407
0.393
0.38
0.366
0.352
0.338
0.323
0.309
0.295
0.281
0.267
0.253
0.239
0.225
0.212
0.199
0.186
0.174
0.162
0.151
0.14
0.13
0.12
0.111
0.102
0.094
0.087
0.081
0.076
0.071
0.068
0.065
0.064
0.063
0.064
0.066
0.068
0.073
0.078
0.085
0.093
0.102
0.113
0.125
0.139
0.154
0.17
0.188
0.207
0.226
0.247
0.268
0.29
0.313
0.336
0.359
0.383
0.406
0.43
0.454
0.477
0.5
0.523
0.545
0.566
0.587
0.607
0.627
0.645
0.662
0.678
0.693
0.706
0.718
0.729
0.738
0.745
0.75
0.753
0.755
0.755
0.753
0.75
0.745
0.738
0.731
0.722
0.712
0.702
0.69
0.677
0.664
0.65
0.636
0.621
0.605
0.589
0.574
0.558
0.542
0.526
0.51
0.494
0.479
0.464
0.45
0.436
0.423
0.411
0.4
0.39
0.38
0.372
0.364
0.358
0.352
0.347
0.342
0.339
0.336
0.334
0.333
0.332
0.332
0.332
0.333
0.335
0.337
0.34
0.343
0.347
0.351
0.355
0.36
0.365
0.371
0.376
0.382
0.389
0.395
0.402
0.409
0.415
0.423
0.43
0.437
0.444
0.451
0.459
0.466
0.473
0.48
0.487
0.493
0.5
0.506
0.512
0.518
0.524
0.53
0.535
0.54
0.545
0.55
0.555
0.559
0.563
0.567
0.571
0.575
0.579
0.582
0.585
0.588
0.591
0.594
0.596
0.599
0.601
0.603
0.605
0.607
0.608
0.61
0.611
0.612
0.613
0.614
0.615
0.616
0.616
0.617
0.617
0.617
0.617
0.617
0.617
0.616
0.616
0.615
0.615
0.614
0.613
0.612
0.611
0.61
0.608
0.607
0.605
0.604
0.602
0.6
0.598
0.596
0.594
0.592
0.59
0.588
0.585
0.583
0.58
0.578
0.575
0.573
0.57
0.567
0.564
0.561
0.558
0.555
0.552
0.549
0.546
0.542
0.539
0.536
0.532
0.529
0.526
0.522
0.519
0.515
0.512
0.508
0.504
0.501
0.497
0.494
0.49
0.486
0.482
0.479
0.475
0.471
0.468
0.464
0.46
0.457
0.453
0.449
0.445
0.442
0.438
0.435
0.431
0.427
0.424
0.42
0.417
0.413
0.41
0.406
0.403
0.4
0.396
0.393
0.39
0.386
0.383
0.38
0.377
0.374
0.371
0.368
0.366
0.363
0.36
0.357
0.355
0.352
0.35
0.348
0.345
0.343
0.341
0.339
0.337
0.335
0.333
0.332
0.33
0.329
0.327
0.326
0.325
0.324
0.323
0.322
0.321
0.32
0.32
0.319
0.319
0.319
0.319
0.319
0.319
0.319
0.32
0.32
0.321
0.322
0.323
0.324
0.325
0.326
0.328
0.33
0.331
0.333
0.335
0.338
0.34
0.343
0.345
0.348
0.351
0.354
0.357
0.361
0.364
0.367
0.371
0.374
0.378
0.382
0.385
0.389
0.393
0.397
0.401
0.405
0.409
0.413
0.417
0.421
0.425
0.429
0.433
0.437
0.441
0.444
0.448
0.452
0.456
0.459
0.463
0.467
0.47
0.473
0.477
0.48
0.483
0.486
0.489
0.491
0.494
0.497
0.499
0.501
0.503
0.505
0.507
0.508
0.51
0.511
0.512
0.513
0.513
0.514
0.514
0.514
0.514
0.513
0.512
0.511
0.51
0.509
0.507
0.505
0.503
0.5
0.497
0.494
0.491
0.487
0.483
0.479
0.474
0.469
0.464
0.458
0.452
0.446
0.439
0.432
0.425
0.417
0.409
0.4
0.391
0.382
0.372
0.362
0.351
0.341
0.33
0.319
0.307
0.296
0.284
0.272
0.259
0.247
0.235
0.222
0.209
0.197
0.184
0.171
0.158
0.146
0.133
0.12
0.108
0.095
0.083
0.07
0.058
0.046
0.035
0.023
0.012
0.001
-0.01
-0.02
-0.031
-0.04
-0.05
-0.059
-0.068
-0.076
-0.084
-0.092
-0.099
-0.105
-0.111
-0.117
-0.121
-0.126
-0.13
-0.133
-0.135
-0.137
-0.139
-0.139
-0.139
-0.138
-0.137
-0.134
-0.131
-0.127
-0.122
-0.117
-0.11
-0.103
-0.095
-0.086
-0.076
-0.065
-0.053
-0.04
-0.026
-0.011
0.005
0.022
0.041
0.06
0.081
0.102
0.125
0.149
0.174
0.2
0.226
0.253
0.281
0.309
0.336
0.364
0.391
0.418
0.444
0.47
0.494
0.517
0.539
0.56
0.579
0.596
0.612
0.625
0.636
0.645
0.652
0.657
0.66
0.661
0.661
0.66
0.657
0.653
0.647
0.641
0.634
0.626
0.618
0.609
0.6
0.59
0.58
0.57
0.561
0.551
0.542
0.533
0.524
0.516
0.51
0.503
0.498
0.494
0.491
0.49
0.49
0.492
0.495
0.5
0.507
0.516
0.526
0.537
0.549
0.562
0.575
0.588
0.602
0.615
0.627
0.639
0.65
0.659
0.667
0.673
0.677
0.679
0.68
0.68
0.678
0.675
0.671
0.665
0.658
0.651
0.642
0.633
0.623
0.612
0.601
0.589
0.577
0.564
0.552
0.539
0.526
0.513
0.5
0.487
0.475
0.462
0.45
0.438
0.426
0.415
0.403
0.392
0.381
0.37
0.359
0.349
0.338
0.328
0.318
0.309
0.299
0.29
0.28
0.272
0.263
0.254
0.246
0.238
0.23
0.222
0.215
0.207
0.2
0.194
0.187
0.181
0.174
0.168
0.162
0.157
0.151
0.146
0.141
0.136
0.132
0.127
0.123
0.119
0.115
0.111
0.108
0.105
0.101
0.098
0.096
0.093
0.091
0.088
0.086
0.084
0.083
0.081
0.08
0.078
0.077
0.077
0.076
0.075
0.075
0.075
0.074
0.074
0.075
0.075
0.076
0.076
0.077
0.078
0.079
0.08
0.082
0.083
0.085
0.087
0.089
0.091
0.093
0.095
0.098
0.1
0.103
0.106
0.109
0.112
0.115
0.118
0.122
0.125
0.129
0.133
0.137
0.141
0.145
0.149
0.153
0.158
0.163
0.167
0.172
0.177
0.182
0.187
0.192
0.197
0.203
0.208
0.214
0.219
0.225
0.231
0.237
0.242
0.249
0.255
0.261
0.267
0.273
0.28
0.286
0.293
0.3
0.306
0.313
0.32
0.327
0.334
0.341
0.348
0.355
0.362
0.37
0.377
0.384
0.392
0.399
0.407
0.414
0.422
0.429
0.437
0.445
0.453
0.46
0.468
0.476
0.484
0.492
0.5
0.508
0.516
0.524
0.532
0.54
0.548
0.556
0.564
0.572
0.58
0.588
0.596
0.604
0.611
0.619
0.627
0.634
0.642
0.649
0.656
0.663
0.67
0.677
0.683
0.69
0.696
0.702
0.708
0.714
0.72
0.725
0.73
0.735
0.74
0.744
0.748
0.751
0.753
0.755
0.757
0.758
0.758
0.757
0.756
0.753
0.75
0.746
0.741
0.735
0.728
0.72
0.711
0.701
0.689
0.677
0.663
0.647
0.63
0.612
0.593
0.571
0.549
0.525
0.5
0.474
0.447
0.42
0.393
0.366
0.339
0.312
0.287
0.262
0.238
0.215
0.195
0.175
0.158
0.144
0.131
0.122
0.115
0.111
0.111
0.114
0.121
0.131
0.143
0.158
0.176
0.195
0.217
0.24
0.265
0.29
0.317
0.344
0.372
0.399
0.427
0.454
0.481
0.507
0.532
0.556
0.578
0.598
0.618
0.636
0.652
0.668
0.682
0.696
0.708
0.72
0.731
0.742
0.751
0.761
0.769
0.778
0.786
0.794
0.801
0.809
0.816
0.822
0.829
0.835
0.841
0.847
0.853
0.858
0.863
0.868
0.872
0.877
0.881
0.884
0.888
0.892
0.895
0.898
0.901
0.903
0.906
0.908
0.91
0.912
0.913
0.915
0.916
0.917
0.918
0.919
0.92
0.92
0.92
0.92
0.92
0.92
0.92
0.919
0.919
0.918
0.917
0.916
0.915
0.914
0.913
0.911
0.909
0.908
0.906
0.904
0.902
0.9
0.898
0.896
0.893
0.891
0.888
0.886
0.883
0.88
0.878
0.875
0.872
0.869
0.866
0.863
0.86
0.856
0.853
0.85
0.847
0.844
0.84
0.837
0.834
0.83
0.827
0.824
0.82
0.817
0.814
0.81
0.807
0.803
0.8
0.797
0.794
0.79
0.787
0.784
0.781
0.778
0.775
0.772
0.769
0.766
0.763
0.76
0.757
0.755
0.752
0.749
0.747
0.744
0.741
0.739
0.736
0.734
0.732
0.729
0.727
0.725
0.722
0.72
0.718
0.716
0.714
0.712
0.71
0.708
0.706
0.704
0.702
0.7
0.698
0.697
0.695
0.693
0.691
0.69
0.688
0.687
0.685
0.683
0.682
0.68
0.679
0.678
0.676
0.675
0.673
0.672
0.671
0.67
0.668
0.667
0.666
0.665
0.664
0.663
0.661
0.66
0.659
0.658
0.657
0.656
0.655
0.654
0.654
0.653
0.652
0.651
0.65
0.649
0.648
0.648
0.647
0.646
0.645
0.645
0.644
0.643
0.643
0.642
0.641
0.641
0.64
0.64
0.639
0.638
0.638
0.637
0.637
0.636
0.636
0.635
0.635
0.634
0.634
0.634
0.633
0.633
0.632
0.632
0.631
0.631
0.631
0.63
0.63
0.63
0.629
0.629
0.628
0.628
0.628
0.627
0.627
0.627
0.626
0.626
0.626
0.625
0.625
0.625
0.624
0.624
0.624
0.624
0.623
0.623
0.623
0.622
0.622
0.622
0.621
0.621
0.621
0.62
0.62
0.62
0.619
0.619
0.618
0.618
0.618
0.617
0.617
0.617
0.616
0.616
0.615
0.615
0.614
0.614
0.614
0.613
0.613
0.612
0.612
0.611
0.611
0.61
0.609
0.609
0.608
0.608
0.607
0.606
0.606
0.605
0.605
0.604
0.603
0.602
0.602
0.601
0.6
0.599
0.599
0.598
0.597
0.596
0.595
0.594
0.593
0.592
0.591
0.59
0.589
0.588
0.587
0.586
0.585
0.584
0.583
0.582
0.581
0.579
0.578
0.577
0.575
0.574
0.573
0.571
0.57
0.569
0.567
0.566
0.564
0.563
0.561
0.559
0.558
0.556
0.554
0.552
0.551
0.549
0.547
0.545
0.543
0.541
0.539
0.536
0.534
0.532
0.53
0.527
0.525
0.522
0.52
0.517
0.514
0.512
0.509
0.506
0.503
0.5
0.497
0.494
0.491
0.487
0.484
0.481
0.477
0.474
0.47
0.467
0.463
0.459
0.455
0.452
0.448
0.444
0.44
0.436
0.432
0.428
0.424
0.42
0.416
0.412
0.408
0.404
0.4
0.396
0.392
0.388
0.384
0.379
0.375
0.371
0.367
0.363
0.359
0.355
0.35
0.346
0.342
0.338
0.334
0.33
0.326
0.321
0.317
0.313
0.309
0.305
0.301
0.297
0.293
0.289
0.285
0.281
0.277
0.273
0.269
0.265
0.261
0.257
0.253
0.249
0.245
0.241
0.237
0.234
0.23
0.226
0.222
0.219
0.215
0.211
0.208
0.204
0.201
0.197
0.194
0.191
0.188
0.185
0.182
0.179
0.177
0.174
0.172
0.17
0.168
0.166
0.165
0.163
0.162
0.161
0.161
0.16
0.16
0.16
0.16
0.161
0.162
0.163
0.165
0.167
0.169
0.171
0.174
0.177
0.181
0.184
0.188
0.192
0.197
0.202
0.207
0.212
0.217
0.223
0.229
0.235
0.242
0.248
0.255
0.262
0.269
0.276
0.284
0.291
0.299
0.307
0.315
0.323
0.332
0.34
0.349
0.357
0.366
0.375
0.384
0.393
0.402
0.411
0.42
0.429
0.438
0.448
0.457
0.466
0.476
0.485
0.494
0.504
0.513
0.522
0.531
0.541
0.55
0.559
0.568
0.577
0.586
0.595
0.603
0.612
0.621
0.629
0.637
0.646
0.654
0.662
0.669
0.677
0.684
0.692
0.699
0.706
0.713
0.719
0.726
0.732
0.738
0.743
0.749
0.754
0.759
0.764
0.768
0.773
0.776
0.78
0.784
0.787
0.789
0.792
0.794
0.796
0.797
0.799
0.799
0.8
0.8
0.8
0.799
0.798
0.797
0.795
0.793
0.791
0.789
0.786
0.783
0.779
0.776
0.772
0.768
0.763
0.759
0.754
0.749
0.744
0.738
0.733
0.727
0.721
0.715
0.709
0.703
0.696
0.69
0.683
0.676
0.67
0.663
0.656
0.649
0.642
0.635
0.628
0.62
0.613
0.606
0.599
0.592
0.585
0.578
0.571
0.564
0.557
0.55
0.544
0.537
0.531
0.524
0.518
0.512
0.506
0.5
0.494
0.489
0.484
0.478
0.473
0.468
0.464
0.459
0.455
0.451
0.447
0.443
0.439
0.435
0.432
0.428
0.425
0.422
0.419
0.417
0.414
0.412
0.409
0.407
0.405
0.404
0.402
0.4
0.399
0.398
0.396
0.396
0.395
0.394
0.393
0.393
0.393
0.393
0.393
0.393
0.393
0.393
0.394
0.394
0.395
0.396
0.397
0.398
0.4
0.401
0.403
0.404
0.406
0.408
0.41
0.412
0.415
0.417
0.42
0.422
0.425
0.428
0.431
0.434
0.437
0.441
0.444
0.448
0.452
0.455
0.459
0.463
0.468
0.472
0.476
0.481
0.485
0.49
0.495
0.5
0.505
0.51
0.515
0.521
0.526
0.532
0.537
0.543
0.549
0.554
0.56
0.566
0.572
0.578
0.584
0.59
0.596
0.603
0.609
0.615
0.621
0.627
0.633
0.64
0.646
0.652
0.658
0.664
0.67
0.676
0.682
0.688
0.694
0.7
0.706
0.712
0.717
0.723
0.729
0.734
0.739
0.745
0.75
0.755
0.76
0.765
0.77
0.775
0.779
0.784
0.788
0.792
0.797
0.801
0.805
0.809
0.812
0.816
0.82
0.823
0.827
0.83
0.833
0.836
0.839
0.842
0.845
0.847
0.85
0.852
0.855
0.857
0.859
0.861
0.863
0.865
0.866
0.868
0.869
0.871
0.872
0.873
0.874
0.875
0.876
0.876
0.877
0.878
0.878
0.878
0.878
0.878
0.878
0.878
0.878
0.878
0.877
0.877
0.876
0.875
0.875
0.874
0.873
0.872
0.87
0.869
0.868
0.867
0.865
0.864
0.862
0.86
0.858
0.857
0.855
0.853
0.851
0.848
0.846
0.844
0.842
0.839
0.837
0.834
0.832
0.829
0.827
0.824
0.821
0.818
0.815
0.812
0.809
0.806
0.803
0.8
0.797
0.794
0.791
0.787
0.784
0.781
0.777
0.774
0.771
0.767
0.764
0.76
0.757
0.753
0.749
0.746
0.742
0.739
0.735
0.731
0.728
0.724
0.72
0.716
0.713
0.709
0.705
0.701
0.698
0.694
0.69
0.686
0.682
0.679
0.675
0.671
0.667
0.664
0.66
0.656
0.652
0.649
0.645
0.641
0.638
0.634
0.63
0.627
0.623
0.62
0.616
0.613
0.609
0.606
0.602
0.599
0.596
0.592
0.589
0.586
0.583
0.579
0.576
0.573
0.57
0.567
0.564
0.561
0.558
0.556
0.553
0.55
0.548
0.545
0.542
0.54
0.538
0.535
0.533
0.531
0.529
0.526
0.524
0.522
0.521
0.519
0.517
0.515
0.514
0.512
0.511
0.51
0.508
0.507
0.506
0.505
0.504
0.503
0.502
0.502
0.501
0.501
0.5
0.5
0.5
0.5
0.5
0.5
0.5
0.5
0.5
0.501
0.501
0.501
0.502
0.502
0.503
0.503
0.503
0.504
0.504
0.505
0.505
0.505
0.506
0.506
0.506
0.506
0.506
0.506
0.506
0.506
0.505
0.505
0.505
0.504
0.503
0.502
0.501
0.5
0.499
0.497
0.496
0.494
0.492
0.491
0.489
0.487
0.486
0.484
0.483
0.482
0.481
0.48
0.479
0.479
0.479
0.479
0.48
0.481
0.482
0.484
0.486
0.489
0.492
0.496
0.5
0.505
0.51
0.516
0.523
0.53
0.537
0.545
0.553
0.561
0.57
0.579
0.588
0.597
0.607
0.616
0.626
0.636
0.645
0.655
0.665
0.674
0.684
0.693
0.702
0.711
0.719
0.727
0.735
0.743
0.75
0.757
0.763
0.769
0.774
0.779
0.784
0.788
0.792
0.796
0.799
0.802
0.804
0.806
0.808
0.809
0.81
0.811
0.811
0.811
0.811
0.81
0.81
0.808
0.807
0.805
0.804
0.801
0.799
0.796
0.793
0.79
0.787
0.783
0.78
0.776
0.771
0.767
0.763
0.758
0.753
0.748
0.743
0.737
0.732
0.726
0.721
0.715
0.709
0.703
0.697
0.69
0.684
0.678
0.671
0.665
0.658
0.651
0.645
0.638
0.631
0.624
0.617
0.611
0.604
0.597
0.59
0.583
0.577
0.57
0.563
0.557
0.55
0.543
0.537
0.531
0.524
0.518
0.512
0.506
0.5
0.494
0.488
0.483
0.477
0.472
0.467
0.462
0.457
0.452
0.447
0.442
0.438
0.433
0.429
0.424
0.42
0.416
0.412
0.408
0.405
0.401
0.397
0.394
0.391
0.387
0.384
0.381
0.378
0.375
0.372
0.37
0.367
0.364
0.362
0.36
0.357
0.355
0.353
0.351
0.349
0.347
0.346
0.344
0.342
0.341
0.339
0.338
0.337
0.336
0.334
0.333
0.332
0.332
0.331
0.33
0.329
0.329
0.328
0.328
0.328
0.327
0.327
0.327
0.327
0.327
0.327
0.327
0.327
0.327
0.328
0.328
0.328
0.329
0.329
0.33
0.331
0.331
0.332
0.333
0.334
0.335
0.336
0.337
0.338
0.339
0.34
0.342
0.343
0.344
0.346
0.347
0.349
0.35
0.352
0.354
0.355
0.357
0.359
0.361
0.362
0.364
0.366
0.368
0.37
0.372
0.374
0.376
0.379
0.381
0.383
0.385
0.388
0.39
0.392
0.395
0.397
0.4
0.402
0.404
0.407
0.41
0.412
0.415
0.417
0.42
0.423
0.425
0.428
0.431
0.433
0.436
0.439
0.442
0.445
0.447
0.45
0.453
0.456
0.459
0.462
0.465
0.468
0.47
0.473
0.476
0.479
0.482
0.485
0.488
0.491
0.494
0.497
0.5
0.503
0.506
0.509
0.512
0.515
0.518
0.521
0.524
0.527
0.53
0.533
0.536
0.539
0.542
0.545
0.548
0.551
0.554
0.557
0.56
0.563
0.566
0.569
0.572
0.575
0.578
0.581
0.584
0.587
0.59
0.593
0.596
0.599
0.602
0.606
0.609
0.612
0.615
0.618
0.621
0.624
0.627
0.631
0.634
0.637
0.64
0.643
0.646
0.65
0.653
0.656
0.659
0.662
0.666
0.669
0.672
0.675
0.679
0.682
0.685
0.688
0.692
0.695
0.698
0.702
0.705
0.708
0.712
0.715
0.719
0.722
0.725
0.729
0.732
0.736
0.739
0.743
0.746
0.75
0.753
0.757
0.76
0.764
0.767
0.771
0.774
0.778
0.782
0.785
0.789
0.793
0.796
0.8
0.804
0.807
0.811
0.815
0.819
0.822
0.826
0.83
0.834
0.837
0.841
0.845
0.849
0.852
0.856
0.86
0.863
0.867
0.871
0.874
0.878
0.881
0.885
0.888
0.892
0.895
0.899
0.902
0.905
0.908
0.912
0.915
0.918
0.921
0.924
0.927
0.93
0.933
0.935
0.938
0.941
0.943
0.946
0.948
0.951
0.953
0.955
0.957
0.959
0.961
0.963
0.965
0.966
0.968
0.97
0.971
0.972
0.973
0.975
0.976
0.976
0.977
0.978
0.979
0.979
0.979
0.98
0.98
0.98
0.979
0.979
0.979
0.978
0.978
0.977
0.976
0.975
0.974
0.972
0.971
0.969
0.967
0.965
0.963
0.961
0.958
0.956
0.953
0.95
0.947
0.944
0.941
0.937
0.933
0.929
0.925
0.921
0.917
0.912
0.907
0.902
0.897
0.892
0.886
0.88
0.874
0.868
0.862
0.855
0.848
0.841
0.834
0.827
0.819
0.811
0.803
0.795
0.786
0.778
0.769
0.76
0.75
0.741
0.731
0.721
0.711
0.701
0.69
0.679
0.669
0.658
0.647
0.635
0.624
0.613
0.601
0.589
0.578
0.566
0.554
0.542
0.53
0.518
0.506
0.493
0.481
0.469
0.456
0.444
0.432
0.419
0.407
0.395
0.382
0.37
0.358
0.346
0.333
0.321
0.309
0.297
0.285
0.273
0.262
0.25
0.238
0.227
0.216
0.205
0.194
0.183
0.172
0.161
0.151
0.14
0.13
0.12
0.111
0.101
0.092
0.083
0.074
0.065
0.057
0.049
0.041
0.033
0.025
0.018
0.011
0.005
-0.001
-0.007
-0.013
-0.019
-0.024
-0.028
-0.033
-0.037
-0.041
-0.044
-0.047
-0.05
-0.052
-0.054
-0.055
-0.056
-0.057
-0.057
-0.057
-0.057
-0.056
-0.054
-0.052
-0.05
-0.047
-0.044
-0.04
-0.036
-0.031
-0.026
-0.02
-0.014
-0.007
0.0
0.008
0.016
0.025
0.035
0.045
0.056
0.067
0.079
0.091
0.104
0.117
0.132
0.146
0.162
0.178
0.195
0.212
0.23
0.249
0.268
0.288
0.309
0.33
0.352
0.375
0.399
0.423
0.448
0.474
0.5
0.527
0.555
0.582
0.609
0.635
0.66
0.683
0.704
0.722
0.738
0.75
0.759
0.764
0.765
0.764
0.76
0.753
0.744
0.732
0.718
0.703
0.685
0.667
0.647
0.626
0.605
0.582
0.56
0.537
0.515
0.492
0.47
0.449
0.429
0.409
0.391
0.375
0.36
0.347
0.336
0.326
0.318
0.311
0.305
0.301
0.299
0.297
0.297
0.298
0.301
0.304
0.308
0.314
0.32
0.327
0.335
0.344
0.353
0.364
0.375
0.386
0.398
0.411
0.424
0.437
0.451
0.465
0.479
0.494
0.508
0.523
0.538
0.553
0.568
0.583
0.597
0.612
0.626
0.64
0.653
0.666
0.679
0.691
0.703
0.714
0.725
0.735
0.744
0.753
0.761
0.768
0.775
0.782
0.788
0.793
0.798
0.802
0.806
0.809
0.812
0.814
0.816
0.818
0.819
0.819
0.819
0.819
0.818
0.817
0.816
0.814
0.812
0.809
0.807
0.803
0.8
0.796
0.792
0.788
0.783
0.778
0.773
0.768
0.762
0.756
0.75
0.744
0.738
0.731
0.725
0.718
0.711
0.703
0.696
0.689
0.681
0.674
0.666
0.658
0.65
0.642
0.634
0.627
0.619
0.611
0.603
0.595
0.587
0.579
0.571
0.563
0.556
0.548
0.54
0.533
0.526
0.518
0.511
0.505
0.498
0.491
0.485
0.479
0.474
0.468
0.463
0.458
0.453
0.449
0.445
0.442
0.439
0.436
0.434
0.432
0.43
0.43
0.429
0.429
0.43
0.431
0.432
0.434
0.437
0.441
0.444
0.449
0.454
0.46
0.467
0.474
0.482
0.491
0.5
0.51
0.521
0.532
0.544
0.557
0.57
0.583
0.597
0.611
0.625
0.639
0.653
0.667
0.681
0.695
0.708
0.721
0.734
0.747
0.759
0.77
0.781
0.791
0.8
0.808
0.816
0.823
0.829
0.834
0.839
0.843
0.847
0.849
0.851
0.853
0.854
0.854
0.855
0.854
0.853
0.852
0.85
0.848
0.846
0.843
0.84
0.837
0.833
0.829
0.826
0.822
0.817
0.813
0.809
0.804
0.8
0.796
0.791
0.787
0.782
0.778
0.774
0.77
0.766
0.762
0.758
0.754
0.75
0.746
0.743
0.74
0.736
0.733
0.731
0.728
0.726
0.723
0.721
0.719
0.718
0.717
0.716
0.715
0.714
0.714
0.714
0.714
0.715
0.716
0.717
0.718
0.72
0.722
0.724
0.726
0.728
0.73
0.733
0.736
0.739
0.742
0.745
0.749
0.752
0.756
0.759
0.763
0.767
0.77
0.774
0.778
0.782
0.786
0.79
0.794
0.798
0.802
0.806
0.81
0.814
0.817
0.821
0.825
0.828
0.832
0.835
0.838
0.841
0.844
0.847
0.849
0.852
0.854
0.856
0.858
0.86
0.862
0.863
0.864
0.865
0.865
0.866
0.866
0.865
0.865
0.864
0.863
0.861
0.859
0.857
0.855
0.852
0.849
0.845
0.841
0.837
0.832
0.827
0.821
0.815
0.809
0.802
0.794
0.786
0.778
0.769
0.76
0.75
0.74
0.729
0.717
0.705
0.693
0.681
0.667
0.654
0.64
0.626
0.611
0.597
0.582
0.566
0.551
0.535
0.519
0.503
0.487
0.47
0.454
0.437
0.42
0.404
0.387
0.37
0.353
0.337
0.32
0.303
0.287
0.271
0.254
0.238
0.222
0.207
0.191
0.176
0.161
0.146
0.132
0.117
0.104
0.09
0.077
0.065
0.052
0.041
0.029
0.019
0.008
-0.002
-0.011
-0.019
-0.028
-0.035
-0.042
-0.048
-0.054
-0.058
-0.063
-0.066
-0.069
-0.071
-0.072
-0.072
-0.071
-0.07
-0.068
-0.065
-0.06
-0.055
-0.049
-0.042
-0.035
-0.026
-0.016
-0.004
0.008
0.021
0.035
0.051
0.067
0.085
0.104
0.125
0.146
0.169
0.193
0.218
0.245
0.273
0.303
0.333
0.365
0.399
0.433
0.467
0.502
0.536
0.57
0.604
0.636
0.667
0.696
0.723
0.749
0.773
0.796
0.817
0.837
0.855
0.872
0.887
0.901
0.914
0.925
0.936
0.945
0.953
0.96
0.966
0.971
0.975
0.978
0.98
0.981
0.981
0.981
0.98
0.978
0.975
0.972
0.968
0.964
0.959
0.954
0.948
0.942
0.935
0.929
0.921
0.914
0.907
0.899
0.891
0.883
0.875
0.867
0.859
0.851
0.843
0.835
0.827
0.819
0.811
0.803
0.795
0.787
0.778
0.77
0.762
0.754
0.746
0.738
0.73
0.722
0.714
0.706
0.698
0.69
0.682
0.674
0.666
0.658
0.65
0.642
0.634
0.626
0.618
0.611
0.603
0.595
0.587
0.579
0.572
0.564
0.556
0.549
0.541
0.533
0.526
0.518
0.511
0.503
0.496
0.488
0.481
0.474
0.466
0.459
0.452
0.445
0.437
0.43
0.423
0.416
0.409
0.402
0.395
0.389
0.382
0.375
0.368
0.362
0.355
0.349
0.342
0.336
0.329
0.323
0.317
0.311
0.305
0.299
0.293
0.287
0.281
0.275
0.269
0.264
0.258
0.252
0.247
0.242
0.236
0.231
0.226
0.221
0.216
0.211
0.206
0.201
0.197
0.192
0.187
0.183
0.179
0.174
0.17
0.166
0.162
0.158
0.154
0.15
0.147
0.143
0.14
0.136
0.133
0.13
0.127
0.124
0.121
0.118
0.115
0.113
0.11
0.108
0.105
0.103
0.101
0.099
0.097
0.096
0.094
0.092
0.091
0.09
0.088
0.087
0.086
0.085
0.085
0.084
0.084
0.083
0.083
0.083
0.082
0.082
0.082
0.083
0.083
0.083
0.084
0.084
0.085
0.086
0.086
0.087
0.088
0.089
0.091
0.092
0.093
0.095
0.096
0.098
0.099
0.101
0.103
0.105
0.107
0.109
0.111
0.113
0.116
0.118
0.12
0.123
0.125
0.128
0.131
0.134
0.136
0.139
0.142
0.145
0.148
0.151
0.155
0.158
0.161
0.164
0.168
0.171
0.175
0.178
0.182
0.186
0.189
0.193
0.197
0.201
0.205
0.209
0.212
0.216
0.221
0.225
0.229
0.233
0.237
0.241
0.245
0.25
0.254
0.258
0.263
0.267
0.272
0.276
0.28
0.285
0.289
0.294
0.299
0.303
0.308
0.312
0.317
0.322
0.326
0.331
0.335
0.34
0.345
0.35
0.354
0.359
0.364
0.368
0.373
0.378
0.383
0.387
0.392
0.397
0.401
0.406
0.411
0.415
0.42
0.425
0.429
0.434
0.439
0.443
0.448
0.453
0.457
0.462
0.466
0.471
0.475
0.48
0.484
0.489
0.493
0.498
0.502
0.506
0.51
0.515
0.519
0.523
0.527
0.532
0.536
0.54
0.544
0.548
0.552
0.556
0.559
0.563
0.567
0.571
0.575
0.578
0.582
0.585
0.589
0.592
0.596
0.599
0.602
0.606
0.609
0.612
0.615
0.618
0.621
0.624
0.627
0.629
0.632
0.635
0.637
0.64
0.642
0.644
0.647
0.649
0.651
0.653
0.655
0.657
0.659
0.66
0.662
0.664
0.665
0.667
0.668
0.669
0.67
0.671
0.672
0.673
0.674
0.674
0.674
0.675
0.674
0.674
0.674
0.673
0.672
0.671
0.67
0.668
0.666
0.664
0.661
0.658
0.655
0.652
0.648
0.644
0.64
0.635
0.63
0.624
0.618
0.612
0.605
0.598
0.59
0.582
0.573
0.564
0.555
0.545
0.534
0.523
0.512
0.5
0.487
0.475
0.461
0.448
0.434
0.42
0.407
0.393
0.38
0.367
0.355
0.343
0.332
0.322
0.312
0.304
0.297
0.291
0.286
0.282
0.28
0.279
0.279
0.281
0.283
0.287
0.291
0.296
0.302
0.309
0.316
0.324
0.333
0.341
0.351
0.36
0.37
0.38
0.39
0.4
0.41
0.42
0.43
0.44
0.449
0.458
0.466
0.474
0.482
0.489
0.495
0.5
0.504
0.508
0.511
0.513
0.514
0.515
0.515
0.514
0.512
0.51
0.507
0.504
0.5
0.495
0.49
0.485
0.478
0.472
0.465
0.457
0.449
0.44
0.432
0.422
0.413
0.403
0.393
0.382
0.371
0.36
0.349
0.338
0.326
0.314
0.302
0.29
0.277
0.265
0.253
0.24
0.227
0.215
0.202
0.19
0.177
0.165
0.152
0.14
0.128
0.116
0.104
0.092
0.081
0.07
0.059
0.048
0.037
0.027
0.017
0.008
-0.002
-0.01
-0.019
-0.027
-0.034
-0.041
-0.048
-0.054
-0.06
-0.065
-0.069
-0.073
-0.077
-0.08
-0.082
-0.083
-0.084
-0.084
-0.083
-0.082
-0.08
-0.077
-0.073
-0.069
-0.064
-0.057
-0.05
-0.042
-0.034
-0.024
-0.013
-0.002
0.011
0.025
0.04
0.055
0.072
0.09
0.109
0.129
0.15
0.173
0.197
0.221
0.248
0.275
0.303
0.333
0.364
0.397
0.43
0.464
0.498
0.532
0.566
0.6
0.634
0.667
0.699
0.73
0.76
0.789
0.817
0.845
0.871
0.897
0.922
0.946
0.969
0.991
1.013
1.034
1.054
1.073
1.091
1.109
1.126
1.142
1.157
1.172
1.186
1.199
1.211
1.223
1.234
1.245
1.254
1.263
1.272
1.28
1.287
1.294
1.3
1.305
1.31
1.314
1.318
1.321
1.323
1.325
1.327
1.328
1.328
1.328
1.328
1.327
1.325
1.323
1.321
1.318
1.314
1.311
1.307
1.302
1.297
1.292
1.286
1.28
1.273
1.267
1.26
1.252
1.244
1.236
1.228
1.219
1.21
1.201
1.191
1.181
1.171
1.161
1.151
1.14
1.129
1.118
1.106
1.095
1.083
1.071
1.059
1.047
1.035
1.023
1.01
0.998
0.985
0.972
0.959
0.946
0.933
0.92
0.907
0.894
0.881
0.868
0.855
0.842
0.829
0.816
0.803
0.79
0.777
0.764
0.751
0.738
0.726
0.713
0.701
0.689
0.677
0.665
0.653
0.641
0.63
0.618
0.607
0.596
0.585
0.575
0.565
0.555
0.545
0.535
0.526
0.517
0.508
0.5
0.492
0.484
0.477
0.469
0.463
0.456
0.45
0.444
0.438
0.433
0.428
0.423
0.419
0.415
0.412
0.408
0.406
0.403
0.401
0.399
0.397
0.396
0.396
0.395
0.395
0.395
0.396
0.397
0.398
0.4
0.402
0.405
0.408
0.411
0.415
0.419
0.424
0.429
0.434
0.44
0.446
0.452
0.459
0.466
0.474
0.482
0.491
0.5
0.509
0.519
0.529
0.54
0.55
0.561
0.572
0.583
0.593
0.604
0.615
0.625
0.635
0.645
0.655
0.664
0.672
0.68
0.688
0.695
0.701
0.706
0.711
0.714
0.717
0.719
0.72
0.72
0.72
0.719
0.718
0.716
0.713
0.71
0.707
0.704
0.7
0.696
0.692
0.688
0.685
0.681
0.677
0.674
0.67
0.668
0.665
0.663
0.662
0.661
0.66
0.661
0.662
0.664
0.667
0.67
0.675
0.68
0.685
0.691
0.697
0.703
0.709
0.714
0.719
0.724
0.727
0.73
0.731
0.731
0.73
0.727
0.722
0.715
0.707
0.696
0.683
0.667
0.648
0.627
0.604
0.579
0.552
0.524
0.495
0.465
0.434
0.403
0.371
0.34
0.309
0.279
0.25
0.221
0.195
0.17
0.146
0.125
0.107
0.091
0.078
0.068
0.06
0.056
0.053
0.053
0.056
0.061
0.067
0.076
0.087
0.099
0.113
0.129
0.146
0.165
0.185
0.206
0.228
0.251
0.275
0.299
0.324
0.35
0.376
0.403
0.429
0.456
0.483
0.509
0.536
0.562
0.588
0.613
0.638
0.661
0.684
0.706
0.727
0.747
0.766
0.783
0.8
0.815
0.83
0.843
0.856
0.867
0.878
0.887
0.896
0.904
0.911
0.917
0.922
0.927
0.931
0.934
0.937
0.939
0.94
0.941
0.941
0.941
0.94
0.938
0.936
0.934
0.931
0.928
0.924
0.92
0.916
0.911
0.906
0.901
0.896
0.89
0.885
0.879
0.873
0.867
0.86
0.854
0.848
0.842
0.835
0.829
0.823
0.817
0.811
0.806
0.8
0.795
0.789
0.785
0.78
0.775
0.771
0.767
0.762
0.759
0.755
0.751
0.748
0.745
0.741
0.738
0.736
0.733
0.73
0.728
0.726
0.723
0.721
0.719
0.717
0.716
0.714
0.712
0.711
0.709
0.708
0.707
0.705
0.704
0.703
0.702
0.701
0.7
0.699
0.699
0.698
0.697
0.696
0.695
0.695
0.694
0.693
0.693
0.692
0.691
0.691
0.69
0.689
0.688
0.688
0.687
0.686
0.685
0.684
0.683
0.682
0.681
0.68
0.679
0.678
0.676
0.675
0.673
0.672
0.67
0.669
0.667
0.665
0.663
0.661
0.658
0.656
0.654
0.651
0.649
0.646
0.643
0.64
0.638
0.635
0.632
0.629
0.626
0.623
0.619
0.616
0.613
0.61
0.606
0.603
0.6
0.596
0.593
0.589
0.586
0.582
0.579
0.576
0.572
0.569
0.565
0.562
0.558
0.555
0.551
0.548
0.545
0.541
0.538
0.535
0.532
0.529
0.525
0.522
0.519
0.516
0.513
0.511
0.508
0.505
0.502
0.5
0.497
0.495
0.493
0.49
0.488
0.486
0.484
0.483
0.481
0.479
0.478
0.476
0.475
0.474
0.473
0.472
0.471
0.47
0.47
0.47
0.469
0.469
0.469
0.47
0.47
0.47
0.471
0.472
0.473
0.474
0.476
0.477
0.479
0.481
0.483
0.485
0.488
0.491
0.494
0.497
0.5
0.504
0.507
0.511
0.515
0.52
0.524
0.529
0.534
0.539
0.544
0.549
0.554
0.56
0.565
0.571
0.577
0.583
0.589
0.595
0.601
0.607
0.613
0.619
0.626
0.632
0.638
0.645
0.651
0.657
0.663
0.67
0.676
0.682
0.688
0.694
0.7
0.706
0.712
0.718
0.723
0.729
0.734
0.74
0.745
0.75
0.755
0.76
0.764
0.769
0.773
0.777
0.781
0.785
0.788
0.792
0.795
0.797
0.8
0.802
0.805
0.806
0.808
0.809
0.81
0.811
0.811
0.811
0.811
0.811
0.81
0.808
0.807
0.805
0.803
0.8
0.797
0.794
0.79
0.786
0.781
0.777
0.772
0.766
0.761
0.755
0.749
0.743
0.737
0.73
0.724
0.717
0.71
0.703
0.696
0.689
0.682
0.675
0.668
0.661
0.654
0.647
0.64
0.633
0.626
0.619
0.613
0.606
0.6
0.594
0.588
0.582
0.577
0.571
0.566
0.562
0.557
0.553
0.549
0.545
0.542
0.539
0.536
0.533
0.531
0.528
0.526
0.524
0.523
0.521
0.52
0.519
0.518
0.518
0.517
0.517
0.517
0.517
0.517
0.518
0.518
0.519
0.52
0.521
0.523
0.524
0.526
0.528
0.53
0.532
0.534
0.536
0.539
0.541
0.544
0.547
0.55
0.553
0.556
0.559
0.563
0.566
0.57
0.573
0.577
0.581
0.585
0.589
0.593
0.597
0.602
0.606
0.61
0.615
0.619
0.624
0.628
0.633
0.638
0.642
0.647
0.652
0.657
0.662
0.666
0.671
0.676
0.681
0.686
0.691
0.696
0.701
0.706
0.71
0.715
0.72
0.725
0.73
0.735
0.739
0.744
0.749
0.753
0.758
0.762
0.767
0.771
0.776
0.78
0.784
0.789
0.793
0.797
0.801
0.804
0.808
0.812
0.816
0.819
0.822
0.826
0.829
0.832
0.835
0.838
0.841
0.843
0.846
0.848
0.85
0.852
0.854
0.856
0.858
0.859
0.86
0.862
0.863
0.863
0.864
0.865
0.865
0.865
0.865
0.865
0.864
0.864
0.863
0.862
0.861
0.859
0.858
0.856
0.854
0.851
0.849
0.846
0.843
0.84
0.837
0.833
0.829
0.825
0.82
0.816
0.811
0.805
0.8
0.794
0.788
0.782
0.775
0.769
0.762
0.755
0.747
0.74
0.732
0.724
0.716
0.708
0.699
0.691
0.682
0.673
0.664
0.655
0.646
0.637
0.628
0.619
0.609
0.6
0.591
0.581
0.572
0.562
0.553
0.543
0.534
0.524
0.515
0.506
0.497
0.487
0.478
0.469
0.461
0.452
0.443
0.435
0.426
0.418
0.41
0.402
0.394
0.387
0.379
0.372
0.365
0.358
0.352
0.345
0.339
0.334
0.328
0.323
0.318
0.313
0.309
0.305
0.301
0.298
0.295
0.293
0.29
0.288
0.287
0.286
0.285
0.285
0.285
0.285
0.286
0.287
0.288
0.29
0.292
0.295
0.297
0.3
0.304
0.307
0.311
0.315
0.319
0.323
0.328
0.332
0.337
0.342
0.348
0.353
0.359
0.364
0.37
0.376
0.382
0.388
0.394
0.4
0.406
0.412
0.418
0.424
0.431
0.437
0.443
0.449
0.455
0.461
0.467
0.473
0.478
0.484
0.489
0.495
0.5
0.505
0.51
0.515
0.519
0.523
0.528
0.532
0.535
0.539
0.542
0.545
0.548
0.55
0.552
0.554
0.556
0.557
0.558
0.559
0.559
0.559
0.559
0.558
0.557
0.556
0.554
0.552
0.55
0.547
0.543
0.539
0.535
0.53
0.525
0.52
0.514
0.507
0.5
0.492
0.484
0.476
0.467
0.458
0.448
0.438
0.428
0.417
0.406
0.395
0.384
0.372
0.361
0.349
0.337
0.325
0.313
0.301
0.289
0.276
0.264
0.252
0.24
0.228
0.217
0.205
0.194
0.183
0.172
0.161
0.151
0.141
0.131
0.122
0.113
0.104
0.096
0.088
0.081
0.075
0.069
0.063
0.058
0.054
0.05
0.047
0.045
0.044
0.043
0.043
0.044
0.045
0.048
0.051
0.055
0.06
0.067
0.074
0.082
0.091
0.101
0.112
0.124
0.137
0.151
0.166
0.181
0.197
0.214
0.231
0.249
0.268
0.286
0.305
0.325
0.345
0.365
0.385
0.405
0.425
0.446
0.466
0.486
0.506
0.526
0.545
0.565
0.584
0.602
0.621
0.639
0.656
0.674
0.69
0.707
0.723
0.739
0.754
0.769
0.783
0.797
0.81
0.823
0.835
0.847
0.858
0.869
0.879
0.889
0.898
0.906
0.914
0.921
0.928
0.934
0.939
0.943
0.947
0.95
0.953
0.955
0.956
0.956
0.956
0.954
0.952
0.95
0.946
0.941
0.936
0.93
0.923
0.915
0.907
0.897
0.886
0.875
0.863
0.849
0.835
0.821
0.806
0.79
0.774
0.757
0.74
0.723
0.706
0.689
0.672
0.655
0.638
0.621
0.605
0.59
0.575
0.56
0.546
0.533
0.521
0.51
0.5
0.491
0.483
0.476
0.47
0.465
0.462
0.459
0.456
0.455
0.455
0.455
0.456
0.458
0.46
0.464
0.467
0.472
0.477
0.482
0.488
0.494
0.501
0.508
0.516
0.524
0.532
0.54
0.549
0.558
0.567
0.576
0.585
0.594
0.604
0.613
0.622
0.631
0.64
0.649
0.658
0.667
0.675
0.683
0.691
0.699
0.706
0.713
0.72
0.727
0.733
0.739
0.746
0.751
0.757
0.763
0.768
0.773
0.778
0.782
0.787
0.791
0.795
0.799
0.803
0.806
0.81
0.813
0.816
0.819
0.822
0.824
0.827
0.829
0.831
0.833
0.835
0.837
0.838
0.84
0.841
0.842
0.843
0.844
0.845
0.845
0.846
0.846
0.846
0.847
0.847
0.847
0.846
0.846
0.846
0.845
0.845
0.844
0.844
0.843
0.842
0.841
0.84
0.839
0.838
0.837
0.835
0.834
0.833
0.831
0.83
0.828
0.827
0.825
0.823
0.822
0.82
0.818
0.816
0.814
0.813
0.811
0.809
0.807
0.805
0.803
0.801
0.799
0.797
0.795
0.793
0.791
0.789
0.787
0.785
0.783
0.782
0.78
0.778
0.776
0.774
0.773
0.771
0.769
0.768
0.766
0.764
0.763
0.761
0.76
0.759
0.757
0.756
0.755
0.754
0.753
0.752
0.751
0.751
0.75
0.749
0.749
0.748
0.748
0.748
0.748
0.748
0.748
0.748
0.748
0.749
0.749
0.75
0.751
0.751
0.752
0.754
0.755
0.756
0.758
0.76
0.761
0.763
0.765
0.768
0.77
0.773
0.776
0.778
0.782
0.785
0.788
0.792
0.796
0.799
0.804
0.808
0.812
0.817
0.822
0.827
0.832
0.838
0.843
0.849
0.855
0.862
0.868
0.875
0.882
0.889
0.896
0.904
0.912
0.92
0.928
0.936
0.944
0.953
0.962
0.97
0.979
0.988
0.997
1.006
1.016
1.025
1.034
1.044
1.053
1.062
1.072
1.081
1.091
1.1
1.11
1.119
1.128
1.138
1.147
1.156
1.165
1.174
1.183
1.192
1.201
1.209
1.218
1.226
1.234
1.242
1.25
1.258
1.265
1.272
1.279
1.286
1.293
1.299
1.305
1.311
1.317
1.322
1.327
1.332
1.336
1.34
1.344
1.348
1.351
1.354
1.356
1.358
1.36
1.362
1.362
1.363
1.363
1.363
1.362
1.361
1.359
1.357
1.355
1.352
1.348
1.344
1.34
1.335
1.329
1.323
1.317
1.31
1.302
1.294
1.285
1.275
1.265
1.255
1.244
1.232
1.219
1.206
1.192
1.178
1.163
1.147
1.13
1.113
1.095
1.077
1.057
1.037
1.016
0.995
0.972
0.949
0.925
0.901
0.875
0.849
0.822
0.794
0.767
0.739
0.712
0.684
0.658
0.632
0.606
0.582
0.559
0.538
0.518
0.5
0.484
0.47
0.457
0.447
0.438
0.431
0.425
0.421
0.418
0.417
0.416
0.418
0.42
0.423
0.427
0.433
0.439
0.446
0.453
0.462
0.471
0.48
0.49
0.5
0.511
0.521
0.532
0.544
0.555
0.567
0.579
0.591
0.604
0.616
0.629
0.642
0.655
0.668
0.681
0.694
0.707
0.72
0.734
0.747
0.76
0.773
0.787
0.8
0.813
0.826
0.838
0.851
0.864
0.876
0.888
0.9
0.912
0.924
0.935
0.946
0.957
0.967
0.978
0.988
0.997
1.006
1.015
1.024
1.032
1.04
1.047
1.054
1.06
1.066
1.071
1.076
1.08
1.084
1.087
1.09
1.092
1.093
1.094
1.094
1.094
1.093
1.091
1.088
1.085
1.081
1.076
1.071
1.065
1.057
1.05
1.041
1.031
1.021
1.01
0.997
0.984
0.97
0.955
0.939
0.922
0.904
0.885
0.866
0.845
0.823
0.799
0.775
0.75
0.724
0.696
0.668
0.639
0.61
0.58
0.55
0.519
0.489
0.459
0.429
0.399
0.37
0.342
0.314
0.287
0.262
0.238
0.215
0.193
0.173
0.155
0.139
0.125
0.113
0.103
0.096
0.092
0.09
0.091
0.095
0.102
0.111
0.123
0.137
0.153
0.17
0.189
0.21
0.231
0.253
0.276
0.3
0.323
0.347
0.37
0.393
0.415
0.437
0.457
0.477
0.494
0.51
0.524
0.536
0.545
0.552
0.557
0.559
0.559
0.557
0.554
0.548
0.541
0.532
0.522
0.511
0.498
0.485
0.471
0.456
0.441
0.425
0.409
0.393
0.376
0.36
0.344
0.329
0.314
0.3
0.286
0.274
0.262
0.252
0.243
0.236
0.23
0.226
0.223
0.223
0.225
0.229
0.236
0.245
0.257
0.271
0.289
0.309
0.333
0.36
0.39
0.423
0.457
0.492
0.528
0.563
0.599
0.634
0.667
0.698
0.727
0.754
0.78
0.803
0.825
0.845
0.864
0.88
0.896
0.909
0.922
0.932
0.942
0.95
0.957
0.963
0.967
0.971
0.973
0.975
0.975
0.975
0.974
0.972
0.969
0.966
0.962
0.957
0.952
0.946
0.94
0.934
0.927
0.92
0.913
0.905
0.898
0.89
0.883
0.875
0.868
0.86
0.853
0.846
0.838
0.831
0.824
0.817
0.81
0.803
0.796
0.789
0.781
0.774
0.767
0.76
0.753
0.745
0.738
0.73
0.723
0.715
0.707
0.699
0.691
0.683
0.674
0.666
0.657
0.648
0.639
0.63
0.621
0.611
0.601
0.591
0.58
0.57
0.559
0.548
0.536
0.524
0.512
0.5
0.487
0.474
0.461
0.448
0.434
0.421
0.407
0.393
0.379
0.366
0.352
0.338
0.325
0.312
0.299
0.286
0.274
0.262
0.25
0.239
0.229
0.218
0.209
0.2
0.191
0.184
0.177
0.171
0.165
0.161
0.157
0.154
0.152
0.152
0.152
0.153
0.156
0.159
0.164
0.17
0.177
0.186
0.196
0.207
0.22
0.234
0.25
0.267
0.286
0.306
0.326
0.348
0.37
0.392
0.414
0.436
0.458
0.479
0.5
0.52
0.538
0.556
0.573
0.589
0.604
0.618
0.631
0.643
0.655
0.666
0.676
0.685
0.693
0.701
0.708
0.714
0.72
0.725
0.729
0.733
0.736
0.738
0.74
0.741
0.742
0.742
0.742
0.741
0.74
0.738
0.735
0.733
0.73
0.726
0.722
0.718
0.713
0.708
0.702
0.697
0.691
0.684
0.678
0.671
0.664
0.657
0.649
0.642
0.634
0.626
0.618
0.61
0.601
0.593
0.584
0.576
0.567
0.559
0.55
0.542
0.533
0.525
0.516
0.508
0.5
0.492
0.484
0.476
0.468
0.461
0.453
0.446
0.439
0.431
0.424
0.417
0.411
0.404
0.397
0.391
0.385
0.379
0.372
0.367
0.361
0.355
0.35
0.344
0.339
0.334
0.329
0.324
0.319
0.314
0.31
0.305
0.301
0.297
0.293
0.289
0.285
0.282
0.278
0.275
0.272
0.268
0.266
0.263
0.26
0.258
0.255
0.253
0.251
0.249
0.247
0.245
0.244
0.242
0.241
0.24
0.239
0.238
0.238
0.237
0.237
0.236
0.236
0.236
0.237
0.237
0.237
0.238
0.239
0.24
0.241
0.242
0.244
0.245
0.247
0.249
0.251
0.253
0.255
0.258
0.26
0.263
0.266
0.269
0.272
0.276
0.279
0.283
0.287
0.291
0.295
0.3
0.304
0.309
0.314
0.319
0.324
0.33
0.335
0.341
0.347
0.353
0.359
0.365
0.372
0.379
0.385
0.392
0.4
0.407
0.415
0.422
0.43
0.438
0.447
0.455
0.464
0.473
0.482
0.491
0.5
0.509
0.519
0.529
0.539
0.549
0.559
0.568
0.578
0.588
0.598
0.607
0.616
0.625
0.634
0.643
0.651
0.659
0.666
0.673
0.68
0.686
0.692
0.697
0.701
0.705
0.709
0.711
0.713
0.714
0.715
0.714
0.713
0.712
0.709
0.707
0.703
0.7
0.695
0.691
0.686
0.681
0.676
0.67
0.665
0.659
0.653
0.648
0.642
0.637
0.631
0.626
0.621
0.617
0.613
0.609
0.605
0.602
0.6
0.598
0.597
0.596
0.596
0.596
0.597
0.599
0.6
0.602
0.605
0.608
0.612
0.615
0.62
0.624
0.629
0.634
0.64
0.646
0.652
0.658
0.664
0.671
0.678
0.685
0.692
0.7
0.707
0.715
0.723
0.731
0.739
0.747
0.755
0.763
0.771
0.779
0.787
0.795
0.803
0.81
0.818
0.826
0.833
0.84
0.847
0.854
0.861
0.868
0.874
0.88
0.886
0.891
0.897
0.902
0.906
0.91
0.914
0.918
0.921
0.924
0.926
0.928
0.929
0.93
0.931
0.93
0.93
0.929
0.927
0.925
0.922
0.918
0.914
0.909
0.904
0.898
0.891
0.884
0.875
0.866
0.857
0.846
0.835
0.823
0.81
0.796
0.782
0.766
0.75
0.732
0.714
0.695
0.675
0.655
0.633
0.612
0.589
0.567
0.544
0.522
0.499
0.477
0.455
0.433
0.411
0.391
0.371
0.352
0.333
0.316
0.3
0.285
0.27
0.257
0.245
0.233
0.223
0.213
0.205
0.197
0.19
0.184
0.178
0.174
0.17
0.167
0.165
0.163
0.162
0.162
0.162
0.163
0.165
0.167
0.17
0.174
0.178
0.182
0.187
0.193
0.199
0.205
0.212
0.22
0.228
0.236
0.244
0.253
0.263
0.272
0.282
0.292
0.303
0.314
0.325
0.336
0.347
0.359
0.37
0.382
0.394
0.406
0.419
0.431
0.443
0.455
0.468
0.48
0.493
0.505
0.517
0.529
0.541
0.553
0.565
0.577
0.589
0.6
0.611
0.622
0.633
0.644
0.654
0.664
0.674
0.684
0.694
0.703
0.713
0.722
0.73
0.739
0.748
0.756
0.764
0.772
0.78
0.787
0.794
0.802
0.808
0.815
0.822
0.828
0.834
0.84
0.846
0.852
0.857
0.862
0.867
0.872
0.877
0.881
0.885
0.889
0.893
0.897
0.9
0.904
0.907
0.91
0.912
0.915
0.917
0.919
0.921
0.923
0.925
0.926
0.927
0.928
0.929
0.93
0.93
0.931
0.931
0.931
0.93
0.93
0.929
0.928
0.927
0.926
0.924
0.923
0.921
0.919
0.917
0.915
0.912
0.909
0.906
0.903
0.9
0.896
0.893
0.889
0.885
0.881
0.876
0.872
0.867
0.862
0.857
0.851
0.846
0.84
0.834
0.828
0.822
0.815
0.809
0.802
0.795
0.788
0.78
0.773
0.765
0.757
0.749
0.741
0.732
0.724
0.715
0.706
0.697
0.687
0.678
0.668
0.658
0.648
0.638
0.627
0.616
0.606
0.595
0.583
0.572
0.561
0.549
0.537
0.525
0.512
0.5
0.487
0.475
0.462
0.448
0.435
0.422
0.408
0.395
0.381
0.367
0.353
0.339
0.325
0.311
0.296
0.282
0.268
0.253
0.239
0.224
0.21
0.196
0.181
0.167
0.152
0.138
0.124
0.11
0.095
0.081
0.067
0.053
0.039
0.026
0.012
-0.001
-0.015
-0.028
-0.041
-0.054
-0.067
-0.08
-0.092
-0.104
-0.116
-0.128
-0.14
-0.151
-0.162
-0.173
-0.184
-0.194
-0.204
-0.214
-0.224
-0.233
-0.242
-0.25
-0.259
-0.267
-0.274
-0.282
-0.289
-0.295
-0.301
-0.307
-0.313
-0.318
-0.322
-0.327
-0.33
-0.334
-0.337
-0.339
-0.341
-0.343
-0.344
-0.344
-0.345
-0.344
-0.343
-0.342
-0.34
-0.337
-0.334
-0.331
-0.327
-0.322
-0.316
-0.311
-0.304
-0.297
-0.289
-0.281
-0.272
-0.262
-0.252
-0.241
-0.23
-0.217
-0.204
-0.191
-0.176
-0.161
-0.146
-0.129
-0.112
-0.094
-0.075
-0.056
-0.036
-0.015
0.007
0.03
0.053
0.077
0.102
0.128
0.155
0.183
0.211
0.24
0.27
0.301
0.333
0.366
0.4
0.434
0.468
0.502
0.536
0.57
0.603
0.635
0.667
0.697
0.726
0.754
0.78
0.806
0.83
0.853
0.875
0.896
0.916
0.935
0.953
0.97
0.985
1.0
1.014
1.027
1.039
1.05
1.06
1.069
1.077
1.084
1.091
1.097
1.101
1.105
1.109
1.111
1.113
1.114
1.114
1.113
1.112
1.11
1.108
1.104
1.1
1.096
1.091
1.085
1.079
1.072
1.065
1.057
1.048
1.039
1.03
1.02
1.01
0.999
0.988
0.976
0.964
0.952
0.939
0.926
0.913
0.899
0.885
0.871
0.856
0.841
0.826
0.811
0.795
0.78
0.764
0.748
0.732
0.716
0.699
0.683
0.666
0.65
0.633
0.616
0.6
0.583
0.566
0.55
0.533
0.516
0.5
0.484
0.467
0.451
0.435
0.419
0.403
0.388
0.372
0.356
0.341
0.326
0.311
0.296
0.281
0.266
0.252
0.237
0.223
0.209
0.195
0.181
0.168
0.154
0.141
0.128
0.115
0.102
0.09
0.078
0.066
0.054
0.042
0.03
0.019
0.008
-0.003
-0.013
-0.024
-0.034
-0.044
-0.054
-0.063
-0.072
-0.081
-0.09
-0.098
-0.106
-0.114
-0.122
-0.129
-0.136
-0.143
-0.15
-0.156
-0.162
-0.168
-0.173
-0.178
-0.183
-0.187
-0.192
-0.195
-0.199
-0.202
-0.205
-0.208
-0.21
-0.212
-0.213
-0.214
-0.215
-0.216
-0.216
-0.216
-0.215
-0.214
-0.213
-0.211
-0.209
-0.207
-0.204
-0.201
-0.197
-0.193
-0.189
-0.184
-0.179
-0.173
-0.167
-0.16
-0.154
-0.146
-0.139
-0.13
-0.122
-0.113
-0.103
-0.093
-0.083
-0.072
-0.061
-0.049
-0.037
-0.024
-0.011
0.002
0.016
0.031
0.046
0.062
0.078
0.094
0.111
0.129
0.147
0.165
0.184
0.203
0.222
0.242
0.262
0.282
0.302
0.323
0.343
0.363
0.384
0.404
0.424
0.444
0.464
0.484
0.504
0.523
0.542
0.56
0.579
0.597
0.615
0.633
0.65
0.667
0.683
0.699
0.715
0.731
0.746
0.76
0.775
0.789
0.802
0.816
0.829
0.841
0.853
0.865
0.877
0.888
0.899
0.91
0.92
0.93
0.939
0.949
0.957
0.966
0.974
0.982
0.99
0.997
1.004
1.01
1.017
1.023
1.028
1.034
1.039
1.043
1.048
1.052
1.056
1.059
1.062
1.065
1.068
1.07
1.072
1.074
1.075
1.076
1.077
1.078
1.078
1.078
1.077
1.077
1.076
1.075
1.073
1.071
1.069
1.067
1.064
1.062
1.058
1.055
1.051
1.047
1.043
1.039
1.034
1.029
1.024
1.018
1.012
1.006
1.0
0.994
0.987
0.98
0.973
0.965
0.957
0.949
0.941
0.932
0.924
0.915
0.906
0.896
0.886
0.876
0.866
0.856
0.845
0.835
0.824
0.812
0.801
0.789
0.777
0.765
0.753
0.74
0.727
0.714
0.701
0.688
0.675
0.661
0.648
0.635
0.622
0.609
0.597
0.585
0.573
0.562
0.551
0.541
0.531
0.522
0.514
0.507
0.5
0.494
0.489
0.485
0.482
0.479
0.478
0.477
0.476
0.476
0.477
0.479
0.481
0.484
0.487
0.49
0.495
0.499
0.504
0.51
0.515
0.521
0.528
0.534
0.541
0.548
0.556
0.563
0.571
0.579
0.586
0.594
0.602
0.61
0.618
0.626
0.634
0.641
0.649
0.656
0.663
0.67
0.677
0.684
0.69
0.696
0.701
0.706
0.711
0.715
0.719
0.722
0.725
0.727
0.729
0.73
0.731
0.731
0.73
0.728
0.726
0.723
0.719
0.714
0.709
0.703
0.695
0.688
0.679
0.671
0.661
0.651
0.641
0.63
0.619
0.608
0.596
0.585
0.573
0.561
0.55
0.538
0.526
0.515
0.504
0.493
0.482
0.472
0.462
0.453
0.444
0.436
0.429
0.422
0.416
0.41
0.406
0.403
0.4
0.398
0.398
0.398
0.4
0.402
0.404
0.408
0.412
0.417
0.422
0.428
0.434
0.44
0.447
0.454
0.462
0.469
0.477
0.485
0.492
0.5
0.508
0.515
0.522
0.53
0.537
0.544
0.551
0.558
0.565
0.571
0.578
0.585
0.591
0.597
0.604
0.61
0.616
0.622
0.628
0.634
0.639
0.645
0.65
0.656
0.661
0.667
0.672
0.677
0.682
0.687
0.692
0.696
0.701
0.706
0.71
0.715
0.719
0.724
0.728
0.732
0.736
0.74
0.744
0.748
0.752
0.755
0.759
0.763
0.766
0.769
0.773
0.776
0.779
0.783
0.786
0.789
0.792
0.794
0.797
0.8
0.803
0.805
0.808
0.81
0.813
0.815
0.817
0.819
0.821
0.822
0.824
0.825
0.826
0.827
0.828
0.828
0.829
0.829
0.829
0.828
0.827
0.826
0.825
0.823
0.822
0.819
0.817
0.814
0.811
0.807
0.803
0.799
0.794
0.789
0.784
0.778
0.771
0.765
0.758
0.75
0.742
0.734
0.725
0.717
0.708
0.698
0.689
0.679
0.669
0.659
0.648
0.638
0.627
0.616
0.605
0.594
0.583
0.572
0.561
0.55
0.539
0.528
0.517
0.506
0.496
0.485
0.474
0.464
0.454
0.444
0.434
0.424
0.415
0.406
0.397
0.388
0.38
0.372
0.364
0.357
0.35
0.344
0.338
0.332
0.327
0.323
0.319
0.315
0.312
0.31
0.308
0.306
0.306
0.306
0.306
0.307
0.309
0.312
0.315
0.319
0.324
0.33
0.336
0.343
0.351
0.36
0.37
0.381
0.392
0.405
0.418
0.432
0.448
0.464
0.482
0.5
0.519
0.54
0.561
0.583
0.605
0.627
0.65
0.672
0.695
0.717
0.739
0.76
0.78
0.8
0.819
0.836
0.852
0.868
0.882
0.896
0.909
0.921
0.931
0.941
0.951
0.959
0.967
0.973
0.979
0.985
0.989
0.993
0.996
0.999
1.001
1.002
1.003
1.003
1.003
1.002
1.0
0.998
0.996
0.993
0.99
0.986
0.982
0.978
0.973
0.968
0.962
0.957
0.951
0.945
0.938
0.931
0.925
0.918
0.911
0.903
0.896
0.888
0.881
0.873
0.866
0.858
0.851
0.843
0.836
0.829
0.821
0.814
0.807
0.8
0.794
0.787
0.781
0.775
0.77
0.764
0.759
0.754
0.75
0.746
0.742
0.739
0.736
0.733
0.731
0.729
0.727
0.726
0.725
0.724
0.724
0.723
0.724
0.724
0.724
0.725
0.726
0.727
0.729
0.731
0.732
0.735
0.737
0.739
0.742
0.745
0.748
0.751
0.754
0.757
0.761
0.764
0.768
0.772
0.775
0.779
0.783
0.787
0.792
0.796
0.8
0.804
0.809
0.813
0.817
0.821
0.826
0.83
0.834
0.838
0.843
0.847
0.851
0.855
0.859
0.863
0.867
0.87
0.874
0.877
0.881
0.884
0.887
0.89
0.893
0.895
0.898
0.9
0.902
0.904
0.906
0.907
0.909
0.91
0.91
0.911
0.911
0.912
0.911
0.911
0.91
0.909
0.908
0.906
0.904
0.902
0.899
0.897
0.893
0.89
0.886
0.881
0.877
0.872
0.866
0.86
0.854
0.847
0.84
0.832
0.824
0.816
0.807
0.798
0.788
0.777
0.767
0.755
0.743
0.731
0.718
0.705
0.691
0.676
0.661
0.646
0.63
0.613
0.596
0.578
0.559
0.54
0.52
0.5
0.479
0.458
0.436
0.414
0.393
0.372
0.351
0.332
0.313
0.295
0.279
0.264
0.252
0.241
0.232
0.226
0.222
0.221
0.224
0.229
0.238
0.25
0.266
0.286
0.308
0.334
0.361
0.391
0.422
0.455
0.489
0.523
0.557
0.591
0.625
0.658
0.69
0.721
0.751
0.781
0.809
0.837
0.864
0.891
0.916
0.941
0.964
0.988
1.01
1.032
1.052
1.072
1.092
1.111
1.129
1.146
1.162
1.178
1.194
1.208
1.222
1.235
1.248
1.26
1.272
1.282
1.293
1.302
1.311
1.32
1.328
1.335
1.342
1.348
1.354
1.359
1.364
1.368
1.372
1.375
1.378
1.38
1.382
1.383
1.384
1.385
1.385
1.384
1.384
1.382
1.381
1.379
1.377
1.374
1.371
1.368
1.364
1.36
1.356
1.351
1.347
1.341
1.336
1.33
1.324
1.318
1.311
1.305
1.298
1.291
1.283
1.276
1.268
1.26
1.252
1.243
1.235
1.226
1.218
1.209
1.2
1.191
1.181
1.172
1.163
1.153
1.144
1.134
1.124
1.115
1.105
1.095
1.085
1.076
1.066
1.056
1.046
1.037
1.027
1.017
1.008
0.998
0.989
0.979
0.97
0.961
0.952
0.943
0.934
0.925
0.917
0.908
0.9
0.892
0.884
0.877
0.869
0.862
0.855
0.848
0.841
0.835
0.829
0.823
0.817
0.812
0.807
0.802
0.798
0.794
0.79
0.786
0.783
0.78
0.778
0.776
0.774
0.773
0.771
0.771
0.77
0.77
0.77
0.77
0.77
0.771
0.772
0.773
0.774
0.775
0.777
0.778
0.78
0.781
0.783
0.784
0.786
0.788
0.79
0.791
0.793
0.794
0.796
0.797
0.798
0.799
0.8
0.801
0.801
0.802
0.802
0.802
0.802
0.802
0.801
0.801
0.8
0.799
0.799
0.798
0.797
0.795
0.794
0.793
0.791
0.79
0.788
0.786
0.785
0.783
0.781
0.779
0.777
0.775
0.773
0.771
0.769
0.766
0.764
0.762
0.76
0.758
0.755
0.753
0.751
0.749
0.746
0.744
0.742
0.74
0.738
0.736
0.734
0.732
0.73
0.728
0.727
0.725
0.723
0.722
0.72
0.719
0.718
0.717
0.716
0.715
0.714
0.713
0.713
0.712
0.712
0.712
0.712
0.712
0.712
0.713
0.713
0.714
0.715
0.716
0.718
0.719
0.721
0.722
0.724
0.726
0.729
0.731
0.733
0.736
0.738
0.741
0.744
0.747
0.75
0.753
0.756
0.759
0.762
0.766
0.769
0.772
0.776
0.779
0.783
0.786
0.79
0.793
0.797
0.8
0.803
0.807
0.81
0.814
0.817
0.821
0.824
0.827
0.831
0.834
0.837
0.84
0.844
0.847
0.85
0.853
0.856
0.859
0.862
0.864
0.867
0.87
0.873
0.875
0.878
0.88
0.883
0.885
0.887
0.889
0.891
0.893
0.895
0.897
0.899
0.901
0.902
0.904
0.905
0.906
0.907
0.909
0.91
0.91
0.911
0.912
0.912
0.913
0.913
0.913
0.913
0.913
0.913
0.912
0.912
0.911
0.911
0.91
0.909
0.907
0.906
0.905
0.903
0.901
0.899
0.897
0.895
0.892
0.89
0.887
0.884
0.881
0.878
0.874
0.871
0.867
0.863
0.859
0.854
0.85
0.845
0.84
0.835
0.829
0.824
0.818
0.812
0.806
0.8
0.793
0.787
0.78
0.773
0.766
0.759
0.752
0.745
0.737
0.73
0.723
0.716
0.708
0.701
0.694
0.687
0.68
0.673
0.666
0.659
0.652
0.646
0.64
0.634
0.628
0.622
0.616
0.611
0.606
0.601
0.597
0.593
0.589
0.585
0.582
0.579
0.577
0.575
0.573
0.572
0.571
0.571
0.571
0.571
0.572
0.574
0.576
0.579
0.582
0.585
0.59
0.595
0.6
0.606
0.613
0.62
0.628
0.636
0.645
0.654
0.663
0.673
0.683
0.693
0.704
0.714
0.725
0.736
0.747
0.758
0.769
0.78
0.791
0.801
0.812
0.823
0.833
0.843
0.852
0.862
0.87
0.879
0.887
0.894
0.902
0.908
0.914
0.919
0.924
0.927
0.931
0.933
0.934
0.935
0.935
0.934
0.931
0.928
0.924
0.919
0.912
0.905
0.896
0.886
0.875
0.862
0.849
0.834
0.818
0.801
0.783
0.764
0.745
0.725
0.704
0.682
0.66
0.638
0.616
0.593
0.57
0.546
0.523
0.5
0.477
0.454
0.432
0.409
0.388
0.367
0.347
0.327
0.309
0.291
0.275
0.26
0.246
0.233
0.222
0.213
0.205
0.199
0.194
0.19
0.188
0.188
0.188
0.19
0.193
0.197
0.202
0.208
0.215
0.223
0.232
0.242
0.253
0.264
0.276
0.288
0.301
0.315
0.329
0.344
0.359
0.374
0.39
0.405
0.421
0.438
0.454
0.47
0.486
0.503
0.519
0.535
0.55
0.566
0.581
0.596
0.61
0.624
0.638
0.651
0.663
0.675
0.686
0.696
0.706
0.714
0.722
0.729
0.735
0.74
0.744
0.748
0.751
0.753
0.754
0.755
0.754
0.754
0.752
0.75
0.747
0.744
0.739
0.735
0.73
0.724
0.718
0.711
0.704
0.696
0.688
0.679
0.67
0.66
0.651
0.64
0.63
0.619
0.608
0.596
0.584
0.572
0.56
0.548
0.535
0.522
0.509
0.496
0.483
0.469
0.456
0.442
0.429
0.415
0.401
0.388
0.374
0.36
0.347
0.333
0.32
0.307
0.294
0.282
0.27
0.26
0.25
0.241
0.234
0.228
0.224
0.221
0.22
0.222
0.225
0.231
0.239
0.25
0.264
0.279
0.297
0.317
0.337
0.359
0.381
0.403
0.425
0.445
0.465
0.484
0.5
0.514
0.526
0.536
0.545
0.551
0.556
0.559
0.561
0.561
0.561
0.559
0.556
0.553
0.549
0.544
0.54
0.534
0.529
0.523
0.518
0.513
0.508
0.504
0.5
0.497
0.494
0.493
0.491
0.49
0.49
0.49
0.49
0.491
0.492
0.493
0.494
0.495
0.496
0.497
0.498
0.499
0.5
0.5
0.501
0.501
0.5
0.5
0.5
0.5
0.499
0.499
0.499
0.499
0.499
0.5
0.501
0.502
0.503
0.505
0.507
0.509
0.511
0.514
0.517
0.52
0.523
0.527
0.53
0.534
0.538
0.542
0.547
0.551
0.556
0.561
0.566
0.571
0.576
0.581
0.587
0.592
0.598
0.604
0.609
0.615
0.621
0.627
0.633
0.639
0.645
0.651
0.657
0.663
0.669
0.675
0.681
0.687
0.693
0.699
0.705
0.71
0.716
0.722
0.727
0.733
0.738
0.743
0.748
0.753
0.758
0.763
0.768
0.772
0.776
0.781
0.784
0.788
0.792
0.795
0.798
0.801
0.804
0.807
0.809
0.811
0.813
0.814
0.815
0.816
0.817
0.817
0.817
0.817
0.817
0.816
0.814
0.813
0.811
0.809
0.806
0.803
0.8
0.796
0.792
0.787
0.782
0.777
0.771
0.765
0.758
0.751
0.744
0.736
0.727
0.718
0.709
0.699
0.689
0.679
0.668
0.657
0.646
0.635
0.624
0.612
0.601
0.59
0.579
0.568
0.557
0.547
0.537
0.527
0.518
0.509
0.5
0.492
0.484
0.477
0.471
0.465
0.459
0.454
0.45
0.445
0.442
0.438
0.436
0.433
0.431
0.43
0.428
0.427
0.427
0.427
0.427
0.428
0.429
0.43
0.432
0.434
0.436
0.438
0.441
0.444
0.448
0.451
0.455
0.459
0.464
0.469
0.473
0.479
0.484
0.489
0.495
0.501
0.507
0.513
0.52
0.526
0.533
0.54
0.547
0.554
0.561
0.568
0.576
0.583
0.591
0.598
0.606
0.614
0.622
0.63
0.637
0.645
0.653
0.661
0.669
0.677
0.685
0.692
0.7
0.708
0.715
0.723
0.731
0.738
0.745
0.753
0.76
0.767
0.774
0.781
0.787
0.794
0.8
0.806
0.812
0.818
0.824
0.829
0.835
0.84
0.845
0.85
0.854
0.859
0.863
0.867
0.871
0.875
0.879
0.883
0.886
0.889
0.892
0.895
0.898
0.901
0.903
0.905
0.907
0.909
0.911
0.912
0.914
0.915
0.916
0.917
0.918
0.919
0.919
0.919
0.919
0.919
0.919
0.919
0.918
0.918
0.917
0.916
0.915
0.913
0.912
0.91
0.908
0.906
0.904
0.902
0.899
0.897
0.894
0.891
0.888
0.885
0.881
0.878
0.874
0.87
0.866
0.862
0.857
0.853
0.848
0.843
0.838
0.833
0.828
0.822
0.817
0.811
0.805
0.799
0.793
0.787
0.781
0.775
0.769
0.762
0.756
0.749
0.743
0.736
0.73
0.723
0.717
0.71
0.703
0.696
0.69
0.683
0.676
0.67
0.663
0.657
0.65
0.643
0.637
0.63
0.624
0.618
0.611
0.605
0.599
0.593
0.587
0.581
0.576
0.57
0.565
0.559
0.554
0.549
0.544
0.539
0.534
0.53
0.525
0.521
0.517
0.513
0.51
0.506
0.503
0.5
0.497
0.495
0.492
0.49
0.488
0.486
0.484
0.483
0.482
0.481
0.48
0.479
0.478
0.478
0.478
0.478
0.478
0.478
0.479
0.479
0.48
0.481
0.482
0.483
0.485
0.486
0.488
0.49
0.492
0.494
0.496
0.498
0.5
0.503
0.506
0.508
0.511
0.514
0.517
0.52
0.524
0.527
0.531
0.534
0.538
0.542
0.545
0.549
0.553
0.557
0.561
0.566
0.57
0.574
0.578
0.583
0.587
0.592
0.596
0.601
0.606
0.61
0.615
0.62
0.625
0.63
0.635
0.639
0.644
0.649
0.654
0.659
0.664
0.669
0.674
0.679
0.684
0.689
0.694
0.699
0.704
0.709
0.714
0.719
0.724
0.728
0.733
0.738
0.743
0.747
0.752
0.757
0.761
0.766
0.77
0.775
0.779
0.783
0.788
0.792
0.796
0.8
0.804
0.808
0.812
0.815
0.819
0.823
0.826
0.83
0.833
0.836
0.839
0.842
0.845
0.848
0.85
0.853
0.855
0.858
0.86
0.862
0.864
0.865
0.867
0.869
0.87
0.871
0.872
0.873
0.874
0.875
0.875
0.875
0.875
0.875
0.875
0.875
0.875
0.874
0.873
0.872
0.871
0.87
0.869
0.867
0.866
0.864
0.862
0.86
0.858
0.856
0.854
0.852
0.849
0.847
0.844
0.841
0.838
0.835
0.832
0.829
0.826
0.823
0.819
0.816
0.812
0.809
0.805
0.801
0.797
0.793
0.789
0.785
0.781
0.777
0.773
0.769
0.765
0.76
0.756
0.751
0.747
0.743
0.738
0.734
0.729
0.724
0.72
0.715
0.711
0.706
0.701
0.697
0.692
0.687
0.683
0.678
0.674
0.669
0.664
0.66
0.655
0.65
0.646
0.641
0.637
0.632
0.628
0.623
0.619
0.615
0.61
0.606
0.602
0.598
0.594
0.59
0.586
0.582
0.578
0.574
0.57
0.567
0.563
0.559
0.556
0.552
0.549
0.546
0.543
0.54
0.537
0.534
0.531
0.529
0.526
0.524
0.521
0.519
0.517
0.515
0.513
0.511
0.509
0.508
0.506
0.505
0.504
0.503
0.502
0.501
0.501
0.5
0.5
0.5
0.5
0.5
0.5
0.501
0.501
0.502
0.503
0.504
0.505
0.506
0.508
0.509
0.511
0.512
0.514
0.516
0.518
0.52
0.522
0.524
0.526
0.529
0.531
0.534
0.536
0.539
0.542
0.544
0.547
0.55
0.553
0.556
0.559
0.561
0.564
0.567
0.57
0.574
0.577
0.58
0.583
0.586
0.589
0.592
0.595
0.598
0.601
0.604
0.607
0.61
0.613
0.615
0.618
0.621
0.624
0.626
0.629
0.632
0.634
0.636
0.639
0.641
0.643
0.645
0.647
0.649
0.651
0.653
0.655
0.656
0.657
0.659
0.66
0.661
0.662
0.663
0.664
0.664
0.665
0.665
0.665
0.665
0.665
0.664
0.664
0.663
0.663
0.662
0.66
0.659
0.658
0.656
0.654
0.652
0.65
0.647
0.644
0.641
0.638
0.635
0.631
0.628
0.624
0.619
0.615
0.61
0.605
0.6
0.595
0.589
0.583
0.577
0.571
0.564
0.558
0.552
0.545
0.538
0.532
0.525
0.519
0.512
0.506
0.5
0.494
0.488
0.482
0.477
0.471
0.466
0.461
0.456
0.451
0.447
0.442
0.438
0.433
0.429
0.425
0.421
0.417
0.414
0.41
0.407
0.404
0.401
0.397
0.395
0.392
0.389
0.386
0.384
0.382
0.379
0.377
0.375
0.373
0.371
0.37
0.368
0.366
0.365
0.364
0.362
0.361
0.36
0.359
0.358
0.357
0.356
0.356
0.355
0.354
0.354
0.354
0.353
0.353
0.353
0.353
0.353
0.352
0.353
0.353
0.353
0.353
0.353
0.353
0.354
0.354
0.355
0.355
0.356
0.356
0.357
0.357
0.358
0.359
0.36
0.36
0.361
0.362
0.363
0.364
0.365
0.366
0.367
0.367
0.368
0.369
0.37
0.371
0.372
0.373
0.374
0.376
0.377
0.378
0.379
0.38
0.381
0.382
0.383
0.384
0.385
0.386
0.387
0.387
0.388
0.389
0.39
0.391
0.392
0.393
0.393
0.394
0.395
0.396
0.396
0.397
0.397
0.398
0.398
0.399
0.399
0.399
0.4
0.4
0.4
0.4
0.4
0.401
0.401
0.401
0.401
0.401
0.401
0.401
0.401
0.401
0.401
0.401
0.401
0.401
0.401
0.401
0.402
0.402
0.403
0.403
0.404
0.405
0.405
0.406
0.407
0.408
0.41
0.411
0.413
0.414
0.416
0.418
0.42
0.423
0.425
0.428
0.431
0.434
0.437
0.44
0.444
0.448
0.452
0.456
0.461
0.466
0.471
0.476
0.482
0.487
0.494
0.5
0.507
0.514
0.521
0.528
0.536
0.544
0.552
0.56
0.569
0.578
0.587
0.596
0.605
0.614
0.624
0.633
0.643
0.652
0.662
0.672
0.682
0.692
0.702
0.712
0.722
0.732
0.742
0.752
0.761
0.771
0.781
0.79
0.8
0.809
0.819
0.828
0.837
0.846
0.855
0.863
0.872
0.88
0.889
0.897
0.905
0.913
0.921
0.928
0.936
0.943
0.95
0.957
0.964
0.971
0.978
0.984
0.99
0.996
1.002
1.008
1.014
1.019
1.024
1.03
1.034
1.039
1.044
1.048
1.052
1.056
1.06
1.063
1.067
1.07
1.073
1.076
1.078
1.081
1.083
1.085
1.087
1.088
1.089
1.09
1.091
1.092
1.092
1.092
1.092
1.092
1.091
1.091
1.09
1.088
1.087
1.085
1.083
1.081
1.078
1.075
1.072
1.069
1.066
1.062
1.058
1.053
1.049
1.044
1.038
1.033
1.027
1.021
1.015
1.008
1.001
0.994
0.986
0.979
0.971
0.962
0.953
0.944
0.935
0.925
0.915
0.905
0.895
0.884
0.872
0.861
0.849
0.837
0.824
0.811
0.798
0.785
0.771
0.756
0.742
0.727
0.712
0.696
0.68
0.664
0.647
0.63
0.612
0.595
0.576
0.558
0.539
0.52
0.5
0.48
0.46
0.439
0.418
0.398
0.377
0.356
0.336
0.316
0.296
0.277
0.258
0.24
0.222
0.205
0.189
0.174
0.16
0.147
0.136
0.125
0.116
0.108
0.102
0.097
0.094
0.093
0.093
0.096
0.1
0.106
0.115
0.125
0.137
0.15
0.165
0.182
0.199
0.218
0.238
0.258
0.28
0.302
0.325
0.348
0.372
0.395
0.419
0.443
0.467
0.49
0.513
0.536
0.558
0.579
0.6
0.62
0.638
0.656
0.673
0.69
0.705
0.719
0.733
0.746
0.758
0.77
0.781
0.791
0.8
0.809
0.817
0.825
0.832
0.839
0.845
0.85
0.855
0.859
0.863
0.867
0.87
0.873
0.875
0.877
0.879
0.88
0.881
0.882
0.883
0.883
0.883
0.883
0.883
0.882
0.882
0.881
0.88
0.879
0.879
0.878
0.877
0.876
0.875
0.874
0.873
0.873
0.872
0.871
0.871
0.87
0.87
0.869
0.869
0.868
0.868
0.868
0.867
0.867
0.866
0.866
0.866
0.865
0.865
0.865
0.864
0.864
0.863
0.863
0.863
0.862
0.862
0.861
0.861
0.86
0.859
0.859
0.858
0.857
0.857
0.856
0.855
0.854
0.853
0.852
0.851
0.85
0.848
0.847
0.846
0.844
0.842
0.841
0.839
0.837
0.835
0.833
0.831
0.829
0.826
0.824
0.821
0.819
0.816
0.813
0.81
0.807
0.803
0.8
0.796
0.793
0.789
0.785
0.781
0.777
0.772
0.768
0.763
0.759
0.754
0.749
0.744
0.739
0.733
0.728
0.722
0.717
0.711
0.705
0.699
0.693
0.687
0.681
0.675
0.668
0.662
0.655
0.649
0.642
0.635
0.628
0.621
0.614
0.607
0.6
0.593
0.585
0.578
0.571
0.564
0.557
0.55
0.543
0.536
0.53
0.524
0.519
0.513
0.508
0.504
0.5
0.497
0.494
0.491
0.489
0.487
0.486
0.485
0.485
0.485
0.485
0.486
0.487
0.488
0.49
0.491
0.493
0.496
0.498
0.501
0.503
0.506
0.509
0.512
0.515
0.519
0.522
0.525
0.529
0.532
0.535
0.539
0.542
0.545
0.548
0.551
0.554
0.556
0.559
0.561
0.563
0.565
0.566
0.567
0.568
0.569
0.57
0.57
0.569
0.569
0.567
0.566
0.564
0.562
0.559
0.555
0.551
0.547
0.542
0.537
0.531
0.524
0.517
0.509
0.5
0.491
0.481
0.471
0.461
0.452
0.443
0.434
0.427
0.42
0.416
0.412
0.411
0.412
0.415
0.42
0.429
0.44
0.454
0.471
0.489
0.51
0.533
0.556
0.581
0.607
0.634
0.661
0.688
0.714
0.741
0.766
0.791
0.814
0.836
0.856
0.874
0.889
0.902
0.913
0.92
0.923
0.923
0.919
0.911
0.899
0.881
0.859
0.831
0.798
0.759
0.714
