0.5
0.5
0.5
0.5
0.5
0.5
0.5
0.5
0.5
0.5
0.5
0.5
0.5
0.5
0.5
0.5
0.5
0.5
0.5
0.5
0.5
0.5
0.5
0.5
0.5
0.5
0.5
0.5
0.5
0.5
0.5
0.5
0.5
0.5
0.5
0.5
0.5
0.5
0.5
0.5
0.5
0.5
0.5
0.5
0.5
0.5
0.5
0.5
0.5
0.5
0.5
0.5
0.5
0.5
0.505
0.51
0.514
0.519
0.524
0.529
0.534
0.538
0.543
0.548
0.553
0.557
0.562
0.567
0.572
0.577
0.581
0.586
0.591
0.596
0.601
0.605
0.61
0.615
0.62
0.625
0.629
0.634
0.639
0.644
0.648
0.653
0.658
0.663
0.668
0.672
0.677
0.682
0.687
0.692
0.696
0.701
0.706
0.711
0.716
0.72
0.725
0.73
0.735
0.739
0.744
0.749
0.754
0.759
0.763
0.768
0.773
0.778
0.765
0.753
0.74
0.727
0.715
0.702
0.69
0.677
0.665
0.652
0.639
0.627
0.614
0.602
0.589
0.577
0.564
0.551
0.539
0.526
0.514
0.501
0.488
0.476
0.463
0.451
0.438
0.426
0.413
0.4
0.388
0.375
0.363
0.35
0.338
0.325
0.312
0.3
0.287
0.275
0.262
0.249
0.237
0.224
0.212
0.199
0.187
0.174
0.161
0.149
0.136
0.124
0.111
0.136
0.16
0.185
0.21
0.235
0.259
0.284
0.309
0.333
0.37
0.407
0.444
0.481
0.519
0.556
0.593
0.63
0.667
0.69
0.714
0.738
0.762
0.786
0.81
0.833
0.857
0.881
0.905
0.929
0.952
0.976
1.0
1.0
1.0
0.992
0.985
0.977
0.969
0.962
0.954
0.946
0.939
0.931
0.923
0.916
0.908
0.9
0.893
0.885
0.877
0.87
0.862
0.854
0.847
0.839
0.831
0.824
0.816
0.808
0.801
0.793
0.785
0.778
0.77
0.762
0.755
0.747
0.739
0.732
0.724
0.716
0.709
0.701
0.693
0.686
0.678
0.67
0.663
0.655
0.648
0.64
0.632
0.625
0.617
0.609
0.602
0.594
0.586
0.579
0.571
0.563
0.556
0.548
0.54
0.533
0.525
0.517
0.51
0.502
0.494
0.487
0.479
0.471
0.464
0.456
0.448
0.441
0.433
0.425
0.418
0.41
0.402
0.395
0.387
0.379
0.372
0.364
0.356
0.349
0.341
0.333
0.37
0.407
0.444
0.481
0.519
0.556
0.593
0.63
0.667
0.62
0.574
0.528
0.481
0.435
0.389
0.343
0.296
0.25
0.252
0.253
0.255
0.256
0.258
0.259
0.261
0.263
0.264
0.266
0.267
0.269
0.27
0.272
0.274
0.275
0.277
0.278
0.28
0.281
0.283
0.285
0.286
0.288
0.289
0.291
0.292
0.294
0.296
0.297
0.299
0.3
0.302
0.303
0.305
0.307
0.308
0.31
0.311
0.313
0.314
0.316
0.318
0.319
0.321
0.322
0.324
0.325
0.327
0.329
0.33
0.332
0.333
0.334
0.334
0.335
0.335
0.335
0.336
0.336
0.337
0.337
0.338
0.338
0.338
0.339
0.339
0.34
0.34
0.341
0.341
0.342
0.342
0.342
0.343
0.343
0.344
0.344
0.345
0.345
0.345
0.346
0.346
0.347
0.347
0.348
0.348
0.348
0.349
0.349
0.35
0.35
0.351
0.351
0.351
0.352
0.352
0.353
0.353
0.354
0.354
0.354
0.355
0.355
0.356
0.356
0.357
0.357
0.357
0.358
0.358
0.359
0.359
0.36
0.36
0.36
0.361
0.361
0.362
0.362
0.363
0.363
0.363
0.364
0.364
0.365
0.365
0.366
0.366
0.366
0.367
0.367
0.368
0.368
0.369
0.369
0.369
0.37
0.37
0.371
0.371
0.372
0.372
0.372
0.373
0.373
0.374
0.374
0.375
0.375
0.375
0.376
0.376
0.377
0.377
0.378
0.378
0.378
0.379
0.379
0.38
0.38
0.381
0.381
0.382
0.382
0.382
0.383
0.383
0.384
0.384
0.385
0.385
0.385
0.386
0.386
0.387
0.387
0.388
0.388
0.388
0.389
0.389
0.39
0.39
0.391
0.391
0.391
0.392
0.392
0.393
0.393
0.394
0.394
0.394
0.395
0.395
0.396
0.396
0.397
0.397
0.397
0.398
0.398
0.399
0.399
0.4
0.4
0.413
0.427
0.44
0.454
0.467
0.481
0.494
0.508
0.521
0.535
0.548
0.562
0.575
0.588
0.602
0.615
0.629
0.642
0.656
0.669
0.683
0.696
0.71
0.723
0.737
0.75
0.74
0.729
0.719
0.708
0.698
0.688
0.677
0.667
0.668
0.668
0.669
0.67
0.671
0.672
0.673
0.674
0.674
0.675
0.676
0.677
0.678
0.679
0.679
0.68
0.681
0.682
0.683
0.684
0.685
0.685
0.686
0.687
0.688
0.689
0.69
0.691
0.691
0.692
0.693
0.694
0.695
0.696
0.697
0.697
0.698
0.699
0.7
0.691
0.683
0.674
0.666
0.657
0.648
0.64
0.631
0.622
0.614
0.605
0.597
0.588
0.579
0.571
0.562
0.553
0.545
0.536
0.528
0.519
0.51
0.502
0.493
0.484
0.476
0.467
0.459
0.45
0.441
0.433
0.424
0.416
0.407
0.398
0.39
0.381
0.372
0.364
0.355
0.347
0.338
0.329
0.321
0.312
0.303
0.295
0.286
0.278
0.269
0.26
0.252
0.243
0.234
0.226
0.217
0.209
0.2
0.25
0.3
0.35
0.4
0.45
0.5
0.55
0.6
0.604
0.608
0.611
0.615
0.619
0.623
0.627
0.631
0.634
0.638
0.642
0.646
0.65
0.654
0.657
0.661
0.665
0.669
0.673
0.677
0.68
0.684
0.688
0.692
0.696
0.7
0.703
0.707
0.711
0.715
0.719
0.722
0.726
0.73
0.734
0.738
0.742
0.745
0.749
0.753
0.757
0.761
0.765
0.768
0.772
0.776
0.78
0.784
0.788
0.791
0.795
0.799
0.803
0.807
0.811
0.814
0.818
0.737
0.657
0.576
0.495
0.414
0.333
0.33
0.327
0.324
0.32
0.317
0.314
0.31
0.307
0.304
0.301
0.297
0.294
0.291
0.288
0.284
0.281
0.278
0.275
0.271
0.268
0.265
0.261
0.258
0.255
0.252
0.248
0.245
0.242
0.239
0.235
0.232
0.229
0.225
0.222
0.224
0.225
0.227
0.228
0.23
0.232
0.233
0.235
0.236
0.238
0.239
0.241
0.242
0.244
0.246
0.247
0.249
0.25
0.252
0.253
0.255
0.256
0.258
0.26
0.261
0.263
0.264
0.266
0.267
0.269
0.27
0.272
0.274
0.275
0.277
0.278
0.28
0.281
0.283
0.284
0.286
0.288
0.289
0.291
0.292
0.294
0.295
0.297
0.298
0.3
0.303
0.306
0.31
0.313
0.316
0.319
0.322
0.325
0.329
0.332
0.335
0.338
0.341
0.344
0.348
0.351
0.354
0.357
0.36
0.363
0.367
0.37
0.373
0.376
0.379
0.383
0.386
0.389
0.392
0.395
0.398
0.402
0.405
0.408
0.411
0.414
0.417
0.421
0.424
0.427
0.43
0.433
0.437
0.44
0.443
0.446
0.449
0.452
0.456
0.459
0.462
0.465
0.468
0.471
0.475
0.478
0.481
0.484
0.487
0.49
0.494
0.497
0.5
0.5
0.5
0.5
0.5
0.5
0.5
0.5
0.5
0.5
0.5
0.5
0.5
0.5
0.5
0.5
0.5
0.5
0.5
0.5
0.5
0.5
0.5
0.5
0.5
0.5
0.5
0.5
0.5
0.5
0.5
0.5
0.5
0.5
0.5
0.5
0.5
0.5
0.5
0.5
0.5
0.5
0.5
0.5
0.5
0.5
0.5
0.5
0.5
0.5
0.5
0.5
0.5
0.5
0.5
0.5
0.5
0.5
0.5
0.5
0.5
0.5
0.5
0.5
0.5
0.5
0.5
0.5
0.5
0.5
0.5
0.5
0.5
0.5
0.5
0.5
0.5
0.5
0.5
0.5
0.55
0.6
0.65
0.7
0.75
0.746
0.741
0.737
0.733
0.728
0.724
0.72
0.716
0.711
0.707
0.703
0.698
0.694
0.69
0.685
0.681
0.677
0.672
0.668
0.664
0.659
0.655
0.651
0.647
0.642
0.638
0.634
0.629
0.625
0.621
0.616
0.612
0.608
0.603
0.599
0.595
0.591
0.586
0.582
0.578
0.573
0.569
0.565
0.56
0.556
0.552
0.547
0.543
0.539
0.534
0.53
0.526
0.522
0.517
0.513
0.509
0.504
0.5
0.496
0.491
0.487
0.483
0.478
0.474
0.47
0.466
0.461
0.457
0.453
0.448
0.444
0.44
0.435
0.431
0.427
0.422
0.418
0.414
0.409
0.405
0.401
0.397
0.392
0.388
0.384
0.379
0.375
0.374
0.373
0.373
0.372
0.371
0.37
0.37
0.369
0.368
0.367
0.367
0.366
0.365
0.364
0.363
0.363
0.362
0.361
0.36
0.36
0.359
0.358
0.357
0.356
0.356
0.355
0.354
0.353
0.353
0.352
0.351
0.35
0.35
0.349
0.348
0.347
0.346
0.346
0.345
0.344
0.343
0.343
0.342
0.341
0.34
0.34
0.339
0.338
0.337
0.336
0.336
0.335
0.334
0.333
0.333
0.332
0.331
0.33
0.329
0.329
0.328
0.327
0.326
0.325
0.325
0.324
0.323
0.322
0.321
0.321
0.32
0.319
0.318
0.317
0.317
0.316
0.315
0.314
0.313
0.313
0.312
0.311
0.31
0.31
0.309
0.308
0.307
0.306
0.306
0.305
0.304
0.303
0.302
0.302
0.301
0.3
0.299
0.298
0.298
0.297
0.296
0.295
0.294
0.294
0.293
0.292
0.291
0.29
0.29
0.289
0.288
0.287
0.287
0.286
0.285
0.284
0.283
0.283
0.282
0.281
0.28
0.279
0.279
0.278
0.277
0.276
0.275
0.275
0.274
0.273
0.272
0.271
0.271
0.27
0.269
0.268
0.267
0.267
0.266
0.265
0.264
0.263
0.263
0.262
0.261
0.26
0.26
0.259
0.258
0.257
0.256
0.256
0.255
0.254
0.253
0.252
0.252
0.251
0.25
0.272
0.293
0.315
0.336
0.358
0.379
0.401
0.422
0.444
0.466
0.487
0.509
0.53
0.552
0.573
0.595
0.616
0.638
0.659
0.681
0.703
0.724
0.746
0.767
0.789
0.81
0.832
0.853
0.875
0.785
0.694
0.604
0.514
0.424
0.333
0.336
0.339
0.341
0.344
0.347
0.349
0.352
0.355
0.358
0.36
0.363
0.366
0.368
0.371
0.374
0.376
0.379
0.382
0.384
0.387
0.39
0.392
0.395
0.398
0.401
0.403
0.406
0.409
0.411
0.414
0.417
0.419
0.422
0.425
0.427
0.43
0.433
0.435
0.438
0.441
0.444
0.446
0.449
0.452
0.454
0.457
0.46
0.462
0.465
0.468
0.47
0.473
0.476
0.478
0.481
0.484
0.487
0.489
0.492
0.495
0.497
0.5
0.489
0.477
0.466
0.455
0.444
0.432
0.421
0.41
0.398
0.387
0.376
0.365
0.353
0.342
0.331
0.32
0.308
0.297
0.286
0.296
0.306
0.317
0.327
0.337
0.348
0.358
0.369
0.379
0.389
0.4
0.41
0.42
0.431
0.441
0.451
0.462
0.472
0.482
0.493
0.503
0.513
0.524
0.534
0.545
0.555
0.565
0.576
0.586
0.596
0.607
0.617
0.627
0.638
0.648
0.658
0.669
0.679
0.689
0.7
0.71
0.72
0.731
0.741
0.752
0.762
0.772
0.783
0.793
0.803
0.814
0.824
0.834
0.845
0.855
0.865
0.876
0.886
0.896
0.907
0.917
0.928
0.938
0.948
0.959
0.969
0.979
0.99
1.0
0.917
0.833
0.75
0.667
0.583
0.5
0.417
0.333
0.333
0.333
0.333
0.333
0.333
0.333
0.333
0.333
0.333
0.333
0.333
0.333
0.333
0.333
0.333
0.333
0.333
0.333
0.333
0.333
0.333
0.333
0.333
0.335
0.338
0.34
0.342
0.344
0.346
0.348
0.351
0.353
0.355
0.357
0.359
0.361
0.364
0.366
0.368
0.37
0.372
0.374
0.377
0.379
0.381
0.383
0.385
0.387
0.39
0.392
0.394
0.396
0.398
0.4
0.403
0.405
0.407
0.409
0.411
0.413
0.416
0.418
0.42
0.422
0.424
0.426
0.429
0.431
0.433
0.435
0.437
0.439
0.442
0.444
0.446
0.448
0.45
0.452
0.455
0.457
0.459
0.461
0.463
0.465
0.468
0.47
0.472
0.474
0.476
0.478
0.481
0.483
0.485
0.487
0.489
0.491
0.494
0.496
0.498
0.5
0.5
0.5
0.5
0.5
0.5
0.5
0.5
0.5
0.5
0.5
0.5
0.5
0.5
0.5
0.5
0.5
0.5
0.5
0.5
0.5
0.5
0.5
0.5
0.5
0.5
0.5
0.5
0.5
0.5
0.5
0.5
0.5
0.5
0.5
0.5
0.5
0.5
0.5
0.5
0.5
0.5
0.5
0.5
0.5
0.5
0.5
0.5
0.5
0.5
0.5
0.5
0.5
0.5
0.5
0.5
0.5
0.5
0.5
0.5
0.5
0.5
0.5
0.5
0.5
0.5
0.5
0.5
0.5
0.5
0.5
0.5
0.5
0.498
0.497
0.495
0.493
0.491
0.49
0.488
0.486
0.484
0.483
0.481
0.479
0.477
0.476
0.474
0.472
0.47
0.469
0.467
0.465
0.464
0.462
0.46
0.458
0.457
0.455
0.453
0.451
0.45
0.448
0.446
0.444
0.443
0.441
0.439
0.438
0.436
0.434
0.432
0.431
0.429
0.427
0.425
0.424
0.422
0.42
0.418
0.417
0.415
0.413
0.411
0.41
0.408
0.406
0.405
0.403
0.401
0.399
0.398
0.396
0.394
0.392
0.391
0.389
0.387
0.385
0.384
0.382
0.38
0.378
0.377
0.375
0.373
0.372
0.37
0.368
0.366
0.365
0.363
0.361
0.359
0.358
0.356
0.354
0.352
0.351
0.349
0.347
0.345
0.344
0.342
0.34
0.339
0.337
0.335
0.333
0.348
0.363
0.378
0.393
0.407
0.422
0.437
0.452
0.467
0.481
0.496
0.511
0.526
0.541
0.556
0.57
0.585
0.6
0.596
0.592
0.588
0.583
0.579
0.575
0.571
0.567
0.562
0.558
0.554
0.55
0.546
0.542
0.538
0.533
0.529
0.525
0.521
0.517
0.512
0.508
0.504
0.5
0.496
0.492
0.488
0.483
0.479
0.475
0.471
0.467
0.462
0.458
0.454
0.45
0.446
0.442
0.438
0.433
0.429
0.425
0.421
0.417
0.413
0.408
0.404
0.4
0.399
0.397
0.396
0.395
0.394
0.392
0.391
0.39
0.389
0.387
0.386
0.385
0.384
0.382
0.381
0.38
0.379
0.377
0.376
0.375
0.374
0.372
0.371
0.37
0.369
0.367
0.366
0.365
0.364
0.362
0.361
0.36
0.358
0.357
0.356
0.355
0.353
0.352
0.351
0.35
0.348
0.347
0.346
0.345
0.343
0.342
0.341
0.34
0.338
0.337
0.336
0.335
0.333
0.333
0.332
0.331
0.33
0.329
0.329
0.328
0.327
0.326
0.325
0.325
0.324
0.323
0.322
0.321
0.321
0.32
0.319
0.318
0.317
0.317
0.316
0.315
0.314
0.313
0.313
0.312
0.311
0.31
0.309
0.309
0.308
0.307
0.306
0.305
0.305
0.304
0.303
0.302
0.301
0.301
0.3
0.299
0.298
0.297
0.297
0.296
0.295
0.294
0.294
0.293
0.292
0.291
0.29
0.29
0.289
0.288
0.287
0.286
0.286
0.285
0.284
0.283
0.282
0.282
0.281
0.28
0.279
0.278
0.278
0.277
0.276
0.275
0.274
0.274
0.273
0.272
0.271
0.27
0.27
0.269
0.268
0.267
0.266
0.266
0.265
0.264
0.263
0.262
0.262
0.261
0.26
0.259
0.258
0.258
0.257
0.256
0.255
0.254
0.254
0.253
0.252
0.251
0.25
0.25
0.249
0.248
0.247
0.247
0.246
0.245
0.244
0.243
0.243
0.242
0.241
0.24
0.239
0.239
0.238
0.237
0.236
0.235
0.235
0.234
0.233
0.232
0.231
0.231
0.23
0.229
0.228
0.227
0.227
0.226
0.225
0.224
0.223
0.223
0.222
0.221
0.22
0.219
0.219
0.218
0.217
0.216
0.215
0.215
0.214
0.213
0.212
0.211
0.211
0.21
0.209
0.208
0.207
0.207
0.206
0.205
0.204
0.204
0.203
0.202
0.201
0.2
0.2
0.199
0.198
0.197
0.196
0.196
0.195
0.194
0.193
0.192
0.192
0.191
0.19
0.189
0.188
0.188
0.187
0.186
0.185
0.184
0.184
0.183
0.182
0.181
0.18
0.18
0.179
0.178
0.177
0.176
0.176
0.175
0.174
0.173
0.172
0.172
0.171
0.17
0.169
0.168
0.168
0.167
0.166
0.165
0.164
0.164
0.163
0.162
0.161
0.16
0.16
0.159
0.158
0.157
0.157
0.156
0.155
0.154
0.153
0.153
0.152
0.151
0.15
0.149
0.149
0.148
0.147
0.146
0.145
0.145
0.144
0.143
0.142
0.141
0.141
0.14
0.139
0.138
0.137
0.137
0.136
0.135
0.134
0.133
0.133
0.132
0.131
0.13
0.129
0.129
0.128
0.127
0.126
0.125
0.125
0.124
0.123
0.122
0.121
0.121
0.12
0.119
0.118
0.117
0.117
0.116
0.115
0.114
0.114
0.113
0.112
0.111
0.136
0.16
0.185
0.21
0.235
0.259
0.284
0.309
0.333
0.37
0.407
0.444
0.481
0.519
0.556
0.593
0.63
0.667
0.69
0.714
0.738
0.762
0.786
0.81
0.833
0.857
0.881
0.905
0.929
0.952
0.976
1.0
0.571
0.143
0.214
0.286
0.357
0.429
0.43
0.431
0.433
0.434
0.435
0.437
0.438
0.439
0.44
0.442
0.443
0.444
0.446
0.447
0.448
0.45
0.451
0.452
0.454
0.455
0.456
0.458
0.459
0.46
0.462
0.463
0.464
0.466
0.467
0.468
0.47
0.471
0.472
0.474
0.475
0.476
0.478
0.479
0.48
0.481
0.483
0.484
0.485
0.487
0.488
0.489
0.491
0.492
0.493
0.495
0.496
0.497
0.499
0.5
0.583
0.667
0.75
0.833
0.917
1.0
0.995
0.99
0.985
0.98
0.975
0.969
0.964
0.959
0.954
0.949
0.944
0.939
0.934
0.929
0.924
0.919
0.913
0.908
0.903
0.898
0.893
0.888
0.883
0.878
0.873
0.868
0.863
0.858
0.852
0.847
0.842
0.837
0.832
0.827
0.822
0.817
0.812
0.807
0.802
0.796
0.791
0.786
0.781
0.776
0.771
0.766
0.761
0.756
0.751
0.746
0.74
0.735
0.73
0.725
0.72
0.715
0.71
0.705
0.7
0.695
0.69
0.684
0.679
0.674
0.669
0.664
0.659
0.654
0.649
0.644
0.639
0.634
0.628
0.623
0.618
0.613
0.608
0.603
0.598
0.593
0.588
0.583
0.578
0.573
0.567
0.562
0.557
0.552
0.547
0.542
0.537
0.532
0.527
0.522
0.517
0.511
0.506
0.501
0.496
0.491
0.486
0.481
0.476
0.471
0.466
0.461
0.455
0.45
0.445
0.44
0.435
0.43
0.425
0.42
0.415
0.41
0.405
0.399
0.394
0.389
0.384
0.379
0.374
0.369
0.364
0.359
0.354
0.349
0.344
0.338
0.333
0.339
0.345
0.351
0.357
0.362
0.368
0.374
0.38
0.386
0.391
0.397
0.403
0.409
0.414
0.42
0.426
0.432
0.438
0.443
0.449
0.455
0.461
0.467
0.472
0.478
0.484
0.49
0.496
0.501
0.507
0.513
0.519
0.525
0.53
0.536
0.542
0.548
0.554
0.559
0.565
0.571
0.577
0.583
0.588
0.594
0.6
0.576
0.551
0.527
0.502
0.478
0.453
0.429
0.404
0.38
0.356
0.331
0.307
0.282
0.258
0.233
0.209
0.184
0.16
0.136
0.111
0.136
0.16
0.185
0.21
0.235
0.259
0.284
0.309
0.333
0.37
0.407
0.444
0.481
0.519
0.556
0.593
0.63
0.667
0.69
0.714
0.738
0.762
0.786
0.81
0.833
0.857
0.881
0.905
0.929
0.952
0.976
1.0
0.995
0.989
0.984
0.978
0.973
0.967
0.962
0.956
0.951
0.945
0.94
0.935
0.929
0.924
0.918
0.913
0.907
0.902
0.896
0.891
0.885
0.88
0.875
0.869
0.864
0.858
0.853
0.847
0.842
0.836
0.831
0.825
0.82
0.815
0.809
0.804
0.798
0.793
0.787
0.782
0.776
0.771
0.765
0.76
0.755
0.749
0.744
0.738
0.733
0.727
0.722
0.716
0.711
0.705
0.7
0.695
0.689
0.684
0.678
0.673
0.667
0.662
0.656
0.651
0.645
0.64
0.635
0.629
0.624
0.618
0.613
0.607
0.602
0.596
0.591
0.585
0.58
0.575
0.569
0.564
0.558
0.553
0.547
0.542
0.536
0.531
0.525
0.52
0.515
0.509
0.504
0.498
0.493
0.487
0.482
0.476
0.471
0.465
0.46
0.455
0.449
0.444
0.438
0.433
0.427
0.422
0.416
0.411
0.405
0.4
0.394
0.389
0.383
0.378
0.372
0.367
0.361
0.356
0.35
0.344
0.339
0.333
0.361
0.389
0.417
0.444
0.472
0.5
0.49
0.48
0.471
0.461
0.451
0.441
0.431
0.422
0.412
0.402
0.392
0.382
0.373
0.363
0.353
0.343
0.333
0.331
0.33
0.328
0.326
0.324
0.322
0.32
0.318
0.316
0.314
0.312
0.31
0.309
0.307
0.305
0.303
0.301
0.299
0.297
0.295
0.293
0.291
0.29
0.288
0.286
0.284
0.282
0.28
0.278
0.276
0.274
0.272
0.27
0.269
0.267
0.265
0.263
0.261
0.259
0.257
0.255
0.253
0.251
0.25
0.248
0.246
0.244
0.242
0.24
0.238
0.236
0.234
0.232
0.23
0.229
0.227
0.225
0.223
0.221
0.219
0.217
0.215
0.213
0.211
0.21
0.208
0.206
0.204
0.202
0.2
0.198
0.196
0.194
0.192
0.19
0.189
0.187
0.185
0.183
0.181
0.179
0.177
0.175
0.173
0.171
0.17
0.168
0.166
0.164
0.162
0.16
0.158
0.156
0.154
0.152
0.15
0.149
0.147
0.145
0.143
0.206
0.27
0.333
0.397
0.46
0.524
0.587
0.651
0.714
0.708
0.701
0.694
0.688
0.681
0.674
0.667
0.661
0.654
0.647
0.641
0.634
0.627
0.621
0.614
0.607
0.6
0.594
0.587
0.58
0.574
0.567
0.56
0.554
0.547
0.54
0.533
0.527
0.52
0.513
0.507
0.5
0.6
0.7
0.8
0.9
1.0
0.993
0.985
0.978
0.97
0.963
0.956
0.948
0.941
0.933
0.926
0.919
0.911
0.904
0.896
0.889
0.881
0.874
0.867
0.859
0.852
0.844
0.837
0.83
0.822
0.815
0.807
0.8
0.793
0.785
0.778
0.77
0.763
0.756
0.748
0.741
0.733
0.726
0.719
0.711
0.704
0.696
0.689
0.681
0.674
0.667
0.659
0.652
0.644
0.637
0.63
0.622
0.615
0.607
0.6
0.593
0.585
0.578
0.57
0.563
0.556
0.548
0.541
0.533
0.526
0.519
0.511
0.504
0.496
0.489
0.481
0.474
0.467
0.459
0.452
0.444
0.437
0.43
0.422
0.415
0.407
0.4
0.393
0.385
0.378
0.37
0.363
0.356
0.348
0.341
0.333
0.333
0.333
0.333
0.333
0.333
0.333
0.333
0.333
0.333
0.333
0.333
0.333
0.333
0.333
0.333
0.333
0.333
0.333
0.333
0.333
0.333
0.333
0.333
0.333
0.333
0.333
0.333
0.333
0.333
0.333
0.333
0.333
0.333
0.333
0.333
0.333
0.333
0.333
0.333
0.333
0.333
0.333
0.333
0.333
0.333
0.333
0.333
0.333
0.381
0.429
0.476
0.524
0.571
0.619
0.667
0.714
0.762
0.81
0.857
0.905
0.952
1.0
0.9
0.8
0.7
0.6
0.5
0.49
0.48
0.471
0.461
0.451
0.441
0.431
0.422
0.412
0.402
0.392
0.382
0.373
0.363
0.353
0.343
0.333
0.335
0.337
0.339
0.341
0.343
0.345
0.347
0.349
0.352
0.354
0.356
0.358
0.36
0.362
0.364
0.366
0.368
0.37
0.372
0.374
0.376
0.378
0.38
0.382
0.384
0.386
0.388
0.39
0.392
0.394
0.396
0.398
0.4
0.402
0.404
0.406
0.408
0.41
0.412
0.414
0.416
0.418
0.42
0.422
0.424
0.426
0.428
0.43
0.432
0.434
0.436
0.438
0.44
0.442
0.444
0.446
0.448
0.451
0.453
0.455
0.457
0.459
0.461
0.463
0.465
0.467
0.469
0.471
0.473
0.475
0.477
0.479
0.481
0.483
0.485
0.487
0.489
0.491
0.493
0.495
0.497
0.499
0.501
0.503
0.505
0.507
0.509
0.511
0.513
0.515
0.517
0.519
0.521
0.523
0.525
0.527
0.529
0.531
0.533
0.535
0.537
0.539
0.541
0.543
0.545
0.547
0.549
0.552
0.554
0.556
0.558
0.56
0.562
0.564
0.566
0.568
0.57
0.572
0.574
0.576
0.578
0.58
0.582
0.584
0.586
0.588
0.59
0.592
0.594
0.596
0.598
0.6
0.602
0.604
0.606
0.608
0.61
0.612
0.614
0.616
0.618
0.62
0.622
0.624
0.626
0.628
0.63
0.632
0.634
0.636
0.638
0.64
0.642
0.644
0.646
0.648
0.651
0.653
0.655
0.657
0.659
0.661
0.663
0.665
0.667
0.666
0.664
0.663
0.662
0.661
0.66
0.659
0.658
0.657
0.656
0.655
0.654
0.652
0.651
0.65
0.649
0.648
0.647
0.646
0.645
0.644
0.643
0.641
0.64
0.639
0.638
0.637
0.636
0.635
0.634
0.633
0.632
0.631
0.629
0.628
0.627
0.626
0.625
0.624
0.623
0.622
0.621
0.62
0.619
0.617
0.616
0.615
0.614
0.613
0.612
0.611
0.61
0.609
0.608
0.606
0.605
0.604
0.603
0.602
0.601
0.6
0.599
0.598
0.597
0.596
0.594
0.593
0.592
0.591
0.59
0.589
0.588
0.587
0.586
0.585
0.583
0.582
0.581
0.58
0.579
0.578
0.577
0.576
0.575
0.574
0.573
0.571
0.568
0.564
0.561
0.557
0.553
0.55
0.546
0.543
0.539
0.535
0.532
0.528
0.525
0.521
0.517
0.514
0.51
0.506
0.503
0.499
0.496
0.492
0.488
0.485
0.481
0.478
0.474
0.47
0.467
0.463
0.46
0.456
0.452
0.449
0.445
0.442
0.438
0.434
0.431
0.427
0.424
0.42
0.416
0.413
0.409
0.405
0.402
0.398
0.395
0.391
0.387
0.384
0.38
0.377
0.373
0.369
0.366
0.362
0.359
0.355
0.351
0.348
0.344
0.341
0.337
0.333
0.333
0.333
0.333
0.333
0.333
0.333
0.333
0.333
0.333
0.333
0.333
0.333
0.333
0.333
0.333
0.333
0.333
0.333
0.333
0.333
0.333
0.333
0.333
0.333
0.333
0.333
0.333
0.333
0.333
0.333
0.333
0.333
0.333
0.333
0.333
0.333
0.333
0.333
0.333
0.333
0.333
0.333
0.333
0.333
0.333
0.333
0.333
0.333
0.333
0.333
0.333
0.333
0.333
0.333
0.333
0.333
0.333
0.333
0.333
0.333
0.333
0.333
0.333
0.333
0.333
0.333
0.333
0.333
0.333
0.333
0.333
0.333
0.333
0.333
0.333
0.333
0.333
0.333
0.333
0.333
0.333
0.333
0.333
0.333
0.333
0.333
0.333
0.333
0.333
0.333
0.333
0.333
0.333
0.333
0.333
0.333
0.333
0.333
0.333
0.333
0.333
0.333
0.333
0.333
0.333
0.333
0.333
0.333
0.333
0.333
0.333
0.333
0.333
0.333
0.333
0.333
0.333
0.333
0.333
0.333
0.333
0.333
0.333
0.333
0.333
0.333
0.333
0.333
0.333
0.333
0.333
0.333
0.333
0.333
0.325
0.316
0.308
0.299
0.291
0.282
0.274
0.265
0.256
0.248
0.239
0.231
0.222
0.244
0.265
0.286
0.308
0.329
0.35
0.372
0.393
0.415
0.436
0.457
0.479
0.5
0.521
0.543
0.564
0.585
0.607
0.628
0.65
0.671
0.692
0.714
0.735
0.756
0.778
0.777
0.777
0.777
0.776
0.776
0.776
0.775
0.775
0.775
0.775
0.774
0.774
0.774
0.773
0.773
0.773
0.772
0.772
0.772
0.771
0.771
0.771
0.77
0.77
0.77
0.769
0.769
0.769
0.768
0.768
0.768
0.767
0.767
0.767
0.766
0.766
0.766
0.765
0.765
0.765
0.764
0.764
0.764
0.763
0.763
0.763
0.762
0.762
0.762
0.761
0.761
0.761
0.76
0.76
0.76
0.759
0.759
0.759
0.758
0.758
0.758
0.758
0.757
0.757
0.757
0.756
0.756
0.756
0.755
0.755
0.755
0.754
0.754
0.754
0.753
0.753
0.753
0.752
0.752
0.752
0.751
0.751
0.751
0.75
0.75
0.644
0.537
0.431
0.324
0.218
0.111
0.136
0.16
0.185
0.21
0.235
0.259
0.284
0.309
0.333
0.37
0.407
0.444
0.481
0.519
0.556
0.593
0.63
0.667
0.69
0.714
0.738
0.762
0.786
0.81
0.833
0.857
0.881
0.905
0.929
0.952
0.976
1.0
0.977
0.955
0.932
0.909
0.886
0.864
0.841
0.818
0.795
0.773
0.75
0.727
0.705
0.682
0.659
0.636
0.614
0.591
0.568
0.545
0.523
0.5
0.477
0.455
0.432
0.409
0.386
0.364
0.368
0.372
0.376
0.381
0.385
0.389
0.394
0.398
0.402
0.406
0.411
0.415
0.419
0.423
0.428
0.432
0.436
0.441
0.445
0.449
0.453
0.458
0.462
0.466
0.47
0.475
0.479
0.483
0.487
0.492
0.496
0.5
0.505
0.509
0.513
0.517
0.522
0.526
0.53
0.534
0.539
0.543
0.547
0.552
0.556
0.56
0.564
0.569
0.573
0.577
0.581
0.586
0.59
0.594
0.599
0.603
0.607
0.611
0.616
0.62
0.624
0.628
0.633
0.637
0.641
0.646
0.65
0.654
0.658
0.663
0.667
0.671
0.675
0.68
0.684
0.688
0.692
0.697
0.701
0.705
0.71
0.714
0.718
0.722
0.727
0.731
0.735
0.739
0.744
0.748
0.752
0.757
0.761
0.765
0.769
0.774
0.778
0.782
0.786
0.791
0.795
0.799
0.804
0.808
0.812
0.816
0.821
0.825
0.829
0.833
0.838
0.842
0.846
0.851
0.855
0.859
0.863
0.868
0.872
0.876
0.88
0.885
0.889
0.893
0.897
0.902
0.906
0.91
0.915
0.919
0.923
0.927
0.932
0.936
0.94
0.944
0.949
0.953
0.957
0.962
0.966
0.97
0.974
0.979
0.983
0.987
0.991
0.996
1.0
0.917
0.833
0.75
0.667
0.661
0.656
0.651
0.645
0.64
0.634
0.629
0.624
0.618
0.613
0.608
0.602
0.597
0.591
0.586
0.581
0.575
0.57
0.565
0.559
0.554
0.548
0.543
0.538
0.532
0.527
0.522
0.516
0.511
0.505
0.5
0.6
0.7
0.8
0.9
1.0
0.977
0.954
0.931
0.909
0.886
0.863
0.84
0.817
0.794
0.771
0.749
0.726
0.703
0.68
0.657
0.634
0.611
0.589
0.566
0.543
0.52
0.497
0.474
0.451
0.429
0.406
0.383
0.36
0.337
0.314
0.291
0.269
0.246
0.223
0.2
0.25
0.3
0.35
0.4
0.45
0.5
0.55
0.6
0.604
0.608
0.611
0.615
0.619
0.623
0.627
0.631
0.634
0.638
0.642
0.646
0.65
0.654
0.657
0.661
0.665
0.669
0.673
0.677
0.68
0.684
0.688
0.692
0.696
0.7
0.703
0.707
0.711
0.715
0.719
0.722
0.726
0.73
0.734
0.738
0.742
0.745
0.749
0.753
0.757
0.761
0.765
0.768
0.772
0.776
0.78
0.784
0.788
0.791
0.795
0.799
0.803
0.807
0.811
0.814
0.818
0.804
0.79
0.776
0.762
0.748
0.735
0.721
0.707
0.693
0.679
0.665
0.651
0.637
0.623
0.609
0.595
0.581
0.567
0.553
0.539
0.525
0.512
0.498
0.484
0.47
0.456
0.442
0.428
0.414
0.4
0.4
0.4
0.4
0.4
0.4
0.4
0.4
0.4
0.4
0.4
0.4
0.4
0.4
0.4
0.4
0.4
0.4
0.4
0.4
0.4
0.4
0.4
0.4
0.4
0.4
0.4
0.4
0.4
0.4
0.4
0.4
0.4
0.4
0.4
0.4
0.4
0.4
0.4
0.4
0.4
0.4
0.4
0.4
0.4
0.4
0.4
0.4
0.4
0.4
0.4
0.4
0.4
0.4
0.4
0.4
0.4
0.4
0.4
0.4
0.4
0.4
0.4
0.4
0.4
0.4
0.4
0.4
0.4
0.4
0.4
0.4
0.4
0.4
0.4
0.4
0.4
0.4
0.4
0.4
0.4
0.4
0.4
0.4
0.4
0.4
0.4
0.4
0.4
0.4
0.4
0.4
0.4
0.4
0.4
0.4
0.4
0.4
0.4
0.4
0.4
0.4
0.4
0.4
0.4
0.4
0.4
0.4
0.4
0.4
0.4
0.4
0.4
0.4
0.4
0.399
0.398
0.398
0.397
0.396
0.395
0.395
0.394
0.393
0.392
0.392
0.391
0.39
0.389
0.389
0.388
0.387
0.386
0.385
0.385
0.384
0.383
0.382
0.382
0.381
0.38
0.379
0.379
0.378
0.377
0.376
0.375
0.375
0.374
0.373
0.372
0.372
0.371
0.37
0.369
0.369
0.368
0.367
0.366
0.366
0.365
0.364
0.363
0.362
0.362
0.361
0.36
0.359
0.359
0.358
0.357
0.356
0.356
0.355
0.354
0.353
0.352
0.352
0.351
0.35
0.349
0.349
0.348
0.347
0.346
0.346
0.345
0.344
0.343
0.343
0.342
0.341
0.34
0.339
0.339
0.338
0.337
0.336
0.336
0.335
0.334
0.333
0.333
0.333
0.333
0.333
0.333
0.333
0.333
0.333
0.333
0.333
0.333
0.333
0.333
0.333
0.333
0.333
0.333
0.333
0.333
0.333
0.333
0.333
0.333
0.333
0.333
0.333
0.333
0.333
0.333
0.333
0.333
0.333
0.333
0.333
0.333
0.333
0.333
0.333
0.333
0.333
0.333
0.333
0.333
0.333
0.333
0.333
0.333
0.333
0.333
0.333
0.333
0.329
0.325
0.32
0.316
0.312
0.307
0.303
0.298
0.294
0.29
0.285
0.281
0.277
0.272
0.268
0.264
0.259
0.255
0.251
0.246
0.242
0.237
0.233
0.229
0.224
0.22
0.216
0.211
0.207
0.203
0.198
0.194
0.19
0.185
0.181
0.176
0.172
0.168
0.163
0.159
0.155
0.15
0.146
0.142
0.137
0.133
0.129
0.124
0.12
0.115
0.111
0.136
0.16
0.185
0.21
0.235
0.259
0.284
0.309
0.333
0.37
0.407
0.444
0.481
0.519
0.556
0.593
0.63
0.667
0.69
0.714
0.738
0.762
0.786
0.81
0.833
0.857
0.881
0.905
0.929
0.952
0.976
1.0
0.984
0.968
0.952
0.937
0.921
0.905
0.889
0.873
0.857
0.841
0.825
0.81
0.794
0.778
0.762
0.746
0.73
0.714
0.698
0.683
0.667
0.651
0.635
0.619
0.603
0.587
0.571
0.556
0.54
0.524
0.508
0.492
0.476
0.46
0.444
0.429
0.413
0.397
0.381
0.365
0.349
0.333
0.339
0.345
0.35
0.356
0.362
0.367
0.373
0.379
0.384
0.39
0.396
0.401
0.407
0.413
0.418
0.424
0.43
0.435
0.441
0.447
0.452
0.458
0.464
0.47
0.475
0.481
0.487
0.492
0.498
0.504
0.509
0.515
0.521
0.526
0.532
0.538
0.543
0.549
0.555
0.56
0.566
0.572
0.577
0.583
0.589
0.594
0.6
0.6
0.6
0.6
0.6
