0.0
0.02
0.039
0.057
0.076
0.094
0.112
0.129
0.146
0.163
0.179
0.196
0.211
0.227
0.242
0.257
0.271
0.286
0.29
0.294
0.298
0.301
0.304
0.307
0.31
0.312
0.315
0.316
0.318
0.32
0.321
0.322
0.322
0.323
0.323
0.323
0.323
0.323
0.322
0.321
0.32
0.319
0.318
0.316
0.315
0.313
0.311
0.309
0.306
0.304
0.301
0.298
0.295
0.292
0.289
0.286
0.282
0.279
0.275
0.271
0.267
0.263
0.259
0.255
0.251
0.246
0.242
0.237
0.233
0.228
0.224
0.219
0.214
0.209
0.204
0.199
0.194
0.189
0.184
0.179
0.174
0.169
0.164
0.159
0.154
0.149
0.144
0.139
0.134
0.129
0.124
0.119
0.114
0.109
0.104
0.1
0.095
0.09
0.086
0.081
0.077
0.075
0.072
0.07
0.068
0.066
0.064
0.062
0.061
0.059
0.057
0.056
0.054
0.053
0.051
0.05
0.049
0.048
0.047
0.046
0.045
0.044
0.043
0.042
0.041
0.041
0.04
0.04
0.039
0.039
0.039
0.038
0.038
0.038
0.038
0.038
0.038
0.038
0.038
0.039
0.039
0.039
0.04
0.04
0.04
0.041
0.042
0.042
0.043
0.044
0.044
0.045
0.046
0.047
0.048
0.049
0.05
0.051
0.052
0.054
0.055
0.056
0.058
0.059
0.06
0.062
0.063
0.065
0.067
0.068
0.07
0.072
0.073
0.075
0.077
0.079
0.081
0.083
0.084
0.086
0.088
0.091
0.093
0.095
0.097
0.099
0.101
0.103
0.106
0.108
0.11
0.113
0.115
0.117
0.12
0.122
0.125
0.127
0.13
0.132
0.135
0.137
0.14
0.142
0.145
0.148
0.15
0.153
0.156
0.159
0.161
0.164
0.167
0.169
0.172
0.175
0.178
0.181
0.184
0.186
0.189
0.192
0.195
0.198
0.201
0.204
0.206
0.209
0.212
0.215
0.218
0.221
0.224
0.227
0.23
0.233
0.236
0.238
0.241
0.244
0.247
0.25
0.253
0.256
0.259
0.262
0.265
0.268
0.27
0.273
0.276
0.279
0.282
0.285
0.288
0.29
0.293
0.296
0.299
0.302
0.304
0.307
0.31
0.312
0.315
0.318
0.321
0.323
0.326
0.328
0.331
0.334
0.336
0.339
0.341
0.344
0.346
0.349
0.351
0.353
0.356
0.358
0.36
0.363
0.365
0.367
0.369
0.372
0.374
0.376
0.378
0.38
0.382
0.384
0.386
0.388
0.39
0.392
0.394
0.395
0.397
0.399
0.4
0.402
0.404
0.405
0.407
0.408
0.41
0.411
0.412
0.414
0.415
0.416
0.417
0.419
0.42
0.421
0.422
0.423
0.424
0.424
0.425
0.426
0.427
0.427
0.428
0.429
0.428
0.428
0.428
0.427
0.427
0.426
0.426
0.426
0.425
0.425
0.424
0.424
0.423
0.423
0.423
0.423
0.422
0.422
0.422
0.422
0.422
0.423
0.423
0.423
0.424
0.425
0.425
0.426
0.427
0.429
0.431
0.433
0.436
0.439
0.441
0.444
0.447
0.45
0.453
0.456
0.459
0.462
0.465
0.468
0.471
0.474
0.477
0.48
0.483
0.486
0.488
0.491
0.493
0.495
0.497
0.499
0.5
0.501
0.502
0.503
0.504
0.504
0.504
0.504
0.504
0.503
0.502
0.5
0.496
0.492
0.487
0.482
0.477
0.472
0.467
0.461
0.456
0.451
0.446
0.441
0.436
0.432
0.428
0.424
0.421
0.418
0.415
0.413
0.412
0.411
0.411
0.412
0.414
0.416
0.419
0.423
0.429
0.447
0.467
0.487
0.508
0.53
0.552
0.575
0.599
0.622
0.646
0.67
0.694
0.718
0.742
0.766
0.789
0.812
0.835
0.857
0.868
0.879
0.889
0.898
0.907
0.915
0.923
0.93
0.937
0.943
0.949
0.954
0.959
0.963
0.967
0.971
0.974
0.977
0.98
0.982
0.983
0.985
0.986
0.987
0.988
0.988
0.988
0.988
0.988
0.988
0.987
0.987
0.986
0.985
0.984
0.983
0.981
0.98
0.979
0.977
0.976
0.975
0.973
0.972
0.971
0.969
0.968
0.967
0.966
0.965
0.965
0.964
0.964
0.964
0.964
0.964
0.965
0.966
0.967
0.968
0.969
0.971
0.974
0.976
0.979
0.983
0.986
0.99
0.995
1.0
1.004
1.009
1.014
1.019
1.024
1.029
1.034
1.039
1.043
1.047
1.05
1.052
1.054
1.054
1.054
1.052
1.049
1.045
1.04
1.032
1.023
1.013
1.0
0.971
0.94
0.908
0.874
0.84
0.806
0.772
0.738
0.704
0.672
0.641
0.611
0.584
0.559
0.536
0.516
0.5
0.517
0.538
0.562
0.588
0.617
0.648
0.68
0.714
0.749
0.785
0.821
0.858
0.895
0.931
0.966
1.0
1.014
1.026
1.037
1.047
1.055
1.063
1.069
1.074
1.078
1.08
1.082
1.083
1.083
1.082
1.079
1.077
1.073
1.068
1.063
1.057
1.05
1.042
1.034
1.025
1.016
1.006
0.995
0.984
0.973
0.961
0.949
0.936
0.923
0.91
0.896
0.882
0.868
0.854
0.84
0.826
0.811
0.797
0.782
0.768
0.753
0.739
0.725
0.71
0.697
0.683
0.669
0.656
0.643
0.631
0.619
0.607
0.596
0.585
0.575
0.565
0.556
0.554
0.554
0.554
0.554
0.556
0.557
0.559
0.562
0.565
0.569
0.573
0.577
0.582
0.588
0.593
0.6
0.606
0.613
0.62
0.627
0.635
0.643
0.652
0.66
0.669
0.678
0.687
0.697
0.707
0.716
0.726
0.736
0.747
0.757
0.768
0.778
0.789
0.799
0.81
0.821
0.831
0.842
0.853
0.863
0.874
0.885
0.895
0.905
0.916
0.926
0.936
0.945
0.955
0.964
0.974
0.983
0.991
1.0
1.0
1.0
0.999
0.999
0.997
0.995
0.993
0.991
0.987
0.983
0.979
0.974
0.968
0.961
0.954
0.946
0.937
0.927
0.916
0.904
0.892
0.878
0.863
0.847
0.83
0.812
0.793
0.772
0.75
0.709
0.667
0.623
0.579
0.535
0.489
0.444
0.398
0.352
0.306
0.26
0.215
0.17
0.126
0.083
0.066
0.049
0.033
0.018
0.004
-0.008
-0.02
-0.031
-0.042
-0.051
-0.059
-0.067
-0.074
-0.08
-0.085
-0.089
-0.093
-0.096
-0.098
-0.099
-0.1
-0.1
-0.1
-0.099
-0.097
-0.095
-0.092
-0.088
-0.084
-0.08
-0.075
-0.069
-0.063
-0.057
-0.05
-0.042
-0.035
-0.026
-0.018
-0.009
0.0
0.01
0.019
0.03
0.04
0.051
0.061
0.073
0.084
0.095
0.107
0.119
0.131
0.143
0.155
0.167
0.179
0.191
0.204
0.216
0.228
0.241
0.253
0.265
0.277
0.289
0.301
0.313
0.324
0.336
0.347
0.358
0.369
0.38
0.39
0.4
0.411
0.423
0.433
0.444
0.454
0.464
0.474
0.484
0.493
0.502
0.511
0.52
0.528
0.536
0.544
0.552
0.559
0.566
0.573
0.58
0.587
0.594
0.6
0.606
0.612
0.618
0.623
0.629
0.634
0.639
0.644
0.649
0.653
0.658
0.662
0.667
0.666
0.664
0.663
0.662
0.66
0.658
0.657
0.655
0.653
0.651
0.649
0.646
0.644
0.642
0.639
0.637
0.634
0.631
0.628
0.625
0.623
0.62
0.616
0.613
0.61
0.607
0.603
0.6
0.597
0.593
0.59
0.586
0.583
0.579
0.575
0.572
0.568
0.564
0.561
0.557
0.553
0.549
0.546
0.542
0.538
0.534
0.53
0.527
0.523
0.519
0.515
0.512
0.508
0.504
0.5
0.497
0.493
0.49
0.486
0.482
0.479
0.476
0.472
0.469
0.466
0.462
0.459
0.456
0.453
0.45
0.447
0.444
0.441
0.439
0.436
0.433
0.431
0.429
0.429
0.43
0.431
0.431
0.432
0.433
0.434
0.436
0.437
0.438
0.44
0.441
0.443
0.444
0.446
0.448
0.45
0.452
0.454
0.456
0.458
0.46
0.462
0.465
0.467
0.469
0.472
0.474
0.477
0.48
0.482
0.485
0.488
0.491
0.494
0.497
0.5
0.503
0.506
0.509
0.512
0.515
0.519
0.522
0.525
0.529
0.532
0.535
0.539
0.542
0.546
0.549
0.553
0.557
0.56
0.564
0.568
0.571
0.575
0.579
0.583
0.586
0.59
0.594
0.598
0.602
0.606
0.609
0.613
0.617
0.621
0.625
0.63
0.634
0.639
0.644
0.649
0.654
0.658
0.663
0.668
0.673
0.677
0.682
0.687
0.692
0.696
0.701
0.706
0.711
0.715
0.72
0.725
0.73
0.734
0.739
0.744
0.749
0.753
0.758
0.763
0.767
0.772
0.777
0.781
0.786
0.791
0.795
0.8
0.805
0.809
0.814
0.818
0.823
0.827
0.832
0.837
0.841
0.845
0.85
0.854
0.859
0.863
0.868
0.872
0.876
0.881
0.885
0.889
0.894
0.898
0.902
0.906
0.911
0.915
0.919
0.923
0.927
0.931
0.935
0.939
0.943
0.947
0.951
0.955
0.959
0.963
0.967
0.971
0.974
0.978
0.982
0.986
0.989
0.993
0.996
1.0
1.0
1.001
1.001
1.001
1.001
1.001
1.001
1.001
1.001
1.001
1.001
1.001
1.001
1.001
1.001
1.001
1.001
1.0
1.0
1.0
0.999
0.999
0.999
0.998
0.998
0.997
0.997
0.996
0.995
0.995
0.994
0.993
0.993
0.992
0.991
0.99
0.99
0.989
0.988
0.987
0.986
0.985
0.984
0.983
0.982
0.981
0.979
0.978
0.977
0.976
0.975
0.973
0.972
0.971
0.969
0.968
0.966
0.965
0.963
0.962
0.96
0.959
0.957
0.955
0.954
0.952
0.95
0.948
0.947
0.945
0.943
0.941
0.939
0.937
0.935
0.933
0.931
0.929
0.927
0.925
0.923
0.921
0.919
0.916
0.914
0.912
0.91
0.907
0.905
0.902
0.9
0.898
0.895
0.893
0.89
0.888
0.885
0.882
0.88
0.877
0.874
0.872
0.869
0.866
0.863
0.861
0.858
0.855
0.852
0.849
0.846
0.843
0.84
0.837
0.834
0.831
0.828
0.825
0.822
0.818
0.815
0.812
0.809
0.806
0.802
0.799
0.796
0.792
0.789
0.785
0.782
0.778
0.775
0.771
0.768
0.764
0.761
0.757
0.753
0.75
0.746
0.742
0.738
0.735
0.731
0.727
0.723
0.719
0.715
0.711
0.707
0.703
0.699
0.695
0.691
0.687
0.683
0.679
0.675
0.671
0.667
0.662
0.657
0.652
0.648
0.643
0.638
0.633
0.628
0.624
0.619
0.614
0.609
0.604
0.6
0.595
0.59
0.585
0.581
0.576
0.571
0.567
0.562
0.557
0.553
0.548
0.544
0.539
0.535
0.531
0.526
0.522
0.518
0.514
0.51
0.506
0.502
0.498
0.494
0.491
0.487
0.483
0.48
0.476
0.473
0.47
0.467
0.464
0.461
0.458
0.455
0.453
0.45
0.448
0.445
0.443
0.441
0.439
0.437
0.435
0.434
0.432
0.431
0.43
0.429
0.428
0.427
0.426
0.426
0.426
0.425
0.425
0.426
0.426
0.426
0.427
0.428
0.429
0.436
0.443
0.45
0.458
0.465
0.473
0.481
0.489
0.497
0.505
0.514
0.522
0.531
0.54
0.549
0.557
0.566
0.576
0.585
0.594
0.603
0.613
0.622
0.632
0.641
0.651
0.66
0.67
0.679
0.689
0.699
0.708
0.718
0.728
0.737
0.747
0.756
0.766
0.775
0.785
0.794
0.804
0.813
0.822
0.832
0.841
0.85
0.859
0.868
0.876
0.885
0.894
0.902
0.911
0.919
0.927
0.935
0.943
0.95
0.958
0.965
0.973
0.98
0.987
0.993
1.0
0.998
0.995
0.993
0.99
0.986
0.983
0.979
0.974
0.97
0.965
0.959
0.953
0.946
0.939
0.931
0.923
0.914
0.905
0.895
0.884
0.872
0.86
0.847
0.833
0.818
0.802
0.786
0.768
0.75
0.719
0.687
0.654
0.621
0.587
0.553
0.519
0.484
0.45
0.416
0.382
0.349
0.317
0.285
0.254
0.223
0.194
0.167
0.161
0.157
0.154
0.152
0.151
0.152
0.154
0.157
0.16
0.165
0.171
0.178
0.185
0.193
0.203
0.212
0.223
0.234
0.246
0.258
0.271
0.285
0.299
0.313
0.327
0.342
0.358
0.373
0.389
0.404
0.42
0.436
0.452
0.468
0.484
0.5
0.513
0.525
0.538
0.55
0.562
0.574
0.586
0.598
0.61
0.621
0.633
0.644
0.655
0.666
0.677
0.687
0.698
0.708
0.719
0.729
0.739
0.749
0.758
0.768
0.777
0.787
0.796
0.805
0.814
0.823
0.831
0.84
0.848
0.856
0.865
0.873
0.88
0.888
0.896
0.903
0.911
0.918
0.925
0.932
0.939
0.945
0.952
0.958
0.965
0.971
0.977
0.983
0.988
0.994
1.0
1.005
1.01
1.015
1.02
1.025
1.03
1.035
1.039
1.044
1.048
1.052
1.056
1.06
1.064
1.068
1.071
1.075
1.078
1.081
1.084
1.087
1.09
1.092
1.095
1.097
1.1
1.102
1.104
1.106
1.108
1.11
1.111
1.113
1.114
1.115
1.116
1.117
1.118
1.119
1.12
1.12
1.121
1.121
1.121
1.121
1.121
1.121
1.121
1.121
1.12
1.119
1.119
1.118
1.117
1.116
1.115
1.113
1.112
1.111
1.109
1.107
1.105
1.103
1.101
1.099
1.097
1.095
1.092
1.089
1.087
1.084
1.081
1.078
1.075
1.072
1.068
1.065
1.061
1.057
1.054
1.05
1.046
1.042
1.037
1.033
1.029
1.024
1.02
1.015
1.01
1.005
1.0
0.986
0.972
0.958
0.944
0.929
0.915
0.901
0.886
0.872
0.857
0.842
0.828
0.813
0.798
0.783
0.768
0.754
0.739
0.724
0.709
0.694
0.679
0.664
0.649
0.635
0.62
0.605
0.59
0.576
0.561
0.546
0.532
0.517
0.503
0.489
0.475
0.46
0.446
0.432
0.419
0.405
0.391
0.378
0.364
0.351
0.338
0.325
0.312
0.299
0.287
0.274
0.262
0.25
0.244
0.237
0.231
0.225
0.22
0.214
0.209
0.204
0.198
0.194
0.189
0.184
0.18
0.176
0.172
0.168
0.164
0.161
0.157
0.154
0.151
0.148
0.146
0.143
0.141
0.139
0.137
0.135
0.133
0.132
0.13
0.129
0.128
0.127
0.126
0.126
0.125
0.125
0.125
0.13
0.135
0.141
0.146
0.152
0.157
0.163
0.169
0.175
0.182
0.188
0.194
0.201
0.208
0.214
0.221
0.228
0.235
0.242
0.249
0.256
0.264
0.271
0.278
0.286
0.293
0.301
0.308
0.316
0.323
0.331
0.338
0.346
0.353
0.361
0.368
0.376
0.383
0.391
0.398
0.406
0.413
0.42
0.428
0.435
0.442
0.449
0.456
0.463
0.47
0.477
0.484
0.49
0.497
0.503
0.509
0.516
0.522
0.528
0.534
0.539
0.545
0.55
0.556
0.556
0.557
0.557
0.558
0.558
0.558
0.558
0.558
0.558
0.557
0.557
0.556
0.555
0.554
0.553
0.552
0.551
0.55
0.548
0.547
0.545
0.543
0.542
0.54
0.538
0.536
0.534
0.532
0.529
0.527
0.525
0.522
0.52
0.517
0.514
0.512
0.509
0.506
0.504
0.501
0.498
0.495
0.492
0.489
0.486
0.483
0.48
0.477
0.474
0.471
0.468
0.465
0.462
0.459
0.456
0.453
0.449
0.446
0.443
0.44
0.437
0.434
0.431
0.429
0.425
0.422
0.419
0.416
0.413
0.41
0.407
0.404
0.402
0.399
0.396
0.393
0.39
0.387
0.385
0.382
0.379
0.377
0.374
0.371
0.369
0.366
0.364
0.361
0.359
0.356
0.354
0.351
0.349
0.346
0.344
0.341
0.339
0.337
0.334
0.332
0.329
0.327
0.325
0.322
0.32
0.318
0.316
0.313
0.311
0.309
0.306
0.304
0.302
0.3
0.297
0.295
0.293
0.291
0.288
0.286
0.284
0.282
0.279
0.277
0.275
0.273
0.271
0.268
0.266
0.264
0.261
0.259
0.257
0.255
0.252
0.25
0.249
0.248
0.247
0.246
0.245
0.244
0.243
0.242
0.241
0.24
0.239
0.238
0.237
0.236
0.235
0.234
0.233
0.232
0.231
0.23
0.229
0.228
0.227
0.226
0.225
0.225
0.224
0.223
0.222
0.221
0.22
0.219
0.218
0.217
0.216
0.215
0.215
0.214
0.213
0.212
0.211
0.211
0.21
0.209
0.208
0.208
0.207
0.206
0.206
0.205
0.205
0.204
0.203
0.203
0.202
0.202
0.202
0.201
0.201
0.2
0.2
0.2
0.199
0.199
0.199
0.199
0.199
0.199
0.199
0.198
0.198
0.198
0.199
0.199
0.199
0.199
0.199
0.199
0.2
0.2
0.2
0.201
0.201
0.202
0.202
0.203
0.204
0.204
0.205
0.206
0.207
0.207
0.208
0.209
0.21
0.211
0.213
0.214
0.215
0.216
0.218
0.219
0.22
0.222
0.223
0.225
0.227
0.228
0.23
0.232
0.234
0.236
0.238
0.24
0.242
0.244
0.247
0.249
0.252
0.254
0.257
0.259
0.262
0.265
0.267
0.27
0.273
0.276
0.279
0.282
0.286
0.291
0.297
0.303
0.308
0.314
0.32
0.326
0.332
0.338
0.344
0.35
0.356
0.362
0.368
0.374
0.381
0.387
0.393
0.399
0.406
0.412
0.418
0.424
0.431
0.437
0.443
0.449
0.456
0.462
0.468
0.474
0.48
0.486
0.492
0.498
0.504
0.51
0.516
0.522
0.527
0.533
0.539
0.544
0.549
0.555
0.56
0.565
0.57
0.575
0.58
0.585
0.59
0.594
0.599
0.603
0.608
0.612
0.616
0.62
0.623
0.627
0.631
0.634
0.637
0.64
0.643
0.646
0.649
0.651
0.653
0.655
0.657
0.659
0.661
0.662
0.663
0.664
0.665
0.666
0.666
0.667
0.66
0.654
0.647
0.64
0.633
0.625
0.618
0.61
0.602
0.594
0.586
0.578
0.569
0.561
0.552
0.544
0.535
0.526
0.517
0.508
0.499
0.489
0.48
0.471
0.462
0.452
0.443
0.433
0.424
0.415
0.405
0.396
0.386
0.377
0.367
0.358
0.349
0.34
0.33
0.321
0.312
0.303
0.294
0.285
0.277
0.268
0.259
0.251
0.243
0.235
0.226
0.219
0.211
0.203
0.196
0.188
0.181
0.174
0.168
0.161
0.155
0.149
0.143
0.143
0.144
0.145
0.146
0.147
0.149
0.15
0.152
0.154
0.156
0.159
0.162
0.165
0.168
0.171
0.174
0.178
0.182
0.186
0.19
0.194
0.199
0.204
0.208
0.213
0.219
0.224
0.229
0.235
0.241
0.247
0.253
0.259
0.266
0.272
0.279
0.286
0.297
0.308
0.319
0.33
0.342
0.353
0.365
0.376
0.388
0.4
0.412
0.424
0.436
0.448
0.461
0.473
0.485
0.498
0.51
0.522
0.535
0.547
0.56
0.572
0.585
0.597
0.609
0.622
0.634
0.647
0.659
0.671
0.683
0.696
0.708
0.72
0.732
0.744
0.755
0.767
0.779
0.79
0.802
0.813
0.824
0.835
0.846
0.857
0.868
0.878
0.889
0.894
0.899
0.904
0.909
0.914
0.918
0.922
0.927
0.931
0.935
0.938
0.942
0.946
0.949
0.952
0.955
0.958
0.961
0.964
0.967
0.969
0.972
0.974
0.976
0.978
0.98
0.982
0.984
0.986
0.987
0.989
0.99
0.992
0.993
0.994
0.995
0.996
0.997
0.998
0.999
0.999
1.0
1.001
1.001
1.001
1.002
1.002
1.002
1.002
1.002
1.003
1.003
1.002
1.002
1.002
1.002
1.002
1.001
1.001
1.001
1.0
1.0
0.996
0.992
0.987
0.983
0.978
0.974
0.969
0.965
0.96
0.955
0.95
0.944
0.939
0.933
0.928
0.922
0.915
0.909
0.902
0.895
0.888
0.881
0.873
0.865
0.857
0.844
0.83
0.816
0.802
0.788
0.773
0.758
0.743
0.728
0.713
0.697
0.682
0.666
0.65
0.634
0.618
0.602
0.586
0.57
0.554
0.538
0.522
0.507
0.491
0.475
0.459
0.444
0.429
0.422
0.416
0.411
0.405
0.4
0.394
0.389
0.384
0.379
0.374
0.37
0.365
0.361
0.357
0.353
0.349
0.346
0.342
0.339
0.336
0.333
0.33
0.328
0.325
0.323
0.32
0.318
0.317
0.315
0.313
0.312
0.311
0.31
0.309
0.308
0.307
0.307
0.307
0.306
0.306
0.307
0.307
0.308
0.308
0.309
0.31
0.311
0.312
0.314
0.315
0.317
0.319
0.321
0.324
0.326
0.329
0.331
0.334
0.337
0.34
0.344
0.347
0.351
0.355
0.359
0.363
0.367
0.372
0.376
0.381
0.386
0.391
0.396
0.402
0.407
0.413
0.419
0.425
0.431
0.438
0.444
0.451
0.458
0.465
0.472
0.479
0.487
0.495
0.502
0.51
0.519
0.527
0.535
0.544
0.553
0.562
0.571
0.58
0.589
0.599
0.609
0.619
0.629
0.639
0.649
0.66
0.671
0.681
0.692
0.704
0.715
0.727
0.738
0.75
0.761
0.771
0.782
0.793
0.804
0.815
0.827
0.838
0.849
0.861
0.872
0.884
0.895
0.906
0.918
0.929
0.94
0.951
0.963
0.974
0.984
0.995
1.006
1.016
1.026
1.037
1.046
1.056
1.066
1.075
1.084
1.092
1.101
1.109
1.117
1.124
1.131
1.138
1.144
1.15
1.156
1.161
1.166
1.17
1.174
1.178
1.181
1.183
1.185
1.187
1.188
1.188
1.188
1.187
1.186
1.184
1.181
1.178
1.174
1.17
1.165
1.159
1.152
1.145
1.137
1.128
1.119
1.109
1.098
1.086
1.073
1.06
1.046
1.03
1.014
0.998
0.98
0.961
0.942
0.921
0.9
0.877
0.854
0.829
0.804
0.777
0.75
0.696
0.642
0.587
0.533
0.478
0.425
0.373
0.322
0.274
0.227
0.183
0.143
0.145
0.151
0.159
0.171
0.185
0.203
0.222
0.244
0.268
0.294
0.322
0.352
0.383
0.416
0.45
0.485
0.52
0.557
0.594
0.632
0.67
0.708
0.746
0.784
0.822
0.859
0.896
0.932
0.966
1.0
1.018
1.035
1.051
1.065
1.079
1.091
1.102
1.113
1.122
1.13
1.137
1.143
1.149
1.153
1.157
1.16
1.162
1.163
1.164
1.164
1.163
1.162
1.16
1.158
1.155
1.152
1.148
1.143
1.139
1.133
1.128
1.122
1.116
1.11
1.103
1.097
1.09
1.083
1.076
1.069
1.061
1.054
1.047
1.04
1.033
1.026
1.019
1.013
1.006
1.0
0.994
0.989
0.983
0.978
0.973
0.969
0.964
0.96
0.956
0.953
0.949
0.946
0.943
0.941
0.938
0.936
0.934
0.932
0.93
0.929
0.928
0.927
0.926
0.925
0.925
0.924
0.924
0.924
0.924
0.925
0.925
0.926
0.927
0.928
0.929
0.93
0.931
0.933
0.935
0.936
0.938
0.94
0.942
0.944
0.947
0.949
0.952
0.954
0.957
0.96
0.963
0.965
0.968
0.972
0.975
0.978
0.981
0.984
0.988
0.991
0.995
0.998
1.002
1.005
1.009
1.013
1.016
1.02
1.024
1.027
1.031
1.035
1.038
1.042
1.046
1.049
1.053
1.057
1.06
1.064
1.067
1.071
1.074
1.078
1.081
1.084
1.088
1.091
1.094
1.097
1.1
1.103
1.106
1.109
1.111
1.114
1.116
1.119
1.121
1.123
1.125
1.127
1.129
1.131
1.133
1.134
1.135
1.137
1.138
1.139
1.14
1.14
1.141
1.141
1.141
1.141
1.141
1.141
1.14
1.14
1.139
1.138
1.136
1.135
1.133
1.131
1.129
1.127
1.125
1.122
1.119
1.116
1.113
1.109
1.105
1.101
1.097
1.092
1.087
1.082
1.077
1.071
1.065
1.059
1.053
1.046
1.039
1.032
1.024
1.017
1.008
1.0
0.986
0.972
0.958
0.943
0.928
0.913
0.898
0.883
0.867
0.852
0.836
0.82
0.805
0.789
0.773
0.757
0.742
0.726
0.711
0.696
0.681
0.666
0.651
0.636
0.622
0.608
0.594
0.581
0.568
0.555
0.543
0.531
0.52
0.509
0.498
0.488
0.479
0.47
0.461
0.454
0.446
0.44
0.434
0.429
0.424
0.421
0.418
0.415
0.414
0.413
0.414
0.415
0.417
0.42
0.424
0.429
0.453
0.479
0.505
0.532
0.559
0.587
0.615
0.644
0.673
0.702
0.731
0.76
0.789
0.817
0.845
0.873
0.9
0.926
0.952
0.976
1.0
1.002
1.004
1.004
1.003
1.002
0.999
0.996
0.991
0.986
0.98
0.973
0.965
0.957
0.948
0.938
0.927
0.916
0.904
0.892
0.879
0.866
0.851
0.837
0.822
0.807
0.791
0.775
0.758
0.741
0.724
0.706
0.689
0.671
0.652
0.634
0.615
0.597
0.578
0.559
0.54
0.521
0.503
0.484
0.465
0.446
0.428
0.409
0.391
0.373
0.355
0.337
0.32
0.302
0.286
0.269
0.253
0.237
0.222
0.215
0.208
0.202
0.196
0.19
0.185
0.18
0.176
0.172
0.168
0.165
0.162
0.159
0.157
0.155
0.154
0.152
0.151
0.151
0.15
0.15
0.151
0.151
0.152
0.153
0.154
0.156
0.158
0.16
0.162
0.164
0.167
0.17
0.173
0.176
0.179
0.183
0.186
0.19
0.194
0.198
0.202
0.206
0.211
0.215
0.22
0.224
0.229
0.234
0.238
0.243
0.248
0.253
0.258
0.263
0.268
0.273
0.278
0.283
0.288
0.293
0.297
0.302
0.307
0.311
0.316
0.32
0.325
0.329
0.333
0.342
0.35
0.358
0.367
0.376
0.386
0.396
0.407
0.418
0.431
0.444
0.463
0.483
0.503
0.524
0.546
0.569
0.591
0.614
0.637
0.659
0.682
0.704
0.725
0.746
0.766
0.785
0.803
0.82
0.835
0.849
0.861
0.871
0.879
0.885
0.889
0.864
0.836
0.807
0.776
0.743
0.708
0.673
0.636
0.598
0.56
0.521
0.481
0.442
0.402
0.363
0.324
0.286
0.265
0.246
0.227
0.209
0.191
0.174
0.158
0.143
0.128
0.114
0.101
0.088
0.076
0.065
0.054
0.044
0.034
0.025
0.017
0.009
0.001
-0.006
-0.012
-0.018
-0.023
-0.028
-0.032
-0.036
-0.039
-0.042
-0.044
-0.046
-0.048
-0.049
-0.05
-0.05
-0.05
-0.049
-0.049
-0.047
-0.046
-0.044
-0.042
-0.039
-0.036
-0.033
-0.03
-0.026
-0.022
-0.018
-0.014
-0.009
-0.004
0.001
0.006
0.011
0.017
0.023
0.029
0.035
0.041
0.048
0.054
0.061
0.068
0.074
0.081
0.088
0.095
0.102
0.109
0.116
0.124
0.131
0.138
0.145
0.152
0.159
0.166
0.173
0.18
0.187
0.193
0.2
0.207
0.214
0.221
0.227
0.234
0.24
0.247
0.253
0.259
0.265
0.271
0.277
0.283
0.288
0.294
0.299
0.305
0.31
0.315
0.32
0.325
0.33
0.335
0.339
0.344
0.349
0.353
0.357
0.361
0.365
0.369
0.373
0.377
0.381
0.385
0.388
0.392
0.395
0.398
0.402
0.405
0.408
0.411
0.414
0.416
0.419
0.422
0.424
0.427
0.429
0.431
0.434
0.436
0.438
0.44
0.442
0.444
0.445
0.447
0.449
0.45
0.452
0.453
0.455
0.456
0.457
0.458
0.459
0.46
0.461
0.462
0.463
0.463
0.464
0.465
0.465
0.466
0.466
0.466
0.467
0.467
0.467
0.467
0.467
0.467
0.467
0.467
0.467
0.466
0.466
0.466
0.465
0.465
0.464
0.464
0.463
0.462
0.461
0.461
0.46
0.459
0.458
0.457
0.456
0.455
0.454
0.453
0.451
0.45
0.449
0.447
0.446
0.444
0.443
0.441
0.44
0.438
0.437
0.435
0.433
0.431
0.43
0.428
0.426
0.424
0.422
0.42
0.418
0.416
0.414
0.412
0.41
0.408
0.405
0.403
0.401
0.399
0.396
0.394
0.392
0.389
0.387
0.384
0.382
0.379
0.377
0.374
0.372
0.369
0.367
0.364
0.361
0.359
0.356
0.353
0.351
0.348
0.345
0.343
0.34
0.337
0.334
0.331
0.329
0.326
0.323
0.32
0.317
0.314
0.311
0.309
0.306
0.303
0.3
0.297
0.294
0.291
0.288
0.285
0.282
0.279
0.277
0.274
0.271
0.268
0.265
0.262
0.259
0.256
0.253
0.25
0.247
0.244
0.242
0.239
0.236
0.233
0.23
0.227
0.224
0.222
0.219
0.216
0.213
0.21
0.208
0.205
0.202
0.199
0.197
0.194
0.191
0.189
0.186
0.183
0.181
0.178
0.176
0.173
0.17
0.168
0.165
0.163
0.161
0.158
0.156
0.153
0.151
0.149
0.146
0.144
0.142
0.14
0.138
0.136
0.133
0.131
0.129
0.127
0.125
0.123
0.121
0.12
0.118
0.116
0.114
0.113
0.111
0.109
0.108
0.106
0.105
0.103
0.102
0.1
0.099
0.098
0.096
0.095
0.094
0.093
0.092
0.091
0.09
0.089
0.088
0.087
0.086
0.085
0.085
0.084
0.084
0.083
0.083
0.082
0.082
0.081
0.081
0.081
0.081
0.081
0.081
0.081
0.081
0.081
0.081
0.082
0.082
0.082
0.083
0.083
0.084
0.085
0.085
0.086
0.087
0.088
0.089
0.09
0.091
0.092
0.093
0.095
0.096
0.098
0.099
0.101
0.103
0.104
0.106
0.108
0.11
0.112
0.114
0.117
0.119
0.121
0.124
0.126
0.129
0.132
0.135
0.138
0.141
0.144
0.147
0.15
0.153
0.157
0.16
0.164
0.167
0.171
0.175
0.179
0.183
0.187
0.191
0.196
0.2
0.209
0.218
0.227
0.236
0.245
0.255
0.264
0.274
0.283
0.293
0.302
0.312
0.321
0.331
0.34
0.35
0.36
0.369
0.379
0.388
0.398
0.407
0.417
0.426
0.435
0.444
0.454
0.463
0.472
0.481
0.49
0.498
0.507
0.515
0.524
0.532
0.54
0.548
0.556
0.564
0.571
0.579
0.586
0.593
0.6
0.6
0.601
0.601
0.601
0.6
0.6
0.599
0.598
0.597
0.596
0.594
0.593
0.591
0.589
0.587
0.584
0.582
0.579
0.576
0.573
0.569
0.566
0.562
0.558
0.554
0.549
0.545
0.54
0.535
0.53
0.524
0.519
0.513
0.507
0.501
0.495
0.488
0.481
0.474
0.467
0.46
0.452
0.444
0.432
0.419
0.406
0.393
0.38
0.367
0.354
0.34
0.327
0.313
0.3
0.286
0.273
0.26
0.246
0.233
0.22
0.207
0.194
0.181
0.169
0.156
0.144
0.132
0.121
0.109
0.098
0.087
0.077
0.077
0.077
0.078
0.078
0.08
0.081
0.083
0.085
0.088
0.09
0.093
0.097
0.1
0.104
0.108
0.113
0.117
0.122
0.127
0.133
0.138
0.144
0.15
0.157
0.163
0.17
0.177
0.184
0.191
0.198
0.206
0.214
0.221
0.229
0.238
0.246
0.254
0.263
0.272
0.28
0.289
0.298
0.307
0.317
0.326
0.335
0.345
0.354
0.364
0.373
0.383
0.393
0.402
0.412
0.422
0.431
0.441
0.451
0.461
0.47
0.48
0.49
0.499
0.509
0.519
0.528
0.538
0.547
0.556
0.566
0.575
0.584
0.593
0.602
0.611
0.619
0.628
0.636
0.645
0.653
0.661
0.669
0.677
0.684
0.692
0.699
0.706
0.713
0.72
0.726
0.732
0.738
0.744
0.75
0.752
0.753
0.755
0.756
0.757
0.757
0.758
0.758
0.758
0.757
0.756
0.755
0.754
0.752
0.75
