1, 0.0;
2, -0.076;
3, -0.15;
4, -0.222;
5, -0.292;
6, -0.36;
7, -0.426;
8, -0.489;
9, -0.551;
10, -0.611;
11, -0.668;
12, -0.724;
13, -0.777;
14, -0.829;
15, -0.879;
16, -0.927;
17, -0.973;
18, -1.017;
19, -1.059;
20, -1.1;
21, -1.139;
22, -1.176;
23, -1.211;
24, -1.245;
25, -1.276;
26, -1.307;
27, -1.335;
28, -1.362;
29, -1.387;
30, -1.411;
31, -1.433;
32, -1.454;
33, -1.473;
34, -1.491;
35, -1.507;
36, -1.521;
37, -1.535;
38, -1.546;
39, -1.557;
40, -1.566;
41, -1.574;
42, -1.58;
43, -1.585;
44, -1.589;
45, -1.591;
46, -1.593;
47, -1.593;
48, -1.592;
49, -1.589;
50, -1.586;
51, -1.581;
52, -1.575;
53, -1.569;
54, -1.561;
55, -1.552;
56, -1.542;
57, -1.531;
58, -1.519;
59, -1.506;
60, -1.492;
61, -1.478;
62, -1.462;
63, -1.445;
64, -1.428;
65, -1.41;
66, -1.391;
67, -1.371;
68, -1.35;
69, -1.329;
70, -1.307;
71, -1.284;
72, -1.261;
73, -1.237;
74, -1.212;
75, -1.187;
76, -1.161;
77, -1.134;
78, -1.107;
79, -1.08;
80, -1.052;
81, -1.023;
82, -0.994;
83, -0.965;
84, -0.935;
85, -0.905;
86, -0.874;
87, -0.843;
88, -0.812;
89, -0.78;
90, -0.748;
91, -0.716;
92, -0.683;
93, -0.65;
94, -0.618;
95, -0.584;
96, -0.551;
97, -0.518;
98, -0.484;
99, -0.451;
100, -0.417;
101, -0.383;
102, -0.35;
103, -0.316;
104, -0.282;
105, -0.248;
106, -0.215;
107, -0.181;
108, -0.147;
109, -0.114;
110, -0.081;
111, -0.048;
112, -0.015;
113, 0.018;
114, 0.05;
115, 0.083;
116, 0.115;
117, 0.146;
118, 0.178;
119, 0.209;
120, 0.239;
121, 0.269;
122, 0.299;
123, 0.329;
124, 0.358;
125, 0.386;
126, 0.414;
127, 0.442;
128, 0.469;
129, 0.496;
130, 0.521;
131, 0.547;
132, 0.571;
133, 0.611;
134, 0.65;
135, 0.689;
136, 0.726;
137, 0.763;
138, 0.8;
139, 0.835;
140, 0.87;
141, 0.903;
142, 0.937;
143, 0.969;
144, 1.0;
145, 1.009;
146, 1.018;
147, 1.026;
148, 1.033;
149, 1.039;
150, 1.044;
151, 1.048;
152, 1.052;
153, 1.055;
154, 1.057;
155, 1.058;
156, 1.059;
157, 1.059;
158, 1.059;
159, 1.058;
160, 1.056;
161, 1.053;
162, 1.05;
163, 1.047;
164, 1.043;
165, 1.038;
166, 1.033;
167, 1.028;
168, 1.021;
169, 1.015;
170, 1.008;
171, 1.001;
172, 0.993;
173, 0.985;
174, 0.976;
175, 0.967;
176, 0.958;
177, 0.949;
178, 0.939;
179, 0.929;
180, 0.918;
181, 0.908;
182, 0.897;
183, 0.886;
184, 0.875;
185, 0.864;
186, 0.853;
187, 0.841;
188, 0.829;
189, 0.818;
190, 0.806;
191, 0.794;
192, 0.782;
193, 0.77;
194, 0.759;
195, 0.747;
196, 0.735;
197, 0.723;
198, 0.712;
199, 0.7;
200, 0.689;
201, 0.678;
202, 0.667;
203, 0.656;
204, 0.645;
205, 0.634;
206, 0.624;
207, 0.614;
208, 0.604;
209, 0.595;
210, 0.586;
211, 0.577;
212, 0.568;
213, 0.56;
214, 0.553;
215, 0.545;
216, 0.538;
217, 0.532;
218, 0.526;
219, 0.52;
220, 0.515;
221, 0.51;
222, 0.506;
223, 0.503;
224, 0.5;
225, 0.507;
226, 0.515;
227, 0.523;
228, 0.532;
229, 0.541;
230, 0.551;
231, 0.561;
232, 0.572;
233, 0.583;
234, 0.594;
235, 0.606;
236, 0.618;
237, 0.631;
238, 0.644;
239, 0.657;
240, 0.67;
241, 0.684;
242, 0.698;
243, 0.712;
244, 0.726;
245, 0.74;
246, 0.755;
247, 0.769;
248, 0.784;
249, 0.799;
250, 0.813;
251, 0.828;
252, 0.843;
253, 0.858;
254, 0.873;
255, 0.887;
256, 0.902;
257, 0.916;
258, 0.931;
259, 0.945;
260, 0.959;
261, 0.973;
262, 0.987;
263, 1.0;
264, 1.005;
265, 1.01;
266, 1.015;
267, 1.019;
268, 1.023;
269, 1.027;
270, 1.031;
271, 1.035;
272, 1.038;
273, 1.041;
274, 1.044;
275, 1.046;
276, 1.049;
277, 1.051;
278, 1.053;
279, 1.054;
280, 1.056;
281, 1.057;
282, 1.058;
283, 1.059;
284, 1.06;
285, 1.06;
286, 1.06;
287, 1.06;
288, 1.06;
289, 1.06;
290, 1.059;
291, 1.059;
292, 1.058;
293, 1.057;
294, 1.056;
295, 1.054;
296, 1.053;
297, 1.051;
298, 1.049;
299, 1.047;
300, 1.045;
301, 1.043;
302, 1.04;
303, 1.037;
304, 1.035;
305, 1.032;
306, 1.029;
307, 1.025;
308, 1.022;
309, 1.018;
310, 1.015;
311, 1.011;
312, 1.007;
313, 1.003;
314, 0.999;
315, 0.995;
316, 0.99;
317, 0.986;
318, 0.981;
319, 0.976;
320, 0.972;
321, 0.967;
322, 0.962;
323, 0.956;
324, 0.951;
325, 0.946;
326, 0.94;
327, 0.935;
328, 0.929;
329, 0.924;
330, 0.918;
331, 0.912;
332, 0.906;
333, 0.9;
334, 0.894;
335, 0.888;
336, 0.882;
337, 0.876;
338, 0.869;
339, 0.863;
340, 0.857;
341, 0.85;
342, 0.844;
343, 0.837;
344, 0.831;
345, 0.824;
346, 0.817;
347, 0.811;
348, 0.804;
349, 0.797;
350, 0.79;
351, 0.784;
352, 0.777;
353, 0.77;
354, 0.763;
355, 0.756;
356, 0.749;
357, 0.742;
358, 0.735;
359, 0.729;
360, 0.722;
361, 0.715;
362, 0.708;
363, 0.701;
364, 0.694;
365, 0.687;
366, 0.68;
367, 0.673;
368, 0.667;
369, 0.661;
370, 0.655;
371, 0.649;
372, 0.643;
373, 0.637;
374, 0.631;
375, 0.625;
376, 0.619;
377, 0.613;
378, 0.607;
379, 0.602;
380, 0.596;
381, 0.59;
382, 0.584;
383, 0.579;
384, 0.573;
385, 0.568;
386, 0.562;
387, 0.556;
388, 0.551;
389, 0.545;
390, 0.54;
391, 0.534;
392, 0.529;
393, 0.524;
394, 0.518;
395, 0.513;
396, 0.508;
397, 0.502;
398, 0.497;
399, 0.492;
400, 0.487;
401, 0.482;
402, 0.477;
403, 0.471;
404, 0.466;
405, 0.461;
406, 0.456;
407, 0.452;
408, 0.447;
409, 0.442;
410, 0.437;
411, 0.432;
412, 0.427;
413, 0.423;
414, 0.418;
415, 0.413;
416, 0.409;
417, 0.404;
418, 0.4;
419, 0.395;
420, 0.391;
421, 0.386;
422, 0.382;
423, 0.378;
424, 0.373;
425, 0.369;
426, 0.365;
427, 0.361;
428, 0.357;
429, 0.352;
430, 0.348;
431, 0.344;
432, 0.34;
433, 0.336;
434, 0.333;
435, 0.329;
436, 0.325;
437, 0.321;
438, 0.317;
439, 0.314;
440, 0.31;
441, 0.307;
442, 0.303;
443, 0.3;
444, 0.296;
445, 0.293;
446, 0.289;
447, 0.286;
448, 0.283;
449, 0.28;
450, 0.276;
451, 0.273;
452, 0.27;
453, 0.267;
454, 0.264;
455, 0.261;
456, 0.258;
457, 0.256;
458, 0.253;
459, 0.25;
460, 0.248;
461, 0.245;
462, 0.242;
463, 0.24;
464, 0.237;
465, 0.235;
466, 0.233;
467, 0.23;
468, 0.228;
469, 0.226;
470, 0.224;
471, 0.221;
472, 0.219;
473, 0.217;
474, 0.216;
475, 0.214;
476, 0.212;
477, 0.21;
478, 0.208;
479, 0.207;
480, 0.205;
481, 0.204;
482, 0.202;
483, 0.201;
484, 0.199;
485, 0.198;
486, 0.197;
487, 0.195;
488, 0.194;
489, 0.193;
490, 0.192;
491, 0.191;
492, 0.19;
493, 0.189;
494, 0.189;
495, 0.188;
496, 0.187;
497, 0.187;
498, 0.186;
499, 0.186;
500, 0.185;
501, 0.185;
502, 0.185;
503, 0.184;
504, 0.184;
505, 0.184;
506, 0.184;
507, 0.184;
508, 0.184;
509, 0.184;
510, 0.185;
511, 0.185;
512, 0.185;
513, 0.186;
514, 0.186;
515, 0.187;
516, 0.187;
517, 0.188;
518, 0.189;
519, 0.19;
520, 0.19;
521, 0.191;
522, 0.192;
523, 0.194;
524, 0.195;
525, 0.196;
526, 0.197;
527, 0.199;
528, 0.2;
529, 0.202;
530, 0.203;
531, 0.205;
532, 0.207;
533, 0.208;
534, 0.21;
535, 0.212;
536, 0.214;
537, 0.216;
538, 0.218;
539, 0.221;
540, 0.223;
541, 0.225;
542, 0.228;
543, 0.23;
544, 0.233;
545, 0.236;
546, 0.239;
547, 0.241;
548, 0.244;
549, 0.247;
550, 0.25;
551, 0.254;
552, 0.257;
553, 0.26;
554, 0.263;
555, 0.267;
556, 0.27;
557, 0.274;
558, 0.278;
559, 0.282;
560, 0.285;
561, 0.289;
562, 0.293;
563, 0.298;
564, 0.302;
565, 0.306;
566, 0.31;
567, 0.315;
568, 0.319;
569, 0.324;
570, 0.329;
571, 0.333;
572, 0.344;
573, 0.354;
574, 0.364;
575, 0.375;
576, 0.385;
577, 0.395;
578, 0.405;
579, 0.415;
580, 0.425;
581, 0.435;
582, 0.444;
583, 0.453;
584, 0.462;
585, 0.47;
586, 0.478;
587, 0.486;
588, 0.493;
589, 0.5;
590, 0.498;
591, 0.495;
592, 0.491;
593, 0.488;
594, 0.483;
595, 0.478;
596, 0.473;
597, 0.467;
598, 0.46;
599, 0.453;
600, 0.445;
601, 0.437;
602, 0.428;
603, 0.418;
604, 0.408;
605, 0.397;
606, 0.386;
607, 0.373;
608, 0.361;
609, 0.347;
610, 0.333;
611, 0.319;
612, 0.305;
613, 0.291;
614, 0.278;
615, 0.265;
616, 0.254;
617, 0.245;
618, 0.238;
619, 0.234;
620, 0.232;
621, 0.234;
622, 0.24;
623, 0.25;
624, 0.291;
625, 0.336;
626, 0.383;
627, 0.432;
628, 0.482;
629, 0.532;
630, 0.579;
631, 0.625;
632, 0.641;
633, 0.654;
634, 0.664;
635, 0.67;
636, 0.675;
637, 0.676;
638, 0.675;
639, 0.673;
640, 0.668;
641, 0.661;
642, 0.652;
643, 0.642;
644, 0.631;
645, 0.619;
646, 0.606;
647, 0.591;
648, 0.577;
649, 0.562;
650, 0.546;
651, 0.531;
652, 0.515;
653, 0.5;
654, 0.487;
655, 0.474;
656, 0.461;
657, 0.45;
658, 0.438;
659, 0.427;
660, 0.416;
661, 0.406;
662, 0.396;
663, 0.386;
664, 0.377;
665, 0.368;
666, 0.359;
667, 0.351;
668, 0.344;
669, 0.336;
670, 0.329;
671, 0.322;
672, 0.316;
673, 0.31;
674, 0.304;
675, 0.298;
676, 0.293;
677, 0.288;
678, 0.284;
679, 0.279;
680, 0.275;
681, 0.271;
682, 0.268;
683, 0.265;
684, 0.262;
685, 0.259;
686, 0.256;
687, 0.254;
688, 0.252;
689, 0.25;
690, 0.248;
691, 0.247;
692, 0.246;
693, 0.244;
694, 0.244;
695, 0.243;
696, 0.242;
697, 0.242;
698, 0.242;
699, 0.242;
700, 0.242;
701, 0.242;
702, 0.242;
703, 0.243;
704, 0.244;
705, 0.244;
706, 0.245;
707, 0.246;
708, 0.247;
709, 0.248;
710, 0.25;
711, 0.251;
712, 0.252;
713, 0.254;
714, 0.255;
715, 0.257;
716, 0.258;
717, 0.26;
718, 0.262;
719, 0.264;
720, 0.265;
721, 0.267;
722, 0.269;
723, 0.271;
724, 0.272;
725, 0.274;
726, 0.276;
727, 0.278;
728, 0.279;
729, 0.281;
730, 0.283;
731, 0.284;
732, 0.286;
733, 0.289;
734, 0.293;
735, 0.297;
736, 0.3;
737, 0.304;
738, 0.307;
739, 0.31;
740, 0.314;
741, 0.317;
742, 0.32;
743, 0.323;
744, 0.326;
745, 0.329;
746, 0.332;
747, 0.335;
748, 0.338;
749, 0.341;
750, 0.343;
751, 0.346;
752, 0.349;
753, 0.351;
754, 0.354;
755, 0.357;
756, 0.359;
757, 0.361;
758, 0.364;
759, 0.366;
760, 0.369;
761, 0.371;
762, 0.373;
763, 0.375;
764, 0.377;
765, 0.38;
766, 0.382;
767, 0.384;
768, 0.386;
769, 0.388;
770, 0.39;
771, 0.392;
772, 0.393;
773, 0.395;
774, 0.397;
775, 0.399;
776, 0.401;
777, 0.402;
778, 0.404;
779, 0.406;
780, 0.407;
781, 0.409;
782, 0.41;
783, 0.412;
784, 0.413;
785, 0.415;
786, 0.416;
787, 0.418;
788, 0.419;
789, 0.421;
790, 0.422;
791, 0.423;
792, 0.425;
793, 0.426;
794, 0.427;
795, 0.429;
796, 0.43;
797, 0.431;
798, 0.432;
799, 0.434;
800, 0.435;
801, 0.436;
802, 0.437;
803, 0.438;
804, 0.439;
805, 0.441;
806, 0.442;
807, 0.443;
808, 0.444;
809, 0.445;
810, 0.446;
811, 0.447;
812, 0.448;
813, 0.449;
814, 0.45;
815, 0.451;
816, 0.452;
817, 0.454;
818, 0.455;
819, 0.456;
820, 0.457;
821, 0.458;
822, 0.459;
823, 0.46;
824, 0.461;
825, 0.462;
826, 0.463;
827, 0.464;
828, 0.465;
829, 0.466;
830, 0.467;
831, 0.468;
832, 0.469;
833, 0.47;
834, 0.471;
835, 0.472;
836, 0.474;
837, 0.475;
838, 0.476;
839, 0.477;
840, 0.478;
841, 0.479;
842, 0.48;
843, 0.482;
844, 0.483;
845, 0.484;
846, 0.485;
847, 0.487;
848, 0.488;
849, 0.489;
850, 0.49;
851, 0.492;
852, 0.493;
853, 0.494;
854, 0.496;
855, 0.497;
856, 0.499;
857, 0.5;
858, 0.501;
859, 0.502;
860, 0.503;
861, 0.504;
862, 0.505;
863, 0.506;
864, 0.507;
865, 0.508;
866, 0.509;
867, 0.51;
868, 0.511;
869, 0.513;
870, 0.514;
871, 0.515;
872, 0.516;
873, 0.517;
874, 0.518;
875, 0.52;
876, 0.521;
877, 0.522;
878, 0.523;
879, 0.525;
880, 0.526;
881, 0.527;
882, 0.528;
883, 0.53;
884, 0.531;
885, 0.532;
886, 0.534;
887, 0.535;
888, 0.536;
889, 0.537;
890, 0.539;
891, 0.54;
892, 0.541;
893, 0.542;
894, 0.544;
895, 0.545;
896, 0.546;
897, 0.548;
898, 0.549;
899, 0.55;
900, 0.551;
901, 0.552;
902, 0.554;
903, 0.555;
904, 0.556;
905, 0.557;
906, 0.558;
907, 0.56;
908, 0.561;
909, 0.562;
910, 0.563;
911, 0.564;
912, 0.565;
913, 0.566;
914, 0.567;
915, 0.568;
916, 0.569;
917, 0.57;
918, 0.571;
919, 0.572;
920, 0.573;
921, 0.574;
922, 0.574;
923, 0.575;
924, 0.576;
925, 0.577;
926, 0.578;
927, 0.578;
928, 0.579;
929, 0.579;
930, 0.58;
931, 0.581;
932, 0.581;
933, 0.582;
934, 0.582;
935, 0.583;
936, 0.583;
937, 0.583;
938, 0.584;
939, 0.584;
940, 0.584;
941, 0.584;
942, 0.585;
943, 0.585;
944, 0.585;
945, 0.585;
946, 0.585;
947, 0.585;
948, 0.585;
949, 0.584;
950, 0.584;
951, 0.584;
952, 0.584;
953, 0.583;
954, 0.583;
955, 0.582;
956, 0.582;
957, 0.581;
958, 0.581;
959, 0.58;
960, 0.579;
961, 0.579;
962, 0.578;
963, 0.577;
964, 0.576;
965, 0.575;
966, 0.574;
967, 0.573;
968, 0.571;
969, 0.569;
970, 0.567;
971, 0.564;
972, 0.562;
973, 0.559;
974, 0.556;
975, 0.554;
976, 0.551;
977, 0.548;
978, 0.545;
979, 0.542;
980, 0.539;
981, 0.536;
982, 0.533;
983, 0.53;
984, 0.527;
985, 0.524;
986, 0.52;
987, 0.517;
988, 0.514;
989, 0.511;
990, 0.507;
991, 0.504;
992, 0.5;
993, 0.497;
994, 0.494;
995, 0.49;
996, 0.487;
997, 0.483;
998, 0.479;
999, 0.476;
1000, 0.472;
1001, 0.469;
1002, 0.465;
1003, 0.461;
1004, 0.458;
1005, 0.454;
1006, 0.451;
1007, 0.447;
1008, 0.443;
1009, 0.439;
1010, 0.436;
1011, 0.432;
1012, 0.428;
1013, 0.425;
1014, 0.421;
1015, 0.417;
1016, 0.414;
1017, 0.41;
1018, 0.406;
1019, 0.403;
1020, 0.399;
1021, 0.396;
1022, 0.392;
1023, 0.388;
1024, 0.385;
1025, 0.381;
1026, 0.378;
1027, 0.374;
1028, 0.371;
1029, 0.367;
1030, 0.364;
1031, 0.361;
1032, 0.357;
1033, 0.354;
1034, 0.351;
1035, 0.347;
1036, 0.344;
1037, 0.341;
1038, 0.338;
1039, 0.335;
1040, 0.331;
1041, 0.328;
1042, 0.325;
1043, 0.322;
1044, 0.32;
1045, 0.317;
1046, 0.314;
1047, 0.311;
1048, 0.308;
1049, 0.306;
1050, 0.303;
1051, 0.301;
1052, 0.298;
1053, 0.296;
1054, 0.293;
1055, 0.291;
1056, 0.289;
1057, 0.287;
1058, 0.285;
1059, 0.283;
1060, 0.281;
1061, 0.279;
1062, 0.277;
1063, 0.275;
1064, 0.274;
1065, 0.272;
1066, 0.271;
1067, 0.269;
1068, 0.268;
1069, 0.267;
1070, 0.265;
1071, 0.264;
1072, 0.263;
1073, 0.262;
1074, 0.262;
1075, 0.261;
1076, 0.26;
1077, 0.26;
1078, 0.259;
1079, 0.259;
1080, 0.259;
1081, 0.259;
1082, 0.259;
1083, 0.259;
1084, 0.259;
1085, 0.259;
1086, 0.26;
1087, 0.26;
1088, 0.261;
1089, 0.261;
1090, 0.262;
1091, 0.263;
1092, 0.264;
1093, 0.265;
1094, 0.267;
1095, 0.268;
1096, 0.27;
1097, 0.271;
1098, 0.273;
1099, 0.275;
1100, 0.277;
1101, 0.279;
1102, 0.282;
1103, 0.284;
1104, 0.287;
1105, 0.289;
1106, 0.292;
1107, 0.295;
1108, 0.298;
1109, 0.302;
1110, 0.305;
1111, 0.309;
1112, 0.312;
1113, 0.316;
1114, 0.32;
1115, 0.325;
1116, 0.329;
1117, 0.333;
1118, 0.344;
1119, 0.355;
1120, 0.366;
1121, 0.378;
1122, 0.389;
1123, 0.401;
1124, 0.412;
1125, 0.424;
1126, 0.436;
1127, 0.448;
1128, 0.46;
1129, 0.472;
1130, 0.484;
1131, 0.496;
1132, 0.509;
1133, 0.521;
1134, 0.533;
1135, 0.546;
1136, 0.558;
1137, 0.571;
1138, 0.583;
1139, 0.596;
1140, 0.608;
1141, 0.62;
1142, 0.633;
1143, 0.645;
1144, 0.657;
1145, 0.67;
1146, 0.682;
1147, 0.694;
1148, 0.706;
1149, 0.718;
1150, 0.73;
1151, 0.742;
1152, 0.754;
1153, 0.765;
1154, 0.777;
1155, 0.788;
1156, 0.799;
1157, 0.811;
1158, 0.822;
1159, 0.832;
1160, 0.843;
1161, 0.854;
1162, 0.864;
1163, 0.874;
1164, 0.884;
1165, 0.894;
1166, 0.903;
1167, 0.913;
1168, 0.922;
1169, 0.931;
1170, 0.94;
1171, 0.948;
1172, 0.956;
1173, 0.964;
1174, 0.972;
1175, 0.979;
1176, 0.987;
1177, 0.993;
1178, 1.0;
1179, 0.996;
1180, 0.991;
1181, 0.986;
1182, 0.981;
1183, 0.975;
1184, 0.969;
1185, 0.963;
1186, 0.957;
1187, 0.95;
1188, 0.943;
1189, 0.936;
1190, 0.928;
1191, 0.921;
1192, 0.913;
1193, 0.904;
1194, 0.896;
1195, 0.887;
1196, 0.878;
1197, 0.869;
1198, 0.859;
1199, 0.849;
1200, 0.839;
1201, 0.829;
1202, 0.818;
1203, 0.807;
1204, 0.796;
1205, 0.785;
1206, 0.774;
1207, 0.762;
1208, 0.75;
1209, 0.738;
1210, 0.726;
1211, 0.713;
1212, 0.7;
1213, 0.687;
1214, 0.674;
1215, 0.661;
1216, 0.647;
1217, 0.633;
1218, 0.619;
1219, 0.605;
1220, 0.59;
1221, 0.576;
1222, 0.561;
1223, 0.546;
1224, 0.531;
1225, 0.516;
1226, 0.5;
1227, 0.48;
1228, 0.459;
1229, 0.439;
1230, 0.419;
1231, 0.399;
1232, 0.379;
1233, 0.359;
1234, 0.34;
1235, 0.321;
1236, 0.303;
1237, 0.286;
1238, 0.282;
1239, 0.279;
1240, 0.276;
1241, 0.274;
1242, 0.273;
1243, 0.273;
1244, 0.273;
1245, 0.273;
1246, 0.274;
1247, 0.276;
1248, 0.278;
1249, 0.281;
1250, 0.284;
1251, 0.288;
1252, 0.292;
1253, 0.297;
1254, 0.302;
1255, 0.308;
1256, 0.314;
1257, 0.32;
1258, 0.327;
1259, 0.334;
1260, 0.341;
1261, 0.348;
1262, 0.356;
1263, 0.365;
1264, 0.373;
1265, 0.382;
1266, 0.39;
1267, 0.399;
1268, 0.409;
1269, 0.418;
1270, 0.428;
1271, 0.437;
1272, 0.447;
1273, 0.457;
1274, 0.467;
1275, 0.477;
1276, 0.487;
1277, 0.497;
1278, 0.507;
1279, 0.517;
1280, 0.527;
1281, 0.537;
1282, 0.546;
1283, 0.556;
1284, 0.566;
1285, 0.575;
1286, 0.585;
1287, 0.594;
1288, 0.603;
1289, 0.612;
1290, 0.62;
1291, 0.629;
1292, 0.637;
1293, 0.645;
1294, 0.652;
1295, 0.66;
1296, 0.667;
1297, 0.669;
1298, 0.67;
1299, 0.671;
1300, 0.672;
1301, 0.673;
1302, 0.673;
1303, 0.673;
1304, 0.673;
1305, 0.672;
1306, 0.671;
1307, 0.67;
1308, 0.669;
1309, 0.668;
1310, 0.666;
1311, 0.664;
1312, 0.662;
1313, 0.659;
1314, 0.656;
1315, 0.654;
1316, 0.651;
1317, 0.647;
1318, 0.644;
1319, 0.641;
1320, 0.637;
1321, 0.633;
1322, 0.629;
1323, 0.625;
1324, 0.621;
1325, 0.617;
1326, 0.613;
1327, 0.608;
1328, 0.604;
1329, 0.599;
1330, 0.594;
1331, 0.59;
1332, 0.585;
1333, 0.58;
1334, 0.575;
1335, 0.57;
1336, 0.565;
1337, 0.561;
1338, 0.556;
1339, 0.551;
1340, 0.546;
1341, 0.541;
1342, 0.536;
1343, 0.531;
1344, 0.527;
1345, 0.522;
1346, 0.518;
1347, 0.513;
1348, 0.509;
1349, 0.504;
1350, 0.5;
1351, 0.498;
1352, 0.496;
1353, 0.494;
1354, 0.493;
1355, 0.491;
1356, 0.49;
1357, 0.488;
1358, 0.487;
1359, 0.486;
1360, 0.485;
1361, 0.484;
1362, 0.483;
1363, 0.482;
1364, 0.482;
1365, 0.481;
1366, 0.481;
1367, 0.48;
1368, 0.48;
1369, 0.48;
1370, 0.48;
1371, 0.48;
1372, 0.48;
1373, 0.48;
1374, 0.48;
1375, 0.48;
1376, 0.481;
1377, 0.481;
1378, 0.482;
1379, 0.483;
1380, 0.483;
1381, 0.484;
1382, 0.485;
1383, 0.486;
1384, 0.487;
1385, 0.488;
1386, 0.489;
1387, 0.49;
1388, 0.492;
1389, 0.493;
1390, 0.494;
1391, 0.496;
1392, 0.498;
1393, 0.499;
1394, 0.501;
1395, 0.503;
1396, 0.505;
1397, 0.506;
1398, 0.508;
1399, 0.51;
1400, 0.512;
1401, 0.515;
1402, 0.517;
1403, 0.519;
1404, 0.521;
1405, 0.524;
1406, 0.526;
1407, 0.529;
1408, 0.531;
1409, 0.534;
1410, 0.536;
1411, 0.539;
1412, 0.542;
1413, 0.544;
1414, 0.547;
1415, 0.55;
1416, 0.553;
1417, 0.556;
1418, 0.559;
1419, 0.562;
1420, 0.565;
1421, 0.568;
1422, 0.571;
1423, 0.574;
1424, 0.577;
1425, 0.58;
1426, 0.583;
1427, 0.587;
1428, 0.59;
1429, 0.593;
1430, 0.597;
1431, 0.6;
1432, 0.607;
1433, 0.613;
1434, 0.62;
1435, 0.626;
1436, 0.633;
1437, 0.64;
1438, 0.646;
1439, 0.653;
1440, 0.66;
1441, 0.667;
1442, 0.674;
1443, 0.681;
1444, 0.687;
1445, 0.694;
1446, 0.701;
1447, 0.708;
1448, 0.715;
1449, 0.723;
1450, 0.73;
1451, 0.737;
1452, 0.744;
1453, 0.751;
1454, 0.759;
1455, 0.766;
1456, 0.773;
1457, 0.781;
1458, 0.788;
1459, 0.796;
1460, 0.803;
1461, 0.811;
1462, 0.818;
1463, 0.826;
1464, 0.834;
1465, 0.842;
1466, 0.85;
1467, 0.857;
1468, 0.865;
1469, 0.873;
1470, 0.881;
1471, 0.89;
1472, 0.898;
1473, 0.906;
1474, 0.914;
1475, 0.922;
1476, 0.931;
1477, 0.939;
1478, 0.948;
1479, 0.956;
1480, 0.965;
1481, 0.974;
1482, 0.982;
1483, 0.991;
1484, 1.0;
1485, 1.001;
1486, 1.002;
1487, 1.002;
1488, 1.003;
1489, 1.004;
1490, 1.005;
1491, 1.005;
1492, 1.006;
1493, 1.007;
1494, 1.007;
1495, 1.007;
1496, 1.007;
1497, 1.007;
1498, 1.007;
1499, 1.006;
1500, 1.005;
1501, 1.004;
1502, 1.003;
1503, 1.001;
1504, 0.999;
1505, 0.997;
1506, 0.994;
1507, 0.991;
1508, 0.988;
1509, 0.984;
1510, 0.979;
1511, 0.974;
1512, 0.969;
1513, 0.963;
1514, 0.956;
1515, 0.949;
1516, 0.942;
1517, 0.933;
1518, 0.925;
1519, 0.915;
1520, 0.905;
1521, 0.894;
1522, 0.882;
1523, 0.87;
1524, 0.857;
1525, 0.843;
1526, 0.829;
1527, 0.813;
1528, 0.797;
1529, 0.78;
1530, 0.762;
1531, 0.743;
1532, 0.723;
1533, 0.702;
1534, 0.681;
1535, 0.658;
1536, 0.634;
1537, 0.609;
1538, 0.584;
1539, 0.557;
1540, 0.529;
1541, 0.5;
1542, 0.461;
1543, 0.423;
1544, 0.386;
1545, 0.353;
1546, 0.325;
1547, 0.303;
1548, 0.29;
1549, 0.286;
1550, 0.332;
1551, 0.387;
1552, 0.446;
1553, 0.508;
1554, 0.569;
1555, 0.625;
1556, 0.675;
1557, 0.714;
1558, 0.694;
1559, 0.662;
1560, 0.622;
1561, 0.576;
1562, 0.526;
1563, 0.474;
1564, 0.423;
1565, 0.376;
1566, 0.333;
1567, 0.327;
1568, 0.328;
1569, 0.334;
1570, 0.346;
1571, 0.362;
1572, 0.381;
1573, 0.403;
1574, 0.427;
1575, 0.452;
1576, 0.476;
1577, 0.5;
1578, 0.512;
1579, 0.523;
1580, 0.533;
1581, 0.54;
1582, 0.547;
1583, 0.551;
1584, 0.555;
1585, 0.557;
1586, 0.558;
1587, 0.558;
1588, 0.557;
1589, 0.555;
1590, 0.551;
1591, 0.547;
1592, 0.542;
1593, 0.537;
1594, 0.53;
1595, 0.523;
1596, 0.515;
1597, 0.507;
1598, 0.498;
1599, 0.489;
1600, 0.479;
1601, 0.469;
1602, 0.459;
1603, 0.449;
1604, 0.438;
1605, 0.428;
1606, 0.417;
1607, 0.407;
1608, 0.397;
1609, 0.387;
1610, 0.377;
1611, 0.367;
1612, 0.358;
1613, 0.349;
1614, 0.341;
1615, 0.333;
1616, 0.333;
1617, 0.333;
1618, 0.334;
1619, 0.335;
1620, 0.337;
1621, 0.339;
1622, 0.342;
1623, 0.345;
1624, 0.349;
1625, 0.354;
1626, 0.358;
1627, 0.364;
1628, 0.37;
1629, 0.376;
1630, 0.382;
1631, 0.389;
1632, 0.397;
1633, 0.404;
1634, 0.412;
1635, 0.421;
1636, 0.429;
1637, 0.438;
1638, 0.448;
1639, 0.457;
1640, 0.467;
1641, 0.477;
1642, 0.488;
1643, 0.498;
1644, 0.509;
1645, 0.52;
1646, 0.531;
1647, 0.543;
1648, 0.554;
1649, 0.566;
1650, 0.577;
1651, 0.589;
1652, 0.601;
1653, 0.613;
1654, 0.625;
1655, 0.637;
1656, 0.649;
1657, 0.662;
1658, 0.674;
1659, 0.686;
1660, 0.698;
1661, 0.71;
1662, 0.722;
1663, 0.734;
1664, 0.746;
1665, 0.758;
1666, 0.769;
1667, 0.781;
1668, 0.792;
1669, 0.804;
1670, 0.815;
1671, 0.826;
1672, 0.836;
1673, 0.847;
1674, 0.857;
1675, 0.861;
1676, 0.864;
1677, 0.867;
1678, 0.869;
1679, 0.872;
1680, 0.874;
1681, 0.876;
1682, 0.877;
1683, 0.879;
1684, 0.88;
1685, 0.881;
1686, 0.882;
1687, 0.883;
1688, 0.883;
1689, 0.884;
1690, 0.884;
1691, 0.884;
1692, 0.883;
1693, 0.883;
1694, 0.882;
1695, 0.881;
1696, 0.88;
1697, 0.879;
1698, 0.877;
1699, 0.876;
1700, 0.874;
1701, 0.872;
1702, 0.87;
1703, 0.868;
1704, 0.865;
1705, 0.863;
1706, 0.86;
1707, 0.857;
1708, 0.854;
1709, 0.851;
1710, 0.847;
1711, 0.844;
1712, 0.84;
1713, 0.836;
1714, 0.833;
1715, 0.829;
1716, 0.824;
1717, 0.82;
1718, 0.816;
1719, 0.811;
1720, 0.806;
1721, 0.802;
1722, 0.797;
1723, 0.792;
1724, 0.787;
1725, 0.781;
1726, 0.776;
1727, 0.771;
1728, 0.765;
1729, 0.76;
1730, 0.754;
1731, 0.748;
1732, 0.742;
1733, 0.736;
1734, 0.73;
1735, 0.724;
1736, 0.718;
1737, 0.712;
1738, 0.706;
1739, 0.699;
1740, 0.693;
1741, 0.686;
1742, 0.68;
1743, 0.673;
1744, 0.666;
1745, 0.66;
1746, 0.653;
1747, 0.646;
1748, 0.639;
1749, 0.632;
1750, 0.626;
1751, 0.619;
1752, 0.612;
1753, 0.605;
1754, 0.598;
1755, 0.591;
1756, 0.584;
1757, 0.576;
1758, 0.569;
1759, 0.562;
1760, 0.555;
1761, 0.548;
1762, 0.541;
1763, 0.534;
1764, 0.527;
1765, 0.52;
1766, 0.512;
1767, 0.505;
1768, 0.498;
1769, 0.491;
1770, 0.484;
1771, 0.477;
1772, 0.47;
1773, 0.463;
1774, 0.456;
1775, 0.449;
1776, 0.442;
1777, 0.436;
1778, 0.429;
1779, 0.422;
1780, 0.415;
1781, 0.409;
1782, 0.402;
1783, 0.396;
1784, 0.389;
1785, 0.383;
1786, 0.376;
1787, 0.37;
1788, 0.364;
1789, 0.358;
1790, 0.352;
1791, 0.346;
1792, 0.34;
1793, 0.334;
1794, 0.328;
1795, 0.323;
1796, 0.317;
1797, 0.312;
1798, 0.306;
1799, 0.301;
1800, 0.296;
1801, 0.291;
1802, 0.286;
1803, 0.282;
1804, 0.279;
1805, 0.276;
1806, 0.273;
1807, 0.27;
1808, 0.268;
1809, 0.265;
1810, 0.263;
1811, 0.261;
1812, 0.258;
1813, 0.257;
1814, 0.255;
1815, 0.253;
1816, 0.252;
1817, 0.25;
1818, 0.249;
1819, 0.249;
1820, 0.248;
1821, 0.247;
1822, 0.247;
1823, 0.247;
1824, 0.247;
1825, 0.248;
1826, 0.248;
1827, 0.249;
1828, 0.25;
1829, 0.255;
1830, 0.26;
1831, 0.265;
1832, 0.271;
1833, 0.276;
1834, 0.282;
1835, 0.288;
1836, 0.295;
1837, 0.301;
1838, 0.307;
1839, 0.314;
1840, 0.32;
1841, 0.327;
1842, 0.334;
1843, 0.341;
1844, 0.348;
1845, 0.354;
1846, 0.361;
1847, 0.368;
1848, 0.375;
1849, 0.382;
1850, 0.389;
1851, 0.396;
1852, 0.402;
1853, 0.409;
1854, 0.415;
1855, 0.422;
1856, 0.428;
1857, 0.434;
1858, 0.44;
1859, 0.446;
1860, 0.452;
1861, 0.458;
1862, 0.463;
1863, 0.468;
1864, 0.473;
1865, 0.478;
1866, 0.482;
1867, 0.486;
1868, 0.49;
1869, 0.494;
1870, 0.497;
1871, 0.5;
1872, 0.497;
1873, 0.495;
1874, 0.492;
1875, 0.488;
1876, 0.484;
1877, 0.481;
1878, 0.476;
1879, 0.472;
1880, 0.468;
1881, 0.463;
1882, 0.458;
1883, 0.453;
1884, 0.448;
1885, 0.443;
1886, 0.438;
1887, 0.432;
1888, 0.427;
1889, 0.422;
1890, 0.416;
1891, 0.411;
1892, 0.405;
1893, 0.4;
1894, 0.395;
1895, 0.39;
1896, 0.386;
1897, 0.381;
1898, 0.377;
1899, 0.372;
1900, 0.368;
1901, 0.363;
1902, 0.359;
1903, 0.355;
1904, 0.351;
1905, 0.347;
1906, 0.343;
1907, 0.339;
1908, 0.335;
1909, 0.332;
1910, 0.328;
1911, 0.325;
1912, 0.321;
1913, 0.318;
1914, 0.315;
1915, 0.311;
1916, 0.308;
1917, 0.305;
1918, 0.303;
1919, 0.3;
1920, 0.297;
1921, 0.295;
1922, 0.292;
1923, 0.29;
1924, 0.288;
1925, 0.286;
1926, 0.289;
1927, 0.291;
1928, 0.294;
1929, 0.298;
1930, 0.301;
1931, 0.304;
1932, 0.308;
1933, 0.311;
1934, 0.315;
1935, 0.319;
1936, 0.323;
1937, 0.327;
1938, 0.331;
1939, 0.335;
1940, 0.34;
1941, 0.344;
1942, 0.349;
1943, 0.354;
1944, 0.359;
1945, 0.364;
1946, 0.369;
1947, 0.374;
1948, 0.379;
1949, 0.385;
1950, 0.39;
1951, 0.396;
1952, 0.402;
1953, 0.407;
1954, 0.413;
1955, 0.419;
1956, 0.426;
1957, 0.432;
1958, 0.438;
1959, 0.445;
1960, 0.452;
1961, 0.458;
1962, 0.465;
1963, 0.472;
1964, 0.479;
1965, 0.486;
1966, 0.494;
1967, 0.501;
1968, 0.509;
1969, 0.516;
1970, 0.524;
1971, 0.532;
1972, 0.54;
1973, 0.548;
1974, 0.556;
1975, 0.564;
1976, 0.573;
1977, 0.581;
1978, 0.59;
1979, 0.598;
1980, 0.607;
1981, 0.616;
1982, 0.625;
1983, 0.634;
1984, 0.643;
1985, 0.653;
1986, 0.662;
1987, 0.672;
1988, 0.681;
1989, 0.69;
1990, 0.7;
1991, 0.709;
1992, 0.719;
1993, 0.728;
1994, 0.737;
1995, 0.746;
1996, 0.755;
1997, 0.763;
1998, 0.772;
1999, 0.78;
2000, 0.788;
2001, 0.796;
2002, 0.804;
2003, 0.811;
2004, 0.819;
2005, 0.825;
2006, 0.832;
2007, 0.838;
2008, 0.844;
2009, 0.849;
2010, 0.854;
2011, 0.859;
2012, 0.863;
2013, 0.867;
2014, 0.87;
2015, 0.873;
2016, 0.875;
2017, 0.877;
2018, 0.878;
2019, 0.879;
2020, 0.879;
2021, 0.878;
2022, 0.877;
2023, 0.875;
2024, 0.863;
2025, 0.849;
2026, 0.836;
2027, 0.822;
2028, 0.807;
2029, 0.792;
2030, 0.777;
2031, 0.761;
2032, 0.745;
2033, 0.729;
2034, 0.712;
2035, 0.696;
2036, 0.679;
2037, 0.663;
2038, 0.646;
2039, 0.629;
2040, 0.613;
2041, 0.597;
2042, 0.581;
2043, 0.565;
2044, 0.55;
2045, 0.535;
2046, 0.52;
2047, 0.506;
2048, 0.492;
2049, 0.479;
2050, 0.467;
2051, 0.455;
2052, 0.444;
2053, 0.433;
2054, 0.424;
2055, 0.415;
2056, 0.407;
2057, 0.4;
2058, 0.407;
2059, 0.414;
2060, 0.423;
2061, 0.432;
2062, 0.442;
2063, 0.452;
2064, 0.463;
2065, 0.475;
2066, 0.487;
2067, 0.499;
2068, 0.511;
2069, 0.524;
2070, 0.537;
2071, 0.55;
2072, 0.563;
2073, 0.576;
2074, 0.588;
2075, 0.601;
2076, 0.613;
2077, 0.625;
2078, 0.636;
2079, 0.647;
2080, 0.657;
2081, 0.667;
2082, 0.665;
2083, 0.663;
2084, 0.661;
2085, 0.657;
2086, 0.653;
2087, 0.649;
2088, 0.644;
2089, 0.638;
2090, 0.631;
2091, 0.625;
2092, 0.617;
2093, 0.61;
2094, 0.601;
2095, 0.593;
2096, 0.584;
2097, 0.574;
2098, 0.565;
2099, 0.555;
2100, 0.544;
2101, 0.534;
2102, 0.523;
2103, 0.512;
2104, 0.501;
2105, 0.489;
2106, 0.478;
2107, 0.466;
2108, 0.455;
2109, 0.443;
2110, 0.431;
2111, 0.419;
2112, 0.407;
2113, 0.396;
2114, 0.384;
2115, 0.372;
2116, 0.361;
2117, 0.35;
2118, 0.338;
2119, 0.327;
2120, 0.317;
2121, 0.306;
2122, 0.296;
2123, 0.286;
2124, 0.282;
2125, 0.279;
2126, 0.276;
2127, 0.273;
2128, 0.271;
2129, 0.268;
2130, 0.267;
2131, 0.265;
2132, 0.264;
2133, 0.263;
2134, 0.262;
2135, 0.261;
2136, 0.261;
2137, 0.261;
2138, 0.261;
2139, 0.262;
2140, 0.262;
2141, 0.263;
2142, 0.264;
2143, 0.266;
2144, 0.267;
2145, 0.269;
2146, 0.271;
2147, 0.273;
2148, 0.275;
2149, 0.278;
2150, 0.28;
2151, 0.283;
2152, 0.286;
2153, 0.289;
2154, 0.293;
2155, 0.296;
2156, 0.3;
2157, 0.303;
2158, 0.307;
2159, 0.311;
2160, 0.315;
2161, 0.32;
2162, 0.324;
2163, 0.328;
2164, 0.333;
2165, 0.337;
2166, 0.342;
2167, 0.347;
2168, 0.352;
2169, 0.357;
2170, 0.362;
2171, 0.367;
2172, 0.372;
2173, 0.377;
2174, 0.382;
2175, 0.387;
2176, 0.393;
2177, 0.398;
2178, 0.403;
2179, 0.408;
2180, 0.414;
2181, 0.419;
2182, 0.424;
2183, 0.43;
2184, 0.435;
2185, 0.44;
2186, 0.446;
2187, 0.451;
2188, 0.456;
2189, 0.461;
2190, 0.466;
2191, 0.472;
2192, 0.477;
2193, 0.482;
2194, 0.487;
2195, 0.491;
2196, 0.496;
2197, 0.501;
2198, 0.505;
2199, 0.51;
2200, 0.514;
2201, 0.519;
2202, 0.523;
2203, 0.527;
2204, 0.531;
2205, 0.535;
2206, 0.538;
2207, 0.542;
2208, 0.545;
2209, 0.546;
2210, 0.546;
2211, 0.547;
2212, 0.547;
2213, 0.547;
2214, 0.547;
2215, 0.546;
2216, 0.546;
2217, 0.546;
2218, 0.545;
2219, 0.544;
2220, 0.543;
2221, 0.542;
2222, 0.541;
2223, 0.54;
2224, 0.539;
2225, 0.537;
2226, 0.536;
2227, 0.534;
2228, 0.532;
2229, 0.53;
2230, 0.529;
2231, 0.526;
2232, 0.524;
2233, 0.522;
2234, 0.52;
2235, 0.518;
2236, 0.515;
2237, 0.513;
2238, 0.51;
2239, 0.507;
2240, 0.505;
2241, 0.502;
2242, 0.499;
2243, 0.496;
2244, 0.493;
2245, 0.49;
2246, 0.487;
2247, 0.484;
2248, 0.481;
2249, 0.478;
2250, 0.475;
2251, 0.471;
2252, 0.468;
2253, 0.465;
2254, 0.461;
2255, 0.458;
2256, 0.455;
2257, 0.451;
2258, 0.448;
2259, 0.444;
2260, 0.441;
2261, 0.437;
2262, 0.434;
2263, 0.43;
2264, 0.427;
2265, 0.423;
2266, 0.42;
2267, 0.416;
2268, 0.413;
2269, 0.409;
2270, 0.406;
2271, 0.402;
2272, 0.399;
2273, 0.395;
2274, 0.392;
2275, 0.388;
2276, 0.385;
2277, 0.382;
2278, 0.378;
2279, 0.375;
2280, 0.371;
2281, 0.367;
2282, 0.364;
2283, 0.36;
2284, 0.357;
2285, 0.353;
2286, 0.35;
2287, 0.346;
2288, 0.343;
2289, 0.34;
2290, 0.336;
2291, 0.333;
2292, 0.332;
2293, 0.332;
2294, 0.331;
2295, 0.33;
2296, 0.33;
2297, 0.329;
2298, 0.329;
2299, 0.328;
2300, 0.328;
2301, 0.328;
2302, 0.328;
2303, 0.328;
2304, 0.328;
2305, 0.328;
2306, 0.328;
2307, 0.328;
2308, 0.329;
2309, 0.329;
2310, 0.329;
2311, 0.33;
2312, 0.33;
2313, 0.331;
2314, 0.332;
2315, 0.332;
2316, 0.333;
2317, 0.334;
2318, 0.335;
2319, 0.336;
2320, 0.337;
2321, 0.338;
2322, 0.339;
2323, 0.34;
2324, 0.341;
2325, 0.342;
2326, 0.343;
2327, 0.344;
2328, 0.346;
2329, 0.347;
2330, 0.348;
2331, 0.349;
2332, 0.351;
2333, 0.352;
2334, 0.354;
2335, 0.355;
2336, 0.356;
2337, 0.358;
2338, 0.359;
2339, 0.361;
2340, 0.362;
2341, 0.364;
2342, 0.365;
2343, 0.367;
2344, 0.368;
2345, 0.369;
2346, 0.371;
2347, 0.372;
2348, 0.374;
2349, 0.375;
2350, 0.377;
2351, 0.378;
2352, 0.38;
2353, 0.381;
2354, 0.383;
2355, 0.384;
2356, 0.385;
2357, 0.387;
2358, 0.388;
2359, 0.389;
2360, 0.39;
2361, 0.392;
2362, 0.393;
2363, 0.394;
2364, 0.395;
2365, 0.396;
2366, 0.397;
2367, 0.399;
2368, 0.4;
2369, 0.4;
2370, 0.401;
2371, 0.402;
2372, 0.403;
2373, 0.404;
2374, 0.405;
2375, 0.405;
2376, 0.406;
2377, 0.406;
2378, 0.407;
2379, 0.407;
2380, 0.408;
2381, 0.408;
2382, 0.408;
2383, 0.409;
2384, 0.409;
2385, 0.409;
2386, 0.409;
2387, 0.409;
2388, 0.408;
2389, 0.408;
2390, 0.408;
2391, 0.407;
2392, 0.407;
2393, 0.406;
2394, 0.406;
2395, 0.405;
2396, 0.404;
2397, 0.403;
2398, 0.402;
2399, 0.401;
2400, 0.4;
2401, 0.398;
2402, 0.397;
2403, 0.395;
2404, 0.394;
2405, 0.393;
2406, 0.392;
2407, 0.392;
2408, 0.392;
2409, 0.393;
2410, 0.394;
2411, 0.397;
2412, 0.4;
2413, 0.409;
2414, 0.419;
2415, 0.429;
2416, 0.44;
2417, 0.451;
2418, 0.462;
2419, 0.472;
2420, 0.482;
2421, 0.492;
2422, 0.5;
2423, 0.497;
2424, 0.493;
2425, 0.489;
2426, 0.483;
2427, 0.476;
2428, 0.468;
2429, 0.46;
2430, 0.451;
2431, 0.441;
2432, 0.431;
2433, 0.42;
2434, 0.409;
2435, 0.397;
2436, 0.385;
2437, 0.373;
2438, 0.36;
2439, 0.348;
2440, 0.335;
2441, 0.322;
2442, 0.31;
2443, 0.297;
2444, 0.285;
2445, 0.273;
2446, 0.266;
2447, 0.26;
2448, 0.255;
2449, 0.249;
2450, 0.244;
2451, 0.24;
2452, 0.235;
2453, 0.231;
2454, 0.227;
2455, 0.223;
2456, 0.22;
2457, 0.217;
2458, 0.214;
2459, 0.211;
2460, 0.208;
2461, 0.206;
2462, 0.204;
2463, 0.203;
2464, 0.201;
2465, 0.2;
2466, 0.199;
2467, 0.198;
2468, 0.197;
2469, 0.197;
2470, 0.196;
2471, 0.196;
2472, 0.197;
2473, 0.197;
2474, 0.197;
2475, 0.198;
2476, 0.199;
2477, 0.2;
2478, 0.201;
2479, 0.203;
2480, 0.204;
2481, 0.206;
2482, 0.208;
2483, 0.209;
2484, 0.212;
2485, 0.214;
2486, 0.216;
2487, 0.219;
2488, 0.221;
2489, 0.224;
2490, 0.227;
2491, 0.23;
2492, 0.233;
2493, 0.236;
2494, 0.239;
2495, 0.242;
2496, 0.246;
2497, 0.249;
2498, 0.253;
2499, 0.256;
2500, 0.26;
2501, 0.264;
2502, 0.267;
2503, 0.271;
2504, 0.275;
2505, 0.279;
2506, 0.283;
2507, 0.287;
2508, 0.291;
2509, 0.295;
2510, 0.299;
2511, 0.303;
2512, 0.308;
2513, 0.312;
2514, 0.316;
2515, 0.32;
2516, 0.324;
2517, 0.328;
2518, 0.332;
2519, 0.336;
2520, 0.34;
2521, 0.344;
2522, 0.348;
2523, 0.352;
2524, 0.356;
2525, 0.36;
2526, 0.364;
2527, 0.368;
2528, 0.371;
2529, 0.375;
2530, 0.38;
2531, 0.384;
2532, 0.388;
2533, 0.393;
2534, 0.397;
2535, 0.401;
2536, 0.405;
2537, 0.409;
2538, 0.413;
2539, 0.417;
2540, 0.421;
2541, 0.425;
2542, 0.428;
2543, 0.432;
2544, 0.436;
2545, 0.439;
2546, 0.442;
2547, 0.446;
2548, 0.449;
2549, 0.452;
2550, 0.455;
2551, 0.458;
2552, 0.461;
2553, 0.464;
2554, 0.467;
2555, 0.47;
2556, 0.472;
2557, 0.475;
2558, 0.478;
2559, 0.48;
2560, 0.482;
2561, 0.485;
2562, 0.487;
2563, 0.489;
2564, 0.491;
2565, 0.493;
2566, 0.495;
2567, 0.497;
2568, 0.498;
2569, 0.5;
2570, 0.498;
2571, 0.496;
2572, 0.493;
2573, 0.491;
2574, 0.489;
2575, 0.486;
2576, 0.483;
2577, 0.481;
2578, 0.478;
2579, 0.475;
2580, 0.472;
2581, 0.469;
2582, 0.466;
2583, 0.463;
2584, 0.46;
2585, 0.457;
2586, 0.454;
2587, 0.45;
2588, 0.447;
2589, 0.443;
2590, 0.44;
2591, 0.436;
2592, 0.432;
2593, 0.429;
2594, 0.425;
2595, 0.421;
2596, 0.417;
2597, 0.413;
2598, 0.409;
2599, 0.405;
2600, 0.401;
2601, 0.396;
2602, 0.392;
2603, 0.388;
2604, 0.383;
2605, 0.379;
2606, 0.374;
2607, 0.37;
2608, 0.365;
2609, 0.361;
2610, 0.356;
2611, 0.351;
2612, 0.346;
2613, 0.341;
2614, 0.336;
2615, 0.331;
2616, 0.326;
2617, 0.321;
2618, 0.316;
2619, 0.311;
2620, 0.306;
2621, 0.301;
2622, 0.295;
2623, 0.29;
2624, 0.285;
2625, 0.279;
2626, 0.274;
2627, 0.268;
2628, 0.263;
2629, 0.257;
2630, 0.252;
2631, 0.246;
2632, 0.241;
2633, 0.235;
2634, 0.229;
2635, 0.223;
2636, 0.218;
2637, 0.212;
2638, 0.206;
2639, 0.2;
2640, 0.199;
2641, 0.199;
2642, 0.198;
2643, 0.198;
2644, 0.197;
2645, 0.197;
2646, 0.197;
2647, 0.196;
2648, 0.196;
2649, 0.196;
2650, 0.197;
2651, 0.197;
2652, 0.198;
2653, 0.199;
2654, 0.2;
2655, 0.201;
2656, 0.203;
2657, 0.205;
2658, 0.208;
2659, 0.21;
2660, 0.214;
2661, 0.217;
2662, 0.221;
2663, 0.226;
2664, 0.231;
2665, 0.236;
2666, 0.242;
2667, 0.249;
2668, 0.256;
2669, 0.263;
2670, 0.271;
2671, 0.28;
2672, 0.29;
2673, 0.3;
2674, 0.31;
2675, 0.322;
2676, 0.334;
2677, 0.347;
2678, 0.361;
2679, 0.375;
2680, 0.39;
2681, 0.407;
2682, 0.423;
2683, 0.441;
2684, 0.46;
2685, 0.479;
2686, 0.5;
2687, 0.534;
2688, 0.568;
2689, 0.603;
2690, 0.638;
2691, 0.672;
2692, 0.706;
2693, 0.738;
2694, 0.77;
2695, 0.799;
2696, 0.827;
2697, 0.852;
2698, 0.875;
2699, 0.869;
2700, 0.861;
2701, 0.85;
2702, 0.837;
2703, 0.821;
2704, 0.804;
2705, 0.785;
2706, 0.764;
2707, 0.742;
2708, 0.719;
2709, 0.695;
2710, 0.67;
2711, 0.645;
2712, 0.619;
2713, 0.593;
2714, 0.568;
2715, 0.543;
2716, 0.518;
2717, 0.494;
2718, 0.471;
2719, 0.449;
2720, 0.428;
2721, 0.409;
2722, 0.392;
2723, 0.377;
2724, 0.364;
2725, 0.373;
2726, 0.384;
2727, 0.397;
2728, 0.413;
2729, 0.43;
2730, 0.448;
2731, 0.468;
2732, 0.489;
2733, 0.511;
2734, 0.534;
2735, 0.557;
2736, 0.581;
2737, 0.606;
2738, 0.63;
2739, 0.655;
2740, 0.679;
2741, 0.704;
2742, 0.727;
2743, 0.741;
2744, 0.753;
2745, 0.765;
2746, 0.777;
2747, 0.787;
2748, 0.798;
2749, 0.807;
2750, 0.816;
2751, 0.825;
2752, 0.832;
2753, 0.84;
2754, 0.847;
2755, 0.853;
2756, 0.859;
2757, 0.864;
2758, 0.869;
2759, 0.874;
2760, 0.878;
2761, 0.881;
2762, 0.884;
2763, 0.887;
2764, 0.889;
2765, 0.891;
2766, 0.893;
2767, 0.894;
2768, 0.895;
2769, 0.895;
2770, 0.895;
2771, 0.895;
2772, 0.895;
2773, 0.894;
2774, 0.893;
2775, 0.892;
2776, 0.89;
2777, 0.889;
2778, 0.887;
2779, 0.885;
2780, 0.882;
2781, 0.88;
2782, 0.877;
2783, 0.874;
2784, 0.871;
2785, 0.868;
2786, 0.865;
2787, 0.861;
2788, 0.858;
2789, 0.854;
2790, 0.851;
2791, 0.847;
2792, 0.843;
2793, 0.839;
2794, 0.836;
2795, 0.832;
2796, 0.828;
2797, 0.824;
2798, 0.82;
2799, 0.817;
2800, 0.813;
2801, 0.81;
2802, 0.806;
2803, 0.803;
2804, 0.799;
2805, 0.796;
2806, 0.793;
2807, 0.79;
2808, 0.787;
2809, 0.785;
2810, 0.782;
2811, 0.78;
2812, 0.778;
2813, 0.775;
2814, 0.773;
2815, 0.77;
2816, 0.768;
2817, 0.766;
2818, 0.764;
2819, 0.763;
2820, 0.761;
2821, 0.76;
2822, 0.759;
2823, 0.758;
2824, 0.757;
2825, 0.756;
2826, 0.755;
2827, 0.755;
2828, 0.754;
2829, 0.753;
2830, 0.753;
2831, 0.753;
2832, 0.752;
2833, 0.752;
2834, 0.752;
2835, 0.751;
2836, 0.751;
2837, 0.751;
2838, 0.75;
2839, 0.75;
2840, 0.749;
2841, 0.749;
2842, 0.748;
2843, 0.747;
2844, 0.746;
2845, 0.745;
2846, 0.745;
2847, 0.744;
2848, 0.743;
2849, 0.742;
2850, 0.741;
2851, 0.74;
2852, 0.739;
2853, 0.738;
2854, 0.737;
2855, 0.735;
2856, 0.734;
2857, 0.733;
2858, 0.732;
2859, 0.731;
2860, 0.729;
2861, 0.728;
2862, 0.727;
2863, 0.726;
2864, 0.724;
2865, 0.723;
2866, 0.721;
2867, 0.72;
2868, 0.719;
2869, 0.717;
2870, 0.716;
2871, 0.714;
2872, 0.713;
2873, 0.711;
2874, 0.71;
2875, 0.708;
2876, 0.706;
2877, 0.705;
2878, 0.703;
2879, 0.702;
2880, 0.7;
2881, 0.698;
2882, 0.696;
2883, 0.695;
2884, 0.693;
2885, 0.691;
2886, 0.69;
2887, 0.688;
2888, 0.686;
2889, 0.684;
2890, 0.682;
2891, 0.681;
2892, 0.679;
2893, 0.677;
2894, 0.675;
2895, 0.673;
2896, 0.671;
2897, 0.669;
2898, 0.667;
2899, 0.665;
2900, 0.664;
2901, 0.662;
2902, 0.66;
2903, 0.658;
2904, 0.656;
2905, 0.654;
2906, 0.652;
2907, 0.65;
2908, 0.648;
2909, 0.646;
2910, 0.644;
2911, 0.642;
2912, 0.64;
2913, 0.638;
2914, 0.636;
2915, 0.634;
2916, 0.632;
2917, 0.63;
2918, 0.628;
2919, 0.626;
2920, 0.624;
2921, 0.622;
2922, 0.62;
2923, 0.617;
2924, 0.615;
2925, 0.613;
2926, 0.611;
2927, 0.609;
2928, 0.607;
2929, 0.605;
2930, 0.603;
2931, 0.601;
2932, 0.599;
2933, 0.597;
2934, 0.595;
2935, 0.593;
2936, 0.591;
2937, 0.589;
2938, 0.587;
2939, 0.585;
2940, 0.583;
2941, 0.581;
2942, 0.579;
2943, 0.577;
2944, 0.575;
2945, 0.573;
2946, 0.571;
2947, 0.569;
2948, 0.567;
2949, 0.565;
2950, 0.563;
2951, 0.562;
2952, 0.56;
2953, 0.558;
2954, 0.556;
2955, 0.554;
2956, 0.552;
2957, 0.55;
2958, 0.548;
2959, 0.547;
2960, 0.545;
2961, 0.543;
2962, 0.541;
2963, 0.54;
2964, 0.538;
2965, 0.536;
2966, 0.534;
2967, 0.533;
2968, 0.531;
2969, 0.529;
2970, 0.528;
2971, 0.526;
2972, 0.524;
2973, 0.523;
2974, 0.521;
2975, 0.52;
2976, 0.518;
2977, 0.517;
2978, 0.515;
2979, 0.514;
2980, 0.512;
2981, 0.511;
2982, 0.509;
2983, 0.508;
2984, 0.507;
2985, 0.505;
2986, 0.504;
2987, 0.503;
2988, 0.501;
2989, 0.5;
2990, 0.5;
2991, 0.499;
2992, 0.499;
2993, 0.499;
2994, 0.498;
2995, 0.498;
2996, 0.498;
2997, 0.498;
2998, 0.497;
2999, 0.497;
3000, 0.497;
3001, 0.497;
3002, 0.497;
3003, 0.497;
3004, 0.497;
3005, 0.497;
3006, 0.497;
3007, 0.497;
3008, 0.497;
3009, 0.497;
3010, 0.497;
3011, 0.498;
3012, 0.498;
3013, 0.498;
3014, 0.498;
3015, 0.499;
3016, 0.499;
3017, 0.5;
3018, 0.5;
3019, 99999;
