1, 0.0;
2, 0.023;
3, 0.045;
4, 0.067;
5, 0.088;
6, 0.108;
7, 0.128;
8, 0.147;
9, 0.166;
10, 0.184;
11, 0.202;
12, 0.219;
13, 0.236;
14, 0.252;
15, 0.268;
16, 0.283;
17, 0.298;
18, 0.312;
19, 0.326;
20, 0.339;
21, 0.352;
22, 0.365;
23, 0.377;
24, 0.388;
25, 0.4;
26, 0.41;
27, 0.421;
28, 0.431;
29, 0.441;
30, 0.45;
31, 0.459;
32, 0.468;
33, 0.477;
34, 0.485;
35, 0.492;
36, 0.5;
37, 0.498;
38, 0.496;
39, 0.494;
40, 0.492;
41, 0.489;
42, 0.486;
43, 0.483;
44, 0.48;
45, 0.476;
46, 0.472;
47, 0.468;
48, 0.464;
49, 0.46;
50, 0.456;
51, 0.451;
52, 0.446;
53, 0.441;
54, 0.436;
55, 0.431;
56, 0.426;
57, 0.421;
58, 0.415;
59, 0.41;
60, 0.404;
61, 0.399;
62, 0.393;
63, 0.387;
64, 0.382;
65, 0.376;
66, 0.37;
67, 0.365;
68, 0.359;
69, 0.353;
70, 0.347;
71, 0.342;
72, 0.336;
73, 0.331;
74, 0.325;
75, 0.32;
76, 0.315;
77, 0.31;
78, 0.305;
79, 0.3;
80, 0.295;
81, 0.29;
82, 0.286;
83, 0.281;
84, 0.277;
85, 0.273;
86, 0.269;
87, 0.265;
88, 0.262;
89, 0.259;
90, 0.256;
91, 0.253;
92, 0.25;
93, 0.248;
94, 0.246;
95, 0.244;
96, 0.243;
97, 0.242;
98, 0.241;
99, 0.24;
100, 0.24;
101, 0.24;
102, 0.24;
103, 0.241;
104, 0.242;
105, 0.243;
106, 0.245;
107, 0.247;
108, 0.25;
109, 0.259;
110, 0.269;
111, 0.279;
112, 0.289;
113, 0.299;
114, 0.309;
115, 0.319;
116, 0.33;
117, 0.34;
118, 0.35;
119, 0.36;
120, 0.369;
121, 0.379;
122, 0.387;
123, 0.396;
124, 0.404;
125, 0.411;
126, 0.417;
127, 0.423;
128, 0.429;
129, 0.426;
130, 0.422;
131, 0.418;
132, 0.413;
133, 0.408;
134, 0.403;
135, 0.397;
136, 0.39;
137, 0.384;
138, 0.378;
139, 0.371;
140, 0.365;
141, 0.359;
142, 0.353;
143, 0.347;
144, 0.342;
145, 0.337;
146, 0.333;
147, 0.336;
148, 0.34;
149, 0.344;
150, 0.349;
151, 0.354;
152, 0.36;
153, 0.367;
154, 0.374;
155, 0.381;
156, 0.389;
157, 0.397;
158, 0.405;
159, 0.414;
160, 0.424;
161, 0.433;
162, 0.443;
163, 0.453;
164, 0.463;
165, 0.474;
166, 0.484;
167, 0.495;
168, 0.506;
169, 0.517;
170, 0.528;
171, 0.539;
172, 0.55;
173, 0.561;
174, 0.572;
175, 0.583;
176, 0.594;
177, 0.604;
178, 0.615;
179, 0.625;
180, 0.635;
181, 0.645;
182, 0.655;
183, 0.664;
184, 0.673;
185, 0.682;
186, 0.69;
187, 0.698;
188, 0.705;
189, 0.712;
190, 0.719;
191, 0.725;
192, 0.73;
193, 0.735;
194, 0.74;
195, 0.743;
196, 0.746;
197, 0.749;
198, 0.751;
199, 0.752;
200, 0.752;
201, 0.751;
202, 0.75;
203, 0.734;
204, 0.717;
205, 0.7;
206, 0.681;
207, 0.663;
208, 0.643;
209, 0.623;
210, 0.603;
211, 0.582;
212, 0.561;
213, 0.54;
214, 0.518;
215, 0.496;
216, 0.474;
217, 0.452;
218, 0.43;
219, 0.408;
220, 0.386;
221, 0.364;
222, 0.342;
223, 0.321;
224, 0.3;
225, 0.279;
226, 0.259;
227, 0.239;
228, 0.219;
229, 0.2;
230, 0.193;
231, 0.187;
232, 0.181;
233, 0.176;
234, 0.172;
235, 0.168;
236, 0.164;
237, 0.161;
238, 0.159;
239, 0.157;
240, 0.155;
241, 0.154;
242, 0.154;
243, 0.154;
244, 0.154;
245, 0.154;
246, 0.155;
247, 0.157;
248, 0.159;
249, 0.161;
250, 0.163;
251, 0.166;
252, 0.169;
253, 0.172;
254, 0.176;
255, 0.18;
256, 0.184;
257, 0.189;
258, 0.193;
259, 0.198;
260, 0.203;
261, 0.209;
262, 0.214;
263, 0.22;
264, 0.225;
265, 0.231;
266, 0.237;
267, 0.244;
268, 0.25;
269, 0.256;
270, 0.263;
271, 0.269;
272, 0.276;
273, 0.282;
274, 0.289;
275, 0.295;
276, 0.302;
277, 0.309;
278, 0.315;
279, 0.322;
280, 0.328;
281, 0.334;
282, 0.341;
283, 0.347;
284, 0.353;
285, 0.359;
286, 0.365;
287, 0.37;
288, 0.376;
289, 0.381;
290, 0.386;
291, 0.391;
292, 0.396;
293, 0.4;
294, 0.405;
295, 0.409;
296, 0.412;
297, 0.416;
298, 0.419;
299, 0.422;
300, 0.424;
301, 0.426;
302, 0.428;
303, 0.43;
304, 0.431;
305, 0.431;
306, 0.432;
307, 0.432;
308, 0.431;
309, 0.43;
310, 0.429;
311, 0.422;
312, 0.415;
313, 0.408;
314, 0.401;
315, 0.393;
316, 0.386;
317, 0.379;
318, 0.371;
319, 0.364;
320, 0.358;
321, 0.352;
322, 0.346;
323, 0.341;
324, 0.337;
325, 0.333;
326, 0.337;
327, 0.342;
328, 0.347;
329, 0.354;
330, 0.36;
331, 0.368;
332, 0.375;
333, 0.383;
334, 0.391;
335, 0.4;
336, 0.408;
337, 0.416;
338, 0.424;
339, 0.432;
340, 0.441;
341, 0.449;
342, 0.457;
343, 0.465;
344, 0.473;
345, 0.48;
346, 0.488;
347, 0.495;
348, 0.502;
349, 0.509;
350, 0.515;
351, 0.521;
352, 0.527;
353, 0.533;
354, 0.537;
355, 0.542;
356, 0.546;
357, 0.549;
358, 0.552;
359, 0.554;
360, 0.556;
361, 0.557;
362, 0.557;
363, 0.557;
364, 0.556;
365, 0.546;
366, 0.537;
367, 0.526;
368, 0.516;
369, 0.504;
370, 0.493;
371, 0.481;
372, 0.469;
373, 0.457;
374, 0.445;
375, 0.433;
376, 0.422;
377, 0.41;
378, 0.399;
379, 0.389;
380, 0.379;
381, 0.37;
382, 0.362;
383, 0.354;
384, 0.348;
385, 0.343;
386, 0.338;
387, 0.335;
388, 0.334;
389, 0.333;
390, 0.349;
391, 0.366;
392, 0.384;
393, 0.403;
394, 0.423;
395, 0.444;
396, 0.466;
397, 0.488;
398, 0.51;
399, 0.533;
400, 0.555;
401, 0.578;
402, 0.6;
403, 0.622;
404, 0.643;
405, 0.663;
406, 0.683;
407, 0.702;
408, 0.719;
409, 0.735;
410, 0.75;
411, 0.747;
412, 0.742;
413, 0.736;
414, 0.728;
415, 0.72;
416, 0.71;
417, 0.699;
418, 0.687;
419, 0.674;
420, 0.66;
421, 0.646;
422, 0.631;
423, 0.616;
424, 0.6;
425, 0.583;
426, 0.567;
427, 0.55;
428, 0.533;
429, 0.516;
430, 0.499;
431, 0.482;
432, 0.466;
433, 0.45;
434, 0.434;
435, 0.419;
436, 0.404;
437, 0.39;
438, 0.377;
439, 0.364;
440, 0.353;
441, 0.343;
442, 0.333;
443, 0.334;
444, 0.335;
445, 0.338;
446, 0.341;
447, 0.345;
448, 0.351;
449, 0.357;
450, 0.364;
451, 0.371;
452, 0.379;
453, 0.387;
454, 0.396;
455, 0.406;
456, 0.415;
457, 0.425;
458, 0.435;
459, 0.445;
460, 0.455;
461, 0.466;
462, 0.475;
463, 0.485;
464, 0.495;
465, 0.504;
466, 0.513;
467, 0.521;
468, 0.529;
469, 0.536;
470, 0.543;
471, 0.549;
472, 0.554;
473, 0.558;
474, 0.561;
475, 0.563;
476, 0.564;
477, 0.564;
478, 0.563;
479, 0.56;
480, 0.556;
481, 0.551;
482, 0.544;
483, 0.535;
484, 0.525;
485, 0.514;
486, 0.5;
487, 0.466;
488, 0.432;
489, 0.397;
490, 0.364;
491, 0.333;
492, 0.322;
493, 0.315;
494, 0.31;
495, 0.307;
496, 0.307;
497, 0.309;
498, 0.313;
499, 0.319;
500, 0.325;
501, 0.333;
502, 0.353;
503, 0.373;
504, 0.393;
505, 0.414;
506, 0.436;
507, 0.458;
508, 0.481;
509, 0.503;
510, 0.526;
511, 0.549;
512, 0.572;
513, 0.595;
514, 0.618;
515, 0.64;
516, 0.663;
517, 0.684;
518, 0.706;
519, 0.726;
520, 0.746;
521, 0.765;
522, 0.784;
523, 0.801;
524, 0.818;
525, 0.833;
526, 0.835;
527, 0.835;
528, 0.835;
529, 0.833;
530, 0.831;
531, 0.828;
532, 0.824;
533, 0.819;
534, 0.814;
535, 0.808;
536, 0.801;
537, 0.795;
538, 0.788;
539, 0.78;
540, 0.773;
541, 0.765;
542, 0.758;
543, 0.75;
544, 0.742;
545, 0.735;
546, 0.728;
547, 0.72;
548, 0.713;
549, 0.706;
550, 0.699;
551, 0.692;
552, 0.685;
553, 0.678;
554, 0.671;
555, 0.665;
556, 0.658;
557, 0.652;
558, 0.645;
559, 0.639;
560, 0.633;
561, 0.626;
562, 0.62;
563, 0.614;
564, 0.608;
565, 0.602;
566, 0.597;
567, 0.591;
568, 0.585;
569, 0.58;
570, 0.574;
571, 0.569;
572, 0.563;
573, 0.558;
574, 0.553;
575, 0.548;
576, 0.542;
577, 0.537;
578, 0.533;
579, 0.528;
580, 0.523;
581, 0.518;
582, 0.513;
583, 0.509;
584, 0.504;
585, 0.5;
586, 0.496;
587, 0.491;
588, 0.487;
589, 0.483;
590, 0.479;
591, 0.475;
592, 0.471;
593, 0.467;
594, 0.463;
595, 0.459;
596, 0.456;
597, 0.452;
598, 0.448;
599, 0.445;
600, 0.441;
601, 0.438;
602, 0.435;
603, 0.431;
604, 0.428;
605, 0.425;
606, 0.422;
607, 0.419;
608, 0.416;
609, 0.413;
610, 0.41;
611, 0.408;
612, 0.405;
613, 0.402;
614, 0.4;
615, 0.397;
616, 0.395;
617, 0.392;
618, 0.39;
619, 0.388;
620, 0.385;
621, 0.383;
622, 0.381;
623, 0.379;
624, 0.377;
625, 0.375;
626, 0.375;
627, 0.375;
628, 0.375;
629, 0.375;
630, 0.375;
631, 0.375;
632, 0.375;
633, 0.375;
634, 0.375;
635, 0.375;
636, 0.375;
637, 0.375;
638, 0.375;
639, 0.375;
640, 0.375;
641, 0.375;
642, 0.375;
643, 0.375;
644, 0.374;
645, 0.374;
646, 0.374;
647, 0.373;
648, 0.372;
649, 0.372;
650, 0.371;
651, 0.37;
652, 0.369;
653, 0.368;
654, 0.366;
655, 0.365;
656, 0.363;
657, 0.361;
658, 0.359;
659, 0.357;
660, 0.355;
661, 0.353;
662, 0.35;
663, 0.347;
664, 0.344;
665, 0.341;
666, 0.337;
667, 0.333;
668, 0.334;
669, 0.334;
670, 0.335;
671, 0.335;
672, 0.336;
673, 0.338;
674, 0.34;
675, 0.342;
676, 0.346;
677, 0.35;
678, 0.355;
679, 0.362;
680, 0.37;
681, 0.38;
682, 0.391;
683, 0.404;
684, 0.419;
685, 0.436;
686, 0.455;
687, 0.476;
688, 0.5;
689, 0.543;
690, 0.586;
691, 0.628;
692, 0.667;
693, 0.669;
694, 0.667;
695, 0.66;
696, 0.649;
697, 0.635;
698, 0.617;
699, 0.596;
700, 0.573;
701, 0.547;
702, 0.521;
703, 0.493;
704, 0.464;
705, 0.436;
706, 0.407;
707, 0.379;
708, 0.353;
709, 0.327;
710, 0.304;
711, 0.283;
712, 0.265;
713, 0.25;
714, 0.256;
715, 0.265;
716, 0.277;
717, 0.293;
718, 0.312;
719, 0.333;
720, 0.357;
721, 0.383;
722, 0.411;
723, 0.442;
724, 0.474;
725, 0.508;
726, 0.543;
727, 0.58;
728, 0.617;
729, 0.656;
730, 0.695;
731, 0.735;
732, 0.775;
733, 0.815;
734, 0.855;
735, 0.895;
736, 0.935;
737, 0.974;
738, 1.012;
739, 1.049;
740, 1.085;
741, 1.119;
742, 1.152;
743, 1.184;
744, 1.213;
745, 1.241;
746, 1.266;
747, 1.288;
748, 1.308;
749, 1.325;
750, 1.339;
751, 1.35;
752, 1.358;
753, 1.361;
754, 1.361;
755, 1.358;
756, 1.349;
757, 1.337;
758, 1.32;
759, 1.299;
760, 1.272;
761, 1.241;
762, 1.204;
763, 1.161;
764, 1.114;
765, 1.06;
766, 1.0;
767, 0.866;
768, 0.733;
769, 0.608;
770, 0.5;
771, 0.504;
772, 0.528;
773, 0.569;
774, 0.624;
775, 0.69;
776, 0.764;
777, 0.842;
778, 0.922;
779, 1.0;
780, 1.046;
781, 1.087;
782, 1.123;
783, 1.155;
784, 1.182;
785, 1.206;
786, 1.225;
787, 1.241;
788, 1.253;
789, 1.262;
790, 1.268;
791, 1.271;
792, 1.27;
793, 1.267;
794, 1.262;
795, 1.254;
796, 1.244;
797, 1.233;
798, 1.219;
799, 1.204;
800, 1.187;
801, 1.169;
802, 1.15;
803, 1.13;
804, 1.109;
805, 1.088;
806, 1.066;
807, 1.044;
808, 1.022;
809, 1.0;
810, 0.962;
811, 0.924;
812, 0.886;
813, 0.849;
814, 0.812;
815, 0.776;
816, 0.74;
817, 0.705;
818, 0.67;
819, 0.636;
820, 0.603;
821, 0.57;
822, 0.538;
823, 0.506;
824, 0.475;
825, 0.445;
826, 0.416;
827, 0.388;
828, 0.36;
829, 0.333;
830, 0.325;
831, 0.318;
832, 0.311;
833, 0.306;
834, 0.301;
835, 0.297;
836, 0.294;
837, 0.291;
838, 0.289;
839, 0.288;
840, 0.288;
841, 0.288;
842, 0.289;
843, 0.29;
844, 0.292;
845, 0.295;
846, 0.298;
847, 0.302;
848, 0.306;
849, 0.31;
850, 0.315;
851, 0.321;
852, 0.326;
853, 0.333;
854, 0.339;
855, 0.346;
856, 0.353;
857, 0.361;
858, 0.368;
859, 0.376;
860, 0.385;
861, 0.393;
862, 0.401;
863, 0.41;
864, 0.419;
865, 0.428;
866, 0.437;
867, 0.446;
868, 0.455;
869, 0.464;
870, 0.473;
871, 0.482;
872, 0.49;
873, 0.499;
874, 0.508;
875, 0.517;
876, 0.525;
877, 0.533;
878, 0.541;
879, 0.549;
880, 0.556;
881, 0.564;
882, 0.571;
883, 0.577;
884, 0.584;
885, 0.59;
886, 0.595;
887, 0.6;
888, 0.605;
889, 0.609;
890, 0.613;
891, 0.616;
892, 0.619;
893, 0.621;
894, 0.623;
895, 0.624;
896, 0.624;
897, 0.624;
898, 0.623;
899, 0.622;
900, 0.619;
901, 0.616;
902, 0.613;
903, 0.608;
904, 0.603;
905, 0.597;
906, 0.59;
907, 0.582;
908, 0.573;
909, 0.563;
910, 0.552;
911, 0.541;
912, 0.528;
913, 0.515;
914, 0.5;
915, 0.467;
916, 0.433;
917, 0.399;
918, 0.366;
919, 0.333;
920, 0.318;
921, 0.305;
922, 0.292;
923, 0.282;
924, 0.272;
925, 0.263;
926, 0.256;
927, 0.25;
928, 0.245;
929, 0.241;
930, 0.237;
931, 0.235;
932, 0.233;
933, 0.232;
934, 0.232;
935, 0.233;
936, 0.234;
937, 0.235;
938, 0.237;
939, 0.24;
940, 0.243;
941, 0.246;
942, 0.249;
943, 0.253;
944, 0.256;
945, 0.26;
946, 0.264;
947, 0.268;
948, 0.271;
949, 0.275;
950, 0.278;
951, 0.281;
952, 0.283;
953, 0.286;
954, 0.287;
955, 0.288;
956, 0.289;
957, 0.289;
958, 0.289;
959, 0.288;
960, 0.287;
961, 0.286;
962, 0.285;
963, 0.283;
964, 0.281;
965, 0.279;
966, 0.276;
967, 0.274;
968, 0.271;
969, 0.268;
970, 0.265;
971, 0.262;
972, 0.258;
973, 0.255;
974, 0.252;
975, 0.248;
976, 0.244;
977, 0.241;
978, 0.237;
979, 0.234;
980, 0.23;
981, 0.227;
982, 0.223;
983, 0.22;
984, 0.217;
985, 0.214;
986, 0.211;
987, 0.209;
988, 0.206;
989, 0.204;
990, 0.202;
991, 0.2;
992, 0.202;
993, 0.205;
994, 0.208;
995, 0.211;
996, 0.214;
997, 0.218;
998, 0.221;
999, 0.225;
1000, 0.23;
1001, 0.234;
1002, 0.238;
1003, 0.243;
1004, 0.248;
1005, 0.253;
1006, 0.258;
1007, 0.264;
1008, 0.269;
1009, 0.275;
1010, 0.281;
1011, 0.286;
1012, 0.292;
1013, 0.299;
1014, 0.305;
1015, 0.311;
1016, 0.317;
1017, 0.324;
1018, 0.33;
1019, 0.337;
1020, 0.343;
1021, 0.35;
1022, 0.356;
1023, 0.363;
1024, 0.37;
1025, 0.376;
1026, 0.383;
1027, 0.39;
1028, 0.396;
1029, 0.403;
1030, 0.409;
1031, 0.416;
1032, 0.422;
1033, 0.429;
1034, 0.434;
1035, 0.44;
1036, 0.445;
1037, 0.451;
1038, 0.456;
1039, 0.461;
1040, 0.467;
1041, 0.472;
1042, 0.477;
1043, 0.482;
1044, 0.487;
1045, 0.492;
1046, 0.497;
1047, 0.502;
1048, 0.506;
1049, 0.511;
1050, 0.516;
1051, 0.52;
1052, 0.525;
1053, 0.529;
1054, 0.534;
1055, 0.538;
1056, 0.543;
1057, 0.547;
1058, 0.551;
1059, 0.555;
1060, 0.56;
1061, 0.564;
1062, 0.568;
1063, 0.572;
1064, 0.576;
1065, 0.58;
1066, 0.584;
1067, 0.588;
1068, 0.592;
1069, 0.595;
1070, 0.599;
1071, 0.603;
1072, 0.607;
1073, 0.61;
1074, 0.614;
1075, 0.618;
1076, 0.621;
1077, 0.625;
1078, 0.629;
1079, 0.632;
1080, 0.636;
1081, 0.639;
1082, 0.643;
1083, 0.646;
1084, 0.65;
1085, 0.653;
1086, 0.656;
1087, 0.66;
1088, 0.663;
1089, 0.667;
1090, 0.67;
1091, 0.673;
1092, 0.677;
1093, 0.68;
1094, 0.683;
1095, 0.686;
1096, 0.69;
1097, 0.693;
1098, 0.696;
1099, 0.7;
1100, 0.703;
1101, 0.706;
1102, 0.709;
1103, 0.713;
1104, 0.716;
1105, 0.719;
1106, 0.722;
1107, 0.726;
1108, 0.729;
1109, 0.732;
1110, 0.735;
1111, 0.739;
1112, 0.742;
1113, 0.745;
1114, 0.748;
1115, 0.752;
1116, 0.755;
1117, 0.758;
1118, 0.762;
1119, 0.765;
1120, 0.768;
1121, 0.772;
1122, 0.775;
1123, 0.779;
1124, 0.782;
1125, 0.786;
1126, 0.789;
1127, 0.793;
1128, 0.796;
1129, 0.8;
1130, 0.803;
1131, 0.807;
1132, 0.81;
1133, 0.814;
1134, 0.818;
1135, 0.822;
1136, 0.825;
1137, 0.829;
1138, 0.833;
1139, 0.837;
1140, 0.841;
1141, 0.845;
1142, 0.848;
1143, 0.852;
1144, 0.857;
1145, 0.861;
1146, 0.865;
1147, 0.869;
1148, 0.873;
1149, 0.877;
1150, 0.882;
1151, 0.886;
1152, 0.89;
1153, 0.895;
1154, 0.899;
1155, 0.904;
1156, 0.908;
1157, 0.913;
1158, 0.917;
1159, 0.922;
1160, 0.927;
1161, 0.932;
1162, 0.937;
1163, 0.942;
1164, 0.947;
1165, 0.952;
1166, 0.957;
1167, 0.962;
1168, 0.967;
1169, 0.973;
1170, 0.978;
1171, 0.983;
1172, 0.989;
1173, 0.994;
1174, 1.0;
1175, 1.004;
1176, 1.007;
1177, 1.011;
1178, 1.015;
1179, 1.019;
1180, 1.023;
1181, 1.027;
1182, 1.03;
1183, 1.034;
1184, 1.038;
1185, 1.042;
1186, 1.046;
1187, 1.049;
1188, 1.053;
1189, 1.056;
1190, 1.06;
1191, 1.063;
1192, 1.067;
1193, 1.07;
1194, 1.073;
1195, 1.076;
1196, 1.078;
1197, 1.081;
1198, 1.083;
1199, 1.085;
1200, 1.088;
1201, 1.089;
1202, 1.091;
1203, 1.092;
1204, 1.094;
1205, 1.094;
1206, 1.095;
1207, 1.096;
1208, 1.096;
1209, 1.096;
1210, 1.095;
1211, 1.094;
1212, 1.093;
1213, 1.092;
1214, 1.09;
1215, 1.088;
1216, 1.086;
1217, 1.083;
1218, 1.08;
1219, 1.076;
1220, 1.072;
1221, 1.068;
1222, 1.063;
1223, 1.058;
1224, 1.052;
1225, 1.046;
1226, 1.04;
1227, 1.033;
1228, 1.025;
1229, 1.017;
1230, 1.009;
1231, 1.0;
1232, 0.979;
1233, 0.958;
1234, 0.936;
1235, 0.914;
1236, 0.892;
1237, 0.869;
1238, 0.846;
1239, 0.823;
1240, 0.8;
1241, 0.777;
1242, 0.754;
1243, 0.73;
1244, 0.707;
1245, 0.684;
1246, 0.661;
1247, 0.638;
1248, 0.616;
1249, 0.593;
1250, 0.571;
1251, 0.56;
1252, 0.548;
1253, 0.538;
1254, 0.527;
1255, 0.517;
1256, 0.507;
1257, 0.498;
1258, 0.488;
1259, 0.48;
1260, 0.471;
1261, 0.463;
1262, 0.455;
1263, 0.448;
1264, 0.441;
1265, 0.434;
1266, 0.427;
1267, 0.421;
1268, 0.415;
1269, 0.41;
1270, 0.404;
1271, 0.399;
1272, 0.394;
1273, 0.389;
1274, 0.385;
1275, 0.381;
1276, 0.377;
1277, 0.373;
1278, 0.37;
1279, 0.367;
1280, 0.364;
1281, 0.361;
1282, 0.358;
1283, 0.356;
1284, 0.353;
1285, 0.351;
1286, 0.349;
1287, 0.347;
1288, 0.346;
1289, 0.344;
1290, 0.343;
1291, 0.342;
1292, 0.341;
1293, 0.34;
1294, 0.339;
1295, 0.339;
1296, 0.338;
1297, 0.337;
1298, 0.337;
1299, 0.337;
1300, 0.337;
1301, 0.336;
1302, 0.336;
1303, 0.336;
1304, 0.336;
1305, 0.336;
1306, 0.337;
1307, 0.337;
1308, 0.337;
1309, 0.337;
1310, 0.337;
1311, 0.338;
1312, 0.338;
1313, 0.338;
1314, 0.339;
1315, 0.339;
1316, 0.339;
1317, 0.339;
1318, 0.339;
1319, 0.339;
1320, 0.339;
1321, 0.34;
1322, 0.339;
1323, 0.339;
1324, 0.339;
1325, 0.339;
1326, 0.339;
1327, 0.338;
1328, 0.338;
1329, 0.337;
1330, 0.336;
1331, 0.335;
1332, 0.334;
1333, 0.333;
1334, 0.332;
1335, 0.331;
1336, 0.33;
1337, 0.329;
1338, 0.327;
1339, 0.325;
1340, 0.324;
1341, 0.322;
1342, 0.32;
1343, 0.318;
1344, 0.316;
1345, 0.314;
1346, 0.311;
1347, 0.309;
1348, 0.307;
1349, 0.304;
1350, 0.302;
1351, 0.299;
1352, 0.296;
1353, 0.294;
1354, 0.291;
1355, 0.288;
1356, 0.285;
1357, 0.282;
1358, 0.28;
1359, 0.277;
1360, 0.274;
1361, 0.271;
1362, 0.268;
1363, 0.265;
1364, 0.262;
1365, 0.259;
1366, 0.256;
1367, 0.253;
1368, 0.25;
1369, 0.25;
1370, 0.249;
1371, 0.249;
1372, 0.248;
1373, 0.248;
1374, 0.248;
1375, 0.248;
1376, 0.248;
1377, 0.248;
1378, 0.249;
1379, 0.249;
1380, 0.25;
1381, 0.251;
1382, 0.252;
1383, 0.254;
1384, 0.255;
1385, 0.257;
1386, 0.259;
1387, 0.262;
1388, 0.264;
1389, 0.267;
1390, 0.271;
1391, 0.274;
1392, 0.279;
1393, 0.283;
1394, 0.288;
1395, 0.293;
1396, 0.299;
1397, 0.305;
1398, 0.311;
1399, 0.318;
1400, 0.325;
1401, 0.333;
1402, 0.346;
1403, 0.359;
1404, 0.373;
1405, 0.387;
1406, 0.402;
1407, 0.416;
1408, 0.431;
1409, 0.446;
1410, 0.461;
1411, 0.475;
1412, 0.49;
1413, 0.505;
1414, 0.52;
1415, 0.534;
1416, 0.549;
1417, 0.562;
1418, 0.576;
1419, 0.589;
1420, 0.602;
1421, 0.614;
1422, 0.626;
1423, 0.637;
1424, 0.647;
1425, 0.656;
1426, 0.665;
1427, 0.673;
1428, 0.68;
1429, 0.686;
1430, 0.691;
1431, 0.695;
1432, 0.698;
1433, 0.7;
1434, 0.687;
1435, 0.673;
1436, 0.658;
1437, 0.643;
1438, 0.626;
1439, 0.609;
1440, 0.592;
1441, 0.574;
1442, 0.555;
1443, 0.537;
1444, 0.519;
1445, 0.501;
1446, 0.482;
1447, 0.465;
1448, 0.448;
1449, 0.431;
1450, 0.415;
1451, 0.4;
1452, 0.386;
1453, 0.373;
1454, 0.361;
1455, 0.35;
1456, 0.341;
1457, 0.333;
1458, 0.345;
1459, 0.358;
1460, 0.373;
1461, 0.388;
1462, 0.405;
1463, 0.424;
1464, 0.443;
1465, 0.463;
1466, 0.483;
1467, 0.505;
1468, 0.527;
1469, 0.549;
1470, 0.572;
1471, 0.595;
1472, 0.618;
1473, 0.64;
1474, 0.663;
1475, 0.685;
1476, 0.708;
1477, 0.729;
1478, 0.75;
1479, 0.768;
1480, 0.786;
1481, 0.802;
1482, 0.819;
1483, 0.835;
1484, 0.85;
1485, 0.866;
1486, 0.881;
1487, 0.895;
1488, 0.91;
1489, 0.925;
1490, 0.939;
1491, 0.954;
1492, 0.969;
1493, 0.984;
1494, 1.0;
1495, 1.008;
1496, 1.017;
1497, 1.025;
1498, 1.035;
1499, 1.044;
1500, 1.054;
1501, 1.064;
1502, 1.074;
1503, 1.085;
1504, 1.096;
1505, 1.107;
1506, 1.118;
1507, 1.13;
1508, 1.142;
1509, 1.154;
1510, 1.166;
1511, 1.179;
1512, 1.191;
1513, 1.204;
1514, 1.217;
1515, 1.23;
1516, 1.243;
1517, 1.256;
1518, 1.269;
1519, 1.282;
1520, 1.296;
1521, 1.309;
1522, 1.322;
1523, 1.336;
1524, 1.349;
1525, 1.362;
1526, 1.376;
1527, 1.389;
1528, 1.402;
1529, 1.415;
1530, 1.428;
1531, 1.441;
1532, 1.454;
1533, 1.467;
1534, 1.48;
1535, 1.492;
1536, 1.505;
1537, 1.517;
1538, 1.529;
1539, 1.54;
1540, 1.552;
1541, 1.563;
1542, 1.574;
1543, 1.585;
1544, 1.596;
1545, 1.606;
1546, 1.616;
1547, 1.626;
1548, 1.635;
1549, 1.644;
1550, 1.653;
1551, 1.661;
1552, 1.669;
1553, 1.676;
1554, 1.683;
1555, 1.69;
1556, 1.696;
1557, 1.702;
1558, 1.708;
1559, 1.713;
1560, 1.717;
1561, 1.721;
1562, 1.725;
1563, 1.728;
1564, 1.73;
1565, 1.732;
1566, 1.733;
1567, 1.734;
1568, 1.734;
1569, 1.734;
1570, 1.733;
1571, 1.731;
1572, 1.729;
1573, 1.726;
1574, 1.722;
1575, 1.718;
1576, 1.713;
1577, 1.707;
1578, 1.701;
1579, 1.693;
1580, 1.686;
1581, 1.677;
1582, 1.667;
1583, 1.657;
1584, 1.646;
1585, 1.634;
1586, 1.622;
1587, 1.608;
1588, 1.594;
1589, 1.579;
1590, 1.563;
1591, 1.546;
1592, 1.528;
1593, 1.509;
1594, 1.49;
1595, 1.469;
1596, 1.447;
1597, 1.425;
1598, 1.401;
1599, 1.377;
1600, 1.351;
1601, 1.325;
1602, 1.297;
1603, 1.268;
1604, 1.239;
1605, 1.208;
1606, 1.176;
1607, 1.143;
1608, 1.109;
1609, 1.074;
1610, 1.037;
1611, 1.0;
1612, 0.928;
1613, 0.856;
1614, 0.783;
1615, 0.712;
1616, 0.642;
1617, 0.573;
1618, 0.508;
1619, 0.446;
1620, 0.387;
1621, 0.333;
1622, 0.331;
1623, 0.334;
1624, 0.341;
1625, 0.353;
1626, 0.368;
1627, 0.387;
1628, 0.409;
1629, 0.434;
1630, 0.462;
1631, 0.492;
1632, 0.524;
1633, 0.558;
1634, 0.593;
1635, 0.629;
1636, 0.666;
1637, 0.703;
1638, 0.74;
1639, 0.777;
1640, 0.813;
1641, 0.848;
1642, 0.882;
1643, 0.915;
1644, 0.946;
1645, 0.974;
1646, 1.0;
1647, 1.001;
1648, 0.998;
1649, 0.994;
1650, 0.986;
1651, 0.977;
1652, 0.965;
1653, 0.952;
1654, 0.936;
1655, 0.919;
1656, 0.9;
1657, 0.88;
1658, 0.858;
1659, 0.835;
1660, 0.811;
1661, 0.786;
1662, 0.761;
1663, 0.735;
1664, 0.708;
1665, 0.681;
1666, 0.653;
1667, 0.626;
1668, 0.599;
1669, 0.571;
1670, 0.554;
1671, 0.537;
1672, 0.52;
1673, 0.503;
1674, 0.487;
1675, 0.471;
1676, 0.455;
1677, 0.44;
1678, 0.425;
1679, 0.41;
1680, 0.395;
1681, 0.381;
1682, 0.367;
1683, 0.354;
1684, 0.34;
1685, 0.327;
1686, 0.315;
1687, 0.302;
1688, 0.29;
1689, 0.278;
1690, 0.267;
1691, 0.255;
1692, 0.244;
1693, 0.234;
1694, 0.223;
1695, 0.213;
1696, 0.203;
1697, 0.193;
1698, 0.184;
1699, 0.175;
1700, 0.166;
1701, 0.157;
1702, 0.149;
1703, 0.141;
1704, 0.133;
1705, 0.125;
1706, 0.118;
1707, 0.111;
1708, 0.104;
1709, 0.097;
1710, 0.09;
1711, 0.084;
1712, 0.078;
1713, 0.073;
1714, 0.067;
1715, 0.062;
1716, 0.057;
1717, 0.052;
1718, 0.047;
1719, 0.043;
1720, 0.038;
1721, 0.034;
1722, 0.031;
1723, 0.027;
1724, 0.024;
1725, 0.02;
1726, 0.017;
1727, 0.015;
1728, 0.012;
1729, 0.01;
1730, 0.007;
1731, 0.005;
1732, 0.004;
1733, 0.002;
1734, 0.0;
1735, -0.001;
1736, -0.002;
1737, -0.003;
1738, -0.004;
1739, -0.004;
1740, -0.005;
1741, -0.005;
1742, -0.005;
1743, -0.005;
1744, -0.005;
1745, -0.004;
1746, -0.004;
1747, -0.003;
1748, -0.002;
1749, -0.001;
1750, 0.0;
1751, 0.001;
1752, 0.003;
1753, 0.004;
1754, 0.006;
1755, 0.008;
1756, 0.01;
1757, 0.012;
1758, 0.014;
1759, 0.017;
1760, 0.019;
1761, 0.022;
1762, 0.025;
1763, 0.028;
1764, 0.031;
1765, 0.034;
1766, 0.037;
1767, 0.04;
1768, 0.044;
1769, 0.047;
1770, 0.051;
1771, 0.055;
1772, 0.058;
1773, 0.062;
1774, 0.066;
1775, 0.071;
1776, 0.075;
1777, 0.079;
1778, 0.083;
1779, 0.088;
1780, 0.093;
1781, 0.097;
1782, 0.102;
1783, 0.107;
1784, 0.112;
1785, 0.117;
1786, 0.122;
1787, 0.127;
1788, 0.132;
1789, 0.137;
1790, 0.142;
1791, 0.148;
1792, 0.153;
1793, 0.158;
1794, 0.164;
1795, 0.169;
1796, 0.175;
1797, 0.181;
1798, 0.186;
1799, 0.192;
1800, 0.198;
1801, 0.203;
1802, 0.209;
1803, 0.215;
1804, 0.221;
1805, 0.227;
1806, 0.233;
1807, 0.239;
1808, 0.245;
1809, 0.251;
1810, 0.257;
1811, 0.263;
1812, 0.269;
1813, 0.275;
1814, 0.281;
1815, 0.287;
1816, 0.293;
1817, 0.299;
1818, 0.305;
1819, 0.311;
1820, 0.317;
1821, 0.323;
1822, 0.329;
1823, 0.335;
1824, 0.341;
1825, 0.347;
1826, 0.353;
1827, 0.359;
1828, 0.365;
1829, 0.371;
1830, 0.377;
1831, 0.383;
1832, 0.388;
1833, 0.394;
1834, 0.4;
1835, 0.406;
1836, 0.411;
1837, 0.417;
1838, 0.422;
1839, 0.428;
1840, 0.433;
1841, 0.439;
1842, 0.444;
1843, 0.449;
1844, 0.455;
1845, 0.46;
1846, 0.465;
1847, 0.47;
1848, 0.475;
1849, 0.48;
1850, 0.485;
1851, 0.49;
1852, 0.494;
1853, 0.499;
1854, 0.503;
1855, 0.508;
1856, 0.512;
1857, 0.517;
1858, 0.521;
1859, 0.525;
1860, 0.529;
1861, 0.533;
1862, 0.537;
1863, 0.54;
1864, 0.544;
1865, 0.547;
1866, 0.551;
1867, 0.554;
1868, 0.557;
1869, 0.56;
1870, 0.563;
1871, 0.566;
1872, 0.569;
1873, 0.571;
1874, 0.574;
1875, 0.576;
1876, 0.579;
1877, 0.581;
1878, 0.583;
1879, 0.584;
1880, 0.586;
1881, 0.588;
1882, 0.589;
1883, 0.59;
1884, 0.591;
1885, 0.592;
1886, 0.593;
1887, 0.594;
1888, 0.594;
1889, 0.595;
1890, 0.595;
1891, 0.595;
1892, 0.595;
1893, 0.594;
1894, 0.594;
1895, 0.593;
1896, 0.592;
1897, 0.591;
1898, 0.59;
1899, 0.589;
1900, 0.587;
1901, 0.586;
1902, 0.584;
1903, 0.582;
1904, 0.579;
1905, 0.577;
1906, 0.574;
1907, 0.571;
1908, 0.564;
1909, 0.556;
1910, 0.548;
1911, 0.539;
1912, 0.531;
1913, 0.522;
1914, 0.514;
1915, 0.505;
1916, 0.496;
1917, 0.487;
1918, 0.477;
1919, 0.468;
1920, 0.459;
1921, 0.449;
1922, 0.439;
1923, 0.43;
1924, 0.42;
1925, 0.41;
1926, 0.4;
1927, 0.39;
1928, 0.38;
1929, 0.37;
1930, 0.36;
1931, 0.35;
1932, 0.34;
1933, 0.33;
1934, 0.32;
1935, 0.31;
1936, 0.3;
1937, 0.29;
1938, 0.28;
1939, 0.27;
1940, 0.26;
1941, 0.25;
1942, 0.241;
1943, 0.231;
1944, 0.222;
1945, 0.212;
1946, 0.203;
1947, 0.194;
1948, 0.185;
1949, 0.176;
1950, 0.167;
1951, 0.158;
1952, 0.15;
1953, 0.141;
1954, 0.133;
1955, 0.125;
1956, 0.124;
1957, 0.123;
1958, 0.123;
1959, 0.123;
1960, 0.122;
1961, 0.122;
1962, 0.123;
1963, 0.123;
1964, 0.123;
1965, 0.124;
1966, 0.125;
1967, 0.126;
1968, 0.127;
1969, 0.128;
1970, 0.13;
1971, 0.132;
1972, 0.133;
1973, 0.135;
1974, 0.137;
1975, 0.14;
1976, 0.142;
1977, 0.144;
1978, 0.147;
1979, 0.15;
1980, 0.153;
1981, 0.156;
1982, 0.159;
1983, 0.162;
1984, 0.165;
1985, 0.169;
1986, 0.173;
1987, 0.176;
1988, 0.18;
1989, 0.184;
1990, 0.188;
1991, 0.192;
1992, 0.197;
1993, 0.201;
1994, 0.206;
1995, 0.21;
1996, 0.215;
1997, 0.22;
1998, 0.224;
1999, 0.229;
2000, 0.234;
2001, 0.24;
2002, 0.245;
2003, 0.25;
2004, 0.255;
2005, 0.261;
2006, 0.266;
2007, 0.272;
2008, 0.278;
2009, 0.283;
2010, 0.289;
2011, 0.295;
2012, 0.301;
2013, 0.307;
2014, 0.313;
2015, 0.319;
2016, 0.325;
2017, 0.331;
2018, 0.337;
2019, 0.343;
2020, 0.349;
2021, 0.356;
2022, 0.362;
2023, 0.368;
2024, 0.375;
2025, 0.381;
2026, 0.388;
2027, 0.394;
2028, 0.401;
2029, 0.407;
2030, 0.414;
2031, 0.42;
2032, 0.427;
2033, 0.433;
2034, 0.44;
2035, 0.447;
2036, 0.453;
2037, 0.46;
2038, 0.466;
2039, 0.473;
2040, 0.479;
2041, 0.486;
2042, 0.493;
2043, 0.499;
2044, 0.506;
2045, 0.512;
2046, 0.519;
2047, 0.525;
2048, 0.531;
2049, 0.538;
2050, 0.544;
2051, 0.551;
2052, 0.557;
2053, 0.563;
2054, 0.569;
2055, 0.576;
2056, 0.582;
2057, 0.588;
2058, 0.594;
2059, 0.6;
2060, 0.606;
2061, 0.612;
2062, 0.618;
2063, 0.624;
2064, 0.63;
2065, 0.635;
2066, 0.641;
2067, 0.646;
2068, 0.652;
2069, 0.657;
2070, 0.663;
2071, 0.668;
2072, 0.673;
2073, 0.678;
2074, 0.683;
2075, 0.688;
2076, 0.693;
2077, 0.697;
2078, 0.702;
2079, 0.706;
2080, 0.711;
2081, 0.715;
2082, 0.719;
2083, 0.723;
2084, 0.727;
2085, 0.731;
2086, 0.734;
2087, 0.738;
2088, 0.741;
2089, 0.744;
2090, 0.747;
2091, 0.75;
2092, 0.752;
2093, 0.753;
2094, 0.754;
2095, 0.755;
2096, 0.757;
2097, 0.758;
2098, 0.759;
2099, 0.76;
2100, 0.762;
2101, 0.763;
2102, 0.765;
2103, 0.767;
2104, 0.768;
2105, 0.771;
2106, 0.773;
2107, 0.776;
2108, 0.779;
2109, 0.782;
2110, 0.786;
2111, 0.79;
2112, 0.795;
2113, 0.8;
2114, 0.806;
2115, 0.812;
2116, 0.819;
2117, 0.826;
2118, 0.832;
2119, 0.839;
2120, 0.845;
2121, 0.851;
2122, 0.856;
2123, 0.861;
2124, 0.864;
2125, 0.867;
2126, 0.869;
2127, 0.869;
2128, 0.869;
2129, 0.866;
2130, 0.863;
2131, 0.857;
2132, 0.832;
2133, 0.806;
2134, 0.778;
2135, 0.749;
2136, 0.718;
2137, 0.686;
2138, 0.654;
2139, 0.621;
2140, 0.587;
2141, 0.553;
2142, 0.519;
2143, 0.484;
2144, 0.45;
2145, 0.416;
2146, 0.382;
2147, 0.349;
2148, 0.317;
2149, 0.286;
2150, 0.274;
2151, 0.264;
2152, 0.255;
2153, 0.247;
2154, 0.24;
2155, 0.234;
2156, 0.228;
2157, 0.224;
2158, 0.22;
2159, 0.218;
2160, 0.216;
2161, 0.215;
2162, 0.215;
2163, 0.215;
2164, 0.217;
2165, 0.219;
2166, 0.221;
2167, 0.225;
2168, 0.229;
2169, 0.233;
2170, 0.239;
2171, 0.245;
2172, 0.251;
2173, 0.258;
2174, 0.265;
2175, 0.273;
2176, 0.281;
2177, 0.29;
2178, 0.299;
2179, 0.309;
2180, 0.319;
2181, 0.329;
2182, 0.34;
2183, 0.35;
2184, 0.362;
2185, 0.373;
2186, 0.384;
2187, 0.396;
2188, 0.408;
2189, 0.42;
2190, 0.432;
2191, 0.444;
2192, 0.457;
2193, 0.469;
2194, 0.482;
2195, 0.494;
2196, 0.506;
2197, 0.519;
2198, 0.531;
2199, 0.543;
2200, 0.555;
2201, 0.567;
2202, 0.578;
2203, 0.59;
2204, 0.601;
2205, 0.612;
2206, 0.623;
2207, 0.633;
2208, 0.644;
2209, 0.653;
2210, 0.663;
2211, 0.672;
2212, 0.68;
2213, 0.689;
2214, 0.696;
2215, 0.704;
2216, 0.71;
2217, 0.717;
2218, 0.722;
2219, 0.727;
2220, 0.722;
2221, 0.716;
2222, 0.709;
2223, 0.702;
2224, 0.695;
2225, 0.687;
2226, 0.678;
2227, 0.669;
2228, 0.659;
2229, 0.649;
2230, 0.638;
2231, 0.627;
2232, 0.616;
2233, 0.604;
2234, 0.592;
2235, 0.579;
2236, 0.566;
2237, 0.553;
2238, 0.54;
2239, 0.526;
2240, 0.512;
2241, 0.497;
2242, 0.482;
2243, 0.467;
2244, 0.452;
2245, 0.437;
2246, 0.421;
2247, 0.406;
2248, 0.39;
2249, 0.374;
2250, 0.357;
2251, 0.341;
2252, 0.325;
2253, 0.308;
2254, 0.291;
2255, 0.275;
2256, 0.258;
2257, 0.241;
2258, 0.225;
2259, 0.208;
2260, 0.191;
2261, 0.175;
2262, 0.158;
2263, 0.141;
2264, 0.125;
2265, 0.117;
2266, 0.109;
2267, 0.101;
2268, 0.093;
2269, 0.085;
2270, 0.077;
2271, 0.069;
2272, 0.062;
2273, 0.054;
2274, 0.047;
2275, 0.04;
2276, 0.033;
2277, 0.026;
2278, 0.019;
2279, 0.012;
2280, 0.005;
2281, -0.002;
2282, -0.008;
2283, -0.014;
2284, -0.021;
2285, -0.027;
2286, -0.033;
2287, -0.039;
2288, -0.045;
2289, -0.051;
2290, -0.057;
2291, -0.062;
2292, -0.068;
2293, -0.073;
2294, -0.079;
2295, -0.084;
2296, -0.089;
2297, -0.094;
2298, -0.099;
2299, -0.104;
2300, -0.108;
2301, -0.113;
2302, -0.117;
2303, -0.122;
2304, -0.126;
2305, -0.13;
2306, -0.134;
2307, -0.138;
2308, -0.142;
2309, -0.146;
2310, -0.15;
2311, -0.154;
2312, -0.157;
2313, -0.16;
2314, -0.164;
2315, -0.167;
2316, -0.17;
2317, -0.173;
2318, -0.176;
2319, -0.179;
2320, -0.181;
2321, -0.184;
2322, -0.187;
2323, -0.189;
2324, -0.191;
2325, -0.194;
2326, -0.196;
2327, -0.198;
2328, -0.2;
2329, -0.201;
2330, -0.203;
2331, -0.205;
2332, -0.206;
2333, -0.208;
2334, -0.209;
2335, -0.21;
2336, -0.211;
2337, -0.212;
2338, -0.213;
2339, -0.214;
2340, -0.215;
2341, -0.215;
2342, -0.216;
2343, -0.216;
2344, -0.216;
2345, -0.217;
2346, -0.217;
2347, -0.217;
2348, -0.217;
2349, -0.217;
2350, -0.216;
2351, -0.216;
2352, -0.215;
2353, -0.215;
2354, -0.214;
2355, -0.213;
2356, -0.212;
2357, -0.212;
2358, -0.21;
2359, -0.209;
2360, -0.208;
2361, -0.207;
2362, -0.205;
2363, -0.204;
2364, -0.202;
2365, -0.2;
2366, -0.198;
2367, -0.196;
2368, -0.194;
2369, -0.192;
2370, -0.19;
2371, -0.187;
2372, -0.185;
2373, -0.182;
2374, -0.18;
2375, -0.177;
2376, -0.174;
2377, -0.171;
2378, -0.168;
2379, -0.165;
2380, -0.162;
2381, -0.158;
2382, -0.155;
2383, -0.151;
2384, -0.148;
2385, -0.144;
2386, -0.14;
2387, -0.136;
2388, -0.132;
2389, -0.128;
2390, -0.124;
2391, -0.119;
2392, -0.115;
2393, -0.11;
2394, -0.106;
2395, -0.101;
2396, -0.096;
2397, -0.091;
2398, -0.086;
2399, -0.081;
2400, -0.076;
2401, -0.071;
2402, -0.065;
2403, -0.06;
2404, -0.054;
2405, -0.048;
2406, -0.043;
2407, -0.037;
2408, -0.031;
2409, -0.025;
2410, -0.018;
2411, -0.012;
2412, -0.006;
2413, 0.001;
2414, 0.007;
2415, 0.014;
2416, 0.021;
2417, 0.028;
2418, 0.035;
2419, 0.042;
2420, 0.049;
2421, 0.056;
2422, 0.064;
2423, 0.071;
2424, 0.079;
2425, 0.086;
2426, 0.094;
2427, 0.102;
2428, 0.11;
2429, 0.118;
2430, 0.126;
2431, 0.134;
2432, 0.143;
2433, 0.151;
2434, 0.159;
2435, 0.168;
2436, 0.177;
2437, 0.186;
2438, 0.195;
2439, 0.204;
2440, 0.213;
2441, 0.222;
2442, 0.231;
2443, 0.241;
2444, 0.25;
2445, 0.26;
2446, 0.269;
2447, 0.279;
2448, 0.289;
2449, 0.299;
2450, 0.309;
2451, 0.319;
2452, 0.33;
2453, 0.34;
2454, 0.35;
2455, 0.361;
2456, 0.372;
2457, 0.382;
2458, 0.393;
2459, 0.404;
2460, 0.415;
2461, 0.426;
2462, 0.438;
2463, 0.449;
2464, 0.461;
2465, 0.472;
2466, 0.484;
2467, 0.495;
2468, 0.507;
2469, 0.519;
2470, 0.531;
2471, 0.543;
2472, 0.555;
2473, 0.568;
2474, 0.58;
2475, 0.593;
2476, 0.605;
2477, 0.618;
2478, 0.631;
2479, 0.644;
2480, 0.657;
2481, 0.67;
2482, 0.683;
2483, 0.696;
2484, 0.709;
2485, 0.723;
2486, 0.736;
2487, 0.75;
2488, 0.762;
2489, 0.774;
2490, 0.786;
2491, 0.797;
2492, 0.808;
2493, 0.817;
2494, 0.824;
2495, 0.831;
2496, 0.835;
2497, 0.837;
2498, 0.837;
2499, 0.834;
2500, 0.829;
2501, 0.82;
2502, 0.808;
2503, 0.793;
2504, 0.773;
2505, 0.75;
2506, 0.688;
2507, 0.622;
2508, 0.554;
2509, 0.483;
2510, 0.411;
2511, 0.339;
2512, 0.266;
2513, 0.195;
2514, 0.125;
2515, 0.098;
2516, 0.073;
2517, 0.05;
2518, 0.03;
2519, 0.011;
2520, -0.005;
2521, -0.019;
2522, -0.031;
2523, -0.041;
2524, -0.049;
2525, -0.056;
2526, -0.06;
2527, -0.063;
2528, -0.064;
2529, -0.064;
2530, -0.062;
2531, -0.058;
2532, -0.053;
2533, -0.047;
2534, -0.039;
2535, -0.03;
2536, -0.02;
2537, -0.008;
2538, 0.005;
2539, 0.018;
2540, 0.033;
2541, 0.049;
2542, 0.066;
2543, 0.083;
2544, 0.102;
2545, 0.121;
2546, 0.141;
2547, 0.161;
2548, 0.183;
2549, 0.204;
2550, 0.227;
2551, 0.249;
2552, 0.272;
2553, 0.296;
2554, 0.32;
2555, 0.343;
2556, 0.368;
2557, 0.392;
2558, 0.416;
2559, 0.44;
2560, 0.465;
2561, 0.489;
2562, 0.513;
2563, 0.537;
2564, 0.56;
2565, 0.584;
2566, 0.606;
2567, 0.629;
2568, 0.651;
2569, 0.672;
2570, 0.693;
2571, 0.714;
2572, 0.733;
2573, 0.752;
2574, 0.77;
2575, 0.787;
2576, 0.804;
2577, 0.819;
2578, 0.833;
2579, 0.836;
2580, 0.838;
2581, 0.839;
2582, 0.839;
2583, 0.838;
2584, 0.836;
2585, 0.833;
2586, 0.829;
2587, 0.825;
2588, 0.819;
2589, 0.813;
2590, 0.807;
2591, 0.799;
2592, 0.791;
2593, 0.783;
2594, 0.773;
2595, 0.764;
2596, 0.753;
2597, 0.742;
2598, 0.731;
2599, 0.72;
2600, 0.707;
2601, 0.695;
2602, 0.682;
2603, 0.669;
2604, 0.656;
2605, 0.642;
2606, 0.629;
2607, 0.615;
2608, 0.601;
2609, 0.587;
2610, 0.573;
2611, 0.558;
2612, 0.544;
2613, 0.53;
2614, 0.516;
2615, 0.502;
2616, 0.488;
2617, 0.474;
2618, 0.461;
2619, 0.447;
2620, 0.434;
2621, 0.422;
2622, 0.409;
2623, 0.397;
2624, 0.385;
2625, 0.374;
2626, 0.363;
2627, 0.353;
2628, 0.343;
2629, 0.333;
2630, 0.329;
2631, 0.326;
2632, 0.323;
2633, 0.321;
2634, 0.319;
2635, 0.318;
2636, 0.317;
2637, 0.316;
2638, 0.316;
2639, 0.316;
2640, 0.316;
2641, 0.317;
2642, 0.318;
2643, 0.319;
2644, 0.32;
2645, 0.321;
2646, 0.323;
2647, 0.325;
2648, 0.326;
2649, 0.328;
2650, 0.33;
2651, 0.332;
2652, 0.333;
2653, 0.336;
2654, 0.338;
2655, 0.34;
2656, 0.342;
2657, 0.345;
2658, 0.347;
2659, 0.349;
2660, 0.35;
2661, 0.352;
2662, 0.354;
2663, 0.356;
2664, 0.357;
2665, 0.359;
2666, 0.36;
2667, 0.362;
2668, 0.363;
2669, 0.365;
2670, 0.366;
2671, 0.367;
2672, 0.368;
2673, 0.369;
2674, 0.37;
2675, 0.371;
2676, 0.372;
2677, 0.372;
2678, 0.373;
2679, 0.374;
2680, 0.374;
2681, 0.375;
2682, 0.375;
2683, 0.377;
2684, 0.379;
2685, 0.381;
2686, 0.382;
2687, 0.384;
2688, 0.386;
2689, 0.388;
2690, 0.389;
2691, 0.391;
2692, 0.393;
2693, 0.394;
2694, 0.396;
2695, 0.398;
2696, 0.4;
2697, 0.402;
2698, 0.404;
2699, 0.406;
2700, 0.408;
2701, 0.41;
2702, 0.412;
2703, 0.415;
2704, 0.417;
2705, 0.42;
2706, 0.423;
2707, 0.426;
2708, 0.429;
2709, 0.432;
2710, 0.435;
2711, 0.439;
2712, 0.443;
2713, 0.447;
2714, 0.451;
2715, 0.455;
2716, 0.46;
2717, 0.465;
2718, 0.47;
2719, 0.475;
2720, 0.481;
2721, 0.487;
2722, 0.493;
2723, 0.499;
2724, 0.506;
2725, 0.513;
2726, 0.52;
2727, 0.528;
2728, 0.536;
2729, 0.544;
2730, 0.553;
2731, 0.562;
2732, 0.572;
2733, 0.581;
2734, 0.592;
2735, 0.602;
2736, 0.613;
2737, 0.625;
2738, 0.636;
2739, 0.657;
2740, 0.678;
2741, 0.699;
2742, 0.72;
2743, 0.741;
2744, 0.763;
2745, 0.784;
2746, 0.806;
2747, 0.827;
2748, 0.848;
2749, 0.869;
2750, 0.889;
2751, 0.909;
2752, 0.916;
2753, 0.922;
2754, 0.928;
2755, 0.934;
2756, 0.938;
2757, 0.943;
2758, 0.947;
2759, 0.95;
2760, 0.953;
2761, 0.956;
2762, 0.958;
2763, 0.96;
2764, 0.961;
2765, 0.962;
2766, 0.962;
2767, 0.962;
2768, 0.962;
2769, 0.961;
2770, 0.96;
2771, 0.958;
2772, 0.956;
2773, 0.954;
2774, 0.951;
2775, 0.948;
2776, 0.944;
2777, 0.94;
2778, 0.936;
2779, 0.931;
2780, 0.926;
2781, 0.921;
2782, 0.915;
2783, 0.909;
2784, 0.903;
2785, 0.896;
2786, 0.889;
2787, 0.882;
2788, 0.874;
2789, 0.866;
2790, 0.858;
2791, 0.85;
2792, 0.841;
2793, 0.832;
2794, 0.823;
2795, 0.813;
2796, 0.803;
2797, 0.793;
2798, 0.783;
2799, 0.772;
2800, 0.761;
2801, 0.75;
2802, 0.739;
2803, 0.727;
2804, 0.716;
2805, 0.704;
2806, 0.692;
2807, 0.679;
2808, 0.667;
2809, 0.647;
2810, 0.626;
2811, 0.606;
2812, 0.586;
2813, 0.565;
2814, 0.545;
2815, 0.524;
2816, 0.504;
2817, 0.484;
2818, 0.464;
2819, 0.444;
2820, 0.424;
2821, 0.405;
2822, 0.386;
2823, 0.367;
2824, 0.349;
2825, 0.331;
2826, 0.314;
2827, 0.297;
2828, 0.281;
2829, 0.265;
2830, 0.25;
2831, 0.247;
2832, 0.245;
2833, 0.243;
2834, 0.243;
2835, 0.242;
2836, 0.242;
2837, 0.243;
2838, 0.244;
2839, 0.246;
2840, 0.248;
2841, 0.251;
2842, 0.254;
2843, 0.258;
2844, 0.262;
2845, 0.266;
2846, 0.271;
2847, 0.276;
2848, 0.281;
2849, 0.287;
2850, 0.293;
2851, 0.299;
2852, 0.305;
2853, 0.312;
2854, 0.319;
2855, 0.326;
2856, 0.333;
2857, 0.34;
2858, 0.347;
2859, 0.355;
2860, 0.362;
2861, 0.37;
2862, 0.377;
2863, 0.385;
2864, 0.392;
2865, 0.4;
2866, 0.407;
2867, 0.414;
2868, 0.42;
2869, 0.427;
2870, 0.433;
2871, 0.44;
2872, 0.446;
2873, 0.452;
2874, 0.458;
2875, 0.463;
2876, 0.469;
2877, 0.474;
2878, 0.479;
2879, 0.483;
2880, 0.488;
2881, 0.492;
2882, 0.495;
2883, 0.499;
2884, 0.502;
2885, 0.504;
2886, 0.507;
2887, 0.508;
2888, 0.51;
2889, 0.511;
2890, 0.511;
2891, 0.511;
2892, 0.511;
2893, 0.51;
2894, 0.508;
2895, 0.506;
2896, 0.503;
2897, 0.5;
2898, 0.487;
2899, 0.474;
2900, 0.46;
2901, 0.446;
2902, 0.432;
2903, 0.417;
2904, 0.402;
2905, 0.386;
2906, 0.371;
2907, 0.356;
2908, 0.34;
2909, 0.325;
2910, 0.309;
2911, 0.294;
2912, 0.279;
2913, 0.264;
2914, 0.25;
2915, 0.245;
2916, 0.241;
2917, 0.237;
2918, 0.233;
2919, 0.23;
2920, 0.228;
2921, 0.226;
2922, 0.225;
2923, 0.225;
2924, 0.225;
2925, 0.227;
2926, 0.229;
2927, 0.232;
2928, 0.235;
2929, 0.24;
2930, 0.246;
2931, 0.253;
2932, 0.261;
2933, 0.27;
2934, 0.28;
2935, 0.292;
2936, 0.304;
2937, 0.318;
2938, 0.333;
2939, 0.367;
2940, 0.401;
2941, 0.437;
2942, 0.473;
2943, 0.511;
2944, 0.549;
2945, 0.587;
2946, 0.626;
2947, 0.665;
2948, 0.704;
2949, 0.743;
2950, 0.781;
2951, 0.82;
2952, 0.857;
2953, 0.894;
2954, 0.931;
2955, 0.966;
2956, 1.0;
2957, 1.014;
2958, 1.027;
2959, 1.039;
2960, 1.05;
2961, 1.06;
2962, 1.068;
2963, 1.076;
2964, 1.082;
2965, 1.088;
2966, 1.093;
2967, 1.096;
2968, 1.099;
2969, 1.101;
2970, 1.102;
2971, 1.103;
2972, 1.103;
2973, 1.102;
2974, 1.101;
2975, 1.099;
2976, 1.096;
2977, 1.093;
2978, 1.089;
2979, 1.086;
2980, 1.081;
2981, 1.076;
2982, 1.071;
2983, 1.066;
2984, 1.06;
2985, 1.055;
2986, 1.049;
2987, 1.043;
2988, 1.037;
2989, 1.03;
2990, 1.024;
2991, 1.018;
2992, 1.012;
2993, 1.006;
2994, 1.0;
2995, 0.994;
2996, 0.989;
2997, 0.984;
2998, 0.979;
2999, 0.974;
3000, 0.97;
3001, 0.966;
3002, 0.963;
3003, 0.96;
3004, 0.957;
3005, 0.955;
3006, 0.954;
3007, 0.954;
3008, 0.954;
3009, 0.955;
3010, 0.956;
3011, 0.958;
3012, 0.962;
3013, 0.966;
3014, 0.971;
3015, 0.976;
3016, 0.983;
3017, 0.991;
3018, 1.0;
3019, 99999;
