16.0
15.892
15.784
15.677
15.57
15.464
15.358
15.252
15.147
15.042
14.937
14.833
14.729
14.626
14.523
14.42
14.318
14.216
14.114
14.013
13.912
13.812
13.712
13.612
13.512
13.413
13.315
13.216
13.119
13.021
12.924
12.827
12.73
12.634
12.539
12.443
12.348
12.254
12.159
12.065
11.972
11.879
11.786
11.693
11.601
11.509
11.418
11.327
11.236
11.146
11.056
10.966
10.877
10.788
10.699
10.611
10.523
10.436
10.348
10.262
10.175
10.089
10.003
9.918
9.833
9.748
9.664
9.58
9.496
9.413
9.33
9.247
9.165
9.083
9.001
8.92
8.839
8.758
8.678
8.598
8.518
8.439
8.36
8.282
8.203
8.126
8.048
7.971
7.894
7.817
7.741
7.665
7.59
7.515
7.44
7.365
7.291
7.217
7.144
7.07
6.997
6.925
6.853
6.781
6.709
6.638
6.567
6.497
6.426
6.356
6.287
6.218
6.149
6.08
6.012
5.944
5.876
5.809
5.742
5.675
5.609
5.543
5.477
5.412
5.346
5.282
5.217
5.153
5.089
5.026
4.963
4.9
4.837
4.775
4.713
4.651
4.59
4.529
4.469
4.408
4.348
4.288
4.229
4.17
4.111
4.053
3.994
3.937
3.879
3.822
3.765
3.708
3.652
3.596
3.54
3.485
3.429
3.375
3.32
3.266
3.212
3.158
3.105
3.052
2.999
2.947
2.895
2.843
2.792
2.74
2.689
2.639
2.588
2.538
2.489
2.439
2.39
2.341
2.293
2.244
2.196
2.149
2.101
2.054
2.007
1.961
1.915
1.869
1.823
1.778
1.733
1.688
1.643
1.599
1.555
1.511
1.468
1.425
1.382
1.34
1.297
1.255
1.214
1.172
1.131
1.09
1.05
1.01
0.97
0.93
0.891
0.851
0.812
0.774
0.736
0.697
0.66
0.622
0.585
0.548
0.511
0.475
0.439
0.403
0.367
0.332
0.297
0.262
0.228
0.193
0.159
0.126
0.092
0.059
0.026
-0.007
-0.039
-0.071
-0.103
-0.135
-0.166
-0.197
-0.228
-0.258
-0.289
-0.319
-0.348
-0.378
-0.407
-0.436
-0.465
-0.493
-0.521
-0.549
-0.577
-0.605
-0.632
-0.659
-0.685
-0.712
-0.738
-0.764
-0.79
-0.815
-0.84
-0.865
-0.89
-0.914
-0.938
-0.962
-0.986
-1.009
-1.032
-1.055
-1.078
-1.1
-1.123
-1.144
-1.166
-1.188
-1.209
-1.23
-1.25
-1.271
-1.291
-1.311
-1.331
-1.35
-1.37
-1.389
-1.407
-1.426
-1.444
-1.462
-1.48
-1.498
-1.515
-1.532
-1.549
-1.566
-1.582
-1.598
-1.614
-1.63
-1.646
-1.661
-1.676
-1.691
-1.705
-1.72
-1.734
-1.748
-1.761
-1.775
-1.788
-1.801
-1.814
-1.826
-1.838
-1.85
-1.862
-1.874
-1.885
-1.896
-1.907
-1.918
-1.929
-1.939
-1.949
-1.959
-1.968
-1.978
-1.987
-1.996
-2.005
-2.013
-2.021
-2.03
-2.037
-2.045
-2.053
-2.06
-2.067
-2.074
-2.08
-2.087
-2.093
-2.099
-2.104
-2.11
-2.115
-2.12
-2.125
-2.13
-2.134
-2.139
-2.143
-2.147
-2.15
-2.154
-2.157
-2.16
-2.163
-2.166
-2.168
-2.17
-2.172
-2.174
-2.176
-2.177
-2.178
-2.179
-2.18
-2.181
-2.181
-2.181
-2.181
-2.181
-2.181
-2.18
-2.18
-2.179
-2.177
-2.176
-2.175
-2.173
-2.171
-2.169
-2.167
-2.164
-2.161
-2.158
-2.155
-2.152
-2.149
-2.145
-2.141
-2.137
-2.133
-2.129
-2.124
-2.119
-2.114
-2.109
-2.104
-2.098
-2.093
-2.087
-2.081
-2.075
-2.068
-2.062
-2.055
-2.048
-2.041
-2.033
-2.026
-2.018
-2.01
-2.002
-1.994
-1.986
-1.977
-1.969
-1.96
-1.951
-1.941
-1.932
-1.922
-1.913
-1.903
-1.893
-1.882
-1.872
-1.861
-1.851
-1.84
-1.828
-1.817
-1.806
-1.794
-1.782
-1.77
-1.758
-1.746
-1.734
-1.721
-1.708
-1.695
-1.682
-1.669
-1.655
-1.642
-1.628
-1.614
-1.6
-1.586
-1.572
-1.557
-1.542
-1.527
-1.512
-1.497
-1.482
-1.466
-1.451
-1.435
-1.419
-1.403
-1.387
-1.37
-1.354
-1.337
-1.32
-1.303
-1.286
-1.269
-1.251
-1.234
-1.216
-1.198
-1.18
-1.162
-1.144
-1.125
-1.106
-1.088
-1.069
-1.05
-1.03
-1.011
-0.992
-0.972
-0.952
-0.932
-0.912
-0.892
-0.872
-0.851
-0.831
-0.81
-0.789
-0.768
-0.747
-0.726
-0.704
-0.683
-0.661
-0.639
-0.617
-0.595
-0.573
-0.55
-0.528
-0.505
-0.483
-0.46
-0.437
-0.414
-0.39
-0.367
-0.343
-0.32
-0.296
-0.272
-0.248
-0.224
-0.2
-0.175
-0.151
-0.126
-0.101
-0.076
-0.051
-0.026
-0.001
0.025
0.05
0.076
0.101
0.127
0.153
0.179
0.206
0.232
0.258
0.285
0.312
0.338
0.365
0.392
0.419
0.447
0.474
0.502
0.529
0.557
0.585
0.612
0.641
0.669
0.697
0.725
0.754
0.782
0.811
0.84
0.869
0.898
0.927
0.956
0.985
1.015
1.044
1.074
1.103
1.133
1.163
1.193
1.223
1.253
1.284
1.314
1.345
1.375
1.406
1.437
1.468
1.499
1.53
1.561
1.592
1.623
1.655
1.686
1.718
1.75
1.782
1.814
1.846
1.878
1.91
1.942
1.974
2.007
2.039
2.072
2.105
2.138
2.17
2.203
2.236
2.27
2.303
2.336
2.369
2.403
2.436
2.47
2.504
2.538
2.571
2.605
2.639
2.673
2.708
2.742
2.776
2.811
2.845
2.88
2.914
2.949
2.984
3.019
3.054
3.089
3.124
3.159
3.194
3.229
3.265
3.3
3.336
3.371
3.407
3.442
3.478
3.514
3.55
3.586
3.622
3.658
3.694
3.73
3.767
3.803
3.839
3.876
3.912
3.949
3.986
4.022
4.059
4.096
4.133
4.17
4.207
4.244
4.281
4.318
4.355
4.392
4.43
4.467
4.505
4.542
4.58
4.617
4.655
4.693
4.73
4.768
4.806
4.844
4.882
4.92
4.958
4.996
5.034
5.072
5.111
5.149
5.187
5.225
5.264
5.302
5.341
5.379
5.418
5.457
5.495
5.534
5.573
5.611
5.65
5.689
5.728
5.767
5.806
5.845
5.884
5.923
5.962
6.001
6.04
6.08
6.119
6.158
6.198
6.237
6.276
6.316
6.355
6.395
6.434
6.474
6.513
6.553
6.592
6.632
6.672
6.711
6.751
6.791
6.831
6.87
6.91
6.95
6.99
7.03
7.07
7.109
7.149
7.189
7.229
7.269
7.309
7.349
7.389
7.43
7.47
7.51
7.55
7.59
7.63
7.67
7.711
7.751
7.791
7.831
7.871
7.912
7.952
7.992
8.032
8.073
8.113
8.153
8.194
8.234
8.274
8.315
8.355
8.395
8.436
8.476
8.516
8.557
8.597
8.637
8.678
8.718
8.758
8.799
8.839
8.88
8.92
8.96
9.001
9.041
9.081
9.122
9.162
9.203
9.243
9.283
9.324
9.364
9.404
9.445
9.485
9.525
9.565
9.606
9.646
9.686
9.727
9.767
9.807
9.847
9.887
9.928
9.968
10.008
10.048
10.088
10.128
10.169
10.209
10.249
10.289
10.329
10.369
10.409
10.449
10.489
10.529
10.569
10.609
10.649
10.688
10.728
10.768
10.808
10.848
10.887
10.927
10.967
11.007
11.046
11.086
11.125
11.165
11.205
11.244
11.284
11.323
11.362
11.402
11.441
11.481
11.52
11.559
11.598
11.638
11.677
11.716
11.755
11.794
11.833
11.872
11.911
11.95
11.989
12.028
12.066
12.105
12.144
12.183
12.221
12.26
12.298
12.337
12.375
12.414
12.452
12.491
12.529
12.567
12.605
12.644
12.682
12.72
12.758
12.796
12.834
12.872
12.909
12.947
12.985
13.023
13.06
13.098
13.135
13.173
13.21
13.248
13.285
13.322
13.359
13.396
13.434
13.471
13.508
13.544
13.581
13.618
13.655
13.692
13.728
13.765
13.801
13.838
13.874
13.91
13.947
13.983
14.019
14.055
14.091
14.127
14.163
14.199
14.234
14.27
14.306
14.341
14.377
14.412
14.448
14.483
14.518
14.553
14.588
14.623
14.658
14.693
14.728
14.763
14.798
14.832
14.867
14.902
14.936
14.97
15.005
15.039
15.073
15.108
15.142
15.176
15.21
15.244
15.277
15.311
15.345
15.379
15.412
15.446
15.479
15.513
15.546
15.579
15.613
15.646
15.679
15.712
15.745
15.778
15.811
15.843
15.876
15.909
15.941
15.974
16.006
16.039
16.071
16.104
16.136
16.168
16.2
16.232
16.264
16.296
16.328
16.36
16.392
16.423
16.455
16.487
16.518
16.55
16.581
16.612
16.644
16.675
16.706
16.737
16.768
16.799
16.83
16.861
16.892
16.922
16.953
16.984
17.014
17.045
17.075
17.105
17.136
17.166
17.196
17.226
17.256
17.286
17.316
17.346
17.376
17.406
17.436
17.465
17.495
17.524
17.554
17.583
17.613
17.642
17.671
17.7
17.729
17.758
17.787
17.816
17.845
17.874
17.903
17.932
17.96
17.989
18.017
18.046
18.074
18.103
18.131
18.159
18.187
18.216
18.244
18.272
18.3
18.327
18.355
18.383
18.411
18.438
18.466
18.494
18.521
18.549
18.576
18.603
18.63
18.658
18.685
18.712
18.739
18.766
18.793
18.82
18.847
18.873
18.9
18.927
18.953
18.98
19.006
19.033
19.059
19.085
19.111
19.138
19.164
19.19
19.216
19.242
19.268
19.293
19.319
19.345
19.371
19.396
19.422
19.447
19.473
19.498
19.523
19.549
19.574
19.599
19.624
19.649
19.674
19.699
19.724
19.749
19.774
19.798
19.823
19.848
19.872
19.897
19.921
19.945
19.97
19.994
20.018
20.042
20.067
20.091
20.115
20.139
20.162
20.186
20.21
20.234
20.257
20.281
20.305
20.328
20.352
20.375
20.398
20.422
20.445
20.468
20.491
20.514
20.537
20.56
20.583
20.606
20.629
20.651
20.674
20.697
20.719
20.742
20.764
20.787
20.809
20.832
20.854
20.876
20.898
20.92
20.942
20.964
20.986
21.008
21.03
21.052
21.073
21.095
21.117
21.138
21.16
21.181
21.203
21.224
21.245
21.267
21.288
21.309
21.33
21.351
21.372
21.393
21.414
21.435
21.456
21.476
21.497
21.518
21.538
21.559
21.579
21.6
21.62
21.64
21.66
21.681
21.701
21.721
21.741
21.761
21.781
21.801
21.821
21.84
21.86
21.88
21.9
21.919
21.939
21.958
21.978
21.997
22.016
22.036
22.055
22.074
22.093
22.112
22.131
22.15
22.169
22.188
22.207
22.226
22.244
22.263
22.282
22.3
22.319
22.337
22.356
22.374
22.392
22.411
22.429
22.447
22.465
22.483
22.501
22.519
22.537
22.555
22.573
22.59
22.608
22.626
22.643
22.661
22.679
22.696
22.713
22.731
22.748
22.765
22.783
22.8
22.817
22.834
22.851
22.868
22.885
22.902
22.919
22.935
22.952
22.969
22.986
23.002
23.019
23.035
23.052
23.068
23.084
23.101
23.117
23.133
23.149
23.165
23.181
23.197
23.213
23.229
23.245
23.261
23.277
23.292
23.308
23.324
23.339
23.355
23.37
23.386
23.401
23.416
23.432
23.447
23.462
23.477
23.492
23.508
23.523
23.537
23.552
23.567
23.582
23.597
23.612
23.626
23.641
23.655
23.67
23.684
23.699
23.713
23.728
23.742
23.756
23.77
23.785
23.799
23.813
23.827
23.841
23.855
23.869
23.882
23.896
23.91
23.924
23.937
23.951
23.965
23.978
23.992
24.005
24.018
24.032
24.045
24.058
24.071
24.085
24.098
24.111
24.124
24.137
24.15
24.163
24.175
24.188
24.201
24.214
24.226
24.239
24.251
24.264
24.276
24.289
24.301
24.314
24.326
24.338
24.35
24.363
24.375
24.387
24.399
24.411
24.423
24.435
24.446
24.458
24.47
24.482
24.493
24.505
24.517
24.528
24.54
24.551
24.563
24.574
24.585
24.597
24.608
24.619
24.63
24.641
24.652
24.663
24.674
24.685
24.696
24.707
24.718
24.729
24.739
24.75
24.761
24.771
24.782
24.792
24.803
24.813
24.824
24.834
24.844
24.855
24.865
24.875
24.885
24.895
24.905
24.915
24.925
24.935
24.945
24.955
24.964
24.974
24.984
24.994
25.003
25.013
25.022
25.032
25.041
25.051
25.06
25.069
25.079
25.088
25.097
25.106
25.115
25.124
25.134
25.143
25.151
25.16
25.169
25.178
25.187
25.196
25.204
25.213
25.222
25.23
25.239
25.247
25.256
25.264
25.273
25.281
25.289
25.297
25.306
25.314
25.322
25.33
25.338
25.346
25.354
25.362
25.37
25.378
25.386
25.393
25.401
25.409
25.417
25.424
25.432
25.439
25.447
25.454
25.462
25.469
25.476
25.484
25.491
25.498
25.505
25.513
25.52
25.527
25.534
25.541
25.548
25.555
25.561
25.568
25.575
25.582
25.589
25.595
25.602
25.609
25.615
25.622
25.628
25.635
25.641
25.647
25.654
25.66
25.666
25.672
25.679
25.685
25.691
25.697
25.703
25.709
25.715
25.721
25.727
25.733
25.738
25.744
25.75
25.756
25.761
25.767
25.772
25.778
25.783
25.789
25.794
25.8
25.805
25.81
25.816
25.821
25.826
25.831
25.836
25.842
25.847
25.852
25.857
25.862
25.866
25.871
25.876
25.881
25.886
25.891
25.895
25.9
25.904
25.909
25.914
25.918
25.923
25.927
25.931
25.936
25.94
25.944
25.949
25.953
25.957
25.961
25.965
25.97
25.974
25.978
25.982
25.986
25.989
25.993
25.997
26.001
26.005
26.008
26.012
26.016
26.019
26.023
26.027
26.03
26.034
26.037
26.04
26.044
26.047
26.05
26.054
26.057
26.06
26.063
26.067
26.07
26.073
26.076
26.079
26.082
26.085
26.088
26.09
26.093
26.096
26.099
26.102
26.104
26.107
26.11
26.112
26.115
26.117
26.12
26.122
26.125
26.127
26.129
26.132
26.134
26.136
26.138
26.141
26.143
26.145
26.147
26.149
26.151
26.153
26.155
26.157
26.159
26.161
26.163
26.164
26.166
26.168
26.17
26.171
26.173
26.175
26.176
26.178
26.179
26.181
26.182
26.184
26.185
26.186
26.188
26.189
26.19
26.191
26.193
26.194
26.195
26.196
26.197
26.198
26.199
26.2
26.201
26.202
26.203
26.204
26.204
26.205
26.206
26.207
26.207
26.208
26.209
26.209
26.21
26.21
26.211
26.211
26.212
26.212
26.213
26.213
26.213
26.213
26.214
26.214
26.214
26.214
26.214
26.215
26.215
26.215
26.215
26.215
26.215
26.215
26.214
26.214
26.214
26.214
26.214
26.214
26.213
26.213
26.213
26.212
26.212
26.211
26.211
26.21
26.21
26.209
26.209
26.208
26.208
26.207
26.206
26.205
26.205
26.204
26.203
26.202
26.201
26.201
26.2
26.199
26.198
26.197
26.196
26.195
26.193
26.192
26.191
26.19
26.189
26.188
26.186
26.185
26.184
26.182
26.181
26.18
26.178
26.177
26.175
26.174
26.172
26.171
26.169
26.167
26.166
26.164
26.162
26.161
26.159
26.157
26.155
26.153
26.151
26.15
26.148
26.146
26.144
26.142
26.14
26.138
26.135
26.133
26.131
26.129
26.127
26.125
26.122
26.12
26.118
26.115
26.113
26.111
26.108
26.106
26.103
26.101
26.098
26.096
26.093
26.091
26.088
26.085
26.083
26.08
26.077
26.075
26.072
26.069
26.066
26.063
26.061
26.058
26.055
26.052
26.049
26.046
26.043
26.04
26.037
26.034
26.03
26.027
26.024
26.021
26.018
26.014
26.011
26.008
26.005
26.001
25.998
25.994
25.991
25.988
25.984
25.981
25.977
25.973
25.97
25.966
25.963
25.959
25.955
25.952
25.948
25.944
25.94
25.937
25.933
25.929
25.925
25.921
25.917
25.913
25.91
25.906
25.902
25.898
25.893
25.889
25.885
25.881
25.877
25.873
25.869
25.865
25.86
25.856
25.852
25.847
25.843
25.839
25.834
25.83
25.826
25.821
25.817
25.812
25.808
25.803
25.799
25.794
25.789
25.785
25.78
25.776
25.771
25.766
25.761
25.757
25.752
25.747
25.742
25.737
25.733
25.728
25.723
25.718
25.713
25.708
25.703
25.698
25.693
25.688
25.683
25.678
25.673
25.668
25.662
25.657
25.652
25.647
25.641
25.636
25.631
25.626
25.62
25.615
25.61
25.604
25.599
25.593
25.588
25.582
25.577
25.571
25.566
25.56
25.555
25.549
25.544
25.538
25.532
25.527
25.521
25.515
25.509
25.504
25.498
25.492
25.486
25.48
25.475
25.469
25.463
25.457
25.451
25.445
25.439
25.433
25.427
25.421
25.415
25.409
25.403
25.397
25.391
25.385
25.378
25.372
25.366
25.36
25.354
25.347
25.341
25.335
25.328
25.322
25.316
25.309
25.303
25.297
25.29
25.284
25.277
25.271
25.264
25.258
25.251
25.245
25.238
25.231
25.225
25.218
25.212
25.205
25.198
25.192
25.185
25.178
25.171
25.165
25.158
25.151
25.144
25.137
25.131
25.124
25.117
25.11
25.103
25.096
25.089
25.082
25.075
25.068
25.061
25.054
25.047
25.04
25.033
25.026
25.019
25.011
25.004
24.997
24.99
24.983
24.976
24.968
24.961
24.954
24.947
24.939
24.932
24.925
24.917
24.91
24.902
24.895
24.888
24.88
24.873
24.865
24.858
24.85
24.843
24.835
24.828
24.82
24.813
24.805
24.797
24.79
24.782
24.775
24.767
24.759
24.752
24.744
24.736
24.728
24.721
24.713
24.705
24.697
24.69
24.682
24.674
24.666
24.658
24.65
24.642
24.634
24.627
24.619
24.611
24.603
24.595
24.587
24.579
24.571
24.563
24.555
24.547
24.538
24.53
24.522
24.514
24.506
24.498
24.49
24.482
24.473
24.465
24.457
24.449
24.44
24.432
24.424
24.416
24.407
24.399
24.391
24.382
24.374
24.366
24.357
24.349
24.341
24.332
24.324
24.315
24.307
24.298
24.29
24.281
24.273
24.264
24.256
24.247
24.239
24.23
24.222
24.213
24.205
24.196
24.187
24.179
24.17
24.161
24.153
24.144
24.135
24.127
24.118
24.109
24.1
24.092
24.083
24.074
24.065
24.057
24.048
24.039
24.03
24.021
24.012
24.004
23.995
23.986
23.977
23.968
23.959
23.95
23.941
23.932
23.923
23.914
23.905
23.896
23.887
23.878
23.869
23.86
23.851
23.842
23.833
23.824
23.815
23.806
23.797
23.788
23.779
23.77
23.76
23.751
23.742
23.733
23.724
23.715
23.705
23.696
23.687
23.678
23.668
23.659
23.65
23.641
23.631
23.622
23.613
23.604
23.594
23.585
23.576
23.566
23.557
23.548
23.538
23.529
23.519
23.51
23.501
23.491
23.482
23.472
23.463
23.454
23.444
23.435
23.425
23.416
23.406
23.397
23.387
23.378
23.368
23.359
23.349
23.34
23.33
23.32
23.311
23.301
23.292
23.282
23.273
23.263
23.253
23.244
23.234
23.225
23.215
23.205
23.196
23.186
23.176
23.167
23.157
23.147
23.138
23.128
23.118
23.108
23.099
23.089
23.079
23.07
23.06
23.05
23.04
23.03
23.021
23.011
23.001
22.991
22.982
22.972
22.962
22.952
22.942
22.932
22.923
22.913
22.903
22.893
22.883
22.873
22.864
22.854
22.844
22.834
22.824
22.814
22.804
22.794
22.784
22.774
22.765
22.755
22.745
22.735
22.725
22.715
22.705
22.695
22.685
22.675
22.665
22.655
22.645
22.635
22.625
22.615
22.605
22.595
22.585
22.575
22.565
22.555
22.545
22.535
22.525
22.515
22.505
22.495
22.485
22.475
22.465
22.455
22.444
22.434
22.424
22.414
22.404
22.394
22.384
22.374
22.364
22.354
22.344
22.333
22.323
22.313
22.303
22.293
22.283
22.273
22.263
22.253
22.242
22.232
22.222
22.212
22.202
22.192
22.181
22.171
22.161
22.151
22.141
22.131
22.121
22.11
22.1
22.09
22.08
22.07
22.059
22.049
22.039
22.029
22.019
22.009
21.998
21.988
21.978
21.968
21.958
21.947
21.937
21.927
21.917
21.907
21.896
21.886
21.876
21.866
21.855
21.845
21.835
21.825
21.815
21.804
21.794
21.784
21.774
21.763
21.753
21.743
21.733
21.723
21.712
21.702
21.692
21.682
21.671
21.661
21.651
21.641
21.63
21.62
21.61
21.6
21.59
21.579
21.569
21.559
21.549
21.538
21.528
21.518
21.508
21.497
21.487
21.477
21.467
21.457
21.446
21.436
21.426
21.416
21.405
21.395
21.385
21.375
21.364
21.354
21.344
21.334
21.324
21.313
21.303
21.293
21.283
21.272
21.262
21.252
21.242
21.232
21.221
21.211
21.201
21.191
21.181
21.17
21.16
21.15
21.14
21.13
21.119
21.109
21.099
21.089
21.079
21.068
21.058
21.048
21.038
21.028
21.018
21.007
20.997
20.987
20.977
20.967
20.957
20.946
20.936
20.926
20.916
20.906
20.896
20.886
20.875
20.865
20.855
20.845
20.835
20.825
20.815
20.805
20.795
20.784
20.774
20.764
20.754
20.744
20.734
20.724
20.714
20.704
20.694
20.684
20.674
20.663
20.653
20.643
20.633
20.623
20.613
20.603
20.593
20.583
20.573
20.563
20.553
20.543
20.533
20.523
20.513
20.503
20.493
20.483
20.473
20.463
20.453
20.443
20.433
20.423
20.413
20.403
20.393
20.383
20.374
20.364
20.354
20.344
20.334
20.324
20.314
20.304
20.294
20.284
20.275
20.265
20.255
20.245
20.235
20.225
20.215
20.206
20.196
20.186
20.176
20.166
20.157
20.147
20.137
20.127
20.117
20.108
20.098
20.088
20.078
20.069
20.059
20.049
20.039
20.03
20.02
20.01
20.001
19.991
19.981
19.971
19.962
19.952
19.942
19.933
19.923
19.914
19.904
19.894
19.885
19.875
19.865
19.856
19.846
19.837
19.827
19.817
19.808
19.798
19.789
19.779
19.77
19.76
19.751
19.741
19.732
19.722
19.712
19.703
19.693
19.684
19.674
19.665
19.656
19.646
19.637
19.627
19.618
19.608
19.599
19.589
19.58
19.57
19.561
19.552
19.542
19.533
19.523
19.514
19.504
19.495
19.486
19.476
19.467
19.458
19.448
19.439
19.429
19.42
19.411
19.401
19.392
19.383
19.373
19.364
19.355
19.345
19.336
19.327
19.317
19.308
19.299
19.289
19.28
19.271
19.261
19.252
19.243
19.234
19.224
19.215
19.206
19.196
19.187
19.178
19.169
19.159
19.15
19.141
19.131
19.122
19.113
19.104
19.094
19.085
19.076
19.067
19.057
19.048
19.039
19.03
19.021
19.011
19.002
18.993
18.984
18.974
18.965
18.956
18.947
18.937
18.928
18.919
18.91
18.901
18.891
18.882
18.873
18.864
18.855
18.845
18.836
18.827
18.818
18.809
18.799
18.79
18.781
18.772
18.763
18.753
18.744
18.735
18.726
18.717
18.707
18.698
18.689
18.68
18.671
18.662
18.652
18.643
18.634
18.625
18.616
18.606
18.597
18.588
18.579
18.57
18.56
18.551
18.542
18.533
18.524
18.514
18.505
18.496
18.487
18.478
18.469
18.459
18.45
18.441
18.432
18.423
18.413
18.404
18.395
18.386
18.377
18.367
18.358
18.349
18.34
18.33
18.321
18.312
18.303
18.294
18.284
18.275
18.266
18.257
18.248
18.238
18.229
18.22
18.211
18.201
18.192
18.183
18.174
18.164
18.155
18.146
18.137
18.127
18.118
18.109
18.1
18.09
18.081
18.072
18.063
18.053
18.044
18.035
18.025
18.016
18.007
17.998
17.988
17.979
17.97
17.96
17.951
17.942
17.932
17.923
17.914
17.904
17.895
17.886
17.876
17.867
17.858
17.848
17.839
17.83
17.82
17.811
17.802
17.792
17.783
17.773
17.764
17.755
17.745
17.736
17.727
17.717
17.708
17.698
17.689
17.679
17.67
17.661
17.651
17.642
17.632
17.623
17.613
17.604
17.594
17.585
17.575
17.566
17.556
17.547
17.537
17.528
17.518
17.509
17.499
17.49
17.48
17.471
17.461
17.452
17.442
17.433
17.423
17.413
17.404
17.394
17.385
17.375
17.365
17.356
17.346
17.337
17.327
17.317
17.308
17.298
17.288
17.279
17.269
17.259
17.25
17.24
17.23
17.221
17.211
17.201
17.191
17.182
17.172
17.162
17.152
17.143
17.133
17.123
17.113
17.104
17.094
17.084
17.074
17.064
17.055
17.045
17.035
17.025
17.015
17.005
16.995
16.986
16.976
16.966
16.956
16.946
16.936
16.926
16.916
16.906
16.896
16.886
16.876
16.866
16.856
16.846
16.836
16.826
16.816
16.806
16.796
16.786
16.776
16.766
16.756
16.746
16.736
16.726
16.715
16.705
16.695
16.685
16.675
16.665
16.655
16.644
16.634
16.624
16.614
16.603
16.593
16.583
16.573
16.562
16.552
16.542
16.532
16.521
16.511
16.501
16.49
16.48
16.47
16.459
16.449
16.439
16.428
16.418
16.407
16.397
16.386
16.376
16.366
16.355
16.345
16.334
16.324
16.313
16.303
16.292
16.281
16.271
16.26
16.25
16.239
16.228
16.218
16.207
16.197
16.186
16.175
16.165
16.154
16.143
16.132
16.122
16.111
16.1
16.09
16.079
16.068
16.057
16.046
16.036
16.025
16.014
16.003
15.992
15.981
15.97
15.959
15.948
15.938
15.927
15.916
15.905
15.894
15.883
15.872
15.861
15.85
15.839
15.827
15.816
15.805
15.794
15.783
15.772
15.761
15.75
15.738
15.727
15.716
15.705
15.694
15.682
15.671
15.66
15.649
15.637
15.626
15.615
15.603
15.592
15.581
15.569
15.558
15.546
15.535
15.524
15.512
15.501
15.489
15.478
15.466
15.455
15.443
15.431
15.42
15.408
15.397
15.385
15.373
15.362
15.35
15.338
15.327
15.315
15.303
15.292
15.28
15.268
15.256
15.245
15.233
15.221
15.209
15.197
15.185
15.173
15.161
15.15
15.138
15.126
15.114
15.102
15.09
15.078
15.066
15.054
15.041
15.029
15.017
15.005
14.993
14.981
14.969
14.956
14.944
14.932
14.92
14.908
14.895
14.883
14.871
14.858
14.846
14.834
14.821
14.809
14.796
14.784
14.772
14.759
14.747
14.734
14.722
14.709
14.697
14.684
14.671
14.659
14.646
14.634
14.621
14.608
14.596
14.583
14.57
14.557
14.545
14.532
14.519
14.506
14.493
14.48
14.468
14.455
14.442
14.429
14.416
14.403
14.39
14.377
14.364
14.351
14.338
14.325
14.312
14.298
14.285
14.272
14.259
14.246
14.233
14.219
14.206
14.193
14.18
14.166
14.153
14.139
14.126
14.113
14.099
14.086
14.072
14.059
14.045
14.032
14.018
14.005
13.991
13.978
13.964
13.95
13.937
13.923
13.909
13.896
13.882
13.868
13.854
13.841
13.827
13.813
13.799
13.785
13.771
13.757
13.743
13.729
13.715
13.701
13.687
13.673
13.659
13.645
13.631
13.617
13.603
13.589
13.574
13.56
13.546
13.532
13.517
13.503
13.489
13.474
13.46
13.446
13.431
13.417
13.402
13.388
13.373
13.359
13.344
13.33
13.315
13.3
13.286
13.271
13.256
13.242
13.227
13.212
13.197
13.183
13.168
13.153
13.138
13.123
13.108
13.093
13.078
13.063
13.048
13.033
13.018
13.003
12.988
12.973
12.958
12.943
12.927
12.912
12.897
12.882
12.866
12.851
12.836
12.82
12.805
12.79
12.774
12.759
12.743
12.728
12.712
12.697
12.681
12.665
12.65
12.634
12.618
12.603
12.587
12.571
12.555
12.54
12.524
12.508
12.492
12.476
12.46
12.444
12.428
12.412
12.396
12.38
12.364
12.348
12.332
12.316
12.3
12.283
12.267
12.251
12.235
12.218
12.202
12.186
12.169
12.153
12.136
12.12
12.103
12.087
12.07
12.054
12.037
12.02
12.004
11.987
11.97
11.954
11.937
11.92
11.903
11.887
11.87
11.853
11.836
11.819
11.802
11.785
11.768
11.751
11.734
11.717
11.7
11.682
11.665
11.648
11.631
11.613
11.596
11.579
11.561
11.544
11.527
11.509
11.492
11.474
11.457
11.439
11.422
11.404
11.386
11.369
11.351
11.333
11.316
11.298
11.28
11.262
11.244
11.226
11.209
11.191
11.173
11.155
11.137
11.119
11.1
11.082
11.064
11.046
11.028
11.01
10.991
10.973
10.955
10.936
10.918
10.9
10.881
10.863
10.844
10.826
10.807
10.789
10.77
10.751
10.733
10.714
10.695
10.676
10.658
10.639
10.62
10.601
10.582
10.563
10.544
10.525
10.506
10.487
10.468
10.449
10.43
10.411
10.391
10.372
10.353
10.334
10.314
10.295
10.276
10.256
10.237
10.217
10.198
10.178
10.159
10.139
10.119
10.1
10.08
10.06
10.04
10.021
10.001
9.981
9.961
9.941
9.921
9.901
9.881
9.861
9.841
9.821
9.801
9.78
9.76
9.74
9.72
9.699
9.679
9.659
9.638
9.618
9.597
9.577
9.556
9.536
9.515
9.495
9.474
9.453
9.432
9.412
9.391
9.37
9.349
9.328
9.307
9.286
9.265
9.244
9.223
9.202
9.181
9.16
9.139
9.117
9.096
9.075
9.054
9.032
9.011
8.989
8.968
8.946
8.925
8.903
8.882
8.86
8.838
8.817
8.795
8.773
8.751
8.729
8.708
8.686
8.664
8.642
8.62
8.598
8.576
8.553
8.531
8.509
8.487
8.465
8.442
8.42
8.398
8.375
8.353
8.33
8.308
8.285
8.263
8.24
8.218
8.195
8.172
8.149
8.127
8.104
8.081
8.058
8.035
8.012
7.989
7.966
7.943
7.92
7.897
7.874
7.85
7.827
7.804
7.78
7.757
7.734
7.71
7.687
7.663
7.64
7.616
7.593
7.569
7.545
7.522
7.498
7.474
7.451
7.427
7.403
7.379
7.355
7.331
7.307
7.283
7.259
7.235
7.211
7.187
7.163
7.139
7.114
7.09
7.066
7.042
7.017
6.993
6.969
6.944
6.92
6.895
6.871
6.846
6.822
6.797
6.773
6.748
6.723
6.699
6.674
6.649
6.625
6.6
6.575
6.55
6.525
6.501
6.476
6.451
6.426
6.401
6.376
6.351
6.326
6.301
6.276
6.251
6.225
6.2
6.175
6.15
6.125
6.099
6.074
6.049
6.024
5.998
5.973
5.948
5.922
5.897
5.871
5.846
5.821
5.795
5.77
5.744
5.719
5.693
5.667
5.642
5.616
5.591
5.565
5.539
5.514
5.488
5.462
5.437
5.411
5.385
5.359
5.333
5.308
5.282
5.256
5.23
5.204
5.178
5.153
5.127
5.101
5.075
5.049
5.023
4.997
4.971
4.945
4.919
4.893
4.867
4.841
4.815
4.789
4.762
4.736
4.71
4.684
4.658
4.632
4.606
4.58
4.553
4.527
4.501
4.475
4.449
4.422
4.396
4.37
4.344
4.317
4.291
4.265
4.239
4.212
4.186
4.16
4.133
4.107
4.081
4.054
4.028
4.002
3.975
3.949
3.923
3.896
3.87
3.843
3.817
3.791
3.764
3.738
3.712
3.685
3.659
3.632
3.606
3.579
3.553
3.527
3.5
3.474
3.447
3.421
3.394
3.368
3.342
3.315
3.289
3.262
3.236
3.209
3.183
3.156
3.13
3.104
3.077
3.051
3.024
2.998
2.971
2.945
2.918
2.892
2.866
2.839
2.813
2.786
2.76
2.733
2.707
2.681
2.654
2.628
2.601
2.575
2.548
2.522
2.496
2.469
2.443
2.416
2.39
2.364
2.337
2.311
2.285
2.258
2.232
2.206
2.179
2.153
2.127
2.1
2.074
2.048
2.022
1.995
1.969
1.943
1.916
1.89
1.864
1.838
1.812
1.785
1.759
1.733
1.707
1.681
1.654
1.628
1.602
1.576
1.55
1.524
1.498
1.472
1.446
1.42
1.393
1.367
1.341
1.315
1.289
1.263
1.238
1.212
1.186
1.16
1.134
1.108
1.082
1.056
1.03
1.004
0.979
0.953
0.927
0.901
0.876
0.85
0.824
0.798
0.773
0.747
0.721
0.696
0.67
0.644
0.619
0.593
0.568
0.542
0.517
0.491
0.466
0.44
0.415
0.389
0.364
0.339
0.313
0.288
0.263
0.237
0.212
0.187
0.162
0.136
0.111
0.086
0.061
0.036
0.011
-0.015
-0.04
-0.065
-0.09
-0.115
-0.14
-0.165
-0.189
-0.214
-0.239
-0.264
-0.289
-0.314
-0.338
-0.363
-0.388
-0.413
-0.437
-0.462
-0.487
-0.511
-0.536
-0.56
-0.585
-0.609
-0.634
-0.658
-0.683
-0.707
-0.731
-0.756
-0.78
-0.804
-0.828
-0.853
-0.877
-0.901
-0.925
-0.949
-0.973
-0.997
-1.021
-1.045
-1.069
-1.093
-1.117
-1.141
-1.165
-1.188
-1.212
-1.236
-1.259
-1.283
-1.307
-1.33
-1.354
-1.377
-1.401
-1.424
-1.448
-1.471
-1.495
-1.518
-1.541
-1.564
-1.588
-1.611
-1.634
-1.657
-1.68
-1.703
-1.726
-1.749
-1.772
-1.795
-1.818
-1.841
-1.863
-1.886
-1.909
-1.932
-1.954
-1.977
-1.999
-2.022
-2.044
-2.067
-2.089
-2.112
-2.134
-2.156
-2.179
-2.201
-2.223
-2.245
-2.267
-2.289
-2.311
-2.333
-2.355
-2.377
-2.399
-2.421
-2.442
-2.464
-2.486
-2.507
-2.529
-2.551
-2.572
-2.594
-2.615
-2.636
-2.658
-2.679
-2.7
-2.721
-2.743
-2.764
-2.785
-2.806
-2.827
-2.848
-2.869
-2.889
-2.91
-2.931
-2.952
-2.972
-2.993
-3.014
-3.034
-3.054
-3.075
-3.095
-3.116
-3.136
-3.156
-3.176
-3.196
-3.217
-3.237
-3.257
-3.276
-3.296
-3.316
-3.336
-3.356
-3.375
-3.395
-3.415
-3.434
-3.454
-3.473
-3.493
-3.512
-3.531
-3.55
-3.57
-3.589
-3.608
-3.627
-3.646
-3.665
-3.684
-3.702
-3.721
-3.74
-3.758
-3.777
-3.796
-3.814
-3.832
-3.851
-3.869
-3.887
-3.906
-3.924
-3.942
-3.96
-3.978
-3.996
-4.014
-4.032
-4.049
-4.067
-4.085
-4.102
-4.12
-4.137
-4.155
-4.172
-4.189
-4.207
-4.224
-4.241
-4.258
-4.275
-4.292
-4.309
-4.326
-4.342
-4.359
-4.376
-4.392
-4.409
-4.425
-4.442
-4.458
-4.474
-4.49
-4.507
-4.523
-4.539
-4.555
-4.571
-4.586
-4.602
-4.618
-4.634
-4.649
-4.665
-4.68
-4.696
-4.711
-4.726
-4.741
-4.757
-4.772
-4.787
-4.802
-4.816
-4.831
-4.846
-4.861
-4.875
-4.89
-4.904
-4.919
-4.933
-4.947
-4.962
-4.976
-4.99
-5.004
-5.018
-5.032
-5.045
-5.059
-5.073
-5.086
-5.1
-5.113
-5.127
-5.14
-5.153
-5.166
-5.179
-5.193
-5.205
-5.218
-5.231
-5.244
-5.257
-5.269
-5.282
-5.294
-5.307
-5.319
-5.331
-5.343
-5.355
-5.367
-5.379
-5.391
-5.403
-5.415
-5.426
-5.438
-5.45
-5.461
-5.472
-5.484
-5.495
-5.506
-5.517
-5.528
-5.539
-5.55
-5.56
-5.571
-5.582
-5.592
-5.603
-5.613
-5.623
-5.633
-5.644
-5.654
-5.664
-5.673
-5.683
-5.693
-5.703
-5.712
-5.722
-5.731
-5.741
-5.75
-5.759
-5.768
-5.777
-5.786
-5.795
-5.804
-5.812
-5.821
-5.829
-5.838
-5.846
-5.855
-5.863
-5.871
-5.879
-5.887
-5.895
-5.903
-5.91
-5.918
-5.925
-5.933
-5.94
-5.947
-5.955
-5.962
-5.969
-5.976
-5.983
-5.989
-5.996
-6.003
-6.009
-6.016
-6.022
-6.028
-6.034
-6.04
-6.046
-6.052
-6.058
-6.064
-6.069
-6.075
-6.08
-6.086
-6.091
-6.096
-6.101
-6.106
-6.111
-6.116
-6.121
-6.126
-6.13
-6.135
-6.139
-6.143
-6.147
-6.152
-6.156
-6.16
-6.163
-6.167
-6.171
-6.174
-6.178
-6.181
-6.184
-6.188
-6.191
-6.194
-6.197
-6.199
-6.202
-6.205
-6.207
-6.21
-6.212
-6.214
-6.217
-6.219
-6.221
-6.222
-6.224
-6.226
-6.227
-6.229
-6.23
-6.232
-6.233
-6.234
-6.235
-6.236
-6.237
-6.237
-6.238
-6.238
-6.239
-6.239
-6.239
-6.239
-6.239
-6.239
-6.239
-6.239
-6.238
-6.238
-6.237
-6.237
-6.236
-6.235
-6.234
-6.233
-6.232
-6.23
-6.229
-6.227
-6.226
-6.224
-6.222
-6.22
-6.218
-6.216
-6.214
-6.212
-6.209
-6.207
-6.204
-6.201
-6.199
-6.196
-6.193
-6.189
-6.186
-6.183
-6.179
-6.176
-6.172
-6.168
-6.164
-6.16
-6.156
-6.152
-6.148
-6.143
-6.139
-6.134
-6.129
-6.124
-6.119
-6.114
-6.109
-6.104
-6.098
-6.093
-6.087
-6.081
-6.076
-6.07
-6.064
-6.057
-6.051
-6.045
-6.038
-6.032
-6.025
-6.018
-6.011
-6.004
-5.997
-5.989
-5.982
-5.975
-5.967
-5.959
-5.951
-5.943
-5.935
-5.927
-5.919
-5.91
-5.902
-5.893
-5.884
-5.875
-5.866
-5.857
-5.848
-5.839
-5.829
-5.82
-5.81
-5.8
-5.79
-5.78
-5.77
-5.76
-5.749
-5.739
-5.728
-5.718
-5.707
-5.696
-5.685
-5.673
-5.662
-5.651
-5.639
-5.627
-5.615
-5.604
-5.591
-5.579
-5.567
-5.555
-5.542
-5.529
-5.517
-5.504
-5.491
-5.478
-5.464
-5.451
-5.437
-5.424
-5.41
-5.396
-5.382
-5.368
-5.354
-5.339
-5.325
-5.31
-5.296
-5.281
-5.266
-5.251
-5.235
-5.22
-5.204
-5.189
-5.173
-5.157
-5.141
-5.125
-5.109
-5.093
-5.076
-5.059
-5.043
-5.026
-5.009
-4.992
-4.974
-4.957
-4.939
-4.922
-4.904
-4.886
-4.868
-4.85
-4.832
-4.813
-4.795
-4.776
-4.757
-4.738
-4.719
-4.7
-4.681
-4.661
-4.642
-4.622
-4.602
-4.582
-4.562
-4.542
-4.521
-4.501
-4.48
-4.459
-4.438
-4.417
-4.396
-4.375
-4.353
-4.332
-4.31
-4.288
-4.266
-4.244
-4.222
-4.2
-4.177
-4.154
-4.132
-4.109
-4.086
-4.062
-4.039
-4.016
-3.992
-3.968
-3.944
-3.92
-3.896
-3.872
-3.847
-3.823
-3.798
-3.773
-3.748
-3.723
-3.698
-3.673
-3.647
-3.621
-3.596
-3.57
-3.543
-3.517
-3.491
-3.464
-3.438
-3.411
-3.384
-3.357
-3.33
-3.302
-3.275
-3.247
-3.219
-3.191
-3.163
-3.135
-3.107
-3.078
-3.049
-3.021
-2.992
-2.963
-2.933
-2.904
-2.874
-2.845
-2.815
-2.785
-2.755
-2.725
-2.694
-2.664
-2.633
-2.602
-2.571
-2.54
-2.509
-2.477
-2.446
-2.414
-2.382
-2.35
-2.318
-2.286
-2.253
-2.221
-2.188
-2.155
-2.122
-2.089
-2.056
-2.022
-1.988
-1.955
-1.921
-1.887
-1.852
-1.818
-1.783
-1.749
-1.714
-1.679
-1.644
-1.608
-1.573
-1.537
-1.502
-1.466
-1.43
-1.393
-1.357
-1.321
-1.284
-1.247
-1.21
-1.173
-1.136
-1.098
-1.061
-1.023
-0.985
-0.947
-0.909
-0.87
-0.832
-0.793
-0.754
-0.715
-0.676
-0.637
-0.597
-0.558
-0.518
-0.478
-0.438
-0.397
-0.357
-0.316
-0.276
-0.235
-0.194
-0.153
-0.111
-0.07
-0.028
0.014
0.056
0.098
0.14
0.183
0.225
0.268
0.311
0.354
0.398
0.441
0.485
0.529
0.572
0.617
0.661
0.705
0.75
0.795
0.84
0.885
0.93
0.975
1.021
1.067
1.112
1.159
1.205
1.251
1.298
1.344
1.391
1.438
1.486
1.533
1.581
1.628
1.676
1.724
1.772
1.821
1.869
1.918
1.967
2.016
2.065
2.115
2.164
2.214
2.264
2.314
2.364
2.415
2.465
2.516
2.567
2.618
2.669
2.721
2.772
2.824
2.876
2.928
2.98
3.033
3.085
3.138
3.191
3.244
3.298
3.351
3.405
3.459
3.513
3.567
3.621
3.676
3.73
3.785
3.84
3.896
3.951
4.007
4.062
4.118
4.174
4.231
4.287
4.344
4.401
4.458
4.515
4.572
4.63
4.687
4.745
4.803
4.861
4.92
4.978
5.037
5.096
5.155
5.214
5.274
5.334
5.393
5.453
5.513
5.574
5.634
5.695
5.755
5.816
5.877
5.939
6.0
6.061
6.123
6.185
6.247
6.309
6.371
6.433
6.496
6.558
6.621
6.684
6.747
6.81
6.873
6.936
7.0
7.063
7.127
7.191
7.254
7.318
7.382
7.446
7.511
7.575
7.639
7.704
7.769
7.833
7.898
7.963
8.028
8.093
8.158
8.223
8.288
8.353
8.419
8.484
8.55
8.615
8.681
8.747
8.812
8.878
8.944
9.01
9.076
9.142
9.208
9.274
9.34
9.406
9.472
9.538
9.604
9.671
9.737
9.803
9.87
9.936
10.002
10.069
10.135
10.201
10.268
10.334
10.401
10.467
10.534
10.6
10.666
10.733
10.799
10.866
10.932
10.998
11.065
11.131
11.197
11.264
11.33
11.396
11.462
11.529
11.595
11.661
11.727
11.793
11.859
11.925
11.991
12.057
12.123
12.188
12.254
12.32
12.385
12.451
12.516
12.582
12.647
12.712
12.778
12.843
12.908
12.973
13.038
13.103
13.167
13.232
13.297
13.361
13.426
13.49
13.554
13.618
13.682
13.746
13.81
13.874
13.938
14.001
14.064
14.128
14.191
14.254
14.317
14.38
14.442
14.505
14.567
14.63
14.692
14.754
14.816
14.878
14.939
15.001
15.062
15.123
15.184
15.245
15.306
15.367
15.427
15.487
15.547
15.607
15.667
15.727
15.786
15.846
15.905
15.964
16.022
16.081
16.139
16.198
16.256
16.314
16.371
16.429
16.486
16.543
16.6
16.657
16.713
16.769
16.825
16.881
16.937
16.992
17.048
17.103
17.157
17.212
17.266
17.32
17.374
17.428
17.481
17.535
17.588
17.64
17.693
17.745
17.797
17.849
17.9
17.951
18.003
18.053
18.104
18.154
18.204
18.254
18.303
18.352
18.401
18.45
18.498
18.546
18.594
18.642
18.689
18.736
18.783
18.829
18.875
18.921
18.967
19.012
19.057
19.101
19.146
19.19
19.234
19.277
19.32
19.363
19.406
19.448
19.49
19.532
19.573
19.614
19.655
19.696
19.736
19.776
19.816
19.855
19.894
19.933
19.972
20.01
20.048
20.086
20.123
20.16
20.197
20.234
20.27
20.306
20.342
20.377
20.412
20.447
20.482
20.516
20.55
20.584
20.618
20.651
20.684
20.717
20.749
20.781
20.813
20.845
20.876
20.907
20.938
20.969
20.999
21.029
21.059
21.088
21.117
21.146
21.175
21.203
21.231
21.259
21.287
21.314
21.341
21.368
21.395
21.421
21.447
21.473
21.498
21.524
21.549
21.573
21.598
21.622
21.646
21.67
21.693
21.717
21.739
21.762
21.785
21.807
21.829
21.851
21.872
21.893
21.914
21.935
21.955
21.975
21.995
22.015
22.035
22.054
22.073
22.092
22.11
22.128
22.146
22.164
22.182
22.199
22.216
22.233
22.249
22.266
22.282
22.298
22.313
22.329
22.344
22.359
22.373
22.388
22.402
22.416
22.43
22.443
22.456
22.469
22.482
22.495
22.507
22.519
22.531
22.543
22.554
22.565
22.576
22.587
22.597
22.608
22.618
22.628
22.637
22.647
22.656
22.665
22.674
22.682
22.69
22.698
22.706
22.714
22.721
22.729
22.736
22.742
22.749
22.755
22.761
22.767
22.773
22.778
22.784
22.789
22.794
22.798
22.803
22.807
22.811
22.815
22.818
22.821
22.825
22.828
22.83
22.833
22.835
22.837
22.839
22.841
22.843
22.844
22.845
22.846
22.847
22.847
22.847
22.848
22.848
22.847
22.847
22.846
22.845
22.844
22.843
22.841
22.84
22.838
22.836
22.834
22.831
22.829
22.826
22.823
22.82
22.816
22.813
22.809
22.805
22.801
22.796
22.792
22.787
22.782
22.777
22.772
22.767
22.761
22.755
22.749
22.743
22.737
22.73
22.724
22.717
22.71
22.702
22.695
22.687
22.68
22.672
22.664
22.655
22.647
22.638
22.629
22.62
22.611
22.602
22.592
22.583
22.573
22.563
22.553
22.542
22.532
22.521
22.51
22.499
22.488
22.476
22.465
22.453
22.441
22.429
22.417
22.405
22.392
22.38
22.367
22.354
22.341
22.327
22.314
22.3
22.287
22.273
22.259
22.244
22.23
22.215
22.201
22.186
22.171
22.156
22.14
22.125
22.109
22.093
22.077
22.061
22.045
22.029
22.012
21.996
21.979
21.962
21.945
21.927
21.91
21.892
21.875
21.857
21.839
21.821
21.803
21.784
21.766
21.747
21.728
21.709
21.69
21.671
21.652
21.632
21.612
21.593
21.573
21.553
21.533
21.512
21.492
21.471
21.45
21.43
21.409
21.388
21.366
21.345
21.323
21.302
21.28
21.258
21.236
21.214
21.192
21.17
21.147
21.124
21.102
21.079
21.056
21.033
21.009
20.986
20.963
20.939
20.915
20.892
20.868
20.844
20.819
20.795
20.771
20.746
20.721
20.697
20.672
20.647
20.622
20.597
20.571
20.546
20.52
20.495
20.469
20.443
20.417
20.391
20.365
20.339
20.312
20.286
20.259
20.232
20.205
20.179
20.152
20.124
20.097
20.07
20.042
20.015
19.987
19.96
19.932
19.904
19.876
19.848
19.819
19.791
19.763
19.734
19.706
19.677
19.648
19.619
19.59
19.561
19.532
19.503
19.474
19.444
19.415
19.385
19.355
19.326
19.296
19.266
19.236
19.206
19.175
19.145
19.115
19.084
19.054
19.023
18.993
18.962
18.931
18.9
18.869
18.838
18.807
18.775
18.744
18.713
18.681
18.65
18.618
18.586
18.555
18.523
18.491
18.459
18.427
18.395
18.362
18.33
18.298
18.265
18.233
18.2
18.168
18.135
18.102
18.07
18.037
18.004
17.971
17.938
17.904
17.871
17.838
17.805
17.771
17.738
17.704
17.671
17.637
17.604
17.57
17.536
17.502
17.468
17.434
17.4
17.366
17.332
17.298
17.264
17.229
17.195
17.161
17.126
17.092
17.057
17.023
16.988
16.953
16.919
16.884
16.849
16.814
16.779
16.744
16.709
16.674
16.639
16.604
16.569
16.534
16.498
16.463
16.428
16.392
16.357
16.321
16.286
16.25
16.215
16.179
16.144
16.108
16.072
16.036
16.001
15.965
15.929
15.893
15.857
15.821
15.785
15.749
15.713
15.677
15.641
15.605
15.569
15.533
15.497
15.46
15.424
15.388
15.352
15.315
15.279
15.243
15.206
15.17
15.133
15.097
15.061
15.024
14.988
14.951
14.915
14.878
14.841
14.805
14.768
14.732
14.695
14.658
14.622
14.585
14.548
14.512
14.475
14.438
14.402
14.365
14.328
14.291
14.255
14.218
14.181
14.144
14.108
14.071
14.034
13.997
13.96
13.924
13.887
13.85
13.813
13.777
13.74
13.703
13.666
13.629
13.593
13.556
13.519
13.482
13.445
13.409
13.372
13.335
13.298
13.262
13.225
13.188
13.151
13.115
13.078
13.041
13.004
12.968
12.931
12.894
12.858
12.821
12.785
12.748
12.711
12.675
12.638
12.602
12.565
12.529
12.492
12.456
12.419
12.383
12.346
12.31
12.274
12.237
12.201
12.165
12.128
12.092
12.056
12.02
11.984
11.947
11.911
11.875
11.839
11.803
11.767
11.731
11.695
11.659
11.623
11.587
11.552
11.516
11.48
11.444
11.409
11.373
11.337
11.302
11.266
11.231
11.195
11.16
11.124
11.089
11.054
11.018
10.983
10.948
10.913
10.878
10.843
10.808
10.773
10.738
10.703
10.668
10.633
10.598
10.564
10.529
10.494
10.46
10.425
10.391
10.356
10.322
10.288
10.253
10.219
10.185
10.151
10.117
10.083
10.049
10.015
9.981
9.947
9.914
9.88
9.846
9.813
9.779
9.746
9.713
9.679
9.646
9.613
9.58
9.547
9.514
9.481
9.448
9.415
9.382
9.35
9.317
9.285
9.252
9.22
9.187
9.155
9.123
9.091
9.059
9.027
8.995
8.963
8.931
8.9
8.868
8.837
8.805
8.774
8.742
8.711
8.68
8.649
8.618
8.587
8.556
8.525
8.494
8.464
8.433
8.403
8.372
8.342
8.312
8.281
8.251
8.221
8.191
8.161
8.131
8.101
8.072
8.042
8.012
7.983
7.953
7.924
7.895
7.865
7.836
7.807
7.778
7.749
7.72
7.691
7.663
7.634
7.605
7.577
7.548
7.52
7.492
7.463
7.435
7.407
7.379
7.351
7.323
7.295
7.267
7.24
7.212
7.185
7.157
7.13
7.102
7.075
7.048
7.021
6.994
6.966
6.94
6.913
6.886
6.859
6.832
6.806
6.779
6.753
6.726
6.7
6.674
6.648
6.621
6.595
6.569
6.544
6.518
6.492
6.466
6.44
6.415
6.389
6.364
6.339
6.313
6.288
6.263
6.238
6.213
6.188
6.163
6.138
6.113
6.088
6.064
6.039
6.015
5.99
5.966
5.942
5.917
5.893
5.869
5.845
5.821
5.797
5.773
5.749
5.726
5.702
5.678
5.655
5.631
5.608
5.585
5.561
5.538
5.515
5.492
5.469
5.446
5.423
5.4
5.378
5.355
5.332
5.31
5.287
5.265
5.243
5.22
5.198
5.176
5.154
5.132
5.11
5.088
5.066
5.044
5.023
5.001
4.979
4.958
4.936
4.915
4.894
4.872
4.851
4.83
4.809
4.788
4.767
4.746
4.725
4.705
4.684
4.663
4.643
4.622
4.602
4.581
4.561
4.541
4.521
4.501
4.481
4.461
4.441
4.421
4.401
4.381
4.361
4.342
4.322
4.303
4.283
4.264
4.245
4.225
4.206
4.187
4.168
4.149
4.13
4.111
4.092
4.074
4.055
4.036
4.018
3.999
3.981
3.962
3.944
3.926
3.907
3.889
3.871
3.853
3.835
3.817
3.799
3.782
3.764
3.746
3.729
3.711
3.694
3.676
3.659
3.641
3.624
3.607
3.59
3.573
3.556
3.539
3.522
3.505
3.488
3.472
3.455
3.438
3.422
3.405
3.389
3.372
3.356
3.34
3.324
3.308
3.292
3.276
3.26
3.244
3.228
3.212
3.196
3.181
3.165
3.15
3.134
3.119
3.103
3.088
3.073
3.058
3.042
3.027
3.012
2.997
2.982
2.968
2.953
2.938
2.923
2.909
2.894
2.88
2.865
2.851
2.836
2.822
2.808
2.794
2.78
2.766
2.752
2.738
2.724
2.71
2.696
2.682
2.669
2.655
2.642
2.628
2.615
2.601
2.588
2.575
2.562
2.548
2.535
2.522
2.509
2.496
2.483
2.471
2.458
2.445
2.433
2.42
2.407
2.395
2.382
2.37
2.358
2.345
2.333
2.321
2.309
2.297
2.285
2.273
2.261
2.249
2.237
2.226
2.214
2.202
2.191
2.179
2.168
2.156
2.145
2.134
2.123
2.111
2.1
2.089
2.078
2.067
2.056
2.045
2.034
2.024
2.013
2.002
1.992
1.981
1.971
1.96
1.95
1.939
1.929
1.919
1.909
1.899
1.889
1.878
1.869
1.859
1.849
1.839
1.829
1.819
1.81
1.8
1.791
1.781
1.772
1.762
1.753
1.744
1.734
1.725
1.716
1.707
1.698
1.689
1.68
1.671
1.662
1.653
1.645
1.636
1.627
1.619
1.61
1.602
1.593
1.585
1.576
1.568
1.56
1.552
1.544
1.535
1.527
1.519
1.511
1.504
1.496
1.488
1.48
1.472
1.465
1.457
1.45
1.442
1.435
1.427
1.42
1.413
1.405
1.398
1.391
1.384
1.377
1.37
1.363
1.356
1.349
1.342
1.336
1.329
1.322
1.316
1.309
1.303
1.296
1.29
1.283
1.277
1.271
1.264
1.258
1.252
1.246
1.24
1.234
1.228
1.222
1.216
1.21
1.205
1.199
1.193
1.188
1.182
1.177
1.171
1.166
1.16
1.155
1.15
1.144
1.139
1.134
1.129
1.124
1.119
1.114
1.109
1.104
1.099
1.095
1.09
1.085
1.08
1.076
1.071
1.067
1.062
1.058
1.054
1.049
1.045
1.041
1.037
1.032
1.028
1.024
1.02
1.016
1.012
1.008
1.005
1.001
0.997
0.993
0.99
0.986
0.983
0.979
0.976
0.972
0.969
0.965
0.962
0.959
0.956
0.952
0.949
0.946
0.943
0.94
0.937
0.934
0.931
0.929
0.926
0.923
0.92
0.918
0.915
0.913
0.91
0.908
0.905
0.903
0.9
0.898
0.896
0.894
0.891
0.889
0.887
0.885
0.883
0.881
0.879
0.877
0.876
0.874
0.872
0.87
0.869
0.867
0.865
0.864
0.862
0.861
0.859
0.858
0.857
0.855
0.854
0.853
0.852
0.851
0.85
0.848
0.847
0.847
0.846
0.845
0.844
0.843
0.842
0.842
0.841
0.84
0.84
0.839
0.838
0.838
0.838
0.837
0.837
0.836
0.836
0.836
0.836
0.836
0.835
0.835
0.835
0.835
0.835
0.835
0.835
0.836
0.836
0.836
0.836
0.837
0.837
0.837
0.838
0.838
0.839
0.839
0.84
0.84
0.841
0.842
0.842
0.843
0.844
0.845
0.846
0.847
0.848
0.849
0.85
0.851
0.852
0.853
0.854
0.855
0.857
0.858
0.859
0.861
0.862
0.863
0.865
0.866
0.868
0.869
0.871
0.873
0.874
0.876
0.878
0.88
0.882
0.883
0.885
0.887
0.889
0.891
0.893
0.896
0.898
0.9
0.902
0.904
0.907
0.909
0.911
0.914
0.916
0.918
0.921
0.923
0.926
0.929
0.931
0.934
0.937
0.939
0.942
0.945
0.948
0.951
0.954
0.957
0.96
0.963
0.966
0.969
0.972
0.975
0.978
0.981
0.985
0.988
0.991
0.995
0.998
1.001
1.005
1.008
1.012
1.015
1.019
1.023
1.026
1.03
1.034
1.037
1.041
1.045
1.049
1.053
1.057
1.061
1.065
1.069
1.073
1.077
1.081
1.085
1.089
1.094
1.098
1.102
1.106
1.111
1.115
1.119
1.124
1.128
1.133
1.137
1.142
1.147
1.151
1.156
1.161
1.165
1.17
1.175
1.18
1.185
1.189
1.194
1.199
1.204
1.209
1.214
1.219
1.225
1.23
1.235
1.24
1.245
1.25
1.256
1.261
1.266
1.272
1.277
1.283
1.288
1.294
1.299
1.305
1.31
1.316
1.322
1.327
1.333
1.339
1.344
1.35
1.356
1.362
1.368
1.374
1.38
1.386
1.392
1.398
1.404
1.41
1.416
1.422
1.428
1.434
1.441
1.447
1.453
1.459
1.466
1.472
1.478
1.485
1.491
1.498
1.504
1.511
1.517
1.524
1.531
1.537
1.544
1.551
1.557
1.564
1.571
1.578
1.585
1.591
1.598
1.605
1.612
1.619
1.626
1.633
1.64
1.647
1.654
1.662
1.669
1.676
1.683
1.69
1.698
1.705
1.712
1.72
1.727
1.734
1.742
1.749
1.757
1.764
1.772
1.779
1.787
1.794
1.802
1.81
1.817
1.825
1.833
1.841
1.848
1.856
1.864
1.872
1.88
1.888
1.896
1.904
1.912
1.92
1.928
1.936
1.944
1.952
1.96
1.968
1.976
1.984
1.993
2.001
2.009
2.017
2.026
2.034
2.042
2.051
2.059
2.068
2.076
2.085
2.093
2.102
2.11
2.119
2.127
2.136
2.145
2.153
2.162
2.171
2.18
2.188
2.197
2.206
2.215
2.224
2.232
2.241
2.25
2.259
2.268
2.277
2.286
2.295
2.304
2.313
2.322
2.331
2.341
2.35
2.359
2.368
2.377
2.387
2.396
2.405
2.414
2.424
2.433
2.442
2.452
2.461
2.471
2.48
2.49
2.499
2.509
2.518
2.528
2.537
2.547
2.557
2.566
2.576
2.586
2.595
2.605
2.615
2.624
2.634
2.644
2.654
2.664
2.674
2.683
2.693
2.703
2.713
2.723
2.733
2.743
2.753
2.763
2.773
2.783
2.793
2.803
2.814
2.824
2.834
2.844
2.854
2.864
2.875
2.885
2.895
2.906
2.916
2.926
2.937
2.947
2.957
2.968
2.978
2.989
2.999
3.009
3.02
3.03
3.041
3.052
3.062
3.073
3.083
3.094
3.105
3.115
3.126
3.136
3.147
3.158
3.169
3.179
3.19
3.201
3.212
3.223
3.233
3.244
3.255
3.266
3.277
3.288
3.299
3.31
3.321
3.332
3.343
3.354
3.365
3.376
3.387
3.398
3.409
3.42
3.431
3.442
3.453
3.465
3.476
3.487
3.498
3.509
3.521
3.532
3.543
3.554
3.566
3.577
3.588
3.6
3.611
3.622
3.634
3.645
3.657
3.668
3.679
3.691
3.702
3.714
3.725
3.737
3.748
3.76
3.771
3.783
3.795
3.806
3.818
3.829
3.841
3.853
3.864
3.876
3.888
3.899
3.911
3.923
3.935
3.946
3.958
3.97
3.982
3.993
4.005
4.017
4.029
4.041
4.053
4.065
4.076
4.088
4.1
4.112
4.124
4.136
4.148
4.16
4.172
4.184
4.196
4.208
4.22
4.232
4.244
4.256
4.268
4.28
4.292
4.305
4.317
4.329
4.341
4.353
4.365
4.377
4.39
4.402
4.414
4.426
4.438
4.451
4.463
4.475
4.487
4.5
4.512
4.524
4.537
4.549
4.561
4.574
4.586
4.598
4.611
4.623
4.635
4.648
4.66
4.673
4.685
4.697
4.71
4.722
4.735
4.747
4.76
4.772
4.785
4.797
4.81
4.822
4.835
4.847
4.86
4.872
4.885
4.897
4.91
4.923
4.935
4.948
4.96
4.973
4.986
4.998
5.011
5.023
5.036
5.049
5.061
5.074
5.087
5.099
5.112
5.125
5.138
5.15
5.163
5.176
5.188
5.201
5.214
5.227
5.24
5.252
5.265
5.278
5.291
5.303
5.316
5.329
5.342
5.355
5.367
5.38
5.393
5.406
5.419
5.432
5.445
5.457
5.47
5.483
5.496
5.509
5.522
5.535
5.548
5.561
5.573
5.586
5.599
5.612
5.625
5.638
5.651
5.664
5.677
5.69
5.703
5.716
5.729
5.742
5.755
5.768
5.781
5.794
5.807
5.82
5.833
5.846
5.859
5.872
5.885
5.898
5.911
5.924
5.937
5.95
5.963
5.976
5.989
6.002
6.015
6.028
6.041
6.054
6.067
6.08
6.094
6.107
6.12
6.133
6.146
6.159
6.172
6.185
6.198
6.211
6.224
6.237
6.251
6.264
6.277
6.29
6.303
6.316
6.329
6.342
6.355
6.368
6.382
6.395
6.408
6.421
6.434
6.447
6.46
6.473
6.487
6.5
6.513
6.526
6.539
6.552
6.565
6.578
6.592
6.605
6.618
6.631
6.644
6.657
6.67
6.683
6.697
6.71
6.723
6.736
6.749
6.762
6.775
6.788
6.802
6.815
6.828
6.841
6.854
6.867
6.88
6.893
6.907
6.92
6.933
6.946
6.959
6.972
6.985
6.998
7.012
7.025
7.038
7.051
7.064
7.077
7.09
7.103
7.116
7.129
7.143
7.156
7.169
7.182
7.195
7.208
7.221
7.234
7.247
7.26
7.273
7.286
7.3
7.313
7.326
7.339
7.352
7.365
7.378
7.391
7.404
7.417
7.43
7.443
7.456
7.469
7.482
7.495
7.508
7.521
7.534
7.547
7.56
7.573
7.586
7.599
7.612
7.625
7.638
7.651
7.664
7.677
7.69
7.703
7.716
7.729
7.742
7.755
7.768
7.781
7.793
7.806
7.819
7.832
7.845
7.858
7.871
7.884
7.897
7.909
7.922
7.935
7.948
7.961
7.974
7.987
7.999
8.012
8.025
8.038
8.051
8.064
8.076
8.089
8.102
8.115
8.127
8.14
8.153
8.166
8.178
8.191
8.204
8.217
8.229
8.242
8.255
8.267
8.28
8.293
8.306
8.318
8.331
8.343
8.356
8.369
8.381
8.394
8.407
8.419
8.432
8.444
8.457
8.47
8.482
8.495
8.507
8.52
8.532
8.545
8.557
8.57
8.582
8.595
8.607
8.62
8.632
8.645
8.657
8.67
8.682
8.694
8.707
8.719
8.732
8.744
8.756
8.769
8.781
8.794
8.806
8.818
8.83
8.843
8.855
8.867
8.88
8.892
8.904
8.916
8.929
8.941
8.953
8.965
8.977
8.99
9.002
9.014
9.026
9.038
9.05
9.063
9.075
9.087
9.099
9.111
9.123
9.135
9.147
9.159
9.171
9.183
9.195
9.207
9.219
9.231
9.243
9.255
9.267
9.279
9.291
9.303
9.314
9.326
9.338
9.35
9.362
9.374
9.385
9.397
9.409
9.421
9.433
9.444
9.456
9.468
9.479
9.491
9.503
9.514
9.526
9.538
9.549
9.561
9.573
9.584
9.596
9.607
9.619
9.63
9.642
9.653
9.665
9.676
9.688
9.699
9.711
9.722
9.733
9.745
9.756
9.768
9.779
9.79
9.802
9.813
9.824
9.835
9.847
9.858
9.869
9.88
9.892
9.903
9.914
9.925
9.936
9.947
9.958
9.97
9.981
9.992
10.003
10.014
10.025
10.036
10.047
10.058
10.069
10.08
10.09
10.101
10.112
10.123
10.134
10.145
10.156
10.166
10.177
10.188
10.199
10.209
10.22
10.231
10.242
10.252
10.263
10.274
10.284
10.295
10.305
10.316
10.326
10.337
10.347
10.358
10.368
10.379
10.389
10.4
10.41
10.421
10.431
10.441
10.452
10.462
10.472
10.482
10.493
10.503
10.513
10.523
10.534
10.544
10.554
10.564
10.574
10.584
10.594
10.604
10.614
10.624
10.634
10.644
10.654
10.664
10.674
10.684
10.694
10.704
10.714
10.724
10.733
10.743
10.753
10.763
10.772
10.782
10.792
10.801
10.811
10.821
10.83
10.84
10.849
10.859
10.868
10.878
10.887
10.897
10.906
10.916
10.925
10.935
10.944
10.953
10.963
10.972
10.981
10.99
11.0
11.009
11.018
11.027
11.036
11.045
11.054
11.064
11.073
11.082
11.091
11.1
11.109
11.118
11.126
11.135
11.144
11.153
11.162
11.171
11.18
11.188
11.197
11.206
11.214
11.223
11.232
11.24
11.249
11.258
11.266
11.275
11.283
11.292
11.3
11.309
11.317
11.325
11.334
11.342
11.35
11.359
11.367
11.375
11.383
11.392
11.4
11.408
11.416
11.424
11.432
11.44
11.448
11.456
11.464
11.472
11.48
11.488
11.496
11.504
11.512
11.52
11.527
11.535
11.543
11.551
11.558
11.566
11.574
11.581
11.589
11.596
11.604
11.611
11.619
11.626
11.634
11.641
11.648
11.656
11.663
11.67
11.678
11.685
11.692
11.699
11.707
11.714
11.721
11.728
11.735
11.742
11.749
11.756
11.763
11.77
11.777
11.784
11.79
11.797
11.804
11.811
11.818
11.824
11.831
11.838
11.844
11.851
11.857
11.864
11.87
11.877
11.883
11.89
11.896
11.903
11.909
11.915
11.922
11.928
11.934
11.94
11.946
11.953
11.959
11.965
11.971
11.977
11.983
11.989
11.995
12.001
12.007
12.012
12.018
12.024
12.03
12.036
12.041
12.047
12.053
12.058
12.064
12.069
12.075
12.08
12.086
12.091
12.097
12.102
12.107
12.113
12.118
12.123
12.129
12.134
12.139
12.144
12.149
12.154
12.159
12.164
12.169
12.174
12.179
12.184
12.189
12.194
12.199
12.203
12.208
12.213
12.217
12.222
12.227
12.231
12.236
12.24
12.245
12.249
12.254
12.258
12.262
12.267
12.271
12.275
12.279
12.284
12.288
12.292
12.296
12.3
12.304
12.308
12.312
12.316
12.32
12.324
12.328
12.331
12.335
12.339
12.343
12.346
12.35
12.353
12.357
12.361
12.364
12.368
12.371
12.374
12.378
12.381
12.384
12.388
12.391
12.394
12.397
12.4
12.403
12.406
12.409
12.412
12.415
12.418
12.421
12.424
12.427
12.43
12.432
12.435
12.438
12.44
12.443
12.446
12.448
12.451
12.453
12.456
12.458
12.46
12.463
12.465
12.467
12.469
12.471
12.474
12.476
12.478
12.48
12.482
12.484
12.486
12.488
12.489
12.491
12.493
12.495
12.496
12.498
12.5
12.501
12.503
12.504
12.506
12.507
12.509
12.51
12.512
12.513
12.514
12.515
12.516
12.518
12.519
12.52
12.521
12.522
12.523
12.524
12.525
12.525
12.526
12.527
12.528
12.528
12.529
12.53
12.53
12.531
12.531
12.532
12.532
12.533
12.533
12.533
12.534
12.534
12.534
12.534
12.534
12.534
12.534
12.534
12.534
12.534
12.534
12.534
12.534
12.534
12.533
12.533
12.533
12.532
12.532
12.531
12.531
12.53
12.53
12.529
12.528
12.528
12.527
12.526
12.525
12.524
12.523
12.522
12.521
12.52
12.519
12.518
12.517
12.516
12.514
12.513
12.512
12.51
12.509
12.508
12.506
12.505
12.503
12.501
12.5
12.498
12.496
12.494
12.493
12.491
12.489
12.487
12.485
12.483
12.481
12.479
12.476
12.474
12.472
12.47
12.467
12.465
12.463
12.46
12.458
12.455
12.452
12.45
12.447
12.444
12.442
12.439
12.436
12.433
12.43
12.427
12.424
12.421
12.418
12.415
12.411
12.408
12.405
12.402
12.398
12.395
12.391
12.388
12.384
12.381
12.377
12.373
12.37
12.366
12.362
12.358
12.354
12.35
12.346
12.342
12.338
12.334
12.33
12.326
12.321
12.317
12.313
12.308
12.304
12.299
12.295
12.29
12.285
12.281
12.276
12.271
12.266
12.262
12.257
12.252
12.247
12.242
12.237
12.231
12.226
12.221
12.216
12.21
12.205
12.2
12.194
12.189
12.183
12.177
12.172
12.166
12.16
12.155
12.149
12.143
12.137
12.131
12.125
12.119
12.113
12.106
12.1
12.094
12.088
12.081
12.075
12.068
12.062
12.055
12.049
12.042
12.035
12.029
12.022
12.015
12.008
12.001
11.994
11.987
11.98
11.973
11.966
11.958
11.951
11.944
11.936
11.929
11.921
11.914
11.906
11.899
11.891
11.883
11.876
11.868
11.86
11.852
11.844
11.836
11.828
11.82
11.812
11.804
11.795
11.787
11.779
11.77
11.762
11.754
11.745
11.737
11.728
11.719
11.711
11.702
11.693
11.684
11.675
11.666
11.657
11.648
11.639
11.63
11.621
11.612
11.603
11.593
11.584
11.575
11.565
11.556
11.546
11.537
11.527
11.518
11.508
11.498
11.488
11.479
11.469
11.459
11.449
11.439
11.429
11.419
11.409
11.399
11.388
11.378
11.368
11.358
11.347
11.337
11.326
11.316
11.305
11.295
11.284
11.273
11.263
11.252
11.241
11.23
11.22
11.209
11.198
11.187
11.176
11.165
11.153
11.142
11.131
11.12
11.109
11.097
11.086
11.074
11.063
11.052
11.04
11.028
11.017
11.005
10.993
10.982
10.97
10.958
10.946
10.934
10.923
10.911
10.899
10.887
10.874
10.862
10.85
10.838
10.826
10.813
10.801
10.789
10.776
10.764
10.751
10.739
10.726
10.714
10.701
10.689
10.676
10.663
10.65
10.638
10.625
10.612
10.599
10.586
10.573
10.56
10.547
10.534
10.521
10.507
10.494
10.481
10.468
10.454
10.441
10.428
10.414
10.401
10.387
10.374
10.36
10.346
10.333
10.319
10.305
10.292
10.278
10.264
10.25
10.236
10.222
10.208
10.194
10.18
10.166
10.152
10.138
10.124
10.11
10.095
10.081
10.067
10.052
10.038
10.024
10.009
9.995
9.98
9.966
9.951
9.936
9.922
9.907
9.892
9.878
9.863
9.848
9.833
9.818
9.803
9.788
9.773
9.758
9.743
9.728
9.713
9.698
9.683
9.668
9.652
9.637
9.622
9.606
9.591
9.576
9.56
9.545
9.529
9.514
9.498
9.483
9.467
9.451
9.436
9.42
9.404
9.389
9.373
9.357
9.341
9.325
9.309
9.293
9.277
9.261
9.245
9.229
9.213
9.197
9.181
9.165
9.148
9.132
9.116
9.1
9.083
9.067
9.051
9.034
9.018
9.001
8.985
8.968
8.952
8.935
8.918
8.902
8.885
8.868
8.852
8.835
8.818
8.801
8.785
8.768
8.751
8.734
8.717
8.7
8.683
8.666
8.649
8.632
8.615
8.598
8.58
8.563
8.546
8.529
8.512
8.494
8.477
8.46
8.442
8.425
8.407
8.39
8.372
8.355
8.337
8.32
8.302
8.285
8.267
8.249
8.232
8.214
8.196
8.179
8.161
8.143
8.125
8.107
8.09
8.072
8.054
8.036
8.018
8.0
7.982
7.964
7.946
7.928
7.91
7.892
7.873
7.855
7.837
7.819
7.801
7.782
7.764
7.746
7.727
7.709
7.691
7.672
7.654
7.635
7.617
7.598
7.58
7.561
7.543
7.524
7.506
7.487
7.468
7.45
7.431
7.412
7.394
7.375
7.356
7.337
7.319
7.3
7.281
7.262
7.243
7.224
7.205
7.186
7.167
7.148
7.129
7.11
7.091
7.072
7.053
7.034
7.015
6.996
6.977
6.957
6.938
6.919
6.9
6.88
6.861
6.842
6.823
6.803
6.784
6.765
6.745
6.726
6.706
6.687
6.667
6.648
6.628
6.609
6.589
6.57
6.55
6.531
6.511
6.491
6.472
6.452
6.433
6.413
6.393
6.373
6.354
6.334
6.314
6.294
6.275
6.255
6.235
6.215
6.195
6.175
6.155
6.136
6.116
6.096
6.076
6.056
6.036
6.016
5.996
5.976
5.956
5.936
5.915
5.895
5.875
5.855
5.835
5.815
5.795
5.774
5.754
5.734
5.714
5.694
5.673
5.653
5.633
5.613
5.592
5.572
5.552
5.531
5.511
5.49
5.47
5.45
5.429
5.409
5.388
5.368
5.348
5.327
5.307
5.286
5.266
5.245
5.224
5.204
5.183
5.163
5.142
5.122
5.101
5.08
5.06
5.039
5.018
4.998
4.977
4.956
4.936
4.915
4.894
4.874
4.853
4.832
4.811
4.791
4.77
4.749
4.728
4.708
4.687
4.666
4.645
4.625
4.604
4.583
4.562
4.541
4.521
4.5
4.479
4.458
4.437
4.417
4.396
4.375
4.354
4.334
4.313
4.292
4.271
4.251
4.23
4.209
4.188
4.168
4.147
4.126
4.106
4.085
4.064
4.044
4.023
4.003
3.982
3.961
3.941
3.92
3.9
3.879
3.859
3.838
3.818
3.797
3.777
3.756
3.736
3.716
3.695
3.675
3.655
3.634
3.614
3.594
3.574
3.553
3.533
3.513
3.493
3.473
3.453
3.433
3.413
3.393
3.373
3.353
3.333
3.313
3.293
3.274
3.254
3.234
3.214
3.195
3.175
3.155
3.136
3.116
3.097
3.077
3.058
3.039
3.019
3.0
2.981
2.961
2.942
2.923
2.904
2.885
2.866
2.847
2.828
2.809
2.79
2.772
2.753
2.734
2.715
2.697
2.678
2.66
2.641
2.623
2.604
2.586
2.568
2.55
2.531
2.513
2.495
2.477
2.459
2.441
2.424
2.406
2.388
2.37
2.353
2.335
2.318
2.3
2.283
2.265
2.248
2.231
2.214
2.197
2.18
2.163
2.146
2.129
2.112
2.096
2.079
2.062
2.046
2.029
2.013
1.997
1.98
1.964
1.948
1.932
1.916
1.9
1.884
1.869
1.853
1.837
1.822
1.806
1.791
1.776
1.76
1.745
1.73
1.715
1.7
1.685
1.67
1.656
1.641
1.627
1.612
1.598
1.583
1.569
1.555
1.541
1.527
1.513
1.499
1.486
1.472
1.458
1.445
1.432
1.418
1.405
1.392
1.379
1.366
1.353
1.34
1.328
1.315
1.303
1.29
1.278
1.266
1.254
1.242
1.23
1.218
1.206
1.195
1.183
1.172
1.16
1.149
1.138
1.127
1.116
1.105
1.095
1.084
1.073
1.063
1.053
1.042
1.032
1.022
1.012
1.003
0.993
0.983
0.974
0.964
0.955
0.946
0.937
0.928
0.919
0.911
0.902
0.893
0.885
0.877
0.869
0.861
0.853
0.845
0.837
0.83
0.822
0.815
0.808
0.801
0.794
0.787
0.78
0.773
0.767
0.76
0.754
0.748
0.742
0.736
0.73
0.725
0.719
0.714
0.709
0.703
0.698
0.693
0.689
0.684
0.68
0.675
0.671
0.667
0.663
0.659
0.655
0.652
0.648
0.645
0.642
0.639
0.636
0.633
0.63
0.628
0.625
0.623
0.621
0.619
0.617
0.616
0.614
0.613
0.612
0.61
0.609
0.609
0.608
0.607
0.607
0.607
0.607
0.607
0.607
0.607
0.608
0.608
0.609
0.61
0.611
0.612
0.614
0.615
0.617
0.619
0.621
0.623
0.625
0.628
0.63
0.633
0.636
0.639
0.642
0.646
0.649
0.653
0.657
0.661
0.665
0.669
0.674
0.678
0.683
0.688
0.693
0.699
0.704
0.71
0.715
0.721
0.728
0.734
0.74
0.747
0.754
0.761
0.768
0.775
0.783
0.79
0.798
0.806
0.814
0.823
0.831
0.84
0.849
0.858
0.867
0.876
0.886
0.895
0.905
0.915
0.926
0.936
0.947
0.958
0.969
0.98
0.991
1.003
1.014
1.026
1.038
1.051
1.063
1.076
1.088
1.101
1.115
1.128
1.142
1.155
1.169
1.183
1.198
1.212
1.227
1.242
1.257
1.272
1.288
1.303
1.319
1.335
1.351
1.368
1.384
1.401
1.418
1.435
1.453
1.47
1.488
1.506
1.524
1.543
1.562
1.58
1.599
1.619
1.638
1.658
1.677
1.697
1.718
1.738
1.759
1.78
1.801
1.822
1.843
1.865
1.887
1.909
1.931
1.954
1.977
2.0
2.023
2.046
2.07
2.094
2.118
2.142
2.166
2.191
2.216
2.241
2.266
2.292
2.317
2.343
2.37
2.396
2.423
2.449
2.476
2.504
2.531
2.559
2.587
2.615
2.643
2.672
2.701
2.73
2.759
2.789
2.819
2.849
2.879
2.909
2.94
2.971
3.002
3.033
3.065
3.097
3.129
3.161
3.194
3.226
3.259
3.293
3.326
3.36
3.394
3.428
3.462
3.497
3.532
3.567
3.602
3.638
3.674
3.71
3.746
3.783
3.82
3.857
3.894
3.931
3.969
4.007
4.046
4.084
4.123
4.162
4.201
4.241
4.28
4.32
4.361
4.401
4.442
4.483
4.524
4.566
4.608
4.65
4.692
4.734
4.777
4.82
4.864
4.907
4.951
4.995
5.039
5.084
5.129
5.174
5.219
5.265
5.311
5.357
5.403
5.45
5.497
5.544
5.592
5.639
5.687
5.736
5.784
5.833
5.882
5.931
5.981
6.031
6.081
6.132
6.182
6.233
6.284
6.336
6.388
6.44
6.492
6.545
6.597
6.651
6.704
6.758
6.812
6.866
6.92
6.975
7.03
7.086
7.141
7.197
7.253
7.31
7.367
7.424
7.481
7.539
7.597
7.655
7.713
7.772
7.831
7.89
7.95
8.01
8.07
8.131
8.191
8.252
8.314
8.375
8.437
8.499
8.562
8.625
8.688
8.751
8.815
8.879
8.943
9.008
9.073
9.138
9.203
9.269
9.335
9.401
9.468
9.535
9.602
9.67
9.738
9.806
9.874
9.943
10.012
10.081
10.151
10.221
10.291
10.362
10.433
10.504
10.575
10.647
10.719
10.792
10.865
10.938
11.011
11.085
11.159
11.233
11.308
11.382
11.458
11.533
11.609
11.685
11.762
11.839
11.916
11.993
12.071
12.149
12.227
12.306
12.385
12.464
12.544
12.624
12.704
12.785
12.866
12.947
13.029
13.111
13.193
13.276
13.359
13.442
13.525
13.609
13.694
13.778
13.863
13.948
14.034
14.12
14.206
14.292
14.379
14.466
14.554
14.642
14.73
14.818
14.907
14.997
15.086
15.176
15.266
15.357
15.448
15.539
15.63
15.722
15.814
15.907
16.0
