20.0
19.906
19.813
19.719
19.626
19.533
19.441
19.348
19.256
19.163
19.071
18.98
18.888
18.796
18.705
18.614
18.523
18.432
18.342
18.252
18.161
18.071
17.982
17.892
17.803
17.713
17.624
17.535
17.447
17.358
17.27
17.182
17.094
17.006
16.918
16.831
16.744
16.657
16.57
16.483
16.397
16.31
16.224
16.138
16.052
15.967
15.881
15.796
15.711
15.626
15.541
15.457
15.373
15.288
15.204
15.121
15.037
14.954
14.87
14.787
14.704
14.622
14.539
14.457
14.374
14.292
14.211
14.129
14.047
13.966
13.885
13.804
13.723
13.643
13.562
13.482
13.402
13.322
13.242
13.163
13.083
13.004
12.925
12.846
12.768
12.689
12.611
12.533
12.455
12.377
12.299
12.222
12.145
12.068
11.991
11.914
11.837
11.761
11.685
11.609
11.533
11.457
11.382
11.306
11.231
11.156
11.081
11.006
10.932
10.858
10.783
10.709
10.636
10.562
10.489
10.415
10.342
10.269
10.196
10.124
10.051
9.979
9.907
9.835
9.763
9.692
9.62
9.549
9.478
9.407
9.336
9.265
9.195
9.125
9.055
8.985
8.915
8.845
8.776
8.707
8.638
8.569
8.5
8.431
8.363
8.295
8.227
8.159
8.091
8.023
7.956
7.889
7.822
7.755
7.688
7.621
7.555
7.489
7.423
7.357
7.291
7.225
7.16
7.094
7.029
6.964
6.9
6.835
6.771
6.706
6.642
6.578
6.514
6.451
6.387
6.324
6.261
6.198
6.135
6.072
6.01
5.947
5.885
5.823
5.761
5.699
5.638
5.576
5.515
5.454
5.393
5.332
5.272
5.211
5.151
5.091
5.031
4.971
4.912
4.852
4.793
4.734
4.675
4.616
4.557
4.498
4.44
4.382
4.324
4.266
4.208
4.15
4.093
4.036
3.979
3.922
3.865
3.808
3.752
3.695
3.639
3.583
3.527
3.471
3.416
3.36
3.305
3.25
3.195
3.14
3.086
3.031
2.977
2.923
2.869
2.815
2.761
2.707
2.654
2.601
2.548
2.495
2.442
2.389
2.337
2.284
2.232
2.18
2.128
2.076
2.025
1.973
1.922
1.871
1.82
1.769
1.718
1.668
1.617
1.567
1.517
1.467
1.417
1.368
1.318
1.269
1.219
1.17
1.121
1.073
1.024
0.976
0.927
0.879
0.831
0.783
0.736
0.688
0.641
0.593
0.546
0.499
0.452
0.406
0.359
0.313
0.266
0.22
0.174
0.128
0.083
0.037
-0.008
-0.054
-0.099
-0.144
-0.188
-0.233
-0.278
-0.322
-0.366
-0.41
-0.454
-0.498
-0.542
-0.585
-0.629
-0.672
-0.715
-0.758
-0.801
-0.843
-0.886
-0.928
-0.971
-1.013
-1.055
-1.096
-1.138
-1.18
-1.221
-1.262
-1.303
-1.344
-1.385
-1.426
-1.467
-1.507
-1.547
-1.587
-1.627
-1.667
-1.707
-1.747
-1.786
-1.825
-1.864
-1.903
-1.942
-1.981
-2.02
-2.058
-2.097
-2.135
-2.173
-2.211
-2.249
-2.286
-2.324
-2.361
-2.398
-2.435
-2.472
-2.509
-2.546
-2.583
-2.619
-2.655
-2.691
-2.727
-2.763
-2.799
-2.835
-2.87
-2.906
-2.941
-2.976
-3.011
-3.046
-3.08
-3.115
-3.149
-3.183
-3.218
-3.252
-3.286
-3.319
-3.353
-3.386
-3.42
-3.453
-3.486
-3.519
-3.552
-3.585
-3.617
-3.65
-3.682
-3.714
-3.746
-3.778
-3.81
-3.841
-3.873
-3.904
-3.936
-3.967
-3.998
-4.029
-4.059
-4.09
-4.12
-4.151
-4.181
-4.211
-4.241
-4.271
-4.301
-4.33
-4.36
-4.389
-4.418
-4.447
-4.476
-4.505
-4.534
-4.562
-4.591
-4.619
-4.647
-4.675
-4.703
-4.731
-4.759
-4.786
-4.814
-4.841
-4.868
-4.895
-4.922
-4.949
-4.976
-5.002
-5.029
-5.055
-5.081
-5.107
-5.133
-5.159
-5.185
-5.21
-5.236
-5.261
-5.286
-5.311
-5.336
-5.361
-5.386
-5.41
-5.435
-5.459
-5.483
-5.507
-5.531
-5.555
-5.579
-5.603
-5.626
-5.649
-5.673
-5.696
-5.719
-5.742
-5.764
-5.787
-5.81
-5.832
-5.854
-5.877
-5.899
-5.921
-5.942
-5.964
-5.986
-6.007
-6.028
-6.05
-6.071
-6.092
-6.113
-6.133
-6.154
-6.175
-6.195
-6.215
-6.235
-6.256
-6.275
-6.295
-6.315
-6.335
-6.354
-6.373
-6.393
-6.412
-6.431
-6.45
-6.468
-6.487
-6.506
-6.524
-6.542
-6.561
-6.579
-6.597
-6.615
-6.632
-6.65
-6.668
-6.685
-6.702
-6.719
-6.737
-6.753
-6.77
-6.787
-6.804
-6.82
-6.837
-6.853
-6.869
-6.885
-6.901
-6.917
-6.933
-6.948
-6.964
-6.979
-6.995
-7.01
-7.025
-7.04
-7.055
-7.069
-7.084
-7.099
-7.113
-7.127
-7.141
-7.156
-7.169
-7.183
-7.197
-7.211
-7.224
-7.238
-7.251
-7.264
-7.277
-7.29
-7.303
-7.316
-7.329
-7.341
-7.354
-7.366
-7.378
-7.391
-7.403
-7.415
-7.426
-7.438
-7.45
-7.461
-7.473
-7.484
-7.495
-7.506
-7.517
-7.528
-7.539
-7.55
-7.56
-7.571
-7.581
-7.591
-7.602
-7.612
-7.622
-7.631
-7.641
-7.651
-7.66
-7.67
-7.679
-7.688
-7.698
-7.707
-7.716
-7.724
-7.733
-7.742
-7.75
-7.759
-7.767
-7.775
-7.783
-7.791
-7.799
-7.807
-7.815
-7.823
-7.83
-7.837
-7.845
-7.852
-7.859
-7.866
-7.873
-7.88
-7.887
-7.893
-7.9
-7.906
-7.913
-7.919
-7.925
-7.931
-7.937
-7.943
-7.949
-7.954
-7.96
-7.965
-7.971
-7.976
-7.981
-7.986
-7.991
-7.996
-8.001
-8.006
-8.01
-8.015
-8.019
-8.024
-8.028
-8.032
-8.036
-8.04
-8.044
-8.047
-8.051
-8.055
-8.058
-8.062
-8.065
-8.068
-8.071
-8.074
-8.077
-8.08
-8.083
-8.085
-8.088
-8.09
-8.093
-8.095
-8.097
-8.099
-8.101
-8.103
-8.105
-8.107
-8.108
-8.11
-8.111
-8.113
-8.114
-8.115
-8.116
-8.117
-8.118
-8.119
-8.12
-8.12
-8.121
-8.121
-8.122
-8.122
-8.122
-8.122
-8.122
-8.122
-8.122
-8.122
-8.122
-8.121
-8.121
-8.12
-8.12
-8.119
-8.118
-8.117
-8.116
-8.115
-8.114
-8.112
-8.111
-8.11
-8.108
-8.107
-8.105
-8.103
-8.101
-8.099
-8.097
-8.095
-8.093
-8.091
-8.088
-8.086
-8.083
-8.081
-8.078
-8.075
-8.072
-8.069
-8.066
-8.063
-8.06
-8.057
-8.053
-8.05
-8.046
-8.043
-8.039
-8.035
-8.031
-8.027
-8.023
-8.019
-8.015
-8.011
-8.007
-8.002
-7.998
-7.993
-7.988
-7.984
-7.979
-7.974
-7.969
-7.964
-7.959
-7.953
-7.948
-7.943
-7.937
-7.932
-7.926
-7.921
-7.915
-7.909
-7.903
-7.897
-7.891
-7.885
-7.879
-7.872
-7.866
-7.859
-7.853
-7.846
-7.84
-7.833
-7.826
-7.819
-7.812
-7.805
-7.798
-7.791
-7.783
-7.776
-7.769
-7.761
-7.754
-7.746
-7.738
-7.73
-7.723
-7.715
-7.707
-7.698
-7.69
-7.682
-7.674
-7.665
-7.657
-7.648
-7.64
-7.631
-7.622
-7.613
-7.605
-7.596
-7.587
-7.577
-7.568
-7.559
-7.55
-7.54
-7.531
-7.521
-7.512
-7.502
-7.492
-7.482
-7.473
-7.463
-7.453
-7.443
-7.432
-7.422
-7.412
-7.401
-7.391
-7.381
-7.37
-7.359
-7.349
-7.338
-7.327
-7.316
-7.305
-7.294
-7.283
-7.272
-7.261
-7.249
-7.238
-7.226
-7.215
-7.203
-7.192
-7.18
-7.168
-7.156
-7.145
-7.133
-7.121
-7.108
-7.096
-7.084
-7.072
-7.059
-7.047
-7.035
-7.022
-7.009
-6.997
-6.984
-6.971
-6.958
-6.945
-6.932
-6.919
-6.906
-6.893
-6.88
-6.867
-6.853
-6.84
-6.826
-6.813
-6.799
-6.785
-6.772
-6.758
-6.744
-6.73
-6.716
-6.702
-6.688
-6.674
-6.66
-6.645
-6.631
-6.617
-6.602
-6.588
-6.573
-6.559
-6.544
-6.529
-6.514
-6.5
-6.485
-6.47
-6.455
-6.439
-6.424
-6.409
-6.394
-6.379
-6.363
-6.348
-6.332
-6.317
-6.301
-6.285
-6.27
-6.254
-6.238
-6.222
-6.206
-6.19
-6.174
-6.158
-6.142
-6.126
-6.11
-6.093
-6.077
-6.06
-6.044
-6.027
-6.011
-5.994
-5.978
-5.961
-5.944
-5.927
-5.91
-5.893
-5.876
-5.859
-5.842
-5.825
-5.808
-5.79
-5.773
-5.756
-5.738
-5.721
-5.703
-5.686
-5.668
-5.65
-5.633
-5.615
-5.597
-5.579
-5.561
-5.543
-5.525
-5.507
-5.489
-5.471
-5.453
-5.434
-5.416
-5.398
-5.379
-5.361
-5.342
-5.324
-5.305
-5.286
-5.268
-5.249
-5.23
-5.211
-5.192
-5.173
-5.154
-5.135
-5.116
-5.097
-5.078
-5.059
-5.039
-5.02
-5.001
-4.981
-4.962
-4.942
-4.923
-4.903
-4.884
-4.864
-4.844
-4.825
-4.805
-4.785
-4.765
-4.745
-4.725
-4.705
-4.685
-4.665
-4.645
-4.624
-4.604
-4.584
-4.564
-4.543
-4.523
-4.502
-4.482
-4.461
-4.441
-4.42
-4.4
-4.379
-4.358
-4.337
-4.317
-4.296
-4.275
-4.254
-4.233
-4.212
-4.191
-4.17
-4.149
-4.127
-4.106
-4.085
-4.064
-4.042
-4.021
-3.999
-3.978
-3.957
-3.935
-3.913
-3.892
-3.87
-3.849
-3.827
-3.805
-3.783
-3.761
-3.74
-3.718
-3.696
-3.674
-3.652
-3.63
-3.608
-3.586
-3.563
-3.541
-3.519
-3.497
-3.475
-3.452
-3.43
-3.407
-3.385
-3.363
-3.34
-3.318
-3.295
-3.272
-3.25
-3.227
-3.204
-3.182
-3.159
-3.136
-3.113
-3.09
-3.068
-3.045
-3.022
-2.999
-2.976
-2.953
-2.93
-2.906
-2.883
-2.86
-2.837
-2.814
-2.79
-2.767
-2.744
-2.72
-2.697
-2.674
-2.65
-2.627
-2.603
-2.58
-2.556
-2.533
-2.509
-2.485
-2.462
-2.438
-2.414
-2.39
-2.367
-2.343
-2.319
-2.295
-2.271
-2.247
-2.223
-2.199
-2.175
-2.151
-2.127
-2.103
-2.079
-2.055
-2.031
-2.007
-1.982
-1.958
-1.934
-1.91
-1.885
-1.861
-1.837
-1.812
-1.788
-1.763
-1.739
-1.714
-1.69
-1.665
-1.641
-1.616
-1.592
-1.567
-1.542
-1.518
-1.493
-1.468
-1.444
-1.419
-1.394
-1.369
-1.344
-1.32
-1.295
-1.27
-1.245
-1.22
-1.195
-1.17
-1.145
-1.12
-1.095
-1.07
-1.045
-1.02
-0.995
-0.97
-0.944
-0.919
-0.894
-0.869
-0.844
-0.818
-0.793
-0.768
-0.743
-0.717
-0.692
-0.667
-0.641
-0.616
-0.59
-0.565
-0.54
-0.514
-0.489
-0.463
-0.438
-0.412
-0.387
-0.361
-0.335
-0.31
-0.284
-0.259
-0.233
-0.207
-0.182
-0.156
-0.13
-0.105
-0.079
-0.053
-0.027
-0.002
0.024
0.05
0.076
0.102
0.127
0.153
0.179
0.205
0.231
0.257
0.283
0.309
0.335
0.361
0.386
0.412
0.438
0.464
0.49
0.516
0.542
0.568
0.595
0.621
0.647
0.673
0.699
0.725
0.751
0.777
0.803
0.829
0.856
0.882
0.908
0.934
0.96
0.986
1.013
1.039
1.065
1.091
1.117
1.144
1.17
1.196
1.222
1.249
1.275
1.301
1.328
1.354
1.38
1.406
1.433
1.459
1.485
1.512
1.538
1.564
1.591
1.617
1.643
1.67
1.696
1.722
1.749
1.775
1.802
1.828
1.854
1.881
1.907
1.933
1.96
1.986
2.013
2.039
2.066
2.092
2.118
2.145
2.171
2.198
2.224
2.25
2.277
2.303
2.33
2.356
2.383
2.409
2.435
2.462
2.488
2.515
2.541
2.568
2.594
2.62
2.647
2.673
2.7
2.726
2.752
2.779
2.805
2.832
2.858
2.885
2.911
2.937
2.964
2.99
3.017
3.043
3.069
3.096
3.122
3.148
3.175
3.201
3.228
3.254
3.28
3.307
3.333
3.359
3.386
3.412
3.438
3.465
3.491
3.517
3.544
3.57
3.596
3.623
3.649
3.675
3.701
3.728
3.754
3.78
3.806
3.833
3.859
3.885
3.911
3.938
3.964
3.99
4.016
4.042
4.068
4.095
4.121
4.147
4.173
4.199
4.225
4.251
4.277
4.304
4.33
4.356
4.382
4.408
4.434
4.46
4.486
4.512
4.538
4.564
4.59
4.616
4.642
4.668
4.693
4.719
4.745
4.771
4.797
4.823
4.849
4.875
4.9
4.926
4.952
4.978
5.003
5.029
5.055
5.081
5.106
5.132
5.158
5.183
5.209
5.235
5.26
5.286
5.311
5.337
5.362
5.388
5.414
5.439
5.465
5.49
5.515
5.541
5.566
5.592
5.617
5.642
5.668
5.693
5.718
5.744
5.769
5.794
5.819
5.845
5.87
5.895
5.92
5.945
5.97
5.996
6.021
6.046
6.071
6.096
6.121
6.146
6.171
6.196
6.221
6.245
6.27
6.295
6.32
6.345
6.37
6.394
6.419
6.444
6.469
6.493
6.518
6.543
6.567
6.592
6.616
6.641
6.665
6.69
6.714
6.739
6.763
6.788
6.812
6.836
6.861
6.885
6.909
6.933
6.958
6.982
7.006
7.03
7.054
7.078
7.102
7.126
7.15
7.174
7.198
7.222
7.246
7.27
7.294
7.318
7.342
7.365
7.389
7.413
7.437
7.46
7.484
7.507
7.531
7.555
7.578
7.602
7.625
7.648
7.672
7.695
7.719
7.742
7.765
7.788
7.812
7.835
7.858
7.881
7.904
7.927
7.95
7.973
7.996
8.019
8.042
8.065
8.088
8.111
8.133
8.156
8.179
8.201
8.224
8.247
8.269
8.292
8.314
8.337
8.359
8.382
8.404
8.426
8.449
8.471
8.493
8.515
8.537
8.56
8.582
8.604
8.626
8.648
8.67
8.692
8.713
8.735
8.757
8.779
8.801
8.822
8.844
8.866
8.887
8.909
8.93
8.952
8.973
8.994
9.016
9.037
9.058
9.08
9.101
9.122
9.143
9.164
9.185
9.206
9.227
9.248
9.269
9.29
9.311
9.331
9.352
9.373
9.393
9.414
9.435
9.455
9.476
9.496
9.516
9.537
9.557
9.577
9.597
9.618
9.638
9.658
9.678
9.698
9.718
9.738
9.758
9.777
9.797
9.817
9.837
9.856
9.876
9.895
9.915
9.934
9.954
9.973
9.993
10.012
10.031
10.05
10.069
10.089
10.108
10.127
10.146
10.165
10.183
10.202
10.221
10.24
10.258
10.277
10.296
10.314
10.333
10.351
10.37
10.388
10.406
10.424
10.443
10.461
10.479
10.497
10.515
10.533
10.551
10.569
10.586
10.604
10.622
10.64
10.657
10.675
10.692
10.71
10.727
10.744
10.762
10.779
10.796
10.813
10.83
10.847
10.864
10.881
10.898
10.915
10.932
10.949
10.965
10.982
10.998
11.015
11.031
11.048
11.064
11.08
11.097
11.113
11.129
11.145
11.161
11.177
11.193
11.209
11.224
11.24
11.256
11.272
11.287
11.303
11.318
11.333
11.349
11.364
11.379
11.394
11.41
11.425
11.44
11.455
11.469
11.484
11.499
11.514
11.528
11.543
11.558
11.572
11.586
11.601
11.615
11.629
11.643
11.658
11.672
11.686
11.7
11.713
11.727
11.741
11.755
11.768
11.782
11.795
11.809
11.822
11.836
11.849
11.862
11.875
11.888
11.901
11.914
11.927
11.94
11.953
11.965
11.978
11.991
12.003
12.016
12.028
12.04
12.053
12.065
12.077
12.089
12.101
12.113
12.125
12.136
12.148
12.16
12.171
12.183
12.194
12.206
12.217
12.229
12.24
12.251
12.262
12.273
12.284
12.295
12.306
12.316
12.327
12.338
12.348
12.359
12.369
12.379
12.39
12.4
12.41
12.42
12.43
12.44
12.45
12.459
12.469
12.479
12.488
12.498
12.507
12.517
12.526
12.535
12.544
12.553
12.562
12.571
12.58
12.589
12.598
12.606
12.615
12.623
12.632
12.64
12.648
12.656
12.665
12.673
12.681
12.689
12.696
12.704
12.712
12.719
12.727
12.734
12.742
12.749
12.756
12.764
12.771
12.778
12.785
12.792
12.798
12.805
12.812
12.818
12.825
12.831
12.837
12.844
12.85
12.856
12.862
12.868
12.874
12.88
12.885
12.891
12.897
12.902
12.907
12.913
12.918
12.923
12.928
12.933
12.938
12.943
12.948
12.953
12.957
12.962
12.966
12.971
12.975
12.979
12.983
12.987
12.991
12.995
12.999
13.003
13.006
13.01
13.013
13.017
13.02
13.023
13.027
13.03
13.033
13.036
13.038
13.041
13.044
13.046
13.049
13.051
13.054
13.056
13.058
13.06
13.062
13.064
13.066
13.068
13.07
13.072
13.073
13.075
13.076
13.077
13.079
13.08
13.081
13.082
13.083
13.084
13.085
13.086
13.086
13.087
13.087
13.088
13.088
13.088
13.089
13.089
13.089
13.089
13.089
13.089
13.088
13.088
13.088
13.087
13.087
13.086
13.085
13.085
13.084
13.083
13.082
13.081
13.08
13.079
13.077
13.076
13.075
13.073
13.072
13.07
13.068
13.067
13.065
13.063
13.061
13.059
13.057
13.055
13.052
13.05
13.048
13.045
13.043
13.04
13.038
13.035
13.032
13.029
13.026
13.023
13.02
13.017
13.014
13.011
13.007
13.004
13.0
12.997
12.993
12.989
12.986
12.982
12.978
12.974
12.97
12.966
12.962
12.958
12.953
12.949
12.945
12.94
12.936
12.931
12.926
12.922
12.917
12.912
12.907
12.902
12.897
12.892
12.887
12.882
12.876
12.871
12.865
12.86
12.854
12.849
12.843
12.837
12.832
12.826
12.82
12.814
12.808
12.802
12.795
12.789
12.783
12.777
12.77
12.764
12.757
12.751
12.744
12.737
12.73
12.724
12.717
12.71
12.703
12.696
12.688
12.681
12.674
12.667
12.659
12.652
12.644
12.637
12.629
12.622
12.614
12.606
12.598
12.59
12.582
12.574
12.566
12.558
12.55
12.542
12.534
12.525
12.517
12.508
12.5
12.491
12.483
12.474
12.465
12.457
12.448
12.439
12.43
12.421
12.412
12.403
12.394
12.384
12.375
12.366
12.356
12.347
12.338
12.328
12.318
12.309
12.299
12.289
12.28
12.27
12.26
12.25
12.24
12.23
12.22
12.21
12.199
12.189
12.179
12.168
12.158
12.148
12.137
12.127
12.116
12.105
12.095
12.084
12.073
12.062
12.051
12.04
12.029
12.018
12.007
11.996
11.985
11.974
11.962
11.951
11.94
11.928
11.917
11.905
11.894
11.882
11.87
11.859
11.847
11.835
11.823
11.811
11.8
11.788
11.776
11.763
11.751
11.739
11.727
11.715
11.702
11.69
11.678
11.665
11.653
11.64
11.628
11.615
11.602
11.59
11.577
11.564
11.551
11.539
11.526
11.513
11.5
11.487
11.474
11.461
11.447
11.434
11.421
11.408
11.394
11.381
11.368
11.354
11.341
11.327
11.314
11.3
11.286
11.273
11.259
11.245
11.232
11.218
11.204
11.19
11.176
11.162
11.148
11.134
11.12
11.106
11.091
11.077
11.063
11.049
11.034
11.02
11.006
10.991
10.977
10.962
10.948
10.933
10.918
10.904
10.889
10.874
10.86
10.845
10.83
10.815
10.8
10.785
10.77
10.755
10.74
10.725
10.71
10.695
10.68
10.664
10.649
10.634
10.619
10.603
10.588
10.572
10.557
10.542
10.526
10.51
10.495
10.479
10.464
10.448
10.432
10.417
10.401
10.385
10.369
10.353
10.337
10.322
10.306
10.29
10.274
10.258
10.242
10.225
10.209
10.193
10.177
10.161
10.145
10.128
10.112
10.096
10.079
10.063
10.047
10.03
10.014
9.997
9.981
9.964
9.947
9.931
9.914
9.898
9.881
9.864
9.848
9.831
9.814
9.797
9.78
9.763
9.747
9.73
9.713
9.696
9.679
9.662
9.645
9.628
9.611
9.593
9.576
9.559
9.542
9.525
9.508
9.49
9.473
9.456
9.438
9.421
9.404
9.386
9.369
9.352
9.334
9.317
9.299
9.282
9.264
9.247
9.229
9.211
9.194
9.176
9.158
9.141
9.123
9.105
9.088
9.07
9.052
9.034
9.016
8.999
8.981
8.963
8.945
8.927
8.909
8.891
8.873
8.855
8.837
8.819
8.801
8.783
8.765
8.747
8.729
8.711
8.693
8.675
8.656
8.638
8.62
8.602
8.584
8.565
8.547
8.529
8.51
8.492
8.474
8.455
8.437
8.419
8.4
8.382
8.364
8.345
8.327
8.308
8.29
8.271
8.253
8.234
8.216
8.197
8.179
8.16
8.142
8.123
8.104
8.086
8.067
8.049
8.03
8.011
7.993
7.974
7.955
7.937
7.918
7.899
7.88
7.862
7.843
7.824
7.805
7.787
7.768
7.749
7.73
7.711
7.693
7.674
7.655
7.636
7.617
7.598
7.58
7.561
7.542
7.523
7.504
7.485
7.466
7.447
7.428
7.409
7.391
7.372
7.353
7.334
7.315
7.296
7.277
7.258
7.239
7.22
7.201
7.182
7.163
7.144
7.125
7.106
7.087
7.068
7.049
7.03
7.011
6.992
6.973
6.954
6.934
6.915
6.896
6.877
6.858
6.839
6.82
6.801
6.782
6.763
6.744
6.725
6.706
6.687
6.668
6.648
6.629
6.61
6.591
6.572
6.553
6.534
6.515
6.496
6.477
6.458
6.439
6.42
6.4
6.381
6.362
6.343
6.324
6.305
6.286
6.267
6.248
6.229
6.21
6.191
6.172
6.153
6.134
6.115
6.096
6.077
6.057
6.038
6.019
6.0
5.981
5.962
5.943
5.924
5.905
5.886
5.867
5.848
5.829
5.811
5.792
5.773
5.754
5.735
5.716
5.697
5.678
5.659
5.64
5.621
5.602
5.583
5.565
5.546
5.527
5.508
5.489
5.47
5.451
5.433
5.414
5.395
5.376
5.357
5.339
5.32
5.301
5.282
5.264
5.245
5.226
5.207
5.189
5.17
5.151
5.133
5.114
5.095
5.077
5.058
5.039
5.021
5.002
4.984
4.965
4.947
4.928
4.91
4.891
4.872
4.854
4.836
4.817
4.799
4.78
4.762
4.743
4.725
4.707
4.688
4.67
4.652
4.633
4.615
4.597
4.578
4.56
4.542
4.524
4.505
4.487
4.469
4.451
4.433
4.415
4.396
4.378
4.36
4.342
4.324
4.306
4.288
4.27
4.252
4.234
4.216
4.198
4.18
4.162
4.145
4.127
4.109
4.091
4.073
4.055
4.038
4.02
4.002
3.985
3.967
3.949
3.932
3.914
3.896
3.879
3.861
3.844
3.826
3.809
3.791
3.774
3.756
3.739
3.722
3.704
3.687
3.67
3.652
3.635
3.618
3.601
3.583
3.566
3.549
3.532
3.515
3.498
3.481
3.464
3.447
3.43
3.413
3.396
3.379
3.362
3.345
3.328
3.312
3.295
3.278
3.261
3.245
3.228
3.211
3.195
3.178
3.161
3.145
3.128
3.112
3.095
3.079
3.063
3.046
3.03
3.014
2.997
2.981
2.965
2.949
2.932
2.916
2.9
2.884
2.868
2.852
2.836
2.82
2.804
2.788
2.772
2.756
2.741
2.725
2.709
2.693
2.678
2.662
2.646
2.631
2.615
2.6
2.584
2.569
2.553
2.538
2.522
2.507
2.492
2.477
2.461
2.446
2.431
2.416
2.401
2.386
2.371
2.356
2.341
2.326
2.311
2.296
2.281
2.266
2.251
2.237
2.222
2.207
2.193
2.178
2.164
2.149
2.135
2.12
2.106
2.091
2.077
2.063
2.049
2.034
2.02
2.006
1.992
1.978
1.964
1.95
1.936
1.922
1.908
1.894
1.881
1.867
1.853
1.839
1.826
1.812
1.799
1.785
1.772
1.758
1.745
1.731
1.718
1.705
1.692
1.678
1.665
1.652
1.639
1.626
1.613
1.6
1.587
1.574
1.562
1.549
1.536
1.523
1.511
1.498
1.486
1.473
1.461
1.448
1.436
1.424
1.411
1.399
1.387
1.375
1.363
1.351
1.339
1.327
1.315
1.303
1.291
1.279
1.267
1.256
1.244
1.232
1.221
1.209
1.198
1.186
1.175
1.164
1.152
1.141
1.13
1.119
1.108
1.097
1.086
1.075
1.064
1.053
1.042
1.032
1.021
1.01
1.0
0.989
0.979
0.968
0.958
0.947
0.937
0.927
0.917
0.907
0.896
0.886
0.876
0.866
0.857
0.847
0.837
0.827
0.818
0.808
0.798
0.789
0.779
0.77
0.761
0.751
0.742
0.733
0.724
0.715
0.705
0.697
0.688
0.679
0.67
0.661
0.652
0.644
0.635
0.627
0.618
0.61
0.601
0.593
0.585
0.576
0.568
0.56
0.552
0.544
0.536
0.528
0.52
0.513
0.505
0.497
0.49
0.482
0.475
0.467
0.46
0.453
0.445
0.438
0.431
0.424
0.417
0.41
0.403
0.396
0.39
0.383
0.376
0.37
0.363
0.357
0.35
0.344
0.338
0.331
0.325
0.319
0.313
0.307
0.301
0.295
0.289
0.284
0.278
0.272
0.267
0.261
0.256
0.251
0.245
0.24
0.235
0.23
0.225
0.22
0.215
0.21
0.205
0.201
0.196
0.191
0.187
0.182
0.178
0.174
0.169
0.165
0.161
0.157
0.153
0.149
0.145
0.141
0.138
0.134
0.13
0.127
0.123
0.12
0.117
0.113
0.11
0.107
0.104
0.101
0.098
0.095
0.092
0.09
0.087
0.084
0.082
0.079
0.077
0.075
0.073
0.07
0.068
0.066
0.064
0.062
0.061
0.059
0.057
0.056
0.054
0.053
0.051
0.05
0.049
0.047
0.046
0.045
0.044
0.044
0.043
0.042
0.041
0.041
0.04
0.04
0.039
0.039
0.039
0.039
0.039
0.039
0.039
0.039
0.039
0.039
0.04
0.04
0.041
0.041
0.042
0.043
0.044
0.045
0.046
0.047
0.048
0.049
0.05
0.052
0.053
0.055
0.056
0.058
0.06
0.061
0.063
0.065
0.067
0.07
0.072
0.074
0.076
0.079
0.081
0.084
0.087
0.089
0.092
0.095
0.098
0.101
0.105
0.108
0.111
0.115
0.118
0.122
0.125
0.129
0.133
0.137
0.141
0.145
0.149
0.153
0.157
0.162
0.166
0.171
0.176
0.18
0.185
0.19
0.195
0.2
0.205
0.21
0.216
0.221
0.227
0.232
0.238
0.244
0.249
0.255
0.261
0.267
0.273
0.28
0.286
0.292
0.299
0.306
0.312
0.319
0.326
0.333
0.34
0.347
0.354
0.361
0.369
0.376
0.384
0.391
0.399
0.407
0.415
0.423
0.431
0.439
0.447
0.456
0.464
0.473
0.481
0.49
0.499
0.508
0.517
0.526
0.535
0.544
0.553
0.563
0.572
0.582
0.592
0.601
0.611
0.621
0.631
0.641
0.652
0.662
0.672
0.683
0.694
0.704
0.715
0.726
0.737
0.748
0.759
0.77
0.782
0.793
0.805
0.817
0.828
0.84
0.852
0.864
0.876
0.888
0.901
0.913
0.926
0.938
0.951
0.964
0.977
0.99
1.003
1.016
1.029
1.042
1.056
1.069
1.083
1.097
1.111
1.125
1.139
1.153
1.167
1.181
1.196
1.21
1.225
1.24
1.254
1.269
1.284
1.299
1.314
1.33
1.345
1.36
1.376
1.391
1.407
1.423
1.439
1.455
1.471
1.487
1.503
1.519
1.536
1.552
1.569
1.586
1.602
1.619
1.636
1.653
1.67
1.687
1.705
1.722
1.74
1.757
1.775
1.792
1.81
1.828
1.846
1.864
1.882
1.9
1.919
1.937
1.955
1.974
1.993
2.011
2.03
2.049
2.068
2.087
2.106
2.125
2.144
2.164
2.183
2.203
2.222
2.242
2.262
2.281
2.301
2.321
2.341
2.361
2.382
2.402
2.422
2.443
2.463
2.484
2.504
2.525
2.546
2.567
2.588
2.609
2.63
2.651
2.672
2.694
2.715
2.737
2.758
2.78
2.801
2.823
2.845
2.867
2.889
2.911
2.933
2.955
2.978
3.0
3.022
3.045
3.067
3.09
3.113
3.135
3.158
3.181
3.204
3.227
3.25
3.273
3.296
3.32
3.343
3.367
3.39
3.414
3.437
3.461
3.485
3.508
3.532
3.556
3.58
3.604
3.628
3.653
3.677
3.701
3.726
3.75
3.775
3.799
3.824
3.849
3.873
3.898
3.923
3.948
3.973
3.998
4.023
4.048
4.074
4.099
4.124
4.15
4.175
4.201
4.226
4.252
4.278
4.303
4.329
4.355
4.381
4.407
4.433
4.459
4.485
4.511
4.538
4.564
4.59
4.617
4.643
4.67
4.697
4.723
4.75
4.777
4.803
4.83
4.857
4.884
4.911
4.938
4.965
4.993
5.02
5.047
5.074
5.102
5.129
5.157
5.184
5.212
5.239
5.267
5.295
5.322
5.35
5.378
5.406
5.434
5.462
5.49
5.518
5.546
5.574
5.603
5.631
5.659
5.688
5.716
5.745
5.773
5.802
5.83
5.859
5.887
5.916
5.945
5.974
6.003
6.031
6.06
6.089
6.118
6.147
6.177
6.206
6.235
6.264
6.293
6.323
6.352
6.381
6.411
6.44
6.47
6.499
6.529
6.558
6.588
6.618
6.647
6.677
6.707
6.737
6.767
6.797
6.826
6.856
6.886
6.916
6.947
6.977
7.007
7.037
7.067
7.097
7.128
7.158
7.188
7.219
7.249
7.28
7.31
7.341
7.371
7.402
7.432
7.463
7.494
7.524
7.555
7.586
7.616
7.647
7.678
7.709
7.74
7.771
7.802
7.833
7.864
7.895
7.926
7.957
7.988
8.019
8.05
8.082
8.113
8.144
8.175
8.207
8.238
8.269
8.301
8.332
8.363
8.395
8.426
8.458
8.489
8.521
8.552
8.584
8.615
8.647
8.679
8.71
8.742
8.774
8.805
8.837
8.869
8.901
8.933
8.964
8.996
9.028
9.06
9.092
9.124
9.156
9.188
9.219
9.251
9.283
9.315
9.348
9.38
9.412
9.444
9.476
9.508
9.54
9.572
9.604
9.636
9.669
9.701
9.733
9.765
9.797
9.83
9.862
9.894
9.926
9.959
9.991
10.023
10.056
10.088
10.12
10.153
10.185
10.217
10.25
10.282
10.315
10.347
10.379
10.412
10.444
10.477
10.509
10.542
10.574
10.607
10.639
10.672
10.704
10.737
10.769
10.802
10.834
10.867
10.899
10.932
10.964
10.997
11.029
11.062
11.094
11.127
11.159
11.192
11.225
11.257
11.29
11.322
11.355
11.387
11.42
11.452
11.485
11.518
11.55
11.583
11.615
11.648
11.68
11.713
11.746
11.778
11.811
11.843
11.876
11.908
11.941
11.973
12.006
12.038
12.071
12.104
12.136
12.169
12.201
12.234
12.266
12.299
12.331
12.364
12.396
12.429
12.461
12.493
12.526
12.558
12.591
12.623
12.656
12.688
12.72
12.753
12.785
12.818
12.85
12.882
12.915
12.947
12.979
13.012
13.044
13.076
13.109
13.141
13.173
13.205
13.238
13.27
13.302
13.334
13.366
13.399
13.431
13.463
13.495
13.527
13.559
13.591
13.623
13.655
13.687
13.719
13.751
13.783
13.815
13.847
13.879
13.911
13.943
13.975
14.007
14.039
14.07
14.102
14.134
14.166
14.198
14.229
14.261
14.293
14.324
14.356
14.388
14.419
14.451
14.482
14.514
14.545
14.577
14.608
14.64
14.671
14.703
14.734
14.765
14.797
14.828
14.859
14.89
14.922
14.953
14.984
15.015
15.046
15.077
15.108
15.139
15.17
15.201
15.232
15.263
15.294
15.325
15.356
15.387
15.418
15.448
15.479
15.51
15.54
15.571
15.602
15.632
15.663
15.693
15.724
15.754
15.785
15.815
15.845
15.876
15.906
15.936
15.966
15.997
16.027
16.057
16.087
16.117
16.147
16.177
16.207
16.237
16.267
16.297
16.326
16.356
16.386
16.416
16.445
16.475
16.505
16.534
16.564
16.593
16.622
16.652
16.681
16.71
16.74
16.769
16.798
16.827
16.856
16.886
16.915
16.944
16.972
17.001
17.03
17.059
17.088
17.117
17.145
17.174
17.202
17.231
17.26
17.288
17.316
17.345
17.373
17.401
17.43
17.458
17.486
17.514
17.542
17.57
17.598
17.626
17.654
17.682
17.71
17.737
17.765
17.793
17.82
17.848
17.875
17.903
17.93
17.957
17.985
18.012
18.039
18.066
18.093
18.12
18.147
18.174
18.201
18.228
18.255
18.282
18.308
18.335
18.361
18.388
18.414
18.441
18.467
18.494
18.52
18.546
18.572
18.598
18.625
18.651
18.677
18.702
18.728
18.754
18.78
18.806
18.831
18.857
18.883
18.908
18.934
18.959
18.984
19.01
19.035
19.06
19.086
19.111
19.136
19.161
19.186
19.211
19.236
19.26
19.285
19.31
19.335
19.359
19.384
19.408
19.433
19.457
19.482
19.506
19.53
19.555
19.579
19.603
19.627
19.651
19.675
19.699
19.723
19.747
19.771
19.795
19.818
19.842
19.866
19.889
19.913
19.936
19.96
19.983
20.006
20.03
20.053
20.076
20.099
20.122
20.145
20.168
20.191
20.214
20.237
20.26
20.283
20.305
20.328
20.35
20.373
20.396
20.418
20.44
20.463
20.485
20.507
20.53
20.552
20.574
20.596
20.618
20.64
20.662
20.684
20.706
20.727
20.749
20.771
20.793
20.814
20.836
20.857
20.879
20.9
20.922
20.943
20.964
20.985
21.007
21.028
21.049
21.07
21.091
21.112
21.133
21.154
21.174
21.195
21.216
21.236
21.257
21.278
21.298
21.319
21.339
21.359
21.38
21.4
21.42
21.441
21.461
21.481
21.501
21.521
21.541
21.561
21.581
21.6
21.62
21.64
21.66
21.679
21.699
21.718
21.738
21.757
21.777
21.796
21.816
21.835
21.854
21.873
21.892
21.911
21.93
21.949
21.968
21.987
22.006
22.025
22.044
22.063
22.081
22.1
22.118
22.137
22.155
22.174
22.192
22.211
22.229
22.247
22.265
22.284
22.302
22.32
22.338
22.356
22.374
22.392
22.41
22.427
22.445
22.463
22.481
22.498
22.516
22.533
22.551
22.568
22.586
22.603
22.621
22.638
22.655
22.672
22.689
22.706
22.724
22.741
22.757
22.774
22.791
22.808
22.825
22.842
22.858
22.875
22.892
22.908
22.925
22.941
22.958
22.974
22.99
23.007
23.023
23.039
23.055
23.071
23.088
23.104
23.12
23.136
23.151
23.167
23.183
23.199
23.215
23.23
23.246
23.262
23.277
23.293
23.308
23.323
23.339
23.354
23.37
23.385
23.4
23.415
23.43
23.445
23.46
23.475
23.49
23.505
23.52
23.535
23.55
23.564
23.579
23.594
23.608
23.623
23.637
23.652
23.666
23.681
23.695
23.709
23.724
23.738
23.752
23.766
23.78
23.794
23.808
23.822
23.836
23.85
23.864
23.878
23.891
23.905
23.919
23.932
23.946
23.96
23.973
23.986
24.0
24.013
24.027
24.04
24.053
24.066
24.079
24.093
24.106
24.119
24.132
24.145
24.158
24.17
24.183
24.196
24.209
24.221
24.234
24.247
24.259
24.272
24.284
24.297
24.309
24.321
24.334
24.346
24.358
24.37
24.383
24.395
24.407
24.419
24.431
24.443
24.455
24.467
24.478
24.49
24.502
24.514
24.525
24.537
24.548
24.56
24.572
24.583
24.594
24.606
24.617
24.628
24.64
24.651
24.662
24.673
24.684
24.695
24.706
24.717
24.728
24.739
24.75
24.761
24.771
24.782
24.793
24.804
24.814
24.825
24.835
24.846
24.856
24.867
24.877
24.887
24.897
24.908
24.918
24.928
24.938
24.948
24.958
24.968
24.978
24.988
24.998
25.008
25.018
25.027
25.037
25.047
25.057
25.066
25.076
25.085
25.095
25.104
25.114
25.123
25.132
25.142
25.151
25.16
25.169
25.178
25.187
25.196
25.205
25.214
25.223
25.232
25.241
25.25
25.259
25.267
25.276
25.285
25.293
25.302
25.311
25.319
25.327
25.336
25.344
25.353
25.361
25.369
25.377
25.386
25.394
25.402
25.41
25.418
25.426
25.434
25.442
25.45
25.458
25.465
25.473
25.481
25.489
25.496
25.504
25.512
25.519
25.527
25.534
25.541
25.549
25.556
25.563
25.571
25.578
25.585
25.592
25.599
25.607
25.614
25.621
25.628
25.635
25.641
25.648
25.655
25.662
25.669
25.675
25.682
25.689
25.695
25.702
25.708
25.715
25.721
25.728
25.734
25.74
25.747
25.753
25.759
25.765
25.771
25.778
25.784
25.79
25.796
25.802
25.808
25.813
25.819
25.825
25.831
25.837
25.842
25.848
25.854
25.859
25.865
25.87
25.876
25.881
25.887
25.892
25.897
25.903
25.908
25.913
25.918
25.924
25.929
25.934
25.939
25.944
25.949
25.954
25.959
25.963
25.968
25.973
25.978
25.983
25.987
25.992
25.996
26.001
26.006
26.01
26.015
26.019
26.023
26.028
26.032
26.036
26.041
26.045
26.049
26.053
26.057
26.061
26.065
26.069
26.073
26.077
26.081
26.085
26.089
26.093
26.096
26.1
26.104
26.108
26.111
26.115
26.118
26.122
26.125
26.129
26.132
26.136
26.139
26.142
26.145
26.149
26.152
26.155
26.158
26.161
26.164
26.167
26.17
26.173
26.176
26.179
26.182
26.185
26.188
26.19
26.193
26.196
26.198
26.201
26.203
26.206
26.209
26.211
26.213
26.216
26.218
26.221
26.223
26.225
26.227
26.23
26.232
26.234
26.236
26.238
26.24
26.242
26.244
26.246
26.248
26.25
26.251
26.253
26.255
26.257
26.258
26.26
26.262
26.263
26.265
26.266
26.268
26.269
26.271
26.272
26.274
26.275
26.276
26.277
26.279
26.28
26.281
26.282
26.283
26.284
26.285
26.286
26.287
26.288
26.289
26.29
26.291
26.292
26.292
26.293
26.294
26.294
26.295
26.296
26.296
26.297
26.297
26.298
26.298
26.299
26.299
26.299
26.3
26.3
26.3
26.3
26.3
26.301
26.301
26.301
26.301
26.301
26.301
26.301
26.301
26.301
26.3
26.3
26.3
26.3
26.3
26.299
26.299
26.298
26.298
26.298
26.297
26.297
26.296
26.296
26.295
26.294
26.294
26.293
26.292
26.292
26.291
26.29
26.289
26.288
26.287
26.286
26.285
26.284
26.283
26.282
26.281
26.28
26.279
26.278
26.277
26.275
26.274
26.273
26.271
26.27
26.269
26.267
26.266
26.264
26.263
26.261
26.26
26.258
26.256
26.255
26.253
26.251
26.249
26.248
26.246
26.244
26.242
26.24
26.238
26.236
26.234
26.232
26.23
26.228
26.226
26.223
26.221
26.219
26.217
26.215
26.212
26.21
26.207
26.205
26.203
26.2
26.198
26.195
26.193
26.19
26.187
26.185
26.182
26.179
26.177
26.174
26.171
26.168
26.165
26.162
26.16
26.157
26.154
26.151
26.148
26.144
26.141
26.138
26.135
26.132
26.129
26.125
26.122
26.119
26.116
26.112
26.109
26.105
26.102
26.099
26.095
26.091
26.088
26.084
26.081
26.077
26.073
26.07
26.066
26.062
26.058
26.055
26.051
26.047
26.043
26.039
26.035
26.031
26.027
26.023
26.019
26.015
26.011
26.007
26.002
25.998
25.994
25.99
25.985
25.981
25.977
25.972
25.968
25.963
25.959
25.954
25.95
25.945
25.941
25.936
25.932
25.927
25.922
25.917
25.913
25.908
25.903
25.898
25.893
25.889
25.884
25.879
25.874
25.869
25.864
25.859
25.854
25.848
25.843
25.838
25.833
25.828
25.823
25.817
25.812
25.807
25.801
25.796
25.79
25.785
25.78
25.774
25.769
25.763
25.757
25.752
25.746
25.741
25.735
25.729
25.723
25.718
25.712
25.706
25.7
25.694
25.689
25.683
25.677
25.671
25.665
25.659
25.653
25.647
25.64
25.634
25.628
25.622
25.616
25.61
25.603
25.597
25.591
25.584
25.578
25.572
25.565
25.559
25.552
25.546
25.539
25.533
25.526
25.52
25.513
25.506
25.5
25.493
25.486
25.479
25.473
25.466
25.459
25.452
25.445
25.438
25.432
25.425
25.418
25.411
25.404
25.396
25.389
25.382
25.375
25.368
25.361
25.354
25.346
25.339
25.332
25.325
25.317
25.31
25.302
25.295
25.288
25.28
25.273
25.265
25.258
25.25
25.243
25.235
25.227
25.22
25.212
25.204
25.197
25.189
25.181
25.173
25.165
25.158
25.15
25.142
25.134
25.126
25.118
25.11
25.102
25.094
25.086
25.078
25.07
25.061
25.053
25.045
25.037
25.029
25.02
25.012
25.004
24.995
24.987
24.979
24.97
24.962
24.953
24.945
24.936
24.928
24.919
24.911
24.902
24.894
24.885
24.876
24.868
24.859
24.85
24.841
24.833
24.824
24.815
24.806
24.797
24.788
24.779
24.77
24.761
24.752
24.743
24.734
24.725
24.716
24.707
24.698
24.689
24.68
24.671
24.661
24.652
24.643
24.633
24.624
24.615
24.605
24.596
24.587
24.577
24.568
24.558
24.549
24.539
24.53
24.52
24.511
24.501
24.491
24.482
24.472
24.462
24.453
24.443
24.433
24.423
24.414
24.404
24.394
24.384
24.374
24.364
24.354
24.344
24.334
24.324
24.314
24.304
24.294
24.284
24.274
24.264
24.254
24.244
24.233
24.223
24.213
24.203
24.192
24.182
24.172
24.161
24.151
24.141
24.13
24.12
24.109
24.099
24.088
24.078
24.067
24.057
24.046
24.036
24.025
24.014
24.004
23.993
23.982
23.972
23.961
23.95
23.939
23.929
23.918
23.907
23.896
23.885
23.874
23.863
23.852
23.841
23.83
23.819
23.808
23.797
23.786
23.775
23.764
23.753
23.742
23.73
23.719
23.708
23.697
23.686
23.674
23.663
23.652
23.64
23.629
23.618
23.606
23.595
23.583
23.572
23.56
23.549
23.537
23.526
23.514
23.503
23.491
23.479
23.468
23.456
23.444
23.433
23.421
23.409
23.398
23.386
23.374
23.362
23.35
23.339
23.327
23.315
23.303
23.291
23.279
23.267
23.255
23.243
23.231
23.219
23.207
23.195
23.183
23.171
23.158
23.146
23.134
23.122
23.11
23.098
23.085
23.073
23.061
23.048
23.036
23.024
23.011
22.999
22.987
22.974
22.962
22.949
22.937
22.924
22.912
22.899
22.887
22.874
22.862
22.849
22.836
22.824
22.811
22.798
22.786
22.773
22.76
22.748
22.735
22.722
22.709
22.696
22.684
22.671
22.658
22.645
22.632
22.619
22.606
22.593
22.58
22.567
22.554
22.541
22.528
22.515
22.502
22.489
22.476
22.463
22.45
22.436
22.423
22.41
22.397
22.384
22.37
22.357
22.344
22.33
22.317
22.304
22.29
22.277
22.264
22.25
22.237
22.223
22.21
22.196
22.183
22.169
22.156
22.142
22.129
22.115
22.102
22.088
22.074
22.061
22.047
22.033
22.02
22.006
21.992
21.979
21.965
21.951
21.937
21.923
21.91
21.896
21.882
21.868
21.854
21.84
21.826
21.812
21.799
21.785
21.771
21.757
21.743
21.729
21.714
21.7
21.686
21.672
21.658
21.644
21.63
21.616
21.602
21.587
21.573
21.559
21.545
21.53
21.516
21.502
21.488
21.473
21.459
21.445
21.43
21.416
21.402
21.387
21.373
21.358
21.344
21.329
21.315
21.3
21.286
21.271
21.257
21.242
21.228
21.213
21.199
21.184
21.169
21.155
21.14
21.125
21.111
21.096
21.081
21.067
21.052
21.037
21.022
21.008
20.993
20.978
20.963
20.948
20.933
20.919
20.904
20.889
20.874
20.859
20.844
20.829
20.814
20.799
20.784
20.769
20.754
20.739
20.724
20.709
20.694
20.679
20.664
20.648
20.633
20.618
20.603
20.588
20.573
20.557
20.542
20.527
20.512
20.496
20.481
20.466
20.451
20.435
20.42
20.405
20.389
20.374
20.359
20.343
20.328
20.312
20.297
20.281
20.266
20.251
20.235
20.22
20.204
20.188
20.173
20.157
20.142
20.126
20.111
20.095
20.079
20.064
20.048
20.033
20.017
20.001
19.986
19.97
19.954
19.938
19.923
19.907
19.891
19.875
19.86
19.844
19.828
19.812
19.796
19.78
19.765
19.749
19.733
19.717
19.701
19.685
19.669
19.653
19.637
19.621
19.605
19.589
19.573
19.557
19.541
19.525
19.509
19.493
19.477
19.461
19.445
19.429
19.413
19.396
19.38
19.364
19.348
19.332
19.316
19.299
19.283
19.267
19.251
19.234
19.218
19.202
19.186
19.169
19.153
19.137
19.12
19.104
19.088
19.071
19.055
19.039
19.022
19.006
18.989
18.973
18.957
18.94
18.924
18.907
18.891
18.874
18.858
18.841
18.825
18.808
18.792
18.775
18.759
18.742
18.725
18.709
18.692
18.676
18.659
18.642
18.626
18.609
18.592
18.576
18.559
18.542
18.526
18.509
18.492
18.475
18.459
18.442
18.425
18.408
18.392
18.375
18.358
18.341
18.324
18.307
18.291
18.274
18.257
18.24
18.223
18.206
18.189
18.172
18.156
18.139
18.122
18.105
18.088
18.071
18.054
18.037
18.02
18.003
17.986
17.969
17.952
17.935
17.918
17.901
17.884
17.866
17.849
17.832
17.815
17.798
17.781
17.764
17.747
17.73
17.712
17.695
17.678
17.661
17.644
17.626
17.609
17.592
17.575
17.558
17.54
17.523
17.506
17.489
17.471
17.454
17.437
17.419
17.402
17.385
17.367
17.35
17.333
17.315
17.298
17.281
17.263
17.246
17.229
17.211
17.194
17.176
17.159
17.142
17.124
17.107
17.089
17.072
17.054
17.037
17.019
17.002
16.984
16.967
16.949
16.932
16.914
16.897
16.879
16.862
16.844
16.827
16.809
16.791
16.774
16.756
16.739
16.721
16.703
16.686
16.668
16.65
16.633
16.615
16.598
16.58
16.562
16.545
16.527
16.509
16.491
16.474
16.456
16.438
16.421
16.403
16.385
16.367
16.35
16.332
16.314
16.296
16.279
16.261
16.243
16.225
16.207
16.19
16.172
16.154
16.136
16.118
16.1
16.083
16.065
16.047
16.029
16.011
15.993
15.975
15.958
15.94
15.922
15.904
15.886
15.868
15.85
15.832
15.814
15.796
15.778
15.76
15.742
15.724
15.707
15.689
15.671
15.653
15.635
15.617
15.599
15.581
15.563
15.545
15.527
15.509
15.49
15.472
15.454
15.436
15.418
15.4
15.382
15.364
15.346
15.328
15.31
15.292
15.274
15.256
15.238
15.219
15.201
15.183
15.165
15.147
15.129
15.111
15.093
15.074
15.056
15.038
15.02
15.002
14.984
14.965
14.947
14.929
14.911
14.893
14.875
14.856
14.838
14.82
14.802
14.784
14.765
14.747
14.729
14.711
14.692
14.674
14.656
14.638
14.619
14.601
14.583
14.565
14.546
14.528
14.51
14.492
14.473
14.455
14.437
14.418
14.4
14.382
14.364
14.345
14.327
14.309
14.29
14.272
14.254
14.235
14.217
14.199
14.18
14.162
14.144
14.125
14.107
14.089
14.07
14.052
14.034
14.015
13.997
13.979
13.96
13.942
13.923
13.905
13.887
13.868
13.85
13.832
13.813
13.795
13.776
13.758
13.74
13.721
13.703
13.684
13.666
13.648
13.629
13.611
13.592
13.574
13.555
13.537
13.519
13.5
13.482
13.463
13.445
13.426
13.408
13.39
13.371
13.353
13.334
13.316
13.297
13.279
13.26
13.242
13.223
13.205
13.187
13.168
13.15
13.131
13.113
13.094
13.076
13.057
13.039
13.02
13.002
12.983
12.965
12.946
12.928
12.909
12.891
12.872
12.854
12.836
12.817
12.799
12.78
12.762
12.743
12.725
12.706
12.688
12.669
12.651
12.632
12.614
12.595
12.577
12.558
12.54
12.521
12.503
12.484
12.466
12.447
12.429
12.41
12.392
12.373
12.354
12.336
12.317
12.299
12.28
12.262
12.243
12.225
12.206
12.188
12.169
12.151
12.132
12.114
12.095
12.077
12.058
12.04
12.021
12.003
11.984
11.966
11.947
11.929
11.91
11.892
11.873
11.855
11.836
11.818
11.799
11.781
11.762
11.744
11.725
11.707
11.688
11.67
11.651
11.633
11.614
11.596
11.577
11.559
11.54
11.522
11.503
11.485
11.466
11.448
11.429
11.411
11.392
11.374
11.355
11.337
11.318
11.3
11.281
11.263
11.244
11.226
11.207
11.189
11.17
11.152
11.133
11.115
11.096
11.078
11.06
11.041
11.023
11.004
10.986
10.967
10.949
10.93
10.912
10.893
10.875
10.856
10.838
10.82
10.801
10.783
10.764
10.746
10.727
10.709
10.691
10.672
10.654
10.635
10.617
10.598
10.58
10.562
10.543
10.525
10.506
10.488
10.47
10.451
10.433
10.414
10.396
10.378
10.359
10.341
10.322
10.304
10.286
10.267
10.249
10.23
10.212
10.194
10.175
10.157
10.139
10.12
10.102
10.084
10.065
10.047
10.029
10.01
9.992
9.974
9.955
9.937
9.919
9.9
9.882
9.864
9.845
9.827
9.809
9.791
9.772
9.754
9.736
9.717
9.699
9.681
9.663
9.644
9.626
9.608
9.59
9.571
9.553
9.535
9.517
9.498
9.48
9.462
9.444
9.425
9.407
9.389
9.371
9.353
9.334
9.316
9.298
9.28
9.262
9.243
9.225
9.207
9.189
9.171
9.153
9.134
9.116
9.098
9.08
9.062
9.044
9.026
9.008
8.989
8.971
8.953
8.935
8.917
8.899
8.881
8.863
8.845
8.827
8.809
8.79
8.772
8.754
8.736
8.718
8.7
8.682
8.664
8.646
8.628
8.61
8.592
8.574
8.556
8.538
8.52
8.502
8.484
8.466
8.448
8.43
8.412
8.394
8.377
8.359
8.341
8.323
8.305
8.287
8.269
8.251
8.233
8.215
8.197
8.18
8.162
8.144
8.126
8.108
8.09
8.072
8.055
8.037
8.019
8.001
7.983
7.966
7.948
7.93
7.912
7.894
7.877
7.859
7.841
7.823
7.806
7.788
7.77
7.752
7.735
7.717
7.699
7.682
7.664
7.646
7.629
7.611
7.593
7.576
7.558
7.54
7.523
7.505
7.487
7.47
7.452
7.435
7.417
7.399
7.382
7.364
7.347
7.329
7.312
7.294
7.277
7.259
7.242
7.224
7.207
7.189
7.172
7.154
7.137
7.119
7.102
7.084
7.067
7.049
7.032
7.014
6.997
6.98
6.962
6.945
6.927
6.91
6.893
6.875
6.858
6.841
6.823
6.806
6.789
6.771
6.754
6.737
6.72
6.702
6.685
6.668
6.651
6.633
6.616
6.599
6.582
6.564
6.547
6.53
6.513
6.496
6.478
6.461
6.444
6.427
6.41
6.393
6.376
6.359
6.341
6.324
6.307
6.29
6.273
6.256
6.239
6.222
6.205
6.188
6.171
6.154
6.137
6.12
6.103
6.086
6.069
6.052
6.035
6.018
6.002
5.985
5.968
5.951
5.934
5.917
5.9
5.883
5.867
5.85
5.833
5.816
5.799
5.783
5.766
5.749
5.732
5.716
5.699
5.682
5.665
5.649
5.632
5.615
5.599
5.582
5.565
5.549
5.532
5.515
5.499
5.482
5.466
5.449
5.432
5.416
5.399
5.383
5.366
5.35
5.333
5.317
5.3
5.284
5.267
5.251
5.234
5.218
5.202
5.185
5.169
5.152
5.136
5.12
5.103
5.087
5.071
5.054
5.038
5.022
5.005
4.989
4.973
4.956
4.94
4.924
4.908
4.892
4.875
4.859
4.843
4.827
4.811
4.795
4.778
4.762
4.746
4.73
4.714
4.698
4.682
4.666
4.65
4.634
4.618
4.602
4.586
4.57
4.554
4.538
4.522
4.506
4.49
4.474
4.458
4.442
4.426
4.411
4.395
4.379
4.363
4.347
4.331
4.316
4.3
4.284
4.268
4.253
4.237
4.221
4.206
4.19
4.174
4.158
4.143
4.127
4.112
4.096
4.08
4.065
4.049
4.034
4.018
4.003
3.987
3.972
3.956
3.941
3.925
3.91
3.894
3.879
3.863
3.848
3.833
3.817
3.802
3.786
3.771
3.756
3.74
3.725
3.71
3.695
3.679
3.664
3.649
3.634
3.618
3.603
3.588
3.573
3.558
3.543
3.528
3.512
3.497
3.482
3.467
3.452
3.437
3.422
3.407
3.392
3.377
3.362
3.347
3.332
3.317
3.302
3.287
3.273
3.258
3.243
3.228
3.213
3.198
3.184
3.169
3.154
3.139
3.125
3.11
3.095
3.08
3.066
3.051
3.036
3.022
3.007
2.993
2.978
2.963
2.949
2.934
2.92
2.905
2.891
2.876
2.862
2.847
2.833
2.818
2.804
2.79
2.775
2.761
2.747
2.732
2.718
2.704
2.689
2.675
2.661
2.646
2.632
2.618
2.604
2.59
2.575
2.561
2.547
2.533
2.519
2.505
2.491
2.477
2.463
2.449
2.435
2.421
2.407
2.393
2.379
2.365
2.351
2.337
2.323
2.309
2.295
2.282
2.268
2.254
2.24
2.226
2.213
2.199
2.185
2.172
2.158
2.144
2.131
2.117
2.103
2.09
2.076
2.063
2.049
2.035
2.022
2.008
1.995
1.981
1.968
1.955
1.941
1.928
1.914
1.901
1.888
1.874
1.861
1.848
1.834
1.821
1.808
1.795
1.781
1.768
1.755
1.742
1.729
1.716
1.702
1.689
1.676
1.663
1.65
1.637
1.624
1.611
1.598
1.585
1.572
1.559
1.546
1.534
1.521
1.508
1.495
1.482
1.469
1.457
1.444
1.431
1.418
1.406
1.393
1.38
1.368
1.355
1.342
1.33
1.317
1.305
1.292
1.28
1.267
1.255
1.242
1.23
1.217
1.205
1.192
1.18
1.168
1.155
1.143
1.131
1.118
1.106
1.094
1.082
1.07
1.057
1.045
1.033
1.021
1.009
0.997
0.985
0.973
0.961
0.948
0.936
0.925
0.913
0.901
0.889
0.877
0.865
0.853
0.841
0.829
0.818
0.806
0.794
0.782
0.77
0.759
0.747
0.735
0.724
0.712
0.701
0.689
0.677
0.666
0.654
0.643
0.631
0.62
0.608
0.597
0.585
0.574
0.563
0.551
0.54
0.529
0.517
0.506
0.495
0.484
0.472
0.461
0.45
0.439
0.428
0.417
0.406
0.394
0.383
0.372
0.361
0.35
0.339
0.328
0.317
0.307
0.296
0.285
0.274
0.263
0.252
0.242
0.231
0.22
0.209
0.199
0.188
0.177
0.167
0.156
0.145
0.135
0.124
0.114
0.103
0.093
0.082
0.072
0.061
0.051
0.041
0.03
0.02
0.01
-0.001
-0.011
-0.021
-0.031
-0.042
-0.052
-0.062
-0.072
-0.082
-0.092
-0.103
-0.113
-0.123
-0.133
-0.143
-0.153
-0.163
-0.173
-0.182
-0.192
-0.202
-0.212
-0.222
-0.232
-0.241
-0.251
-0.261
-0.271
-0.28
-0.29
-0.3
-0.309
-0.319
-0.328
-0.338
-0.348
-0.357
-0.367
-0.376
-0.385
-0.395
-0.404
-0.414
-0.423
-0.432
-0.442
-0.451
-0.46
-0.469
-0.479
-0.488
-0.497
-0.506
-0.515
-0.524
-0.533
-0.543
-0.552
-0.561
-0.57
-0.579
-0.587
-0.596
-0.605
-0.614
-0.623
-0.632
-0.641
-0.649
-0.658
-0.667
-0.676
-0.684
-0.693
-0.702
-0.71
-0.719
-0.727
-0.736
-0.744
-0.753
-0.761
-0.77
-0.778
-0.787
-0.795
-0.803
-0.812
-0.82
-0.828
-0.837
-0.845
-0.853
-0.861
-0.869
-0.878
-0.886
-0.894
-0.902
-0.91
-0.918
-0.926
-0.934
-0.942
-0.95
-0.958
-0.965
-0.973
-0.981
-0.989
-0.997
-1.004
-1.012
-1.02
-1.028
-1.035
-1.043
-1.05
-1.058
-1.066
-1.073
-1.081
-1.088
-1.096
-1.103
-1.11
-1.118
-1.125
-1.132
-1.14
-1.147
-1.154
-1.161
-1.169
-1.176
-1.183
-1.19
-1.197
-1.204
-1.211
-1.218
-1.225
-1.232
-1.239
-1.246
-1.253
-1.26
-1.267
-1.274
-1.281
-1.287
-1.294
-1.301
-1.307
-1.314
-1.321
-1.327
-1.334
-1.341
-1.347
-1.354
-1.36
-1.367
-1.373
-1.379
-1.386
-1.392
-1.398
-1.405
-1.411
-1.417
-1.424
-1.43
-1.436
-1.442
-1.448
-1.454
-1.46
-1.466
-1.472
-1.478
-1.484
-1.49
-1.496
-1.502
-1.508
-1.514
-1.52
-1.525
-1.531
-1.537
-1.543
-1.548
-1.554
-1.56
-1.565
-1.571
-1.576
-1.582
-1.587
-1.593
-1.598
-1.604
-1.609
-1.614
-1.62
-1.625
-1.63
-1.635
-1.641
-1.646
-1.651
-1.656
-1.661
-1.666
-1.671
-1.676
-1.681
-1.686
-1.691
-1.696
-1.701
-1.706
-1.711
-1.715
-1.72
-1.725
-1.73
-1.734
-1.739
-1.744
-1.748
-1.753
-1.757
-1.762
-1.766
-1.771
-1.775
-1.78
-1.784
-1.788
-1.793
-1.797
-1.801
-1.806
-1.81
-1.814
-1.818
-1.822
-1.826
-1.83
-1.835
-1.839
-1.843
-1.846
-1.85
-1.854
-1.858
-1.862
-1.866
-1.87
-1.873
-1.877
-1.881
-1.884
-1.888
-1.892
-1.895
-1.899
-1.902
-1.906
-1.909
-1.913
-1.916
-1.92
-1.923
-1.926
-1.93
-1.933
-1.936
-1.939
-1.942
-1.946
-1.949
-1.952
-1.955
-1.958
-1.961
-1.964
-1.967
-1.97
-1.973
-1.975
-1.978
-1.981
-1.984
-1.987
-1.989
-1.992
-1.995
-1.997
-2.0
-2.002
-2.005
-2.007
-2.01
-2.012
-2.015
-2.017
-2.019
-2.022
-2.024
-2.026
-2.029
-2.031
-2.033
-2.035
-2.037
-2.039
-2.041
-2.043
-2.045
-2.047
-2.049
-2.051
-2.053
-2.055
-2.057
-2.058
-2.06
-2.062
-2.063
-2.065
-2.067
-2.068
-2.07
-2.071
-2.073
-2.074
-2.076
-2.077
-2.078
-2.08
-2.081
-2.082
-2.084
-2.085
-2.086
-2.087
-2.088
-2.089
-2.09
-2.092
-2.093
-2.093
-2.094
-2.095
-2.096
-2.097
-2.098
-2.099
-2.099
-2.1
-2.101
-2.101
-2.102
-2.103
-2.103
-2.104
-2.104
-2.105
-2.105
-2.105
-2.106
-2.106
-2.106
-2.107
-2.107
-2.107
-2.107
-2.108
-2.108
-2.108
-2.108
-2.108
-2.108
-2.108
-2.108
-2.107
-2.107
-2.107
-2.107
-2.107
-2.106
-2.106
-2.106
-2.105
-2.105
-2.105
-2.104
-2.104
-2.103
-2.102
-2.102
-2.101
-2.101
-2.1
-2.099
-2.098
-2.098
-2.097
-2.096
-2.095
-2.094
-2.093
-2.092
-2.091
-2.09
-2.089
-2.088
-2.087
-2.085
-2.084
-2.083
-2.082
-2.08
-2.079
-2.078
-2.076
-2.075
-2.073
-2.072
-2.07
-2.068
-2.067
-2.065
-2.063
-2.062
-2.06
-2.058
-2.056
-2.055
-2.053
-2.051
-2.049
-2.047
-2.045
-2.043
-2.041
-2.038
-2.036
-2.034
-2.032
-2.029
-2.027
-2.025
-2.022
-2.02
-2.018
-2.015
-2.013
-2.01
-2.008
-2.005
-2.002
-2.0
-1.997
-1.994
-1.991
-1.988
-1.986
-1.983
-1.98
-1.977
-1.974
-1.971
-1.968
-1.965
-1.962
-1.958
-1.955
-1.952
-1.949
-1.945
-1.942
-1.939
-1.935
-1.932
-1.928
-1.925
-1.921
-1.918
-1.914
-1.91
-1.907
-1.903
-1.899
-1.895
-1.892
-1.888
-1.884
-1.88
-1.876
-1.872
-1.868
-1.864
-1.86
-1.855
-1.851
-1.847
-1.843
-1.838
-1.834
-1.83
-1.825
-1.821
-1.816
-1.812
-1.807
-1.803
-1.798
-1.794
-1.789
-1.784
-1.779
-1.775
-1.77
-1.765
-1.76
-1.755
-1.75
-1.745
-1.74
-1.735
-1.73
-1.725
-1.719
-1.714
-1.709
-1.704
-1.698
-1.693
-1.687
-1.682
-1.677
-1.671
-1.665
-1.66
-1.654
-1.649
-1.643
-1.637
-1.631
-1.625
-1.62
-1.614
-1.608
-1.602
-1.596
-1.59
-1.584
-1.578
-1.571
-1.565
-1.559
-1.553
-1.546
-1.54
-1.534
-1.527
-1.521
-1.514
-1.508
-1.501
-1.495
-1.488
-1.481
-1.475
-1.468
-1.461
-1.454
-1.447
-1.441
-1.434
-1.427
-1.42
-1.413
-1.406
-1.398
-1.391
-1.384
-1.377
-1.369
-1.362
-1.355
-1.347
-1.34
-1.333
-1.325
-1.317
-1.31
-1.302
-1.295
-1.287
-1.279
-1.271
-1.264
-1.256
-1.248
-1.24
-1.232
-1.224
-1.216
-1.208
-1.2
-1.192
-1.183
-1.175
-1.167
-1.159
-1.15
-1.142
-1.133
-1.125
-1.116
-1.108
-1.099
-1.091
-1.082
-1.073
-1.064
-1.056
-1.047
-1.038
-1.029
-1.02
-1.011
-1.002
-0.993
-0.984
-0.975
-0.966
-0.957
-0.947
-0.938
-0.929
-0.919
-0.91
-0.9
-0.891
-0.881
-0.872
-0.862
-0.853
-0.843
-0.833
-0.823
-0.814
-0.804
-0.794
-0.784
-0.774
-0.764
-0.754
-0.744
-0.734
-0.724
-0.713
-0.703
-0.693
-0.683
-0.672
-0.662
-0.651
-0.641
-0.63
-0.62
-0.609
-0.598
-0.588
-0.577
-0.566
-0.555
-0.545
-0.534
-0.523
-0.512
-0.501
-0.49
-0.479
-0.468
-0.456
-0.445
-0.434
-0.423
-0.411
-0.4
-0.388
-0.377
-0.365
-0.354
-0.342
-0.331
-0.319
-0.307
-0.296
-0.284
-0.272
-0.26
-0.248
-0.236
-0.224
-0.212
-0.2
-0.188
-0.176
-0.164
-0.151
-0.139
-0.127
-0.114
-0.102
-0.09
-0.077
-0.065
-0.052
-0.039
-0.027
-0.014
-0.001
0.012
0.024
0.037
0.05
0.063
0.076
0.089
0.102
0.115
0.128
0.142
0.155
0.168
0.182
0.195
0.208
0.222
0.235
0.249
0.262
0.276
0.29
0.303
0.317
0.331
0.345
0.359
0.373
0.387
0.401
0.415
0.429
0.443
0.457
0.471
0.486
0.5
0.514
0.529
0.543
0.558
0.572
0.587
0.601
0.616
0.631
0.645
0.66
0.675
0.69
0.705
0.72
0.735
0.75
0.765
0.78
0.795
0.81
0.826
0.841
0.856
0.872
0.887
0.902
0.918
0.934
0.949
0.965
0.98
0.996
1.012
1.028
1.044
1.06
1.076
1.092
1.108
1.124
1.14
1.156
1.172
1.188
1.205
1.221
1.238
1.254
1.27
1.287
1.304
1.32
1.337
1.354
1.37
1.387
1.404
1.421
1.438
1.455
1.472
1.489
1.506
1.523
1.54
1.557
1.575
1.592
1.609
1.627
1.644
1.662
1.679
1.697
1.715
1.732
1.75
1.768
1.786
1.804
1.821
1.839
1.857
1.875
1.894
1.912
1.93
1.948
1.966
1.985
2.003
2.022
2.04
2.058
2.077
2.096
2.114
2.133
2.152
2.17
2.189
2.208
2.227
2.246
2.265
2.284
2.303
2.322
2.342
2.361
2.38
2.399
2.419
2.438
2.458
2.477
2.497
2.516
2.536
2.556
2.575
2.595
2.615
2.635
2.655
2.675
2.695
2.715
2.735
2.755
2.775
2.796
2.816
2.836
2.857
2.877
2.898
2.918
2.939
2.959
2.98
3.001
3.021
3.042
3.063
3.084
3.105
3.126
3.147
3.168
3.189
3.21
3.232
3.253
3.274
3.296
3.317
3.339
3.36
3.382
3.403
3.425
3.447
3.468
3.49
3.512
3.534
3.556
3.578
3.6
3.622
3.644
3.666
3.689
3.711
3.733
3.756
3.778
3.8
3.823
3.845
3.868
3.891
3.913
3.936
3.959
3.982
4.005
4.028
4.051
4.074
4.097
4.12
4.143
4.166
4.19
4.213
4.236
4.26
4.283
4.307
4.33
4.354
4.378
4.402
4.425
4.449
4.473
4.497
4.521
4.545
4.569
4.593
4.617
4.641
4.666
4.69
4.714
4.739
4.763
4.788
4.812
4.837
4.862
4.886
4.911
4.936
4.961
4.986
5.01
5.035
5.061
5.086
5.111
5.136
5.161
5.187
5.212
5.237
5.263
5.288
5.314
5.339
5.365
5.391
5.416
5.442
5.468
5.494
5.52
5.546
5.572
5.598
5.624
5.65
5.677
5.703
5.729
5.756
5.782
5.808
5.835
5.862
5.888
5.915
5.942
5.968
5.995
6.022
6.049
6.076
6.103
6.13
6.157
6.185
6.212
6.239
6.266
6.294
6.321
6.349
6.376
6.404
6.432
6.459
6.487
6.515
6.543
6.571
6.599
6.627
6.655
6.683
6.711
6.739
6.767
6.796
6.824
6.852
6.881
6.909
6.938
6.967
6.995
7.024
7.053
7.082
7.111
7.139
7.168
7.197
7.227
7.256
7.285
7.314
7.343
7.373
7.402
7.432
7.461
7.491
7.52
7.55
7.58
7.609
7.639
7.669
7.699
7.729
7.759
7.789
7.819
7.849
7.879
7.91
7.94
7.97
8.001
8.031
8.062
8.092
8.123
8.154
8.185
8.215
8.246
8.277
8.308
8.339
8.37
8.401
8.432
8.464
8.495
8.526
8.558
8.589
8.621
8.652
8.684
8.715
8.747
8.779
8.811
8.842
8.874
8.906
8.938
8.97
9.003
9.035
9.067
9.099
9.132
9.164
9.196
9.229
9.261
9.294
9.327
9.359
9.392
9.425
9.458
9.491
9.524
9.557
9.59
9.623
9.656
9.689
9.723
9.756
9.789
9.823
9.856
9.89
9.924
9.957
9.991
10.025
10.059
10.093
10.126
10.16
10.195
10.229
10.263
10.297
10.331
10.366
10.4
10.434
10.469
10.503
10.538
10.573
10.607
10.642
10.677
10.712
10.747
10.782
10.817
10.852
10.887
10.922
10.958
10.993
11.028
11.064
11.099
11.135
11.17
11.206
11.242
11.277
11.313
11.349
11.385
11.421
11.457
11.493
11.529
11.565
11.601
11.638
11.674
11.711
11.747
11.784
11.82
11.857
11.893
11.93
11.967
12.004
12.041
12.078
12.115
12.152
12.189
12.226
12.263
12.301
12.338
12.375
12.413
12.45
12.488
12.526
12.563
12.601
12.639
12.677
12.715
12.753
12.791
12.829
12.867
12.905
12.943
12.982
13.02
13.058
13.097
13.135
13.174
13.213
13.251
13.29
13.329
13.368
13.407
13.446
13.485
13.524
13.563
13.602
13.642
13.681
13.72
13.76
13.799
13.839
13.878
13.918
13.958
13.998
14.037
14.077
14.117
14.157
14.197
14.238
14.278
14.318
14.358
14.399
14.439
14.48
14.52
14.561
14.601
14.642
14.683
14.724
14.764
14.805
14.846
14.887
14.929
14.97
15.011
15.052
15.094
15.135
15.176
15.218
15.259
15.301
15.343
15.385
15.426
15.468
15.51
15.552
15.594
15.636
15.678
15.721
15.763
15.805
15.848
15.89
15.932
15.975
16.018
16.06
16.103
16.146
16.189
16.232
16.275
16.318
16.361
16.404
16.447
16.49
16.534
16.577
16.62
16.664
16.707
16.751
16.795
16.838
16.882
16.926
16.97
17.014
17.058
17.102
17.146
17.19
17.235
17.279
17.323
17.368
17.412
17.457
17.502
17.546
17.591
17.636
17.681
17.726
17.771
17.816
17.861
17.906
17.951
17.996
18.042
18.087
18.132
18.178
18.224
18.269
18.315
18.361
18.406
18.452
18.498
18.544
18.59
18.636
18.683
18.729
18.775
18.821
18.868
18.914
18.961
19.008
19.054
19.101
19.148
19.195
19.241
19.288
19.335
19.382
19.43
19.477
19.524
19.571
19.619
19.666
19.714
19.761
19.809
19.857
19.904
19.952
20.0
