0.0
0.25
0.5
0.512
0.524
0.536
0.548
0.56
0.573
0.585
0.597
0.609
0.621
0.633
0.645
0.657
0.669
0.681
0.694
0.706
0.718
0.73
0.742
0.754
0.766
0.778
0.79
0.802
0.815
0.827
0.839
0.851
0.863
0.875
0.862
0.849
0.836
0.823
0.81
0.797
0.784
0.772
0.759
0.746
0.733
0.72
0.707
0.694
0.681
0.668
0.655
0.642
0.629
0.616
0.603
0.591
0.578
0.565
0.552
0.539
0.526
0.513
0.5
0.495
0.489
0.484
0.478
0.473
0.468
0.462
0.457
0.452
0.446
0.441
0.435
0.43
0.425
0.419
0.414
0.409
0.403
0.398
0.392
0.387
0.382
0.376
0.371
0.366
0.36
0.355
0.349
0.344
0.339
0.333
0.342
0.351
0.36
0.368
0.377
0.386
0.395
0.404
0.412
0.421
0.43
0.439
0.447
0.456
0.465
0.474
0.482
0.491
0.5
0.5
0.5
0.5
0.5
0.5
0.5
0.5
0.5
0.5
0.5
0.5
0.5
0.5
0.5
0.5
0.5
0.5
0.5
0.5
0.5
0.5
0.5
0.5
0.5
0.5
0.5
0.5
0.5
0.5
0.5
0.5
0.5
0.5
0.5
0.5
0.5
0.5
0.5
0.5
0.5
0.5
0.5
0.5
0.5
0.5
0.485
0.47
0.455
0.439
0.424
0.409
0.394
0.379
0.364
0.348
0.333
0.318
0.303
0.288
0.273
0.258
0.242
0.227
0.212
0.197
0.182
0.167
0.152
0.136
0.121
0.106
0.091
0.108
0.126
0.143
0.161
0.178
0.196
0.213
0.231
0.248
0.266
0.283
0.301
0.318
0.336
0.353
0.371
0.388
0.406
0.423
0.441
0.458
0.476
0.493
0.51
0.528
0.545
0.545
0.545
0.544
0.544
0.543
0.543
0.542
0.542
0.541
0.541
0.54
0.54
0.539
0.539
0.538
0.538
0.537
0.537
0.536
0.536
0.536
0.535
0.535
0.534
0.534
0.533
0.533
0.532
0.532
0.531
0.531
0.53
0.53
0.529
0.529
0.528
0.528
0.527
0.527
0.527
0.526
0.526
0.525
0.525
0.524
0.524
0.523
0.523
0.522
0.522
0.521
0.521
0.52
0.52
0.519
0.519
0.518
0.518
0.518
0.517
0.517
0.516
0.516
0.515
0.515
0.514
0.514
0.513
0.513
0.512
0.512
0.511
0.511
0.51
0.51
0.509
0.509
0.509
0.508
0.508
0.507
0.507
0.506
0.506
0.505
0.505
0.504
0.504
0.503
0.503
0.502
0.502
0.501
0.501
0.5
0.5
0.5
0.5
0.5
0.5
0.5
0.5
0.5
0.5
0.5
0.5
0.5
0.5
0.5
0.509
0.518
0.527
0.537
0.546
0.555
0.564
0.573
0.582
0.591
0.601
0.61
0.619
0.628
0.637
0.646
0.655
0.665
0.674
0.683
0.692
0.701
0.71
0.72
0.729
0.738
0.747
0.756
0.765
0.774
0.784
0.793
0.802
0.811
0.82
0.829
0.838
0.848
0.857
0.866
0.875
0.874
0.873
0.872
0.871
0.87
0.869
0.868
0.867
0.866
0.865
0.864
0.863
0.862
0.862
0.861
0.86
0.859
0.858
0.857
0.856
0.855
0.854
0.853
0.852
0.851
0.85
0.849
0.848
0.847
0.846
0.845
0.844
0.843
0.842
0.841
0.84
0.839
0.838
0.837
0.836
0.836
0.835
0.834
0.833
0.832
0.831
0.83
0.829
0.828
0.827
0.826
0.825
0.824
0.823
0.822
0.821
0.82
0.819
0.818
0.817
0.816
0.815
0.814
0.813
0.812
0.811
0.811
0.81
0.809
0.808
0.807
0.806
0.805
0.804
0.803
0.802
0.801
0.8
0.799
0.798
0.797
0.796
0.795
0.794
0.793
0.792
0.791
0.79
0.789
0.788
0.787
0.786
0.785
0.785
0.784
0.783
0.782
0.781
0.78
0.779
0.778
0.775
0.772
0.769
0.767
0.764
0.761
0.758
0.756
0.753
0.75
0.747
0.745
0.742
0.739
0.736
0.734
0.731
0.728
0.725
0.723
0.72
0.717
0.714
0.708
0.702
0.696
0.69
0.684
0.678
0.671
0.665
0.659
0.653
0.647
0.641
0.635
0.629
0.622
0.616
0.61
0.604
0.598
0.592
0.586
0.58
0.573
0.567
0.561
0.555
0.549
0.543
0.537
0.531
0.524
0.518
0.512
0.506
0.5
0.503
0.506
0.509
0.512
0.515
0.518
0.521
0.524
0.526
0.529
0.532
0.535
0.538
0.541
0.544
0.547
0.55
0.553
0.556
0.559
0.562
0.565
0.568
0.571
0.574
0.576
0.579
0.582
0.585
0.588
0.591
0.594
0.597
0.6
0.599
0.598
0.597
0.596
0.595
0.594
0.592
0.591
0.59
0.589
0.588
0.587
0.586
0.585
0.584
0.583
0.582
0.581
0.58
0.578
0.577
0.576
0.575
0.574
0.573
0.572
0.571
0.57
0.569
0.568
0.567
0.566
0.565
0.563
0.562
0.561
0.56
0.559
0.558
0.557
0.556
0.555
0.554
0.553
0.552
0.551
0.549
0.548
0.547
0.546
0.545
0.544
0.543
0.542
0.541
0.54
0.539
0.538
0.537
0.535
0.534
0.533
0.532
0.531
0.53
0.529
0.528
0.527
0.526
0.525
0.524
0.523
0.522
0.52
0.519
0.518
0.517
0.516
0.515
0.514
0.513
0.512
0.511
0.51
0.509
0.508
0.506
0.505
0.504
0.503
0.502
0.501
0.5
0.5
0.5
0.5
0.5
0.5
0.5
0.5
0.5
0.5
0.5
0.5
0.5
0.5
0.5
0.5
0.5
0.5
0.5
0.5
0.5
0.5
0.5
0.5
0.5
0.5
0.5
0.5
0.5
0.5
0.5
0.5
0.5
0.5
0.5
0.5
0.5
0.5
0.5
0.5
0.5
0.5
0.5
0.5
0.5
0.5
0.5
0.5
0.5
0.5
0.5
0.5
0.5
0.5
0.5
0.5
0.5
0.5
0.5
0.5
0.5
0.5
0.5
0.5
0.5
0.5
0.5
0.5
0.5
0.502
0.504
0.506
0.508
0.51
0.512
0.514
0.516
0.518
0.52
0.522
0.524
0.525
0.527
0.529
0.531
0.533
0.535
0.537
0.539
0.541
0.543
0.545
0.547
0.549
0.551
0.553
0.555
0.557
0.559
0.561
0.563
0.565
0.567
0.569
0.571
0.573
0.575
0.576
0.578
0.58
0.582
0.584
0.586
0.588
0.59
0.592
0.594
0.596
0.598
0.6
0.607
0.613
0.62
0.627
0.634
0.64
0.647
0.654
0.66
0.667
0.674
0.68
0.687
0.694
0.701
0.707
0.714
0.721
0.727
0.734
0.741
0.748
0.754
0.761
0.768
0.774
0.781
0.788
0.795
0.801
0.808
0.815
0.821
0.828
0.835
0.841
0.848
0.855
0.862
0.868
0.875
0.859
0.842
0.826
0.81
0.793
0.777
0.761
0.745
0.728
0.712
0.696
0.679
0.663
0.647
0.63
0.614
0.598
0.582
0.565
0.549
0.533
0.516
0.5
0.503
0.506
0.508
0.511
0.514
0.517
0.519
0.522
0.525
0.528
0.53
0.533
0.536
0.539
0.541
0.544
0.547
0.55
0.552
0.555
0.558
0.561
0.563
0.566
0.569
0.572
0.574
0.577
0.58
0.583
0.585
0.588
0.591
0.594
0.596
0.599
0.602
0.605
0.607
0.61
0.613
0.616
0.618
0.621
0.624
0.627
0.629
0.632
0.635
0.638
0.64
0.643
0.646
0.649
0.651
0.654
0.657
0.66
0.662
0.665
0.668
0.671
0.673
0.676
0.679
0.682
0.684
0.687
0.69
0.693
0.695
0.698
0.701
0.704
0.706
0.709
0.712
0.715
0.717
0.72
0.723
0.726
0.728
0.731
0.734
0.737
0.739
0.742
0.745
0.748
0.75
0.753
0.756
0.759
0.761
0.764
0.767
0.77
0.772
0.775
0.778
0.781
0.783
0.786
0.789
0.792
0.794
0.797
0.8
0.793
0.787
0.78
0.773
0.767
0.76
0.753
0.747
0.74
0.733
0.727
0.72
0.713
0.707
0.7
0.693
0.687
0.68
0.673
0.667
0.66
0.653
0.647
0.64
0.633
0.627
0.62
0.613
0.607
0.6
0.593
0.587
0.58
0.573
0.567
0.56
0.553
0.547
0.54
0.533
0.527
0.52
0.513
0.507
0.5
0.504
0.507
0.511
0.514
0.518
0.522
0.525
0.529
0.532
0.536
0.54
0.543
0.547
0.55
0.554
0.558
0.561
0.565
0.569
0.572
0.576
0.579
0.583
0.587
0.59
0.594
0.597
0.601
0.605
0.608
0.612
0.615
0.619
0.623
0.626
0.63
0.633
0.637
0.641
0.644
0.648
0.651
0.655
0.659
0.662
0.666
0.669
0.673
0.677
0.68
0.684
0.688
0.691
0.695
0.698
0.702
0.706
0.709
0.713
0.716
0.72
0.724
0.727
0.731
0.734
0.738
0.742
0.745
0.749
0.752
0.756
0.76
0.763
0.767
0.77
0.774
0.778
0.781
0.785
0.788
0.792
0.796
0.799
0.803
0.806
0.81
0.814
0.817
0.821
0.825
0.828
0.832
0.835
0.839
0.843
0.846
0.85
0.853
0.857
0.861
0.864
0.868
0.871
0.875
0.854
0.833
0.812
0.792
0.771
0.75
0.729
0.708
0.688
0.667
0.646
0.625
0.604
0.583
0.562
0.542
0.521
0.5
0.479
0.458
0.437
0.417
0.396
0.375
0.354
0.333
0.367
0.4
0.433
0.467
0.5
0.533
0.567
0.6
0.633
0.667
0.663
0.66
0.656
0.653
0.65
0.646
0.643
0.639
0.636
0.633
0.629
0.626
0.622
0.619
0.616
0.612
0.609
0.605
0.602
0.599
0.595
0.592
0.588
0.585
0.581
0.578
0.575
0.571
0.568
0.564
0.561
0.558
0.554
0.551
0.547
0.544
0.541
0.537
0.534
0.53
0.527
0.524
0.52
0.517
0.513
0.51
0.506
0.503
0.5
0.496
0.493
0.489
0.486
0.483
0.479
0.476
0.472
0.469
0.466
0.462
0.459
0.455
0.452
0.449
0.445
0.442
0.438
0.435
0.431
0.428
0.425
0.421
0.418
0.414
0.411
0.408
0.404
0.401
0.397
0.394
0.391
0.387
0.384
0.38
0.377
0.374
0.37
0.367
0.363
0.36
0.357
0.353
0.35
0.346
0.343
0.339
0.336
0.333
0.329
0.326
0.322
0.319
0.316
0.312
0.309
0.305
0.302
0.299
0.295
0.292
0.288
0.285
0.282
0.278
0.275
0.271
0.268
0.264
0.261
0.258
0.254
0.251
0.247
0.244
0.241
0.237
0.234
0.23
0.227
0.224
0.22
0.217
0.213
0.21
0.207
0.203
0.2
0.196
0.193
0.19
0.186
0.183
0.179
0.176
0.172
0.169
0.166
0.162
0.159
0.155
0.152
0.149
0.145
0.142
0.138
0.135
0.132
0.128
0.125
0.121
0.118
0.115
0.111
0.116
0.122
0.127
0.132
0.137
0.143
0.148
0.153
0.159
0.164
0.169
0.174
0.18
0.185
0.19
0.195
0.201
0.206
0.211
0.216
0.222
0.227
0.232
0.238
0.243
0.248
0.253
0.259
0.264
0.269
0.274
0.28
0.285
0.29
0.295
0.301
0.306
0.311
0.317
0.322
0.327
0.332
0.338
0.343
0.348
0.353
0.359
0.364
0.369
0.375
0.38
0.385
0.39
0.396
0.401
0.406
0.411
0.417
0.422
0.427
0.432
0.438
0.443
0.448
0.454
0.459
0.464
0.469
0.475
0.48
0.485
0.49
0.496
0.501
0.506
0.511
0.517
0.522
0.527
0.533
0.538
0.543
0.548
0.554
0.559
0.564
0.569
0.575
0.58
0.585
0.591
0.596
0.601
0.606
0.612
0.617
0.622
0.627
0.633
0.638
0.643
0.648
0.654
0.659
0.664
0.67
0.675
0.68
0.685
0.691
0.696
0.701
0.706
0.712
0.717
0.722
0.727
0.733
0.738
0.743
0.749
0.754
0.759
0.764
0.77
0.775
0.78
0.785
0.791
0.796
0.801
0.807
0.812
0.817
0.822
0.828
0.833
0.838
0.843
0.849
0.854
0.859
0.864
0.87
0.875
0.869
0.864
0.858
0.852
0.847
0.841
0.835
0.83
0.824
0.818
0.812
0.807
0.801
0.795
0.79
0.784
0.778
0.773
0.767
0.761
0.756
0.75
0.744
0.739
0.733
0.727
0.722
0.716
0.71
0.705
0.699
0.693
0.688
0.682
0.676
0.67
0.665
0.659
0.653
0.648
0.642
0.636
0.631
0.625
0.619
0.614
0.608
0.602
0.597
0.591
0.585
0.58
0.574
0.568
0.562
0.557
0.551
0.545
0.54
0.534
0.528
0.523
0.517
0.511
0.506
0.5
0.501
0.502
0.503
0.504
0.505
0.506
0.507
0.508
0.509
0.51
0.511
0.511
0.512
0.513
0.514
0.515
0.516
0.517
0.518
0.519
0.52
0.521
0.522
0.523
0.524
0.525
0.526
0.527
0.528
0.529
0.53
0.531
0.532
0.533
0.534
0.534
0.535
0.536
0.537
0.538
0.539
0.54
0.541
0.542
0.543
0.544
0.545
0.546
0.547
0.548
0.549
0.55
0.551
0.552
0.553
0.554
0.555
0.556
0.557
0.557
0.558
0.559
0.56
0.561
0.562
0.563
0.564
0.565
0.566
0.567
0.568
0.569
0.57
0.571
0.572
0.573
0.574
0.575
0.576
0.577
0.578
0.579
0.58
0.58
0.581
0.582
0.583
0.579
0.576
0.572
0.568
0.564
0.56
0.556
0.552
0.548
0.545
0.541
0.537
0.533
0.529
0.525
0.521
0.518
0.514
0.51
0.506
0.502
0.498
0.494
0.49
0.487
0.483
0.479
0.475
0.471
0.467
0.463
0.459
0.456
0.452
0.448
0.444
0.44
0.436
0.432
0.428
0.425
0.421
0.417
0.413
0.409
0.405
0.401
0.397
0.394
0.39
0.386
0.382
0.378
0.374
0.37
0.366
0.363
0.359
0.355
0.351
0.347
0.343
0.339
0.336
0.332
0.328
0.324
0.32
0.316
0.312
0.308
0.305
0.301
0.297
0.293
0.289
0.285
0.281
0.277
0.274
0.27
0.266
0.262
0.258
0.254
0.25
0.246
0.243
0.239
0.235
0.231
0.227
0.223
0.219
0.215
0.212
0.208
0.204
0.2
0.203
0.207
0.21
0.213
0.216
0.22
0.223
0.226
0.229
0.233
0.236
0.239
0.242
0.246
0.249
0.252
0.255
0.259
0.262
0.265
0.268
0.272
0.275
0.278
0.281
0.285
0.288
0.291
0.294
0.298
0.301
0.304
0.307
0.311
0.314
0.317
0.32
0.324
0.327
0.33
0.333
0.359
0.385
0.41
0.436
0.462
0.487
0.513
0.538
0.564
0.59
0.615
0.641
0.667
0.667
0.667
0.667
0.667
0.667
0.667
0.667
0.667
0.667
0.667
0.667
0.667
0.667
0.667
0.667
0.667
0.667
0.667
0.667
0.667
0.667
0.667
0.667
0.667
0.667
0.667
0.667
0.667
0.667
0.667
0.667
0.667
0.667
0.667
0.667
0.667
0.667
0.667
0.667
0.667
0.667
0.667
0.667
0.667
0.667
0.667
0.667
0.667
0.667
0.667
0.667
0.667
0.667
0.667
0.667
0.667
0.667
0.667
0.667
0.667
0.667
0.667
0.667
0.667
0.667
0.667
0.667
0.667
0.667
0.667
0.667
0.667
0.667
0.667
0.667
0.667
0.667
0.667
0.667
0.667
0.667
0.667
0.667
0.667
0.667
0.667
0.667
0.667
0.667
0.667
0.667
0.667
0.667
0.667
0.667
0.667
0.667
0.667
0.667
0.667
0.667
0.667
0.667
0.667
0.667
0.667
0.667
0.667
0.667
0.667
0.667
0.667
0.667
0.667
0.667
0.667
0.667
0.667
0.667
0.667
0.667
0.667
0.667
0.667
0.667
0.667
0.667
0.667
0.667
0.667
0.667
0.667
0.667
0.667
0.667
0.667
0.667
0.667
0.667
0.667
0.667
0.667
0.667
0.667
0.667
0.667
0.667
0.667
0.667
0.667
0.667
0.667
0.667
0.667
0.667
0.667
0.667
0.667
0.667
0.667
0.667
0.667
0.667
0.667
0.667
0.667
0.667
0.667
0.667
0.667
0.667
0.667
0.667
0.667
0.667
0.667
0.667
0.667
0.667
0.667
0.667
0.667
0.667
0.667
0.667
0.667
0.667
0.667
0.667
0.667
0.667
0.667
0.667
0.667
0.667
0.667
0.667
0.667
0.667
0.667
0.667
0.667
0.667
0.667
0.667
0.667
0.667
0.667
0.667
0.667
0.667
0.667
0.667
0.667
0.667
0.667
0.667
0.667
0.667
0.667
0.667
0.667
0.667
0.667
0.667
0.667
0.667
0.667
0.667
0.667
0.667
0.667
0.667
0.667
0.667
0.667
0.667
0.667
0.667
0.667
0.667
0.667
0.667
0.667
0.667
0.667
0.667
0.667
0.667
0.667
0.667
0.667
0.667
0.667
0.667
0.667
0.667
0.667
0.667
0.667
0.667
0.667
0.662
0.658
0.654
0.649
0.645
0.64
0.636
0.632
0.627
0.623
0.618
0.614
0.61
0.605
0.601
0.596
0.592
0.588
0.583
0.579
0.575
0.57
0.566
0.561
0.557
0.553
0.548
0.544
0.539
0.535
0.531
0.526
0.522
0.518
0.513
0.509
0.504
0.5
0.496
0.491
0.487
0.482
0.478
0.474
0.469
0.465
0.461
0.456
0.452
0.447
0.443
0.439
0.434
0.43
0.425
0.421
0.417
0.412
0.408
0.404
0.399
0.395
0.39
0.386
0.382
0.377
0.373
0.368
0.364
0.36
0.355
0.351
0.346
0.342
0.338
0.333
0.367
0.4
0.433
0.467
0.5
0.533
0.567
0.6
0.633
0.667
0.672
0.677
0.682
0.687
0.692
0.697
0.702
0.707
0.712
0.717
0.723
0.728
0.733
0.738
0.743
0.748
0.753
0.758
0.763
0.768
0.773
0.778
0.784
0.789
0.794
0.799
0.804
0.809
0.814
0.819
0.824
0.829
0.834
0.839
0.845
0.85
0.855
0.86
0.865
0.87
0.875
0.858
0.841
0.824
0.807
0.79
0.773
0.756
0.739
0.722
0.705
0.688
0.67
0.653
0.636
0.619
0.602
0.585
0.568
0.551
0.534
0.517
0.5
0.5
0.5
0.5
0.5
0.5
0.5
0.5
0.5
0.5
0.5
0.5
0.5
0.5
0.5
0.5
0.5
0.5
0.5
0.5
0.5
0.5
0.5
0.5
0.5
0.5
0.5
0.5
0.5
0.5
0.5
0.5
0.5
0.5
0.5
0.5
0.5
0.5
0.523
0.545
0.568
0.591
0.614
0.636
0.659
0.682
0.705
0.727
0.75
0.748
0.746
0.744
0.742
0.74
0.738
0.736
0.734
0.732
0.73
0.728
0.726
0.724
0.722
0.72
0.718
0.716
0.714
0.712
0.71
0.708
0.706
0.704
0.702
0.7
0.698
0.696
0.694
0.692
0.69
0.688
0.687
0.685
0.683
0.681
0.679
0.677
0.675
0.673
0.671
0.669
0.667
0.665
0.663
0.661
0.659
0.657
0.655
0.653
0.651
0.649
0.647
0.645
0.643
0.641
0.639
0.637
0.635
0.633
0.631
0.629
0.627
0.625
0.623
0.621
0.619
0.617
0.615
0.613
0.611
0.609
0.607
0.605
0.603
0.601
0.599
0.597
0.595
0.593
0.591
0.589
0.587
0.585
0.583
0.581
0.579
0.577
0.575
0.573
0.571
0.569
0.567
0.565
0.563
0.562
0.56
0.558
0.556
0.554
0.552
0.55
0.548
0.546
0.544
0.542
0.54
0.538
0.536
0.534
0.532
0.53
0.528
0.526
0.524
0.522
0.52
0.518
0.516
0.514
0.512
0.51
0.508
0.506
0.504
0.502
0.5
0.5
0.5
0.5
0.5
0.5
0.5
0.5
0.5
0.5
0.5
0.5
0.5
0.5
0.5
0.5
0.5
0.5
0.5
0.5
0.5
0.5
0.5
0.5
0.5
0.5
0.5
0.5
0.5
0.5
0.5
0.5
0.5
0.5
0.5
0.5
0.5
0.5
0.5
0.5
0.5
0.5
0.5
0.5
0.5
0.5
0.5
0.5
0.5
0.5
0.5
0.5
0.5
0.5
0.5
0.5
0.5
0.5
0.5
0.5
0.5
0.5
0.5
0.5
0.5
0.5
0.5
0.5
0.5
0.5
0.5
0.5
0.5
0.5
0.5
0.5
0.5
0.5
0.5
0.5
0.5
0.5
0.5
0.5
0.5
0.5
0.5
0.5
0.5
0.5
0.5
0.5
0.5
0.5
0.5
0.5
0.5
0.5
0.5
0.5
0.5
0.5
0.5
0.5
0.5
0.5
0.5
0.5
0.5
0.5
0.5
0.5
0.5
0.5
0.5
0.5
0.5
0.5
0.5
0.5
0.5
0.5
0.5
0.5
0.5
0.5
0.5
0.5
0.5
0.5
0.5
0.5
0.5
0.5
0.5
0.5
0.5
0.5
0.5
0.5
0.5
0.5
0.5
0.5
0.5
0.5
0.5
0.5
0.498
0.495
0.493
0.49
0.488
0.485
0.483
0.48
0.478
0.475
0.473
0.471
0.468
0.466
0.463
0.461
0.458
0.456
0.453
0.451
0.449
0.446
0.444
0.441
0.439
0.436
0.434
0.431
0.429
0.426
0.424
0.422
0.419
0.417
0.414
0.412
0.409
0.407
0.404
0.402
0.4
0.397
0.395
0.392
0.39
0.387
0.385
0.382
0.38
0.377
0.375
0.373
0.37
0.368
0.365
0.363
0.36
0.358
0.355
0.353
0.35
0.348
0.346
0.343
0.341
0.338
0.336
0.333
0.367
0.4
0.433
0.467
0.5
0.533
0.567
0.6
0.633
0.667
0.67
0.673
0.676
0.679
0.681
0.684
0.687
0.69
0.693
0.696
0.699
0.702
0.705
0.708
0.711
0.714
0.717
0.72
0.723
0.726
0.729
0.732
0.735
0.738
0.741
0.744
0.747
0.75
0.753
0.756
0.759
0.761
0.764
0.767
0.77
0.773
0.776
0.779
0.782
0.785
0.788
0.791
0.794
0.797
0.8
0.787
0.773
0.76
0.747
0.733
0.72
0.707
0.693
0.68
0.667
0.653
0.64
0.627
0.613
0.6
0.587
0.573
0.56
0.547
0.533
0.52
0.507
0.493
0.48
0.467
0.453
0.44
0.427
0.413
0.4
0.433
0.467
0.5
0.533
0.567
0.6
0.633
0.667
0.7
0.733
0.767
0.8
0.795
0.79
0.786
0.781
0.776
0.771
0.767
0.762
0.757
0.752
0.748
0.743
0.738
0.733
0.729
0.724
0.719
0.714
0.71
0.705
0.7
0.695
0.69
0.686
0.681
0.676
0.671
0.667
0.662
0.657
0.652
0.648
0.643
0.638
0.633
0.629
0.624
0.619
0.614
0.61
0.605
0.6
0.595
0.59
0.586
0.581
0.576
0.571
0.567
0.562
0.557
0.552
0.548
0.543
0.538
0.533
0.529
0.524
0.519
0.514
0.51
0.505
0.5
0.508
0.515
0.523
0.531
0.538
0.546
0.554
0.562
0.569
0.577
0.585
0.592
0.6
0.608
0.615
0.623
0.631
0.638
0.646
0.654
0.662
0.669
0.677
0.685
0.692
0.7
0.708
0.715
0.723
0.731
0.738
0.746
0.754
0.762
0.769
0.777
0.785
0.792
0.8
0.8
0.8
0.8
0.8
0.8
0.8
0.8
0.8
0.8
0.8
0.8
0.8
0.8
0.8
0.8
0.8
0.8
0.8
0.8
0.8
0.8
0.8
0.8
0.8
0.8
0.8
0.8
0.8
0.8
0.8
0.8
0.8
0.8
0.8
0.8
0.8
0.8
0.8
0.8
0.8
0.8
0.8
0.8
0.8
0.8
0.8
0.8
0.8
0.8
0.8
0.8
0.8
0.8
0.8
0.8
0.8
0.8
0.8
0.8
0.8
0.8
0.8
0.8
0.8
0.8
0.794
0.788
0.782
0.776
0.771
0.765
0.759
0.753
0.747
0.741
0.735
0.729
0.724
0.718
0.712
0.706
0.7
0.694
0.688
0.682
0.676
0.671
0.665
0.659
0.653
0.647
0.641
0.635
0.629
0.624
0.618
0.612
0.606
0.6
0.594
0.588
0.582
0.576
0.571
0.565
0.559
0.553
0.547
0.541
0.535
0.529
0.524
0.518
0.512
0.506
0.5
0.5
0.5
0.5
0.5
0.5
0.5
0.5
0.5
0.5
0.5
0.5
0.5
0.5
0.5
0.5
0.5
0.5
0.5
0.5
0.5
0.5
0.5
0.5
0.5
0.494
0.489
0.483
0.478
0.472
0.467
0.461
0.456
0.45
0.444
0.439
0.433
0.428
0.422
0.417
0.411
0.406
0.4
0.394
0.389
0.383
0.378
0.372
0.367
0.361
0.356
0.35
0.344
0.339
0.333
0.367
0.4
0.433
0.467
0.5
0.533
0.567
0.6
0.633
0.667
0.669
0.672
0.675
0.677
0.68
0.683
0.685
0.688
0.691
0.694
0.696
0.699
0.702
0.704
0.707
0.71
0.712
0.715
0.718
0.72
0.723
0.726
0.728
0.731
0.734
0.737
0.739
0.742
0.745
0.747
0.75
0.743
0.736
0.729
0.722
0.715
0.708
0.701
0.694
0.688
0.681
0.674
0.667
0.66
0.653
0.646
0.639
0.632
0.625
0.618
0.611
0.604
0.597
0.59
0.583
0.576
0.569
0.562
0.556
0.549
0.542
0.535
0.528
0.521
0.514
0.507
0.5
0.502
0.504
0.506
0.508
0.51
0.512
0.514
0.516
0.518
0.52
0.522
0.524
0.526
0.528
0.53
0.533
0.535
0.537
0.539
0.541
0.543
0.545
0.547
0.549
0.551
0.553
0.555
0.557
0.559
0.561
0.563
0.565
0.567
0.569
0.571
0.573
0.575
0.577
0.579
0.581
0.583
0.573
0.562
0.551
0.541
0.53
0.52
0.509
0.498
0.488
0.477
0.466
0.456
0.445
0.435
0.424
0.413
0.403
0.392
0.381
0.371
0.36
0.349
0.339
0.328
0.318
0.307
0.296
0.286
0.298
0.31
0.322
0.335
0.347
0.359
0.371
0.383
0.396
0.408
0.42
0.432
0.445
0.457
0.469
0.481
0.493
0.506
0.518
0.53
0.542
0.555
0.567
0.579
0.591
0.603
0.616
0.628
0.64
0.652
0.664
0.677
0.689
0.701
0.713
0.726
0.738
0.75
0.733
0.716
0.7
0.683
0.666
0.649
0.632
0.615
0.599
0.582
0.565
0.548
0.531
0.515
0.498
0.481
0.464
0.447
0.431
0.414
0.397
0.38
0.363
0.346
0.33
0.313
0.296
0.279
0.262
0.246
0.229
0.212
0.195
0.178
0.162
0.145
0.128
0.111
0.134
0.157
0.181
0.204
0.227
0.25
0.273
0.296
0.319
0.343
0.366
0.389
0.412
0.435
0.458
0.481
0.505
0.528
0.551
0.574
0.597
0.62
0.644
0.667
0.665
0.664
0.662
0.661
0.66
0.658
0.657
0.656
0.654
0.653
0.651
0.65
0.649
0.647
0.646
0.644
0.643
0.642
0.64
0.639
0.638
0.636
0.635
0.633
0.632
0.631
0.629
0.628
0.626
0.625
0.622
0.618
0.615
0.612
0.608
0.605
0.602
0.598
0.595
0.592
0.588
0.585
0.581
0.578
0.575
0.571
0.568
0.565
0.561
0.558
0.555
0.551
0.548
0.545
0.541
0.538
0.535
0.531
0.528
0.525
0.521
0.518
0.515
0.511
0.508
0.504
0.501
0.498
0.494
0.491
0.488
0.484
0.481
0.478
0.474
0.471
0.468
0.464
0.461
0.458
0.454
0.451
0.448
0.444
0.441
0.438
0.434
0.431
0.427
0.424
0.421
0.417
0.414
0.411
0.407
0.404
0.401
0.397
0.394
0.391
0.387
0.384
0.381
0.377
0.374
0.371
0.367
0.364
0.36
0.357
0.354
0.35
0.347
0.344
0.34
0.337
0.334
0.33
0.327
0.324
0.32
0.317
0.314
0.31
0.307
0.304
0.3
0.297
0.294
0.29
0.287
0.283
0.28
0.277
0.273
0.27
0.267
0.263
0.26
0.257
0.253
0.25
0.255
0.26
0.266
0.271
0.276
0.281
0.287
0.292
0.297
0.302
0.308
0.313
0.318
0.323
0.329
0.334
0.339
0.344
0.35
0.355
0.36
0.365
0.371
0.376
0.381
0.386
0.392
0.397
0.402
0.407
0.413
0.418
0.423
0.428
0.434
0.439
0.444
0.449
0.455
0.46
0.465
0.47
0.476
0.481
0.486
0.491
0.497
0.502
0.507
0.512
0.517
0.523
0.528
0.533
0.538
0.544
0.549
0.554
0.559
0.565
0.57
0.575
0.58
0.586
0.591
0.596
0.601
0.607
0.612
0.617
0.622
0.628
0.633
0.638
0.643
0.649
0.654
0.659
0.664
0.67
0.675
0.68
0.685
0.691
0.696
0.701
0.706
0.712
0.717
0.722
0.727
0.717
0.707
0.696
0.686
0.676
0.665
0.655
0.645
0.634
0.624
0.614
0.603
0.593
0.583
0.572
0.562
0.552
0.541
0.531
0.521
0.51
0.5
0.496
0.493
0.489
0.485
0.481
0.478
0.474
0.47
0.467
0.463
0.459
0.456
0.452
0.448
0.444
0.441
0.437
0.433
0.43
0.426
0.422
0.419
0.415
0.411
0.407
0.404
0.4
0.396
0.393
0.389
0.385
0.381
0.378
0.374
0.37
0.367
0.363
0.359
0.356
0.352
0.348
0.344
0.341
0.337
0.333
0.33
0.326
0.322
0.319
0.315
0.311
0.307
0.304
0.3
0.296
0.293
0.289
0.285
0.281
0.278
0.274
0.27
0.267
0.263
0.259
0.256
0.252
0.248
0.244
0.241
0.237
0.233
0.23
0.226
0.222
0.219
0.215
0.211
0.207
0.204
0.2
0.196
0.193
0.189
0.185
0.181
0.178
0.174
0.17
0.167
0.172
0.177
0.182
0.187
0.192
0.197
0.202
0.207
0.212
0.217
0.222
0.227
0.232
0.237
0.242
0.247
0.253
0.258
0.263
0.268
0.273
0.278
0.283
0.288
0.293
0.298
0.303
0.308
0.313
0.318
0.323
0.328
0.333
0.367
0.4
0.433
0.467
0.5
0.533
0.567
0.6
0.633
0.667
0.672
0.677
0.682
0.687
0.692
0.697
0.702
0.707
0.712
0.717
0.723
0.728
0.733
0.738
0.743
0.748
0.753
0.758
0.763
0.768
0.773
0.778
0.784
0.789
0.794
0.799
0.804
0.809
0.814
0.819
0.824
0.829
0.834
0.839
0.845
0.85
0.855
0.86
0.865
0.87
0.875
0.864
0.852
0.841
0.83
0.818
0.807
0.795
0.784
0.773
0.761
0.75
0.739
0.727
0.716
0.705
0.693
0.682
0.67
0.659
0.648
0.636
0.625
0.614
0.602
0.591
0.58
0.568
0.557
0.545
0.534
0.523
0.511
0.5
0.508
0.517
0.525
0.533
0.542
0.55
0.558
0.567
0.575
0.583
0.592
0.6
0.608
0.617
0.625
0.633
0.642
0.65
0.658
0.667
0.675
0.683
0.692
0.7
0.708
0.717
0.725
0.733
0.742
0.75
0.758
0.767
0.775
0.783
0.792
0.8
0.808
0.817
0.825
0.833
0.842
0.85
0.858
0.867
0.875
0.874
0.873
0.872
0.871
0.871
0.87
0.869
0.868
0.867
0.866
0.865
0.864
0.863
0.863
0.862
0.861
0.86
0.859
0.858
0.857
0.856
0.855
0.855
0.854
0.853
0.852
0.851
0.85
0.849
0.848
0.847
0.847
0.846
0.845
0.844
0.843
0.842
0.841
0.84
0.839
0.839
0.838
0.837
0.836
0.835
0.834
0.833
0.832
0.831
0.831
0.83
0.829
0.828
0.827
0.826
0.825
0.824
0.824
0.823
0.822
0.821
0.82
0.819
0.818
0.786
0.753
0.72
0.688
0.655
0.623
0.59
0.558
0.525
0.492
0.46
0.427
0.395
0.362
0.33
0.297
0.264
0.232
0.199
0.167
0.172
0.178
0.184
0.19
0.195
0.201
0.207
0.213
0.218
0.224
0.23
0.236
0.241
0.247
0.253
0.259
0.264
0.27
0.276
0.282
0.287
0.293
0.299
0.305
0.31
0.316
0.322
0.328
0.333
0.339
0.345
0.351
0.356
0.362
0.368
0.374
0.379
0.385
0.391
0.397
0.402
0.408
0.414
0.42
0.425
0.431
0.437
0.443
0.448
0.454
0.46
0.466
0.471
0.477
0.483
0.489
0.494
0.5
0.489
0.477
0.466
0.455
0.444
0.432
0.421
0.41
0.398
0.387
0.376
0.365
0.353
0.342
0.331
0.32
0.308
0.297
0.286
0.31
0.333
0.357
0.381
0.405
0.429
0.452
0.476
0.5
0.524
0.548
0.571
0.595
0.619
0.643
0.667
0.69
0.714
0.715
0.715
0.715
0.716
0.716
0.716
0.717
0.717
0.717
0.718
0.718
0.718
0.719
0.719
0.719
0.72
0.72
0.72
0.721
0.721
0.721
0.722
0.722
0.722
0.723
0.723
0.723
0.724
0.724
0.724
0.725
0.725
0.726
0.726
0.726
0.727
0.727
0.727
0.728
0.728
0.728
0.729
0.729
0.729
0.73
0.73
0.73
0.731
0.731
0.731
0.732
0.732
0.732
0.733
0.733
0.733
0.734
0.734
0.734
0.735
0.735
0.735
0.736
0.736
0.736
0.737
0.737
0.737
0.738
0.738
0.738
0.739
0.739
0.739
0.74
0.74
0.74
0.741
0.741
0.741
0.742
0.742
0.743
0.743
0.743
0.744
0.744
0.744
0.745
0.745
0.745
0.746
0.746
0.746
0.747
0.747
0.747
0.748
0.748
0.748
0.749
0.749
0.749
0.75
0.75
0.751
0.753
0.754
0.755
0.756
0.758
0.759
0.76
0.762
0.763
0.764
0.765
0.767
0.768
0.769
0.771
0.772
0.773
0.774
0.776
0.777
0.778
0.78
0.781
0.782
0.784
0.785
0.786
0.787
0.789
0.79
0.791
0.793
0.794
0.795
0.796
0.798
0.799
0.8
0.802
0.803
0.804
0.805
0.807
0.808
0.809
0.811
0.812
0.813
0.814
0.816
0.817
0.818
0.82
0.821
0.822
0.823
0.825
0.826
0.827
0.829
0.83
0.831
0.832
0.834
0.835
0.836
0.838
0.839
0.84
0.841
0.843
0.844
0.845
0.847
0.848
0.849
0.851
0.852
0.853
0.854
0.856
0.857
0.858
0.86
0.861
0.862
0.863
0.865
0.866
0.867
0.869
0.87
0.871
0.872
0.874
0.875
0.851
0.827
0.802
0.778
0.754
0.73
0.706
0.682
0.657
0.633
0.609
0.585
0.561
0.537
0.512
0.488
0.464
0.44
0.416
0.391
0.367
0.343
0.319
0.295
0.271
0.246
0.222
0.225
0.228
0.231
0.234
0.236
0.239
0.242
0.245
0.248
0.251
0.254
0.256
0.259
0.262
0.265
0.268
0.271
0.274
0.276
0.279
0.282
0.285
0.288
0.291
0.293
0.296
0.299
0.302
0.305
0.308
0.311
0.313
0.316
0.319
0.322
0.325
0.328
0.33
0.333
0.359
0.385
0.41
0.436
0.462
0.487
0.513
0.538
0.564
0.59
0.615
0.641
0.667
0.663
0.66
0.657
0.653
0.65
0.647
0.643
0.64
0.637
0.634
0.63
0.627
0.624
0.62
0.617
0.614
0.61
0.607
0.604
0.6
0.597
0.594
0.59
0.587
0.584
0.581
0.577
0.574
0.571
0.567
0.564
0.561
0.557
0.554
0.551
0.547
0.544
0.541
0.537
0.534
0.531
0.527
0.524
0.521
0.518
0.514
0.511
0.508
0.504
0.501
0.498
0.494
0.491
0.488
0.484
0.481
0.478
0.474
0.471
0.468
0.465
0.461
0.458
0.455
0.451
0.448
0.445
0.441
0.438
0.435
0.431
0.428
0.425
0.421
0.418
0.415
0.412
0.408
0.405
0.402
0.398
0.395
0.392
0.388
0.385
0.382
0.378
0.375
0.372
0.368
0.365
0.362
0.358
0.355
0.352
0.349
0.345
0.342
0.339
0.335
0.332
0.329
0.325
0.322
0.319
0.315
0.312
0.309
0.305
0.302
0.299
0.296
0.292
0.289
0.286
0.282
0.279
0.276
0.272
0.269
0.266
0.262
0.259
0.256
0.252
0.249
0.246
0.242
0.239
0.236
0.233
0.229
0.226
0.223
0.219
0.216
0.213
0.209
0.206
0.203
0.199
0.196
0.193
0.189
0.186
0.183
0.18
0.176
0.173
0.17
0.166
0.163
0.16
0.156
0.153
0.15
0.146
0.143
0.14
0.136
0.133
0.13
0.127
0.123
0.12
0.117
0.113
0.11
0.107
0.103
0.1
0.108
0.116
0.125
0.133
0.141
0.149
0.157
0.165
0.174
0.182
0.19
0.198
0.206
0.215
0.223
0.231
0.239
0.247
0.255
0.264
0.272
0.28
0.288
0.296
0.305
0.313
0.321
0.329
0.337
0.345
0.354
0.362
0.37
0.378
0.386
0.395
0.403
0.411
0.419
0.427
0.435
0.444
0.452
0.46
0.468
0.476
0.484
0.493
0.501
0.509
0.517
0.525
0.534
0.542
0.55
0.558
0.566
0.574
0.583
0.591
0.599
0.607
0.615
0.6
0.586
0.571
0.556
0.541
0.526
0.511
0.496
0.481
0.467
0.452
0.437
0.422
0.407
0.392
0.377
0.362
0.347
0.333
0.318
0.303
0.288
0.273
0.258
0.243
0.228
0.213
0.199
0.184
0.169
0.154
0.176
0.198
0.22
0.242
0.264
0.286
0.308
0.33
0.352
0.374
0.396
0.418
0.44
0.462
0.484
0.505
0.527
0.549
0.571
0.593
0.615
0.627
0.638
0.65
0.662
0.673
0.685
0.696
0.708
0.719
0.731
0.742
0.754
0.765
0.777
0.788
0.8
0.812
0.823
0.835
0.846
0.829
0.812
0.795
0.778
0.761
0.744
0.727
0.71
0.693
0.676
0.659
0.642
0.625
0.608
0.591
0.574
0.557
0.54
0.523
0.506
0.49
0.473
0.456
0.439
0.422
0.405
0.388
0.371
0.354
0.337
0.32
0.303
0.286
0.298
0.311
0.323
0.336
0.348
0.361
0.373
0.386
0.399
0.411
0.424
0.436
0.449
0.461
0.474
0.486
0.499
0.511
0.524
0.536
0.549
0.562
0.574
0.587
0.599
0.612
0.624
0.637
0.649
0.662
0.674
0.687
0.699
0.712
0.725
0.737
0.75
0.762
0.775
0.787
0.8
0.812
0.825
0.837
0.85
0.862
0.875
0.859
0.843
0.827
0.811
0.795
0.779
0.763
0.747
0.731
0.715
0.699
0.683
0.667
0.651
0.635
0.619
0.603
0.587
0.571
0.57
0.568
0.567
0.565
0.563
0.562
0.56
0.558
0.557
0.555
0.554
0.552
0.55
0.549
0.547
0.545
0.544
0.542
0.54
0.539
0.537
0.536
0.534
0.532
0.531
0.529
0.527
0.526
0.524
0.523
0.521
0.519
0.518
0.516
0.514
0.513
0.511
0.51
0.508
0.506
0.505
0.503
0.501
0.5
0.498
0.497
0.495
0.493
0.492
0.49
0.488
0.487
0.485
0.484
0.482
0.48
0.479
0.477
0.475
0.474
0.472
0.47
0.469
0.467
0.466
0.464
0.462
0.461
0.459
0.457
0.456
0.454
0.453
0.451
0.449
0.448
0.446
0.444
0.447
0.449
0.451
0.453
0.456
0.458
0.46
0.462
0.464
0.467
0.469
0.471
0.473
0.476
0.478
0.48
0.482
0.484
0.487
0.489
0.491
0.493
0.496
0.498
0.5
0.502
0.504
0.507
0.509
0.511
0.513
0.516
0.518
0.52
0.522
0.524
0.527
0.529
0.531
0.533
0.536
0.538
0.54
0.542
0.544
0.547
0.549
0.551
0.553
0.556
0.558
0.56
0.562
0.564
0.567
0.569
0.571
0.573
0.576
0.578
0.58
0.582
0.584
0.587
0.589
0.591
0.593
0.596
0.598
0.6
0.599
0.598
0.597
0.596
0.595
0.594
0.593
0.592
0.591
0.59
0.59
0.589
0.588
0.587
0.586
0.585
0.584
0.583
0.582
0.581
0.58
0.579
0.578
0.577
0.576
0.575
0.574
0.573
0.572
0.571
0.57
0.57
0.569
0.568
0.567
0.566
0.565
0.564
0.563
0.562
0.561
0.56
0.559
0.558
0.557
0.556
0.555
0.554
0.553
0.552
0.551
0.55
0.55
0.549
0.548
0.547
0.546
0.545
0.544
0.543
0.542
0.541
0.54
0.539
0.538
0.537
0.536
0.535
0.534
0.533
0.532
0.531
0.53
0.53
0.529
0.528
0.527
0.526
0.525
0.524
0.523
0.522
0.521
0.52
0.519
0.518
0.517
0.516
0.515
0.514
0.513
0.512
0.511
0.51
0.51
0.509
0.508
0.507
0.506
0.505
0.504
0.503
0.502
0.501
0.5
0.5
0.5
0.5
0.5
0.5
0.5
0.5
0.5
0.5
0.5
0.5
0.5
0.5
0.5
0.5
0.5
0.5
0.5
0.5
0.5
0.5
0.5
0.5
0.5
0.506
0.512
0.518
0.524
0.53
0.536
0.542
0.548
0.554
0.56
0.566
0.572
0.578
0.584
0.59
0.596
0.602
0.608
0.614
0.62
0.626
0.632
0.638
0.644
0.65
0.656
0.662
0.668
0.674
0.68
0.686
0.692
0.698
0.704
0.71
0.716
0.722
0.728
0.734
0.74
0.746
0.752
0.758
0.764
0.77
0.776
0.782
0.788
0.794
0.8
0.8
0.8
0.8
0.8
0.8
0.8
0.8
0.8
0.8
0.8
0.8
0.8
0.8
0.8
0.8
0.8
0.8
0.8
0.8
0.8
0.8
0.8
0.8
0.8
0.8
0.8
0.8
0.8
0.8
0.8
0.8
0.8
0.797
0.793
0.79
0.787
0.784
0.78
0.777
0.774
0.77
0.767
0.764
0.761
0.757
0.754
0.751
0.748
0.744
0.741
0.738
0.734
0.731
0.728
0.725
0.721
0.718
0.715
0.711
0.708
0.705
0.702
0.698
0.695
0.692
0.689
0.685
0.682
0.679
0.675
0.672
0.669
0.666
0.662
0.659
0.656
0.652
0.649
0.646
0.643
0.639
0.636
0.633
0.63
0.626
0.623
0.62
0.616
0.613
0.61
0.607
0.603
0.6
0.594
0.588
0.581
0.575
0.569
0.562
0.556
0.55
0.544
0.538
0.531
0.525
0.519
0.512
0.506
0.5
0.493
0.485
0.478
0.471
0.463
0.456
0.449
0.441
0.434
0.426
0.419
0.412
0.404
0.397
0.39
0.382
0.375
0.368
0.36
0.353
0.346
0.338
0.331
0.324
0.316
0.309
0.301
0.294
0.287
0.279
0.272
0.265
0.257
0.25
0.243
0.235
0.228
0.221
0.213
0.206
0.199
0.191
0.184
0.176
0.169
0.162
0.154
0.147
0.14
0.132
0.125
0.146
0.167
0.188
0.208
0.229
0.25
0.271
0.292
0.312
0.333
0.354
0.375
0.396
0.417
0.438
0.458
0.479
0.5
0.516
0.531
0.547
0.562
0.578
0.594
0.609
0.625
0.641
0.656
0.672
0.688
0.703
0.719
0.734
0.75
0.739
0.728
0.717
0.706
0.695
0.684
0.673
0.662
0.652
0.641
0.63
0.619
0.608
0.597
0.586
0.575
0.564
0.553
0.542
0.531
0.52
0.509
0.498
0.488
0.477
0.466
0.455
0.444
0.433
0.422
0.411
0.4
0.402
0.404
0.407
0.409
0.411
0.413
0.416
0.418
0.42
0.422
0.424
0.427
0.429
0.431
0.433
0.436
0.438
0.44
0.442
0.444
0.447
0.449
0.451
0.453
0.456
0.458
0.46
0.462
0.464
0.467
0.469
0.471
0.473
0.476
0.478
0.48
0.482
0.484
0.487
0.489
0.491
0.493
0.496
0.498
0.5
0.499
0.499
0.498
0.497
0.496
0.496
0.495
0.494
0.493
0.493
0.492
0.491
0.49
0.49
0.489
0.488
0.488
0.487
0.486
0.485
0.485
0.484
0.483
0.482
0.482
0.481
0.48
0.48
0.479
0.478
0.477
0.477
0.476
0.475
0.474
0.474
0.473
0.472
0.471
0.471
0.47
0.469
0.469
0.468
0.467
0.466
0.466
0.465
0.464
0.463
0.463
0.462
0.461
0.461
0.46
0.459
0.458
0.458
0.457
0.456
0.455
0.455
0.454
0.453
0.452
0.452
0.451
0.45
0.45
0.449
0.448
0.447
0.447
0.446
0.445
0.444
0.444
0.443
0.442
0.442
0.441
0.44
0.439
0.439
0.438
0.437
0.436
0.436
0.435
0.434
0.433
0.433
0.432
0.431
0.431
0.43
0.429
0.428
0.428
0.427
0.426
0.425
0.425
0.424
0.423
0.423
0.422
0.421
0.42
0.42
0.419
0.418
0.417
0.417
0.415
0.414
0.413
0.411
0.41
0.408
0.407
0.406
0.404
0.403
0.402
0.4
0.399
0.398
0.396
0.395
0.393
0.392
0.391
0.389
0.388
0.387
0.385
0.384
0.383
0.381
0.38
0.378
0.377
0.376
0.374
0.373
0.372
0.37
0.369
0.367
0.366
0.365
0.363
0.362
0.361
0.359
0.358
0.357
0.355
0.354
0.352
0.351
0.35
0.348
0.347
0.346
0.344
0.343
0.342
0.34
0.339
0.337
0.336
0.335
0.333
0.334
0.335
0.336
0.336
0.337
0.338
0.339
0.339
0.34
0.341
0.341
0.342
0.343
0.344
0.344
0.345
0.346
0.347
0.347
0.348
0.349
0.35
0.35
0.351
0.352
0.353
0.353
0.354
0.355
0.356
0.356
0.357
0.358
0.359
0.359
0.36
0.361
0.361
0.362
0.363
0.364
0.364
0.365
0.366
0.367
0.367
0.368
0.369
0.37
0.37
0.371
0.372
0.373
0.373
0.374
0.375
0.376
0.376
0.377
0.378
0.379
0.379
0.38
0.381
0.381
0.382
0.383
0.384
0.384
0.385
0.386
0.387
0.387
0.388
0.389
0.39
0.39
0.391
0.392
0.393
0.393
0.394
0.395
0.396
0.396
0.397
0.398
0.399
0.399
0.4
0.397
0.393
0.39
0.386
0.383
0.38
0.376
0.373
0.369
0.366
0.363
0.359
0.356
0.352
0.349
0.346
0.342
0.339
0.335
0.332
0.329
0.325
0.322
0.319
0.315
0.312
0.308
0.305
0.302
0.298
0.295
0.291
0.288
0.285
0.281
0.278
0.274
0.271
0.268
0.264
0.261
0.257
0.254
0.251
0.247
0.244
0.24
0.237
0.234
0.23
0.227
0.223
0.22
0.217
0.213
0.21
0.206
0.203
0.2
0.196
0.193
0.19
0.186
0.183
0.179
0.176
0.173
0.169
0.166
0.162
0.159
0.156
0.152
0.149
0.145
0.142
0.139
0.135
0.132
0.128
0.125
0.149
0.173
0.196
0.22
0.244
0.268
0.292
0.315
0.339
0.363
0.387
0.411
0.435
0.458
0.482
0.506
0.53
0.554
0.577
0.601
0.625
0.622
0.618
0.615
0.611
0.608
0.604
0.601
0.597
0.594
0.59
0.587
0.583
0.58
0.576
0.573
0.569
0.566
0.562
0.559
0.556
0.552
0.549
0.545
0.542
0.538
0.535
0.531
0.528
0.524
0.521
0.517
0.514
0.51
0.507
0.503
0.5
0.511
0.522
0.533
0.544
0.556
0.567
0.578
0.589
0.6
0.611
0.622
0.633
0.644
0.656
0.667
0.66
0.653
0.646
0.639
0.632
0.625
0.618
0.611
0.604
0.597
0.59
0.583
0.576
0.569
0.562
0.556
0.549
0.542
0.535
0.528
0.521
0.514
0.507
0.5
0.49
0.479
0.469
0.459
0.449
0.438
0.428
0.418
0.407
0.397
0.387
0.377
0.366
0.356
0.346
0.335
0.325
0.315
0.305
0.294
0.284
0.274
0.263
0.253
0.243
0.233
0.222
0.224
0.227
0.229
0.231
0.233
0.235
0.237
0.24
0.242
0.244
0.246
0.248
0.25
0.253
0.255
0.257
0.259
0.261
0.263
0.266
0.268
0.27
0.272
0.274
0.276
0.279
0.281
0.283
0.285
0.287
0.289
0.292
0.294
0.296
0.298
0.3
0.303
0.305
0.307
0.309
0.311
0.313
0.316
0.318
0.32
0.322
0.324
0.326
0.329
0.331
0.333
0.335
0.337
0.339
0.342
0.344
0.346
0.348
0.35
0.352
0.355
0.357
0.359
0.361
0.363
0.365
0.368
0.37
0.372
0.374
0.376
0.378
0.381
0.383
0.385
0.387
0.389
0.391
0.394
0.396
0.398
0.4
0.402
0.405
0.407
0.409
0.411
0.413
0.415
0.418
0.42
0.422
0.424
0.426
0.428
0.431
0.433
0.435
0.437
0.439
0.441
0.444
0.446
0.448
0.45
0.452
0.454
0.457
0.459
0.461
0.463
0.465
0.467
0.47
0.472
0.474
0.476
0.478
0.48
0.483
0.485
0.487
0.489
0.491
0.493
0.496
0.498
0.5
0.507
0.515
0.522
0.53
0.537
0.544
0.552
0.559
0.567
0.574
0.581
0.589
0.596
0.603
0.611
0.618
0.626
0.633
0.64
0.648
0.655
0.663
0.67
0.677
0.685
0.692
0.7
0.707
0.714
0.71
0.705
0.701
0.696
0.692
0.688
0.683
0.679
0.674
0.67
0.665
0.661
0.656
0.652
0.647
0.643
0.638
0.634
0.629
0.625
0.621
0.616
0.612
0.607
0.603
0.598
0.594
0.589
0.585
0.58
0.576
0.571
0.551
0.531
0.511
0.491
0.471
0.451
0.431
0.411
0.391
0.371
0.351
0.331
0.311
0.291
0.271
0.251
0.231
0.211
0.191
0.171
0.151
0.131
0.111
0.132
0.153
0.175
0.196
0.217
0.238
0.259
0.28
0.302
0.323
0.344
0.365
0.386
0.407
0.429
0.45
0.471
0.492
0.513
0.534
0.556
0.569
0.583
0.597
0.611
0.625
0.639
0.653
0.667
0.681
0.694
0.708
0.722
0.736
0.75
0.764
0.778
0.778
0.778
0.778
0.778
0.778
0.778
0.778
0.778
0.778
0.778
0.778
0.778
0.778
0.778
0.778
0.778
0.778
0.778
0.778
0.778
0.778
0.778
0.778
0.778
0.778
0.778
0.778
0.778
0.778
0.778
0.778
0.778
0.778
0.778
0.778
0.778
0.778
0.778
0.778
0.778
0.778
0.778
0.778
0.778
0.778
0.778
0.778
0.778
0.778
0.778
0.778
0.778
0.778
0.778
0.778
0.778
0.778
0.778
0.778
0.778
0.778
0.778
0.778
0.778
0.778
0.778
0.778
0.778
0.778
0.778
0.778
0.778
0.778
0.778
0.778
0.778
0.778
0.778
0.778
0.778
0.778
0.778
0.778
0.778
0.778
0.778
0.778
0.778
0.778
0.778
0.778
0.778
0.778
0.778
0.778
0.778
0.777
0.776
0.775
0.774
0.773
0.772
0.771
0.77
0.769
0.768
0.767
0.766
0.764
0.763
0.762
0.761
0.76
0.759
0.758
0.757
0.756
0.755
0.754
0.753
0.752
0.751
0.75
0.749
0.748
0.747
0.746
0.745
0.744
0.743
0.742
0.741
0.74
0.739
0.738
0.737
0.736
0.735
0.734
0.733
0.732
0.731
0.73
0.729
0.728
0.727
0.726
0.725
0.724
0.723
0.722
0.721
0.72
0.719
0.718
0.716
0.715
0.714
0.713
0.712
0.711
0.71
0.709
0.708
0.707
0.706
0.705
0.704
0.703
0.702
0.701
0.7
0.699
0.698
0.697
0.696
0.695
0.694
0.693
0.692
0.691
0.69
0.689
0.688
0.687
0.686
0.685
0.684
0.683
0.682
0.681
0.68
0.679
0.678
0.677
0.676
0.675
0.674
0.673
0.672
0.671
0.669
0.668
0.667
0.666
0.665
0.664
0.663
0.662
0.661
0.66
0.659
0.658
0.657
0.656
0.655
0.654
0.653
0.652
0.651
0.65
0.649
0.648
0.647
0.646
0.645
0.644
0.643
0.642
0.641
0.64
0.639
0.638
0.637
0.636
0.635
0.634
0.633
0.632
0.631
0.63
0.629
0.628
0.627
0.626
0.625
0.624
0.623
0.621
0.62
0.619
0.618
0.617
0.616
0.615
0.614
0.613
0.612
0.611
0.61
0.609
0.608
0.607
0.606
0.605
0.604
0.603
0.602
0.601
0.6
0.599
0.598
0.597
0.596
0.595
0.594
0.593
0.592
0.591
0.59
0.589
0.588
0.587
0.586
0.585
0.584
0.583
0.582
0.581
0.58
0.579
0.578
0.577
0.576
0.574
0.573
0.572
0.571
0.569
0.567
0.565
0.563
0.561
0.559
0.557
0.555
0.553
0.55
0.548
0.546
0.544
0.542
0.54
0.538
0.536
0.534
0.532
0.529
0.527
0.525
0.523
0.521
0.519
0.517
0.515
0.513
0.511
0.508
0.506
0.504
0.502
0.5
0.496
0.493
0.489
0.485
0.481
0.478
0.474
0.47
0.467
0.463
0.459
0.456
0.452
0.448
0.444
0.441
0.437
0.433
0.43
0.426
0.422
0.419
0.415
0.411
0.407
0.404
0.4
0.396
0.392
0.388
0.384
0.38
0.376
0.372
0.368
0.364
0.36
0.356
0.352
0.347
0.343
0.339
0.335
0.331
0.327
0.323
0.319
0.315
0.311
0.307
0.303
0.299
0.295
0.291
0.287
0.283
0.279
0.275
0.271
0.267
0.263
0.259
0.255
0.251
0.246
0.242
0.238
0.234
0.23
0.226
0.222
0.221
0.219
0.217
0.215
0.214
0.212
0.21
0.209
0.207
0.205
0.204
0.202
0.2
0.199
0.197
0.195
0.194
0.192
0.19
0.189
0.187
0.185
0.184
0.182
0.18
0.178
0.177
0.175
0.173
0.172
0.17
0.168
0.167
0.173
0.18
0.186
0.193
0.199
0.206
0.212
0.219
0.225
0.232
0.238
0.245
0.252
0.258
0.265
0.271
0.278
0.284
0.291
0.297
0.304
0.31
0.317
0.323
0.33
0.336
0.343
0.349
0.356
0.363
0.369
0.376
0.382
0.389
0.395
0.402
0.408
0.415
0.421
0.428
0.434
0.441
0.447
0.454
0.46
0.467
0.474
0.48
0.487
0.493
0.5
0.506
0.513
0.519
0.526
0.532
0.539
0.545
0.552
0.558
0.565
0.571
0.578
0.585
0.591
0.598
0.604
0.611
0.617
0.624
0.63
0.637
0.643
0.65
0.656
0.663
0.669
0.676
0.682
0.689
0.696
0.702
0.709
0.715
0.722
0.728
0.735
0.741
0.748
0.754
0.761
0.767
0.774
0.78
0.787
0.793
0.8
0.795
0.789
0.784
0.779
0.773
0.768
0.763
0.757
0.752
0.746
0.741
0.736
0.73
0.725
0.72
0.714
0.709
0.704
0.698
0.693
0.688
0.682
0.677
0.671
0.666
0.661
0.655
0.65
0.645
0.639
0.634
0.629
0.623
0.618
0.612
0.607
0.602
0.596
0.591
0.586
0.58
0.575
0.57
0.564
0.559
0.554
0.548
0.543
0.538
0.532
0.527
0.521
0.516
0.511
0.505
0.5
0.5
0.5
0.5
0.5
0.5
0.5
0.5
0.5
0.5
0.5
0.5
0.5
0.5
0.5
0.5
0.5
0.5
0.5
0.5
0.5
0.5
0.5
0.5
0.5
0.5
0.5
0.5
0.5
0.5
0.5
0.5
0.5
0.5
0.5
0.5
0.5
0.5
0.5
0.5
0.5
0.5
0.5
0.5
0.5
0.5
0.5
0.5
0.5
0.5
0.5
0.5
0.5
0.5
0.5
0.5
0.5
0.5
0.5
0.5
0.5
0.5
0.5
0.5
0.5
0.5
0.5
0.5
0.5
0.5
0.5
0.5
0.5
0.5
0.5
0.5
0.5
0.5
0.5
0.5
0.5
0.506
0.512
0.517
0.523
0.529
0.535
0.541
0.547
0.552
0.558
0.564
0.57
0.576
0.581
0.587
0.593
0.599
0.605
0.61
0.616
0.622
0.628
0.634
0.64
0.645
0.651
0.657
0.663
0.669
0.674
0.68
0.686
0.692
0.698
0.703
0.709
0.715
0.721
0.727
0.733
0.738
0.744
0.75
0.753
0.756
0.759
0.762
0.765
0.768
0.771
0.774
0.777
0.78
0.784
0.787
0.79
0.793
0.796
0.799
0.802
0.805
0.808
0.811
0.814
0.817
0.82
0.823
0.826
0.829
0.832
0.835
0.838
0.841
0.845
0.848
0.851
0.854
0.857
0.86
0.863
0.866
0.869
0.872
0.875
0.873
0.87
0.868
0.865
0.863
0.861
0.858
0.856
0.853
0.851
0.849
0.846
0.844
0.841
0.839
0.837
0.834
0.832
0.829
0.827
0.825
0.822
0.82
0.817
0.815
0.812
0.81
0.808
0.805
0.803
0.8
0.798
0.796
0.793
0.791
0.788
0.786
0.784
0.781
0.779
0.776
0.774
0.772
0.769
0.767
0.764
0.762
0.76
0.757
0.755
0.752
0.75
0.748
0.745
0.743
0.74
0.738
0.736
0.733
0.731
0.728
0.726
0.724
0.721
0.719
0.716
0.714
0.712
0.709
0.707
0.704
0.702
0.7
0.697
0.695
0.692
0.69
0.688
0.685
0.683
0.68
0.678
0.675
0.673
0.671
0.668
0.666
0.663
0.661
0.659
0.656
0.654
0.651
0.649
0.647
0.644
0.642
0.639
0.637
0.635
0.632
0.63
0.627
0.625
0.623
0.62
0.618
0.615
0.613
0.611
0.608
0.606
0.603
0.601
0.599
0.596
0.594
0.591
0.589
0.587
0.584
0.582
0.579
0.577
0.575
0.572
0.57
0.567
0.565
0.562
0.56
0.558
0.555
0.553
0.55
0.548
0.546
0.543
0.541
0.538
0.536
0.534
0.531
0.529
0.526
0.524
0.522
0.519
0.517
0.514
0.512
0.51
0.507
0.505
0.502
0.5
0.5
0.5
0.5
0.5
0.5
0.5
0.5
0.5
0.5
0.5
0.5
0.5
0.5
0.5
0.5
0.5
0.5
0.5
0.5
0.5
0.5
0.5
0.5
0.5
0.5
0.5
0.5
0.5
0.5
0.5
0.5
0.5
0.5
0.5
0.5
0.5
0.5
0.5
0.5
0.5
0.5
0.5
0.5
0.5
0.5
0.5
0.5
0.5
0.5
0.5
0.5
0.5
0.5
0.5
0.5
0.5
0.5
0.5
0.5
0.5
0.5
0.5
0.5
0.508
0.517
0.525
0.533
0.542
0.55
0.558
0.567
0.575
0.583
0.592
0.6
0.608
0.617
0.625
0.633
0.642
0.65
0.658
0.667
0.675
0.683
0.692
0.7
0.708
0.717
0.725
0.733
0.742
0.75
0.747
0.744
0.741
0.738
0.734
0.731
0.728
0.725
0.722
0.719
0.716
0.712
0.709
0.706
0.703
0.7
0.697
0.694
0.691
0.688
0.684
0.681
0.678
0.675
0.672
0.669
0.666
0.662
0.659
0.656
0.653
0.65
0.647
0.644
0.641
0.638
0.634
0.631
0.628
0.625
0.622
0.619
0.616
0.612
0.609
0.606
0.603
0.6
0.597
0.594
0.591
0.588
0.584
0.581
0.578
0.575
0.572
0.569
0.566
0.562
0.559
0.556
0.553
0.55
0.547
0.544
0.541
0.538
0.534
0.531
0.528
0.525
0.522
0.519
0.516
0.512
0.509
0.506
0.503
0.5
0.5
0.5
0.5
0.5
0.5
0.5
0.5
0.5
0.5
0.5
0.5
0.5
0.5
0.5
0.5
0.5
0.5
0.5
0.5
0.5
0.5
0.5
0.5
0.5
0.5
0.5
0.5
0.5
0.5
0.5
0.5
0.5
0.5
0.5
0.5
0.5
0.5
0.5
0.5
0.5
0.5
0.5
0.5
0.5
0.5
0.5
0.5
0.5
0.5
0.5
0.5
0.5
0.5
0.5
0.5
0.5
0.5
0.5
0.5
0.5
0.5
0.5
0.5
0.5
0.5
0.5
0.5
0.5
0.5
0.5
0.5
0.5
0.5
0.5
0.5
0.5
0.5
0.5
0.5
0.5
0.5
0.5
0.5
0.5
0.5
0.5
0.5
0.5
0.5
0.5
0.5
0.5
0.5
0.5
0.5
0.5
0.5
0.5
0.5
0.5
0.5
0.5
0.5
0.5
0.5
0.5
0.5
0.5
0.5
0.5
0.5
0.5
0.5
0.5
0.5
0.5
0.5
0.5
0.5
0.5
0.5
0.5
0.5
0.5
0.5
0.5
0.5
0.5
0.5
0.5
0.5
0.5
0.5
0.5
0.5
0.5
0.5
0.5
0.5
0.5
0.5
0.5
0.5
0.5
0.5
0.5
0.5
0.5
0.5
0.5
0.5
0.5
0.5
0.503
0.506
0.51
0.513
0.516
0.519
0.523
0.526
0.529
0.532
0.535
0.539
0.542
0.545
0.548
0.552
0.555
0.558
0.561
0.565
0.568
0.571
0.574
0.577
0.581
0.584
0.587
0.59
0.594
0.597
0.6
0.603
0.606
0.61
0.613
0.616
0.619
0.623
0.626
0.629
0.632
0.635
0.639
0.642
0.645
0.648
0.652
0.655
0.658
0.661
0.665
0.668
0.671
0.674
0.677
0.681
0.684
0.687
0.69
0.694
0.697
0.7
0.703
0.706
0.71
0.713
0.716
0.719
0.723
0.726
0.729
0.732
0.735
0.739
0.742
0.745
0.748
0.752
0.755
0.758
0.761
0.765
0.768
0.771
0.774
0.777
0.781
0.784
0.787
0.79
0.794
0.797
0.8
0.8
0.8
0.799
0.799
0.799
0.799
0.799
0.799
0.798
0.798
0.798
0.798
0.798
0.797
0.797
0.797
0.797
0.797
0.796
0.796
0.796
0.796
0.796
0.796
0.795
0.795
0.795
0.795
0.795
0.794
0.794
0.794
0.794
0.794
0.793
0.793
0.793
0.793
0.793
0.793
0.792
0.792
0.792
0.792
0.792
0.791
0.791
0.791
0.791
0.791
0.79
0.79
0.79
0.79
0.79
0.79
0.789
0.789
0.789
0.789
0.789
0.788
0.788
0.788
0.788
0.788
0.787
0.787
0.787
0.787
0.787
0.787
0.786
0.786
0.786
0.786
0.786
0.785
0.785
0.785
0.785
0.785
0.785
0.784
0.784
0.784
0.784
0.784
0.783
0.783
0.783
0.783
0.783
0.782
0.782
0.782
0.782
0.782
0.782
0.781
0.781
0.781
0.781
0.781
0.78
0.78
0.78
0.78
0.78
0.779
0.779
0.779
0.779
0.779
0.779
0.778
0.778
0.778
0.778
0.776
0.774
0.772
0.77
0.768
0.766
0.763
0.761
0.759
0.757
0.755
0.753
0.751
0.749
0.747
0.745
0.743
0.741
0.739
0.737
0.735
0.733
0.731
0.729
0.727
0.725
0.723
0.721
0.719
0.717
0.714
0.712
0.71
0.708
0.706
0.704
0.702
0.7
0.698
0.696
0.694
0.692
0.69
0.688
0.686
0.684
0.682
0.68
0.678
0.676
0.674
0.672
0.67
0.667
0.665
0.663
0.661
0.659
0.657
0.655
0.653
0.651
0.649
0.647
0.645
0.643
0.641
0.639
0.637
0.635
0.633
0.631
0.629
0.627
0.625
0.623
0.621
0.618
0.616
0.614
0.612
0.61
0.608
0.606
0.604
0.602
0.6
0.598
0.596
0.594
0.592
0.59
0.588
0.586
0.584
0.582
0.58
0.578
0.576
0.574
0.571
0.569
0.567
0.565
0.563
0.561
0.559
0.557
0.555
0.553
0.551
0.549
0.547
0.545
0.543
0.541
0.539
0.537
0.535
0.533
0.531
0.529
0.527
0.525
0.522
0.52
0.518
0.516
0.514
0.512
0.51
0.508
0.506
0.504
0.502
0.5
0.523
0.545
0.568
0.591
0.614
0.636
0.659
0.682
0.705
0.727
0.75
0.736
0.721
0.707
0.692
0.678
0.663
0.649
0.635
0.62
0.606
0.591
0.577
0.562
0.548
0.534
0.519
0.505
0.49
0.476
0.462
0.447
0.433
0.418
0.404
0.389
0.375
0.382
0.389
0.396
0.403
0.41
0.417
0.424
0.432
0.439
0.446
0.453
0.46
0.467
0.474
0.481
0.488
0.495
0.502
0.509
0.516
0.523
0.531
0.538
0.545
0.552
0.559
0.566
0.573
0.58
0.587
0.594
0.601
0.608
0.615
0.622
0.629
0.637
0.644
0.651
0.658
0.665
0.672
0.679
0.686
0.693
0.7
0.707
0.714
0.712
0.71
0.707
0.705
0.702
0.7
0.698
0.695
0.693
0.691
0.688
0.686
0.683
0.681
0.679
0.676
0.674
0.672
0.669
0.667
0.665
0.662
0.66
0.657
0.655
0.653
0.65
0.648
0.646
0.643
0.641
0.638
0.636
0.634
0.631
0.629
0.627
0.624
0.622
0.62
0.617
0.615
0.612
0.61
0.608
0.605
0.603
0.601
0.598
0.596
0.593
0.591
0.589
0.586
0.584
0.582
0.579
0.577
0.575
0.572
0.57
0.567
0.565
0.563
0.56
0.558
0.556
0.554
0.553
0.552
0.55
0.549
0.548
0.546
0.545
0.544
0.542
0.541
0.54
0.538
0.537
0.536
0.534
0.533
0.532
0.53
0.529
0.528
0.526
0.525
0.524
0.522
0.521
0.52
0.519
0.517
0.516
0.515
0.513
0.512
0.511
0.509
0.508
0.507
0.505
0.504
0.503
0.501
0.5
0.512
0.525
0.538
0.55
0.562
0.575
0.588
0.6
0.612
0.625
0.638
0.65
0.663
0.675
0.688
0.7
0.712
0.725
0.738
0.75
0.763
0.775
0.788
0.8
0.8
0.8
0.8
0.8
0.8
0.8
0.8
0.8
0.8
0.8
0.8
0.8
0.8
0.8
0.8
0.8
0.8
0.8
0.8
0.8
0.8
0.8
0.8
0.8
0.8
0.8
0.8
0.8
0.8
0.8
0.8
0.8
0.797
0.794
0.791
0.788
0.785
0.782
0.779
0.776
0.772
0.769
0.766
0.763
0.76
0.757
0.754
0.751
0.748
0.745
0.742
0.739
0.736
0.733
0.73
0.727
0.723
0.72
0.717
0.714
0.715
0.715
0.716
0.716
0.716
0.717
0.717
0.718
0.718
0.719
0.719
0.719
0.72
0.72
0.721
0.721
0.722
0.722
0.722
0.723
0.723
0.724
0.724
0.724
0.725
0.725
0.726
0.726
0.727
0.727
0.727
0.728
0.728
0.729
0.729
0.73
0.73
0.73
0.731
0.731
0.732
0.732
0.733
0.733
0.733
0.734
0.734
0.735
0.735
0.736
0.736
0.736
0.737
0.737
0.738
0.738
0.739
0.739
0.739
0.74
0.74
0.741
0.741
0.741
0.742
0.742
0.743
0.743
0.744
0.744
0.744
0.745
0.745
0.746
0.746
0.747
0.747
0.747
0.748
0.748
0.749
0.749
0.75
0.75
0.746
0.741
0.737
0.732
0.728
0.723
0.719
0.715
0.71
0.706
0.701
0.697
0.692
0.688
0.684
0.679
0.675
0.67
0.666
0.661
0.657
0.652
0.648
0.644
0.639
0.635
0.63
0.626
0.621
0.617
0.613
0.608
0.604
0.599
0.595
0.59
0.586
0.582
0.577
0.573
0.568
0.564
0.559
0.555
0.551
0.546
0.542
0.537
0.533
0.528
0.524
0.52
0.515
0.511
0.506
0.502
0.497
0.493
0.488
0.484
0.48
0.475
0.471
0.466
0.462
0.457
0.453
0.449
0.444
0.44
0.435
0.431
0.426
0.422
0.418
0.413
0.409
0.404
0.4
0.395
0.391
0.387
0.382
0.378
0.373
0.369
0.364
0.36
0.355
0.351
0.347
0.342
0.338
0.333
0.367
0.4
0.433
0.467
0.5
0.533
0.567
0.6
0.633
0.667
0.671
0.676
0.681
0.686
0.69
0.695
0.7
0.705
0.709
0.714
0.719
0.723
0.728
0.733
0.738
0.742
0.747
0.752
0.757
0.761
0.766
0.771
0.776
0.78
0.785
0.79
0.795
0.799
0.804
0.809
0.813
0.818
0.823
0.828
0.832
0.837
0.842
0.847
0.851
0.856
0.861
0.866
0.87
0.875
0.869
0.863
0.857
0.851
0.845
0.839
0.833
0.827
0.821
0.815
0.809
0.803
0.797
0.791
0.785
0.778
0.772
0.766
0.76
0.754
0.748
0.742
0.736
0.73
0.724
0.718
0.712
0.706
0.7
0.694
0.688
0.682
0.676
0.67
0.664
0.658
0.652
0.646
0.64
0.634
0.628
0.622
0.616
0.61
0.604
0.598
0.592
0.585
0.579
0.573
0.567
0.561
0.555
0.549
0.543
0.537
0.531
0.525
0.519
0.513
0.507
0.501
0.495
0.489
0.483
0.477
0.471
0.465
0.459
0.453
0.447
0.441
0.435
0.429
0.423
0.417
0.411
0.405
0.399
0.392
0.386
0.38
0.374
0.368
0.362
0.356
0.35
0.344
0.338
0.332
0.326
0.32
0.314
0.308
0.302
0.296
0.29
0.284
0.278
0.272
0.266
0.26
0.254
0.248
0.242
0.236
0.23
0.224
0.218
0.212
0.206
0.199
0.193
0.187
0.181
0.175
0.169
0.163
0.157
0.151
0.145
0.139
0.133
0.127
0.121
0.115
0.109
0.103
0.097
0.091
0.094
0.097
0.1
0.103
0.106
0.109
0.112
0.116
0.119
0.122
0.125
0.128
0.131
0.134
0.137
0.14
0.143
0.146
0.149
0.152
0.156
0.159
0.162
0.165
0.168
0.171
0.174
0.177
0.18
0.183
0.186
0.189
0.193
0.196
0.199
0.202
0.205
0.208
0.211
0.214
0.217
0.22
0.223
0.226
0.229
0.233
0.236
0.239
0.242
0.245
0.248
0.251
0.254
0.257
0.26
0.263
0.266
0.269
0.273
0.276
0.279
0.282
0.285
0.288
0.291
0.294
0.297
0.3
0.303
0.306
0.31
0.313
0.316
0.319
0.322
0.325
0.328
0.331
0.334
0.337
0.34
0.343
0.346
0.35
0.353
0.356
0.359
0.362
0.365
0.368
0.371
0.374
0.377
0.38
0.383
0.386
0.39
0.393
0.396
0.399
0.402
0.405
0.408
0.411
0.414
0.417
0.42
0.423
0.427
0.43
0.433
0.436
0.439
0.442
0.445
0.448
0.451
0.454
0.457
0.46
0.463
0.467
0.47
0.473
0.476
0.479
0.482
0.485
0.488
0.491
0.494
0.497
0.5
0.503
0.507
0.51
0.513
0.516
0.519
0.522
0.525
0.528
0.531
0.534
0.537
0.54
0.544
0.547
0.55
0.553
0.556
0.559
0.562
0.565
0.568
0.571
0.574
0.577
0.58
0.584
0.587
0.59
0.593
0.596
0.599
0.602
0.605
0.608
0.611
0.614
0.617
0.62
0.624
0.627
0.63
0.633
0.636
0.639
0.642
0.645
0.648
0.651
0.654
0.657
0.661
0.664
0.667
0.663
0.659
0.655
0.652
0.648
0.644
0.64
0.636
0.633
0.629
0.625
0.621
0.617
0.614
0.61
0.606
0.602
0.598
0.595
0.591
0.587
0.583
0.58
0.576
0.572
0.568
0.564
0.561
0.557
0.553
0.549
0.545
0.542
0.538
0.534
0.53
0.527
0.523
0.519
0.515
0.511
0.508
0.504
0.5
0.489
0.477
0.466
0.455
0.444
0.432
0.421
0.41
0.398
0.387
0.376
0.365
0.353
0.342
0.331
0.32
0.308
0.297
0.286
0.292
0.299
0.305
0.312
0.318
0.325
0.331
0.338
0.344
0.351
0.357
0.364
0.37
0.377
0.383
0.39
0.396
0.403
0.409
0.416
0.422
0.429
0.435
0.442
0.448
0.455
0.461
0.468
0.474
0.481
0.487
0.494
0.5
0.5
0.5
0.5
0.5
0.5
0.5
0.5
0.5
0.5
0.5
0.5
0.5
0.5
0.498
0.496
0.495
0.493
0.491
0.489
0.488
0.486
0.484
0.482
0.481
0.479
0.477
0.475
0.474
0.472
0.47
0.468
0.467
0.465
0.463
0.461
0.46
0.458
0.456
0.454
0.453
0.451
0.449
0.447
0.446
0.444
0.442
0.44
0.439
0.437
0.435
0.433
0.432
0.43
0.428
0.426
0.425
0.423
0.421
0.419
0.418
0.416
0.414
0.412
0.411
0.409
0.407
0.405
0.404
0.402
0.4
0.398
0.396
0.395
0.393
0.391
0.389
0.388
0.386
0.384
0.382
0.381
0.379
0.377
0.375
0.374
0.372
0.37
0.368
0.367
0.365
0.363
0.361
0.36
0.358
0.356
0.354
0.353
0.351
0.349
0.347
0.346
0.344
0.342
0.34
0.339
0.337
0.335
0.333
0.367
0.4
0.433
0.467
0.5
0.533
0.567
0.6
0.633
0.667
0.665
0.664
0.663
0.662
0.66
0.659
0.658
0.656
0.655
0.654
0.653
0.651
0.65
0.649
0.647
0.646
0.645
0.644
0.642
0.641
0.64
0.638
0.637
0.636
0.635
0.633
0.632
0.631
0.629
0.628
0.627
0.626
0.624
0.623
0.622
0.621
0.619
0.618
0.617
0.615
0.614
0.613
0.612
0.61
0.609
0.608
0.606
0.605
0.604
0.603
0.601
0.6
0.599
0.597
0.596
0.595
0.594
0.592
0.591
0.59
0.588
0.587
0.586
0.585
0.583
0.582
0.581
0.579
0.578
0.577
0.576
0.574
0.573
0.572
0.571
0.569
0.568
0.567
0.565
0.564
0.563
0.562
0.56
0.559
0.558
0.556
0.555
0.554
0.553
0.551
0.55
0.549
0.547
0.546
0.545
0.544
0.542
0.541
0.54
0.538
0.537
0.536
0.535
0.533
0.532
0.531
0.529
0.528
0.527
0.526
0.524
0.523
0.522
0.521
0.519
0.518
0.517
0.515
0.514
0.513
0.512
0.51
0.509
0.508
0.506
0.505
0.504
0.503
0.501
0.5
0.5
0.5
0.5
0.5
0.5
0.5
0.5
0.5
0.5
0.5
0.5
0.5
0.5
0.5
0.5
0.5
0.5
0.5
0.5
0.5
0.5
0.5
0.5
0.5
0.5
0.5
0.5
0.5
0.5
0.5
0.5
0.5
0.5
0.5
0.5
0.5
0.5
0.5
0.5
0.5
0.5
0.5
0.5
0.5
0.5
0.5
0.5
0.5
0.509
0.518
0.527
0.536
0.545
0.554
0.562
0.571
0.58
0.589
0.598
0.607
0.616
0.625
0.634
0.643
0.652
0.661
0.67
0.679
0.688
0.696
0.705
0.714
0.713
0.711
0.71
0.708
0.707
0.705
0.704
0.702
0.7
0.699
0.697
0.696
0.694
0.693
0.691
0.69
0.688
0.687
0.685
0.684
0.682
0.68
0.679
0.677
0.676
0.674
0.673
0.671
0.67
0.668
0.667
0.667
0.667
0.667
0.667
0.667
0.667
0.667
0.667
0.667
0.667
0.667
0.667
0.667
0.667
0.667
0.667
0.667
0.667
0.667
0.667
0.667
0.667
0.667
0.64
0.614
0.588
0.562
0.536
0.51
0.483
0.457
0.431
0.405
0.379
0.353
0.326
0.3
0.274
0.248
0.222
0.196
0.169
0.143
0.117
0.091
0.107
0.124
0.14
0.156
0.172
0.189
0.205
0.221
0.238
0.254
0.27
0.287
0.303
0.319
0.336
0.352
0.368
0.385
0.401
0.417
0.434
0.45
0.466
0.483
0.499
0.515
0.531
0.548
0.564
0.58
0.597
0.613
0.629
0.646
0.662
0.678
0.695
0.711
0.727
0.729
0.73
0.731
0.733
0.734
0.735
0.737
0.738
0.739
0.741
0.742
0.743
0.745
0.746
0.747
0.749
0.75
0.752
0.753
0.754
0.756
0.757
0.758
0.76
0.761
0.762
0.764
0.765
0.766
0.768
0.769
0.77
0.772
0.773
0.774
0.776
0.777
0.778
0.78
0.781
0.782
0.784
0.785
0.787
0.788
0.789
0.791
0.792
0.793
0.795
0.796
0.797
0.799
0.8
0.798
0.796
0.794
0.792
0.791
0.789
0.787
0.785
0.783
0.781
0.779
0.777
0.776
0.774
0.772
0.77
0.768
0.766
0.764
0.762
0.761
0.759
0.757
0.755
0.753
0.751
0.749
0.747
0.746
0.744
0.742
0.74
0.738
0.736
0.734
0.732
0.731
0.729
0.727
0.725
0.723
0.721
0.719
0.717
0.715
0.714
0.712
0.71
0.708
0.706
0.704
0.702
0.7
0.699
0.697
0.695
0.693
0.691
0.689
0.687
0.685
0.684
0.682
0.68
0.678
0.676
0.674
0.672
0.67
0.669
0.667
0.665
0.663
0.661
0.66
0.658
0.656
0.655
0.653
0.651
0.649
0.648
0.646
0.644
0.642
0.641
0.639
0.637
0.635
0.634
0.632
0.63
0.628
0.627
0.625
0.623
0.622
0.62
0.618
0.616
0.615
0.613
0.611
0.609
0.608
0.606
0.604
0.602
0.601
0.599
0.597
0.595
0.594
0.592
0.59
0.589
0.587
0.585
0.583
0.582
0.58
0.578
0.576
0.575
0.573
0.571
0.569
0.568
0.566
0.564
0.562
0.561
0.559
0.557
0.556
0.554
0.552
0.55
0.549
0.547
0.545
0.543
0.542
0.54
0.538
0.536
0.535
0.533
0.531
0.53
0.528
0.526
0.524
0.523
0.521
0.519
0.517
0.516
0.514
0.512
0.51
0.509
0.507
0.505
0.503
0.502
0.5
0.504
0.508
0.512
0.516
0.52
0.524
0.528
0.532
0.536
0.54
0.544
0.548
0.552
0.556
0.56
0.564
0.568
0.572
0.576
0.58
0.584
0.588
0.592
0.596
0.6
0.604
0.608
0.612
0.616
0.62
0.624
0.628
0.632
0.636
0.64
0.644
0.648
0.652
0.656
0.66
0.664
0.668
0.672
0.676
0.68
0.684
0.688
0.692
0.696
0.7
0.704
0.708
0.712
0.716
0.72
0.724
0.728
0.732
0.736
0.74
0.744
0.748
0.752
0.756
0.76
0.764
0.768
0.772
0.776
0.78
0.784
0.788
0.792
0.796
0.8
0.794
0.788
0.782
0.776
0.77
0.764
0.758
0.752
0.746
0.74
0.734
0.728
0.722
0.716
0.71
0.704
0.698
0.692
0.686
0.68
0.674
0.668
0.662
0.656
0.65
0.644
0.638
0.632
0.626
0.62
0.614
0.608
0.602
0.595
0.589
0.583
0.577
0.571
0.573
0.574
0.576
0.577
0.579
0.58
0.582
0.583
0.585
0.586
0.588
0.589
0.591
0.592
0.594
0.595
0.597
0.598
0.6
0.601
0.603
0.604
0.606
0.607
0.609
0.61
0.612
0.613
0.614
0.616
0.617
0.619
0.62
0.622
0.623
0.625
0.626
0.628
0.629
0.631
0.632
0.634
0.635
0.637
0.638
0.64
0.641
0.643
0.644
0.646
0.647
0.649
0.65
0.652
0.653
0.655
0.656
0.658
0.659
0.66
0.662
0.663
0.665
0.666
0.668
0.669
0.671
0.672
0.674
0.675
0.677
0.678
0.68
0.681
0.683
0.684
0.686
0.687
0.689
0.69
0.692
0.693
0.695
0.696
0.698
0.699
0.701
0.702
0.704
0.705
0.706
0.708
0.709
0.711
0.712
0.714
0.715
0.717
0.718
0.72
0.721
0.723
0.724
0.726
0.727
0.729
0.73
0.732
0.733
0.735
0.736
0.738
0.739
0.741
0.742
0.744
0.745
0.747
0.748
0.75
0.751
0.753
0.754
0.755
0.757
0.758
0.76
0.761
0.763
0.764
0.766
0.767
0.769
0.77
0.772
0.773
0.775
0.776
0.778
0.779
0.781
0.782
0.784
0.785
0.787
0.788
0.79
0.791
0.793
0.794
0.796
0.797
0.799
0.8
0.793
0.786
0.778
0.771
0.764
0.757
0.749
0.742
0.735
0.728
0.72
0.713
0.706
0.699
0.691
0.684
0.677
0.67
0.662
0.655
0.648
0.641
0.633
0.626
0.619
0.612
0.604
0.597
0.59
0.583
0.575
0.568
0.561
0.554
0.546
0.539
0.532
0.525
0.518
0.51
0.503
0.496
0.489
0.481
0.474
0.467
0.46
0.452
0.445
0.438
0.431
0.423
0.416
0.409
0.402
0.394
0.387
0.38
0.373
0.365
0.358
0.351
0.344
0.336
0.329
0.322
0.315
0.307
0.3
0.293
0.286
0.29
0.294
0.299
0.303
0.308
0.312
0.316
0.321
0.325
0.329
0.334
0.338
0.343
0.347
0.351
0.356
0.36
0.364
0.369
0.373
0.378
0.382
0.386
0.391
0.395
0.399
0.404
0.408
0.413
0.417
0.421
0.426
0.43
0.434
0.439
0.443
0.448
0.452
0.456
0.461
0.465
0.469
0.474
0.478
0.483
0.487
0.491
0.496
0.5
0.5
0.5
0.5
0.5
0.5
0.5
0.5
0.5
0.5
0.5
0.5
0.5
0.5
0.5
0.5
0.5
0.5
0.5
0.5
0.5
0.5
0.5
0.5
0.5
0.5
0.5
0.5
0.5
0.5
0.5
0.5
0.5
0.5
0.5
0.5
0.5
0.5
0.5
0.493
0.487
0.48
0.473
0.466
0.46
0.453
0.446
0.44
0.433
0.426
0.42
0.413
0.406
0.399
0.393
0.386
0.379
0.373
0.366
0.359
0.352
0.346
0.339
0.332
0.326
0.319
0.312
0.306
0.299
0.292
0.285
0.279
0.272
0.265
0.259
0.252
0.245
0.238
0.232
0.225
0.218
0.212
0.205
0.198
0.192
0.185
0.178
0.171
0.165
0.158
0.151
0.145
0.138
0.131
0.124
0.118
0.111
0.104
0.098
0.091
0.108
0.126
0.143
0.161
0.178
0.196
0.213
0.231
0.248
0.266
0.283
0.301
0.318
0.336
0.353
0.371
0.388
0.406
0.423
0.441
0.458
0.476
0.493
0.51
0.528
0.545
0.552
0.558
0.565
0.571
0.578
0.584
0.591
0.597
0.604
0.61
0.617
0.623
0.629
0.636
0.642
0.649
0.655
0.662
0.668
0.675
0.681
0.688
0.694
0.701
0.707
0.713
0.72
0.726
0.733
0.739
0.746
0.752
0.759
0.765
0.772
0.778
0.785
0.791
0.797
0.804
0.81
0.817
0.823
0.83
0.836
0.843
0.849
0.856
0.862
0.869
0.875
0.86
0.845
0.83
0.815
0.8
0.785
0.77
0.755
0.74
0.725
0.71
0.695
0.68
0.665
0.65
0.635
0.62
0.605
0.59
0.575
0.56
0.545
0.53
0.515
0.5
0.504
0.508
0.512
0.516
0.52
0.524
0.528
0.533
0.537
0.541
0.545
0.549
0.553
0.557
0.561
0.565
0.569
0.573
0.577
0.581
0.585
0.589
0.593
0.598
0.602
0.606
0.61
0.614
0.618
0.622
0.626
0.63
0.634
0.638
0.642
0.646
0.65
0.654
0.659
0.663
0.667
0.668
0.669
0.67
0.672
0.673
0.674
0.675
0.677
0.678
0.679
0.68
0.682
0.683
0.684
0.685
0.687
0.688
0.689
0.69
0.692
0.693
0.694
0.695
0.697
0.698
0.699
0.7
0.702
0.703
0.704
0.705
0.707
0.708
0.709
0.71
0.712
0.713
0.714
0.715
0.717
0.718
0.719
0.72
0.722
0.723
0.724
0.725
0.727
0.728
0.729
0.73
0.732
0.733
0.734
0.735
0.737
0.738
0.739
0.74
0.742
0.743
0.744
0.745
0.747
0.748
0.749
0.75
0.751
0.753
0.754
0.755
0.756
0.758
0.759
0.76
0.761
0.763
0.764
0.765
0.766
0.768
0.769
0.77
0.771
0.773
0.774
0.775
0.776
0.778
0.779
0.78
0.781
0.783
0.784
0.785
0.786
0.788
0.789
0.79
0.791
0.793
0.794
0.795
0.796
0.798
0.799
0.8
0.801
0.803
0.804
0.805
0.806
0.808
0.809
0.81
0.811
0.813
0.814
0.815
0.816
0.818
0.819
0.82
0.821
0.823
0.824
0.825
0.826
0.828
0.829
0.83
0.831
0.833
0.834
0.835
0.836
0.838
0.839
0.84
0.841
0.843
0.844
0.845
0.846
0.848
0.849
0.85
0.851
0.853
0.854
0.855
0.856
0.858
0.859
0.86
0.861
0.863
0.864
0.865
0.866
0.868
0.869
0.87
0.871
0.873
0.874
0.875
0.875
0.875
0.875
0.875
0.875
0.875
0.875
0.875
0.875
0.875
0.875
0.875
0.875
0.875
0.875
0.875
0.875
0.875
0.875
0.875
0.875
0.875
0.875
0.875
0.875
0.875
0.875
0.875
0.875
0.875
0.875
0.875
0.875
0.875
0.875
0.875
0.875
0.875
0.875
0.875
0.875
0.875
0.875
0.875
0.875
0.875
0.875
0.875
0.875
0.875
0.875
0.875
0.875
0.875
0.875
0.875
0.875
0.875
0.875
0.875
0.875
0.875
0.875
0.875
0.875
0.875
0.875
0.875
0.875
0.875
0.875
0.875
0.875
0.875
0.875
0.875
0.875
0.875
0.875
0.875
0.875
0.875
0.875
0.875
0.875
0.875
0.875
0.875
0.875
0.875
0.875
0.875
0.875
0.875
0.875
0.875
0.875
0.875
0.875
0.875
0.875
0.875
0.875
0.875
0.875
0.875
0.875
0.875
0.875
0.875
0.875
0.85
0.825
0.8
0.775
0.75
0.725
0.7
0.675
0.65
0.625
0.6
0.575
0.55
0.525
0.5
0.5
0.5
0.5
0.5
0.5
0.5
0.5
0.5
0.5
0.5
0.5
0.5
0.5
0.5
0.5
0.5
0.5
0.5
0.5
0.5
0.5
0.5
0.5
0.5
0.503
0.506
0.508
0.511
0.514
0.517
0.52
0.522
0.525
0.528
0.531
0.534
0.537
0.539
0.542
0.545
0.548
0.551
0.553
0.556
0.559
0.562
0.565
0.567
0.57
0.573
0.576
0.579
0.581
0.584
0.587
0.59
0.593
0.596
0.598
0.601
0.604
0.607
0.61
0.612
0.615
0.618
0.621
0.624
0.626
0.629
0.632
0.635
0.638
0.64
0.643
0.646
0.649
0.652
0.654
0.657
0.66
0.663
0.666
0.669
0.671
0.674
0.677
0.68
0.683
0.685
0.688
0.691
0.694
0.697
0.699
0.702
0.705
0.708
0.711
0.713
0.716
0.719
0.722
0.725
0.728
0.73
0.733
0.736
0.739
0.742
0.744
0.747
0.75
0.728
0.706
0.684
0.662
0.64
0.618
0.596
0.574
0.552
0.53
0.508
0.486
0.464
0.442
0.42
0.398
0.377
0.355
0.333
0.311
0.289
0.267
0.245
0.223
0.201
0.179
0.157
0.135
0.113
0.091
0.108
0.126
0.143
0.161
0.178
0.196
0.213
0.231
0.248
0.266
0.283
0.301
0.318
0.336
0.353
0.371
0.388
0.406
0.423
0.441
0.458
0.476
0.493
0.51
0.528
0.545
0.541
0.536
0.531
0.526
0.521
0.517
0.512
0.507
0.502
0.497
0.492
0.488
0.483
0.478
0.473
0.468
0.463
0.459
0.454
0.449
0.444
0.439
0.435
0.43
0.425
0.42
0.415
0.41
0.406
0.401
0.396
0.391
0.386
0.382
0.377
0.372
0.367
0.362
0.357
0.353
0.348
0.343
0.338
0.333
0.367
0.4
0.433
0.467
0.5
0.533
0.567
0.6
0.633
0.667
0.672
0.677
0.682
0.687
0.692
0.697
0.702
0.707
0.712
0.717
0.723
0.728
0.733
0.738
0.743
0.748
0.753
0.758
0.763
0.768
0.773
0.778
0.784
0.789
0.794
0.799
0.804
0.809
0.814
0.819
0.824
0.829
0.834
0.839
0.845
0.85
0.855
0.86
0.865
0.87
0.875
0.866
0.858
0.849
0.841
0.832
0.824
0.815
0.807
0.798
0.79
0.781
0.773
0.764
0.756
0.747
0.739
0.73
0.722
0.713
0.705
0.696
0.688
0.679
0.67
0.662
0.653
0.645
0.636
0.628
0.619
0.611
0.602
0.594
0.585
0.577
0.568
0.56
0.551
0.543
0.534
0.526
0.517
0.509
0.5
0.495
0.489
0.484
0.479
0.473
0.468
0.463
0.457
0.452
0.447
0.441
0.436
0.431
0.426
0.42
0.415
0.41
0.404
0.399
0.394
0.388
0.383
0.378
0.372
0.367
0.362
0.356
0.351
0.346
0.34
0.335
0.33
0.324
0.319
0.314
0.309
0.303
0.298
0.293
0.287
0.282
0.277
0.271
0.266
0.261
0.255
0.25
0.271
0.292
0.312
0.333
0.354
0.375
0.396
0.417
0.438
0.458
0.479
0.5
0.5
0.5
0.5
0.5
0.5
0.5
0.5
0.5
0.5
0.5
0.5
0.5
0.5
0.5
0.5
0.5
0.5
0.5
0.5
0.5
0.5
0.5
0.5
0.5
0.5
0.5
0.5
0.5
0.5
0.5
0.5
0.5
0.5
0.5
0.5
0.5
0.5
0.5
0.5
0.5
0.5
0.5
0.5
0.5
0.5
0.5
0.5
0.5
0.5
0.5
0.5
0.5
0.5
0.5
0.5
0.5
0.5
0.5
0.5
0.5
0.5
0.5
0.5
0.5
0.5
0.5
0.5
0.5
0.5
0.5
0.5
0.5
0.5
0.5
0.5
0.5
0.5
0.5
0.5
0.5
0.5
0.5
0.5
0.5
0.5
0.5
0.5
0.5
0.5
0.5
0.5
0.5
0.5
0.5
0.5
0.5
0.5
0.5
0.5
0.5
0.5
0.5
0.5
0.5
0.5
0.5
0.5
0.5
0.5
0.5
0.5
0.5
0.5
0.5
0.5
0.5
0.5
0.5
0.5
0.5
0.5
0.5
0.5
0.5
0.5
0.5
0.5
0.5
0.5
0.5
0.5
0.5
0.5
0.5
0.5
0.5
0.5
0.5
0.5
0.5
0.5
0.5
0.5
0.5
0.5
0.5
0.5
0.5
0.5
0.5
0.5
0.5
0.5
0.5
0.5
0.5
0.5
0.5
0.5
0.5
0.5
0.5
0.5
0.5
0.5
0.5
0.5
0.5
0.5
0.5
0.5
0.5
0.5
0.5
0.5
0.5
0.5
0.5
0.5
0.5
0.5
0.5
0.5
0.5
0.5
0.5
0.507
0.515
0.522
0.53
0.537
0.544
0.552
0.559
0.567
0.574
0.581
0.589
0.596
0.603
0.611
0.618
0.626
0.633
0.64
0.648
0.655
0.663
0.67
0.677
0.685
0.692
0.7
0.707
0.714
0.71
0.706
0.702
0.699
0.695
0.691
0.687
0.683
0.679
0.675
0.671
0.667
0.663
0.659
0.655
0.651
0.647
0.643
0.639
0.635
0.632
0.628
0.624
0.62
0.616
0.612
0.608
0.604
0.6
0.601
0.602
0.604
0.605
0.606
0.607
0.609
0.61
0.611
0.612
0.614
0.615
0.616
0.617
0.619
0.62
0.621
0.622
0.624
0.625
0.626
0.627
0.629
0.63
0.631
0.632
0.634
0.635
0.636
0.637
0.639
0.64
0.641
0.642
0.643
0.645
0.646
0.647
0.648
0.65
0.651
0.652
0.653
0.655
0.656
0.657
0.658
0.66
0.661
0.662
0.663
0.665
0.666
0.667
0.668
0.67
0.671
0.672
0.673
0.675
0.676
0.677
0.678
0.68
0.681
0.682
0.683
0.684
0.686
0.687
0.688
0.689
0.691
0.692
0.693
0.694
0.696
0.697
0.698
0.699
0.701
0.702
0.703
0.704
0.706
0.707
0.708
0.709
0.711
0.712
0.713
0.714
0.693
0.672
0.651
0.63
0.608
0.587
0.566
0.545
0.524
0.503
0.481
0.46
0.439
0.418
0.397
0.376
0.354
0.333
0.337
0.341
0.345
0.349
0.353
0.357
0.36
0.364
0.368
0.372
0.376
0.38
0.384
0.387
0.391
0.395
0.399
0.403
0.407
0.411
0.414
0.418
0.422
0.426
0.43
0.434
0.438
0.442
0.445
0.449
0.453
0.457
0.461
0.465
0.469
0.472
0.476
0.48
0.484
0.488
0.492
0.496
0.5
0.503
0.507
0.511
0.515
0.519
0.523
0.527
0.53
0.534
0.538
0.542
0.546
0.55
0.554
0.557
0.561
0.565
0.569
0.573
0.577
0.581
0.585
0.588
0.592
0.596
0.6
0.599
0.598
0.598
0.597
0.596
0.595
0.594
0.594
0.593
0.592
0.591
0.591
0.59
0.589
0.588
0.587
0.587
0.586
0.585
0.584
0.583
0.583
0.582
0.581
0.58
0.58
0.579
0.578
0.577
0.576
0.576
0.575
0.574
0.573
0.572
0.572
0.571
0.57
0.569
0.569
0.568
0.567
0.566
0.565
0.565
0.564
0.563
0.562
0.561
0.561
0.56
0.559
0.558
0.557
0.557
0.556
0.555
0.554
0.554
0.553
0.552
0.551
0.55
0.55
0.549
0.548
0.547
0.546
0.546
0.545
0.544
0.543
0.543
0.542
0.541
0.54
0.539
0.539
0.538
0.537
0.536
0.535
0.535
0.534
0.533
0.532
0.531
0.531
0.53
0.529
0.528
0.528
0.527
0.526
0.525
0.524
0.524
0.523
0.522
0.521
0.52
0.52
0.519
0.518
0.517
0.517
0.516
0.515
0.514
0.513
0.513
0.512
0.511
0.51
0.509
0.509
0.508
0.507
0.506
0.506
0.505
0.504
0.503
0.502
0.502
0.501
0.5
0.499
0.497
0.496
0.495
0.493
0.492
0.491
0.489
0.488
0.487
0.485
0.484
0.483
0.481
0.48
0.479
0.477
0.476
0.475
0.473
0.472
0.471
0.469
0.468
0.467
0.465
0.464
0.463
0.461
0.46
0.459
0.457
0.456
0.455
0.453
0.452
0.451
0.449
0.448
0.447
0.445
0.444
0.443
0.441
0.44
0.439
0.437
0.436
0.435
0.433
0.432
0.431
0.429
0.428
0.427
0.425
0.424
0.423
0.421
0.42
0.419
0.417
0.416
0.415
0.413
0.412
0.411
0.409
0.408
0.407
0.405
0.404
0.403
0.401
0.4
0.399
0.397
0.396
0.395
0.393
0.392
0.391
0.389
0.388
0.387
0.385
0.384
0.383
0.381
0.38
0.379
0.377
0.376
0.375
0.373
0.372
0.371
0.369
0.368
0.367
0.365
0.364
0.363
0.361
0.36
0.359
0.357
0.356
0.355
0.353
0.352
0.351
0.349
0.348
0.347
0.345
0.344
0.343
0.341
0.34
0.339
0.337
0.336
0.335
0.333
0.367
0.4
0.433
0.467
0.5
0.533
0.567
0.6
0.633
0.667
0.665
0.663
0.661
0.659
0.657
0.655
0.653
0.651
0.649
0.647
0.645
0.643
0.641
0.639
0.637
0.635
0.633
0.631
0.629
0.627
0.625
0.623
0.621
0.619
0.617
0.615
0.613
0.611
0.609
0.607
0.605
0.603
0.601
0.599
0.597
0.595
0.593
0.591
0.589
0.587
0.585
0.583
0.581
0.579
0.577
0.575
0.573
0.571
0.569
0.567
0.565
0.563
0.562
0.56
0.558
0.556
0.554
0.552
0.55
0.548
0.546
0.544
0.542
0.54
0.538
0.536
0.534
0.532
0.53
0.528
0.526
0.524
0.522
0.52
0.518
0.516
0.514
0.512
0.51
0.508
0.506
0.504
0.502
0.5
0.497
0.493
0.49
0.486
0.483
0.479
0.476
0.472
0.469
0.466
0.462
0.459
0.455
0.452
0.448
0.445
0.441
0.438
0.435
0.431
0.428
0.424
0.421
0.417
0.414
0.411
0.407
0.404
0.4
0.397
0.393
0.39
0.386
0.383
0.38
0.376
0.373
0.369
0.366
0.362
0.359
0.355
0.352
0.349
0.345
0.342
0.338
0.335
0.331
0.328
0.324
0.321
0.318
0.314
0.311
0.307
0.304
0.3
0.297
0.294
0.29
0.287
0.283
0.28
0.276
0.273
0.269
0.266
0.263
0.259
0.256
0.252
0.249
0.245
0.242
0.238
0.235
0.232
0.228
0.225
0.221
0.218
0.214
0.211
0.207
0.204
0.201
0.197
0.194
0.19
0.187
0.183
0.18
0.176
0.173
0.17
0.166
0.163
0.159
0.156
0.152
0.149
0.146
0.142
0.139
0.135
0.132
0.128
0.125
0.121
0.118
0.115
0.111
0.131
0.15
0.17
0.19
0.209
0.229
0.248
0.268
0.288
0.307
0.327
0.346
0.366
0.386
0.405
0.425
0.444
0.463
0.481
0.5
0.519
0.537
0.556
0.574
0.593
0.611
0.63
0.648
0.667
0.667
0.668
0.668
0.669
0.67
0.67
0.671
0.671
0.672
0.673
0.673
0.674
0.674
0.675
0.675
0.676
0.677
0.677
0.678
0.678
0.679
0.68
0.68
0.681
0.681
0.682
0.683
0.683
0.684
0.684
0.685
0.685
0.686
0.687
0.687
0.688
0.688
0.689
0.69
0.69
0.691
0.691
0.692
0.693
0.693
0.694
0.694
0.695
0.695
0.696
0.697
0.697
0.698
0.698
0.699
0.7
0.7
0.701
0.701
0.702
0.703
0.703
0.704
0.704
0.705
0.706
0.706
0.707
0.707
0.708
0.708
0.709
0.71
0.71
0.711
0.711
0.712
0.713
0.713
0.714
0.714
0.715
0.716
0.716
0.717
0.717
0.718
0.718
0.719
0.72
0.72
0.721
0.721
0.722
0.723
0.723
0.724
0.724
0.725
0.726
0.726
0.727
0.727
0.716
0.705
0.693
0.682
0.67
0.659
0.648
0.636
0.625
0.614
0.602
0.591
0.58
0.568
0.557
0.545
0.534
0.523
0.511
0.5
0.503
0.507
0.51
0.514
0.517
0.52
0.524
0.527
0.531
0.534
0.537
0.541
0.544
0.548
0.551
0.554
0.558
0.561
0.565
0.568
0.571
0.575
0.578
0.582
0.585
0.588
0.592
0.595
0.599
0.602
0.605
0.609
0.612
0.616
0.619
0.622
0.626
0.629
0.633
0.636
0.639
0.643
0.646
0.65
0.653
0.656
0.66
0.663
0.667
0.67
0.673
0.677
0.68
0.684
0.687
0.69
0.694
0.697
0.701
0.704
0.707
0.711
0.714
0.705
0.696
0.687
0.678
0.669
0.66
0.651
0.642
0.633
0.624
0.616
0.607
0.598
0.589
0.58
0.571
0.562
0.553
0.544
0.535
0.526
0.517
0.508
0.499
0.49
0.481
0.472
0.463
0.454
0.445
0.436
0.427
0.418
0.409
0.4
0.405
0.41
0.414
0.419
0.424
0.429
0.433
0.438
0.443
0.448
0.452
0.457
0.462
0.467
0.471
0.476
0.481
0.486
0.49
0.495
0.5
0.505
0.51
0.515
0.52
0.525
0.53
0.535
0.54
0.545
0.55
0.555
0.56
0.565
0.57
0.575
0.58
0.585
0.59
0.595
0.6
0.605
0.61
0.615
0.62
0.625
0.63
0.635
0.64
0.645
0.65
0.655
0.66
0.665
0.67
0.675
0.68
0.685
0.69
0.695
0.7
0.705
0.71
0.715
0.72
0.725
0.73
0.735
0.74
0.745
0.75
0.755
0.76
0.765
0.77
0.775
0.78
0.785
0.79
0.795
0.8
0.799
0.799
0.798
0.798
0.797
0.796
0.796
0.795
0.794
0.794
0.793
0.793
0.792
0.791
0.791
0.79
0.79
0.789
0.788
0.788
0.787
0.786
0.786
0.785
0.785
0.784
0.783
0.783
0.782
0.781
0.781
0.78
0.78
0.779
0.778
0.778
0.774
0.771
0.767
0.764
0.76
0.757
0.753
0.75
0.747
0.743
0.74
0.736
0.733
0.729
0.726
0.722
0.719
0.715
0.712
0.708
0.705
0.701
0.698
0.694
0.691
0.688
0.684
0.681
0.677
0.674
0.67
0.667
0.663
0.66
0.656
0.653
0.649
0.646
0.642
0.639
0.635
0.632
0.628
0.625
0.622
0.618
0.615
0.611
0.608
0.604
0.601
0.597
0.594
0.59
0.587
0.583
0.58
0.576
0.573
0.569
0.566
0.562
0.559
0.556
0.552
0.549
0.545
0.542
0.538
0.535
0.531
0.528
0.524
0.521
0.517
0.514
0.51
0.507
0.503
0.5
0.521
0.543
0.564
0.586
0.607
0.629
0.65
0.671
0.693
0.714
0.736
0.757
0.779
0.8
0.799
0.799
0.798
0.797
0.796
0.796
0.795
0.794
0.793
0.793
0.792
0.791
0.791
0.79
0.789
0.788
0.788
0.787
0.786
0.786
0.785
0.784
0.783
0.783
0.782
0.781
0.78
0.78
0.779
0.778
0.778
0.777
0.776
0.775
0.775
0.774
0.773
0.772
0.772
0.771
0.77
0.77
0.769
0.768
0.767
0.767
0.766
0.765
0.764
0.764
0.763
0.762
0.762
0.761
0.76
0.759
0.759
0.758
0.757
0.757
0.756
0.755
0.754
0.754
0.753
0.752
0.751
0.751
0.75
0.748
0.746
0.744
0.742
0.74
0.738
0.736
0.734
0.732
0.73
0.728
0.726
0.724
0.722
0.72
0.718
0.716
0.714
0.712
0.71
0.708
0.706
0.704
0.702
0.7
0.698
0.696
0.694
0.692
0.69
0.688
0.686
0.684
0.682
0.68
0.678
0.676
0.674
0.672
0.67
0.668
0.666
0.664
0.662
0.66
0.658
0.656
0.654
0.652
0.65
0.648
0.646
0.644
0.642
0.64
0.638
0.636
0.634
0.632
0.63
0.628
0.626
0.624
0.622
0.62
0.618
0.616
0.614
0.612
0.61
0.608
0.606
0.604
0.602
0.6
0.598
0.596
0.594
0.592
0.59
0.588
0.586
0.584
0.582
0.58
0.578
0.576
0.574
0.572
0.57
0.568
0.566
0.564
0.562
0.56
0.558
0.556
0.554
0.552
0.55
0.548
0.546
0.544
0.542
0.54
0.538
0.536
0.534
0.532
0.53
0.528
0.526
0.524
0.522
0.52
0.518
0.516
0.514
0.512
0.51
0.508
0.506
0.504
0.502
0.5
0.489
0.477
0.466
0.455
0.443
0.432
0.42
0.409
0.398
0.386
0.375
0.364
0.352
0.341
0.33
0.318
0.307
0.295
0.284
0.273
0.261
0.25
0.279
0.308
0.337
0.365
0.394
0.423
0.452
0.481
0.51
0.538
0.567
0.596
0.625
0.626
0.627
0.628
0.629
0.63
0.632
0.633
0.634
0.635
0.636
0.637
0.638
0.639
0.64
0.641
0.642
0.644
0.645
0.646
0.647
0.648
0.649
0.65
0.651
0.652
0.653
0.654
0.656
0.657
0.658
0.659
0.66
0.661
0.662
0.663
0.664
0.665
0.666
0.668
0.669
0.67
0.671
0.672
0.673
0.674
0.675
0.676
0.677
0.678
0.68
0.681
0.682
0.683
0.684
0.685
0.686
0.687
0.688
0.689
0.69
0.692
0.693
0.694
0.695
0.696
0.697
0.698
0.699
0.7
0.701
0.702
0.704
0.705
0.706
0.707
0.708
0.709
0.71
0.711
0.712
0.713
0.714
0.716
0.717
0.718
0.719
0.72
0.721
0.722
0.723
0.724
0.725
0.726
0.728
0.729
0.73
0.731
0.732
0.733
0.734
0.735
0.736
0.737
0.738
0.74
0.741
0.742
0.743
0.744
0.745
0.746
0.747
0.748
0.749
0.75
0.752
0.753
0.754
0.755
0.756
0.757
0.758
0.759
0.76
0.761
0.762
0.764
0.765
0.766
0.767
0.768
0.769
0.77
0.771
0.772
0.773
0.775
0.776
0.777
0.778
0.778
0.779
0.78
0.781
0.781
0.782
0.783
0.783
0.784
0.785
0.785
0.786
0.787
0.788
0.788
0.789
0.79
0.79
0.791
0.792
0.792
0.793
0.794
0.794
0.795
0.796
0.797
0.797
0.798
0.799
0.799
0.8
0.799
0.798
0.796
0.795
0.794
0.793
0.792
0.79
0.789
0.788
0.787
0.786
0.784
0.783
0.782
0.781
0.779
0.778
0.777
0.776
0.775
0.773
0.772
0.771
0.77
0.769
0.767
0.766
0.765
0.764
0.763
0.761
0.76
0.759
0.758
0.757
0.755
0.754
0.753
0.752
0.751
0.749
0.748
0.747
0.746
0.744
0.743
0.742
0.741
0.74
0.738
0.737
0.736
0.735
0.734
0.732
0.731
0.73
0.729
0.728
0.726
0.725
0.724
0.723
0.722
0.72
0.719
0.718
0.717
0.715
0.714
0.717
0.72
0.722
0.725
0.728
0.73
0.733
0.736
0.738
0.741
0.744
0.746
0.749
0.752
0.754
0.757
0.76
0.763
0.765
0.768
0.771
0.773
0.776
0.779
0.781
0.784
0.787
0.789
0.792
0.795
0.797
0.8
0.8
0.8
0.801
0.801
0.801
0.801
0.801
0.802
0.802
0.802
0.802
0.803
0.803
0.803
0.803
0.803
0.804
0.804
0.804
0.804
0.804
0.805
0.805
0.805
0.805
0.805
0.806
0.806
0.806
0.806
0.807
0.807
0.807
0.807
0.807
0.808
0.808
0.808
0.808
0.808
0.809
0.809
0.809
0.809
0.81
0.81
0.81
0.81
0.81
0.811
0.811
0.811
0.811
0.811
0.812
0.812
0.812
0.812
0.812
0.813
0.813
0.813
0.813
0.814
0.814
0.814
0.814
0.814
0.815
0.815
0.815
0.815
0.815
0.816
0.816
0.816
0.816
0.816
0.817
0.817
0.817
0.817
0.818
0.818
0.818
0.818
0.814
0.81
0.806
0.803
0.799
0.795
0.791
0.787
0.783
0.779
0.775
0.771
0.768
0.764
0.76
0.756
0.752
0.748
0.744
0.74
0.736
0.732
0.729
0.725
0.721
0.717
0.713
0.709
0.705
0.701
0.697
0.694
0.69
0.686
0.682
0.678
0.674
0.67
0.666
0.662
0.658
0.655
0.651
0.647
0.643
0.639
0.635
0.631
0.627
0.623
0.619
0.616
0.612
0.608
0.604
0.6
0.605
0.611
0.616
0.621
0.626
0.632
0.637
0.642
0.648
0.653
0.658
0.663
0.669
0.674
0.679
0.685
0.69
0.695
0.7
0.706
0.711
0.716
0.722
0.727
0.732
0.738
0.743
0.748
0.753
0.759
0.764
0.769
0.775
0.78
0.785
0.79
0.796
0.801
0.806
0.812
0.817
0.822
0.827
0.833
0.838
0.843
0.849
0.854
0.859
0.864
0.87
0.875
0.855
0.836
0.816
0.796
0.776
0.757
0.737
0.717
0.697
0.678
0.658
0.638
0.618
0.599
0.579
0.559
0.539
0.52
0.5
0.481
0.463
0.444
0.426
0.407
0.389
0.37
0.352
0.333
0.315
0.296
0.278
0.259
0.241
0.222
0.232
0.242
0.251
0.261
0.27
0.28
0.29
0.299
0.309
0.319
0.328
0.338
0.348
0.357
0.367
0.377
0.386
0.396
0.406
0.415
0.425
0.434
0.444
0.454
0.463
0.473
0.483
0.492
0.502
0.512
0.521
0.531
0.541
0.55
0.56
0.57
0.579
0.589
0.599
0.608
0.618
0.627
0.637
0.647
0.656
0.666
0.676
0.685
0.695
0.705
0.714
0.707
0.7
0.693
0.686
0.679
0.672
0.665
0.658
0.651
0.644
0.637
0.63
0.623
0.616
0.608
0.601
0.594
0.587
0.58
0.573
0.566
0.559
0.552
0.545
0.538
0.531
0.524
0.517
0.51
0.503
0.496
0.489
0.481
0.474
0.467
0.46
0.453
0.446
0.439
0.432
0.425
0.418
0.411
0.404
0.397
0.39
0.383
0.376
0.369
0.362
0.354
0.347
0.34
0.333
0.329
0.324
0.319
0.315
0.31
0.306
0.301
0.296
0.292
0.287
0.282
0.278
0.273
0.269
0.264
0.259
0.255
0.25
0.269
0.288
0.308
0.327
0.346
0.365
0.385
0.404
0.423
0.442
0.462
0.481
0.5
0.5
0.5
0.5
0.5
0.5
0.5
0.5
0.5
0.5
0.5
0.5
0.5
0.5
0.5
0.5
0.5
0.5
0.5
0.5
0.5
0.5
0.5
0.5
0.5
0.5
0.5
0.5
0.5
0.5
0.5
0.5
0.5
0.5
0.5
0.5
0.5
0.5
0.5
0.5
0.5
0.5
0.5
0.5
0.5
0.5
0.5
0.5
0.5
0.5
0.5
0.5
0.5
0.5
0.5
0.5
0.502
0.505
0.507
0.509
0.511
0.514
0.516
0.518
0.521
0.523
0.525
0.528
0.53
0.532
0.534
0.537
0.539
0.541
0.544
0.546
0.548
0.551
0.553
0.555
0.557
0.56
0.562
0.564
0.567
0.569
0.571
0.573
0.576
0.578
0.58
0.583
0.585
0.587
0.59
0.592
0.594
0.596
0.599
0.601
0.603
0.606
0.608
0.61
0.612
0.615
0.617
0.619
0.622
0.624
0.626
0.629
0.631
0.633
0.635
0.638
0.64
0.642
0.645
0.647
0.649
0.652
0.654
0.656
0.658
0.661
0.663
0.665
0.668
0.67
0.672
0.674
0.677
0.679
0.681
0.684
0.686
0.688
0.691
0.693
0.695
0.697
0.7
0.702
0.704
0.707
0.709
0.711
0.713
0.716
0.718
0.72
0.723
0.725
0.727
0.717
0.707
0.696
0.686
0.676
0.665
0.655
0.645
0.634
0.624
0.614
0.603
0.593
0.583
0.572
0.562
0.552
0.541
0.531
0.521
0.51
0.5
0.504
0.507
0.511
0.515
0.518
0.522
0.526
0.529
0.533
0.537
0.54
0.544
0.548
0.551
0.555
0.559
0.562
0.566
0.57
0.573
0.577
0.58
0.584
0.588
0.591
0.595
0.599
0.602
0.606
0.61
0.613
0.617
0.621
0.624
0.628
0.632
0.635
0.639
0.643
0.646
0.65
0.654
0.657
0.661
0.665
0.668
0.672
0.676
0.679
0.683
0.687
0.69
0.694
0.698
0.701
0.705
0.709
0.712
0.716
0.72
0.723
0.727
0.73
0.734
0.738
0.741
0.745
0.749
0.752
0.756
0.76
0.763
0.767
0.771
0.774
0.778
0.782
0.785
0.789
0.793
0.796
0.8
0.801
0.802
0.803
0.803
0.804
0.805
0.806
0.807
0.808
0.809
0.81
0.81
0.811
0.812
0.813
0.814
0.815
0.816
0.816
0.817
0.818
0.819
0.82
0.821
0.822
0.823
0.823
0.824
0.825
0.826
0.827
0.828
0.829
0.829
0.83
0.831
0.832
0.833
0.834
0.835
0.835
0.836
0.837
0.838
0.839
0.84
0.841
0.842
0.842
0.843
0.844
0.845
0.846
0.847
0.848
0.848
0.849
0.85
0.851
0.852
0.853
0.854
0.855
0.855
0.856
0.857
0.851
0.846
0.84
0.834
0.829
0.823
0.817
0.812
0.806
0.8
0.795
0.789
0.783
0.778
0.772
0.766
0.761
0.755
0.749
0.744
0.738
0.732
0.727
0.721
0.715
0.71
0.704
0.698
0.693
0.687
0.681
0.676
0.67
0.664
0.659
0.653
0.647
0.642
0.636
0.63
0.625
0.619
0.613
0.608
0.602
0.596
0.591
0.585
0.579
0.574
0.568
0.562
0.557
0.551
0.545
0.54
0.534
0.528
0.523
0.517
0.511
0.506
0.5
0.503
0.506
0.508
0.511
0.514
0.517
0.52
0.523
0.525
0.528
0.531
0.534
0.537
0.539
0.542
0.545
0.548
0.551
0.554
0.556
0.559
0.562
0.565
0.568
0.57
0.573
0.576
0.579
0.582
0.585
0.587
0.59
0.593
0.596
0.599
0.602
0.604
0.607
0.61
0.613
0.616
0.618
0.621
0.624
0.627
0.63
0.633
0.635
0.638
0.641
0.644
0.647
0.649
0.652
0.655
0.658
0.661
0.664
0.666
0.669
0.672
0.675
0.678
0.68
0.683
0.686
0.689
0.692
0.695
0.697
0.7
0.703
0.706
0.709
0.711
0.714
0.717
0.72
0.723
0.726
0.728
0.731
0.734
0.737
0.74
0.742
0.745
0.748
0.751
0.754
0.757
0.759
0.762
0.765
0.768
0.771
0.773
0.776
0.779
0.782
0.785
0.788
0.79
0.793
0.796
0.799
0.802
0.805
0.807
0.81
0.813
0.816
0.819
0.821
0.824
0.827
0.83
0.833
0.836
0.838
0.841
0.844
0.847
0.85
0.852
0.855
0.858
0.861
0.864
0.867
0.869
0.872
0.875
0.872
0.869
0.866
0.863
0.86
0.857
0.854
0.851
0.848
0.845
0.841
0.838
0.835
0.832
0.829
0.826
0.823
0.82
0.817
0.814
0.811
0.808
0.805
0.802
0.799
0.796
0.793
0.79
0.787
0.784
0.78
0.777
0.774
0.771
0.768
0.765
0.762
0.759
0.756
0.753
0.75
0.747
0.744
0.741
0.738
0.735
0.732
0.729
0.726
0.723
0.72
0.716
0.713
0.71
0.707
0.704
0.701
0.698
0.695
0.692
0.689
0.686
0.683
0.68
0.677
0.674
0.671
0.668
0.665
0.662
0.659
0.655
0.652
0.649
0.646
0.643
0.64
0.637
0.634
0.631
0.628
0.625
0.622
0.619
0.616
0.613
0.61
0.607
0.604
0.601
0.598
0.595
0.591
0.588
0.585
0.582
0.579
0.576
0.573
0.57
0.567
0.564
0.561
0.558
0.555
0.552
0.549
0.546
0.543
0.54
0.537
0.534
0.53
0.527
0.524
0.521
0.518
0.515
0.512
0.509
0.506
0.503
0.5
0.501
0.502
0.503
0.504
0.505
0.506
0.506
0.507
0.508
0.509
0.51
0.511
0.512
0.513
0.514
0.515
0.516
0.517
0.518
0.519
0.519
0.52
0.521
0.522
0.523
0.524
0.525
0.526
0.527
0.528
0.529
0.53
0.531
0.531
0.532
0.533
0.534
0.535
0.536
0.537
0.538
0.539
0.54
0.541
0.542
0.543
0.544
0.544
0.545
0.546
0.547
0.548
0.549
0.55
0.551
0.552
0.553
0.554
0.555
0.556
0.556
0.557
0.558
0.559
0.56
0.561
0.562
0.563
0.564
0.565
0.566
0.567
0.568
0.569
0.569
0.57
0.571
0.572
0.573
0.574
0.575
0.576
0.577
0.578
0.579
0.58
0.581
0.581
0.582
0.583
0.584
0.585
0.586
0.587
0.588
0.589
0.59
0.591
0.592
0.593
0.594
0.594
0.595
0.596
0.597
0.598
0.599
0.6
0.594
0.588
0.581
0.575
0.569
0.562
0.556
0.55
0.544
0.538
0.531
0.525
0.519
0.512
0.506
0.5
0.499
0.498
0.498
0.497
0.496
0.495
0.494
0.493
0.493
0.492
0.491
0.49
0.489
0.489
0.488
0.487
0.486
0.485
0.485
0.484
0.483
0.482
0.481
0.48
0.48
0.479
0.478
0.477
0.476
0.476
0.475
0.474
0.473
0.472
0.472
0.471
0.47
0.469
0.468
0.467
0.467
0.466
0.465
0.464
0.463
0.463
0.462
0.461
0.46
0.459
0.459
0.458
0.457
0.456
0.455
0.454
0.454
0.453
0.452
0.451
0.45
0.45
0.449
0.448
0.447
0.446
0.446
0.445
0.444
0.443
0.442
0.441
0.441
0.44
0.439
0.438
0.437
0.437
0.436
0.435
0.434
0.433
0.433
0.432
0.431
0.43
0.429
0.428
0.428
0.427
0.426
0.425
0.424
0.424
0.423
0.422
0.421
0.42
0.42
0.419
0.418
0.417
0.416
0.415
0.415
0.414
0.413
0.412
0.411
0.411
0.41
0.409
0.408
0.407
0.407
0.406
0.405
0.404
0.403
0.402
0.402
0.401
0.4
0.402
0.404
0.406
0.407
0.409
0.411
0.413
0.415
0.417
0.419
0.42
0.422
0.424
0.426
0.428
0.43
0.431
0.433
0.435
0.437
0.439
0.441
0.443
0.444
0.446
0.448
0.45
0.452
0.454
0.456
0.457
0.459
0.461
0.463
0.465
0.467
0.469
0.47
0.472
0.474
0.476
0.478
0.48
0.481
0.483
0.485
0.487
0.489
0.491
0.493
0.494
0.496
0.498
0.5
0.509
0.518
0.527
0.536
0.545
0.555
0.564
0.573
0.582
0.591
0.6
0.609
0.618
0.627
0.636
0.645
0.655
0.664
0.673
0.682
0.691
0.7
0.709
0.718
0.727
0.736
0.745
0.755
0.764
0.773
0.782
0.791
0.8
0.798
0.795
0.793
0.79
0.788
0.785
0.783
0.78
0.778
0.775
0.773
0.77
0.768
0.765
0.763
0.76
0.758
0.755
0.753
0.75
0.748
0.745
0.742
0.74
0.738
0.735
0.732
0.73
0.728
0.725
0.722
0.72
0.718
0.715
0.712
0.71
0.708
0.705
0.702
0.7
0.698
0.695
0.692
0.69
0.688
0.685
0.682
0.68
0.678
0.675
0.672
0.67
0.668
0.665
0.662
0.66
0.658
0.655
0.653
0.65
0.648
0.645
0.643
0.64
0.638
0.635
0.633
0.63
0.628
0.625
0.622
0.62
0.618
0.615
0.612
0.61
0.608
0.605
0.602
0.6
0.598
0.595
0.592
0.59
0.588
0.585
0.582
0.58
0.578
0.575
0.572
0.57
0.568
0.565
0.562
0.56
0.558
0.555
0.552
0.55
0.548
0.545
0.542
0.54
0.538
0.535
0.532
0.53
0.528
0.525
0.522
0.52
0.518
0.515
0.512
0.51
0.508
0.505
0.502
0.5
0.487
0.473
0.46
0.447
0.433
0.42
0.407
0.393
0.38
0.367
0.353
0.34
0.327
0.313
0.3
0.287
0.273
0.26
0.247
0.233
0.22
0.207
0.193
0.18
0.167
0.153
0.14
0.127
0.113
0.1
0.119
0.138
0.158
0.177
0.196
0.215
0.235
0.254
0.273
0.292
0.312
0.331
0.35
0.369
0.388
0.408
0.427
0.446
0.465
0.485
0.504
0.523
0.542
0.562
0.581
0.6
0.606
0.611
0.617
0.623
0.629
0.634
0.64
0.646
0.652
0.657
0.663
0.669
0.674
0.68
0.686
0.692
0.697
0.703
0.709
0.715
0.72
0.726
0.732
0.738
0.743
0.749
0.755
0.76
0.766
0.772
0.778
0.783
0.789
0.795
0.801
0.806
0.812
0.818
0.823
0.829
0.835
0.841
0.846
0.852
0.858
0.864
0.869
0.875
0.874
0.873
0.872
0.87
0.869
0.868
0.867
0.866
0.865
0.863
0.862
0.861
0.86
0.859
0.858
0.857
0.855
0.854
0.853
0.852
0.851
0.85
0.848
0.847
0.846
0.845
0.844
0.843
0.842
0.84
0.839
0.838
0.837
0.836
0.835
0.833
0.832
0.831
0.83
0.829
0.828
0.827
0.825
0.824
0.823
0.822
0.821
0.82
0.818
0.817
0.816
0.815
0.814
0.813
0.812
0.81
0.809
0.808
0.807
0.806
0.805
0.803
0.802
0.801
0.8
0.794
0.789
0.783
0.778
0.772
0.767
0.761
0.756
0.75
0.744
0.739
0.733
0.728
0.722
0.717
0.711
0.706
0.7
0.694
0.689
0.683
0.678
0.672
0.667
0.661
0.656
0.65
0.644
0.639
0.633
0.628
0.622
0.617
0.611
0.606
0.6
0.594
0.588
0.581
0.575
0.569
0.562
0.556
0.55
0.544
0.538
0.531
0.525
0.519
0.512
0.506
0.5
0.5
0.5
0.5
0.5
0.5
0.5
0.5
0.5
0.5
0.5
0.5
0.5
0.5
0.5
0.5
0.5
0.5
0.5
0.5
0.5
0.5
0.5
0.5
0.5
0.5
0.5
0.5
0.5
0.5
0.5
0.5
0.5
0.5
0.5
0.5
0.5
0.5
0.5
0.5
0.5
0.5
0.5
0.5
0.5
0.5
0.5
0.5
0.5
0.5
0.5
0.5
0.5
0.5
0.5
0.5
0.5
0.5
0.5
0.5
0.5
0.5
0.5
0.5
0.5
0.496
0.491
0.487
0.482
0.478
0.473
0.469
0.464
0.46
0.455
0.451
0.446
0.442
0.438
0.433
0.429
0.451
0.473
0.495
0.516
0.538
0.56
0.582
0.604
0.626
0.648
0.67
0.692
0.714
0.714
0.714
0.714
0.714
0.714
0.714
0.714
0.714
0.714
0.714
0.714
0.714
0.714
0.714
0.714
0.714
0.714
0.714
0.714
0.714
0.714
0.714
