0.0
0.111
0.22
0.325
0.429
0.477
0.523
0.566
0.607
0.646
0.682
0.716
0.748
0.778
0.806
0.832
0.855
0.877
0.897
0.915
0.931
0.945
0.958
0.969
0.978
0.986
0.993
0.997
1.001
1.003
1.003
1.003
1.001
0.998
0.994
0.989
0.982
0.975
0.967
0.958
0.948
0.937
0.925
0.913
0.9
0.887
0.872
0.858
0.843
0.827
0.811
0.795
0.779
0.762
0.745
0.728
0.711
0.694
0.677
0.66
0.643
0.626
0.61
0.593
0.577
0.562
0.546
0.532
0.517
0.504
0.49
0.478
0.466
0.455
0.444
0.435
0.426
0.419
0.412
0.406
0.401
0.398
0.396
0.394
0.394
0.396
0.399
0.403
0.408
0.416
0.424
0.435
0.446
0.46
0.475
0.493
0.512
0.532
0.555
0.58
0.607
0.636
0.667
0.732
0.798
0.866
0.933
1.0
1.031
1.061
1.09
1.117
1.143
1.168
1.191
1.213
1.234
1.254
1.273
1.29
1.306
1.322
1.336
1.349
1.361
1.371
1.381
1.39
1.398
1.405
1.411
1.417
1.421
1.424
1.427
1.429
1.43
1.43
1.43
1.429
1.427
1.424
1.421
1.417
1.412
1.407
1.402
1.395
1.389
1.381
1.373
1.365
1.356
1.347
1.338
1.328
1.318
1.307
1.296
1.285
1.273
1.262
1.25
1.237
1.225
1.212
1.2
1.187
1.174
1.161
1.148
1.135
1.122
1.108
1.095
1.082
1.069
1.056
1.044
1.031
1.018
1.006
0.994
0.982
0.97
0.959
0.948
0.937
0.927
0.917
0.907
0.897
0.888
0.88
0.872
0.864
0.857
0.848
0.839
0.831
0.824
0.816
0.809
0.803
0.797
0.791
0.785
0.78
0.774
0.769
0.765
0.76
0.755
0.751
0.746
0.742
0.737
0.733
0.728
0.724
0.719
0.714
0.709
0.704
0.698
0.693
0.687
0.681
0.674
0.667
0.66
0.652
0.644
0.635
0.626
0.616
0.606
0.595
0.584
0.571
0.559
0.546
0.533
0.519
0.504
0.489
0.474
0.458
0.442
0.425
0.408
0.392
0.374
0.357
0.34
0.322
0.305
0.287
0.27
0.253
0.236
0.219
0.202
0.186
0.169
0.154
0.138
0.123
0.109
0.094
0.081
0.068
0.056
0.044
0.033
0.023
0.013
0.005
-0.003
-0.01
-0.016
-0.021
-0.025
-0.028
-0.029
-0.03
-0.029
-0.028
-0.024
-0.02
-0.014
-0.007
0.001
0.011
0.023
0.036
0.05
0.066
0.084
0.104
0.125
0.148
0.173
0.2
0.256
0.313
0.37
0.425
0.476
0.523
0.565
0.6
0.59
0.573
0.551
0.523
0.491
0.456
0.419
0.381
0.343
0.306
0.271
0.239
0.211
0.188
0.171
0.161
0.16
0.167
0.237
0.315
0.399
0.487
0.577
0.667
0.711
0.753
0.793
0.83
0.865
0.898
0.929
0.958
0.985
1.01
1.033
1.054
1.074
1.091
1.107
1.121
1.133
1.144
1.153
1.161
1.167
1.171
1.175
1.176
1.177
1.176
1.174
1.171
1.167
1.161
1.154
1.147
1.138
1.129
1.118
1.107
1.095
1.082
1.069
1.055
1.04
1.024
1.008
0.992
0.975
0.957
0.939
0.921
0.903
0.884
0.865
0.846
0.827
0.808
0.789
0.769
0.75
0.731
0.712
0.693
0.675
0.657
0.639
0.621
0.604
0.587
0.571
0.555
0.54
0.525
0.511
0.498
0.485
0.474
0.463
0.453
0.444
0.436
0.429
0.425
0.423
0.422
0.422
0.422
0.423
0.425
0.427
0.43
0.434
0.437
0.442
0.446
0.451
0.456
0.461
0.466
0.471
0.476
0.481
0.485
0.489
0.493
0.497
0.5
0.501
0.502
0.502
0.501
0.5
0.495
0.49
0.483
0.477
0.47
0.463
0.455
0.447
0.439
0.431
0.423
0.414
0.406
0.398
0.39
0.383
0.376
0.369
0.362
0.356
0.351
0.346
0.342
0.339
0.336
0.334
0.333
0.343
0.353
0.365
0.377
0.389
0.402
0.416
0.43
0.444
0.458
0.472
0.486
0.5
0.508
0.516
0.524
0.531
0.538
0.545
0.552
0.558
0.564
0.57
0.576
0.582
0.587
0.592
0.597
0.602
0.607
0.611
0.615
0.619
0.623
0.627
0.63
0.633
0.636
0.639
0.642
0.645
0.647
0.649
0.651
0.653
0.655
0.657
0.658
0.66
0.661
0.662
0.663
0.664
0.665
0.665
0.666
0.666
0.666
0.666
0.666
0.666
0.666
0.666
0.666
0.665
0.665
0.664
0.663
0.662
0.661
0.661
0.66
0.658
0.657
0.656
0.655
0.653
0.652
0.651
0.649
0.648
0.646
0.644
0.643
0.641
0.639
0.638
0.636
0.634
0.632
0.63
0.629
0.627
0.625
0.622
0.62
0.617
0.614
0.611
0.609
0.606
0.603
0.601
0.598
0.595
0.593
0.59
0.587
0.585
0.582
0.58
0.577
0.575
0.572
0.57
0.567
0.565
0.562
0.56
0.558
0.555
0.553
0.551
0.548
0.546
0.544
0.542
0.54
0.538
0.536
0.534
0.532
0.53
0.529
0.527
0.525
0.523
0.522
0.52
0.519
0.517
0.516
0.515
0.513
0.512
0.511
0.51
0.509
0.508
0.507
0.506
0.506
0.505
0.504
0.504
0.503
0.503
0.503
0.503
0.502
0.502
0.502
0.503
0.503
0.503
0.503
0.504
0.505
0.505
0.506
0.507
0.508
0.509
0.51
0.511
0.512
0.514
0.515
0.517
0.519
0.521
0.522
0.525
0.527
0.529
0.531
0.534
0.537
0.539
0.542
0.545
0.548
0.551
0.555
0.558
0.562
0.566
0.569
0.573
0.577
0.582
0.586
0.591
0.595
0.6
0.609
0.617
0.626
0.634
0.642
0.649
0.656
0.662
0.667
0.661
0.654
0.646
0.638
0.628
0.618
0.607
0.596
0.584
0.571
0.558
0.545
0.532
0.518
0.504
0.491
0.477
0.463
0.45
0.437
0.424
0.412
0.4
0.395
0.391
0.388
0.385
0.382
0.38
0.378
0.377
0.376
0.376
0.376
0.377
0.377
0.378
0.38
0.381
0.383
0.386
0.388
0.391
0.394
0.397
0.4
0.404
0.408
0.411
0.415
0.419
0.423
0.427
0.432
0.436
0.44
0.444
0.448
0.453
0.457
0.461
0.465
0.468
0.472
0.476
0.479
0.482
0.485
0.488
0.491
0.493
0.495
0.497
0.498
0.499
0.5
0.501
0.501
0.501
0.5
0.495
0.489
0.483
0.476
0.469
0.462
0.455
0.448
0.44
0.433
0.425
0.417
0.41
0.402
0.394
0.387
0.379
0.372
0.365
0.358
0.351
0.345
0.339
0.333
0.334
0.336
0.338
0.34
0.343
0.346
0.349
0.353
0.356
0.361
0.365
0.37
0.375
0.38
0.385
0.391
0.397
0.403
0.409
0.416
0.422
0.429
0.436
0.443
0.45
0.457
0.464
0.471
0.479
0.486
0.493
0.501
0.508
0.516
0.523
0.53
0.538
0.545
0.552
0.559
0.566
0.573
0.58
0.587
0.594
0.6
0.603
0.605
0.607
0.609
0.611
0.613
0.615
0.616
0.618
0.619
0.62
0.621
0.622
0.623
0.623
0.624
0.624
0.624
0.624
0.624
0.624
0.624
0.623
0.623
0.622
0.621
0.621
0.62
0.619
0.618
0.616
0.615
0.614
0.612
0.611
0.609
0.607
0.606
0.604
0.602
0.6
0.598
0.596
0.594
0.591
0.589
0.587
0.584
0.582
0.579
0.577
0.574
0.572
0.569
0.566
0.564
0.561
0.558
0.555
0.552
0.55
0.547
0.544
0.541
0.538
0.535
0.532
0.529
0.526
0.523
0.52
0.518
0.515
0.512
0.509
0.506
0.503
0.5
0.497
0.495
0.492
0.489
0.487
0.484
0.481
0.479
0.476
0.474
0.471
0.469
0.466
0.464
0.462
0.46
0.457
0.455
0.453
0.451
0.45
0.448
0.446
0.444
0.443
0.443
0.442
0.441
0.44
0.44
0.439
0.439
0.438
0.438
0.438
0.437
0.437
0.437
0.437
0.436
0.436
0.436
0.436
0.436
0.436
0.436
0.436
0.436
0.436
0.436
0.436
0.436
0.436
0.436
0.436
0.436
0.436
0.436
0.435
0.435
0.435
0.435
0.434
0.434
0.434
0.433
0.433
0.432
0.432
0.431
0.43
0.429
0.429
0.428
0.428
0.427
0.426
0.426
0.425
0.424
0.423
0.422
0.421
0.42
0.419
0.418
0.417
0.415
0.414
0.413
0.412
0.41
0.409
0.407
0.406
0.405
0.403
0.402
0.4
0.399
0.397
0.396
0.394
0.393
0.392
0.39
0.389
0.387
0.386
0.385
0.383
0.382
0.381
0.38
0.378
0.377
0.376
0.375
0.374
0.373
0.372
0.371
0.371
0.37
0.369
0.369
0.368
0.368
0.367
0.367
0.367
0.367
0.367
0.367
0.367
0.367
0.367
0.368
0.368
0.369
0.37
0.371
0.372
0.373
0.374
0.375
0.377
0.378
0.38
0.382
0.384
0.386
0.389
0.391
0.394
0.396
0.399
0.402
0.405
0.409
0.412
0.416
0.42
0.424
0.428
0.432
0.437
0.442
0.447
0.452
0.457
0.463
0.468
0.474
0.48
0.487
0.493
0.5
0.508
0.516
0.525
0.533
0.542
0.55
0.559
0.567
0.575
0.583
0.591
0.598
0.605
0.612
0.618
0.624
0.63
0.635
0.639
0.642
0.645
0.647
0.649
0.649
0.649
0.648
0.646
0.643
0.638
0.633
0.627
0.619
0.61
0.6
0.572
0.544
0.514
0.484
0.453
0.423
0.393
0.363
0.333
0.32
0.307
0.295
0.284
0.274
0.265
0.257
0.249
0.242
0.236
0.23
0.226
0.221
0.218
0.215
0.213
0.211
0.21
0.21
0.21
0.21
0.211
0.213
0.215
0.217
0.22
0.223
0.226
0.23
0.234
0.239
0.243
0.248
0.254
0.259
0.265
0.27
0.276
0.282
0.289
0.295
0.301
0.308
0.314
0.321
0.327
0.333
0.342
0.351
0.359
0.368
0.376
0.384
0.393
0.401
0.409
0.417
0.425
0.433
0.441
0.449
0.456
0.464
0.471
0.479
0.486
0.494
0.501
0.508
0.515
0.522
0.529
0.535
0.542
0.549
0.555
0.561
0.568
0.574
0.58
0.586
0.592
0.597
0.603
0.608
0.614
0.619
0.624
0.629
0.634
0.639
0.644
0.648
0.652
0.657
0.661
0.665
0.669
0.672
0.676
0.68
0.683
0.686
0.689
0.692
0.695
0.697
0.7
0.702
0.704
0.706
0.708
0.71
0.711
0.713
0.714
0.715
0.716
0.717
0.717
0.717
0.718
0.718
0.718
0.717
0.717
0.716
0.715
0.714
0.707
0.699
0.691
0.683
0.675
0.666
0.658
0.649
0.641
0.632
0.623
0.614
0.605
0.596
0.587
0.578
0.569
0.56
0.55
0.541
0.532
0.523
0.514
0.505
0.496
0.487
0.478
0.469
0.461
0.452
0.444
0.436
0.427
0.419
0.412
0.404
0.396
0.389
0.382
0.375
0.368
0.362
0.356
0.35
0.344
0.339
0.333
0.333
0.333
0.334
0.334
0.335
0.336
0.338
0.339
0.341
0.343
0.346
0.348
0.351
0.354
0.357
0.361
0.364
0.368
0.372
0.376
0.38
0.385
0.389
0.394
0.399
0.404
0.409
0.414
0.419
0.425
0.43
0.436
0.442
0.448
0.454
0.459
0.465
0.472
0.478
0.484
0.49
0.496
0.503
0.509
0.515
0.521
0.528
0.534
0.54
0.547
0.553
0.559
0.565
0.571
0.578
0.584
0.59
0.596
0.601
0.607
0.613
0.618
0.624
0.629
0.635
0.64
0.645
0.65
0.654
0.659
0.663
0.668
0.672
0.676
0.68
0.683
0.687
0.69
0.693
0.696
0.699
0.701
0.703
0.705
0.707
0.709
0.71
0.711
0.712
0.712
0.712
0.712
0.712
0.711
0.71
0.709
0.708
0.706
0.704
0.701
0.698
0.695
0.691
0.688
0.683
0.679
0.674
0.668
0.663
0.656
0.65
0.643
0.636
0.628
0.62
0.611
0.602
0.592
0.583
0.572
0.561
0.55
0.538
0.526
0.513
0.5
0.473
0.446
0.419
0.392
0.366
0.339
0.314
0.289
0.265
0.242
0.22
0.2
0.182
0.187
0.193
0.201
0.211
0.223
0.235
0.25
0.265
0.281
0.299
0.317
0.337
0.357
0.378
0.399
0.421
0.443
0.466
0.488
0.511
0.534
0.557
0.58
0.602
0.625
0.646
0.668
0.688
0.708
0.727
0.736
0.744
0.751
0.757
0.763
0.768
0.772
0.775
0.777
0.779
0.781
0.782
0.782
0.781
0.781
0.779
0.777
0.775
0.772
0.769
0.766
0.762
0.758
0.753
0.749
0.744
0.739
0.733
0.728
0.722
0.716
0.71
0.704
0.699
0.693
0.687
0.681
0.675
0.669
0.664
0.658
0.653
0.648
0.643
0.638
0.634
0.63
0.626
0.622
0.619
0.617
0.615
0.613
0.612
0.611
0.61
0.611
0.612
0.613
0.615
0.618
0.621
0.626
0.63
0.636
0.642
0.65
0.658
0.667
0.677
0.688
0.699
0.711
0.722
0.734
0.745
0.755
0.765
0.773
0.781
0.787
0.791
0.793
0.794
0.792
0.787
0.78
0.769
0.756
0.739
0.719
0.695
0.667
0.609
0.548
0.487
0.427
0.369
0.316
0.269
0.23
0.2
0.232
0.273
0.322
0.375
0.432
0.49
0.546
0.6
0.621
0.638
0.65
0.657
0.661
0.662
0.659
0.653
0.645
0.634
0.621
0.606
0.59
0.573
0.555
0.537
0.518
0.5
0.483
0.467
0.452
0.436
0.422
0.407
0.393
0.379
0.366
0.353
0.34
0.328
0.316
0.305
0.293
0.283
0.272
0.262
0.252
0.243
0.234
0.225
0.216
0.208
0.2
0.193
0.185
0.178
0.172
0.165
0.159
0.153
0.148
0.143
0.138
0.133
0.128
0.124
0.12
0.116
0.113
0.11
0.107
0.104
0.101
0.099
0.097
0.095
0.093
0.091
0.09
0.089
0.088
0.087
0.086
0.086
0.086
0.086
0.086
0.086
0.086
0.087
0.087
0.088
0.089
0.09
0.091
0.093
0.094
0.096
0.097
0.099
0.101
0.103
0.105
0.107
0.109
0.112
0.114
0.117
0.119
0.122
0.124
0.127
0.13
0.133
0.135
0.138
0.141
0.144
0.147
0.15
0.153
0.156
0.159
0.162
0.165
0.168
0.171
0.174
0.177
0.179
0.182
0.185
0.188
0.191
0.193
0.196
0.199
0.201
0.204
0.206
0.208
0.211
0.213
0.215
0.217
0.219
0.221
0.222
0.227
0.232
0.237
0.241
0.246
0.251
0.255
0.26
0.264
0.268
0.272
0.277
0.281
0.285
0.289
0.294
0.298
0.302
0.307
0.311
0.315
0.32
0.324
0.329
0.333
0.338
0.343
0.349
0.354
0.359
0.364
0.37
0.375
0.38
0.385
0.39
0.395
0.4
0.402
0.404
0.406
0.408
0.409
0.411
0.412
0.414
0.415
0.416
0.417
0.418
0.419
0.42
0.421
0.422
0.422
0.423
0.423
0.424
0.424
0.424
0.424
0.425
0.425
0.425
0.424
0.424
0.424
0.424
0.423
0.423
0.422
0.422
0.421
0.42
0.42
0.419
0.418
0.417
0.416
0.415
0.414
0.413
0.412
0.411
0.41
0.408
0.407
0.406
0.404
0.403
0.402
0.4
0.399
0.397
0.396
0.394
0.392
0.391
0.389
0.387
0.386
0.384
0.382
0.38
0.379
0.377
0.375
0.374
0.374
0.373
0.372
0.372
0.371
0.37
0.37
0.369
0.368
0.368
0.367
0.367
0.367
0.366
0.366
0.366
0.365
0.365
0.365
0.365
0.365
0.365
0.366
0.366
0.366
0.367
0.368
0.368
0.369
0.37
0.371
0.373
0.374
0.376
0.377
0.379
0.381
0.383
0.386
0.388
0.391
0.393
0.396
0.4
0.403
0.406
0.41
0.414
0.418
0.423
0.427
0.432
0.437
0.442
0.448
0.453
0.459
0.465
0.472
0.478
0.485
0.493
0.5
0.508
0.515
0.523
0.532
0.54
0.549
0.558
0.567
0.577
0.587
0.596
0.606
0.617
0.627
0.637
0.648
0.659
0.67
0.681
0.692
0.703
0.714
0.726
0.737
0.749
0.761
0.772
0.784
0.796
0.808
0.819
0.831
0.843
0.855
0.867
0.879
0.89
0.902
0.914
0.926
0.937
0.949
0.96
0.971
0.983
0.994
1.005
1.016
1.027
1.037
1.048
1.058
1.068
1.078
1.088
1.098
1.107
1.117
1.126
1.135
1.143
1.152
1.16
1.168
1.175
1.183
1.19
1.196
1.203
1.209
1.215
1.221
1.226
1.231
1.235
1.24
1.243
1.247
1.25
1.253
1.255
1.257
1.259
1.26
1.26
1.261
1.26
1.26
1.259
1.257
1.255
1.252
1.249
1.246
1.242
1.237
1.232
1.226
1.22
1.214
1.206
1.198
1.19
1.181
1.171
1.161
1.15
1.139
1.127
1.114
1.101
1.087
1.072
1.057
1.041
1.024
1.007
0.989
0.97
0.95
0.93
0.909
0.888
0.865
0.842
0.818
0.793
0.768
0.741
0.714
0.665
0.615
0.566
0.518
0.473
0.432
0.394
0.361
0.333
0.342
0.356
0.376
0.399
0.427
0.457
0.49
0.525
0.56
0.596
0.631
0.666
0.698
0.729
0.756
0.779
0.798
0.812
0.82
0.822
0.816
0.803
0.781
0.75
0.649
0.543
0.436
0.333
0.288
0.25
0.219
0.195
0.177
0.164
0.157
0.154
0.155
0.16
0.167
0.176
0.188
0.2
0.213
0.226
0.238
0.25
0.264
0.276
0.287
0.297
0.305
0.312
0.318
0.323
0.327
0.331
0.333
0.335
0.336
0.337
0.337
0.337
0.336
0.335
0.335
0.334
0.333
0.332
0.332
0.331
0.332
0.332
0.333
0.336
0.339
0.343
0.347
0.351
0.356
0.361
0.366
0.372
0.378
0.383
0.389
0.394
0.4
0.403
0.406
0.409
0.411
0.414
0.416
0.419
0.421
0.423
0.424
0.426
0.427
0.429
0.43
0.431
0.432
0.433
0.434
0.435
0.435
0.436
0.436
0.436
0.437
0.437
0.437
0.437
0.437
0.436
0.436
0.436
0.435
0.434
0.434
0.433
0.432
0.432
0.431
0.43
0.429
0.428
0.427
0.426
0.424
0.423
0.422
0.421
0.419
0.418
0.417
0.415
0.414
0.412
0.411
0.41
0.408
0.407
0.405
0.404
0.402
0.401
0.399
0.398
0.397
0.395
0.394
0.392
0.391
0.39
0.389
0.387
0.386
0.385
0.384
0.383
0.382
0.381
0.38
0.379
0.378
0.377
0.377
0.376
0.375
0.375
0.375
0.374
0.374
0.374
0.374
0.374
0.374
0.374
0.374
0.375
0.375
0.376
0.376
0.377
0.378
0.379
0.38
0.382
0.383
0.385
0.386
0.388
0.39
0.392
0.394
0.397
0.399
0.402
0.405
0.407
0.411
0.414
0.417
0.421
0.425
0.429
0.435
0.442
0.448
0.455
0.462
0.469
0.476
0.484
0.491
0.499
0.506
0.514
0.522
0.529
0.537
0.545
0.553
0.561
0.568
0.576
0.584
0.592
0.6
0.607
0.615
0.622
0.63
0.637
0.645
0.652
0.659
0.666
0.673
0.679
0.686
0.692
0.698
0.704
0.71
0.715
0.721
0.726
0.73
0.735
0.739
0.743
0.747
0.751
0.754
0.757
0.759
0.762
0.764
0.765
0.767
0.767
0.768
0.768
0.768
0.767
0.766
0.764
0.762
0.76
0.757
0.754
0.75
0.737
0.724
0.711
0.697
0.683
0.668
0.654
0.639
0.625
0.61
0.595
0.581
0.566
0.552
0.538
0.525
0.512
0.499
0.486
0.474
0.463
0.453
0.443
0.433
0.425
0.417
0.411
0.405
0.4
0.404
0.41
0.416
0.423
0.431
0.44
0.45
0.46
0.471
0.482
0.495
0.507
0.52
0.534
0.548
0.562
0.577
0.592
0.607
0.622
0.637
0.652
0.667
0.683
0.698
0.713
0.727
0.742
0.756
0.77
0.783
0.796
0.809
0.821
0.832
0.843
0.853
0.863
0.871
0.879
0.886
0.892
0.897
0.901
0.904
0.906
0.907
0.906
0.904
0.901
0.897
0.891
0.884
0.875
0.865
0.853
0.839
0.824
0.807
0.789
0.768
0.746
0.721
0.695
0.667
0.601
0.534
0.467
0.399
0.333
0.3
0.269
0.24
0.212
0.186
0.162
0.139
0.118
0.098
0.08
0.063
0.048
0.034
0.021
0.009
-0.001
-0.01
-0.018
-0.025
-0.031
-0.035
-0.039
-0.042
-0.044
-0.045
-0.045
-0.044
-0.043
-0.04
-0.038
-0.034
-0.03
-0.025
-0.02
-0.014
-0.008
-0.002
0.005
0.013
0.02
0.028
0.036
0.044
0.053
0.061
0.07
0.078
0.087
0.095
0.104
0.112
0.12
0.128
0.136
0.143
0.158
0.173
0.187
0.201
0.215
0.229
0.243
0.256
0.269
0.282
0.294
0.307
0.319
0.332
0.344
0.356
0.368
0.38
0.392
0.403
0.415
0.427
0.439
0.451
0.462
0.474
0.486
0.498
0.511
0.523
0.535
0.548
0.561
0.574
0.587
0.6
0.615
0.629
0.644
0.66
0.675
0.69
0.706
0.721
0.737
0.752
0.768
0.784
0.799
0.815
0.83
0.845
0.861
0.876
0.89
0.905
0.919
0.934
0.947
0.961
0.974
0.987
1.0
1.003
1.005
1.007
1.009
1.01
1.011
1.012
1.012
1.013
1.012
1.012
1.011
1.01
1.008
1.007
1.005
1.002
1.0
0.997
0.994
0.991
0.988
0.984
0.98
0.976
0.972
0.968
0.963
0.959
0.954
0.949
0.944
0.938
0.933
0.927
0.922
0.916
0.91
0.904
0.898
0.892
0.886
0.879
0.873
0.867
0.86
0.854
0.847
0.841
0.834
0.828
0.821
0.815
0.809
0.802
0.796
0.789
0.783
0.777
0.771
0.765
0.759
0.753
0.747
0.741
0.735
0.73
0.725
0.719
0.714
0.71
0.706
0.702
0.698
0.694
0.69
0.686
0.683
0.679
0.676
0.673
0.67
0.667
0.664
0.661
0.658
0.656
0.653
0.65
0.648
0.646
0.643
0.641
0.638
0.636
0.634
0.632
0.629
0.627
0.625
0.623
0.621
0.619
0.617
0.615
0.612
0.61
0.608
0.606
0.604
0.602
0.599
0.597
0.595
0.593
0.59
0.588
0.586
0.583
0.581
0.578
0.576
0.573
0.571
0.568
0.565
0.562
0.559
0.557
0.554
0.551
0.547
0.544
0.541
0.538
0.534
0.531
0.527
0.524
0.52
0.516
0.512
0.508
0.504
0.5
0.495
0.49
0.485
0.48
0.475
0.47
0.464
0.459
0.454
0.449
0.443
0.438
0.433
0.427
0.422
0.417
0.412
0.407
0.402
0.397
0.392
0.388
0.383
0.379
0.375
0.371
0.367
0.363
0.359
0.356
0.353
0.35
0.347
0.344
0.342
0.34
0.338
0.337
0.335
0.334
0.334
0.333
0.34
0.346
0.353
0.36
0.368
0.375
0.383
0.391
0.4
0.408
0.417
0.426
0.435
0.444
0.453
0.463
0.472
0.482
0.492
0.502
0.512
0.521
0.531
0.541
0.551
0.561
0.571
0.581
0.591
0.601
0.61
0.62
0.629
0.639
0.648
0.657
0.666
0.675
0.683
0.692
0.7
0.708
0.715
0.723
0.73
0.737
0.744
0.75
0.749
0.748
0.746
0.744
0.742
0.74
0.737
0.734
0.731
0.728
0.724
0.72
0.716
0.712
0.707
0.703
0.698
0.693
0.688
0.682
0.677
0.671
0.665
0.659
0.653
0.647
0.641
0.635
0.628
0.622
0.615
0.609
0.602
0.595
0.588
0.582
0.575
0.568
0.561
0.555
0.548
0.541
0.534
0.528
0.521
0.514
0.508
0.502
0.495
0.489
0.483
0.477
0.471
0.465
0.459
0.454
0.448
0.443
0.438
0.433
0.429
0.426
0.423
0.421
0.419
0.417
0.415
0.414
0.412
0.411
0.409
0.408
0.407
0.406
0.405
0.404
0.403
0.402
0.401
0.4
0.4
0.4
0.399
0.399
0.399
0.399
0.399
0.398
0.398
0.398
0.398
0.398
0.398
0.398
0.397
0.397
0.397
0.397
0.397
0.397
0.397
0.397
0.396
0.396
0.396
0.396
0.396
0.396
0.396
0.396
0.396
0.396
0.395
0.395
0.395
0.395
0.395
0.395
0.395
0.395
0.395
0.394
0.394
0.394
0.394
0.394
0.394
0.394
0.394
0.393
0.393
0.393
0.393
0.393
0.393
0.392
0.392
0.392
0.392
0.392
0.391
0.391
0.391
0.391
0.39
0.39
0.39
0.39
0.389
0.389
0.389
0.388
0.388
0.388
0.387
0.387
0.387
0.386
0.386
0.385
0.385
0.384
0.384
0.383
0.383
0.382
0.382
0.381
0.381
0.38
0.38
0.379
0.378
0.378
0.377
0.376
0.376
0.375
0.375
0.374
0.374
0.373
0.373
0.372
0.371
0.371
0.37
0.37
0.369
0.369
0.368
0.367
0.367
0.366
0.366
0.365
0.364
0.364
0.363
0.363
0.362
0.362
0.361
0.361
0.36
0.36
0.359
0.359
0.358
0.358
0.357
0.357
0.357
0.356
0.356
0.356
0.355
0.355
0.355
0.355
0.355
0.355
0.355
0.355
0.355
0.355
0.355
0.355
0.355
0.355
0.355
0.356
0.356
0.357
0.357
0.357
0.358
0.359
0.359
0.36
0.361
0.362
0.363
0.364
0.365
0.366
0.367
0.368
0.369
0.371
0.372
0.374
0.375
0.377
0.378
0.38
0.382
0.384
0.386
0.388
0.39
0.393
0.395
0.397
0.4
0.402
0.405
0.407
0.41
0.413
0.415
0.418
0.421
0.424
0.427
0.43
0.433
0.436
0.439
0.442
0.445
0.448
0.452
0.455
0.458
0.461
0.464
0.468
0.471
0.474
0.477
0.48
0.483
0.486
0.49
0.493
0.496
0.498
0.501
0.504
0.507
0.51
0.512
0.515
0.517
0.52
0.522
0.524
0.526
0.528
0.53
0.532
0.534
0.535
0.537
0.538
0.539
0.541
0.541
0.542
0.543
0.543
0.544
0.544
0.544
0.544
0.544
0.543
0.543
0.542
0.541
0.54
0.538
0.537
0.535
0.533
0.531
0.528
0.525
0.523
0.519
0.516
0.513
0.509
0.505
0.5
0.496
0.491
0.486
0.48
0.475
0.469
0.463
0.456
0.45
0.442
0.435
0.427
0.42
0.411
0.403
0.394
0.385
0.375
0.364
0.353
0.341
0.329
0.318
0.306
0.295
0.283
0.272
0.262
0.251
0.242
0.232
0.224
0.216
0.209
0.203
0.198
0.194
0.191
0.189
0.188
0.189
0.191
0.195
0.2
0.207
0.215
0.225
0.237
0.252
0.268
0.286
0.333
0.383
0.434
0.486
0.539
0.592
0.646
0.7
0.753
0.806
0.857
0.88
0.901
0.921
0.94
0.957
0.974
0.989
1.002
1.015
1.027
1.037
1.046
1.054
1.062
1.068
1.073
1.077
1.08
1.082
1.084
1.084
1.084
1.083
1.081
1.078
1.075
1.07
1.065
1.06
1.054
1.047
1.039
1.031
1.022
1.013
1.003
0.993
0.983
0.971
0.96
0.948
0.936
0.923
0.91
0.897
0.884
0.87
0.856
0.842
0.828
0.813
0.799
0.784
0.769
0.755
0.74
0.725
0.71
0.696
0.681
0.667
0.653
0.64
0.626
0.613
0.6
0.587
0.574
0.561
0.549
0.536
0.524
0.512
0.5
0.488
0.476
0.464
0.453
0.442
0.43
0.419
0.408
0.398
0.387
0.376
0.366
0.356
0.346
0.336
0.326
0.316
0.307
0.298
0.288
0.279
0.27
0.262
0.253
0.245
0.236
0.228
0.22
0.212
0.205
0.197
0.19
0.183
0.176
0.169
0.162
0.156
0.149
0.143
0.137
0.131
0.125
0.12
0.114
0.109
0.104
0.099
0.095
0.09
0.086
0.081
0.077
0.074
0.07
0.066
0.063
0.06
0.057
0.054
0.051
0.049
0.047
0.045
0.043
0.041
0.039
0.038
0.037
0.036
0.035
0.035
0.034
0.034
0.034
0.034
0.034
0.035
0.036
0.036
0.037
0.039
0.04
0.042
0.044
0.046
0.048
0.051
0.053
0.056
0.059
0.062
0.066
0.07
0.073
0.077
0.082
0.086
0.091
0.096
0.101
0.106
0.112
0.117
0.123
0.13
0.136
0.142
0.149
0.156
0.163
0.171
0.179
0.186
0.194
0.203
0.211
0.22
0.229
0.238
0.248
0.257
0.267
0.277
0.287
0.298
0.309
0.32
0.331
0.342
0.354
0.366
0.378
0.39
0.403
0.416
0.429
0.454
0.48
0.506
0.531
0.557
0.583
0.609
0.635
0.66
0.685
0.71
0.735
0.759
0.783
0.806
0.829
0.851
0.873
0.893
0.913
0.932
0.951
0.968
0.985
1.0
0.998
0.994
0.99
0.984
0.978
0.971
0.963
0.954
0.945
0.935
0.924
0.913
0.901
0.888
0.875
0.862
0.848
0.833
0.819
0.804
0.789
0.774
0.758
0.743
0.727
0.711
0.696
0.68
0.664
0.649
0.634
0.619
0.604
0.59
0.576
0.562
0.549
0.536
0.523
0.512
0.501
0.49
0.48
0.471
0.463
0.455
0.448
0.443
0.438
0.434
0.431
0.429
0.428
0.429
0.44
0.452
0.465
0.479
0.493
0.508
0.524
0.539
0.554
0.57
0.584
0.599
0.613
0.626
0.639
0.65
0.66
0.669
0.677
0.682
0.687
0.689
0.689
0.687
0.683
0.676
0.667
0.632
0.595
0.556
0.517
0.478
0.439
0.402
0.366
0.333
0.326
0.322
0.32
0.321
0.325
0.331
0.339
0.349
0.36
0.373
0.387
0.402
0.418
0.435
0.452
0.47
0.487
0.504
0.521
0.538
0.554
0.568
0.582
0.594
0.605
0.614
0.621
0.626
0.629
0.629
0.626
0.621
0.612
0.6
0.558
0.514
0.469
0.423
0.377
0.333
0.314
0.297
0.282
0.27
0.26
0.251
0.245
0.24
0.237
0.236
0.236
0.237
0.24
0.244
0.248
0.254
0.26
0.267
0.275
0.283
0.291
0.299
0.308
0.317
0.325
0.333
0.341
0.349
0.356
0.363
0.369
0.376
0.382
0.387
0.392
0.397
0.402
0.407
0.411
0.415
0.418
0.422
0.425
0.428
0.43
0.432
0.435
0.436
0.438
0.44
0.441
0.442
0.443
0.443
0.444
0.444
0.444
0.444
0.443
0.443
0.442
0.442
0.441
0.44
0.439
0.437
0.436
0.434
0.433
0.431
0.429
0.427
0.425
0.423
0.421
0.418
0.416
0.413
0.411
0.408
0.406
0.403
0.401
0.398
0.395
0.392
0.39
0.387
0.384
0.381
0.379
0.376
0.373
0.371
0.368
0.365
0.363
0.36
0.358
0.356
0.353
0.351
0.349
0.347
0.345
0.343
0.341
0.339
0.338
0.336
0.335
0.334
0.333
0.332
0.331
0.33
0.33
0.329
0.329
0.329
0.33
0.33
0.33
0.331
0.332
0.333
0.336
0.339
0.342
0.346
0.349
0.353
0.356
0.36
0.363
0.367
0.37
0.374
0.377
0.38
0.384
0.386
0.389
0.392
0.394
0.396
0.398
0.399
0.4
0.396
0.392
0.388
0.383
0.378
0.373
0.367
0.361
0.355
0.348
0.341
0.333
0.324
0.314
0.304
0.294
0.283
0.273
0.263
0.252
0.242
0.232
0.223
0.213
0.204
0.196
0.188
0.18
0.173
0.167
0.17
0.174
0.179
0.184
0.19
0.196
0.203
0.211
0.219
0.227
0.236
0.245
0.255
0.265
0.275
0.286
0.297
0.308
0.32
0.331
0.343
0.355
0.367
0.379
0.392
0.404
0.416
0.429
0.441
0.453
0.465
0.477
0.489
0.501
0.513
0.524
0.535
0.546
0.557
0.567
0.577
0.586
0.595
0.604
0.612
0.62
0.627
0.634
0.64
0.646
0.651
0.655
0.659
0.662
0.664
0.666
0.667
0.656
0.644
0.632
0.619
0.605
0.592
0.578
0.563
0.549
0.534
0.519
0.504
0.49
0.475
0.461
0.447
0.434
0.421
0.408
0.396
0.385
0.375
0.374
0.373
0.373
0.374
0.376
0.378
0.381
0.385
0.389
0.394
0.4
0.407
0.413
0.421
0.429
0.438
0.447
0.456
0.466
0.476
0.487
0.498
0.51
0.522
0.534
0.547
0.559
0.572
0.586
0.599
0.613
0.626
0.64
0.655
0.669
0.683
0.697
0.712
0.726
0.74
0.755
0.769
0.783
0.797
0.811
0.825
0.839
0.852
0.865
0.878
0.891
0.904
0.916
0.928
0.939
0.951
0.961
0.972
0.982
0.991
1.0
1.009
1.017
1.025
1.032
1.038
1.044
1.049
1.053
1.057
1.06
1.063
1.065
1.066
1.066
1.065
1.064
1.061
1.058
1.054
1.049
1.044
1.037
1.029
1.02
1.01
0.999
0.988
0.975
0.96
0.945
0.929
0.911
0.893
0.873
0.851
0.829
0.805
0.78
0.754
0.726
0.697
0.667
0.6
0.533
0.466
0.399
0.333
0.301
0.27
0.241
0.215
0.189
0.166
0.144
0.124
0.105
0.088
0.072
0.058
0.045
0.033
0.023
0.014
0.006
-0.001
-0.006
-0.011
-0.014
-0.016
-0.018
-0.019
-0.018
-0.017
-0.016
-0.013
-0.01
-0.006
-0.002
0.003
0.009
0.014
0.021
0.027
0.034
0.041
0.049
0.056
0.064
0.072
0.08
0.087
0.095
0.103
0.11
0.118
0.125
0.142
0.158
0.175
0.191
0.207
0.223
0.238
0.254
0.269
0.284
0.3
0.315
0.33
0.345
0.36
0.375
0.391
0.406
0.421
0.437
0.452
0.468
0.484
0.5
0.516
0.532
0.548
0.564
0.581
0.597
0.614
0.631
0.647
0.664
0.681
0.697
0.714
0.73
0.746
0.762
0.778
0.794
0.81
0.825
0.84
0.855
0.869
0.883
0.897
0.91
0.923
0.935
0.948
0.959
0.97
0.981
0.991
1.0
0.996
0.991
0.986
0.981
0.974
0.968
0.961
0.953
0.945
0.936
0.927
0.917
0.907
0.897
0.886
0.875
0.864
0.852
0.84
0.827
0.815
0.802
0.788
0.775
0.761
0.747
0.733
0.719
0.704
0.689
0.674
0.66
0.645
0.629
0.614
0.599
0.584
0.568
0.553
0.537
0.522
0.507
0.491
0.476
0.461
0.446
0.431
0.416
0.401
0.387
0.372
0.358
0.344
0.33
0.317
0.303
0.29
0.278
0.265
0.253
0.241
0.229
0.218
0.207
0.197
0.187
0.177
0.168
0.159
0.151
0.143
0.136
0.129
0.122
0.117
0.111
0.107
0.103
0.099
0.096
0.094
0.092
0.091
0.091
0.105
0.12
0.136
0.152
0.168
0.185
0.203
0.221
0.239
0.258
0.277
0.296
0.316
0.335
0.355
0.375
0.395
0.415
0.435
0.455
0.475
0.495
0.515
0.534
0.554
0.573
0.591
0.61
0.628
0.645
0.662
0.679
0.695
0.711
0.725
0.74
0.753
0.766
0.778
0.79
0.8
0.81
0.818
0.812
0.805
0.797
0.789
0.78
0.77
0.759
0.748
0.736
0.723
0.711
0.697
0.684
0.67
0.656
0.642
0.627
0.613
0.598
0.584
0.569
0.555
0.54
0.526
0.512
0.499
0.486
0.473
0.461
0.449
0.437
0.427
0.417
0.408
0.399
0.391
0.384
0.378
0.373
0.369
0.366
0.364
0.364
0.379
0.396
0.414
0.433
0.453
0.473
0.494
0.515
0.536
0.558
0.58
0.602
0.624
0.645
0.667
0.687
0.708
0.727
0.736
0.745
0.752
0.759
0.765
0.771
0.776
0.781
0.784
0.788
0.79
0.793
0.794
0.796
0.797
0.797
0.797
0.797
0.796
0.796
0.794
0.793
0.791
0.789
0.787
0.785
0.782
0.78
0.777
0.774
0.772
0.769
0.766
0.763
0.76
0.758
0.755
0.752
0.75
0.746
0.742
0.738
0.735
0.731
0.728
0.724
0.721
0.718
0.715
0.712
0.709
0.706
0.703
0.7
0.698
0.695
0.692
0.689
0.687
0.684
0.681
0.678
0.676
0.673
0.67
0.667
0.663
0.66
0.656
0.653
0.649
0.646
0.642
0.638
0.635
0.631
0.627
0.623
0.619
0.615
0.611
0.607
0.603
0.599
0.595
0.591
0.588
0.584
0.58
0.576
0.572
0.568
0.564
0.56
0.557
0.553
0.549
0.546
0.542
0.538
0.535
0.532
0.528
0.525
0.522
0.519
0.516
0.513
0.51
0.507
0.505
0.502
0.5
0.502
0.503
0.505
0.507
0.509
0.511
0.513
0.515
0.518
0.52
0.523
0.526
0.528
0.531
0.534
0.537
0.54
0.544
0.547
0.55
0.554
0.557
0.561
0.565
0.569
0.572
0.576
0.58
0.584
0.588
0.593
0.597
0.601
0.605
0.61
0.614
0.619
0.623
0.628
0.633
0.637
0.642
0.647
0.652
0.657
0.661
0.666
0.671
0.676
0.681
0.686
0.691
0.696
0.702
0.707
0.712
0.717
0.722
0.727
0.732
0.738
0.743
0.748
0.753
0.758
0.764
0.769
0.774
0.779
0.784
0.79
0.795
0.8
0.805
0.81
0.815
0.82
0.825
0.83
0.835
0.84
0.845
0.85
0.855
0.86
0.865
0.869
0.874
0.879
0.883
0.888
0.893
0.897
0.902
0.906
0.91
0.915
0.919
0.923
0.927
0.931
0.935
0.939
0.943
0.947
0.95
0.954
0.957
0.961
0.964
0.967
0.971
0.974
0.977
0.98
0.983
0.985
0.988
0.991
0.993
0.996
0.998
1.0
0.999
0.997
0.995
0.994
0.992
0.99
0.988
0.986
0.984
0.981
0.979
0.977
0.974
0.971
0.969
0.966
0.963
0.96
0.958
0.955
0.952
0.948
0.945
0.942
0.939
0.936
0.932
0.929
0.926
0.922
0.919
0.915
0.912
0.908
0.905
0.901
0.897
0.894
0.89
0.886
0.883
0.879
0.875
0.872
0.868
0.864
0.861
0.857
0.853
0.85
0.846
0.843
0.839
0.836
0.832
0.829
0.825
0.822
0.818
0.815
0.812
0.808
0.805
0.802
0.799
0.796
0.793
0.79
0.787
0.784
0.781
0.778
0.776
0.773
0.771
0.768
0.766
0.763
0.761
0.759
0.757
0.755
0.753
0.752
0.75
0.749
0.749
0.748
0.748
0.747
0.747
0.747
0.747
0.747
0.747
0.747
0.747
0.747
0.747
0.748
0.748
0.748
0.749
0.749
0.75
0.75
0.751
0.751
0.752
0.753
0.753
0.754
0.754
0.755
0.756
0.756
0.757
0.758
0.758
0.759
0.759
0.76
0.76
0.761
0.761
0.762
0.762
0.762
0.763
0.763
0.763
0.763
0.763
0.763
0.763
0.763
0.762
0.762
0.761
0.761
0.76
0.759
0.759
0.758
0.757
0.755
0.754
0.753
0.751
0.75
0.748
0.746
0.744
0.742
0.739
0.737
0.734
0.732
0.729
0.726
0.722
0.719
0.715
0.712
0.708
0.704
0.699
0.695
0.69
0.685
0.68
0.675
0.669
0.664
0.658
0.652
0.645
0.639
0.632
0.625
0.615
0.605
0.595
0.585
0.574
0.564
0.553
0.543
0.532
0.522
0.511
0.501
0.491
0.481
0.471
0.461
0.452
0.443
0.434
0.426
0.418
0.41
0.403
0.396
0.39
0.385
0.38
0.375
0.371
0.368
0.366
0.364
0.363
0.363
0.364
0.365
0.368
0.371
0.375
0.393
0.411
0.431
0.451
0.471
0.492
0.513
0.534
0.555
0.576
0.596
0.617
0.636
0.656
0.674
0.691
0.708
0.723
0.737
0.75
0.745
0.738
0.73
0.721
0.71
0.699
0.686
0.672
0.658
0.642
0.626
0.609
0.591
0.573
0.554
0.535
0.515
0.496
0.475
0.455
0.435
0.415
0.395
0.375
0.355
0.335
0.316
0.297
0.279
0.261
0.244
0.227
0.212
0.197
0.183
0.17
0.159
0.148
0.139
0.13
0.124
0.118
0.114
0.112
0.111
0.132
0.154
0.178
0.202
0.228
0.255
0.282
0.31
0.339
0.367
0.396
0.424
0.453
0.48
0.508
0.534
0.559
0.584
0.607
0.628
0.648
0.667
0.665
0.662
0.657
0.651
0.643
0.633
0.623
0.612
0.6
0.587
0.573
0.559
0.544
0.53
0.515
0.5
0.489
0.478
0.467
0.457
0.446
0.436
0.426
0.416
0.406
0.397
0.387
0.378
0.369
0.36
0.351
0.342
0.334
0.326
0.317
0.31
0.302
0.294
0.287
0.28
0.273
0.266
0.259
0.252
0.246
0.24
0.234
0.228
0.223
0.217
0.212
0.207
0.202
0.197
0.193
0.189
0.185
0.181
0.177
0.174
0.17
0.167
0.164
0.162
0.159
0.157
0.155
0.153
0.151
0.15
0.148
0.147
0.146
0.146
0.145
0.145
0.145
0.145
0.146
0.146
0.147
0.148
0.149
0.151
0.153
0.155
0.157
0.159
0.162
0.165
0.168
0.171
0.174
0.178
0.182
0.186
0.191
0.195
0.2
0.205
0.211
0.216
0.222
0.24
0.258
0.277
0.295
0.314
0.333
0.353
0.372
0.392
0.412
0.432
0.452
0.473
0.493
0.514
0.535
0.557
0.578
0.6
0.621
0.643
0.665
0.688
0.71
0.732
0.755
0.778
0.79
0.803
0.815
0.828
0.841
0.854
0.867
0.88
0.894
0.907
0.921
0.934
0.948
0.962
0.976
0.99
1.004
1.018
1.033
1.047
1.061
1.076
1.09
1.105
1.12
1.134
1.149
1.164
1.179
1.194
1.209
1.224
1.239
1.254
1.269
1.284
1.3
1.315
1.33
1.345
1.36
1.376
1.391
1.406
1.422
1.437
1.452
1.467
1.483
1.498
1.513
1.528
1.543
1.559
1.574
1.589
1.604
1.619
1.634
1.649
1.664
1.679
1.693
1.708
1.723
1.737
1.752
1.766
1.781
1.795
1.809
1.824
1.838
1.852
1.866
1.879
1.893
1.907
1.92
1.934
1.947
1.96
1.973
1.986
1.999
2.012
2.025
2.037
2.049
2.062
2.074
2.086
2.098
2.109
2.121
2.132
2.143
2.154
2.165
2.176
2.187
2.197
2.207
2.217
2.227
2.237
2.246
2.256
2.265
2.274
2.282
2.291
2.299
2.307
2.315
2.323
2.331
2.338
2.345
2.352
2.358
2.365
2.371
2.377
2.383
2.388
2.393
2.398
2.403
2.407
2.411
2.415
2.419
2.422
2.426
2.428
2.431
2.433
2.435
2.437
2.438
2.44
2.441
2.441
2.441
2.441
2.441
2.44
2.439
2.438
2.437
2.435
2.433
2.43
2.427
2.424
2.42
2.416
2.412
2.408
2.403
2.398
2.392
2.386
2.38
2.373
2.366
2.359
2.351
2.343
2.334
2.325
2.316
2.306
2.296
2.286
2.275
2.264
2.252
2.24
2.228
2.215
2.201
2.188
2.174
2.159
2.144
2.129
2.113
2.097
2.08
2.063
2.045
2.027
2.009
1.99
1.971
1.951
1.931
1.91
1.889
1.867
1.845
1.822
1.799
1.776
1.752
1.727
1.702
1.676
1.65
1.624
1.597
1.569
1.541
1.513
1.484
1.454
1.424
1.393
1.362
1.331
1.298
1.266
1.232
1.199
1.164
1.129
1.094
1.058
1.021
0.984
0.946
0.908
0.869
0.83
0.79
0.749
0.708
0.667
0.583
0.499
0.416
0.333
0.294
0.256
0.22
0.184
0.15
0.117
0.085
0.055
0.026
-0.002
-0.029
-0.055
-0.08
-0.103
-0.126
-0.147
-0.167
-0.187
-0.205
-0.222
-0.238
-0.254
-0.268
-0.281
-0.294
-0.305
-0.316
-0.325
-0.334
-0.342
-0.349
-0.356
-0.361
-0.366
-0.37
-0.373
-0.375
-0.377
-0.378
-0.378
-0.378
-0.377
-0.375
-0.373
-0.37
-0.366
-0.362
-0.357
-0.352
-0.346
-0.34
-0.333
-0.326
-0.318
-0.31
-0.301
-0.292
-0.282
-0.272
-0.262
-0.251
-0.24
-0.229
-0.217
-0.205
-0.193
-0.18
-0.168
-0.155
-0.141
-0.128
-0.114
-0.101
-0.087
-0.073
-0.058
-0.044
-0.03
-0.015
-0.001
0.014
0.029
0.043
0.058
0.072
0.087
0.101
0.116
0.13
0.145
0.159
0.173
0.187
0.2
0.214
0.227
0.24
0.253
0.266
0.278
0.29
0.302
0.314
0.325
0.336
0.346
0.357
0.366
0.376
0.385
0.393
0.401
0.409
0.416
0.422
0.429
0.433
0.437
0.441
0.444
0.446
0.448
0.45
0.451
0.452
0.453
0.453
0.453
0.452
0.451
0.45
0.449
0.447
0.445
0.443
0.441
0.439
0.436
0.433
0.43
0.427
0.424
0.421
0.417
0.414
0.41
0.407
0.403
0.4
0.397
0.393
0.39
0.387
0.384
0.381
0.378
0.375
0.372
0.37
0.368
0.365
0.363
0.361
0.36
0.358
0.356
0.355
0.353
0.352
0.351
0.349
0.348
0.347
0.346
0.345
0.344
0.343
0.342
0.34
0.339
0.338
0.337
0.336
0.335
0.333
0.334
0.334
0.335
0.335
0.336
0.336
0.336
0.336
0.336
0.337
0.337
0.337
0.336
0.336
0.336
0.336
0.336
0.336
0.335
0.335
0.335
0.334
0.334
0.334
0.333
0.333
0.332
0.332
0.331
0.331
0.33
0.33
0.33
0.329
0.329
0.328
0.328
0.327
0.327
0.326
0.326
0.326
0.325
0.325
0.324
0.324
0.324
0.324
0.323
0.323
0.323
0.323
0.323
0.323
0.323
0.323
0.323
0.323
0.324
0.324
0.324
0.325
0.325
0.326
0.326
0.327
0.328
0.328
0.329
0.33
0.331
0.332
0.334
0.335
0.336
0.338
0.339
0.341
0.343
0.344
0.346
0.348
0.35
0.353
0.355
0.358
0.36
0.363
0.366
0.368
0.372
0.375
0.378
0.381
0.385
0.389
0.392
0.396
0.4
0.405
0.409
0.414
0.418
0.423
0.428
0.433
0.438
0.444
0.449
0.455
0.461
0.467
0.473
0.479
0.486
0.493
0.5
0.507
0.514
0.521
0.529
0.537
0.545
0.553
0.561
0.57
0.579
0.588
0.597
0.606
0.616
0.625
0.635
0.646
0.656
0.667
0.676
0.685
0.694
0.704
0.713
0.723
0.732
0.742
0.751
0.761
0.77
0.779
0.788
0.797
0.805
0.813
0.821
0.828
0.836
0.842
0.848
0.854
0.859
0.864
0.868
0.871
0.874
0.876
0.877
0.878
0.877
0.876
0.874
0.871
0.868
0.863
0.857
0.85
0.842
0.833
0.823
0.812
0.799
0.785
0.77
0.754
0.736
0.717
0.697
0.675
0.651
0.626
0.6
0.546
0.492
0.437
0.384
0.333
0.315
0.3
0.287
0.277
0.27
0.265
0.263
0.262
0.264
0.267
0.273
0.28
0.288
0.298
0.309
0.321
0.334
0.347
0.362
0.377
0.392
0.408
0.424
0.439
0.455
0.471
0.486
0.5
0.51
0.52
0.529
0.537
0.544
0.551
0.558
0.564
0.569
0.574
0.578
0.581
0.584
0.587
0.589
0.591
0.592
0.593
0.593
0.593
0.592
0.591
0.59
0.588
0.586
0.583
0.58
0.577
0.574
0.57
0.566
0.562
0.557
0.552
0.547
0.542
0.536
0.53
0.524
0.518
0.512
0.506
0.499
0.492
0.486
0.479
0.472
0.465
0.457
0.45
0.443
0.436
0.429
0.422
0.415
0.408
0.401
0.394
0.387
0.381
0.374
0.367
0.36
0.354
0.347
0.341
0.335
0.328
0.322
0.316
0.31
0.305
0.299
0.293
0.288
0.283
0.277
0.272
0.268
0.263
0.258
0.254
0.25
0.246
0.242
0.239
0.235
0.232
0.229
0.226
0.224
0.222
0.22
0.218
0.216
0.215
0.214
0.214
0.213
0.213
0.213
0.214
0.215
0.216
0.217
0.219
0.221
0.223
0.226
0.229
0.233
0.237
0.241
0.245
0.25
0.256
0.262
0.268
0.274
0.281
0.289
0.296
0.305
0.313
0.322
0.332
0.342
0.353
0.364
0.375
0.392
0.409
0.426
0.444
0.461
0.479
0.497
0.515
0.532
0.549
0.566
0.582
0.598
0.613
0.628
0.641
0.654
0.666
0.676
0.686
0.694
0.701
0.707
0.711
0.713
0.714
0.713
0.711
0.706
0.699
0.691
0.68
0.667
0.64
0.612
0.582
0.551
0.518
0.484
0.45
0.415
0.38
0.346
0.312
0.278
0.246
0.215
0.185
0.158
0.132
0.109
0.089
0.072
0.058
0.048
0.041
0.039
0.041
0.048
0.059
0.076
0.099
0.127
0.162
0.202
0.25
0.373
0.499
0.626
0.75
0.806
0.856
0.901
0.94
0.974
1.003
1.028
1.047
1.063
1.074
1.082
1.086
1.086
1.083
1.077
1.069
1.057
1.044
1.028
1.01
0.991
0.97
0.948
0.924
0.9
0.876
0.85
0.825
0.8
0.775
0.75
0.723
0.698
0.672
0.648
0.624
0.601
0.578
0.556
0.535
0.514
0.494
0.474
0.455
0.437
0.419
0.402
0.385
0.369
0.353
0.338
0.324
0.31
0.296
0.283
0.271
0.259
0.248
0.237
0.226
0.217
0.207
0.198
0.19
0.182
0.174
0.167
0.16
0.154
0.148
0.143
0.138
0.133
0.129
0.125
0.121
0.118
0.116
0.113
0.111
0.11
0.109
0.108
0.107
0.107
0.107
0.107
0.108
0.109
0.11
0.112
0.114
0.116
0.118
0.121
0.124
0.127
0.131
0.134
0.138
0.142
0.147
0.151
0.156
0.161
0.166
0.172
0.177
0.183
0.189
0.195
0.201
0.208
0.214
0.221
0.228
0.234
0.241
0.249
0.256
0.263
0.271
0.278
0.286
0.304
0.322
0.34
0.359
0.377
0.395
0.413
0.431
0.449
0.467
0.485
0.502
0.519
0.536
0.553
0.57
0.586
0.602
0.618
0.633
0.648
0.662
0.676
0.69
0.703
0.715
0.727
0.739
0.75
0.748
0.746
0.743
0.74
0.736
0.731
0.726
0.721
0.715
0.708
0.701
0.694
0.686
0.678
0.669
0.66
0.651
0.641
0.631
0.62
0.61
0.599
0.587
0.575
0.563
0.551
0.539
0.526
0.513
0.5
0.482
0.463
0.444
0.426
0.407
0.388
0.37
0.351
0.333
0.325
0.318
0.31
0.303
0.296
0.289
0.283
0.277
0.271
0.266
0.26
0.255
0.25
0.246
0.241
0.237
0.233
0.229
0.226
0.222
0.219
0.217
0.214
0.211
0.209
0.207
0.205
0.204
0.202
0.201
0.2
0.199
0.198
0.198
0.198
0.197
0.197
0.197
0.198
0.198
0.199
0.2
0.2
0.202
0.203
0.204
0.206
0.207
0.209
0.211
0.213
0.215
0.217
0.219
0.222
0.224
0.227
0.23
0.233
0.235
0.239
0.242
0.245
0.248
0.252
0.255
0.258
0.262
0.266
0.269
0.273
0.277
0.281
0.285
0.289
0.293
0.297
0.301
0.305
0.309
0.314
0.318
0.322
0.326
0.331
0.335
0.339
0.344
0.348
0.352
0.356
0.361
0.365
0.369
0.374
0.378
0.382
0.386
0.391
0.395
0.399
0.403
0.407
0.411
0.415
0.419
0.423
0.426
0.43
0.434
0.438
0.441
0.445
0.448
0.451
0.455
0.458
0.461
0.464
0.467
0.469
0.472
0.475
0.477
0.48
0.482
0.484
0.486
0.488
0.49
0.491
0.493
0.494
0.496
0.497
0.498
0.498
0.499
0.5
0.5
0.5
0.499
0.498
0.498
0.497
0.496
0.495
0.494
0.492
0.491
0.49
0.489
0.487
0.486
0.485
0.484
0.483
0.481
0.48
0.48
0.479
0.478
0.477
0.477
0.477
0.477
0.477
0.477
0.477
0.478
0.479
0.48
0.482
0.483
0.485
0.488
0.49
0.493
0.496
0.5
0.508
0.517
0.525
0.534
0.543
0.552
0.56
0.569
0.577
0.585
0.593
0.6
0.601
0.601
0.6
0.6
0.598
0.596
0.594
0.591
0.588
0.584
0.58
0.576
0.571
0.566
0.56
0.555
0.548
0.542
0.535
0.528
0.52
0.512
0.504
0.496
0.488
0.479
0.47
0.461
0.451
0.442
0.432
0.422
0.412
0.402
0.392
0.382
0.371
0.361
0.35
0.34
0.329
0.318
0.307
0.297
0.286
0.275
0.265
0.254
0.243
0.233
0.223
0.212
0.202
0.192
0.182
0.172
0.163
0.153
0.144
0.135
0.126
0.117
0.109
0.1
0.093
0.085
0.077
0.07
0.064
0.057
0.051
0.045
0.04
0.034
0.03
0.025
0.022
0.018
0.015
0.012
0.01
0.008
0.007
0.006
0.006
0.006
0.007
0.009
0.011
0.013
0.016
0.02
0.024
0.029
0.034
0.04
0.047
0.055
0.063
0.071
0.081
0.091
0.102
0.114
0.126
0.139
0.153
0.168
0.184
0.2
0.238
0.277
0.316
0.356
0.396
0.437
0.477
0.518
0.559
0.599
0.639
0.679
0.718
0.757
0.795
0.832
0.868
0.903
0.936
0.969
1.0
1.003
1.005
1.006
1.005
1.003
0.999
0.995
0.989
0.982
0.974
0.965
0.954
0.943
0.931
0.918
0.905
0.89
0.875
0.859
0.842
0.825
0.808
0.79
0.771
0.752
0.733
0.713
0.694
0.674
0.653
0.633
0.613
0.593
0.572
0.552
0.532
0.512
0.492
0.473
0.454
0.435
0.417
0.399
0.382
0.365
0.349
0.333
0.327
0.322
0.318
0.314
0.31
0.308
0.305
0.304
0.303
0.303
0.303
0.303
0.304
0.306
0.308
0.31
0.313
0.316
0.32
0.324
0.328
0.333
0.338
0.343
0.349
0.355
0.361
0.367
0.374
0.381
0.387
0.394
0.402
0.409
0.416
0.424
0.431
0.439
0.447
0.454
0.462
0.47
0.477
0.485
0.493
0.5
0.508
0.516
0.524
0.532
0.539
0.547
0.554
0.562
0.569
0.576
0.583
0.59
0.597
0.604
0.61
0.617
0.624
0.63
0.636
0.643
0.649
0.655
0.661
0.667
0.673
0.678
0.684
0.689
0.695
0.7
0.706
0.711
0.716
0.721
0.726
0.731
0.736
0.741
0.746
0.751
0.755
0.76
0.764
0.769
0.773
0.777
0.782
0.786
0.79
0.794
0.798
0.802
0.806
0.809
0.813
0.817
0.821
0.824
0.828
0.831
0.835
0.838
0.841
0.845
0.848
0.851
0.854
0.857
0.86
0.863
0.866
0.869
0.872
0.875
0.874
0.873
0.871
0.87
0.869
0.867
0.866
0.864
0.863
0.861
0.859
0.857
0.856
0.854
0.852
0.849
0.847
0.845
0.843
0.84
0.837
0.835
0.832
0.829
0.826
0.823
0.82
0.816
0.813
0.809
0.806
0.802
0.798
0.794
0.789
0.785
0.78
0.776
0.771
0.766
0.761
0.755
0.75
0.742
0.734
0.726
0.718
0.71
0.702
0.694
0.687
0.68
0.673
0.667
0.658
0.649
0.64
0.632
0.623
0.614
0.605
0.595
0.584
0.573
0.56
0.546
0.531
0.514
0.495
0.475
0.452
0.427
0.4
0.365
0.329
0.292
0.256
0.223
0.192
0.166
0.145
0.13
0.123
0.125
0.18
0.242
0.308
0.375
0.409
0.442
0.473
0.503
0.532
0.559
0.584
0.608
0.631
0.653
0.673
0.692
0.709
0.726
0.741
0.755
0.768
0.78
0.79
0.799
0.808
0.815
0.821
0.827
0.831
0.834
0.837
0.838
0.839
0.838
0.837
0.835
0.832
0.829
0.824
0.819
0.813
0.807
0.8
0.792
0.783
0.774
0.765
0.755
0.744
0.733
0.721
0.709
0.696
0.683
0.67
0.656
0.642
0.628
0.613
0.598
0.583
0.567
0.551
0.535
0.519
0.503
0.487
0.47
0.454
0.437
0.421
0.404
0.388
0.371
0.355
0.338
0.322
0.306
0.29
0.274
0.259
0.243
0.228
0.214
0.199
0.185
0.171
0.158
0.144
0.132
0.119
0.108
0.096
0.085
0.075
0.065
0.056
0.048
0.04
0.032
0.026
0.02
0.014
0.01
0.006
0.003
0.001
-0.001
-0.001
-0.001
0.0
0.002
0.005
0.009
0.014
0.02
0.027
0.035
0.044
0.055
0.066
0.079
0.092
0.107
0.123
0.14
0.159
0.179
0.2
0.248
0.297
0.347
0.398
0.449
0.499
0.55
0.6
0.624
0.648
0.671
0.693
0.714
0.734
0.754
0.773
0.792
0.809
0.826
0.843
0.858
0.873
0.888
0.901
0.914
0.927
0.939
0.95
0.96
0.97
0.98
0.989
0.997
1.005
1.012
1.019
1.025
1.03
1.035
1.04
1.044
1.048
1.051
1.053
1.056
1.057
1.059
1.06
1.06
1.06
1.06
1.059
1.058
1.057
1.055
1.052
1.05
1.047
1.044
1.04
1.036
1.032
1.028
1.023
1.018
1.013
1.007
1.001
0.995
0.989
0.982
0.976
0.969
0.962
0.954
0.947
0.939
0.931
0.923
0.915
0.907
0.899
0.89
0.882
0.873
0.864
0.855
0.846
0.837
0.828
0.819
0.81
0.801
0.792
0.783
0.774
0.764
0.755
0.746
0.737
0.728
0.719
0.71
0.701
0.693
0.684
0.675
0.667
0.659
0.65
0.642
0.634
0.627
0.619
0.612
0.604
0.597
0.59
0.584
0.577
0.571
0.565
0.559
0.554
0.549
0.544
0.539
0.535
0.53
0.527
0.523
0.52
0.517
0.515
0.513
0.511
0.509
0.508
0.508
0.508
0.508
0.508
0.509
0.511
0.513
0.515
0.518
0.521
0.525
0.529
0.534
0.539
0.545
0.551
0.558
0.565
0.573
0.581
0.59
0.6
0.612
0.624
0.637
0.651
0.665
0.679
0.694
0.709
0.724
0.74
0.756
0.772
0.788
0.805
0.821
0.838
0.855
0.872
0.889
0.906
0.922
0.939
0.955
0.972
0.988
1.004
1.019
1.035
1.05
1.064
1.079
1.093
1.106
1.119
1.131
1.143
1.154
1.165
1.175
1.184
1.193
1.2
1.207
1.213
1.219
1.223
1.227
1.229
1.231
1.232
1.231
1.23
1.227
1.223
1.218
1.212
1.205
1.196
1.186
1.175
1.162
1.148
1.132
1.115
1.097
1.077
1.055
1.032
1.007
0.981
0.952
0.922
0.891
0.857
0.782
0.706
0.629
0.552
0.475
0.4
0.364
0.329
0.297
0.265
0.236
0.208
0.181
0.156
0.133
0.111
0.09
0.071
0.053
0.036
0.021
0.007
-0.006
-0.018
-0.028
-0.037
-0.045
-0.053
-0.059
-0.064
-0.068
-0.071
-0.073
-0.074
-0.074
-0.074
-0.072
-0.07
-0.067
-0.064
-0.059
-0.054
-0.049
-0.042
-0.036
-0.028
-0.02
-0.012
-0.003
0.006
0.016
0.026
0.037
0.047
0.058
0.07
0.081
0.093
0.105
0.117
0.129
0.141
0.154
0.166
0.178
0.191
0.203
0.215
0.227
0.239
0.25
0.262
0.273
0.284
0.295
0.305
0.315
0.324
0.333
0.347
0.359
0.372
0.384
0.395
0.406
0.417
0.427
0.437
0.447
0.456
0.465
0.473
0.482
0.489
0.497
0.504
0.511
0.518
0.524
0.531
0.536
0.542
0.548
0.553
0.558
0.562
0.567
0.571
0.569
0.567
0.565
0.562
0.56
0.557
0.554
0.551
0.547
0.544
0.54
0.537
0.533
0.529
0.525
0.52
0.516
0.512
0.507
0.502
0.498
0.493
0.488
0.483
0.478
0.472
0.467
0.462
0.456
0.451
0.445
0.439
0.434
0.428
0.422
0.416
0.41
0.404
0.398
0.392
0.386
0.38
0.374
0.368
0.362
0.356
0.35
0.344
0.338
0.332
0.326
0.32
0.314
0.308
0.302
0.296
0.29
0.284
0.278
0.272
0.267
0.261
0.255
0.25
0.244
0.239
0.234
0.228
0.223
0.218
0.213
0.208
0.203
0.199
0.194
0.19
0.185
0.181
0.177
0.173
0.169
0.165
0.162
0.158
0.155
0.152
0.149
0.146
0.143
0.141
0.138
0.136
0.134
0.132
0.13
0.129
0.128
0.126
0.126
0.125
0.124
0.124
0.124
0.124
0.124
0.125
0.131
0.138
0.145
0.152
0.159
0.167
0.174
0.182
0.19
0.198
0.206
0.215
0.223
0.232
0.24
0.249
0.258
0.267
0.276
0.285
0.293
0.302
0.311
0.321
0.33
0.339
0.347
0.356
0.365
0.374
0.383
0.392
0.4
0.409
0.417
0.425
0.434
0.442
0.45
0.457
0.465
0.472
0.48
0.487
0.494
0.5
0.507
0.513
0.519
0.524
0.53
0.535
0.54
0.545
0.549
0.553
0.557
0.56
0.563
0.566
0.568
0.57
0.571
0.565
0.558
0.55
0.542
0.534
0.526
0.517
0.509
0.5
0.49
0.481
0.472
0.462
0.453
0.443
0.434
0.424
0.414
0.405
0.395
0.386
0.377
0.368
0.359
0.35
0.342
0.333
0.332
0.332
0.331
0.331
0.331
0.331
0.332
0.333
0.334
0.335
0.337
0.338
0.34
0.343
0.345
0.348
0.35
0.354
0.357
0.36
0.364
0.368
0.372
0.376
0.38
0.385
0.389
0.394
0.399
0.404
0.41
0.415
0.421
0.426
0.432
0.438
0.444
0.451
0.457
0.463
0.47
0.477
0.483
0.49
0.497
0.504
0.512
0.519
0.526
0.533
0.541
0.548
0.556
0.564
0.571
0.579
0.587
0.595
0.603
0.61
0.618
0.626
0.634
0.642
0.65
0.658
0.666
0.674
0.682
0.69
0.698
0.706
0.714
0.722
0.73
0.738
0.746
0.753
0.761
0.769
0.776
0.784
0.791
0.799
0.806
0.814
0.821
0.828
0.835
0.842
0.849
0.856
0.862
0.869
0.875
0.882
0.888
0.894
0.9
0.906
0.911
0.917
0.922
0.928
0.933
0.938
0.943
0.947
0.952
0.956
0.96
0.964
0.968
0.971
0.975
0.978
0.981
0.984
0.986
0.989
0.991
0.993
0.995
0.996
0.997
0.998
0.999
1.0
1.0
0.992
0.983
0.974
0.965
0.955
0.946
0.936
0.926
0.916
0.905
0.894
0.884
0.873
0.861
0.85
0.839
0.827
0.815
0.803
0.791
0.779
0.767
0.754
0.742
0.729
0.717
0.704
0.691
0.678
0.665
0.652
0.639
0.626
0.613
0.599
0.586
0.573
0.559
0.546
0.533
0.52
0.506
0.493
0.48
0.467
0.453
0.44
0.427
0.414
0.401
0.388
0.375
0.363
0.35
0.337
0.325
0.313
0.3
0.288
0.276
0.264
0.253
0.241
0.23
0.218
0.207
0.196
0.185
0.175
0.165
0.154
0.144
0.135
0.125
0.123
0.122
0.121
0.12
0.119
0.119
0.119
0.118
0.119
0.119
0.119
0.12
0.121
0.122
0.123
0.125
0.126
0.128
0.13
0.132
0.134
0.136
0.139
0.142
0.145
0.148
0.151
0.154
0.157
0.161
0.165
0.168
0.172
0.176
0.18
0.185
0.189
0.194
0.198
0.203
0.208
0.212
0.217
0.222
0.228
0.233
0.238
0.244
0.249
0.255
0.26
0.266
0.271
0.277
0.283
0.289
0.295
0.301
0.307
0.313
0.319
0.325
0.331
0.337
0.344
0.35
0.356
0.362
0.369
0.375
0.381
0.387
0.394
0.4
0.405
0.41
0.415
0.42
0.424
0.429
0.434
0.439
0.444
0.448
0.453
0.458
0.462
0.467
0.471
0.476
0.48
0.485
0.489
0.494
0.498
0.502
0.506
0.511
0.515
0.519
0.523
0.527
0.53
0.534
0.538
0.542
0.545
0.549
0.552
0.555
0.559
0.562
0.565
0.568
0.571
0.574
0.576
0.579
0.582
0.584
0.586
0.589
0.591
0.593
0.595
0.596
0.598
0.6
0.601
0.603
0.604
0.605
0.606
0.607
0.607
0.608
0.608
0.609
0.609
0.609
0.609
0.609
0.608
0.608
0.607
0.606
0.605
0.604
0.603
0.601
0.599
0.598
0.596
0.594
0.591
0.589
0.586
0.583
0.58
0.577
0.574
0.57
0.566
0.563
0.558
0.554
0.55
0.545
0.54
0.535
0.53
0.524
0.518
0.512
0.506
0.5
0.486
0.472
0.458
0.443
0.429
0.414
0.4
0.385
0.37
0.355
0.341
0.326
0.312
0.297
0.283
0.269
0.255
0.241
0.228
0.215
0.202
0.189
0.177
0.165
0.154
0.143
0.142
0.141
0.141
0.142
0.143
0.144
0.145
0.147
0.149
0.152
0.155
0.158
0.162
0.166
0.17
0.174
0.179
0.184
0.189
0.195
0.201
0.207
0.213
0.219
0.226
0.233
0.239
0.247
0.254
0.261
0.269
0.276
0.284
0.292
0.3
0.308
0.316
0.324
0.332
0.34
0.348
0.356
0.365
0.373
0.381
0.389
0.397
0.405
0.413
0.421
0.429
0.435
0.441
0.447
0.453
0.459
0.465
0.47
0.476
0.481
0.486
0.491
0.496
0.501
0.505
0.51
0.514
0.518
0.522
0.525
0.529
0.532
0.535
0.538
0.541
0.543
0.545
0.547
0.549
0.55
0.552
0.553
0.553
0.554
0.554
0.554
0.554
0.553
0.552
0.551
0.549
0.548
0.545
0.538
0.529
0.521
0.512
0.504
0.495
0.486
0.476
0.467
0.458
0.449
0.44
0.431
0.422
0.413
0.404
0.395
0.387
0.379
0.372
0.364
0.357
0.351
0.344
0.339
0.333
0.335
0.337
0.339
0.342
0.345
0.348
0.352
0.357
0.361
0.366
0.371
0.376
0.382
0.387
0.393
0.399
0.405
0.411
0.417
0.423
0.429
0.435
0.441
0.447
0.452
0.458
0.463
0.468
0.473
0.477
0.481
0.485
0.489
0.492
0.494
0.497
0.498
0.5
0.5
0.5
0.5
0.494
0.487
0.48
0.473
0.465
0.458
0.451
0.445
0.439
0.433
0.429
0.434
0.441
0.448
0.457
0.466
0.475
0.486
0.497
0.508
0.521
0.533
0.546
0.56
0.573
0.588
0.602
0.616
0.631
0.646
0.66
0.675
0.69
0.705
0.719
0.734
0.748
0.762
0.775
0.788
0.801
0.814
0.825
0.837
0.847
0.857
0.856
0.854
0.852
0.849
0.845
0.841
0.836
0.831
0.825
0.819
0.812
0.805
0.797
0.789
0.781
0.772
0.763
0.754
0.744
0.734
0.724
0.714
0.703
0.692
0.682
0.671
0.66
0.649
0.638
0.626
0.615
0.604
0.593
0.582
0.571
0.561
0.55
0.54
0.529
0.519
0.51
0.5
0.493
0.485
0.479
0.472
0.465
0.459
0.453
0.448
0.442
0.437
0.431
0.426
0.422
0.417
0.412
0.408
0.403
0.399
0.395
0.391
0.386
0.382
0.378
0.374
0.37
0.366
0.362
0.358
0.354
0.35
0.346
0.342
0.338
0.333
0.331
0.328
0.325
0.323
0.32
0.317
0.314
0.311
0.308
0.305
0.302
0.299
0.296
0.293
0.291
0.288
0.285
0.283
0.28
0.278
0.276
0.274
0.272
0.27
0.268
0.267
0.266
0.265
0.264
0.263
0.263
0.263
0.263
0.264
0.264
0.265
0.267
0.268
0.27
0.273
0.275
0.278
0.282
0.286
0.296
0.308
0.319
0.331
0.343
0.355
0.368
0.381
0.394
0.407
0.421
0.434
0.448
0.462
0.476
0.489
0.503
0.517
0.531
0.545
0.559
0.573
0.586
0.6
0.613
0.626
0.639
0.652
0.665
0.677
0.689
0.7
0.712
0.722
0.733
0.743
0.753
0.762
0.77
0.779
0.786
0.793
0.8
0.797
0.793
0.788
0.783
0.778
0.772
0.766
0.759
0.752
0.745
0.738
0.73
0.723
0.715
0.707
0.699
0.691
0.683
0.675
0.667
0.658
0.649
0.64
0.632
0.623
0.615
0.606
0.598
0.589
0.581
0.572
0.563
0.555
0.546
0.537
0.528
0.519
0.509
0.5
0.493
0.486
0.479
0.472
0.465
0.459
0.452
0.446
0.44
0.434
0.429
0.425
0.421
0.418
0.415
0.413
0.412
0.412
0.413
0.415
0.419
0.423
0.429
0.441
0.455
0.469
0.485
0.502
0.519
0.536
0.554
0.572
0.591
0.609
0.628
0.646
0.663
0.68
0.697
0.713
0.727
0.741
0.754
0.765
0.775
0.783
0.79
0.795
0.798
0.798
0.797
0.793
0.787
0.778
0.767
0.752
0.735
0.714
0.673
0.632
0.592
0.556
0.526
0.505
0.496
0.5
0.583
0.678
0.781
0.89
1.0
1.054
1.107
1.156
1.203
1.248
1.291
1.331
1.369
1.405
1.438
1.47
1.499
1.526
1.552
1.575
1.596
1.616
1.633
1.649
1.663
1.675
1.686
1.694
1.701
1.707
1.711
1.713
1.714
1.714
1.712
1.708
1.704
1.698
1.69
1.682
1.672
1.661
1.649
1.636
1.622
1.607
1.591
1.574
1.556
1.537
1.518
1.497
1.476
1.454
1.432
1.409
1.385
1.361
1.336
1.311
1.285
1.259
1.232
1.205
1.178
1.151
1.123
1.095
1.067
1.039
1.011
0.983
0.955
0.927
0.899
0.871
0.843
0.815
0.788
0.761
0.734
0.708
0.682
0.656
0.631
0.606
0.582
0.558
0.535
0.513
0.491
0.471
0.45
0.431
0.412
0.395
0.378
0.362
0.347
0.333
0.328
0.324
0.32
0.318
0.317
0.316
0.317
0.318
0.32
0.323
0.326
0.331
0.336
0.342
0.348
0.355
0.363
0.371
0.38
0.389
0.399
0.409
0.42
0.431
0.443
0.454
0.467
0.479
0.492
0.505
0.518
0.531
0.544
0.558
0.571
0.585
0.599
0.612
0.626
0.64
0.653
0.667
0.68
0.693
0.706
0.718
0.731
0.743
0.755
0.767
0.779
0.79
0.801
0.812
0.823
0.834
0.844
0.854
0.864
0.873
0.883
0.892
0.9
0.909
0.917
0.924
0.932
0.939
0.946
0.952
0.958
0.964
0.969
0.974
0.978
0.982
0.986
0.989
0.992
0.995
0.997
0.998
0.999
1.0
1.0
1.0
0.989
0.978
0.966
0.954
0.942
0.93
0.917
0.904
0.891
0.878
0.864
0.851
0.838
0.825
0.812
0.799
0.786
0.774
0.762
0.75
0.741
0.732
0.723
0.715
0.707
0.699
0.691
0.684
0.676
0.669
0.662
0.654
0.647
0.639
0.631
0.624
0.616
0.607
0.599
0.59
0.581
0.571
0.559
0.547
0.534
0.521
0.507
0.494
0.48
0.466
0.452
0.437
0.423
0.408
0.394
0.379
0.365
0.351
0.336
0.322
0.308
0.295
0.281
0.268
0.255
0.243
0.231
0.219
0.207
0.197
0.186
0.176
0.167
0.158
0.15
0.143
0.146
0.149
0.153
0.158
0.163
0.169
0.175
0.181
0.188
0.195
0.203
0.211
0.219
0.227
0.235
0.244
0.252
0.261
0.269
0.278
0.286
0.295
0.303
0.311
0.318
0.326
0.333
0.339
0.346
0.351
0.357
0.362
0.366
0.37
0.373
0.375
0.372
0.369
0.365
0.36
0.355
0.349
0.343
0.337
0.33
0.323
0.316
0.309
0.302
0.294
0.287
0.28
0.273
0.266
0.259
0.252
0.246
0.24
0.235
0.23
0.226
0.222
0.219
0.217
0.215
0.214
0.214
0.215
0.217
0.22
0.224
0.229
0.235
0.243
0.251
0.261
0.273
0.298
0.325
0.352
0.381
0.41
0.439
0.469
0.499
0.529
0.558
0.587
0.615
0.642
0.667
0.692
0.715
0.736
0.755
0.772
0.787
0.799
0.808
0.815
0.818
0.791
0.76
0.728
0.693
0.657
0.621
0.584
0.547
0.51
0.475
0.441
0.41
0.381
0.355
0.333
0.346
0.363
0.383
0.407
0.433
0.462
0.493
0.526
0.561
0.597
0.635
0.673
0.711
0.75
0.774
0.798
0.822
0.846
0.87
0.893
0.917
0.94
0.963
0.986
1.009
1.031
1.054
1.076
1.098
1.12
1.141
1.163
1.184
1.205
1.226
1.247
1.267
1.287
1.307
1.327
1.347
1.366
1.385
1.404
1.423
1.441
1.46
1.478
1.495
1.513
1.53
1.547
1.563
1.58
1.596
1.612
1.627
1.643
1.658
1.673
1.687
1.701
1.715
1.729
1.742
1.755
1.767
1.78
1.792
1.804
1.815
1.826
1.837
1.847
1.857
1.867
1.876
1.885
1.894
1.902
1.91
1.918
1.925
1.932
1.939
1.945
1.951
1.956
1.961
1.966
1.97
1.974
1.977
1.98
1.983
1.985
1.987
1.988
1.989
1.99
1.99
1.99
1.989
1.988
1.987
1.985
1.982
1.979
1.976
1.972
1.968
1.963
1.958
1.952
1.946
1.94
1.933
1.925
1.917
1.909
1.9
1.89
1.88
1.87
1.859
1.847
1.835
1.823
1.81
1.796
1.782
1.768
1.753
1.737
1.721
1.704
1.687
1.669
1.651
1.632
1.612
1.592
1.572
1.551
1.529
1.506
1.484
1.46
1.436
1.412
1.386
1.36
1.334
1.307
1.279
1.251
1.222
1.193
1.163
1.132
1.101
1.069
1.037
1.003
0.97
0.935
0.9
0.834
0.768
0.703
0.638
0.575
0.513
0.454
0.398
0.344
0.295
0.25
0.253
0.26
0.272
0.288
0.307
0.329
0.355
0.383
0.413
0.446
0.481
0.517
0.554
0.593
0.632
0.671
0.711
0.75
0.774
0.798
0.822
0.845
0.868
0.89
0.911
0.933
0.953
0.974
0.993
1.013
1.032
1.05
1.068
1.086
1.103
1.12
1.136
1.152
1.168
1.183
1.197
1.212
1.226
1.239
1.252
1.265
1.277
1.289
1.301
1.312
1.322
1.333
1.343
1.353
1.362
1.371
1.379
1.388
1.396
1.403
1.41
1.417
1.424
1.43
1.436
1.441
1.447
1.451
1.456
1.46
1.464
1.468
1.471
1.474
1.477
1.48
1.482
1.484
1.485
1.487
1.488
1.489
1.489
1.49
1.49
1.489
1.489
1.488
1.487
1.486
1.484
1.483
1.481
1.479
1.476
1.474
1.471
1.468
1.465
1.461
1.457
1.454
1.449
1.445
1.441
1.436
1.431
1.426
1.421
1.416
1.41
1.404
1.399
1.392
1.386
1.38
1.373
1.367
1.36
1.353
1.346
1.339
1.331
1.324
1.316
1.309
1.301
1.293
1.285
1.277
1.268
1.26
1.252
1.243
1.234
1.226
1.217
1.208
1.199
1.19
1.181
1.172
1.162
1.153
1.144
1.134
1.125
1.115
1.106
1.096
1.087
1.077
1.067
1.058
1.048
1.038
1.028
1.018
1.009
0.999
0.989
0.979
0.969
0.96
0.95
0.94
0.93
0.921
0.911
0.901
0.892
0.882
0.873
0.863
0.854
0.844
0.835
0.826
0.816
0.807
0.798
0.789
0.78
0.771
0.762
0.753
0.745
0.736
0.728
0.719
0.711
0.703
0.695
0.687
0.679
0.671
0.664
0.656
0.649
0.642
0.635
0.628
0.621
0.614
0.608
0.601
0.595
0.589
0.583
0.577
0.572
0.566
0.561
0.556
0.551
0.547
0.542
0.538
0.534
0.53
0.526
0.523
0.519
0.516
0.514
0.511
0.508
0.506
0.504
0.503
0.501
0.5
0.499
0.498
0.498
0.497
0.497
0.498
0.498
0.499
0.5
0.505
0.511
0.517
0.523
0.53
0.537
0.544
0.551
0.559
0.566
0.574
0.583
0.591
0.6
0.612
0.624
0.636
0.648
0.66
0.673
0.686
0.698
0.711
0.724
0.737
0.751
0.764
0.777
0.79
0.803
0.816
0.83
0.843
0.856
0.869
0.881
0.894
0.907
0.919
0.931
0.943
0.955
0.967
0.978
0.989
1.0
1.002
1.003
1.004
1.004
1.005
1.005
1.005
1.004
1.004
1.003
1.002
1.0
0.999
0.997
0.995
0.993
0.99
0.988
0.985
0.982
0.978
0.975
0.971
0.967
0.963
0.959
0.954
0.95
0.945
0.94
0.935
0.93
0.924
0.919
0.913
0.907
0.901
0.895
0.889
0.883
0.876
0.869
0.863
0.856
0.849
0.842
0.835
0.828
0.82
0.813
0.805
0.798
0.79
0.782
0.775
0.767
0.759
0.751
0.743
0.735
0.727
0.719
0.711
0.703
0.694
0.686
0.678
0.67
0.662
0.653
0.645
0.637
0.629
0.62
0.612
0.604
0.596
0.588
0.58
0.572
0.564
0.556
0.548
0.54
0.532
0.524
0.517
0.509
0.502
0.494
0.487
0.479
0.472
0.465
0.458
0.451
0.444
0.438
0.431
0.425
0.418
0.412
0.406
0.4
0.394
0.389
0.383
0.378
0.373
0.368
0.363
0.358
0.353
0.349
0.345
0.341
0.337
0.333
0.334
0.335
0.336
0.338
0.339
0.341
0.342
0.344
0.347
0.349
0.351
0.354
0.356
0.359
0.362
0.365
0.368
0.371
0.374
0.378
0.381
0.384
0.388
0.391
0.395
0.399
0.402
0.406
0.41
0.413
0.417
0.421
0.424
0.428
0.432
0.435
0.439
0.443
0.446
0.45
0.453
0.457
0.46
0.463
0.466
0.469
0.472
0.475
0.478
0.481
0.483
0.486
0.488
0.49
0.492
0.494
0.496
0.497
0.499
0.5
0.498
0.496
0.494
0.492
0.49
0.487
0.484
0.481
0.479
0.475
0.472
0.469
0.466
0.462
0.459
0.455
0.451
0.448
0.444
0.44
0.436
0.432
0.428
0.424
0.421
0.417
0.413
0.409
0.405
0.401
0.397
0.393
0.39
0.386
0.382
0.379
0.375
0.372
0.369
0.365
0.362
0.359
0.357
0.354
0.351
0.349
0.347
0.344
0.342
0.341
0.339
0.338
0.336
0.335
0.334
0.334
0.333
0.333
0.333
0.338
0.342
0.347
0.352
0.357
0.362
0.368
0.373
0.379
0.385
0.391
0.398
0.404
0.41
0.417
0.424
0.431
0.437
0.444
0.451
0.459
0.466
0.473
0.48
0.487
0.494
0.501
0.508
0.515
0.523
0.53
0.536
0.543
0.55
0.557
0.563
0.57
0.576
0.583
0.589
0.595
0.6
0.606
0.611
0.617
0.622
0.627
0.631
0.636
0.64
0.644
0.647
0.651
0.654
0.657
0.659
0.662
0.664
0.665
0.667
0.667
0.668
0.668
0.668
0.668
0.667
0.659
0.652
0.644
0.636
0.627
0.618
0.609
0.599
0.59
0.58
0.57
0.559
0.549
0.538
0.527
0.517
0.506
0.495
0.484
0.472
0.461
0.45
0.439
0.428
0.417
0.407
0.396
0.385
0.375
0.365
0.355
0.345
0.335
0.326
0.317
0.308
0.3
0.292
0.284
0.277
0.27
0.263
0.257
0.251
0.246
0.242
0.237
0.234
0.231
0.228
0.226
0.225
0.224
0.224
0.225
0.226
0.228
0.231
0.235
0.239
0.244
0.25
0.274
0.299
0.324
0.35
0.377
0.404
0.432
0.46
0.489
0.517
0.546
0.575
0.605
0.634
0.663
0.692
0.721
0.75
0.765
0.779
0.793
0.807
0.821
0.834
0.847
0.86
0.872
0.885
0.897
0.908
0.92
0.931
0.942
0.953
0.964
0.974
0.984
0.994
1.003
1.013
1.022
1.031
1.04
1.048
1.056
1.064
1.072
1.08
1.087
1.095
1.101
1.108
1.115
1.121
1.127
1.133
1.139
1.145
1.15
1.155
1.16
1.165
1.169
1.174
1.178
1.182
1.186
1.19
1.193
1.196
1.2
1.203
1.205
1.208
1.21
1.213
1.215
1.217
1.219
1.22
1.222
1.223
1.224
1.225
1.226
1.227
1.228
1.228
1.229
1.229
1.229
1.229
1.229
1.228
1.228
1.227
1.226
1.226
1.225
1.224
1.222
1.221
1.22
1.218
1.216
1.215
1.213
1.211
1.209
1.207
1.204
1.202
1.199
1.197
1.194
1.191
1.189
1.186
1.183
1.179
1.176
1.173
1.17
1.166
1.163
1.159
1.156
1.152
1.148
1.144
1.14
1.136
1.132
1.128
1.124
1.12
1.116
1.112
1.107
1.103
1.098
1.094
1.09
1.085
1.08
1.076
1.071
1.066
1.062
1.057
1.052
1.047
1.043
1.038
1.033
1.028
1.023
1.018
1.014
1.009
1.004
0.999
0.994
0.989
0.984
0.979
0.974
0.969
0.964
0.959
0.955
0.95
0.945
0.94
0.935
0.93
0.926
0.921
0.916
0.911
0.907
0.902
0.897
0.893
0.888
0.884
0.879
0.875
0.871
0.866
0.862
0.858
0.854
0.85
0.846
0.842
0.838
0.834
0.83
0.826
0.822
0.819
0.815
0.812
0.808
0.805
0.802
0.799
0.796
0.793
0.79
0.787
0.784
0.781
0.779
0.776
0.774
0.772
0.77
0.768
0.766
0.764
0.762
0.76
0.759
0.757
0.756
0.755
0.754
0.753
0.752
0.751
0.751
0.75
0.75
0.749
0.748
0.747
0.747
0.746
0.745
0.745
0.745
0.744
0.744
0.744
0.743
0.743
0.743
0.743
0.743
0.742
0.742
0.742
0.742
0.741
0.741
0.74
0.739
0.739
0.738
0.737
0.736
0.735
0.733
0.732
0.73
0.728
0.726
0.724
0.721
0.719
0.716
0.713
0.709
0.706
0.702
0.698
0.693
0.689
0.684
0.678
0.673
0.667
0.662
0.658
0.653
0.648
0.643
0.638
0.633
0.628
0.623
0.618
0.614
0.61
0.606
0.603
0.6
0.597
0.595
0.594
0.594
0.594
0.595
0.597
0.6
0.604
0.609
0.615
0.623
0.631
0.641
0.652
0.664
0.678
0.694
0.711
0.73
0.75
0.792
0.834
0.877
0.92
0.961
1.0
1.008
1.013
1.015
1.015
1.013
1.009
1.003
0.994
0.984
0.972
0.959
0.944
0.927
0.909
0.89
0.87
0.849
0.827
0.805
0.781
0.758
0.733
0.709
0.684
0.659
0.634
0.61
0.585
0.561
0.537
0.514
0.491
0.469
0.449
0.429
0.423
0.418
0.414
0.411
0.41
0.409
0.409
0.41
0.412
0.415
0.418
0.423
0.428
0.434
0.44
0.447
0.455
0.464
0.473
0.482
0.493
0.503
0.514
0.526
0.538
0.55
0.563
0.576
0.59
0.604
0.618
0.632
0.646
0.661
0.676
0.69
0.705
0.72
0.735
0.75
0.765
0.78
0.795
0.81
0.825
0.839
0.854
0.868
0.881
0.895
0.908
0.921
0.934
0.946
0.958
0.969
0.98
0.99
1.0
1.003
1.005
1.007
1.009
1.01
1.01
1.01
1.01
1.009
1.007
1.006
1.004
1.001
0.999
0.996
0.992
0.989
0.985
0.981
0.976
0.972
0.967
0.962
0.957
0.952
0.946
0.941
0.935
0.929
0.923
0.918
0.912
0.906
0.9
0.891
0.882
0.872
0.863
0.854
0.845
0.836
0.827
0.818
0.809
0.799
0.79
0.781
0.772
0.763
0.754
0.745
0.736
0.726
0.717
0.708
0.699
0.69
0.681
0.671
0.662
0.653
0.643
0.634
0.625
0.615
0.606
0.596
0.587
0.577
0.568
0.558
0.549
0.539
0.529
0.519
0.509
0.5
0.49
0.48
0.47
0.459
0.449
0.439
0.429
0.418
0.408
0.398
0.387
0.376
0.366
0.355
0.344
0.333
0.327
0.32
0.313
0.307
0.3
0.293
0.286
0.279
0.272
0.265
0.258
0.251
0.244
0.237
0.23
0.223
0.216
0.209
0.202
0.195
0.188
0.181
0.174
0.167
0.16
0.153
0.146
0.14
0.133
0.127
0.12
0.114
0.108
0.102
0.095
0.09
0.084
0.078
0.072
0.067
0.062
0.056
0.051
0.046
0.042
0.037
0.033
0.028
0.024
0.02
0.017
0.013
0.01
0.007
0.004
0.001
-0.001
-0.004
-0.006
-0.008
-0.009
-0.011
-0.012
-0.013
-0.013
-0.013
-0.013
-0.013
-0.013
-0.012
-0.011
-0.009
-0.008
-0.006
-0.004
-0.001
0.002
0.005
0.009
0.013
0.017
0.022
0.027
0.032
0.038
0.044
0.05
0.057
0.064
0.072
0.08
0.088
0.097
0.106
0.116
0.126
0.136
0.147
0.158
0.17
0.182
0.195
0.208
0.221
0.235
0.25
0.279
0.309
0.339
0.369
0.399
0.429
0.459
0.489
0.518
0.547
0.575
0.603
0.63
0.656
0.681
0.705
0.728
0.75
0.752
0.752
0.751
0.749
0.746
0.742
0.737
0.73
0.723
0.715
0.706
0.697
0.686
0.675
0.664
0.652
0.639
0.626
0.613
0.599
0.585
0.571
0.557
0.543
0.528
0.514
0.5
0.49
0.48
0.471
0.462
0.452
0.443
0.434
0.425
0.417
0.408
0.4
0.391
0.383
0.375
0.367
0.36
0.352
0.345
0.337
0.33
0.323
0.316
0.309
0.303
0.296
0.29
0.283
0.277
0.271
0.265
0.259
0.253
0.248
0.242
0.237
0.232
0.227
0.222
0.217
0.212
0.207
0.203
0.198
0.194
0.19
0.186
0.182
0.178
0.174
0.17
0.167
0.163
0.16
0.157
0.153
0.15
0.147
0.145
0.142
0.139
0.136
0.134
0.132
0.129
0.127
0.125
0.123
0.121
0.119
0.117
0.116
0.114
0.113
0.111
0.11
0.109
0.108
0.106
0.105
0.105
0.104
0.103
0.102
0.102
0.101
0.101
0.1
0.1
0.1
0.1
0.099
0.099
0.099
0.1
0.1
0.1
0.1
0.101
0.101
0.102
0.102
0.103
0.103
0.104
0.105
0.106
0.107
0.108
0.109
0.11
0.111
0.112
0.114
0.115
0.116
0.118
0.119
0.12
0.122
0.124
0.125
0.127
0.129
0.13
0.132
0.134
0.136
0.138
0.14
0.142
0.144
0.146
0.148
0.15
0.152
0.155
0.157
0.159
0.161
0.164
0.166
0.169
0.171
0.173
0.176
0.178
0.181
0.183
0.186
0.189
0.191
0.194
0.196
0.199
0.202
0.204
0.207
0.21
0.213
0.215
0.218
0.221
0.224
0.226
0.229
0.232
0.235
0.238
0.24
0.243
0.246
0.249
0.252
0.255
0.257
0.26
0.263
0.266
0.269
0.272
0.274
0.277
0.28
0.283
0.286
0.288
0.291
0.294
0.297
0.299
0.302
0.305
0.307
0.31
0.313
0.315
0.318
0.321
0.323
0.326
0.328
0.331
0.333
0.337
0.342
0.346
0.35
0.354
0.358
0.361
0.365
0.369
0.373
0.377
0.381
0.384
0.388
0.392
0.395
0.399
0.402
0.406
0.409
0.413
0.416
0.419
0.422
0.426
0.429
0.432
0.435
0.438
0.441
0.444
0.447
0.449
0.452
0.455
0.457
0.46
0.462
0.464
0.467
0.469
0.471
0.473
0.475
0.477
0.479
0.481
0.483
0.484
0.486
0.487
0.489
0.49
0.491
0.493
0.494
0.495
0.496
0.497
0.497
0.498
0.499
0.499
0.499
0.5
0.5
0.5
0.5
0.497
0.494
0.491
0.487
0.484
0.481
0.477
0.474
0.47
0.467
0.463
0.46
0.456
0.453
0.449
0.446
0.442
0.439
0.435
0.432
0.429
0.427
0.425
0.423
0.421
0.42
0.418
0.417
0.415
0.414
0.413
0.412
0.41
0.409
0.408
0.407
0.406
0.405
0.405
0.404
0.403
0.403
0.402
0.402
0.401
0.401
0.4
0.4
0.4
0.4
0.399
0.399
0.399
0.399
0.399
0.399
0.399
0.4
0.4
0.4
0.402
0.405
0.407
0.41
0.412
0.415
0.417
0.42
0.423
0.425
0.428
0.431
0.434
0.437
0.44
0.442
0.445
0.448
0.451
0.454
0.457
0.461
0.464
0.467
0.47
0.473
0.477
0.48
0.483
0.486
0.49
0.493
0.496
0.5
0.503
0.507
0.51
0.514
0.517
0.521
0.524
0.528
0.531
0.535
0.539
0.542
0.546
0.549
0.553
0.557
0.56
0.564
0.568
0.571
0.575
0.579
0.583
0.586
0.59
0.594
0.598
0.601
0.605
0.609
0.613
0.616
0.62
0.624
0.628
0.631
0.635
0.639
0.643
0.646
0.65
0.654
0.657
0.661
0.665
0.669
0.672
0.676
0.68
0.683
0.687
0.691
0.694
0.698
0.701
0.705
0.709
0.712
0.716
0.719
0.723
0.726
0.73
0.733
0.736
0.74
0.743
0.747
0.75
0.753
0.755
0.758
0.761
0.763
0.766
0.768
0.771
0.773
0.776
0.778
0.781
0.783
0.785
0.788
0.79
0.792
0.795
0.797
0.799
0.802
0.804
0.806
0.808
0.81
0.813
0.815
0.817
0.819
0.821
0.823
0.826
0.828
0.83
0.832
0.834
0.836
0.838
0.84
0.842
0.844
0.846
0.848
0.85
0.852
0.854
0.856
0.858
0.86
0.862
0.864
0.866
0.867
0.869
0.871
0.873
0.875
0.877
0.879
0.881
0.883
0.884
0.886
0.888
0.89
0.892
0.894
0.896
0.898
0.899
0.901
0.903
0.905
0.907
0.909
0.911
0.913
0.914
0.916
0.918
0.92
0.922
0.924
0.926
0.928
0.93
0.932
0.933
0.935
0.937
0.939
0.941
0.943
0.945
0.947
0.949
0.951
0.953
0.955
0.957
0.959
0.961
0.963
0.965
0.967
0.969
0.971
0.974
0.976
0.978
0.98
0.982
0.984
0.987
0.989
0.991
0.993
0.995
0.998
1.0
1.001
1.003
1.004
1.005
1.006
1.008
1.009
1.01
1.012
1.013
1.015
1.016
1.017
1.019
1.02
1.022
1.023
1.025
1.026
1.028
1.029
1.03
1.032
1.033
1.035
1.036
1.038
1.039
1.041
1.042
1.044
1.045
1.047
1.048
1.05
1.051
1.052
1.054
1.055
1.057
1.058
1.059
1.061
1.062
1.064
1.065
1.066
1.068
1.069
1.07
1.072
1.073
1.074
1.075
1.077
1.078
1.079
1.08
1.081
1.082
1.083
1.085
1.086
1.087
1.088
1.089
1.09
1.09
1.091
1.092
1.093
1.094
1.095
1.096
1.096
1.097
1.098
1.098
1.099
1.099
1.1
1.1
1.101
1.101
1.102
1.102
1.102
1.103
1.103
1.103
1.103
1.103
1.104
1.104
1.104
1.103
1.103
1.103
1.103
1.103
1.103
1.102
1.102
1.101
1.101
1.1
1.1
1.099
1.099
1.098
1.097
1.096
1.095
1.094
1.093
1.092
1.091
1.09
1.089
1.087
1.086
1.085
1.083
1.082
1.08
1.078
1.077
1.075
1.073
1.071
1.069
1.067
1.065
1.063
1.061
1.058
1.056
1.053
1.051
1.048
1.046
1.043
1.04
1.037
1.034
1.031
1.028
1.025
1.021
1.018
1.015
1.011
1.007
1.004
1.0
0.99
0.98
0.969
0.959
0.949
0.938
0.927
0.916
0.905
0.894
0.883
0.872
0.86
0.848
0.836
0.824
0.812
0.799
0.787
0.774
0.761
0.747
0.734
0.72
0.706
0.691
0.677
0.662
0.647
0.632
0.616
0.6
0.58
0.56
0.54
0.52
0.5
0.489
0.479
0.469
0.459
0.45
0.441
0.432
0.424
0.416
0.409
0.401
0.394
0.388
0.381
0.375
0.37
0.364
0.359
0.354
0.35
0.346
0.342
0.338
0.334
0.331
0.328
0.325
0.323
0.32
0.318
0.316
0.315
0.313
0.312
0.311
0.31
0.309
0.309
0.309
0.308
0.308
0.309
0.309
0.309
0.31
0.311
0.311
0.312
0.313
0.315
0.316
0.317
0.319
0.32
0.322
0.324
0.326
0.327
0.329
0.331
0.333
0.34
0.348
0.355
0.362
0.369
0.376
0.384
0.391
0.398
0.406
0.413
0.421
0.428
0.435
0.443
0.45
0.458
0.465
0.473
0.48
0.488
0.495
0.502
0.51
0.517
0.525
0.532
0.539
0.547
0.554
0.561
0.568
0.576
0.583
0.59
0.597
0.604
0.611
0.618
0.625
0.628
0.63
0.632
0.635
0.637
0.639
0.642
0.644
0.646
0.648
0.65
0.652
0.654
0.655
0.657
0.659
0.66
0.662
0.663
0.665
0.666
0.667
0.668
0.669
0.67
0.671
0.672
0.673
0.673
0.674
0.675
0.675
0.675
0.676
0.676
0.676
0.676
0.676
0.676
0.675
0.675
0.675
0.674
0.673
0.673
0.672
0.671
0.67
0.669
0.668
0.666
0.665
0.663
0.662
0.66
0.658
0.656
0.654
0.652
0.65
0.647
0.645
0.642
0.639
0.637
0.634
0.63
0.627
0.624
0.621
0.617
0.613
0.61
0.606
0.602
0.597
0.593
0.589
0.584
0.58
0.575
0.57
0.565
0.56
0.554
0.549
0.543
0.537
0.531
0.525
0.519
0.513
0.507
0.5
0.491
0.482
0.473
0.464
0.454
0.445
0.435
0.426
0.416
0.406
0.397
0.387
0.377
0.367
0.358
0.348
0.338
0.328
0.319
0.309
0.3
0.29
0.281
0.272
0.263
0.254
0.245
0.236
0.228
0.219
0.211
0.203
0.195
0.188
0.181
0.174
0.167
0.16
0.154
0.148
0.142
0.137
0.132
0.127
0.122
0.118
0.114
0.111
0.108
0.105
0.103
0.101
0.1
0.099
0.098
0.098
0.099
0.1
0.101
0.103
0.105
0.108
0.111
0.115
0.12
0.125
0.139
0.154
0.169
0.184
0.2
0.216
0.233
0.25
0.267
0.285
0.303
0.32
0.338
0.356
0.374
0.392
0.41
0.428
0.446
0.464
0.481
0.499
0.516
0.532
0.549
0.565
0.58
0.596
0.61
0.624
0.638
0.651
0.663
0.675
0.685
0.696
0.705
0.713
0.721
0.728
0.733
0.738
0.742
0.744
0.746
0.746
0.746
0.744
0.741
0.736
0.73
0.723
0.714
0.687
0.658
0.63
0.601
0.572
0.545
0.519
0.495
0.474
0.455
0.44
0.429
0.437
0.45
0.467
0.486
0.508
0.532
0.559
0.586
0.615
0.644
0.673
0.701
0.729
0.756
0.781
0.804
0.824
0.842
0.856
0.867
0.873
0.874
0.871
0.862
0.846
0.825
0.797
0.761
0.718
0.667
0.554
0.441
0.333
0.239
0.167
0.212
0.28
0.365
0.462
0.564
0.667
0.728
0.785
0.836
0.882
0.924
0.961
0.994
1.023
1.048
1.069
1.086
1.1
1.111
1.119
1.125
1.127
1.128
1.126
1.123
1.117
1.11
1.102
1.093
1.082
1.071
1.06
1.048
1.035
1.023
1.011
1.0
0.982
0.965
0.948
0.932
0.917
0.902
0.888
0.874
0.861
0.848
0.836
0.825
0.814
0.803
0.793
0.784
0.775
0.766
0.758
0.75
0.743
0.736
0.73
0.723
0.718
0.713
0.708
0.703
0.699
0.695
0.692
0.689
0.686
0.683
0.681
0.679
0.677
0.676
0.675
0.674
0.673
0.672
0.672
0.672
0.672
0.673
0.673
0.674
0.674
0.675
0.676
0.678
0.679
0.68
0.682
0.683
0.685
0.686
0.688
0.69
0.692
0.694
0.695
0.697
0.699
0.701
0.703
0.704
0.706
0.708
0.709
0.711
0.712
0.713
0.714
0.716
0.716
0.717
0.718
0.718
0.719
0.719
0.719
0.718
0.718
0.717
0.716
0.715
0.713
0.712
0.71
0.707
0.705
0.702
0.699
0.695
0.691
0.687
0.683
0.678
0.672
0.667
0.655
0.644
0.632
0.619
0.607
0.594
0.58
0.567
0.553
0.539
0.525
0.511
0.496
0.482
0.467
0.453
0.438
0.423
0.408
0.393
0.378
0.364
0.356
0.348
0.34
0.333
0.326
0.318
0.311
0.305
0.298
0.292
0.286
0.28
0.275
0.27
0.265
0.261
0.257
0.253
0.25
0.248
0.245
0.244
0.243
0.242
0.242
0.243
0.244
0.246
0.248
0.252
0.256
0.26
0.265
0.272
0.278
0.286
0.294
0.304
0.314
0.325
0.337
0.35
0.364
