0.0
0.038
0.076
0.114
0.152
0.19
0.229
0.267
0.305
0.343
0.381
0.419
0.457
0.495
0.533
0.571
0.61
0.648
0.686
0.724
0.762
0.8
0.78
0.759
0.739
0.719
0.699
0.678
0.658
0.638
0.617
0.597
0.577
0.557
0.536
0.516
0.496
0.475
0.455
0.435
0.414
0.394
0.374
0.354
0.333
0.336
0.338
0.34
0.342
0.344
0.347
0.349
0.351
0.353
0.356
0.358
0.36
0.362
0.364
0.367
0.369
0.371
0.373
0.376
0.378
0.38
0.382
0.384
0.387
0.389
0.391
0.393
0.396
0.398
0.4
0.39
0.38
0.37
0.36
0.35
0.34
0.33
0.32
0.31
0.3
0.29
0.28
0.27
0.26
0.25
0.254
0.257
0.261
0.264
0.268
0.271
0.275
0.278
0.282
0.285
0.289
0.292
0.296
0.299
0.303
0.306
0.31
0.313
0.317
0.32
0.324
0.327
0.331
0.335
0.338
0.342
0.345
0.349
0.352
0.356
0.359
0.363
0.366
0.37
0.373
0.377
0.38
0.384
0.387
0.391
0.394
0.398
0.401
0.405
0.408
0.412
0.415
0.419
0.423
0.426
0.43
0.433
0.437
0.44
0.444
0.447
0.451
0.454
0.458
0.461
0.465
0.468
0.472
0.475
0.479
0.482
0.486
0.489
0.493
0.496
0.5
0.5
0.5
0.5
0.5
0.5
0.5
0.5
0.5
0.5
0.5
0.5
0.5
0.5
0.5
0.5
0.5
0.5
0.5
0.5
0.5
0.5
0.5
0.5
0.5
0.5
0.5
0.5
0.5
0.5
0.5
0.5
0.5
0.5
0.5
0.5
0.5
0.5
0.5
0.5
0.5
0.5
0.5
0.5
0.5
0.5
0.5
0.5
0.5
0.5
0.5
0.5
0.5
0.5
0.5
0.5
0.5
0.5
0.5
0.5
0.5
0.5
0.5
0.509
0.519
0.528
0.538
0.547
0.556
0.566
0.575
0.584
0.594
0.603
0.612
0.622
0.631
0.641
0.65
0.659
0.669
0.678
0.688
0.697
0.706
0.716
0.725
0.734
0.744
0.753
0.762
0.772
0.781
0.791
0.8
0.809
0.819
0.828
0.837
0.847
0.856
0.866
0.875
0.872
0.869
0.867
0.864
0.861
0.858
0.856
0.853
0.85
0.847
0.844
0.842
0.839
0.836
0.833
0.83
0.828
0.825
0.822
0.819
0.817
0.814
0.811
0.808
0.805
0.803
0.8
0.797
0.794
0.791
0.789
0.786
0.783
0.78
0.778
0.775
0.772
0.769
0.766
0.764
0.761
0.758
0.755
0.752
0.75
0.747
0.744
0.741
0.739
0.736
0.733
0.73
0.727
0.725
0.722
0.719
0.716
0.713
0.711
0.708
0.705
0.702
0.7
0.697
0.694
0.691
0.688
0.686
0.683
0.68
0.677
0.674
0.672
0.669
0.666
0.663
0.661
0.658
0.655
0.652
0.649
0.647
0.644
0.641
0.638
0.635
0.633
0.63
0.627
0.624
0.622
0.619
0.616
0.613
0.61
0.608
0.605
0.602
0.599
0.596
0.594
0.591
0.588
0.585
0.583
0.58
0.577
0.574
0.571
0.574
0.576
0.578
0.58
0.582
0.584
0.586
0.588
0.591
0.593
0.595
0.597
0.599
0.601
0.603
0.605
0.608
0.61
0.612
0.614
0.616
0.618
0.62
0.622
0.625
0.627
0.629
0.631
0.633
0.635
0.637
0.639
0.642
0.644
0.646
0.648
0.65
0.652
0.654
0.656
0.659
0.661
0.663
0.665
0.667
0.669
0.671
0.673
0.676
0.678
0.68
0.682
0.684
0.686
0.688
0.69
0.693
0.695
0.697
0.699
0.701
0.703
0.705
0.707
0.71
0.712
0.714
0.716
0.718
0.72
0.722
0.724
0.727
0.729
0.731
0.733
0.735
0.737
0.739
0.741
0.744
0.746
0.748
0.75
0.745
0.739
0.734
0.729
0.724
0.718
0.713
0.708
0.703
0.697
0.692
0.687
0.682
0.676
0.671
0.666
0.661
0.655
0.65
0.645
0.64
0.634
0.629
0.624
0.619
0.613
0.608
0.603
0.598
0.592
0.587
0.582
0.577
0.571
0.571
0.57
0.569
0.568
0.568
0.567
0.566
0.565
0.565
0.564
0.563
0.562
0.562
0.561
0.56
0.559
0.559
0.558
0.557
0.556
0.555
0.555
0.554
0.553
0.552
0.552
0.551
0.55
0.549
0.549
0.548
0.547
0.546
0.546
0.545
0.544
0.543
0.543
0.542
0.541
0.54
0.54
0.539
0.538
0.537
0.536
0.536
0.535
0.534
0.533
0.533
0.532
0.531
0.53
0.53
0.529
0.528
0.527
0.527
0.526
0.525
0.524
0.524
0.523
0.522
0.521
0.521
0.52
0.519
0.518
0.517
0.517
0.516
0.515
0.514
0.514
0.513
0.512
0.511
0.511
0.51
0.509
0.508
0.508
0.507
0.506
0.505
0.505
0.504
0.503
0.502
0.502
0.501
0.5
0.497
0.493
0.49
0.487
0.484
0.48
0.477
0.474
0.471
0.467
0.464
0.461
0.458
0.454
0.451
0.448
0.444
0.441
0.438
0.435
0.431
0.428
0.425
0.422
0.418
0.415
0.412
0.408
0.405
0.402
0.399
0.395
0.392
0.389
0.386
0.382
0.379
0.376
0.373
0.369
0.366
0.363
0.359
0.356
0.353
0.35
0.346
0.343
0.34
0.337
0.333
0.336
0.338
0.341
0.343
0.346
0.348
0.351
0.354
0.356
0.359
0.361
0.364
0.366
0.369
0.371
0.374
0.376
0.379
0.381
0.384
0.386
0.389
0.391
0.394
0.396
0.399
0.402
0.404
0.407
0.409
0.412
0.414
0.417
0.419
0.422
0.424
0.427
0.429
0.432
0.434
0.437
0.439
0.442
0.444
0.447
0.449
0.452
0.455
0.457
0.46
0.462
0.465
0.467
0.47
0.472
0.475
0.477
0.48
0.482
0.485
0.487
0.49
0.492
0.495
0.497
0.5
0.51
0.519
0.529
0.538
0.548
0.558
0.567
0.577
0.587
0.596
0.606
0.615
0.625
0.635
0.644
0.654
0.663
0.673
0.683
0.692
0.702
0.712
0.721
0.731
0.74
0.75
0.752
0.755
0.757
0.76
0.762
0.764
0.767
0.769
0.771
0.774
0.776
0.779
0.781
0.783
0.786
0.788
0.79
0.793
0.795
0.798
0.8
0.771
0.742
0.712
0.683
0.654
0.625
0.596
0.567
0.538
0.508
0.479
0.45
0.421
0.392
0.362
0.333
0.333
0.333
0.333
0.333
0.333
0.333
0.333
0.333
0.333
0.333
0.333
0.333
0.333
0.333
0.333
0.333
0.333
0.333
0.333
0.333
0.333
0.333
0.333
0.333
0.333
0.333
0.333
0.333
0.343
0.352
0.361
0.37
0.38
0.389
0.398
0.407
0.417
0.426
0.435
0.444
0.454
0.463
0.472
0.481
0.491
0.5
0.487
0.474
0.46
0.447
0.434
0.421
0.407
0.394
0.381
0.368
0.354
0.341
0.328
0.315
0.302
0.288
0.275
0.262
0.249
0.235
0.222
0.249
0.276
0.302
0.329
0.356
0.382
0.409
0.436
0.462
0.489
0.516
0.542
0.569
0.596
0.622
0.649
0.676
0.702
0.729
0.756
0.782
0.809
0.836
0.862
0.889
0.887
0.885
0.883
0.882
0.88
0.878
0.876
0.874
0.873
0.871
0.869
0.867
0.865
0.864
0.862
0.86
0.858
0.856
0.854
0.853
0.851
0.849
0.847
0.845
0.844
0.842
0.84
0.838
0.836
0.835
0.833
0.831
0.829
0.827
0.825
0.824
0.822
0.82
0.818
0.816
0.815
0.813
0.811
0.809
0.807
0.806
0.804
0.802
0.8
0.798
0.796
0.795
0.793
0.791
0.789
0.787
0.786
0.784
0.782
0.78
0.778
0.777
0.775
0.773
0.771
0.769
0.767
0.766
0.764
0.762
0.76
0.758
0.757
0.755
0.753
0.751
0.749
0.748
0.746
0.744
0.742
0.74
0.738
0.737
0.735
0.733
0.731
0.729
0.728
0.726
0.724
0.722
0.72
0.719
0.717
0.715
0.713
0.711
0.709
0.708
0.706
0.704
0.702
0.7
0.699
0.697
0.695
0.693
0.691
0.69
0.688
0.686
0.684
0.682
0.68
0.679
0.677
0.675
0.673
0.671
0.67
0.668
0.666
0.664
0.662
0.661
0.659
0.657
0.655
0.653
0.651
0.65
0.648
0.646
0.644
0.642
0.641
0.639
0.637
0.635
0.633
0.632
0.63
0.628
0.626
0.624
0.622
0.621
0.619
0.617
0.615
0.613
0.612
0.61
0.608
0.606
0.604
0.603
0.601
0.599
0.597
0.595
0.593
0.592
0.59
0.588
0.586
0.584
0.583
0.581
0.579
0.577
0.575
0.574
0.572
0.57
0.568
0.566
0.564
0.563
0.561
0.559
0.557
0.555
0.554
0.552
0.55
0.548
0.546
0.545
0.543
0.541
0.539
0.537
0.535
0.534
0.532
0.53
0.528
0.526
0.525
0.523
0.521
0.519
0.517
0.516
0.514
0.512
0.51
0.508
0.506
0.505
0.503
0.501
0.499
0.497
0.496
0.494
0.492
0.49
0.488
0.487
0.485
0.483
0.481
0.479
0.478
0.476
0.474
0.472
0.47
0.468
0.467
0.465
0.463
0.461
0.459
0.458
0.456
0.454
0.452
0.45
0.449
0.447
0.445
0.443
0.441
0.439
0.438
0.436
0.434
0.432
0.43
0.429
0.452
0.476
0.5
0.524
0.548
0.571
0.595
0.619
0.643
0.667
0.69
0.714
0.703
0.692
0.68
0.669
0.658
0.647
0.635
0.624
0.613
0.602
0.59
0.579
0.568
0.556
0.545
0.534
0.523
0.511
0.5
0.504
0.509
0.513
0.518
0.522
0.526
0.531
0.535
0.539
0.544
0.548
0.553
0.557
0.561
0.566
0.57
0.575
0.579
0.583
0.588
0.592
0.596
0.601
0.605
0.61
0.614
0.618
0.623
0.627
0.632
0.636
0.64
0.645
0.649
0.654
0.658
0.662
0.667
0.671
0.675
0.68
0.684
0.689
0.693
0.697
0.702
0.706
0.711
0.715
0.719
0.724
0.728
0.732
0.737
0.741
0.746
0.75
0.731
0.712
0.693
0.674
0.655
0.636
0.617
0.598
0.58
0.561
0.542
0.523
0.504
0.485
0.466
0.447
0.428
0.409
0.39
0.371
0.352
0.333
0.337
0.341
0.345
0.348
0.352
0.356
0.36
0.364
0.367
0.371
0.375
0.379
0.383
0.386
0.39
0.394
0.398
0.402
0.405
0.409
0.413
0.417
0.42
0.424
0.428
0.432
0.436
0.439
0.443
0.447
0.451
0.455
0.458
0.462
0.466
0.47
0.473
0.477
0.481
0.485
0.489
0.492
0.496
0.5
0.505
0.51
0.514
0.519
0.524
0.529
0.533
0.538
0.543
0.548
0.552
0.557
0.562
0.567
0.571
0.576
0.581
0.586
0.59
0.595
0.6
0.605
0.61
0.614
0.619
0.624
0.629
0.633
0.638
0.643
0.648
0.652
0.657
0.662
0.667
0.671
0.676
0.681
0.686
0.69
0.695
0.7
0.705
0.71
0.714
0.719
0.724
0.729
0.733
0.738
0.743
0.748
0.752
0.757
0.762
0.767
0.771
0.776
0.781
0.786
0.79
0.795
0.8
0.805
0.81
0.814
0.819
0.824
0.829
0.833
0.831
0.829
0.827
0.825
0.823
0.821
0.818
0.816
0.814
0.812
0.81
0.808
0.806
0.804
0.801
0.799
0.797
0.795
0.793
0.791
0.789
0.787
0.785
0.782
0.78
0.778
0.776
0.774
0.772
0.77
0.768
0.765
0.763
0.761
0.759
0.757
0.755
0.753
0.751
0.748
0.746
0.744
0.742
0.74
0.738
0.736
0.734
0.731
0.729
0.727
0.725
0.723
0.721
0.719
0.717
0.714
0.712
0.71
0.708
0.706
0.704
0.702
0.7
0.697
0.695
0.693
0.691
0.689
0.687
0.685
0.683
0.68
0.678
0.676
0.674
0.672
0.67
0.668
0.666
0.663
0.661
0.659
0.657
0.655
0.653
0.651
0.649
0.646
0.644
0.642
0.64
0.638
0.636
0.634
0.632
0.63
0.627
0.625
0.623
0.621
0.619
0.617
0.615
0.613
0.61
0.608
0.606
0.604
0.602
0.6
0.598
0.596
0.593
0.591
0.589
0.587
0.585
0.583
0.581
0.579
0.576
0.574
0.572
0.57
0.568
0.566
0.564
0.562
0.559
0.557
0.555
0.553
0.551
0.549
0.547
0.545
0.542
0.54
0.538
0.536
0.534
0.532
0.53
0.528
0.525
0.523
0.521
0.519
0.517
0.515
0.513
0.511
0.508
0.506
0.504
0.502
0.5
0.498
0.495
0.493
0.49
0.488
0.485
0.483
0.48
0.478
0.475
0.473
0.47
0.468
0.465
0.463
0.46
0.458
0.455
0.453
0.45
0.448
0.445
0.443
0.44
0.438
0.435
0.433
0.43
0.428
0.425
0.423
0.42
0.418
0.415
0.413
0.41
0.408
0.405
0.403
0.4
0.398
0.396
0.393
0.391
0.388
0.386
0.383
0.381
0.378
0.376
0.373
0.371
0.368
0.366
0.363
0.361
0.358
0.356
0.353
0.351
0.348
0.346
0.343
0.341
0.338
0.336
0.333
0.335
0.336
0.338
0.339
0.341
0.342
0.344
0.345
0.347
0.348
0.35
0.351
0.353
0.354
0.356
0.357
0.359
0.36
0.362
0.363
0.365
0.366
0.368
0.369
0.371
0.372
0.374
0.375
0.376
0.378
0.379
0.381
0.382
0.384
0.385
0.387
0.388
0.39
0.391
0.393
0.394
0.396
0.397
0.399
0.4
0.402
0.403
0.405
0.406
0.408
0.409
0.411
0.412
0.414
0.415
0.417
0.418
0.42
0.421
0.423
0.424
0.426
0.427
0.429
0.43
0.432
0.433
0.435
0.436
0.438
0.439
0.44
0.442
0.443
0.445
0.446
0.448
0.449
0.451
0.452
0.454
0.455
0.457
0.458
0.46
0.461
0.463
0.464
0.466
0.467
0.469
0.47
0.472
0.473
0.475
0.476
0.478
0.479
0.481
0.482
0.484
0.485
0.487
0.488
0.49
0.491
0.493
0.494
0.496
0.497
0.499
0.5
0.501
0.502
0.503
0.504
0.505
0.506
0.507
0.508
0.509
0.51
0.511
0.512
0.513
0.514
0.515
0.516
0.517
0.518
0.519
0.52
0.521
0.522
0.523
0.524
0.525
0.526
0.527
0.528
0.529
0.53
0.531
0.532
0.533
0.534
0.535
0.536
0.537
0.538
0.539
0.54
0.541
0.542
0.543
0.544
0.545
0.546
0.547
0.548
0.549
0.55
0.55
0.551
0.552
0.553
0.554
0.555
0.556
0.557
0.558
0.559
0.56
0.561
0.562
0.563
0.564
0.565
0.566
0.567
0.568
0.569
0.57
0.571
0.572
0.573
0.574
0.575
0.576
0.577
0.578
0.579
0.58
0.581
0.582
0.583
0.584
0.585
0.586
0.587
0.588
0.589
0.59
0.591
0.592
0.593
0.594
0.595
0.596
0.597
0.598
0.599
0.6
0.598
0.595
0.593
0.591
0.589
0.586
0.584
0.582
0.58
0.577
0.575
0.573
0.57
0.568
0.566
0.564
0.561
0.559
0.557
0.555
0.552
0.55
0.548
0.545
0.543
0.541
0.539
0.536
0.534
0.532
0.53
0.527
0.525
0.523
0.52
0.518
0.516
0.514
0.511
0.509
0.507
0.505
0.502
0.5
0.5
0.5
0.5
0.5
0.5
0.5
0.5
0.5
0.5
0.5
0.5
0.5
0.5
0.5
0.5
0.5
0.5
0.5
0.5
0.5
0.5
0.5
0.5
0.5
0.5
0.5
0.5
0.5
0.5
0.5
0.5
0.5
0.5
0.5
0.5
0.5
0.5
0.5
0.5
0.5
0.5
0.5
0.5
0.5
0.5
0.5
0.5
0.5
0.5
0.5
0.5
0.5
0.5
0.5
0.5
0.5
0.5
0.5
0.5
0.5
0.5
0.5
0.5
0.5
0.5
0.5
0.5
0.5
0.5
0.5
0.5
0.5
0.5
0.5
0.493
0.486
0.479
0.472
0.465
0.457
0.45
0.443
0.436
0.429
0.422
0.415
0.408
0.401
0.394
0.387
0.379
0.372
0.365
0.358
0.351
0.344
0.337
0.33
0.323
0.316
0.309
0.301
0.294
0.287
0.28
0.273
0.266
0.259
0.252
0.245
0.238
0.23
0.223
0.216
0.209
0.202
0.195
0.188
0.181
0.174
0.167
0.193
0.219
0.246
0.272
0.298
0.325
0.351
0.377
0.404
0.43
0.456
0.482
0.509
0.535
0.561
0.588
0.614
0.64
0.667
0.668
0.669
0.67
0.672
0.673
0.674
0.675
0.676
0.678
0.679
0.68
0.681
0.683
0.684
0.685
0.686
0.687
0.689
0.69
0.691
0.692
0.694
0.695
0.696
0.697
0.698
0.7
0.701
0.702
0.703
0.705
0.706
0.707
0.708
0.709
0.711
0.712
0.713
0.714
0.714
0.713
0.712
0.712
0.711
0.71
0.71
0.709
0.708
0.708
0.707
0.706
0.706
0.705
0.705
0.704
0.703
0.703
0.702
0.701
0.701
0.7
0.699
0.699
0.698
0.697
0.697
0.696
0.695
0.695
0.694
0.693
0.693
0.692
0.691
0.691
0.69
0.689
0.689
0.688
0.688
0.687
0.686
0.686
0.685
0.684
0.684
0.683
0.682
0.682
0.681
0.68
0.68
0.679
0.678
0.678
0.677
0.676
0.676
0.675
0.674
0.674
0.673
0.673
0.672
0.671
0.671
0.67
0.669
0.669
0.668
0.667
0.667
0.665
0.664
0.663
0.662
0.661
0.659
0.658
0.657
0.656
0.655
0.653
0.652
0.651
0.65
0.649
0.647
0.646
0.645
0.644
0.643
0.641
0.64
0.639
0.638
0.636
0.635
0.634
0.633
0.632
0.63
0.629
0.628
0.627
0.626
0.624
0.623
0.622
0.621
0.62
0.618
0.617
0.616
0.615
0.614
0.612
0.611
0.61
0.609
0.607
0.606
0.605
0.604
0.603
0.601
0.6
0.599
0.598
0.597
0.595
0.594
0.593
0.592
0.591
0.589
0.588
0.587
0.586
0.585
0.583
0.582
0.581
0.58
0.579
0.577
0.576
0.575
0.574
0.572
0.571
0.57
0.569
0.568
0.566
0.565
0.564
0.563
0.562
0.56
0.559
0.558
0.557
0.556
0.554
0.553
0.552
0.551
0.55
0.548
0.547
0.546
0.545
0.543
0.542
0.541
0.54
0.539
0.537
0.536
0.535
0.534
0.533
0.531
0.53
0.529
0.528
0.527
0.525
0.524
0.523
0.522
0.521
0.519
0.518
0.517
0.516
0.514
0.513
0.512
0.511
0.51
0.508
0.507
0.506
0.505
0.504
0.502
0.501
0.5
0.501
0.502
0.503
0.504
0.505
0.506
0.507
0.508
0.509
0.51
0.511
0.512
0.513
0.514
0.515
0.516
0.517
0.518
0.519
0.52
0.521
0.522
0.523
0.523
0.524
0.525
0.526
0.527
0.528
0.529
0.53
0.531
0.532
0.533
0.534
0.535
0.536
0.537
0.538
0.539
0.54
0.541
0.542
0.543
0.544
0.545
0.546
0.547
0.548
0.549
0.55
0.551
0.552
0.553
0.554
0.555
0.556
0.557
0.558
0.559
0.56
0.561
0.562
0.563
0.564
0.565
0.566
0.567
0.568
0.568
0.569
0.57
0.571
0.576
0.58
0.585
0.589
0.594
0.598
0.603
0.607
0.612
0.616
0.621
0.625
0.63
0.634
0.639
0.643
0.648
0.652
0.657
0.661
0.666
0.67
0.675
0.679
0.683
0.688
0.692
0.697
0.701
0.706
0.71
0.715
0.719
0.724
0.728
0.733
0.737
0.742
0.746
0.751
0.755
0.76
0.764
0.769
0.773
0.778
0.782
0.787
0.791
0.796
0.8
0.797
0.794
0.791
0.788
0.785
0.782
0.779
0.776
0.774
0.771
0.768
0.765
0.762
0.759
0.756
0.753
0.75
0.747
0.744
0.741
0.738
0.735
0.732
0.729
0.726
0.724
0.721
0.718
0.715
0.712
0.709
0.706
0.703
0.7
0.697
0.694
0.691
0.688
0.685
0.682
0.679
0.676
0.674
0.671
0.668
0.665
0.662
0.659
0.656
0.653
0.65
0.647
0.644
0.641
0.638
0.635
0.632
0.629
0.626
0.624
0.621
0.618
0.615
0.612
0.609
0.606
0.603
0.6
0.597
0.594
0.591
0.589
0.586
0.583
0.58
0.577
0.574
0.571
0.569
0.566
0.563
0.56
0.557
0.554
0.551
0.549
0.546
0.543
0.54
0.537
0.534
0.531
0.529
0.526
0.523
0.52
0.517
0.514
0.511
0.509
0.506
0.503
0.5
0.502
0.505
0.507
0.51
0.512
0.514
0.517
0.519
0.521
0.524
0.526
0.529
0.531
0.533
0.536
0.538
0.54
0.543
0.545
0.548
0.55
0.552
0.555
0.557
0.56
0.562
0.564
0.567
0.569
0.571
0.574
0.576
0.579
0.581
0.583
0.586
0.588
0.59
0.593
0.595
0.598
0.6
0.604
0.607
0.611
0.614
0.618
0.621
0.625
0.628
0.632
0.636
0.639
0.643
0.646
0.65
0.653
0.657
0.66
0.664
0.668
0.671
0.675
0.678
0.682
0.685
0.689
0.692
0.696
0.7
0.703
0.707
0.71
0.714
0.717
0.721
0.724
0.728
0.732
0.735
0.739
0.742
0.746
0.749
0.753
0.756
0.76
0.764
0.767
0.771
0.774
0.778
0.761
0.745
0.729
0.712
0.696
0.68
0.663
0.647
0.631
0.614
0.598
0.582
0.565
0.549
0.533
0.516
0.5
0.5
0.5
0.5
0.5
0.5
0.5
0.5
0.5
0.5
0.5
0.5
0.5
0.5
0.5
0.5
0.5
0.5
0.5
0.5
0.5
0.5
0.5
0.5
0.5
0.5
0.5
0.5
0.5
0.5
0.5
0.505
0.51
0.515
0.52
0.525
0.53
0.535
0.539
0.544
0.549
0.554
0.559
0.564
0.569
0.574
0.579
0.584
0.589
0.594
0.599
0.604
0.609
0.613
0.618
0.623
0.628
0.633
0.638
0.643
0.648
0.653
0.658
0.663
0.668
0.673
0.678
0.683
0.688
0.692
0.697
0.702
0.707
0.712
0.717
0.722
0.727
0.732
0.737
0.742
0.747
0.752
0.757
0.762
0.766
0.771
0.776
0.781
0.786
0.791
0.796
0.801
0.806
0.811
0.816
0.821
0.826
0.831
0.836
0.84
0.845
0.85
0.855
0.86
0.865
0.87
0.875
0.871
0.867
0.863
0.859
0.855
0.85
0.846
0.842
0.838
0.834
0.83
0.826
0.822
0.818
0.814
0.809
0.805
0.801
0.797
0.793
0.789
0.785
0.781
0.777
0.773
0.769
0.764
0.76
0.756
0.752
0.748
0.744
0.74
0.736
0.732
0.728
0.723
0.719
0.715
0.711
0.707
0.703
0.699
0.695
0.691
0.687
0.683
0.678
0.674
0.67
0.666
0.662
0.658
0.654
0.65
0.646
0.642
0.638
0.633
0.629
0.625
0.621
0.617
0.613
0.609
0.605
0.601
0.597
0.592
0.588
0.584
0.58
0.576
0.572
0.568
0.564
0.56
0.556
0.552
0.547
0.543
0.539
0.535
0.531
0.527
0.523
0.519
0.515
0.511
0.506
0.502
0.498
0.494
0.49
0.486
0.482
0.478
0.474
0.47
0.466
0.461
0.457
0.453
0.449
0.445
0.441
0.437
0.433
0.429
0.425
0.42
0.416
0.412
0.408
0.404
0.4
0.4
0.4
0.4
0.4
0.4
0.4
0.4
0.4
0.4
0.4
0.4
0.4
0.4
0.4
0.4
0.4
0.4
0.4
0.4
0.4
0.4
0.4
0.4
0.4
0.4
0.4
0.4
0.4
0.4
0.4
0.4
0.4
0.4
0.4
0.4
0.4
0.4
0.4
0.4
0.4
0.4
0.4
0.4
0.4
0.4
0.4
0.4
0.4
0.4
0.4
0.4
0.4
0.4
0.4
0.4
0.4
0.4
0.4
0.4
0.4
0.4
0.4
0.4
0.4
0.4
0.4
0.4
0.4
0.4
0.4
0.4
0.4
0.4
0.4
0.4
0.4
0.4
0.4
0.4
0.4
0.4
0.4
0.4
0.4
0.4
0.4
0.4
0.4
0.4
0.4
0.4
0.4
0.4
0.4
0.4
0.4
0.4
0.4
0.4
0.4
0.4
0.4
0.4
0.4
0.4
0.4
0.4
0.4
0.4
0.4
0.4
0.4
0.4
0.4
0.4
0.4
0.4
0.4
0.4
0.4
0.4
0.4
0.4
0.4
0.4
0.4
0.4
0.4
0.4
0.4
0.4
0.4
0.4
0.4
0.4
0.4
0.4
0.4
0.4
0.4
0.4
0.4
0.4
0.4
0.4
0.4
0.4
0.4
0.4
0.4
0.4
0.4
0.4
0.4
0.4
0.4
0.4
0.4
0.4
0.4
0.4
0.4
0.4
0.4
0.4
0.4
0.4
0.4
0.4
0.4
0.4
0.4
0.4
0.4
0.4
0.4
0.4
0.4
0.4
0.4
0.4
0.4
0.4
0.4
0.4
0.4
0.4
0.4
0.4
0.4
0.4
0.4
0.4
0.4
0.4
0.4
0.4
0.4
0.4
0.4
0.4
0.4
0.4
0.4
0.4
0.4
0.4
0.4
0.4
0.4
0.4
0.4
0.4
0.4
0.4
0.4
0.4
0.4
0.4
0.4
0.4
0.4
0.4
0.4
0.4
0.4
0.4
0.4
0.4
0.4
0.4
0.4
0.4
0.4
0.4
0.4
0.4
0.4
0.4
0.4
0.4
0.4
0.4
0.4
0.4
0.4
0.4
0.4
0.4
0.4
0.4
0.4
0.4
0.4
0.4
0.4
0.4
0.4
0.4
0.4
0.4
0.4
0.4
0.4
0.4
0.4
0.4
0.4
0.4
0.4
0.4
0.4
0.4
0.4
0.4
0.4
0.4
0.4
0.4
0.4
0.4
0.4
0.4
0.4
0.399
0.399
0.398
0.398
0.397
0.397
0.397
0.396
0.396
0.395
0.395
0.394
0.394
0.394
0.393
0.393
0.392
0.392
0.391
0.391
0.391
0.39
0.39
0.389
0.389
0.388
0.388
0.388
0.387
0.387
0.386
0.386
0.385
0.385
0.385
0.384
0.384
0.383
0.383
0.382
0.382
0.382
0.381
0.381
0.38
0.38
0.379
0.379
0.379
0.378
0.378
0.377
0.377
0.376
0.376
0.376
0.375
0.375
0.374
0.374
0.374
0.373
0.373
0.372
0.372
0.371
0.371
0.371
0.37
0.37
0.369
0.369
0.368
0.368
0.368
0.367
0.367
0.366
0.366
0.365
0.365
0.365
0.364
0.364
0.363
0.363
0.362
0.362
0.362
0.361
0.361
0.36
0.36
0.359
0.359
0.359
0.358
0.358
0.357
0.357
0.356
0.356
0.356
0.355
0.355
0.354
0.354
0.353
0.353
0.353
0.352
0.352
0.351
0.351
0.35
0.35
0.35
0.349
0.349
0.348
0.348
0.347
0.347
0.347
0.346
0.346
0.345
0.345
0.344
0.344
0.344
0.343
0.343
0.342
0.342
0.341
0.341
0.341
0.34
0.34
0.339
0.339
0.338
0.338
0.338
0.337
0.337
0.336
0.336
0.335
0.335
0.335
0.334
0.334
0.333
0.333
0.333
0.333
0.333
0.333
0.333
0.333
0.333
0.333
0.333
0.333
0.333
0.333
0.333
0.333
0.333
0.333
0.333
0.333
0.333
0.333
0.333
0.333
0.333
0.333
0.333
0.333
0.333
0.333
0.333
0.333
0.333
0.333
0.338
0.342
0.346
0.351
0.355
0.359
0.364
0.368
0.372
0.377
0.381
0.385
0.39
0.394
0.398
0.403
0.407
0.411
0.416
0.42
0.424
0.429
0.433
0.437
0.442
0.446
0.45
0.455
0.459
0.463
0.468
0.472
0.476
0.481
0.485
0.489
0.494
0.498
0.502
0.506
0.511
0.515
0.519
0.524
0.528
0.532
0.537
0.541
0.545
0.55
0.554
0.558
0.563
0.567
0.571
0.576
0.58
0.584
0.589
0.593
0.597
0.602
0.606
0.61
0.615
0.619
0.623
0.628
0.632
0.636
0.641
0.645
0.649
0.654
0.658
0.662
0.667
0.671
0.675
0.68
0.684
0.688
0.693
0.697
0.701
0.706
0.71
0.714
0.714
0.713
0.713
0.712
0.712
0.711
0.711
0.71
0.71
0.71
0.709
0.709
0.708
0.708
0.707
0.707
0.706
0.706
0.705
0.705
0.704
0.704
0.703
0.703
0.702
0.702
0.701
0.701
0.7
0.7
0.7
0.699
0.699
0.698
0.698
0.697
0.697
0.696
0.696
0.695
0.695
0.694
0.694
0.693
0.693
0.692
0.692
0.691
0.691
0.69
0.69
0.69
0.689
0.689
0.688
0.688
0.687
0.687
0.686
0.686
0.685
0.685
0.684
0.684
0.683
0.683
0.682
0.682
0.681
0.681
0.68
0.68
0.68
0.679
0.679
0.678
0.678
0.677
0.677
0.676
0.676
0.675
0.675
0.674
0.674
0.673
0.673
0.672
0.672
0.671
0.671
0.67
0.67
0.67
0.669
0.669
0.668
0.668
0.667
0.667
0.656
0.646
0.636
0.625
0.615
0.605
0.595
0.584
0.574
0.564
0.553
0.543
0.533
0.523
0.512
0.502
0.492
0.481
0.471
0.461
0.45
0.44
0.43
0.42
0.409
0.399
0.389
0.378
0.368
0.358
0.347
0.337
0.327
0.317
0.306
0.296
0.286
0.291
0.296
0.301
0.306
0.311
0.316
0.321
0.326
0.331
0.336
0.341
0.346
0.351
0.356
0.361
0.366
0.371
0.376
0.382
0.387
0.392
0.397
0.402
0.407
0.412
0.417
0.422
0.427
0.432
0.437
0.442
0.447
0.452
0.457
0.462
0.467
0.472
0.477
0.482
0.487
0.492
0.497
0.503
0.508
0.513
0.518
0.523
0.528
0.533
0.538
0.543
0.548
0.553
0.558
0.563
0.568
0.573
0.578
0.583
0.588
0.593
0.598
0.603
0.608
0.613
0.618
0.624
0.629
0.634
0.639
0.644
0.649
0.654
0.659
0.664
0.669
0.674
0.679
0.684
0.689
0.694
0.699
0.704
0.709
0.714
0.712
0.71
0.708
0.706
0.704
0.701
0.699
0.697
0.695
0.693
0.691
0.689
0.686
0.684
0.682
0.68
0.678
0.676
0.674
0.671
0.669
0.667
0.665
0.663
0.661
0.659
0.656
0.654
0.652
0.65
0.648
0.646
0.644
0.641
0.639
0.637
0.635
0.633
0.631
0.629
0.626
0.624
0.622
0.62
0.618
0.616
0.614
0.611
0.609
0.607
0.605
0.603
0.601
0.599
0.596
0.594
0.592
0.59
0.588
0.586
0.584
0.581
0.579
0.577
0.575
0.573
0.571
0.569
0.566
0.564
0.562
0.56
0.558
0.556
0.554
0.551
0.549
0.547
0.545
0.543
0.541
0.539
0.536
0.534
0.532
0.53
0.528
0.526
0.524
0.521
0.519
0.517
0.515
0.513
0.511
0.509
0.506
0.504
0.502
0.5
0.5
0.501
0.501
0.502
0.502
0.503
0.503
0.504
0.504
0.505
0.505
0.506
0.506
0.507
0.507
0.508
0.508
0.509
0.509
0.51
0.51
0.511
0.511
0.512
0.512
0.513
0.513
0.514
0.514
0.514
0.515
0.515
0.516
0.516
0.517
0.517
0.518
0.518
0.519
0.519
0.52
0.52
0.521
0.521
0.522
0.522
0.523
0.523
0.524
0.524
0.525
0.525
0.526
0.526
0.527
0.527
0.528
0.528
0.528
0.529
0.529
0.53
0.53
0.531
0.531
0.532
0.532
0.533
0.533
0.534
0.534
0.535
0.535
0.536
0.536
0.537
0.537
0.538
0.538
0.539
0.539
0.54
0.54
0.541
0.541
0.542
0.542
0.542
0.543
0.543
0.544
0.544
0.545
0.545
0.546
0.546
0.547
0.547
0.548
0.548
0.549
0.549
0.55
0.55
0.551
0.551
0.552
0.552
0.553
0.553
0.554
0.554
0.555
0.555
0.556
0.556
0.556
0.557
0.557
0.558
0.558
0.559
0.559
0.56
0.56
0.561
0.561
0.562
0.562
0.563
0.563
0.564
0.564
0.565
0.565
0.566
0.566
0.567
0.567
0.568
0.568
0.569
0.569
0.569
0.57
0.57
0.571
0.571
0.574
0.577
0.579
0.582
0.584
0.587
0.589
0.592
0.594
0.597
0.599
0.602
0.605
0.607
0.61
0.612
0.615
0.617
0.62
0.622
0.625
0.628
0.63
0.633
0.635
0.638
0.64
0.643
0.645
0.648
0.651
0.653
0.656
0.658
0.661
0.663
0.666
0.668
0.671
0.673
0.676
0.679
0.681
0.684
0.686
0.689
0.691
0.694
0.696
0.699
0.702
0.704
0.707
0.709
0.712
0.714
0.714
0.714
0.714
0.714
0.714
0.714
0.714
0.714
0.714
0.714
0.714
0.714
0.714
0.714
0.714
0.714
0.714
0.714
0.714
0.714
0.714
0.714
0.714
0.714
0.714
0.714
0.714
0.714
0.714
0.714
0.714
0.714
0.714
0.714
0.714
0.714
0.714
0.714
0.714
0.714
0.714
0.714
0.714
0.714
0.714
0.714
0.714
0.714
0.714
0.714
0.714
0.714
0.714
0.714
0.714
0.714
0.714
0.714
0.714
0.714
0.714
0.714
0.714
0.714
0.714
0.714
0.714
0.714
0.714
0.714
0.714
0.714
0.714
0.714
0.714
0.714
0.714
0.714
0.714
0.714
0.714
0.714
0.714
0.714
0.715
0.716
0.717
0.717
0.718
0.719
0.72
0.72
0.721
0.722
0.723
0.723
0.724
0.725
0.726
0.726
0.727
0.728
0.729
0.729
0.73
0.731
0.732
0.732
0.733
0.734
0.735
0.735
0.736
0.737
0.738
0.738
0.739
0.74
0.741
0.741
0.742
0.743
0.744
0.745
0.745
0.746
0.747
0.748
0.748
0.749
0.75
0.751
0.751
0.752
0.753
0.754
0.754
0.755
0.756
0.757
0.757
0.758
0.759
0.76
0.76
0.761
0.762
0.763
0.763
0.764
0.765
0.766
0.766
0.767
0.768
0.769
0.769
0.77
0.771
0.772
0.772
0.773
0.774
0.775
0.776
0.776
0.777
0.778
0.777
0.777
0.777
0.776
0.776
0.776
0.775
0.775
0.774
0.774
0.774
0.773
0.773
0.773
0.772
0.772
0.772
0.771
0.771
0.77
0.77
0.77
0.769
0.769
0.769
0.768
0.768
0.768
0.767
0.767
0.766
0.766
0.766
0.765
0.765
0.765
0.764
0.764
0.764
0.763
0.763
0.762
0.762
0.762
0.761
0.761
0.761
0.76
0.76
0.76
0.759
0.759
0.758
0.758
0.758
0.757
0.757
0.757
0.756
0.756
0.755
0.755
0.755
0.754
0.754
0.754
0.753
0.753
0.753
0.752
0.752
0.751
0.751
0.751
0.75
0.75
0.746
0.743
0.739
0.735
0.731
0.728
0.724
0.72
0.716
0.713
0.709
0.705
0.701
0.698
0.694
0.69
0.687
0.683
0.679
0.675
0.672
0.668
0.664
0.66
0.657
0.653
0.649
0.646
0.642
0.638
0.634
0.631
0.627
0.623
0.619
0.616
0.612
0.608
0.604
0.601
0.597
0.593
0.59
0.586
0.582
0.578
0.575
0.571
0.567
0.563
0.56
0.556
0.552
0.549
0.545
0.541
0.537
0.534
0.53
0.526
0.522
0.519
0.515
0.511
0.507
0.504
0.5
0.498
0.497
0.495
0.493
0.491
0.49
0.488
0.486
0.485
0.483
0.481
0.479
0.478
0.476
0.474
0.473
0.471
0.469
0.467
0.466
0.464
0.462
0.46
0.459
0.457
0.455
0.454
0.452
0.45
0.448
0.447
0.445
0.443
0.442
0.44
0.438
0.436
0.435
0.433
0.431
0.43
0.428
0.426
0.424
0.423
0.421
0.419
0.418
0.416
0.414
0.412
0.411
0.409
0.407
0.405
0.404
0.402
0.4
0.399
0.397
0.395
0.393
0.392
0.39
0.388
0.387
0.385
0.383
0.381
0.38
0.378
0.376
0.375
0.373
0.371
0.369
0.368
0.366
0.364
0.363
0.361
0.359
0.357
0.356
0.354
0.352
0.351
0.349
0.347
0.345
0.344
0.342
0.34
0.338
0.337
0.335
0.333
0.33
0.326
0.323
0.319
0.316
0.312
0.309
0.306
0.302
0.299
0.295
0.292
0.288
0.285
0.281
0.278
0.274
0.271
0.267
0.264
0.26
0.257
0.253
0.25
0.247
0.243
0.24
0.236
0.233
0.229
0.226
0.222
0.225
0.228
0.231
0.233
0.236
0.239
0.242
0.244
0.247
0.25
0.253
0.256
0.258
0.261
0.264
0.267
0.269
0.272
0.275
0.278
0.281
0.283
0.286
0.289
0.292
0.294
0.297
0.3
0.303
0.306
0.308
0.311
0.314
0.317
0.319
0.322
0.325
0.328
0.331
0.333
0.336
0.338
0.341
0.343
0.346
0.348
0.351
0.353
0.356
0.358
0.361
0.363
0.365
0.368
0.37
0.373
0.375
0.378
0.38
0.383
0.385
0.388
0.39
0.393
0.395
0.398
0.4
0.403
0.405
0.408
0.41
0.412
0.415
0.417
0.42
0.422
0.425
0.427
0.43
0.432
0.435
0.437
0.44
0.442
0.445
0.447
0.45
0.452
0.455
0.457
0.459
0.462
0.464
0.467
0.469
0.472
0.474
0.477
0.479
0.482
0.484
0.487
0.489
0.492
0.494
0.497
0.499
0.502
0.504
0.506
0.509
0.511
0.514
0.516
0.519
0.521
0.524
0.526
0.529
0.531
0.534
0.536
0.539
0.541
0.544
0.546
0.549
0.551
0.553
0.556
0.558
0.561
0.563
0.566
0.568
0.571
0.573
0.576
0.578
0.581
0.583
0.586
0.588
0.591
0.593
0.596
0.598
0.6
0.603
0.605
0.608
0.61
0.613
0.615
0.618
0.62
0.623
0.625
0.628
0.63
0.633
0.635
0.638
0.64
0.643
0.645
0.647
0.65
0.652
0.655
0.657
0.66
0.662
0.665
0.667
0.67
0.672
0.675
0.677
0.68
0.682
0.685
0.687
0.689
0.692
0.694
0.697
0.699
0.702
0.704
0.707
0.709
0.712
0.714
0.717
0.719
0.722
0.724
0.727
0.729
0.732
0.734
0.736
0.739
0.741
0.744
0.746
0.749
0.751
0.754
0.756
0.759
0.761
0.764
0.766
0.769
0.771
0.774
0.776
0.779
0.781
0.783
0.786
0.788
0.791
0.793
0.796
0.798
0.801
0.803
0.806
0.808
0.811
0.813
0.816
0.818
0.821
0.823
0.826
0.828
0.83
0.833
0.835
0.838
0.84
0.843
0.845
0.848
0.85
0.853
0.855
0.858
0.86
0.863
0.865
0.868
0.87
0.873
0.875
0.859
0.842
0.826
0.81
0.793
0.777
0.761
0.745
0.728
0.712
0.696
0.679
0.663
0.647
0.63
0.614
0.598
0.582
0.565
0.549
0.533
0.516
0.5
0.5
0.5
0.5
0.5
0.5
0.5
0.5
0.5
0.5
0.5
0.5
0.5
0.5
0.5
0.5
0.5
0.5
0.5
0.5
0.5
0.5
0.5
0.5
0.5
0.5
0.5
0.5
0.5
0.5
0.5
0.5
0.5
0.5
0.5
0.5
0.5
0.5
0.5
0.5
0.5
0.5
0.5
0.5
0.5
0.5
0.5
0.5
0.5
0.5
0.5
0.5
0.5
0.5
0.5
0.5
0.5
0.5
0.5
0.504
0.507
0.511
0.514
0.518
0.522
0.525
0.529
0.533
0.536
0.54
0.543
0.547
0.551
0.554
0.558
0.562
0.565
0.569
0.572
0.576
0.58
0.583
0.587
0.591
0.594
0.598
0.601
0.605
0.609
0.612
0.616
0.62
0.623
0.627
0.63
0.634
0.638
0.641
0.645
0.649
0.652
0.656
0.659
0.663
0.667
0.67
0.674
0.678
0.681
0.685
0.688
0.692
0.696
0.699
0.703
0.707
0.71
0.714
0.717
0.721
0.725
0.728
0.732
0.736
0.739
0.743
0.746
0.75
0.747
0.744
0.74
0.737
0.734
0.731
0.728
0.724
0.721
0.718
0.715
0.712
0.709
0.705
0.702
0.699
0.696
0.693
0.689
0.686
0.683
0.68
0.677
0.673
0.67
0.667
0.664
0.661
0.658
0.654
0.651
0.648
0.645
0.642
0.638
0.635
0.632
0.629
0.626
0.622
0.619
0.616
0.613
0.61
0.607
0.603
0.6
0.597
0.594
0.591
0.587
0.584
0.581
0.578
0.575
0.571
0.571
0.571
0.571
0.571
0.571
0.571
0.571
0.571
0.571
0.571
0.571
0.571
0.571
0.571
0.571
0.571
0.571
0.571
0.571
