0.0
0.009
0.018
0.027
0.036
0.045
0.054
0.062
0.071
0.08
0.089
0.098
0.107
0.116
0.125
0.134
0.143
0.142
0.141
0.141
0.14
0.139
0.138
0.138
0.137
0.136
0.135
0.135
0.134
0.133
0.132
0.132
0.131
0.13
0.129
0.128
0.128
0.127
0.126
0.125
0.125
0.124
0.123
0.122
0.122
0.121
0.12
0.119
0.119
0.118
0.117
0.116
0.116
0.115
0.114
0.113
0.113
0.112
0.111
0.133
0.154
0.176
0.198
0.22
0.241
0.263
0.285
0.306
0.328
0.35
0.371
0.393
0.415
0.436
0.458
0.48
0.501
0.523
0.545
0.566
0.588
0.61
0.631
0.653
0.675
0.696
0.718
0.74
0.762
0.783
0.805
0.827
0.848
0.87
0.892
0.913
0.935
0.957
0.978
1.0
0.929
0.859
0.788
0.718
0.647
0.577
0.506
0.436
0.365
0.295
0.224
0.154
0.162
0.169
0.177
0.185
0.193
0.2
0.208
0.216
0.224
0.231
0.239
0.247
0.255
0.263
0.27
0.278
0.286
0.294
0.301
0.309
0.317
0.325
0.332
0.34
0.348
0.356
0.363
0.371
0.379
0.387
0.394
0.402
0.41
0.418
0.426
0.433
0.441
0.449
0.457
0.464
0.472
0.48
0.488
0.495
0.503
0.511
0.519
0.526
0.534
0.542
0.55
0.558
0.565
0.573
0.581
0.589
0.596
0.604
0.612
0.62
0.627
0.635
0.643
0.651
0.658
0.666
0.674
0.682
0.689
0.697
0.705
0.713
0.721
0.728
0.736
0.744
0.752
0.759
0.767
0.775
0.783
0.79
0.798
0.806
0.814
0.821
0.829
0.837
0.845
0.853
0.86
0.868
0.876
0.884
0.891
0.899
0.907
0.915
0.922
0.93
0.938
0.946
0.953
0.961
0.969
0.977
0.984
0.992
1.0
1.0
1.0
1.0
1.0
1.0
1.0
1.0
1.0
1.0
1.0
1.0
1.0
1.0
1.0
1.0
1.0
1.0
1.0
1.0
1.0
1.0
1.0
1.0
1.0
1.0
1.0
1.0
1.0
1.0
1.0
1.0
1.0
1.0
1.0
1.0
1.0
1.0
1.0
1.0
1.0
1.0
1.0
1.0
1.0
0.994
0.988
0.983
0.977
0.971
0.965
0.959
0.954
0.948
0.942
0.936
0.931
0.925
0.919
0.913
0.907
0.902
0.896
0.89
0.884
0.878
0.873
0.867
0.861
0.855
0.849
0.844
0.838
0.832
0.826
0.82
0.815
0.809
0.803
0.797
0.792
0.786
0.78
0.774
0.768
0.763
0.757
0.751
0.745
0.739
0.734
0.728
0.722
0.716
0.71
0.705
0.699
0.693
0.687
0.681
0.676
0.67
0.664
0.658
0.653
0.647
0.641
0.635
0.629
0.624
0.618
0.612
0.606
0.6
0.595
0.589
0.583
0.577
0.571
0.577
0.582
0.587
0.592
0.598
0.603
0.608
0.613
0.618
0.624
0.629
0.634
0.639
0.645
0.65
0.655
0.66
0.666
0.671
0.676
0.681
0.686
0.692
0.697
0.702
0.707
0.713
0.718
0.723
0.728
0.733
0.739
0.744
0.749
0.754
0.76
0.765
0.77
0.775
0.78
0.786
0.791
0.796
0.801
0.807
0.812
0.817
0.822
0.828
0.833
0.838
0.843
0.848
0.854
0.859
0.864
0.869
0.875
0.88
0.885
0.89
0.895
0.901
0.906
0.911
0.916
0.922
0.927
0.932
0.937
0.943
0.948
0.953
0.958
0.963
0.969
0.974
0.979
0.984
0.99
0.995
1.0
0.987
0.974
0.961
0.948
0.935
0.922
0.909
0.896
0.883
0.87
0.857
0.844
0.831
0.818
0.805
0.792
0.779
0.766
0.753
0.74
0.727
0.714
0.725
0.735
0.746
0.757
0.767
0.778
0.788
0.799
0.81
0.82
0.831
0.841
0.852
0.862
0.873
0.884
0.894
0.905
0.915
0.926
0.937
0.947
0.958
0.968
0.979
0.989
1.0
0.991
0.981
0.972
0.963
0.954
0.944
0.935
0.926
0.917
0.907
0.898
0.889
0.88
0.87
0.861
0.852
0.843
0.833
0.84
0.847
0.854
0.861
0.868
0.875
0.882
0.889
0.896
0.903
0.91
0.917
0.924
0.931
0.938
0.944
0.951
0.958
0.965
0.972
0.979
0.986
0.993
1.0
1.0
1.0
1.0
1.0
1.0
1.0
1.0
1.0
1.0
1.0
1.0
1.0
1.0
1.0
1.0
1.0
1.0
1.0
1.0
1.0
1.0
1.0
1.0
1.0
1.0
1.0
1.0
1.0
1.0
1.0
1.0
1.0
1.0
1.0
1.0
1.0
1.0
1.0
1.0
1.0
1.0
1.0
1.0
1.0
1.0
1.0
1.0
1.0
1.0
1.0
1.0
1.0
1.0
1.0
1.0
1.0
1.0
1.0
1.0
1.0
1.0
1.0
1.0
1.0
1.0
1.0
1.0
1.0
1.0
1.0
1.0
1.0
1.0
1.0
1.0
1.0
1.0
1.0
1.0
1.0
1.0
1.0
1.0
1.0
1.0
1.0
1.0
1.0
1.0
1.0
1.0
1.0
1.0
1.0
1.0
1.0
1.0
1.0
1.0
1.0
1.0
1.0
1.0
1.0
1.0
1.0
1.0
1.0
1.0
1.0
1.0
0.99
0.979
0.969
0.958
0.948
0.938
0.927
0.917
0.906
0.896
0.886
0.875
0.865
0.855
0.844
0.834
0.823
0.813
0.803
0.792
0.782
0.771
0.761
0.751
0.74
0.73
0.719
0.709
0.699
0.688
0.678
0.668
0.657
0.647
0.636
0.626
0.616
0.605
0.595
0.584
0.574
0.564
0.553
0.543
0.532
0.522
0.512
0.501
0.491
0.481
0.47
0.46
0.449
0.439
0.429
0.471
0.514
0.557
0.6
0.643
0.686
0.729
0.771
0.814
0.857
0.852
0.847
0.842
0.837
0.832
0.827
0.821
0.816
0.811
0.806
0.801
0.796
0.791
0.786
0.781
0.776
0.77
0.765
0.76
0.755
0.75
0.733
0.717
0.7
0.683
0.667
0.65
0.633
0.617
0.6
0.583
0.567
0.55
0.533
0.517
0.5
0.483
0.467
0.45
0.433
0.417
0.4
0.383
0.367
0.35
0.333
0.317
0.3
0.283
0.267
0.25
0.233
0.217
0.2
0.183
0.167
0.177
0.188
0.198
0.208
0.219
0.229
0.24
0.25
0.26
0.271
0.281
0.292
0.302
0.312
0.323
0.333
0.344
0.354
0.365
0.375
0.385
0.396
0.406
0.417
0.427
0.438
0.448
0.458
0.469
0.479
0.49
0.5
0.51
0.521
0.531
0.542
0.552
0.562
0.573
0.583
0.594
0.604
0.615
0.625
0.635
0.646
0.656
0.667
0.677
0.688
0.698
0.708
0.719
0.729
0.74
0.75
0.76
0.771
0.781
0.792
0.802
0.812
0.823
0.833
0.844
0.854
0.865
0.875
0.885
0.896
0.906
0.917
0.927
0.938
0.948
0.958
0.969
0.979
0.99
1.0
0.991
0.982
0.973
0.964
0.955
0.945
0.936
0.927
0.918
0.909
0.9
0.891
0.882
0.873
0.864
0.855
0.845
0.836
0.827
0.818
0.809
0.8
0.791
0.782
0.773
0.764
0.755
0.745
0.736
0.727
0.718
0.709
0.7
0.691
0.682
0.673
0.664
0.655
0.645
0.636
0.627
0.618
0.609
0.6
0.591
0.582
0.573
0.564
0.555
0.545
0.536
0.527
0.518
0.509
0.5
0.513
0.526
0.539
0.553
0.566
0.579
0.592
0.605
0.618
0.632
0.645
0.658
0.671
0.684
0.697
0.711
0.724
0.737
0.75
0.765
0.779
0.794
0.809
0.824
0.838
0.853
0.868
0.882
0.897
0.912
0.926
0.941
0.956
0.971
0.985
1.0
0.986
0.972
0.957
0.943
0.929
0.915
0.901
0.887
0.872
0.858
0.844
0.83
0.816
0.801
0.787
0.773
0.759
0.745
0.73
0.716
0.702
0.688
0.674
0.66
0.645
0.631
0.617
0.603
0.589
0.574
0.56
0.546
0.532
0.518
0.504
0.489
0.475
0.461
0.447
0.433
0.418
0.404
0.39
0.376
0.362
0.348
0.333
0.417
0.5
0.583
0.667
0.75
0.833
0.917
1.0
0.979
0.958
0.938
0.917
0.896
0.875
0.854
0.833
0.812
0.792
0.771
0.75
0.729
0.708
0.688
0.667
0.646
0.625
0.604
0.583
0.562
0.542
0.521
0.5
0.504
0.508
0.512
0.516
0.52
0.524
0.527
0.531
0.535
0.539
0.543
0.547
0.551
0.555
0.559
0.563
0.567
0.571
0.575
0.578
0.582
0.586
0.59
0.594
0.598
0.602
0.606
0.61
0.614
0.618
0.622
0.625
0.629
0.633
0.637
0.641
0.645
0.649
0.653
0.657
0.661
0.665
0.669
0.673
0.676
0.68
0.684
0.688
0.692
0.696
0.7
0.704
0.708
0.712
0.716
0.72
0.724
0.727
0.731
0.735
0.739
0.743
0.747
0.751
0.755
0.759
0.763
0.767
0.771
0.775
0.778
0.782
0.786
0.79
0.794
0.798
0.802
0.806
0.81
0.814
0.818
0.822
0.825
0.829
0.833
0.832
0.83
0.829
0.827
0.825
0.824
0.822
0.821
0.819
0.817
0.816
0.814
0.812
0.811
0.809
0.808
0.806
0.804
0.803
0.801
0.8
0.798
0.796
0.795
0.793
0.792
0.79
0.788
0.787
0.785
0.784
0.782
0.78
0.779
0.777
0.776
0.774
0.772
0.771
0.769
0.768
0.766
0.764
0.763
0.761
0.76
0.758
0.756
0.755
0.753
0.752
0.75
0.768
0.786
0.804
0.821
0.839
0.857
0.875
0.893
0.911
0.929
0.946
0.964
0.982
1.0
0.99
0.979
0.969
0.959
0.948
0.938
0.928
0.917
0.907
0.897
0.886
0.876
0.866
0.855
0.845
0.834
0.824
0.814
0.803
0.793
0.783
0.772
0.762
0.752
0.741
0.731
0.721
0.71
0.7
0.69
0.679
0.669
0.659
0.648
0.638
0.628
0.617
0.607
0.597
0.586
0.576
0.566
0.555
0.545
0.534
0.524
0.514
0.503
0.493
0.483
0.472
0.462
0.452
0.441
0.431
0.421
0.41
0.4
0.55
0.7
0.85
1.0
1.0
1.0
1.0
1.0
1.0
1.0
1.0
1.0
1.0
1.0
0.991
0.981
0.972
0.963
0.954
0.944
0.935
0.926
0.917
0.907
0.898
0.889
0.88
0.87
0.861
0.852
0.843
0.833
0.843
0.853
0.863
0.873
0.882
0.892
0.902
0.912
0.922
0.931
0.941
0.951
0.961
0.971
0.98
0.99
1.0
0.997
0.994
0.991
0.988
0.985
0.982
0.979
0.976
0.974
0.971
0.968
0.965
0.962
0.959
0.956
0.953
0.95
0.947
0.944
0.941
0.938
0.935
0.932
0.929
0.926
0.924
0.921
0.918
0.915
0.912
0.909
0.906
0.903
0.9
0.904
0.908
0.912
0.917
0.921
0.925
0.929
0.933
0.938
0.942
0.946
0.95
0.954
0.958
0.962
0.967
0.971
0.975
0.979
0.983
0.988
0.992
0.996
1.0
0.994
0.988
0.981
0.975
0.969
0.962
0.956
0.95
0.944
0.938
0.931
0.925
0.919
0.912
0.906
0.9
0.894
0.888
0.881
0.875
0.869
0.862
0.856
0.85
0.844
0.838
0.831
0.825
0.819
0.812
0.806
0.8
0.794
0.788
0.781
0.775
0.769
0.762
0.756
0.75
0.744
0.738
0.731
0.725
0.719
0.712
0.706
0.7
0.694
0.688
0.681
0.675
0.669
0.662
0.656
0.65
0.644
0.638
0.631
0.625
0.619
0.612
0.606
0.6
0.596
0.592
0.588
0.584
0.58
0.576
0.573
0.569
0.565
0.561
0.557
0.553
0.549
0.545
0.541
0.537
0.533
0.529
0.525
0.522
0.518
0.514
0.51
0.506
0.502
0.498
0.494
0.49
0.486
0.482
0.478
0.475
0.471
0.467
0.463
0.459
0.455
0.451
0.447
0.443
0.439
0.435
0.431
0.427
0.424
0.42
0.416
0.412
0.408
0.404
0.4
0.396
0.392
0.388
0.384
0.38
0.376
0.373
0.369
0.365
0.361
0.357
0.353
0.349
0.345
0.341
0.337
0.333
0.34
0.347
0.354
0.36
0.367
0.374
0.38
0.387
0.394
0.401
0.407
0.414
0.421
0.428
0.434
0.441
0.448
0.455
0.461
0.468
0.475
0.481
0.488
0.495
0.502
0.508
0.515
0.522
0.529
0.535
0.542
0.549
0.556
0.562
0.569
0.576
0.582
0.589
0.596
0.603
0.609
0.616
0.623
0.63
0.636
0.643
0.65
0.657
0.663
0.67
0.677
0.684
0.69
0.697
0.704
0.71
0.717
0.724
0.731
0.737
0.744
0.751
0.758
0.764
0.771
0.778
0.785
0.791
0.798
0.805
0.811
0.818
0.825
0.832
0.838
0.845
0.852
0.859
0.865
0.872
0.879
0.886
0.892
0.899
0.906
0.912
0.919
0.926
0.933
0.939
0.946
0.953
0.96
0.966
0.973
0.98
0.987
0.993
1.0
0.994
0.987
0.981
0.975
0.968
0.962
0.956
0.949
0.943
0.937
0.93
0.924
0.917
0.911
0.905
0.898
0.892
0.886
0.879
0.873
0.867
0.86
0.854
0.848
0.841
0.835
0.829
0.822
0.816
0.81
0.803
0.797
0.79
0.784
0.778
0.771
0.765
0.759
0.752
0.746
0.74
0.733
0.727
0.721
0.714
0.708
0.702
0.695
0.689
0.683
0.676
0.67
0.663
0.657
0.651
0.644
0.638
0.632
0.625
0.619
0.613
0.606
0.6
0.599
0.598
0.596
0.595
0.594
0.593
0.592
0.591
0.589
0.588
0.587
0.586
0.585
0.584
0.582
0.581
0.58
0.579
0.578
0.577
0.575
0.574
0.573
0.572
0.571
0.57
0.568
0.567
0.566
0.565
0.564
0.563
0.561
0.56
0.559
0.558
0.557
0.556
0.538
0.52
0.502
0.484
0.466
0.448
0.43
0.412
0.394
0.376
0.358
0.34
0.322
0.304
0.286
0.269
0.251
0.233
0.215
0.197
0.179
0.161
0.143
0.125
0.127
0.13
0.132
0.135
0.137
0.14
0.142
0.145
0.147
0.15
0.152
0.154
0.157
0.159
0.162
0.164
0.167
0.169
0.172
0.174
0.176
0.179
0.181
0.184
0.186
0.189
0.191
0.194
0.196
0.199
0.201
0.203
0.206
0.208
0.211
0.213
0.216
0.218
0.221
0.223
0.225
0.228
0.23
0.233
0.235
0.238
0.24
0.243
0.245
0.248
0.25
0.279
0.309
0.338
0.368
0.397
0.426
0.456
0.485
0.515
0.544
0.574
0.603
0.632
0.662
0.691
0.721
0.75
0.875
0.88
0.885
0.89
0.895
0.9
0.905
0.91
0.915
0.92
0.925
0.93
0.935
0.94
0.945
0.95
0.955
0.96
0.965
0.97
0.975
0.98
0.985
0.99
0.995
1.0
0.998
0.997
0.995
0.994
0.992
0.991
0.989
0.987
0.986
0.984
0.983
0.981
0.98
0.978
0.976
0.975
0.973
0.972
0.97
0.969
0.967
0.965
0.964
0.962
0.961
0.959
0.957
0.956
0.954
0.953
0.951
0.95
0.948
0.946
0.945
0.943
0.942
0.94
0.939
0.937
0.935
0.934
0.932
0.931
0.929
0.928
0.926
0.924
0.923
0.921
0.92
0.918
0.917
0.915
0.913
0.912
0.91
0.909
0.907
0.906
0.904
0.902
0.901
0.899
0.898
0.896
0.894
0.893
0.891
0.89
0.888
0.887
0.885
0.883
0.882
0.88
0.879
0.877
0.876
0.874
0.872
0.871
0.869
0.868
0.866
0.865
0.863
0.861
0.86
0.858
0.857
0.855
0.854
0.852
0.85
0.849
0.847
0.846
0.844
0.843
0.841
0.839
0.838
0.836
0.835
0.833
0.831
0.83
0.828
0.827
0.825
0.824
0.822
0.82
0.819
0.817
0.816
0.814
0.813
0.811
0.809
0.808
0.806
0.805
0.803
0.802
0.8
0.805
0.81
0.814
0.819
0.824
0.829
0.833
0.838
0.843
0.848
0.852
0.857
0.862
0.867
0.871
0.876
0.881
0.886
0.89
0.895
0.9
0.905
0.91
0.914
0.919
0.924
0.929
0.933
0.938
0.943
0.948
0.952
0.957
0.962
0.967
0.971
0.976
0.981
0.986
0.99
0.995
1.0
1.0
1.0
1.0
1.0
1.0
1.0
1.0
1.0
1.0
1.0
1.0
1.0
1.0
1.0
1.0
1.0
1.0
1.0
1.0
1.0
1.0
1.0
1.0
1.0
1.0
1.0
1.0
1.0
1.0
1.0
1.0
1.0
1.0
1.0
1.0
1.0
1.0
1.0
1.0
1.0
1.0
1.0
1.0
1.0
1.0
1.0
1.0
1.0
1.0
1.0
1.0
1.0
1.0
1.0
1.0
1.0
1.0
1.0
1.0
1.0
1.0
1.0
1.0
1.0
1.0
1.0
1.0
1.0
1.0
1.0
1.0
1.0
1.0
1.0
1.0
1.0
1.0
1.0
1.0
1.0
1.0
1.0
1.0
1.0
1.0
1.0
0.959
0.918
0.878
0.837
0.796
0.755
0.714
0.673
0.633
0.592
0.551
0.51
0.469
0.429
0.388
0.347
0.306
0.265
0.224
0.184
0.143
0.151
0.159
0.167
0.174
0.182
0.19
0.198
0.206
0.214
0.222
0.23
0.237
0.245
0.253
0.261
0.269
0.277
0.285
0.293
0.301
0.308
0.316
0.324
0.332
0.34
0.348
0.356
0.364
0.372
0.379
0.387
0.395
0.403
0.411
0.419
0.427
0.435
0.442
0.45
0.458
0.466
0.474
0.482
0.49
0.498
0.506
0.513
0.521
0.529
0.537
0.545
0.553
0.561
0.569
0.577
0.584
0.592
0.6
0.608
0.616
0.624
0.632
0.64
0.647
0.655
0.663
0.671
0.679
0.687
0.695
0.703
0.711
0.718
0.726
0.734
0.742
0.75
0.766
0.781
0.797
0.812
0.828
0.844
0.859
0.875
0.891
0.906
0.922
0.938
0.953
0.969
0.984
1.0
0.995
0.99
0.985
0.98
0.974
0.969
0.964
0.959
0.954
0.949
0.944
0.939
0.934
0.929
0.923
0.918
0.913
0.908
0.903
0.898
0.893
0.888
0.883
0.878
0.872
0.867
0.862
0.857
0.852
0.847
0.842
0.837
0.832
0.827
0.821
0.816
0.811
0.806
0.801
0.796
0.791
0.786
0.781
0.776
0.77
0.765
0.76
0.755
0.75
0.717
0.684
0.651
0.617
0.584
0.551
0.518
0.485
0.452
0.418
0.385
0.352
0.319
0.286
0.28
0.274
0.269
0.263
0.257
0.251
0.246
0.24
0.234
0.229
0.223
0.217
0.211
0.206
0.2
0.194
0.189
0.183
0.177
0.171
0.166
0.16
0.154
0.149
0.143
0.142
0.141
0.14
0.139
0.139
0.138
0.137
0.136
0.135
0.134
0.133
0.133
0.132
0.131
0.13
0.129
0.128
0.127
0.127
0.126
0.125
0.124
0.123
0.122
0.121
0.121
0.12
0.119
0.118
0.117
0.116
0.115
0.115
0.114
0.113
0.112
0.111
0.167
0.222
0.278
0.333
0.389
0.444
0.486
0.528
0.569
0.611
0.653
0.694
0.736
0.778
0.796
0.815
0.833
0.852
0.87
0.889
0.907
0.926
0.944
0.963
0.981
1.0
0.975
0.95
0.925
0.9
0.875
0.85
0.825
0.8
0.775
0.75
0.68
0.61
0.54
0.47
0.4
0.55
0.7
0.85
1.0
0.995
0.99
0.985
0.98
0.974
0.969
0.964
0.959
0.954
0.949
0.944
0.939
0.934
0.929
0.923
0.918
0.913
0.908
0.903
0.898
0.893
0.888
0.883
0.878
0.872
0.867
0.862
0.857
0.852
0.847
0.842
0.837
0.832
0.827
0.821
0.816
0.811
0.806
0.801
0.796
0.791
0.786
0.781
0.776
0.77
0.765
0.76
0.755
0.75
0.745
0.74
0.735
0.73
0.724
0.719
0.714
0.715
0.715
0.715
0.716
0.716
0.716
0.717
0.717
0.718
0.718
0.718
0.719
0.719
0.719
0.72
0.72
0.721
0.721
0.721
0.722
0.722
0.722
0.723
0.723
0.723
0.724
0.724
0.725
0.725
0.725
0.726
0.726
0.726
0.727
0.727
0.728
0.728
0.728
0.729
0.729
0.729
0.73
0.73
0.73
0.731
0.731
0.732
0.732
0.732
0.733
0.733
0.733
0.734
0.734
0.735
0.735
0.735
0.736
0.736
0.736
0.737
0.737
0.737
0.738
0.738
0.739
0.739
0.739
0.74
0.74
0.74
0.741
0.741
0.742
0.742
0.742
0.743
0.743
0.743
0.744
0.744
0.744
0.745
0.745
0.746
0.746
0.746
0.747
0.747
0.747
0.748
0.748
0.749
0.749
0.749
0.75
0.75
0.758
0.766
0.774
0.782
0.79
0.798
0.806
0.815
0.823
0.831
0.839
0.847
0.855
0.863
0.871
0.879
0.887
0.895
0.903
0.911
0.919
0.927
0.935
0.944
0.952
0.96
0.968
0.976
0.984
0.992
1.0
1.0
1.0
1.0
1.0
1.0
1.0
1.0
1.0
1.0
1.0
1.0
1.0
1.0
1.0
1.0
1.0
1.0
1.0
1.0
1.0
1.0
1.0
1.0
1.0
1.0
1.0
0.989
0.978
0.967
0.956
0.945
0.934
0.923
0.912
0.901
0.89
0.879
0.868
0.857
0.862
0.867
0.872
0.877
0.882
0.887
0.892
0.897
0.901
0.906
0.911
0.916
0.921
0.926
0.931
0.936
0.941
0.946
0.951
0.956
0.961
0.966
0.97
0.975
0.98
0.985
0.99
0.995
1.0
1.0
1.0
1.0
1.0
1.0
1.0
1.0
1.0
1.0
1.0
1.0
1.0
1.0
1.0
1.0
1.0
1.0
1.0
1.0
1.0
1.0
1.0
1.0
1.0
1.0
1.0
1.0
1.0
1.0
1.0
1.0
1.0
1.0
1.0
1.0
1.0
1.0
1.0
1.0
1.0
1.0
1.0
1.0
1.0
1.0
0.94
0.881
0.821
0.762
0.702
0.643
0.583
0.524
0.464
0.405
0.345
0.286
0.298
0.311
0.323
0.336
0.348
0.361
0.373
0.386
0.398
0.411
0.424
0.436
0.449
0.461
0.474
0.486
0.499
0.511
0.524
0.536
0.549
0.561
0.574
0.586
0.599
0.612
0.624
0.637
0.649
0.662
0.674
0.687
0.699
0.712
0.724
0.737
0.749
0.762
0.774
0.787
0.799
0.812
0.825
0.837
0.85
0.862
0.875
0.887
0.9
0.912
0.925
0.937
0.95
0.962
0.975
0.987
1.0
0.982
0.964
0.945
0.927
0.909
0.891
0.873
0.855
0.836
0.818
0.8
0.798
0.795
0.793
0.79
0.788
0.786
0.783
0.781
0.779
0.776
0.774
0.771
0.769
0.767
0.764
0.762
0.76
0.757
0.755
0.752
0.75
0.75
0.75
0.75
0.75
0.75
0.75
0.75
0.75
0.75
0.75
0.75
0.75
0.75
0.75
0.75
0.75
0.75
0.754
0.758
0.763
0.767
0.771
0.775
0.78
0.784
0.788
0.792
0.797
0.801
0.805
0.809
0.814
0.818
0.822
0.826
0.831
0.835
0.839
0.843
0.847
0.852
0.856
0.86
0.864
0.869
0.873
0.877
0.881
0.886
0.89
0.894
0.898
0.903
0.907
0.911
0.915
0.919
0.924
0.928
0.932
0.936
0.941
0.945
0.949
0.953
0.958
0.962
0.966
0.97
0.975
0.979
0.983
0.987
0.992
0.996
1.0
0.93
0.86
0.79
0.72
0.65
0.58
0.51
0.44
0.37
0.3
0.337
0.375
0.412
0.45
0.488
0.525
0.562
0.6
0.675
0.75
0.825
0.9
0.888
0.875
0.862
0.85
0.838
0.825
0.812
0.8
0.788
0.775
0.762
0.75
0.738
0.725
0.712
0.7
0.688
0.675
0.662
0.65
0.638
0.625
0.612
0.6
0.606
0.612
0.618
0.625
0.631
0.637
0.643
0.649
0.655
0.661
0.668
0.674
0.68
0.686
0.692
0.698
0.704
0.711
0.717
0.723
0.729
0.735
0.741
0.747
0.754
0.76
0.766
0.772
0.778
0.784
0.79
0.796
0.803
0.809
0.815
0.821
0.827
0.833
0.834
0.834
0.835
0.835
0.836
0.836
0.837
0.837
0.838
0.838
0.839
0.839
0.84
0.84
0.841
0.841
0.842
0.842
0.843
0.843
0.844
0.844
0.845
0.845
0.846
0.846
0.847
0.847
0.848
0.848
0.849
0.849
0.85
0.85
0.851
0.851
0.852
0.852
0.853
0.853
0.854
0.854
0.855
0.855
0.856
0.856
0.857
0.857
0.855
0.853
0.85
0.848
0.846
0.843
0.841
0.839
0.837
0.834
0.832
0.83
0.828
0.825
0.823
0.821
0.818
0.816
0.814
0.812
0.809
0.807
0.805
0.802
0.8
0.798
0.796
0.793
0.791
0.789
0.786
0.784
0.782
0.78
0.777
0.775
0.773
0.771
0.768
0.766
0.764
0.761
0.759
0.757
0.755
0.752
0.75
0.743
0.735
0.728
0.72
0.713
0.705
0.698
0.69
0.683
0.675
0.668
0.66
0.653
0.645
0.638
0.63
0.623
0.615
0.608
0.6
0.593
0.585
0.578
0.571
0.563
0.556
0.564
0.573
0.582
0.591
0.6
0.609
0.618
0.627
0.636
0.644
0.653
0.662
0.671
0.68
0.689
0.698
0.707
0.716
0.724
0.733
0.742
0.751
0.76
0.769
0.778
0.787
0.796
0.804
0.813
0.822
0.831
0.84
0.849
0.858
0.867
0.876
0.884
0.893
0.902
0.911
0.92
0.929
0.938
0.947
0.956
0.964
0.973
0.982
0.991
1.0
0.844
0.689
0.533
0.378
0.222
0.221
0.219
0.218
0.216
0.215
0.213
0.212
0.21
0.209
0.207
0.206
0.204
0.203
0.201
0.2
0.198
0.197
0.195
0.194
0.192
0.191
0.189
0.188
0.186
0.185
0.183
0.182
0.18
0.179
0.177
0.176
0.174
0.173
0.171
0.17
0.168
0.167
0.165
0.164
0.162
0.161
0.159
0.158
0.156
0.155
0.153
0.152
0.15
0.149
0.147
0.146
0.144
0.143
0.158
0.174
0.19
0.205
0.221
0.236
0.252
0.268
0.283
0.299
0.314
0.33
0.345
0.361
0.377
0.392
0.408
0.423
0.439
0.455
0.47
0.486
0.501
0.517
0.532
0.548
0.564
0.579
0.595
0.61
0.626
0.642
0.657
0.673
0.688
0.704
0.719
0.735
0.751
0.766
0.782
0.797
0.813
0.829
0.844
0.86
0.875
0.891
0.906
0.922
0.938
0.953
0.969
0.984
1.0
1.0
1.0
1.0
1.0
1.0
1.0
1.0
1.0
1.0
1.0
1.0
1.0
1.0
1.0
1.0
1.0
1.0
1.0
1.0
1.0
1.0
1.0
1.0
1.0
1.0
1.0
1.0
1.0
1.0
1.0
1.0
1.0
1.0
1.0
1.0
1.0
1.0
1.0
1.0
1.0
1.0
1.0
1.0
1.0
1.0
1.0
1.0
1.0
1.0
1.0
1.0
1.0
1.0
1.0
1.0
1.0
1.0
1.0
1.0
1.0
1.0
1.0
1.0
1.0
1.0
1.0
1.0
1.0
1.0
1.0
1.0
1.0
1.0
1.0
1.0
1.0
1.0
1.0
1.0
1.0
0.996
0.991
0.987
0.982
0.978
0.973
0.969
0.964
0.96
0.956
0.951
0.947
0.942
0.938
0.933
0.929
0.924
0.92
0.916
0.911
0.907
0.902
0.898
0.893
0.889
0.887
0.885
0.883
0.881
0.879
0.877
0.874
0.872
0.87
0.868
0.866
0.864
0.862
0.86
0.858
0.856
0.854
0.852
0.85
0.848
0.846
0.844
0.842
0.84
0.837
0.835
0.833
0.837
0.841
0.844
0.848
0.851
0.855
0.859
0.862
0.866
0.87
0.873
0.877
0.88
0.884
0.888
0.891
0.895
0.899
0.902
0.906
0.909
0.913
0.917
0.92
0.924
0.928
0.931
0.935
0.938
0.942
0.946
0.949
0.953
0.957
0.96
0.964
0.967
0.971
0.975
0.978
0.982
0.986
0.989
0.993
0.996
1.0
1.0
1.0
1.0
1.0
1.0
1.0
1.0
1.0
1.0
1.0
1.0
1.0
1.0
1.0
1.0
1.0
1.0
1.0
1.0
1.0
1.0
1.0
1.0
1.0
1.0
1.0
1.0
1.0
1.0
1.0
1.0
1.0
1.0
1.0
1.0
1.0
1.0
1.0
1.0
1.0
1.0
1.0
1.0
1.0
1.0
1.0
1.0
1.0
1.0
1.0
1.0
1.0
1.0
1.0
1.0
1.0
1.0
1.0
1.0
1.0
1.0
1.0
1.0
1.0
1.0
1.0
1.0
1.0
1.0
1.0
1.0
1.0
1.0
1.0
1.0
1.0
1.0
1.0
1.0
1.0
1.0
1.0
1.0
1.0
1.0
1.0
1.0
1.0
1.0
1.0
1.0
1.0
1.0
1.0
1.0
1.0
1.0
1.0
1.0
1.0
1.0
1.0
1.0
0.983
0.967
0.95
0.933
0.917
0.9
0.883
0.867
0.85
0.833
0.817
0.8
0.812
0.825
0.838
0.85
0.862
0.875
0.888
0.9
0.912
0.925
0.938
0.95
0.962
0.975
0.988
1.0
0.833
0.667
0.5
0.514
0.527
0.541
0.554
0.568
0.581
0.595
0.608
0.622
0.635
0.649
0.662
0.676
0.689
0.703
0.716
0.73
0.743
0.757
0.77
0.784
0.797
0.811
0.824
0.838
0.851
0.865
0.878
0.892
0.905
0.919
0.932
0.946
0.959
0.973
0.986
1.0
0.992
0.985
0.977
0.969
0.962
0.954
0.946
0.938
0.931
0.923
0.915
0.908
0.9
0.892
0.885
0.877
0.869
0.862
0.854
0.846
0.838
0.831
0.823
0.815
0.808
0.8
0.792
0.785
0.777
0.769
0.762
0.754
0.746
0.738
0.731
0.723
0.715
0.708
0.7
0.692
0.685
0.677
0.669
0.662
0.654
0.646
0.638
0.631
0.623
0.615
0.608
0.6
0.592
0.585
0.577
0.569
0.562
0.554
0.546
0.538
0.531
0.523
0.515
0.508
0.5
0.521
0.543
0.564
0.586
0.607
0.629
0.65
0.671
0.693
0.714
0.736
0.757
0.779
0.8
0.803
0.807
0.81
0.814
0.817
0.821
0.824
0.828
0.831
0.834
0.838
0.841
0.845
0.848
0.852
0.855
0.859
0.862
0.866
0.869
0.872
0.876
0.879
0.883
0.886
0.89
0.893
0.897
0.9
0.903
0.907
0.91
0.914
0.917
0.921
0.924
0.928
0.931
0.934
0.938
0.941
0.945
0.948
0.952
0.955
0.959
0.962
0.966
0.969
0.972
0.976
0.979
0.983
0.986
0.99
0.993
0.997
1.0
0.929
0.859
0.788
0.718
0.647
0.577
0.506
0.436
0.365
0.295
0.224
0.154
0.156
0.159
0.161
0.164
0.167
0.169
0.172
0.174
0.177
0.179
0.182
0.184
0.187
0.189
0.192
0.194
0.197
0.199
0.202
0.205
0.207
0.21
0.212
0.215
0.217
0.22
0.222
0.225
0.227
0.23
0.232
0.235
0.238
0.24
0.243
0.245
0.248
0.25
0.253
0.255
0.258
0.26
0.263
0.265
0.268
0.27
0.273
0.276
0.278
0.281
0.283
0.286
0.429
0.429
0.429
0.429
0.429
0.429
0.429
0.429
0.429
0.429
0.429
0.429
0.429
0.429
0.429
0.429
0.429
0.429
0.429
0.429
0.429
0.429
0.429
0.429
0.429
0.429
0.429
0.429
0.429
0.429
0.429
0.429
0.429
0.429
0.429
0.429
0.429
0.429
0.429
0.429
0.429
0.429
0.429
0.429
0.429
0.429
