0.0
0.025
0.05
0.074
0.098
0.122
0.146
0.17
0.193
0.217
0.24
0.262
0.285
0.307
0.33
0.352
0.373
0.395
0.416
0.437
0.458
0.479
0.5
0.52
0.54
0.561
0.58
0.6
0.611
0.622
0.633
0.644
0.654
0.664
0.674
0.684
0.694
0.703
0.713
0.722
0.731
0.74
0.749
0.757
0.765
0.774
0.782
0.789
0.797
0.805
0.812
0.819
0.826
0.833
0.84
0.846
0.853
0.859
0.865
0.871
0.877
0.883
0.888
0.894
0.899
0.904
0.909
0.914
0.918
0.923
0.927
0.932
0.936
0.94
0.944
0.947
0.951
0.955
0.958
0.961
0.964
0.967
0.97
0.973
0.975
0.978
0.98
0.982
0.985
0.987
0.989
0.99
0.992
0.994
0.995
0.997
0.998
0.999
1.0
0.995
0.99
0.985
0.979
0.974
0.968
0.963
0.957
0.951
0.945
0.939
0.933
0.927
0.921
0.915
0.908
0.902
0.895
0.889
0.882
0.876
0.869
0.862
0.855
0.849
0.842
0.835
0.828
0.821
0.813
0.806
0.799
0.792
0.785
0.777
0.77
0.763
0.755
0.748
0.74
0.733
0.726
0.718
0.711
0.703
0.696
0.688
0.681
0.673
0.666
0.658
0.651
0.643
0.636
0.628
0.621
0.613
0.606
0.598
0.591
0.584
0.576
0.569
0.562
0.554
0.547
0.54
0.533
0.526
0.519
0.511
0.504
0.498
0.491
0.484
0.477
0.47
0.464
0.457
0.45
0.444
0.437
0.431
0.425
0.419
0.412
0.406
0.4
0.395
0.389
0.383
0.377
0.372
0.366
0.361
0.356
0.35
0.345
0.34
0.335
0.331
0.326
0.321
0.317
0.313
0.308
0.304
0.3
0.297
0.293
0.289
0.286
0.287
0.289
0.291
0.293
0.296
0.298
0.3
0.303
0.306
0.308
0.311
0.314
0.317
0.321
0.324
0.327
0.331
0.334
0.338
0.342
0.345
0.349
0.353
0.357
0.361
0.366
0.37
0.374
0.379
0.383
0.388
0.392
0.397
0.401
0.406
0.411
0.415
0.42
0.425
0.43
0.435
0.44
0.445
0.45
0.455
0.46
0.465
0.47
0.475
0.48
0.485
0.491
0.496
0.501
0.506
0.511
0.516
0.521
0.526
0.531
0.536
0.541
0.546
0.551
0.556
0.561
0.566
0.571
0.576
0.581
0.585
0.59
0.595
0.599
0.604
0.608
0.613
0.617
0.621
0.626
0.63
0.634
0.638
0.642
0.646
0.65
0.653
0.657
0.661
0.664
0.667
0.671
0.674
0.677
0.68
0.683
0.686
0.688
0.691
0.693
0.696
0.698
0.7
0.702
0.704
0.705
0.707
0.708
0.71
0.711
0.712
0.713
0.714
0.714
0.71
0.706
0.701
0.696
0.692
0.687
0.682
0.677
0.671
0.666
0.661
0.655
0.649
0.644
0.638
0.632
0.626
0.62
0.615
0.609
0.602
0.596
0.59
0.584
0.578
0.572
0.566
0.56
0.554
0.547
0.541
0.535
0.529
0.523
0.517
0.512
0.506
0.5
0.496
0.492
0.489
0.485
0.481
0.478
0.475
0.471
0.468
0.465
0.461
0.458
0.455
0.452
0.449
0.446
0.443
0.441
0.438
0.435
0.432
0.43
0.427
0.425
0.422
0.42
0.418
0.415
0.413
0.411
0.409
0.407
0.405
0.402
0.4
0.399
0.397
0.395
0.393
0.391
0.389
0.388
0.386
0.384
0.383
0.381
0.379
0.378
0.376
0.375
0.373
0.372
0.37
0.369
0.368
0.366
0.365
0.364
0.363
0.361
0.36
0.359
0.358
0.357
0.355
0.354
0.353
0.352
0.351
0.35
0.349
0.348
0.347
0.346
0.344
0.343
0.342
0.341
0.34
0.339
0.338
0.337
0.336
0.335
0.334
0.333
0.333
0.333
0.333
0.333
0.333
0.333
0.333
0.333
0.333
0.333
0.333
0.333
0.333
0.333
0.333
0.333
0.333
0.333
0.333
0.333
0.333
0.333
0.333
0.333
0.333
0.333
0.333
0.333
0.333
0.333
0.333
0.333
0.333
0.333
0.333
0.333
0.333
0.333
0.333
0.333
0.333
0.333
0.333
0.334
0.334
0.334
0.334
0.334
0.334
0.334
0.334
0.334
0.334
0.334
0.334
0.334
0.334
0.334
0.334
0.334
0.334
0.333
0.333
0.333
0.332
0.332
0.332
0.332
0.332
0.332
0.332
0.333
0.333
0.336
0.339
0.342
0.345
0.348
0.352
0.356
0.36
0.364
0.368
0.373
0.377
0.382
0.387
0.392
0.396
0.401
0.406
0.411
0.416
0.422
0.427
0.432
0.437
0.441
0.446
0.451
0.456
0.46
0.465
0.469
0.473
0.477
0.481
0.485
0.488
0.492
0.495
0.498
0.5
0.502
0.504
0.506
0.508
0.509
0.51
0.51
0.51
0.51
0.509
0.508
0.507
0.505
0.503
0.5
0.49
0.48
0.469
0.458
0.447
0.436
0.425
0.414
0.403
0.392
0.381
0.371
0.361
0.351
0.342
0.333
0.331
0.329
0.327
0.326
0.325
0.325
0.325
0.326
0.327
0.328
0.329
0.33
0.331
0.333
0.334
0.335
0.337
0.338
0.339
0.339
0.34
0.34
0.339
0.339
0.337
0.336
0.333
0.326
0.319
0.311
0.303
0.295
0.286
0.277
0.269
0.26
0.252
0.244
0.236
0.229
0.222
0.225
0.227
0.231
0.235
0.24
0.245
0.251
0.257
0.264
0.271
0.279
0.287
0.295
0.304
0.313
0.323
0.332
0.342
0.353
0.363
0.374
0.385
0.396
0.407
0.419
0.43
0.442
0.453
0.465
0.477
0.488
0.5
0.507
0.514
0.521
0.528
0.535
0.542
0.548
0.555
0.561
0.566
0.572
0.577
0.582
0.586
0.59
0.594
0.597
0.6
0.602
0.604
0.605
0.606
0.606
0.606
0.605
0.603
0.601
0.598
0.594
0.59
0.584
0.579
0.572
0.564
0.556
0.546
0.536
0.525
0.513
0.5
0.471
0.441
0.41
0.379
0.348
0.317
0.286
0.27
0.255
0.24
0.225
0.211
0.197
0.184
0.171
0.159
0.147
0.135
0.124
0.113
0.102
0.092
0.082
0.073
0.064
0.055
0.047
0.039
0.031
0.024
0.017
0.01
0.004
-0.002
-0.008
-0.013
-0.018
-0.023
-0.027
-0.032
-0.036
-0.039
-0.043
-0.046
-0.049
-0.051
-0.054
-0.056
-0.058
-0.059
-0.061
-0.062
-0.063
-0.063
-0.064
-0.064
-0.064
-0.064
-0.064
-0.063
-0.063
-0.062
-0.061
-0.06
-0.058
-0.057
-0.055
-0.053
-0.051
-0.049
-0.047
-0.045
-0.042
-0.039
-0.037
-0.034
-0.031
-0.028
-0.025
-0.021
-0.018
-0.014
-0.011
-0.007
-0.004
0.0
0.004
0.008
0.012
0.015
0.019
0.023
0.027
0.031
0.036
0.04
0.044
0.048
0.052
0.056
0.06
0.064
0.068
0.072
0.076
0.08
0.084
0.088
0.092
0.096
0.099
0.103
0.107
0.11
0.114
0.117
0.12
0.124
0.127
0.13
0.132
0.135
0.138
0.14
0.143
0.147
0.151
0.155
0.158
0.162
0.165
0.169
0.172
0.175
0.178
0.181
0.184
0.187
0.189
0.192
0.195
0.197
0.199
0.202
0.204
0.206
0.208
0.21
0.212
0.214
0.216
0.218
0.22
0.222
0.224
0.225
0.227
0.229
0.231
0.232
0.234
0.236
0.238
0.239
0.241
0.243
0.245
0.246
0.248
0.25
0.252
0.254
0.256
0.258
0.26
0.262
0.264
0.266
0.268
0.271
0.273
0.275
0.278
0.28
0.283
0.286
0.288
0.291
0.294
0.297
0.3
0.303
0.306
0.309
0.312
0.314
0.317
0.319
0.322
0.324
0.326
0.328
0.329
0.331
0.332
0.333
0.333
0.331
0.328
0.326
0.323
0.319
0.316
0.313
0.309
0.306
0.303
0.299
0.296
0.293
0.291
0.288
0.286
0.289
0.292
0.296
0.3
0.304
0.308
0.313
0.318
0.324
0.329
0.335
0.341
0.347
0.353
0.36
0.366
0.373
0.38
0.388
0.395
0.402
0.41
0.418
0.426
0.433
0.441
0.45
0.458
0.466
0.474
0.483
0.491
0.499
0.508
0.516
0.525
0.533
0.542
0.55
0.558
0.567
0.575
0.583
0.591
0.599
0.607
0.615
0.623
0.63
0.638
0.645
0.653
0.66
0.667
0.668
0.67
0.671
0.672
0.673
0.674
0.675
0.675
0.676
0.676
0.676
0.676
0.676
0.676
0.675
0.675
0.674
0.673
0.672
0.671
0.67
0.668
0.667
0.665
0.663
0.661
0.659
0.657
0.655
0.653
0.651
0.648
0.645
0.643
0.64
0.637
0.634
0.631
0.628
0.625
0.621
0.618
0.615
0.611
0.607
0.604
0.6
0.596
0.592
0.588
0.584
0.58
0.576
0.572
0.568
0.564
0.559
0.555
0.551
0.546
0.542
0.537
0.533
0.528
0.523
0.519
0.514
0.509
0.505
0.5
0.495
0.49
0.486
0.481
0.476
0.471
0.467
0.462
0.457
0.452
0.447
0.443
0.438
0.433
0.428
0.424
0.419
0.414
0.41
0.405
0.4
0.396
0.391
0.387
0.382
0.378
0.373
0.369
0.365
0.361
0.356
0.352
0.348
0.344
0.34
0.336
0.332
0.328
0.325
0.321
0.317
0.314
0.31
0.307
0.304
0.3
0.297
0.294
0.291
0.288
0.286
0.285
0.285
0.285
0.285
0.285
0.285
0.285
0.286
0.286
0.286
0.287
0.288
0.288
0.289
0.29
0.291
0.292
0.293
0.294
0.295
0.296
0.297
0.299
0.3
0.302
0.303
0.305
0.306
0.308
0.31
0.311
0.313
0.315
0.317
0.319
0.32
0.322
0.324
0.326
0.328
0.331
0.333
0.335
0.337
0.339
0.341
0.343
0.346
0.348
0.35
0.352
0.354
0.357
0.359
0.361
0.363
0.366
0.368
0.37
0.372
0.375
0.377
0.379
0.381
0.383
0.386
0.388
0.39
0.392
0.394
0.396
0.398
0.4
0.402
0.404
0.405
0.407
0.409
0.411
0.412
0.414
0.415
0.417
0.418
0.42
0.421
0.422
0.423
0.424
0.425
0.426
0.427
0.428
0.429
0.428
0.427
0.426
0.425
0.425
0.424
0.422
0.421
0.42
0.419
0.418
0.416
0.415
0.414
0.412
0.411
0.41
0.408
0.407
0.405
0.404
0.403
0.401
0.4
0.399
0.398
0.397
0.396
0.394
0.393
0.392
0.391
0.39
0.389
0.389
0.388
0.387
0.386
0.385
0.384
0.383
0.382
0.382
0.381
0.38
0.379
0.379
0.378
0.377
0.376
0.376
0.375
0.374
0.373
0.373
0.372
0.371
0.371
0.37
0.369
0.368
0.368
0.367
0.366
0.366
0.365
0.364
0.363
0.363
0.362
0.361
0.36
0.36
0.359
0.358
0.357
0.357
0.356
0.355
0.354
0.353
0.352
0.351
0.351
0.35
0.349
0.348
0.347
0.346
0.345
0.344
0.343
0.342
0.34
0.339
0.338
0.337
0.336
0.335
0.333
0.332
0.332
0.331
0.33
0.329
0.328
0.327
0.326
0.325
0.324
0.324
0.323
0.322
0.321
0.321
0.32
0.319
0.319
0.318
0.318
0.318
0.317
0.317
0.317
0.317
0.317
0.318
0.318
0.319
0.319
0.32
0.321
0.322
0.323
0.324
0.326
0.327
0.329
0.331
0.333
0.339
0.345
0.351
0.358
0.364
0.371
0.377
0.384
0.391
0.398
0.405
0.412
0.419
0.427
0.434
0.441
0.449
0.456
0.463
0.471
0.478
0.485
0.493
0.5
0.505
0.511
0.516
0.521
0.526
0.531
0.536
0.541
0.546
0.551
0.556
0.56
0.565
0.57
0.574
0.579
0.583
0.588
0.592
0.596
0.6
0.605
0.609
0.613
0.617
0.621
0.625
0.628
0.632
0.636
0.64
0.643
0.647
0.65
0.654
0.657
0.66
0.664
0.667
0.67
0.673
0.676
0.679
0.682
0.685
0.688
0.691
0.694
0.696
0.699
0.702
0.704
0.707
0.709
0.712
0.714
0.716
0.718
0.721
0.723
0.725
0.727
0.729
0.731
0.733
0.734
0.736
0.738
0.74
0.741
0.743
0.744
0.746
0.747
0.749
0.75
0.749
0.748
0.747
0.746
0.746
0.744
0.743
0.742
0.741
0.74
0.739
0.738
0.737
0.736
0.734
0.733
0.732
0.731
0.73
0.729
0.728
0.727
0.725
0.724
0.723
0.722
0.722
0.721
0.72
0.719
0.718
0.718
0.717
0.716
0.716
0.715
0.715
0.715
0.714
0.714
0.716
0.717
0.718
0.72
0.721
0.723
0.725
0.727
0.729
0.73
0.732
0.734
0.737
0.739
0.741
0.743
0.745
0.748
0.75
0.753
0.755
0.758
0.76
0.763
0.765
0.768
0.77
0.773
0.776
0.778
0.781
0.784
0.786
0.789
0.792
0.794
0.797
0.8
0.803
0.805
0.808
0.811
0.813
0.816
0.818
0.821
0.823
0.826
0.828
0.831
0.833
0.836
0.838
0.84
0.843
0.845
0.847
0.849
0.851
0.853
0.855
0.857
0.859
0.86
0.862
0.864
0.865
0.867
0.868
0.869
0.87
0.872
0.873
0.874
0.874
0.875
0.876
0.876
0.877
0.877
0.877
0.877
0.877
0.877
0.877
0.877
0.876
0.876
0.875
0.871
0.868
0.864
0.86
0.856
0.852
0.847
0.843
0.839
0.834
0.829
0.824
0.819
0.814
0.809
0.804
0.799
0.793
0.788
0.782
0.777
0.771
0.765
0.76
0.754
0.748
0.742
0.736
0.729
0.723
0.717
0.711
0.704
0.698
0.692
0.685
0.679
0.672
0.666
0.659
0.652
0.646
0.639
0.632
0.626
0.619
0.612
0.605
0.599
0.592
0.585
0.579
0.572
0.565
0.558
0.552
0.545
0.538
0.532
0.525
0.518
0.512
0.505
0.499
0.492
0.486
0.479
0.473
0.467
0.461
0.454
0.448
0.442
0.436
0.43
0.424
0.418
0.413
0.407
0.401
0.396
0.39
0.385
0.38
0.374
0.369
0.364
0.359
0.354
0.35
0.345
0.34
0.336
0.332
0.327
0.323
0.319
0.316
0.312
0.308
0.305
0.301
0.298
0.295
0.292
0.289
0.287
0.284
0.282
0.28
0.278
0.276
0.274
0.272
0.271
0.27
0.269
0.268
0.267
0.266
0.266
0.266
0.266
0.266
0.266
0.267
0.268
0.269
0.27
0.271
0.273
0.275
0.277
0.279
0.281
0.284
0.287
0.29
0.293
0.297
0.3
0.304
0.309
0.313
0.318
0.323
0.328
0.333
0.342
0.351
0.36
0.37
0.38
0.39
0.4
0.41
0.421
0.431
0.442
0.453
0.464
0.476
0.487
0.499
0.511
0.522
0.534
0.547
0.559
0.571
0.583
0.596
0.608
0.621
0.633
0.646
0.659
0.671
0.684
0.697
0.709
0.722
0.735
0.747
0.76
0.773
0.785
0.798
0.81
0.823
0.835
0.847
0.859
0.871
0.883
0.895
0.906
0.918
0.929
0.941
0.952
0.963
0.973
0.984
0.994
1.004
1.014
1.024
1.034
1.043
1.052
1.061
1.07
1.078
1.086
1.094
1.101
1.109
1.116
1.122
1.129
1.135
1.14
1.146
1.151
1.155
1.159
1.163
1.167
1.17
1.173
1.175
1.177
1.179
1.18
1.181
1.181
1.181
1.18
1.179
1.177
1.175
1.173
1.17
1.166
1.162
1.158
1.153
1.147
1.141
1.134
1.127
1.119
1.111
1.102
1.092
1.082
1.071
1.06
1.048
1.035
1.022
1.008
0.994
0.979
0.963
0.946
0.929
0.911
0.892
0.873
0.853
0.832
0.811
0.789
0.766
0.742
0.718
0.693
0.667
0.611
0.555
0.498
0.442
0.386
0.33
0.276
0.222
0.2
0.18
0.16
0.142
0.126
0.111
0.097
0.084
0.072
0.062
0.053
0.045
0.038
0.033
0.028
0.024
0.021
0.02
0.019
0.019
0.02
0.022
0.025
0.028
0.032
0.037
0.043
0.05
0.057
0.064
0.073
0.082
0.091
0.101
0.111
0.122
0.134
0.145
0.157
0.17
0.183
0.196
0.209
0.223
0.236
0.25
0.265
0.279
0.293
0.307
0.322
0.336
0.351
0.365
0.379
0.394
0.408
0.422
0.435
0.449
0.462
0.475
0.488
0.5
0.514
0.528
0.542
0.555
0.568
0.581
0.593
0.605
0.617
0.628
0.639
0.649
0.66
0.67
0.679
0.689
0.697
0.706
0.714
0.723
0.73
0.738
0.745
0.752
0.758
0.764
0.77
0.776
0.781
0.786
0.791
0.796
0.8
0.797
0.794
0.791
0.788
0.784
0.781
0.777
0.772
0.768
0.764
0.759
0.755
0.75
0.745
0.74
0.736
0.731
0.726
0.721
0.716
0.711
0.707
0.702
0.698
0.693
0.689
0.685
0.681
0.677
0.673
0.67
0.667
0.667
0.667
0.668
0.668
0.669
0.67
0.672
0.673
0.675
0.677
0.678
0.681
0.683
0.685
0.687
0.69
0.692
0.695
0.698
0.7
0.703
0.706
0.709
0.711
0.714
0.716
0.718
0.72
0.722
0.724
0.726
0.728
0.73
0.732
0.733
0.735
0.737
0.739
0.741
0.743
0.744
0.746
0.748
0.75
0.751
0.753
0.755
0.757
0.758
0.76
0.762
0.763
0.765
0.767
0.768
0.77
0.772
0.773
0.775
0.776
0.778
0.779
0.781
0.783
0.784
0.786
0.787
0.789
0.79
0.792
0.793
0.794
0.796
0.797
0.799
0.8
0.801
0.803
0.804
0.806
0.807
0.808
0.81
0.811
0.812
0.813
0.815
0.816
0.817
0.818
0.82
0.821
0.822
0.823
0.824
0.826
0.827
0.828
0.829
0.83
0.831
0.832
0.833
0.835
0.836
0.837
0.838
0.839
0.84
0.841
0.842
0.843
0.844
0.845
0.846
0.847
0.848
0.848
0.849
0.85
0.851
0.852
0.853
0.854
0.855
0.855
0.856
0.857
0.858
0.859
0.859
0.86
0.861
0.862
0.862
0.863
0.864
0.864
0.865
0.866
0.866
0.867
0.868
0.868
0.869
0.869
0.87
0.871
0.871
0.872
0.872
0.873
0.873
0.874
0.874
0.875
0.875
0.876
0.876
0.877
0.877
0.877
0.878
0.878
0.879
0.879
0.879
0.88
0.88
0.88
0.881
0.881
0.881
0.882
0.882
0.882
0.882
0.882
0.883
0.883
0.883
0.883
0.883
0.884
0.884
0.884
0.884
0.884
0.884
0.884
0.884
0.884
0.885
0.885
0.885
0.885
0.885
0.885
0.885
0.885
0.885
0.885
0.884
0.884
0.884
0.884
0.884
0.884
0.884
0.884
0.884
0.883
0.883
0.883
0.883
0.883
0.882
0.882
0.882
0.882
0.881
0.881
0.881
0.881
0.88
0.88
0.88
0.879
0.879
0.878
0.878
0.878
0.877
0.877
0.876
0.876
0.876
0.875
0.875
0.874
0.874
0.873
0.873
0.872
0.872
0.871
0.87
0.87
0.869
0.869
0.868
0.867
0.867
0.866
0.865
0.865
0.864
0.863
0.863
0.862
0.861
0.86
0.86
0.859
0.858
0.857
0.857
0.856
0.855
0.854
0.853
0.852
0.852
0.851
0.85
0.849
0.848
0.847
0.846
0.845
0.844
0.843
0.842
0.841
0.84
0.839
0.838
0.837
0.836
0.835
0.834
0.833
0.832
0.831
0.829
0.828
0.827
0.826
0.825
0.824
0.822
0.821
0.82
0.819
0.818
0.816
0.815
0.814
0.812
0.811
0.81
0.808
0.807
0.806
0.804
0.803
0.802
0.8
0.799
0.797
0.796
0.795
0.793
0.792
0.79
0.789
0.787
0.786
0.783
0.78
0.777
0.774
0.771
0.768
0.765
0.762
0.76
0.757
0.755
0.752
0.75
0.749
0.749
0.748
0.748
0.748
0.748
0.748
0.748
0.748
0.748
0.748
0.748
0.749
0.749
0.749
0.75
0.75
0.751
0.751
0.751
0.751
0.752
0.752
0.752
0.752
0.752
0.752
0.751
0.751
0.751
0.75
0.749
0.747
0.746
0.744
0.743
0.741
0.739
0.737
0.735
0.733
0.731
0.729
0.728
0.726
0.724
0.722
0.72
0.718
0.717
0.715
0.714
0.713
0.711
0.71
0.71
0.709
0.708
0.708
0.708
0.708
0.709
0.709
0.71
0.711
0.713
0.714
0.717
0.72
0.724
0.728
0.732
0.736
0.74
0.744
0.748
0.753
0.757
0.761
0.765
0.77
0.774
0.777
0.781
0.784
0.788
0.791
0.793
0.795
0.797
0.799
0.8
0.8
0.8
0.8
0.799
0.797
0.795
0.792
0.788
0.784
0.779
0.773
0.766
0.758
0.75
0.733
0.715
0.696
0.677
0.657
0.637
0.617
0.596
0.576
0.556
0.536
0.516
0.496
0.477
0.459
0.442
0.425
0.41
0.395
0.382
0.37
0.36
0.351
0.344
0.338
0.334
0.333
0.333
0.355
0.379
0.403
0.428
0.453
0.477
0.5
0.507
0.513
0.517
0.519
0.519
0.519
0.517
0.514
0.51
0.505
0.499
0.493
0.486
0.478
0.471
0.463
0.455
0.447
0.44
0.432
0.425
0.419
0.413
0.408
0.404
0.4
0.398
0.398
0.398
0.4
0.416
0.434
0.453
0.473
0.494
0.517
0.539
0.563
0.587
0.611
0.635
0.66
0.684
0.708
0.732
0.756
0.778
0.8
0.812
0.824
0.835
0.844
0.853
0.862
0.869
0.876
0.883
0.889
0.894
0.899
0.903
0.907
0.911
0.915
0.918
0.92
0.923
0.926
0.928
0.93
0.933
0.935
0.937
0.94
0.943
0.945
0.948
0.952
0.955
0.959
0.964
0.968
0.974
0.979
0.986
0.992
1.0
1.006
1.012
1.019
1.026
1.034
1.043
1.052
1.061
1.071
1.082
1.093
1.104
1.116
1.128
1.14
1.152
1.165
1.178
1.191
1.205
1.218
1.232
1.245
1.259
1.273
1.286
1.3
1.314
1.328
1.341
1.354
1.368
1.381
1.394
1.406
1.419
1.431
1.442
1.454
1.465
1.476
1.486
1.496
1.505
1.514
1.522
1.53
1.537
1.543
1.549
1.554
1.559
1.563
1.566
1.568
1.57
1.571
1.57
1.569
1.567
1.565
1.561
1.556
1.55
1.543
1.536
1.527
1.517
1.505
1.493
1.479
1.465
1.448
1.431
1.413
1.393
1.371
1.349
1.324
1.299
1.272
1.243
1.213
1.182
1.149
1.114
1.078
1.04
1.0
0.916
0.83
0.744
0.658
0.571
0.485
0.4
0.357
0.315
0.274
0.235
0.198
0.162
0.127
0.094
0.062
0.032
0.003
-0.024
-0.05
-0.074
-0.096
-0.117
-0.136
-0.154
-0.17
-0.184
-0.197
-0.208
-0.218
-0.225
-0.231
-0.236
-0.238
-0.239
-0.238
-0.236
-0.231
-0.225
-0.217
-0.207
-0.196
-0.182
-0.167
-0.15
-0.131
-0.11
-0.087
-0.062
-0.035
-0.006
0.024
0.057
0.091
0.128
0.167
0.251
0.337
0.422
0.506
0.588
0.667
0.723
0.776
0.826
0.872
0.916
0.959
1.0
1.016
1.032
1.047
1.061
1.074
1.087
1.099
1.11
1.12
1.13
1.139
1.147
1.155
1.162
1.168
1.174
1.179
1.183
1.187
1.19
1.193
1.195
1.197
1.198
1.198
1.198
1.197
1.196
1.194
1.192
1.19
1.186
1.183
1.179
1.174
1.17
1.164
1.159
1.153
1.146
1.139
1.132
1.125
1.117
1.109
1.1
1.091
1.082
1.073
1.063
1.053
1.043
1.033
1.022
1.011
1.0
0.977
0.955
0.932
0.909
0.886
0.863
0.84
0.817
0.795
0.772
0.75
0.732
0.714
0.697
0.68
0.663
0.646
0.63
0.614
0.598
0.582
0.567
0.552
0.537
0.522
0.508
0.493
0.479
0.466
0.452
0.439
0.426
0.413
0.4
0.387
0.375
0.37
0.365
0.361
0.357
0.352
0.348
0.345
0.341
0.337
0.334
0.331
0.328
0.325
0.322
0.32
0.317
0.315
0.313
0.311
0.309
0.307
0.305
0.304
0.302
0.301
0.3
0.299
0.298
0.297
0.296
0.296
0.295
0.295
0.294
0.294
0.294
0.294
0.294
0.294
0.294
0.294
0.294
0.295
0.295
0.295
0.296
0.297
0.297
0.298
0.299
0.299
0.3
0.301
0.302
0.303
0.304
0.305
0.306
0.307
0.308
0.309
0.31
0.311
0.312
0.313
0.315
0.316
0.317
0.318
0.319
0.32
0.321
0.322
0.323
0.324
0.325
0.326
0.327
0.328
0.329
0.33
0.331
0.332
0.332
0.333
0.334
0.334
0.335
0.335
0.335
0.336
0.336
0.336
0.336
0.336
0.336
0.336
0.336
0.336
0.335
0.335
0.334
0.333
0.333
0.332
0.331
0.33
0.329
0.328
0.327
0.326
0.325
0.324
0.322
0.321
0.32
0.318
0.317
0.315
0.314
0.312
0.311
0.31
0.308
0.307
0.305
0.304
0.302
0.301
0.3
0.299
0.297
0.296
0.295
0.294
0.293
0.292
0.292
0.291
0.291
0.29
0.29
0.29
0.289
0.289
0.29
0.29
0.29
0.291
0.292
0.293
0.294
0.295
0.296
0.298
0.3
0.302
0.304
0.306
0.309
0.312
0.315
0.318
0.321
0.325
0.329
0.333
0.347
0.361
0.375
0.39
0.405
0.42
0.436
0.452
0.468
0.485
0.503
0.521
0.539
0.558
0.577
0.597
0.617
0.638
0.66
0.682
0.705
0.729
0.753
0.778
0.81
0.843
0.875
0.908
0.939
0.97
1.0
1.012
1.023
1.032
1.04
1.047
1.052
1.057
1.06
1.062
1.063
1.063
1.062
1.06
1.058
1.055
1.051
1.047
1.042
1.037
1.032
1.026
1.019
1.013
1.007
1.0
0.987
0.974
0.961
0.948
0.935
0.921
0.908
0.895
0.882
0.869
0.856
0.843
0.83
0.817
0.804
0.791
0.778
0.765
0.753
0.74
0.727
0.714
0.704
0.694
0.683
0.673
0.663
0.653
0.643
0.633
0.623
0.613
0.603
0.593
0.583
0.573
0.563
0.554
0.544
0.535
0.525
0.516
0.506
0.497
0.487
0.478
0.469
0.46
0.451
0.442
0.433
0.424
0.415
0.407
0.398
0.389
0.381
0.372
0.364
0.356
0.347
0.339
0.331
0.323
0.315
0.307
0.299
0.291
0.284
0.276
0.269
0.261
0.254
0.247
0.239
0.232
0.225
0.218
0.212
0.205
0.198
0.191
0.185
0.179
0.172
0.166
0.16
0.154
0.148
0.142
0.136
0.131
0.125
0.125
0.125
0.126
0.126
0.126
0.127
0.128
0.128
0.129
0.13
0.131
0.132
0.134
0.135
0.137
0.138
0.14
0.141
0.143
0.145
0.147
0.149
0.152
0.154
0.156
0.159
0.162
0.164
0.167
0.17
0.173
0.176
0.179
0.183
0.186
0.19
0.193
0.197
0.201
0.205
0.209
0.213
0.217
0.221
0.226
0.23
0.235
0.239
0.244
0.249
0.254
0.259
0.264
0.269
0.275
0.28
0.286
0.291
0.296
0.301
0.306
0.311
0.316
0.321
0.326
0.331
0.335
0.339
0.343
0.347
0.351
0.354
0.357
0.359
0.361
0.362
0.363
0.364
0.364
0.363
0.362
0.36
0.357
0.354
0.35
0.345
0.34
0.333
0.324
0.314
0.303
0.291
0.279
0.266
0.253
0.239
0.225
0.21
0.195
0.179
0.163
0.148
0.131
0.115
0.099
0.083
0.067
0.051
0.035
0.019
0.004
-0.012
-0.026
-0.041
-0.055
-0.068
-0.081
-0.094
-0.105
-0.116
-0.126
-0.136
-0.144
-0.152
-0.159
-0.164
-0.169
-0.173
-0.175
-0.176
-0.176
-0.175
-0.172
-0.168
-0.162
-0.155
-0.146
-0.136
-0.124
-0.111
-0.095
-0.078
-0.059
-0.038
-0.015
0.01
0.037
0.066
0.097
0.131
0.167
0.248
0.33
0.414
0.499
0.583
0.667
0.708
0.748
0.787
0.825
0.862
0.898
0.932
0.966
0.998
1.029
1.06
1.089
1.117
1.144
1.171
1.196
1.22
1.243
1.266
1.287
1.307
1.327
1.345
1.363
1.38
1.396
1.411
1.425
1.439
1.451
1.463
1.474
1.484
1.494
1.502
1.51
1.517
1.524
1.53
1.535
1.539
1.543
1.546
1.548
1.55
1.551
1.552
1.551
1.551
1.55
1.548
1.545
1.543
1.539
1.535
1.531
1.526
1.52
1.515
1.508
1.502
1.494
1.487
1.479
1.47
1.462
1.453
1.443
1.433
1.423
1.413
1.402
1.391
1.38
1.368
1.356
1.344
1.332
1.319
1.307
1.294
1.281
1.267
1.254
1.24
1.227
1.213
1.199
1.185
1.171
1.156
1.142
1.128
1.114
1.099
1.085
1.071
1.056
1.042
1.028
1.014
1.0
0.986
0.972
0.958
0.944
0.93
0.917
0.904
0.89
0.877
0.865
0.852
0.84
0.828
0.816
0.804
0.793
0.782
0.771
0.76
0.75
0.738
0.726
0.715
0.704
0.693
0.683
0.672
0.662
0.653
0.644
0.635
0.626
0.618
0.609
0.602
0.594
0.587
0.58
0.573
0.566
0.56
0.554
0.549
0.543
0.538
0.533
0.528
0.524
0.519
0.515
0.511
0.508
0.504
0.501
0.498
0.495
0.493
0.491
0.488
0.486
0.485
0.483
0.482
0.481
0.479
0.479
0.478
0.477
0.477
0.477
0.477
0.477
0.477
0.478
0.478
0.479
0.48
0.481
0.482
0.483
0.485
0.486
0.488
0.49
0.491
0.493
0.496
0.498
0.5
0.506
0.511
0.517
0.523
0.529
0.535
0.541
0.547
0.553
0.559
0.566
0.572
0.579
0.586
0.592
0.599
0.606
0.613
0.62
0.627
0.634
0.641
0.648
0.655
0.662
0.67
0.677
0.684
0.692
0.699
0.707
0.714
0.722
0.729
0.737
0.744
0.752
0.76
0.767
0.775
0.783
0.791
0.798
0.806
0.814
0.822
0.829
0.837
0.845
0.853
0.86
0.868
0.876
0.883
0.891
0.899
0.906
0.914
0.922
0.929
0.937
0.944
0.952
0.959
0.967
0.974
0.981
0.989
0.996
1.003
1.01
1.017
1.025
1.032
1.038
1.045
1.052
1.059
1.066
1.072
1.079
1.085
1.092
1.098
1.104
1.111
1.117
1.123
1.129
1.135
1.14
1.146
1.152
1.157
1.162
1.168
1.173
1.178
1.183
1.188
1.193
1.197
1.202
1.206
1.211
1.215
1.219
1.223
1.227
1.23
1.234
1.237
1.24
1.244
1.247
1.249
1.252
1.255
1.257
1.259
1.262
1.264
1.265
1.267
1.269
1.27
1.271
1.272
1.273
1.274
1.274
1.274
1.275
1.274
1.274
1.274
1.273
1.273
1.272
1.27
1.269
1.268
1.266
1.264
1.262
1.259
1.257
1.254
1.251
1.248
1.245
1.241
1.237
1.233
1.229
1.225
1.22
1.215
1.21
1.204
1.199
1.193
1.187
1.18
1.174
1.167
1.16
1.153
1.145
1.137
1.129
1.121
1.112
1.103
1.094
1.085
1.075
1.065
1.055
1.045
1.034
1.023
1.012
1.0
0.974
0.947
0.921
0.894
0.867
0.84
0.813
0.785
0.758
0.731
0.704
0.676
0.649
0.622
0.596
0.569
0.543
0.517
0.491
0.466
0.441
0.416
0.392
0.368
0.345
0.322
0.3
0.29
0.28
0.271
0.263
0.255
0.247
0.24
0.234
0.228
0.222
0.218
0.213
0.209
0.205
0.202
0.199
0.197
0.195
0.194
0.192
0.192
0.191
0.191
0.191
0.191
0.192
0.193
0.195
0.196
0.198
0.2
0.208
0.216
0.224
0.233
0.241
0.25
0.259
0.267
0.276
0.285
0.294
0.303
0.311
0.32
0.328
0.336
0.345
0.352
0.36
0.368
0.375
0.382
0.388
0.394
0.4
0.399
0.398
0.397
0.395
0.393
0.391
0.388
0.385
0.382
0.378
0.375
0.371
0.366
0.362
0.357
0.352
0.348
0.342
0.337
0.332
0.327
0.321
0.316
0.31
0.304
0.299
0.293
0.288
0.282
0.276
0.271
0.266
0.26
0.255
0.25
0.245
0.24
0.236
0.231
0.227
0.223
0.22
0.216
0.213
0.21
0.207
0.205
0.203
0.201
0.2
0.205
0.21
0.215
0.221
0.227
0.234
0.24
0.247
0.255
0.262
0.27
0.278
0.286
0.294
0.302
0.311
0.32
0.328
0.337
0.346
0.355
0.364
0.373
0.382
0.391
0.4
0.409
0.418
0.427
0.436
0.445
0.453
0.462
0.47
0.478
0.486
0.494
0.502
0.509
0.516
0.523
0.53
0.536
0.542
0.548
0.553
0.559
0.563
0.568
0.571
0.568
0.564
0.56
0.556
0.551
0.546
0.54
0.535
0.529
0.522
0.516
0.509
0.503
0.496
0.489
0.481
0.474
0.467
0.459
0.452
0.444
0.437
0.429
0.422
0.415
0.407
0.4
0.396
0.392
0.388
0.384
0.38
0.377
0.373
0.37
0.367
0.364
0.361
0.358
0.355
0.352
0.349
0.347
0.344
0.342
0.34
0.337
0.335
0.333
0.331
0.33
0.328
0.326
0.325
0.323
0.322
0.32
0.319
0.318
0.317
0.316
0.315
0.314
0.313
0.312
0.311
0.311
0.31
0.31
0.309
0.309
0.309
0.308
0.308
0.308
0.308
0.308
0.308
0.308
0.308
0.308
0.309
0.309
0.309
0.31
0.31
0.311
0.311
0.312
0.312
0.313
0.313
0.314
0.315
0.316
0.316
0.317
0.318
0.319
0.32
0.321
0.322
0.323
0.324
0.325
0.326
0.327
0.328
0.329
0.33
0.331
0.333
0.334
0.335
0.336
0.337
0.339
0.34
0.341
0.342
0.343
0.345
0.346
0.347
0.348
0.35
0.351
0.352
0.353
0.354
0.356
0.357
0.358
0.359
0.36
0.361
0.362
0.363
0.365
0.366
0.367
0.368
0.369
0.37
0.37
0.371
0.372
0.373
0.374
0.375
0.375
0.376
0.377
0.377
0.378
0.379
0.379
0.38
0.38
0.38
0.381
0.381
0.381
0.382
0.382
0.382
0.382
0.382
0.382
0.382
0.382
0.381
0.381
0.381
0.38
0.38
0.379
0.379
0.378
0.377
0.376
0.376
0.375
0.374
0.373
0.371
0.37
0.369
0.367
0.366
0.364
0.363
0.361
0.359
0.357
0.355
0.353
0.351
0.349
0.346
0.344
0.341
0.339
0.336
0.333
0.328
0.323
0.318
0.313
0.308
0.303
0.297
0.292
0.287
0.281
0.276
0.27
0.265
0.26
0.254
0.249
0.244
0.238
0.233
0.228
0.223
0.218
0.213
0.208
0.203
0.198
0.194
0.189
0.185
0.181
0.177
0.173
0.17
0.166
0.163
0.16
0.157
0.154
0.152
0.149
0.147
0.146
0.144
0.143
0.149
0.155
0.162
0.169
0.176
0.184
0.191
0.199
0.207
0.215
0.224
0.232
0.241
0.25
0.259
0.269
0.278
0.288
0.298
0.308
0.318
0.328
0.338
0.349
0.359
0.37
0.381
0.391
0.402
0.413
0.424
0.435
0.446
0.458
0.469
0.48
0.491
0.503
0.514
0.525
0.536
0.548
0.559
0.57
0.581
0.592
0.603
0.614
0.625
0.636
0.647
0.658
0.669
0.679
0.69
0.7
0.71
0.72
0.73
0.74
0.75
0.753
0.757
0.76
0.762
0.765
0.768
0.77
0.772
0.774
0.776
0.778
0.779
0.781
0.782
0.783
0.784
0.784
0.785
0.785
0.785
0.785
0.784
0.783
0.783
0.782
0.78
0.779
0.777
0.775
0.773
0.771
0.768
0.765
0.762
0.759
0.755
0.751
0.747
0.743
0.738
0.734
0.729
0.723
0.718
0.712
0.706
0.699
0.692
0.686
0.678
0.671
0.663
0.655
0.646
0.638
0.629
0.619
0.61
0.6
0.583
0.565
0.548
0.53
0.512
0.494
0.477
0.459
0.442
0.425
0.408
0.392
0.377
0.361
0.347
0.333
0.33
0.328
0.327
0.326
0.326
0.326
0.327
0.329
0.331
0.334
0.337
0.34
0.344
0.349
0.353
0.358
0.363
0.369
0.374
0.38
0.386
0.392
0.398
0.404
0.41
0.417
0.423
0.429
0.432
0.436
0.44
0.443
0.447
0.45
0.453
0.456
0.459
0.462
0.465
0.468
0.47
0.472
0.475
0.477
0.479
0.481
0.483
0.485
0.487
0.488
0.49
0.491
0.493
0.494
0.495
0.496
0.497
0.498
0.499
0.5
0.501
0.501
0.502
0.502
0.502
0.503
0.503
0.503
0.503
0.503
0.503
0.503
0.503
0.502
0.502
0.502
0.501
0.501
0.5
0.5
0.499
0.498
0.497
0.496
0.495
0.494
0.493
0.492
0.491
0.49
0.489
0.488
0.486
0.485
0.483
0.482
0.481
0.479
0.477
0.476
0.474
0.473
0.471
0.469
0.467
0.466
0.464
0.462
0.46
0.458
0.456
0.454
0.453
0.451
0.449
0.447
0.445
0.443
0.44
0.438
0.436
0.434
0.432
0.43
0.428
0.426
0.424
0.422
0.419
0.417
0.415
0.413
0.411
0.409
0.407
0.405
0.403
0.4
0.398
0.396
0.394
0.392
0.39
0.388
0.386
0.384
0.382
0.38
0.378
0.377
0.375
0.373
0.371
0.369
0.367
0.366
0.364
0.362
0.361
0.359
0.358
0.356
0.354
0.353
0.352
0.35
0.349
0.348
0.346
0.345
0.344
0.343
0.342
0.341
0.34
0.339
0.338
0.337
0.337
0.336
0.335
0.335
0.334
0.334
0.334
0.333
0.333
0.333
0.333
0.333
0.333
0.333
0.333
0.333
0.335
0.337
0.338
0.34
0.342
0.344
0.346
0.348
0.35
0.352
0.355
0.357
0.359
0.362
0.364
0.367
0.369
0.372
0.375
0.377
0.38
0.383
0.386
0.389
0.392
0.395
0.398
0.401
0.404
0.407
0.41
0.413
0.417
0.42
0.423
0.426
0.43
0.433
0.436
0.44
0.443
0.446
0.45
0.453
0.456
0.46
0.463
0.467
0.47
0.474
0.477
0.48
0.484
0.487
0.491
0.494
0.497
0.501
0.504
0.507
0.511
0.514
0.517
0.521
0.524
0.527
0.53
0.533
0.536
0.54
0.543
0.546
0.549
0.552
0.555
0.558
0.56
0.563
0.566
0.569
0.571
0.574
0.577
0.579
0.582
0.584
0.586
0.589
0.591
0.593
0.595
0.597
0.599
0.601
0.603
0.605
0.607
0.608
0.61
0.611
0.613
0.614
0.615
0.617
0.618
0.619
0.62
0.621
0.621
0.622
0.623
0.623
0.623
0.624
0.624
0.624
0.624
0.624
0.624
0.623
0.623
0.622
0.622
0.621
0.62
0.619
0.618
0.617
0.615
0.614
0.612
0.611
0.609
0.607
0.605
0.602
0.6
0.594
0.587
0.58
0.574
0.567
0.56
0.553
0.546
0.539
0.531
0.524
0.517
0.51
0.502
0.495
0.488
0.481
0.474
0.467
0.46
0.453
0.446
0.439
0.432
0.426
0.419
0.413
0.407
0.401
0.395
0.389
0.384
0.378
0.373
0.368
0.364
0.359
0.355
0.351
0.347
0.344
0.341
0.338
0.336
0.333
0.338
0.342
0.347
0.352
0.358
0.363
0.369
0.375
0.382
0.388
0.395
0.401
0.408
0.415
0.422
0.429
0.436
0.444
0.451
0.458
0.465
0.472
0.479
0.486
0.493
0.5
0.503
0.507
0.51
0.513
0.516
0.518
0.521
0.523
0.525
0.526
0.528
0.529
0.529
0.53
0.53
0.529
0.528
0.527
0.525
0.523
0.521
0.518
0.514
0.51
0.505
0.5
