1, 0.0;
2, 0.125;
3, 0.247;
4, 0.367;
5, 0.485;
6, 0.601;
7, 0.714;
8, 0.767;
9, 0.817;
10, 0.865;
11, 0.91;
12, 0.954;
13, 0.996;
14, 1.036;
15, 1.074;
16, 1.11;
17, 1.144;
18, 1.176;
19, 1.206;
20, 1.235;
21, 1.261;
22, 1.286;
23, 1.31;
24, 1.331;
25, 1.351;
26, 1.37;
27, 1.386;
28, 1.402;
29, 1.415;
30, 1.428;
31, 1.439;
32, 1.448;
33, 1.456;
34, 1.463;
35, 1.468;
36, 1.472;
37, 1.475;
38, 1.476;
39, 1.477;
40, 1.476;
41, 1.474;
42, 1.471;
43, 1.467;
44, 1.462;
45, 1.456;
46, 1.449;
47, 1.441;
48, 1.432;
49, 1.422;
50, 1.411;
51, 1.4;
52, 1.388;
53, 1.375;
54, 1.361;
55, 1.347;
56, 1.332;
57, 1.316;
58, 1.3;
59, 1.283;
60, 1.266;
61, 1.248;
62, 1.23;
63, 1.211;
64, 1.192;
65, 1.173;
66, 1.153;
67, 1.133;
68, 1.113;
69, 1.093;
70, 1.072;
71, 1.051;
72, 1.03;
73, 1.009;
74, 0.988;
75, 0.967;
76, 0.946;
77, 0.925;
78, 0.903;
79, 0.882;
80, 0.862;
81, 0.841;
82, 0.82;
83, 0.8;
84, 0.778;
85, 0.755;
86, 0.733;
87, 0.712;
88, 0.69;
89, 0.669;
90, 0.648;
91, 0.628;
92, 0.607;
93, 0.587;
94, 0.567;
95, 0.547;
96, 0.528;
97, 0.509;
98, 0.49;
99, 0.471;
100, 0.453;
101, 0.435;
102, 0.417;
103, 0.399;
104, 0.382;
105, 0.365;
106, 0.348;
107, 0.332;
108, 0.315;
109, 0.299;
110, 0.283;
111, 0.268;
112, 0.253;
113, 0.238;
114, 0.223;
115, 0.208;
116, 0.194;
117, 0.18;
118, 0.166;
119, 0.153;
120, 0.14;
121, 0.127;
122, 0.114;
123, 0.102;
124, 0.09;
125, 0.078;
126, 0.066;
127, 0.055;
128, 0.044;
129, 0.033;
130, 0.022;
131, 0.012;
132, 0.002;
133, -0.008;
134, -0.017;
135, -0.026;
136, -0.035;
137, -0.044;
138, -0.053;
139, -0.061;
140, -0.069;
141, -0.076;
142, -0.084;
143, -0.091;
144, -0.098;
145, -0.104;
146, -0.11;
147, -0.116;
148, -0.122;
149, -0.128;
150, -0.133;
151, -0.138;
152, -0.142;
153, -0.147;
154, -0.151;
155, -0.155;
156, -0.158;
157, -0.162;
158, -0.165;
159, -0.167;
160, -0.17;
161, -0.172;
162, -0.174;
163, -0.176;
164, -0.177;
165, -0.178;
166, -0.179;
167, -0.18;
168, -0.18;
169, -0.18;
170, -0.18;
171, -0.179;
172, -0.178;
173, -0.177;
174, -0.176;
175, -0.174;
176, -0.172;
177, -0.17;
178, -0.167;
179, -0.165;
180, -0.162;
181, -0.158;
182, -0.155;
183, -0.151;
184, -0.147;
185, -0.142;
186, -0.137;
187, -0.132;
188, -0.127;
189, -0.121;
190, -0.116;
191, -0.109;
192, -0.103;
193, -0.096;
194, -0.089;
195, -0.082;
196, -0.075;
197, -0.067;
198, -0.059;
199, -0.05;
200, -0.041;
201, -0.032;
202, -0.023;
203, -0.014;
204, -0.004;
205, 0.006;
206, 0.017;
207, 0.027;
208, 0.038;
209, 0.05;
210, 0.061;
211, 0.073;
212, 0.085;
213, 0.098;
214, 0.11;
215, 0.123;
216, 0.137;
217, 0.15;
218, 0.164;
219, 0.178;
220, 0.193;
221, 0.208;
222, 0.223;
223, 0.238;
224, 0.254;
225, 0.27;
226, 0.286;
227, 0.319;
228, 0.353;
229, 0.387;
230, 0.42;
231, 0.454;
232, 0.486;
233, 0.519;
234, 0.55;
235, 0.581;
236, 0.61;
237, 0.638;
238, 0.665;
239, 0.691;
240, 0.714;
241, 0.717;
242, 0.718;
243, 0.717;
244, 0.715;
245, 0.711;
246, 0.706;
247, 0.7;
248, 0.693;
249, 0.685;
250, 0.676;
251, 0.666;
252, 0.656;
253, 0.645;
254, 0.633;
255, 0.621;
256, 0.61;
257, 0.597;
258, 0.585;
259, 0.573;
260, 0.561;
261, 0.55;
262, 0.539;
263, 0.528;
264, 0.518;
265, 0.509;
266, 0.5;
267, 0.496;
268, 0.494;
269, 0.492;
270, 0.491;
271, 0.49;
272, 0.49;
273, 0.49;
274, 0.491;
275, 0.492;
276, 0.493;
277, 0.494;
278, 0.496;
279, 0.497;
280, 0.498;
281, 0.499;
282, 0.5;
283, 0.5;
284, 0.498;
285, 0.495;
286, 0.491;
287, 0.488;
288, 0.484;
289, 0.48;
290, 0.475;
291, 0.47;
292, 0.466;
293, 0.46;
294, 0.455;
295, 0.45;
296, 0.444;
297, 0.439;
298, 0.433;
299, 0.427;
300, 0.422;
301, 0.416;
302, 0.411;
303, 0.405;
304, 0.4;
305, 0.396;
306, 0.391;
307, 0.387;
308, 0.383;
309, 0.379;
310, 0.376;
311, 0.372;
312, 0.369;
313, 0.365;
314, 0.362;
315, 0.359;
316, 0.356;
317, 0.353;
318, 0.35;
319, 0.347;
320, 0.344;
321, 0.341;
322, 0.339;
323, 0.336;
324, 0.333;
325, 0.333;
326, 0.333;
327, 0.332;
328, 0.332;
329, 0.332;
330, 0.332;
331, 0.332;
332, 0.332;
333, 0.332;
334, 0.332;
335, 0.332;
336, 0.332;
337, 0.332;
338, 0.332;
339, 0.332;
340, 0.332;
341, 0.333;
342, 0.333;
343, 0.333;
344, 0.334;
345, 0.334;
346, 0.334;
347, 0.335;
348, 0.335;
349, 0.336;
350, 0.336;
351, 0.337;
352, 0.337;
353, 0.338;
354, 0.338;
355, 0.339;
356, 0.34;
357, 0.34;
358, 0.341;
359, 0.342;
360, 0.343;
361, 0.344;
362, 0.344;
363, 0.345;
364, 0.346;
365, 0.347;
366, 0.348;
367, 0.349;
368, 0.35;
369, 0.351;
370, 0.352;
371, 0.353;
372, 0.354;
373, 0.355;
374, 0.356;
375, 0.357;
376, 0.358;
377, 0.359;
378, 0.361;
379, 0.362;
380, 0.363;
381, 0.364;
382, 0.365;
383, 0.367;
384, 0.368;
385, 0.369;
386, 0.37;
387, 0.372;
388, 0.373;
389, 0.374;
390, 0.376;
391, 0.377;
392, 0.378;
393, 0.38;
394, 0.381;
395, 0.383;
396, 0.384;
397, 0.385;
398, 0.387;
399, 0.388;
400, 0.39;
401, 0.391;
402, 0.393;
403, 0.394;
404, 0.396;
405, 0.397;
406, 0.399;
407, 0.4;
408, 0.402;
409, 0.403;
410, 0.405;
411, 0.406;
412, 0.408;
413, 0.409;
414, 0.411;
415, 0.413;
416, 0.414;
417, 0.416;
418, 0.417;
419, 0.419;
420, 0.42;
421, 0.422;
422, 0.423;
423, 0.425;
424, 0.427;
425, 0.428;
426, 0.43;
427, 0.431;
428, 0.433;
429, 0.434;
430, 0.436;
431, 0.437;
432, 0.439;
433, 0.441;
434, 0.442;
435, 0.444;
436, 0.445;
437, 0.447;
438, 0.448;
439, 0.45;
440, 0.451;
441, 0.453;
442, 0.454;
443, 0.456;
444, 0.457;
445, 0.459;
446, 0.46;
447, 0.462;
448, 0.463;
449, 0.464;
450, 0.466;
451, 0.467;
452, 0.469;
453, 0.47;
454, 0.471;
455, 0.473;
456, 0.474;
457, 0.476;
458, 0.477;
459, 0.478;
460, 0.479;
461, 0.481;
462, 0.482;
463, 0.483;
464, 0.485;
465, 0.486;
466, 0.487;
467, 0.488;
468, 0.489;
469, 0.49;
470, 0.492;
471, 0.493;
472, 0.494;
473, 0.495;
474, 0.496;
475, 0.497;
476, 0.498;
477, 0.499;
478, 0.5;
479, 0.501;
480, 0.502;
481, 0.503;
482, 0.504;
483, 0.505;
484, 0.506;
485, 0.507;
486, 0.508;
487, 0.508;
488, 0.509;
489, 0.51;
490, 0.511;
491, 0.512;
492, 0.513;
493, 0.513;
494, 0.514;
495, 0.515;
496, 0.515;
497, 0.516;
498, 0.517;
499, 0.518;
500, 0.518;
501, 0.519;
502, 0.519;
503, 0.52;
504, 0.521;
505, 0.521;
506, 0.522;
507, 0.523;
508, 0.523;
509, 0.524;
510, 0.524;
511, 0.525;
512, 0.525;
513, 0.526;
514, 0.526;
515, 0.527;
516, 0.527;
517, 0.528;
518, 0.528;
519, 0.529;
520, 0.529;
521, 0.53;
522, 0.53;
523, 0.531;
524, 0.531;
525, 0.532;
526, 0.532;
527, 0.533;
528, 0.533;
529, 0.533;
530, 0.534;
531, 0.534;
532, 0.535;
533, 0.535;
534, 0.536;
535, 0.536;
536, 0.537;
537, 0.537;
538, 0.538;
539, 0.538;
540, 0.539;
541, 0.539;
542, 0.539;
543, 0.54;
544, 0.54;
545, 0.541;
546, 0.541;
547, 0.542;
548, 0.542;
549, 0.543;
550, 0.543;
551, 0.544;
552, 0.545;
553, 0.545;
554, 0.546;
555, 0.546;
556, 0.547;
557, 0.547;
558, 0.548;
559, 0.549;
560, 0.549;
561, 0.55;
562, 0.55;
563, 0.551;
564, 0.552;
565, 0.552;
566, 0.553;
567, 0.554;
568, 0.554;
569, 0.555;
570, 0.556;
571, 0.557;
572, 0.558;
573, 0.558;
574, 0.559;
575, 0.56;
576, 0.561;
577, 0.562;
578, 0.563;
579, 0.563;
580, 0.564;
581, 0.565;
582, 0.566;
583, 0.567;
584, 0.568;
585, 0.569;
586, 0.57;
587, 0.571;
588, 0.572;
589, 0.574;
590, 0.575;
591, 0.576;
592, 0.577;
593, 0.578;
594, 0.579;
595, 0.581;
596, 0.582;
597, 0.583;
598, 0.585;
599, 0.586;
600, 0.587;
601, 0.589;
602, 0.59;
603, 0.592;
604, 0.593;
605, 0.595;
606, 0.596;
607, 0.598;
608, 0.6;
609, 0.601;
610, 0.603;
611, 0.605;
612, 0.606;
613, 0.608;
614, 0.61;
615, 0.612;
616, 0.614;
617, 0.616;
618, 0.618;
619, 0.62;
620, 0.622;
621, 0.624;
622, 0.626;
623, 0.628;
624, 0.63;
625, 0.632;
626, 0.634;
627, 0.637;
628, 0.639;
629, 0.641;
630, 0.644;
631, 0.646;
632, 0.649;
633, 0.651;
634, 0.654;
635, 0.656;
636, 0.659;
637, 0.662;
638, 0.665;
639, 0.667;
640, 0.67;
641, 0.673;
642, 0.676;
643, 0.679;
644, 0.682;
645, 0.685;
646, 0.688;
647, 0.691;
648, 0.694;
649, 0.697;
650, 0.701;
651, 0.704;
652, 0.707;
653, 0.711;
654, 0.714;
655, 0.717;
656, 0.721;
657, 0.724;
658, 0.727;
659, 0.73;
660, 0.734;
661, 0.737;
662, 0.74;
663, 0.744;
664, 0.747;
665, 0.75;
666, 0.754;
667, 0.757;
668, 0.761;
669, 0.764;
670, 0.767;
671, 0.771;
672, 0.774;
673, 0.778;
674, 0.781;
675, 0.784;
676, 0.788;
677, 0.791;
678, 0.794;
679, 0.797;
680, 0.8;
681, 0.803;
682, 0.806;
683, 0.809;
684, 0.812;
685, 0.815;
686, 0.818;
687, 0.821;
688, 0.824;
689, 0.826;
690, 0.829;
691, 0.831;
692, 0.833;
693, 0.836;
694, 0.838;
695, 0.84;
696, 0.842;
697, 0.844;
698, 0.845;
699, 0.847;
700, 0.848;
701, 0.85;
702, 0.851;
703, 0.852;
704, 0.853;
705, 0.854;
706, 0.855;
707, 0.855;
708, 0.856;
709, 0.856;
710, 0.856;
711, 0.856;
712, 0.856;
713, 0.856;
714, 0.855;
715, 0.855;
716, 0.854;
717, 0.853;
718, 0.851;
719, 0.85;
720, 0.848;
721, 0.847;
722, 0.845;
723, 0.842;
724, 0.84;
725, 0.837;
726, 0.834;
727, 0.831;
728, 0.828;
729, 0.825;
730, 0.821;
731, 0.817;
732, 0.813;
733, 0.808;
734, 0.804;
735, 0.799;
736, 0.794;
737, 0.788;
738, 0.782;
739, 0.776;
740, 0.77;
741, 0.764;
742, 0.757;
743, 0.75;
744, 0.734;
745, 0.718;
746, 0.702;
747, 0.685;
748, 0.669;
749, 0.652;
750, 0.635;
751, 0.618;
752, 0.601;
753, 0.584;
754, 0.567;
755, 0.55;
756, 0.533;
757, 0.517;
758, 0.5;
759, 0.492;
760, 0.484;
761, 0.476;
762, 0.469;
763, 0.462;
764, 0.455;
765, 0.448;
766, 0.441;
767, 0.435;
768, 0.429;
769, 0.423;
770, 0.418;
771, 0.413;
772, 0.408;
773, 0.403;
774, 0.399;
775, 0.395;
776, 0.392;
777, 0.389;
778, 0.386;
779, 0.384;
780, 0.382;
781, 0.381;
782, 0.38;
783, 0.379;
784, 0.379;
785, 0.379;
786, 0.38;
787, 0.381;
788, 0.383;
789, 0.385;
790, 0.388;
791, 0.392;
792, 0.395;
793, 0.4;
794, 0.405;
795, 0.41;
796, 0.417;
797, 0.423;
798, 0.431;
799, 0.439;
800, 0.447;
801, 0.456;
802, 0.466;
803, 0.477;
804, 0.488;
805, 0.5;
806, 0.524;
807, 0.548;
808, 0.573;
809, 0.597;
810, 0.622;
811, 0.646;
812, 0.669;
813, 0.691;
814, 0.712;
815, 0.732;
816, 0.75;
817, 0.749;
818, 0.746;
819, 0.741;
820, 0.735;
821, 0.727;
822, 0.718;
823, 0.708;
824, 0.696;
825, 0.683;
826, 0.67;
827, 0.655;
828, 0.64;
829, 0.624;
830, 0.607;
831, 0.59;
832, 0.573;
833, 0.555;
834, 0.537;
835, 0.519;
836, 0.501;
837, 0.483;
838, 0.465;
839, 0.448;
840, 0.43;
841, 0.414;
842, 0.398;
843, 0.382;
844, 0.368;
845, 0.354;
846, 0.341;
847, 0.329;
848, 0.319;
849, 0.31;
850, 0.302;
851, 0.295;
852, 0.29;
853, 0.287;
854, 0.286;
855, 0.304;
856, 0.324;
857, 0.346;
858, 0.368;
859, 0.392;
860, 0.417;
861, 0.442;
862, 0.468;
863, 0.494;
864, 0.52;
865, 0.546;
866, 0.571;
867, 0.584;
868, 0.596;
869, 0.608;
870, 0.619;
871, 0.63;
872, 0.64;
873, 0.65;
874, 0.659;
875, 0.668;
876, 0.676;
877, 0.684;
878, 0.692;
879, 0.699;
880, 0.705;
881, 0.711;
882, 0.717;
883, 0.722;
884, 0.727;
885, 0.731;
886, 0.735;
887, 0.739;
888, 0.742;
889, 0.744;
890, 0.747;
891, 0.749;
892, 0.751;
893, 0.752;
894, 0.753;
895, 0.753;
896, 0.754;
897, 0.754;
898, 0.753;
899, 0.752;
900, 0.751;
901, 0.75;
902, 0.748;
903, 0.746;
904, 0.744;
905, 0.742;
906, 0.739;
907, 0.736;
908, 0.732;
909, 0.729;
910, 0.725;
911, 0.721;
912, 0.717;
913, 0.712;
914, 0.707;
915, 0.702;
916, 0.697;
917, 0.692;
918, 0.686;
919, 0.68;
920, 0.674;
921, 0.668;
922, 0.662;
923, 0.655;
924, 0.648;
925, 0.642;
926, 0.635;
927, 0.628;
928, 0.62;
929, 0.613;
930, 0.605;
931, 0.598;
932, 0.59;
933, 0.582;
934, 0.574;
935, 0.566;
936, 0.558;
937, 0.55;
938, 0.542;
939, 0.534;
940, 0.525;
941, 0.517;
942, 0.508;
943, 0.5;
944, 0.49;
945, 0.48;
946, 0.47;
947, 0.46;
948, 0.45;
949, 0.44;
950, 0.43;
951, 0.42;
952, 0.411;
953, 0.401;
954, 0.392;
955, 0.384;
956, 0.375;
957, 0.367;
958, 0.359;
959, 0.351;
960, 0.344;
961, 0.337;
962, 0.33;
963, 0.324;
964, 0.319;
965, 0.314;
966, 0.309;
967, 0.305;
968, 0.302;
969, 0.299;
970, 0.297;
971, 0.295;
972, 0.294;
973, 0.294;
974, 0.294;
975, 0.295;
976, 0.297;
977, 0.3;
978, 0.303;
979, 0.307;
980, 0.313;
981, 0.319;
982, 0.325;
983, 0.333;
984, 0.357;
985, 0.382;
986, 0.407;
987, 0.432;
988, 0.459;
989, 0.485;
990, 0.512;
991, 0.538;
992, 0.565;
993, 0.591;
994, 0.617;
995, 0.642;
996, 0.667;
997, 0.678;
998, 0.689;
999, 0.699;
1000, 0.708;
1001, 0.717;
1002, 0.725;
1003, 0.732;
1004, 0.739;
1005, 0.744;
1006, 0.75;
1007, 0.755;
1008, 0.759;
1009, 0.762;
1010, 0.766;
1011, 0.768;
1012, 0.77;
1013, 0.772;
1014, 0.773;
1015, 0.774;
1016, 0.774;
1017, 0.775;
1018, 0.774;
1019, 0.774;
1020, 0.773;
1021, 0.772;
1022, 0.77;
1023, 0.768;
1024, 0.766;
1025, 0.764;
1026, 0.762;
1027, 0.759;
1028, 0.757;
1029, 0.754;
1030, 0.751;
1031, 0.748;
1032, 0.745;
1033, 0.742;
1034, 0.739;
1035, 0.736;
1036, 0.733;
1037, 0.73;
1038, 0.727;
1039, 0.724;
1040, 0.722;
1041, 0.719;
1042, 0.717;
1043, 0.714;
1044, 0.712;
1045, 0.709;
1046, 0.707;
1047, 0.705;
1048, 0.703;
1049, 0.702;
1050, 0.701;
1051, 0.699;
1052, 0.698;
1053, 0.698;
1054, 0.697;
1055, 0.697;
1056, 0.696;
1057, 0.696;
1058, 0.697;
1059, 0.697;
1060, 0.698;
1061, 0.698;
1062, 0.699;
1063, 0.701;
1064, 0.702;
1065, 0.704;
1066, 0.705;
1067, 0.707;
1068, 0.709;
1069, 0.712;
1070, 0.714;
1071, 0.718;
1072, 0.721;
1073, 0.725;
1074, 0.729;
1075, 0.732;
1076, 0.736;
1077, 0.74;
1078, 0.744;
1079, 0.747;
1080, 0.751;
1081, 0.754;
1082, 0.757;
1083, 0.76;
1084, 0.762;
1085, 0.764;
1086, 0.766;
1087, 0.768;
1088, 0.768;
1089, 0.769;
1090, 0.769;
1091, 0.768;
1092, 0.767;
1093, 0.765;
1094, 0.762;
1095, 0.759;
1096, 0.755;
1097, 0.75;
1098, 0.735;
1099, 0.719;
1100, 0.702;
1101, 0.685;
1102, 0.667;
1103, 0.649;
1104, 0.63;
1105, 0.612;
1106, 0.593;
1107, 0.574;
1108, 0.555;
1109, 0.537;
1110, 0.518;
1111, 0.5;
1112, 0.492;
1113, 0.483;
1114, 0.476;
1115, 0.468;
1116, 0.461;
1117, 0.455;
1118, 0.449;
1119, 0.443;
1120, 0.437;
1121, 0.432;
1122, 0.427;
1123, 0.422;
1124, 0.418;
1125, 0.414;
1126, 0.41;
1127, 0.407;
1128, 0.404;
1129, 0.401;
1130, 0.399;
1131, 0.397;
1132, 0.395;
1133, 0.393;
1134, 0.391;
1135, 0.39;
1136, 0.389;
1137, 0.389;
1138, 0.388;
1139, 0.388;
1140, 0.388;
1141, 0.388;
1142, 0.389;
1143, 0.389;
1144, 0.39;
1145, 0.391;
1146, 0.393;
1147, 0.394;
1148, 0.396;
1149, 0.398;
1150, 0.4;
1151, 0.402;
1152, 0.404;
1153, 0.406;
1154, 0.409;
1155, 0.412;
1156, 0.415;
1157, 0.418;
1158, 0.421;
1159, 0.424;
1160, 0.427;
1161, 0.431;
1162, 0.434;
1163, 0.438;
1164, 0.442;
1165, 0.446;
1166, 0.449;
1167, 0.453;
1168, 0.458;
1169, 0.462;
1170, 0.466;
1171, 0.47;
1172, 0.474;
1173, 0.479;
1174, 0.483;
1175, 0.487;
1176, 0.492;
1177, 0.496;
1178, 0.5;
1179, 0.505;
1180, 0.509;
1181, 0.514;
1182, 0.518;
1183, 0.522;
1184, 0.527;
1185, 0.531;
1186, 0.535;
1187, 0.54;
1188, 0.544;
1189, 0.548;
1190, 0.552;
1191, 0.556;
1192, 0.56;
1193, 0.564;
1194, 0.568;
1195, 0.571;
1196, 0.575;
1197, 0.579;
1198, 0.583;
1199, 0.587;
1200, 0.591;
1201, 0.594;
1202, 0.598;
1203, 0.601;
1204, 0.604;
1205, 0.608;
1206, 0.611;
1207, 0.614;
1208, 0.617;
1209, 0.62;
1210, 0.623;
1211, 0.626;
1212, 0.628;
1213, 0.631;
1214, 0.633;
1215, 0.636;
1216, 0.638;
1217, 0.641;
1218, 0.643;
1219, 0.645;
1220, 0.648;
1221, 0.65;
1222, 0.652;
1223, 0.654;
1224, 0.656;
1225, 0.658;
1226, 0.659;
1227, 0.661;
1228, 0.663;
1229, 0.665;
1230, 0.666;
1231, 0.668;
1232, 0.669;
1233, 0.671;
1234, 0.672;
1235, 0.674;
1236, 0.675;
1237, 0.676;
1238, 0.678;
1239, 0.679;
1240, 0.68;
1241, 0.681;
1242, 0.683;
1243, 0.684;
1244, 0.685;
1245, 0.686;
1246, 0.687;
1247, 0.688;
1248, 0.689;
1249, 0.69;
1250, 0.691;
1251, 0.691;
1252, 0.692;
1253, 0.693;
1254, 0.694;
1255, 0.695;
1256, 0.696;
1257, 0.696;
1258, 0.697;
1259, 0.698;
1260, 0.699;
1261, 0.699;
1262, 0.7;
1263, 0.701;
1264, 0.701;
1265, 0.702;
1266, 0.703;
1267, 0.704;
1268, 0.704;
1269, 0.705;
1270, 0.706;
1271, 0.706;
1272, 0.707;
1273, 0.708;
1274, 0.708;
1275, 0.709;
1276, 0.71;
1277, 0.71;
1278, 0.711;
1279, 0.712;
1280, 0.713;
1281, 0.713;
1282, 0.714;
1283, 0.714;
1284, 0.714;
1285, 0.714;
1286, 0.714;
1287, 0.714;
1288, 0.714;
1289, 0.715;
1290, 0.715;
1291, 0.715;
1292, 0.715;
1293, 0.715;
1294, 0.715;
1295, 0.715;
1296, 0.715;
1297, 0.716;
1298, 0.716;
1299, 0.716;
1300, 0.716;
1301, 0.716;
1302, 0.716;
1303, 0.717;
1304, 0.717;
1305, 0.717;
1306, 0.717;
1307, 0.718;
1308, 0.718;
1309, 0.718;
1310, 0.718;
1311, 0.719;
1312, 0.719;
1313, 0.719;
1314, 0.719;
1315, 0.719;
1316, 0.72;
1317, 0.72;
1318, 0.72;
1319, 0.72;
1320, 0.721;
1321, 0.721;
1322, 0.721;
1323, 0.721;
1324, 0.721;
1325, 0.722;
1326, 0.722;
1327, 0.722;
1328, 0.722;
1329, 0.722;
1330, 0.723;
1331, 0.723;
1332, 0.723;
1333, 0.723;
1334, 0.723;
1335, 0.723;
1336, 0.723;
1337, 0.723;
1338, 0.723;
1339, 0.724;
1340, 0.724;
1341, 0.724;
1342, 0.724;
1343, 0.724;
1344, 0.724;
1345, 0.724;
1346, 0.724;
1347, 0.723;
1348, 0.723;
1349, 0.723;
1350, 0.723;
1351, 0.723;
1352, 0.723;
1353, 0.723;
1354, 0.722;
1355, 0.722;
1356, 0.722;
1357, 0.722;
1358, 0.721;
1359, 0.721;
1360, 0.721;
1361, 0.72;
1362, 0.72;
1363, 0.719;
1364, 0.719;
1365, 0.719;
1366, 0.718;
1367, 0.717;
1368, 0.717;
1369, 0.716;
1370, 0.716;
1371, 0.715;
1372, 0.714;
1373, 0.712;
1374, 0.71;
1375, 0.707;
1376, 0.705;
1377, 0.703;
1378, 0.7;
1379, 0.698;
1380, 0.695;
1381, 0.693;
1382, 0.69;
1383, 0.688;
1384, 0.685;
1385, 0.683;
1386, 0.68;
1387, 0.677;
1388, 0.675;
1389, 0.672;
1390, 0.669;
1391, 0.666;
1392, 0.664;
1393, 0.661;
1394, 0.658;
1395, 0.655;
1396, 0.652;
1397, 0.649;
1398, 0.646;
1399, 0.643;
1400, 0.64;
1401, 0.637;
1402, 0.634;
1403, 0.631;
1404, 0.628;
1405, 0.625;
1406, 0.622;
1407, 0.619;
1408, 0.616;
1409, 0.613;
1410, 0.61;
1411, 0.607;
1412, 0.604;
1413, 0.6;
1414, 0.597;
1415, 0.594;
1416, 0.591;
1417, 0.588;
1418, 0.584;
1419, 0.581;
1420, 0.578;
1421, 0.575;
1422, 0.571;
1423, 0.568;
1424, 0.565;
1425, 0.562;
1426, 0.558;
1427, 0.555;
1428, 0.552;
1429, 0.548;
1430, 0.545;
1431, 0.542;
1432, 0.538;
1433, 0.535;
1434, 0.532;
1435, 0.528;
1436, 0.525;
1437, 0.522;
1438, 0.518;
1439, 0.515;
1440, 0.512;
1441, 0.508;
1442, 0.505;
1443, 0.502;
1444, 0.498;
1445, 0.495;
1446, 0.492;
1447, 0.488;
1448, 0.485;
1449, 0.482;
1450, 0.478;
1451, 0.475;
1452, 0.472;
1453, 0.468;
1454, 0.465;
1455, 0.462;
1456, 0.459;
1457, 0.455;
1458, 0.452;
1459, 0.449;
1460, 0.445;
1461, 0.442;
1462, 0.439;
1463, 0.436;
1464, 0.433;
1465, 0.429;
1466, 0.426;
1467, 0.423;
1468, 0.42;
1469, 0.417;
1470, 0.414;
1471, 0.411;
1472, 0.409;
1473, 0.406;
1474, 0.403;
1475, 0.401;
1476, 0.398;
1477, 0.395;
1478, 0.393;
1479, 0.39;
1480, 0.388;
1481, 0.385;
1482, 0.383;
1483, 0.38;
1484, 0.377;
1485, 0.375;
1486, 0.373;
1487, 0.37;
1488, 0.368;
1489, 0.365;
1490, 0.363;
1491, 0.36;
1492, 0.358;
1493, 0.356;
1494, 0.353;
1495, 0.351;
1496, 0.349;
1497, 0.346;
1498, 0.344;
1499, 0.342;
1500, 0.34;
1501, 0.338;
1502, 0.335;
1503, 0.333;
1504, 0.331;
1505, 0.329;
1506, 0.327;
1507, 0.325;
1508, 0.323;
1509, 0.321;
1510, 0.319;
1511, 0.317;
1512, 0.315;
1513, 0.313;
1514, 0.311;
1515, 0.309;
1516, 0.307;
1517, 0.305;
1518, 0.303;
1519, 0.301;
1520, 0.299;
1521, 0.298;
1522, 0.296;
1523, 0.294;
1524, 0.292;
1525, 0.291;
1526, 0.289;
1527, 0.287;
1528, 0.286;
1529, 0.286;
1530, 0.286;
1531, 0.287;
1532, 0.287;
1533, 0.287;
1534, 0.288;
1535, 0.288;
1536, 0.288;
1537, 0.289;
1538, 0.289;
1539, 0.29;
1540, 0.29;
1541, 0.291;
1542, 0.292;
1543, 0.292;
1544, 0.293;
1545, 0.293;
1546, 0.294;
1547, 0.295;
1548, 0.295;
1549, 0.296;
1550, 0.297;
1551, 0.297;
1552, 0.298;
1553, 0.299;
1554, 0.3;
1555, 0.301;
1556, 0.302;
1557, 0.302;
1558, 0.303;
1559, 0.304;
1560, 0.305;
1561, 0.306;
1562, 0.307;
1563, 0.308;
1564, 0.309;
1565, 0.31;
1566, 0.311;
1567, 0.312;
1568, 0.313;
1569, 0.314;
1570, 0.315;
1571, 0.316;
1572, 0.317;
1573, 0.319;
1574, 0.32;
1575, 0.321;
1576, 0.322;
1577, 0.323;
1578, 0.325;
1579, 0.326;
1580, 0.327;
1581, 0.328;
1582, 0.33;
1583, 0.331;
1584, 0.332;
1585, 0.334;
1586, 0.335;
1587, 0.336;
1588, 0.338;
1589, 0.339;
1590, 0.34;
1591, 0.342;
1592, 0.343;
1593, 0.345;
1594, 0.346;
1595, 0.348;
1596, 0.349;
1597, 0.351;
1598, 0.352;
1599, 0.354;
1600, 0.355;
1601, 0.357;
1602, 0.358;
1603, 0.36;
1604, 0.361;
1605, 0.363;
1606, 0.365;
1607, 0.366;
1608, 0.368;
1609, 0.369;
1610, 0.371;
1611, 0.373;
1612, 0.374;
1613, 0.376;
1614, 0.378;
1615, 0.379;
1616, 0.381;
1617, 0.383;
1618, 0.384;
1619, 0.386;
1620, 0.388;
1621, 0.39;
1622, 0.391;
1623, 0.393;
1624, 0.395;
1625, 0.397;
1626, 0.398;
1627, 0.4;
1628, 0.402;
1629, 0.404;
1630, 0.406;
1631, 0.407;
1632, 0.409;
1633, 0.411;
1634, 0.413;
1635, 0.415;
1636, 0.417;
1637, 0.419;
1638, 0.42;
1639, 0.422;
1640, 0.424;
1641, 0.426;
1642, 0.428;
1643, 0.43;
1644, 0.432;
1645, 0.434;
1646, 0.435;
1647, 0.437;
1648, 0.439;
1649, 0.441;
1650, 0.443;
1651, 0.445;
1652, 0.447;
1653, 0.449;
1654, 0.451;
1655, 0.453;
1656, 0.455;
1657, 0.457;
1658, 0.459;
1659, 0.461;
1660, 0.463;
1661, 0.464;
1662, 0.466;
1663, 0.468;
1664, 0.47;
1665, 0.472;
1666, 0.474;
1667, 0.476;
1668, 0.478;
1669, 0.48;
1670, 0.482;
1671, 0.484;
1672, 0.486;
1673, 0.488;
1674, 0.49;
1675, 0.492;
1676, 0.494;
1677, 0.496;
1678, 0.498;
1679, 0.5;
1680, 0.502;
1681, 0.504;
1682, 0.506;
1683, 0.508;
1684, 0.51;
1685, 0.512;
1686, 0.513;
1687, 0.515;
1688, 0.517;
1689, 0.519;
1690, 0.521;
1691, 0.523;
1692, 0.525;
1693, 0.527;
1694, 0.529;
1695, 0.531;
1696, 0.533;
1697, 0.535;
1698, 0.537;
1699, 0.539;
1700, 0.541;
1701, 0.542;
1702, 0.544;
1703, 0.546;
1704, 0.548;
1705, 0.55;
1706, 0.552;
1707, 0.554;
1708, 0.556;
1709, 0.557;
1710, 0.559;
1711, 0.561;
1712, 0.563;
1713, 0.565;
1714, 0.567;
1715, 0.568;
1716, 0.57;
1717, 0.572;
1718, 0.574;
1719, 0.576;
1720, 0.578;
1721, 0.579;
1722, 0.581;
1723, 0.583;
1724, 0.585;
1725, 0.586;
1726, 0.588;
1727, 0.59;
1728, 0.592;
1729, 0.593;
1730, 0.595;
1731, 0.597;
1732, 0.598;
1733, 0.6;
1734, 0.601;
1735, 0.602;
1736, 0.603;
1737, 0.603;
1738, 0.604;
1739, 0.605;
1740, 0.606;
1741, 0.606;
1742, 0.607;
1743, 0.607;
1744, 0.608;
1745, 0.608;
1746, 0.608;
1747, 0.608;
1748, 0.608;
1749, 0.608;
1750, 0.608;
1751, 0.607;
1752, 0.607;
1753, 0.606;
1754, 0.605;
1755, 0.604;
1756, 0.603;
1757, 0.602;
1758, 0.6;
1759, 0.596;
1760, 0.591;
1761, 0.587;
1762, 0.582;
1763, 0.577;
1764, 0.572;
1765, 0.567;
1766, 0.562;
1767, 0.556;
1768, 0.551;
1769, 0.546;
1770, 0.541;
1771, 0.535;
1772, 0.53;
1773, 0.525;
1774, 0.52;
1775, 0.515;
1776, 0.51;
1777, 0.505;
1778, 0.5;
1779, 0.498;
1780, 0.497;
1781, 0.495;
1782, 0.494;
1783, 0.493;
1784, 0.492;
1785, 0.491;
1786, 0.49;
1787, 0.489;
1788, 0.489;
1789, 0.488;
1790, 0.488;
1791, 0.488;
1792, 0.488;
1793, 0.488;
1794, 0.488;
1795, 0.488;
1796, 0.489;
1797, 0.489;
1798, 0.49;
1799, 0.491;
1800, 0.491;
1801, 0.492;
1802, 0.493;
1803, 0.494;
1804, 0.495;
1805, 0.496;
1806, 0.498;
1807, 0.499;
1808, 0.5;
1809, 0.502;
1810, 0.503;
1811, 0.505;
1812, 0.507;
1813, 0.508;
1814, 0.51;
1815, 0.512;
1816, 0.514;
1817, 0.515;
1818, 0.517;
1819, 0.519;
1820, 0.521;
1821, 0.523;
1822, 0.525;
1823, 0.527;
1824, 0.53;
1825, 0.532;
1826, 0.534;
1827, 0.536;
1828, 0.538;
1829, 0.54;
1830, 0.542;
1831, 0.545;
1832, 0.547;
1833, 0.549;
1834, 0.551;
1835, 0.553;
1836, 0.555;
1837, 0.558;
1838, 0.56;
1839, 0.562;
1840, 0.564;
1841, 0.566;
1842, 0.568;
1843, 0.57;
1844, 0.572;
1845, 0.574;
1846, 0.576;
1847, 0.577;
1848, 0.579;
1849, 0.581;
1850, 0.583;
1851, 0.584;
1852, 0.586;
1853, 0.587;
1854, 0.589;
1855, 0.59;
1856, 0.591;
1857, 0.593;
1858, 0.594;
1859, 0.595;
1860, 0.596;
1861, 0.597;
1862, 0.598;
1863, 0.598;
1864, 0.599;
1865, 0.6;
1866, 0.6;
1867, 0.6;
1868, 0.601;
1869, 0.601;
1870, 0.601;
1871, 0.601;
1872, 0.601;
1873, 0.6;
1874, 0.6;
1875, 0.599;
1876, 0.599;
1877, 0.598;
1878, 0.597;
1879, 0.596;
1880, 0.595;
1881, 0.593;
1882, 0.592;
1883, 0.59;
1884, 0.588;
1885, 0.586;
1886, 0.584;
1887, 0.582;
1888, 0.58;
1889, 0.577;
1890, 0.574;
1891, 0.571;
1892, 0.567;
1893, 0.562;
1894, 0.557;
1895, 0.552;
1896, 0.546;
1897, 0.541;
1898, 0.535;
1899, 0.53;
1900, 0.524;
1901, 0.518;
1902, 0.512;
1903, 0.507;
1904, 0.501;
1905, 0.495;
1906, 0.489;
1907, 0.483;
1908, 0.477;
1909, 0.471;
1910, 0.465;
1911, 0.459;
1912, 0.453;
1913, 0.447;
1914, 0.441;
1915, 0.435;
1916, 0.43;
1917, 0.424;
1918, 0.419;
1919, 0.414;
1920, 0.408;
1921, 0.403;
1922, 0.399;
1923, 0.394;
1924, 0.389;
1925, 0.385;
1926, 0.381;
1927, 0.377;
1928, 0.373;
1929, 0.37;
1930, 0.366;
1931, 0.363;
1932, 0.361;
1933, 0.358;
1934, 0.356;
1935, 0.354;
1936, 0.352;
1937, 0.351;
1938, 0.35;
1939, 0.349;
1940, 0.349;
1941, 0.349;
1942, 0.35;
1943, 0.35;
1944, 0.352;
1945, 0.353;
1946, 0.355;
1947, 0.358;
1948, 0.36;
1949, 0.364;
1950, 0.367;
1951, 0.372;
1952, 0.376;
1953, 0.381;
1954, 0.387;
1955, 0.393;
1956, 0.4;
1957, 0.413;
1958, 0.427;
1959, 0.442;
1960, 0.456;
1961, 0.471;
1962, 0.486;
1963, 0.501;
1964, 0.516;
1965, 0.532;
1966, 0.547;
1967, 0.562;
1968, 0.576;
1969, 0.591;
1970, 0.605;
1971, 0.618;
1972, 0.631;
1973, 0.644;
1974, 0.656;
1975, 0.667;
1976, 0.677;
1977, 0.686;
1978, 0.695;
1979, 0.703;
1980, 0.709;
1981, 0.714;
1982, 0.719;
1983, 0.721;
1984, 0.723;
1985, 0.723;
1986, 0.722;
1987, 0.719;
1988, 0.714;
1989, 0.69;
1990, 0.663;
1991, 0.636;
1992, 0.607;
1993, 0.577;
1994, 0.547;
1995, 0.516;
1996, 0.485;
1997, 0.453;
1998, 0.421;
1999, 0.39;
2000, 0.359;
2001, 0.329;
2002, 0.299;
2003, 0.27;
2004, 0.243;
2005, 0.216;
2006, 0.192;
2007, 0.168;
2008, 0.147;
2009, 0.128;
2010, 0.111;
2011, 0.122;
2012, 0.136;
2013, 0.151;
2014, 0.169;
2015, 0.188;
2016, 0.209;
2017, 0.232;
2018, 0.256;
2019, 0.281;
2020, 0.307;
2021, 0.334;
2022, 0.361;
2023, 0.39;
2024, 0.418;
2025, 0.447;
2026, 0.476;
2027, 0.504;
2028, 0.533;
2029, 0.561;
2030, 0.589;
2031, 0.616;
2032, 0.642;
2033, 0.667;
2034, 0.68;
2035, 0.692;
2036, 0.703;
2037, 0.713;
2038, 0.722;
2039, 0.73;
2040, 0.737;
2041, 0.743;
2042, 0.748;
2043, 0.753;
2044, 0.757;
2045, 0.76;
2046, 0.762;
2047, 0.764;
2048, 0.766;
2049, 0.766;
2050, 0.767;
2051, 0.767;
2052, 0.766;
2053, 0.765;
2054, 0.764;
2055, 0.763;
2056, 0.761;
2057, 0.76;
2058, 0.758;
2059, 0.756;
2060, 0.754;
2061, 0.752;
2062, 0.75;
2063, 0.745;
2064, 0.74;
2065, 0.735;
2066, 0.73;
2067, 0.725;
2068, 0.721;
2069, 0.716;
2070, 0.712;
2071, 0.707;
2072, 0.703;
2073, 0.699;
2074, 0.695;
2075, 0.691;
2076, 0.687;
2077, 0.683;
2078, 0.679;
2079, 0.675;
2080, 0.671;
2081, 0.668;
2082, 0.664;
2083, 0.66;
2084, 0.657;
2085, 0.653;
2086, 0.65;
2087, 0.647;
2088, 0.643;
2089, 0.64;
2090, 0.637;
2091, 0.634;
2092, 0.63;
2093, 0.627;
2094, 0.624;
2095, 0.621;
2096, 0.618;
2097, 0.615;
2098, 0.612;
2099, 0.609;
2100, 0.606;
2101, 0.603;
2102, 0.6;
2103, 0.598;
2104, 0.597;
2105, 0.595;
2106, 0.593;
2107, 0.592;
2108, 0.59;
2109, 0.588;
2110, 0.587;
2111, 0.585;
2112, 0.583;
2113, 0.582;
2114, 0.58;
2115, 0.579;
2116, 0.577;
2117, 0.575;
2118, 0.574;
2119, 0.572;
2120, 0.571;
2121, 0.569;
2122, 0.568;
2123, 0.566;
2124, 0.565;
2125, 0.563;
2126, 0.562;
2127, 0.56;
2128, 0.559;
2129, 0.557;
2130, 0.556;
2131, 0.555;
2132, 0.553;
2133, 0.552;
2134, 0.55;
2135, 0.549;
2136, 0.548;
2137, 0.546;
2138, 0.545;
2139, 0.544;
2140, 0.542;
2141, 0.541;
2142, 0.54;
2143, 0.539;
2144, 0.537;
2145, 0.536;
2146, 0.535;
2147, 0.534;
2148, 0.532;
2149, 0.531;
2150, 0.53;
2151, 0.529;
2152, 0.528;
2153, 0.526;
2154, 0.525;
2155, 0.524;
2156, 0.523;
2157, 0.522;
2158, 0.521;
2159, 0.52;
2160, 0.519;
2161, 0.518;
2162, 0.517;
2163, 0.516;
2164, 0.515;
2165, 0.514;
2166, 0.513;
2167, 0.512;
2168, 0.511;
2169, 0.51;
2170, 0.509;
2171, 0.508;
2172, 0.507;
2173, 0.506;
2174, 0.506;
2175, 0.505;
2176, 0.504;
2177, 0.503;
2178, 0.502;
2179, 0.502;
2180, 0.501;
2181, 0.5;
2182, 0.5;
2183, 0.5;
2184, 0.5;
2185, 0.5;
2186, 0.5;
2187, 0.5;
2188, 0.5;
2189, 0.5;
2190, 0.5;
2191, 0.5;
2192, 0.5;
2193, 0.5;
2194, 0.5;
2195, 0.5;
2196, 99999;
