0.293
0.303
0.312
0.321
0.33
0.338
0.346
0.354
0.361
0.367
0.374
0.38
0.385
0.391
0.396
0.401
0.405
0.409
0.413
0.416
0.419
0.422
0.425
0.428
0.43
0.432
0.433
0.435
0.436
0.437
0.438
0.439
0.439
0.44
0.44
0.44
0.44
0.44
0.439
0.439
0.438
0.437
0.436
0.435
0.434
0.433
0.432
0.431
0.429
0.428
0.427
0.425
0.424
0.422
0.417
0.412
0.406
0.4
0.395
0.389
0.383
0.378
0.372
0.367
0.362
0.356
0.351
0.346
0.341
0.336
0.331
0.327
0.322
0.318
0.314
0.31
0.306
0.302
0.299
0.296
0.294
0.298
0.303
0.307
0.312
0.317
0.322
0.327
0.333
0.338
0.344
0.35
0.356
0.362
0.369
0.375
0.382
0.389
0.396
0.403
0.41
0.417
0.425
0.432
0.44
0.447
0.455
0.463
0.471
0.479
0.487
0.495
0.503
0.511
0.52
0.528
0.536
0.545
0.553
0.562
0.57
0.579
0.587
0.596
0.604
0.613
0.621
0.63
0.638
0.646
0.655
0.663
0.672
0.68
0.684
0.689
0.693
0.697
0.702
0.706
0.71
0.714
0.718
0.723
0.727
0.731
0.735
0.738
0.742
0.746
0.75
0.754
0.757
0.761
0.765
0.768
0.772
0.775
0.779
0.782
0.785
0.789
0.792
0.795
0.798
0.801
0.805
0.808
0.811
0.814
0.817
0.82
0.822
0.825
0.828
0.831
0.834
0.836
0.839
0.842
0.844
0.847
0.849
0.852
0.854
0.856
0.859
0.861
0.863
0.866
0.868
0.87
0.872
0.874
0.876
0.878
0.88
0.882
0.884
0.886
0.888
0.89
0.892
0.893
0.895
0.897
0.898
0.9
0.902
0.903
0.905
0.906
0.908
0.909
0.911
0.912
0.913
0.915
0.916
0.917
0.918
0.92
0.921
0.922
0.923
0.924
0.925
0.926
0.927
0.928
0.929
0.93
0.931
0.932
0.933
0.934
0.934
0.935
0.936
0.937
0.937
0.938
0.938
0.939
0.94
0.94
0.941
0.941
0.942
0.942
0.943
0.943
0.943
0.944
0.944
0.944
0.945
0.945
0.945
0.945
0.946
0.946
0.946
0.946
0.946
0.946
0.946
0.946
0.946
0.946
0.946
0.946
0.946
0.946
0.946
0.946
0.946
0.946
0.946
0.945
0.945
0.945
0.945
0.944
0.944
0.944
0.944
0.943
0.943
0.942
0.942
0.942
0.941
0.941
0.94
0.94
0.94
0.939
0.939
0.938
0.937
0.937
0.936
0.936
0.935
0.935
0.934
0.933
0.933
0.932
0.931
0.931
0.93
0.929
0.929
0.928
0.927
0.926
0.926
0.925
0.924
0.923
0.922
0.922
0.921
0.92
0.919
0.918
0.917
0.916
0.916
0.915
0.914
0.913
0.912
0.911
0.91
0.909
0.908
0.907
0.906
0.905
0.904
0.903
0.902
0.901
0.9
0.899
0.898
0.897
0.896
0.895
0.894
0.893
0.892
0.891
0.89
0.889
0.888
0.887
0.886
0.885
0.884
0.883
0.882
0.881
0.879
0.878
0.877
0.876
0.875
0.874
0.873
0.87
0.866
0.863
0.859
0.855
0.852
0.848
0.844
0.841
0.837
0.833
0.83
0.826
0.822
0.819
0.815
0.811
0.808
0.804
0.8
0.797
0.793
0.789
0.786
0.782
0.778
0.775
0.771
0.768
0.764
0.76
0.757
0.753
0.749
0.746
0.742
0.738
0.735
0.731
0.728
0.724
0.72
0.717
0.713
0.71
0.706
0.703
0.699
0.695
0.692
0.688
0.685
0.681
0.678
0.675
0.673
0.67
0.667
0.665
0.662
0.66
0.657
0.654
0.652
0.649
0.646
0.644
0.641
0.639
0.636
0.634
0.631
0.628
0.626
0.623
0.621
0.618
0.616
0.613
0.611
0.608
0.606
0.603
0.6
0.598
0.595
0.593
0.59
0.588
0.586
0.583
0.581
0.578
0.576
0.573
0.571
0.568
0.566
0.563
0.561
0.559
0.556
0.554
0.551
0.549
0.547
0.544
0.542
0.539
0.537
0.535
0.532
0.53
0.528
0.525
0.523
0.52
0.518
0.516
0.513
0.511
0.509
0.506
0.504
0.502
0.5
0.497
0.495
0.493
0.49
0.488
0.486
0.484
0.481
0.479
0.477
0.474
0.472
0.47
0.468
0.465
0.463
0.461
0.459
0.457
0.454
0.452
0.45
0.448
0.446
0.443
0.441
0.439
0.437
0.435
0.432
0.43
0.428
0.426
0.424
0.422
0.419
0.417
0.415
0.413
0.411
0.409
0.407
0.404
0.402
0.4
0.398
0.396
0.394
0.392
0.39
0.388
0.385
0.383
0.381
0.379
0.377
0.375
0.373
0.371
0.369
0.367
0.365
0.363
0.361
0.359
0.356
0.354
0.352
0.35
0.348
0.346
0.344
0.342
0.34
0.338
0.336
0.334
0.332
0.33
0.328
0.326
0.324
0.322
0.32
0.318
0.316
0.314
0.312
0.31
0.308
0.306
0.304
0.302
0.3
0.298
0.297
0.295
0.293
0.291
0.289
0.287
0.285
0.283
0.281
0.279
0.277
0.275
0.273
0.271
0.269
0.268
0.266
0.264
0.262
0.26
0.258
0.256
0.254
0.252
0.25
0.249
0.247
0.245
0.243
0.241
0.239
0.237
0.235
0.234
0.232
0.23
0.228
0.226
0.224
0.222
0.221
0.219
0.217
0.215
0.213
0.211
0.209
0.208
0.206
0.204
0.202
0.2
0.198
0.197
0.195
0.193
0.191
0.189
0.188
0.186
0.184
0.182
0.18
0.178
0.177
0.175
0.173
0.171
0.169
0.168
0.166
0.164
0.163
0.162
0.16
0.159
0.158
0.157
0.155
0.154
0.153
0.152
0.151
0.149
0.148
0.147
0.146
0.144
0.143
0.142
0.141
0.14
0.138
0.137
0.136
0.135
0.133
0.132
0.131
0.13
0.129
0.127
0.126
0.125
0.124
0.123
0.121
0.12
0.119
0.118
0.117
0.115
0.114
0.113
0.112
0.111
0.109
0.108
0.107
0.106
0.105
0.104
0.102
0.101
0.1
0.1
0.1
0.1
0.1
0.1
0.1
0.1
0.1
0.1
0.1
0.1
0.1
0.1
0.1
0.1
0.1
0.1
0.1
0.1
0.1
0.1
0.1
0.1
0.1
0.1
0.1
0.1
0.1
0.1
0.1
0.1
0.1
0.1
0.1
0.1
0.1
0.1
0.1
0.1
0.1
0.1
0.1
0.1
0.1
0.1
0.1
0.1
0.1
0.1
0.1
0.1
0.1
0.1
0.1
0.1
0.1
0.1
0.1
0.1
0.1
0.1
0.1
0.1
0.1
0.1
0.1
0.1
0.1
0.1
0.1
0.1
0.1
0.1
0.1
0.1
0.1
0.1
0.1
0.1
0.1
0.1
0.1
0.1
0.1
0.1
0.1
0.1
0.1
0.1
0.1
0.1
0.1
0.1
0.1
0.1
0.1
0.1
0.1
0.1
0.1
0.1
0.1
0.1
0.1
0.1
0.1
0.1
0.1
0.1
0.1
0.1
0.1
0.1
0.1
0.1
0.1
0.1
0.1
0.1
0.1
0.1
0.1
0.1
0.1
0.1
0.1
0.1
0.1
0.1
0.1
0.1
0.1
0.1
0.1
0.1
0.1
0.1
0.1
0.1
0.1
0.1
0.1
0.1
0.1
0.1
0.1
0.1
0.1
0.1
0.1
0.1
0.1
0.1
0.1
0.1
0.1
0.1
0.1
0.1
0.1
0.1
0.1
0.1
0.1
0.1
0.1
0.1
0.1
0.1
0.1
0.1
0.1
0.1
0.1
0.1
0.1
0.1
0.1
0.1
0.1
0.1
0.1
0.1
0.1
0.1
0.1
0.1
0.1
0.1
0.1
0.1
0.1
0.1
0.1
0.1
0.1
0.1
0.1
0.1
0.1
0.1
0.1
0.1
0.1
0.1
0.1
0.1
0.1
0.1
0.1
0.1
0.1
0.1
0.1
0.1
0.1
0.1
0.1
0.1
0.1
0.1
0.1
0.1
0.1
0.1
0.1
0.1
0.1
0.1
0.1
0.1
0.1
0.1
0.1
0.1
0.1
0.1
0.1
0.1
0.1
0.1
0.1
0.1
0.1
0.1
0.1
0.1
0.1
0.1
0.1
0.1
0.1
0.1
0.1
0.1
0.1
0.1
0.1
0.1
0.1
0.1
0.1
0.1
0.1
0.1
0.1
0.1
0.1
0.1
0.1
0.293
0.332
0.364
0.389
0.409
0.423
0.432
0.438
0.44
0.439
0.436
0.431
0.426
0.412
0.388
0.365
0.343
0.323
0.306
0.295
0.314
0.337
0.362
0.39
0.42
0.452
0.485
0.52
0.555
0.591
0.627
0.663
0.689
0.708
0.725
0.742
0.758
0.773
0.787
0.801
0.814
0.826
0.837
0.848
0.858
0.868
0.877
0.885
0.893
0.9
0.907
0.913
0.918
0.923
0.928
0.931
0.935
0.938
0.94
0.942
0.944
0.945
0.946
0.946
0.947
0.946
0.946
0.945
0.943
0.942
0.94
0.938
0.935
0.933
0.93
0.927
0.923
0.92
0.916
0.912
0.909
0.904
0.9
0.896
0.892
0.887
0.883
0.878
0.874
0.86
0.844
0.829
0.813
0.798
0.782
0.767
0.751
0.736
0.721
0.706
0.691
0.677
0.665
0.654
0.643
0.632
0.622
0.611
0.6
0.59
0.579
0.569
0.559
0.548
0.538
0.528
0.518
0.509
0.499
0.489
0.479
0.47
0.461
0.451
0.442
0.433
0.423
0.414
0.405
0.396
0.387
0.379
0.37
0.361
0.353
0.344
0.335
0.327
0.319
0.31
0.302
0.294
0.285
0.277
0.269
0.261
0.253
0.245
0.237
0.229
0.221
0.214
0.206
0.198
0.19
0.183
0.175
0.167
0.161
0.156
0.151
0.146
0.141
0.135
0.13
0.125
0.12
0.115
0.11
0.105
0.1
0.1
0.1
0.1
0.1
0.1
0.1
0.1
0.1
0.1
0.1
0.1
0.1
0.1
0.1
0.1
0.1
0.1
0.1
0.1
0.1
0.1
0.1
0.1
0.1
0.1
0.1
0.1
0.1
0.1
0.1
0.1
0.1
0.1
0.1
0.1
0.1
0.1
0.1
0.1
0.1
0.1
0.1
0.1
0.1
0.1
0.1
0.1
0.1
0.1
0.1
0.1
0.1
0.1
0.1
0.1
0.1
0.1
0.1
0.1
0.1
0.1
0.1
0.1
0.1
0.1
0.1
0.1
0.1
0.1
0.1
0.1
0.1
0.1
0.1
0.1
0.1
0.1
0.1
0.1
0.1
0.1
0.1
0.1
0.1
0.1
0.1
0.1
0.1
0.1
0.1
0.1
0.1
0.1
0.1
0.1
0.1
0.1
0.1
0.1
0.1
0.1
0.1
0.1
0.1
0.1
0.1
0.1
0.1
0.1
0.1
0.1
0.1
0.1
0.1
0.1
0.1
0.1
0.1
0.1
0.1
0.1
0.1
0.1
0.1
0.1
0.1
0.1
0.1
0.1
0.1
0.1
0.1
0.1
0.1
0.1
0.1
0.1
0.1
0.1
0.1
0.1
0.1
0.1
0.1
0.1
0.1
0.1
0.1
0.1
0.1
0.1
0.1
0.1
0.1
0.1
0.1
0.1
0.1
0.1
0.1
0.1
0.1
0.1
0.1
0.1
0.1
0.1
0.1
0.1
0.1
0.1
0.1
0.1
0.1
0.1
0.1
0.1
0.1
0.1
0.1
0.1
0.1
0.1
0.1
0.1
0.1
0.1
0.1
0.1
0.1
0.1
0.1
0.1
0.1
0.1
0.1
0.1
0.1
0.1
0.1
0.1
0.1
0.1
0.1
0.1
0.1
0.1
0.1
0.1
0.1
0.1
0.1
0.1
0.1
0.1
0.1
0.1
0.1
0.1
0.1
0.1
0.1
0.1
0.1
0.1
0.1
0.1
0.1
0.1
0.1
0.1
0.1
0.1
0.1
0.1
0.1
0.1
0.1
0.1
0.1
0.1
0.1
0.1
0.1
0.1
0.1
0.1
0.1
0.1
0.1
0.1
0.1
0.1
0.1
0.1
0.1
0.1
0.1
0.1
0.1
0.1
0.1
0.1
0.1
0.1
0.1
0.1
0.1
0.1
0.1
0.1
0.1
0.1
0.1
0.1
0.1
0.1
0.1
0.1
0.1
0.1
0.1
0.1
0.1
0.1
0.1
0.1
0.1
0.1
0.1
0.1
0.1
0.1
0.1
0.1
0.1
0.1
0.1
0.1
0.1
0.1
0.1
0.1
0.1
0.1
0.1
0.1
0.1
0.1
0.1
0.1
0.1
0.1
0.1
0.1
0.1
0.1
0.1
0.1
0.1
0.1
0.1
0.1
0.1
0.1
0.1
0.1
0.1
0.1
0.1
0.1
0.1
0.1
0.1
0.1
0.1
0.1
0.1
0.1
0.1
0.1
0.1
0.1
0.1
0.1
0.1
0.1
0.1
0.1
0.1
0.1
0.1
0.1
0.1
0.1
0.1
0.1
0.1
0.1
0.1
0.1
0.1
0.1
0.1
0.1
0.1
0.1
0.1
0.1
0.1
0.1
0.1
0.1
0.1
0.1
0.1
0.1
0.1
0.1
0.1
0.1
0.1
0.1
0.1
0.1
0.1
0.1
0.1
0.1
0.1
0.1
0.1
0.1
0.1
0.1
0.1
0.1
0.1
0.1
0.1
0.1
0.1
0.1
0.1
0.1
0.1
0.1
0.1
0.1
0.1
0.1
0.1
0.1
0.1
0.1
0.1
0.1
0.1
0.1
0.1
0.1
0.1
0.1
0.1
0.1
0.1
0.1
0.1
0.1
0.1
0.1
0.1
0.1
0.1
0.1
0.294
0.339
0.374
0.401
0.42
0.432
0.439
0.44
0.439
0.434
0.427
0.413
0.385
0.358
0.333
0.311
0.294
0.316
0.343
0.374
0.409
0.446
0.485
0.526
0.568
0.611
0.653
0.688
0.71
0.73
0.749
0.768
0.785
0.801
0.816
0.831
0.844
0.856
0.868
0.878
0.888
0.897
0.905
0.912
0.919
0.925
0.93
0.934
0.938
0.941
0.944
0.945
0.947
0.947
0.948
0.947
0.947
0.945
0.944
0.942
0.939
0.936
0.933
0.93
0.926
0.922
0.918
0.913
0.909
0.904
0.899
0.894
0.888
0.883
0.878
0.868
0.85
0.831
0.813
0.795
0.776
0.758
0.74
0.722
0.704
0.686
0.672
0.659
0.645
0.633
0.62
0.607
0.595
0.582
0.57
0.558
0.546
0.534
0.522
0.51
0.499
0.488
0.476
0.465
0.454
0.443
0.432
0.421
0.41
0.4
0.389
0.379
0.368
0.358
0.348
0.338
0.328
0.318
0.308
0.298
0.288
0.279
0.269
0.26
0.25
0.241
0.231
0.222
0.213
0.204
0.195
0.186
0.177
0.168
0.16
0.154
0.148
0.142
0.136
0.13
0.124
0.118
0.112
0.106
0.1
0.1
0.1
0.1
0.1
0.1
0.1
0.1
0.1
0.1
0.1
0.1
0.1
0.1
0.1
0.1
0.1
0.1
0.1
0.1
0.1
0.1
0.1
0.1
0.1
0.1
0.1
0.1
0.1
0.1
0.1
0.1
0.1
0.1
0.1
0.1
0.1
0.1
0.1
0.1
0.1
0.1
0.1
0.1
0.1
0.1
0.1
0.1
0.1
0.1
0.1
0.1
0.1
0.1
0.1
0.1
0.1
0.1
0.1
0.1
0.1
0.1
0.1
0.1
0.1
0.1
0.1
0.1
0.1
0.1
0.1
0.1
0.1
0.1
0.1
0.1
0.1
0.1
0.1
0.1
0.1
0.1
0.1
0.1
0.1
0.1
0.1
0.1
0.1
0.1
0.1
0.1
0.1
0.1
0.1
0.1
0.1
0.1
0.1
0.1
0.1
0.1
0.1
0.1
0.1
0.1
0.1
0.1
0.1
0.1
0.1
0.1
0.1
0.1
0.1
0.1
0.1
0.1
0.1
0.1
0.1
0.1
0.1
0.1
0.1
0.1
0.1
0.1
0.1
0.1
0.1
0.1
0.1
0.1
0.1
0.1
0.1
0.1
0.1
0.1
0.1
0.1
0.1
0.1
0.1
0.1
0.1
0.1
0.1
0.1
0.1
0.1
0.1
0.1
0.1
0.1
0.1
0.1
0.1
0.1
0.1
0.1
0.1
0.1
0.1
0.1
0.1
0.1
0.1
0.1
0.1
0.1
0.1
0.1
0.1
0.1
0.1
0.1
0.1
0.1
0.1
0.1
0.1
0.1
0.1
0.1
0.1
0.1
0.1
0.1
0.1
0.1
0.1
0.1
0.1
0.1
0.1
0.1
0.1
0.1
0.1
0.1
0.1
0.1
0.1
0.1
0.1
0.1
0.1
0.1
0.1
0.1
0.1
0.1
0.1
0.1
0.1
0.1
0.1
0.1
0.1
0.1
0.1
0.1
0.1
0.1
0.1
0.1
0.1
0.1
0.1
0.1
0.1
0.1
0.1
0.1
0.1
0.1
0.1
0.1
0.1
0.1
0.1
0.1
0.1
0.1
0.1
0.1
0.1
0.1
0.1
0.1
0.1
0.1
0.1
0.1
0.1
0.1
0.1
0.1
0.1
0.1
0.1
0.1
0.1
0.1
0.1
0.1
0.1
0.1
0.1
0.1
0.1
0.1
0.1
0.1
0.1
0.1
0.1
0.1
0.1
0.1
0.1
0.1
0.1
0.1
0.1
0.1
0.1
0.1
0.1
0.1
0.1
0.1
0.1
0.1
0.1
0.1
0.1
0.1
0.1
0.1
0.1
0.1
0.1
0.1
0.1
0.1
0.1
0.1
0.1
0.1
0.1
0.1
0.1
0.1
0.1
0.1
0.1
0.1
0.1
0.1
0.1
0.1
0.1
0.1
0.1
0.1
0.1
0.1
0.1
0.1
0.1
0.1
0.1
0.1
0.1
0.1
0.1
0.1
0.1
0.1
0.1
0.1
0.1
0.1
0.1
0.1
0.1
0.1
0.1
0.1
0.1
0.1
0.1
0.1
0.1
0.1
0.1
0.1
0.1
0.1
0.1
0.1
0.1
0.1
0.1
0.1
0.1
0.1
0.1
0.1
0.1
0.1
0.1
0.1
0.1
0.1
0.1
0.1
0.1
0.1
0.1
0.1
0.1
0.1
0.1
0.1
0.1
0.1
0.1
0.1
0.1
0.1
0.1
0.1
0.1
0.1
0.1
0.1
0.1
0.1
0.1
0.1
0.1
0.1
0.1
0.1
0.1
0.1
0.1
0.1
0.1
0.1
0.1
0.1
0.1
0.1
0.1
0.1
0.1
0.1
0.1
0.1
0.1
0.1
0.1
0.1
0.1
0.1
0.1
0.1
0.1
0.1
0.1
0.293
0.32
0.344
0.364
0.382
0.397
0.409
0.419
0.427
0.433
0.437
0.439
0.44
0.44
0.438
0.436
0.433
0.429
0.425
0.418
0.402
0.386
0.37
0.355
0.341
0.327
0.315
0.304
0.294
0.304
0.318
0.333
0.349
0.367
0.385
0.405
0.426
0.447
0.47
0.492
0.516
0.539
0.563
0.587
0.612
0.636
0.659
0.681
0.694
0.706
0.718
0.73
0.741
0.751
0.762
0.772
0.782
0.791
0.8
0.809
0.818
0.826
0.834
0.841
0.848
0.855
0.862
0.868
0.874
0.88
0.886
0.891
0.896
0.9
0.905
0.909
0.913
0.917
0.92
0.923
0.926
0.929
0.932
0.934
0.936
0.938
0.94
0.941
0.943
0.944
0.945
0.945
0.946
0.946
0.946
0.946
0.946
0.946
0.946
0.945
0.944
0.943
0.942
0.941
0.94
0.939
0.937
0.935
0.934
0.932
0.93
0.928
0.926
0.924
0.921
0.919
0.916
0.914
0.911
0.909
0.906
0.903
0.9
0.897
0.895
0.892
0.889
0.886
0.883
0.88
0.876
0.873
0.864
0.854
0.843
0.833
0.823
0.812
0.802
0.791
0.781
0.771
0.76
0.75
0.74
0.73
0.719
0.709
0.699
0.689
0.679
0.671
0.664
0.656
0.649
0.642
0.634
0.627
0.62
0.613
0.605
0.598
0.591
0.584
0.577
0.57
0.563
0.556
0.55
0.543
0.536
0.529
0.523
0.516
0.509
0.503
0.496
0.49
0.483
0.477
0.47
0.464
0.458
0.451
0.445
0.439
0.433
0.427
0.42
0.414
0.408
0.402
0.396
0.39
0.384
0.378
0.372
0.367
0.361
0.355
0.349
0.343
0.338
0.332
0.326
0.321
0.315
0.309
0.304
0.298
0.293
0.287
0.282
0.276
0.271
0.265
0.26
0.255
0.249
0.244
0.239
0.233
0.228
0.223
0.217
0.212
0.207
0.202
0.197
0.191
0.186
0.181
0.176
0.171
0.166
0.162
0.158
0.155
0.151
0.148
0.144
0.141
0.137
0.134
0.131
0.127
0.124
0.12
0.117
0.113
0.11
0.107
0.103
0.1
0.1
0.1
0.1
0.1
0.1
0.1
0.1
0.1
0.1
0.1
0.1
0.1
0.1
0.1
0.1
0.1
0.1
0.1
0.1
0.1
0.1
0.1
0.1
0.1
0.1
0.1
0.1
0.1
0.1
0.1
0.1
0.1
0.1
0.1
0.1
0.1
0.1
0.1
0.1
0.1
0.1
0.1
0.1
0.1
0.1
0.1
0.1
0.1
0.1
0.1
0.1
0.1
0.1
0.1
0.1
0.1
0.1
0.1
0.1
0.1
0.1
0.1
0.1
0.1
0.1
0.1
0.1
0.1
0.1
0.1
0.1
0.1
0.1
0.1
0.1
0.1
0.1
0.1
0.1
0.1
0.1
0.1
0.1
0.1
0.1
0.1
0.1
0.1
0.1
0.1
0.1
0.1
0.1
0.1
0.1
0.1
0.1
0.1
0.1
0.1
0.1
0.1
0.1
0.1
0.1
0.1
0.1
0.1
0.1
0.1
0.1
0.1
0.1
0.1
0.1
0.1
0.1
0.1
0.1
0.1
0.1
0.1
0.1
0.1
0.1
0.1
0.1
0.1
0.1
0.1
0.1
0.1
0.1
0.1
0.1
0.1
0.1
0.1
0.1
0.1
0.1
0.1
0.1
0.1
0.1
0.1
0.1
0.1
0.1
0.1
0.1
0.1
0.1
0.1
0.1
0.1
0.1
0.1
0.1
0.1
0.1
0.1
0.1
0.1
0.1
0.1
0.1
0.1
0.1
0.1
0.1
0.1
0.1
0.1
0.1
0.1
0.1
0.1
0.1
0.1
0.1
0.1
0.1
0.1
0.1
0.1
0.1
0.1
0.1
0.1
0.1
0.1
0.1
0.1
0.1
0.1
0.1
0.1
0.1
0.1
0.1
0.1
0.1
0.1
0.1
0.1
0.1
0.1
0.1
0.1
0.1
0.1
0.1
0.1
0.1
0.1
0.1
0.1
0.1
0.1
0.1
0.1
0.1
0.1
0.1
0.1
0.1
0.1
0.1
0.1
0.1
0.1
0.1
0.1
0.1
0.1
0.1
0.1
0.1
0.1
0.1
0.1
0.1
0.1
0.1
0.1
0.1
0.1
0.1
0.1
0.1
0.1
0.1
0.1
0.1
0.1
0.1
0.1
0.1
0.1
0.1
0.1
0.1
0.1
0.1
0.1
0.1
0.1
0.1
0.293
0.319
0.341
0.361
0.378
0.393
0.405
0.415
0.424
0.43
0.435
0.438
0.44
0.44
0.44
0.438
0.436
0.433
0.429
0.426
0.421
0.406
0.391
0.376
0.361
0.348
0.334
0.322
0.311
0.301
0.294
0.306
0.319
0.333
0.349
0.365
0.383
0.401
0.421
0.441
0.461
0.483
0.504
0.526
0.549
0.571
0.594
0.617
0.639
0.662
0.682
0.694
0.705
0.717
0.727
0.738
0.748
0.758
0.768
0.777
0.786
0.795
0.803
0.812
0.819
0.827
0.834
0.841
0.848
0.855
0.861
0.867
0.873
0.878
0.884
0.889
0.893
0.898
0.902
0.906
0.91
0.914
0.917
0.921
0.924
0.927
0.929
0.932
0.934
0.936
0.938
0.939
0.941
0.942
0.943
0.944
0.945
0.946
0.946
0.947
0.947
0.947
0.947
0.946
0.946
0.946
0.945
0.944
0.943
0.942
0.941
0.94
0.938
0.937
0.935
0.934
0.932
0.93
0.928
0.926
0.924
0.922
0.92
0.918
0.915
0.913
0.91
0.908
0.905
0.903
0.9
0.897
0.894
0.892
0.889
0.886
0.883
0.88
0.877
0.875
0.868
0.858
0.848
0.839
0.829
0.819
0.809
0.799
0.79
0.78
0.77
0.76
0.751
0.741
0.731
0.722
0.712
0.703
0.693
0.684
0.676
0.669
0.661
0.654
0.647
0.641
0.634
0.627
0.62
0.613
0.606
0.6
0.593
0.586
0.58
0.573
0.567
0.56
0.554
0.547
0.541
0.535
0.528
0.522
0.516
0.51
0.503
0.497
0.491
0.485
0.479
0.473
0.467
0.461
0.455
0.449
0.443
0.437
0.432
0.426
0.42
0.414
0.409
0.403
0.397
0.392
0.386
0.38
0.375
0.369
0.364
0.358
0.353
0.347
0.342
0.337
0.331
0.326
0.321
0.315
0.31
0.305
0.3
0.294
0.289
0.284
0.279
0.274
0.269
0.263
0.258
0.253
0.248
0.243
0.238
0.233
0.228
0.223
0.218
0.213
0.208
0.204
0.199
0.194
0.189
0.184
0.179
0.174
0.17
0.165
0.161
0.158
0.155
0.151
0.148
0.145
0.142
0.138
0.135
0.132
0.129
0.125
0.122
0.119
0.116
0.113
0.11
0.106
0.103
0.1
0.1
0.1
0.1
0.1
0.1
0.1
0.1
0.1
0.1
0.1
0.1
0.1
0.1
0.1
0.1
0.1
0.1
0.1
0.1
0.1
0.1
0.1
0.1
0.1
0.1
0.1
0.1
0.1
0.1
0.1
0.1
0.1
0.1
0.1
0.1
0.1
0.1
0.1
0.1
0.1
0.1
0.1
0.1
0.1
0.1
0.1
0.1
0.1
0.1
0.1
0.1
0.1
0.1
0.1
0.1
0.1
0.1
0.1
0.1
0.1
0.1
0.1
0.1
0.1
0.1
0.1
0.1
0.1
0.1
0.1
0.1
0.1
0.1
0.1
0.1
0.1
0.1
0.1
0.1
0.1
0.1
0.1
0.1
0.1
0.1
0.1
0.1
0.1
0.1
0.1
0.1
0.1
0.1
0.1
0.1
0.1
0.1
0.1
0.1
0.1
0.1
0.1
0.1
0.1
0.1
0.1
0.1
0.1
0.1
0.1
0.1
0.1
0.1
0.1
0.1
0.1
0.1
0.1
0.1
0.1
0.1
0.1
0.1
0.1
0.1
0.1
0.1
0.1
0.1
0.1
0.1
0.1
0.1
0.1
0.1
0.1
0.1
0.1
0.1
0.1
0.1
0.1
0.1
0.1
0.1
0.1
0.1
0.1
0.1
0.1
0.1
0.1
0.1
0.1
0.1
0.1
0.1
0.1
0.1
0.1
0.1
0.1
0.1
0.1
0.1
0.1
0.1
0.1
0.1
0.1
0.1
0.1
0.1
0.1
0.1
0.1
0.1
0.1
0.1
0.1
0.1
0.1
0.1
0.1
0.1
0.1
0.1
0.1
0.1
0.1
0.1
0.1
0.1
0.1
0.1
0.1
0.1
0.1
0.1
0.1
0.1
0.1
0.1
0.1
0.1
0.1
0.1
0.1
0.1
0.1
0.1
0.1
0.1
0.1
0.1
0.1
0.1
0.1
0.1
0.1
0.1
0.1
0.1
0.1
0.1
0.1
0.1
0.1
0.1
0.1
0.1
0.1
0.1
0.1
0.1
0.1
0.1
0.1
0.1
0.1
0.1
0.1
0.1
0.1
0.1
0.1
0.1
0.1
0.1
0.1
0.1
0.1
0.1
0.1
0.1
0.1
0.1
0.1
0.1
0.1
0.1
0.1
0.1
0.1
0.1
0.1
0.1
0.1
0.1
0.1
0.294
0.358
0.401
0.427
0.439
0.44
0.434
0.424
0.385
0.345
0.311
0.305
0.344
0.392
0.446
0.506
0.569
0.633
0.689
0.721
0.75
0.777
0.802
0.825
0.845
0.863
0.879
0.894
0.906
0.917
0.926
0.933
0.939
0.943
0.946
0.948
0.949
0.948
0.946
0.944
0.94
0.936
0.931
0.925
0.919
0.912
0.905
0.897
0.89
0.882
0.869
0.842
0.814
0.787
0.759
0.732
0.705
0.679
0.659
0.64
0.621
0.602
0.583
0.565
0.547
0.529
0.511
0.494
0.477
0.46
0.443
0.427
0.411
0.395
0.379
0.364
0.348
0.333
0.318
0.303
0.289
0.274
0.26
0.246
0.232
0.218
0.204
0.19
0.177
0.164
0.154
0.145
0.136
0.127
0.118
0.109
0.1
0.1
0.1
0.1
0.1
0.1
0.1
0.1
0.1
0.1
0.1
0.1
0.1
0.1
0.1
0.1
0.1
0.1
0.1
0.1
0.1
0.1
0.1
0.1
0.1
0.1
0.1
0.1
0.1
0.1
0.1
0.1
0.1
0.1
0.1
0.1
0.1
0.1
0.1
0.1
0.1
0.1
0.1
0.1
0.1
0.1
0.1
0.1
0.1
0.1
0.1
0.1
0.1
0.1
0.1
0.1
0.1
0.1
0.1
0.1
0.1
0.1
0.1
0.1
0.1
0.1
0.1
0.1
0.1
0.1
0.1
0.1
0.1
0.1
0.1
0.1
0.1
0.1
0.1
0.1
0.1
0.1
0.1
0.1
0.1
0.1
0.1
0.1
0.1
0.1
0.1
0.1
0.1
0.1
0.1
0.1
0.1
0.1
0.1
0.1
0.1
0.1
0.1
0.1
0.1
0.1
0.1
0.1
0.1
0.1
0.1
0.1
0.1
0.1
0.1
0.1
0.1
0.1
0.1
0.1
0.1
0.1
0.1
0.1
0.1
0.1
0.1
0.1
0.1
0.1
0.1
0.1
0.1
0.1
0.1
0.1
0.1
0.1
0.1
0.1
0.1
0.1
0.1
0.1
0.1
0.1
0.1
0.1
0.1
0.1
0.1
0.1
0.1
0.1
0.1
0.1
0.1
0.1
0.1
0.1
0.1
0.1
0.1
0.1
0.1
0.1
0.1
0.1
0.1
0.1
0.1
0.1
0.1
0.1
0.1
0.1
0.1
0.1
0.1
0.1
0.1
0.1
0.1
0.1
0.1
0.1
0.1
0.1
0.1
0.1
0.1
0.1
0.1
0.1
0.1
0.1
0.1
0.1
0.1
0.1
0.1
0.1
0.1
0.1
0.1
0.1
0.1
0.1
0.1
0.1
0.1
0.1
0.1
0.1
0.1
0.1
0.1
0.1
0.1
0.1
0.1
0.1
0.1
0.1
0.1
0.1
0.1
0.1
0.1
0.1
0.1
0.1
0.1
0.1
0.1
0.1
0.1
0.1
0.1
0.1
0.1
0.1
0.1
0.1
0.1
0.1
0.1
0.1
0.1
0.1
0.1
0.1
0.1
0.1
0.1
0.1
0.1
0.1
0.1
0.1
0.1
0.1
0.1
0.1
0.1
0.1
0.1
0.1
0.1
0.1
0.1
0.1
0.1
0.1
0.1
0.1
0.1
0.1
0.1
0.1
0.1
0.1
0.1
0.1
0.1
0.1
0.1
0.1
0.1
0.1
0.1
0.1
0.1
0.1
0.1
0.1
0.1
0.1
0.1
0.1
0.1
0.1
0.1
0.1
0.1
0.1
0.1
0.1
0.1
0.1
0.1
0.1
0.1
0.1
0.1
0.1
0.1
0.1
0.1
0.1
0.1
0.1
0.1
0.1
0.1
0.1
0.1
0.1
0.1
0.1
0.1
0.1
0.1
0.1
0.1
0.1
0.1
0.1
0.1
0.1
0.1
0.1
0.1
0.1
0.1
0.1
0.1
0.1
0.1
0.1
0.1
0.1
0.1
0.1
0.1
0.1
0.1
0.1
0.1
0.1
0.1
0.1
0.1
0.1
0.1
0.1
0.1
0.1
0.1
0.1
0.1
0.1
0.1
0.1
0.1
0.1
0.1
0.1
0.1
0.1
0.1
0.1
0.1
0.1
0.1
0.1
0.1
0.1
0.1
0.1
0.1
0.1
0.1
0.1
0.1
0.1
0.1
0.1
0.1
0.1
0.1
0.1
0.1
0.1
0.1
0.1
0.1
0.1
0.1
0.1
0.1
0.1
0.1
0.1
0.1
0.1
0.1
0.1
0.1
0.1
0.1
0.1
0.1
0.1
0.1
0.1
0.1
0.1
0.1
0.1
0.1
0.1
0.1
0.1
0.1
0.1
0.293
0.318
0.34
0.359
0.376
0.391
0.403
0.414
0.422
0.428
0.433
0.437
0.439
0.44
0.44
0.439
0.437
0.434
0.431
0.427
0.424
0.414
0.399
0.384
0.37
0.356
0.343
0.33
0.319
0.308
0.299
0.297
0.308
0.321
0.335
0.35
0.367
0.384
0.402
0.421
0.44
0.46
0.481
0.502
0.524
0.545
0.567
0.589
0.611
0.633
0.655
0.677
0.69
0.701
0.712
0.723
0.733
0.743
0.753
0.763
0.772
0.781
0.79
0.798
0.806
0.814
0.822
0.829
0.836
0.843
0.849
0.856
0.862
0.868
0.873
0.879
0.884
0.889
0.893
0.898
0.902
0.906
0.91
0.913
0.917
0.92
0.923
0.926
0.928
0.931
0.933
0.935
0.937
0.938
0.94
0.941
0.942
0.943
0.944
0.945
0.946
0.946
0.946
0.946
0.946
0.946
0.946
0.945
0.945
0.944
0.943
0.943
0.942
0.94
0.939
0.938
0.936
0.935
0.933
0.932
0.93
0.928
0.926
0.924
0.922
0.92
0.918
0.915
0.913
0.911
0.908
0.906
0.903
0.9
0.898
0.895
0.892
0.89
0.887
0.884
0.881
0.879
0.876
0.873
0.864
0.855
0.845
0.836
0.826
0.816
0.807
0.797
0.788
0.778
0.769
0.759
0.75
0.741
0.731
0.722
0.712
0.703
0.694
0.685
0.676
0.67
0.663
0.656
0.649
0.642
0.635
0.629
0.622
0.615
0.609
0.602
0.596
0.589
0.583
0.577
0.57
0.564
0.557
0.551
0.545
0.539
0.533
0.526
0.52
0.514
0.508
0.502
0.496
0.49
0.484
0.478
0.472
0.467
0.461
0.455
0.449
0.444
0.438
0.432
0.427
0.421
0.415
0.41
0.404
0.399
0.393
0.388
0.382
0.377
0.371
0.366
0.361
0.355
0.35
0.345
0.34
0.334
0.329
0.324
0.319
0.314
0.308
0.303
0.298
0.293
0.288
0.283
0.278
0.273
0.268
0.263
0.258
0.253
0.248
0.243
0.239
0.234
0.229
0.224
0.219
0.214
0.21
0.205
0.2
0.195
0.19
0.186
0.181
0.176
0.172
0.167
0.163
0.16
0.157
0.153
0.15
0.147
0.144
0.141
0.137
0.134
0.131
0.128
0.125
0.122
0.119
0.115
0.112
0.109
0.106
0.103
0.1
0.1
0.1
0.1
0.1
0.1
0.1
0.1
0.1
0.1
0.1
0.1
0.1
0.1
0.1
0.1
0.1
0.1
0.1
0.1
0.1
0.1
0.1
0.1
0.1
0.1
0.1
0.1
0.1
0.1
0.1
0.1
0.1
0.1
0.1
0.1
0.1
0.1
0.1
0.1
0.1
0.1
0.1
0.1
0.1
0.1
0.1
0.1
0.1
0.1
0.1
0.1
0.1
0.1
0.1
0.1
0.1
0.1
0.1
0.1
0.1
0.1
0.1
0.1
0.1
0.1
0.1
0.1
0.1
0.1
0.1
0.1
0.1
0.1
0.1
0.1
0.1
0.1
0.1
0.1
0.1
0.1
0.1
0.1
0.1
0.1
0.1
0.1
0.1
0.1
0.1
0.1
0.1
0.1
0.1
0.1
0.1
0.1
0.1
0.1
0.1
0.1
0.1
0.1
0.1
0.1
0.1
0.1
0.1
0.1
0.1
0.1
0.1
0.1
0.1
0.1
0.1
0.1
0.1
0.1
0.1
0.1
0.1
0.1
0.1
0.1
0.1
0.1
0.1
0.1
0.1
0.1
0.1
0.1
0.1
0.1
0.1
0.1
0.1
0.1
0.1
0.1
0.1
0.1
0.1
0.1
0.1
0.1
0.1
0.1
0.1
0.1
0.1
0.1
0.1
0.1
0.1
0.1
0.1
0.1
0.1
0.1
0.1
0.1
0.1
0.1
0.1
0.1
0.1
0.1
0.1
0.1
0.1
0.1
0.1
0.1
0.1
0.1
0.1
0.1
0.1
0.1
0.1
0.1
0.1
0.1
0.1
0.1
0.1
0.1
0.1
0.1
0.1
0.1
0.1
0.1
0.1
0.1
0.1
0.1
0.1
0.1
0.1
0.1
0.1
0.1
0.1
0.1
0.1
0.1
0.1
0.1
0.1
0.1
0.1
0.1
0.1
0.1
0.1
0.1
0.1
0.1
0.1
0.1
0.1
0.1
0.1
0.1
0.1
0.1
0.1
0.1
0.1
0.1
0.1
0.1
0.1
0.1
0.1
0.1
0.1
0.1
0.1
0.1
0.1
0.1
0.1
0.1
0.1
0.1
0.1
0.1
0.1
0.1
0.1
0.1
0.1
0.1
0.1
0.1
0.1
0.1
0.1
0.1
0.1
0.1
0.1
0.1
0.1
0.1
0.1
0.1
0.1
0.1
0.1
0.1
0.1
0.1
0.1
0.1
0.1
0.1
0.1
0.1
0.1
0.1
0.1
0.1
0.1
0.1
0.1
0.1
0.1
0.1
0.1
0.1
0.1
0.1
0.1
0.1
0.1
0.1
0.1
0.1
0.1
0.1
0.1
0.1
0.1
0.1
0.1
0.1
0.1
0.1
0.1
0.1
0.1
0.1
0.1
0.1
0.1
0.1
0.1
0.1
0.1
0.1
0.1
0.1
0.1
0.1
0.1
0.1
0.1
0.1
0.1
0.1
0.1
0.1
0.1
0.1
0.1
0.1
0.1
0.1
0.1
0.1
0.1
0.1
0.1
0.1
0.1
0.1
0.1
0.1
0.1
0.1
0.1
0.1
0.1
0.1
0.1
0.1
0.1
0.1
0.1
0.1
0.1
0.1
0.1
0.1
0.1
0.1
0.1
0.1
0.1
0.1
0.1
0.1
0.1
0.1
0.1
0.1
0.1
0.1
0.1
0.1
0.1
0.1
0.1
0.1
0.1
0.1
0.1
0.1
0.1
0.1
0.1
0.1
0.1
0.1
0.1
0.1
0.1
0.1
0.1
0.1
0.1
0.1
0.1
0.1
0.1
0.1
0.1
0.1
0.1
0.1
0.1
0.1
0.1
0.1
0.1
0.1
0.1
0.1
0.1
0.1
0.1
0.1
0.1
0.1
0.1
0.1
0.1
0.1
0.1
0.1
0.1
0.1
0.1
0.1
0.1
0.1
0.1
0.1
0.1
0.1
0.1
0.1
0.1
0.293
0.318
0.341
0.361
0.378
0.392
0.405
0.415
0.423
0.43
0.434
0.438
0.439
0.44
0.439
0.438
0.436
0.433
0.429
0.426
0.422
0.407
0.392
0.377
0.362
0.349
0.336
0.323
0.312
0.302
0.293
0.305
0.317
0.331
0.347
0.363
0.38
0.398
0.418
0.437
0.458
0.479
0.501
0.523
0.545
0.567
0.59
0.612
0.635
0.657
0.679
0.691
0.703
0.714
0.725
0.735
0.746
0.756
0.765
0.775
0.784
0.792
0.801
0.809
0.817
0.825
0.832
0.839
0.846
0.853
0.859
0.865
0.871
0.876
0.882
0.887
0.892
0.896
0.901
0.905
0.909
0.912
0.916
0.919
0.922
0.925
0.928
0.93
0.933
0.935
0.937
0.938
0.94
0.941
0.942
0.943
0.944
0.945
0.946
0.946
0.946
0.946
0.946
0.946
0.946
0.945
0.945
0.944
0.943
0.942
0.941
0.94
0.938
0.937
0.936
0.934
0.932
0.93
0.929
0.927
0.925
0.922
0.92
0.918
0.916
0.913
0.911
0.908
0.906
0.903
0.901
0.898
0.895
0.892
0.89
0.887
0.884
0.881
0.878
0.875
0.873
0.863
0.853
0.843
0.833
0.824
0.814
0.804
0.794
0.785
0.775
0.765
0.756
0.746
0.736
0.727
0.717
0.708
0.698
0.689
0.679
0.672
0.665
0.658
0.651
0.644
0.637
0.631
0.624
0.617
0.61
0.604
0.597
0.59
0.584
0.577
0.571
0.564
0.558
0.551
0.545
0.539
0.532
0.526
0.52
0.513
0.507
0.501
0.495
0.489
0.483
0.477
0.471
0.465
0.459
0.453
0.447
0.441
0.436
0.43
0.424
0.418
0.413
0.407
0.401
0.396
0.39
0.384
0.379
0.373
0.368
0.362
0.357
0.351
0.346
0.341
0.335
0.33
0.325
0.319
0.314
0.309
0.304
0.298
0.293
0.288
0.283
0.278
0.273
0.268
0.263
0.257
0.252
0.247
0.242
0.237
0.232
0.227
0.223
0.218
0.213
0.208
0.203
0.198
0.193
0.188
0.184
0.179
0.174
0.169
0.164
0.161
0.158
0.154
0.151
0.148
0.145
0.141
0.138
0.135
0.132
0.129
0.125
0.122
0.119
0.116
0.113
0.109
0.106
0.103
0.1
0.1
0.1
0.1
0.1
0.1
0.1
0.1
0.1
0.1
0.1
0.1
0.1
0.1
0.1
0.1
0.1
0.1
0.1
0.1
0.1
0.1
0.1
0.1
0.1
0.1
0.1
0.1
0.1
0.1
0.1
0.1
0.1
0.1
0.1
0.1
0.1
0.1
0.1
0.1
0.1
0.1
0.1
0.1
0.1
0.1
0.1
0.1
0.1
0.1
0.1
0.1
0.1
0.1
0.1
0.1
0.1
0.1
0.1
0.1
0.1
0.1
0.1
0.1
0.1
0.1
0.1
0.1
0.1
0.1
0.1
0.1
0.1
0.1
0.1
0.1
0.1
0.1
0.1
0.1
0.1
0.1
0.1
0.1
0.1
0.1
0.1
0.1
0.1
0.1
0.1
0.1
0.1
0.1
0.1
0.1
0.1
0.1
0.1
0.1
0.1
0.1
0.1
0.1
0.1
0.1
0.1
0.1
0.1
0.1
0.1
0.1
0.1
0.1
0.1
0.1
0.1
0.1
0.1
0.1
0.1
0.1
0.1
0.1
0.1
0.1
0.1
0.1
0.1
0.1
0.1
0.1
0.1
0.1
0.1
0.1
0.1
0.1
0.1
0.1
0.1
0.1
0.1
0.1
0.1
0.1
0.1
0.1
0.1
0.1
0.1
0.1
0.1
0.1
0.1
0.1
0.1
0.1
0.1
0.1
0.1
0.1
0.1
0.1
0.1
0.1
0.1
0.1
0.1
0.1
0.1
0.1
0.1
0.1
0.1
0.1
0.1
0.1
0.1
0.1
0.1
0.1
0.1
0.1
0.1
0.1
0.1
0.1
0.1
0.1
0.1
0.1
0.1
0.1
0.1
0.1
0.1
0.1
0.1
0.1
0.1
0.1
0.1
0.1
0.1
0.1
0.1
0.1
0.1
0.1
0.1
0.1
0.1
0.1
0.1
0.1
0.1
0.1
0.1
0.1
0.1
0.1
0.1
0.1
0.1
0.1
0.1
0.1
0.1
0.1
0.1
0.1
0.1
0.1
0.1
0.1
0.1
0.1
0.1
0.1
0.1
0.1
0.1
0.1
0.1
0.1
0.1
0.1
0.1
0.1
0.1
0.1
0.1
0.1
0.1
0.1
0.1
0.1
0.1
0.1
0.1
0.1
0.1
0.1
0.1
0.1
0.1
0.1
0.1
0.1
0.1
0.293
0.314
0.334
0.351
0.366
0.38
0.392
0.402
0.411
0.419
0.425
0.43
0.434
0.437
0.439
0.44
0.44
0.44
0.438
0.437
0.435
0.432
0.429
0.426
0.423
0.412
0.4
0.387
0.375
0.363
0.352
0.341
0.33
0.321
0.311
0.303
0.296
0.299
0.309
0.32
0.332
0.344
0.358
0.372
0.386
0.402
0.417
0.434
0.451
0.468
0.485
0.503
0.521
0.54
0.558
0.577
0.596
0.614
0.633
0.651
0.67
0.684
0.694
0.703
0.713
0.722
0.731
0.739
0.748
0.756
0.764
0.772
0.779
0.787
0.794
0.801
0.808
0.814
0.821
0.827
0.833
0.839
0.845
0.85
0.855
0.861
0.866
0.87
0.875
0.879
0.884
0.888
0.892
0.896
0.899
0.903
0.906
0.91
0.913
0.916
0.918
0.921
0.923
0.926
0.928
0.93
0.932
0.934
0.936
0.937
0.939
0.94
0.941
0.942
0.943
0.944
0.945
0.945
0.946
0.946
0.946
0.947
0.947
0.947
0.947
0.946
0.946
0.946
0.945
0.945
0.944
0.943
0.943
0.942
0.941
0.94
0.939
0.937
0.936
0.935
0.933
0.932
0.931
0.929
0.927
0.926
0.924
0.922
0.92
0.918
0.917
0.915
0.913
0.911
0.909
0.906
0.904
0.902
0.9
0.898
0.895
0.893
0.891
0.889
0.886
0.884
0.882
0.879
0.877
0.874
0.87
0.861
0.853
0.845
0.837
0.829
0.821
0.813
0.805
0.797
0.789
0.781
0.773
0.765
0.757
0.749
0.741
0.733
0.725
0.717
0.709
0.702
0.694
0.686
0.679
0.673
0.667
0.661
0.655
0.65
0.644
0.638
0.632
0.627
0.621
0.616
0.61
0.605
0.599
0.594
0.588
0.583
0.577
0.572
0.566
0.561
0.556
0.55
0.545
0.54
0.535
0.53
0.524
0.519
0.514
0.509
0.504
0.499
0.494
0.489
0.484
0.479
0.474
0.469
0.464
0.459
0.454
0.449
0.444
0.44
0.435
0.43
0.425
0.421
0.416
0.411
0.406
0.402
0.397
0.392
0.388
0.383
0.379
0.374
0.37
0.365
0.361
0.356
0.352
0.347
0.343
0.338
0.334
0.329
0.325
0.321
0.316
0.312
0.308
0.303
0.299
0.295
0.29
0.286
0.282
0.278
0.273
0.269
0.265
0.261
0.257
0.252
0.248
0.244
0.24
0.236
0.232
0.228
0.224
0.22
0.216
0.211
0.207
0.203
0.199
0.195
0.191
0.187
0.183
0.179
0.175
0.171
0.167
0.164
0.161
0.158
0.156
0.153
0.15
0.148
0.145
0.142
0.139
0.137
0.134
0.132
0.129
0.126
0.124
0.121
0.118
0.116
0.113
0.11
0.108
0.105
0.103
0.1
0.1
0.1
0.1
0.1
0.1
0.1
0.1
0.1
0.1
0.1
0.1
0.1
0.1
0.1
0.1
0.1
0.1
0.1
0.1
0.1
0.1
0.1
0.1
0.1
0.1
0.1
0.1
0.1
0.1
0.1
0.1
0.1
0.1
0.1
0.1
0.1
0.1
0.1
0.1
0.1
0.1
0.1
0.1
0.1
0.1
0.1
0.1
0.1
0.1
0.1
0.1
0.1
0.1
0.1
0.1
0.1
0.1
0.1
0.1
0.1
0.1
0.1
0.1
0.1
0.1
0.1
0.1
0.1
0.1
0.1
0.1
0.1
0.1
0.1
0.1
0.1
0.1
0.1
0.1
0.1
0.1
0.1
0.1
0.1
0.1
0.1
0.1
0.1
0.1
0.1
0.1
0.1
0.1
0.1
0.1
0.1
0.1
0.1
0.1
0.1
0.1
0.1
0.1
0.1
0.1
0.1
0.1
0.1
0.1
0.1
0.1
0.1
0.1
0.1
0.1
0.1
0.1
0.1
0.1
0.1
0.1
0.1
0.1
0.1
0.1
0.1
0.1
0.1
0.1
0.1
0.1
0.1
0.1
0.1
0.1
0.1
0.1
0.1
0.1
0.1
0.1
0.1
0.1
0.1
0.1
0.1
0.1
0.1
0.1
0.1
0.1
0.1
0.1
0.1
0.1
0.1
0.1
0.1
0.1
0.1
0.1
0.1
0.1
0.1
0.1
0.1
0.1
0.1
0.1
0.1
0.1
0.1
0.1
0.1
0.1
0.1
0.1
0.1
0.1
0.1
0.1
0.1
0.1
0.1
0.1
0.1
0.1
0.1
0.1
0.1
0.1
0.1
0.1
0.1
0.1
0.1
0.1
0.1
0.1
0.1
0.1
0.1
0.1
0.1
0.1
0.1
0.1
0.1
0.1
0.1
0.1
0.1
0.1
0.1
0.1
0.1
0.1
0.1
0.1
0.1
0.1
0.1
0.1
0.1
0.1
0.1
0.1
0.1
0.1
0.1
0.1
0.1
0.1
0.1
0.1
0.1
0.1
0.1
0.1
0.1
0.1
0.1
0.1
0.1
0.1
0.1
0.1
0.1
0.1
0.1
0.1
0.1
0.1
0.1
0.1
0.1
0.1
0.1
0.1
0.1
0.1
0.1
0.1
0.1
0.1
0.1
0.1
0.1
0.1
0.1
0.1
0.1
0.1
0.1
0.1
0.1
0.1
0.1
0.1
0.1
0.1
0.1
0.1
0.1
0.1
0.1
0.1
0.1
0.1
0.1
0.1
0.1
0.1
0.1
0.1
0.1
0.1
0.1
0.1
0.1
0.1
0.1
0.1
0.1
0.1
0.1
0.1
0.1
0.1
0.1
0.1
0.1
0.1
0.1
0.1
0.1
0.1
0.1
0.1
0.1
0.1
0.1
0.1
0.1
0.1
0.1
0.1
0.1
0.1
0.1
0.1
0.1
0.1
0.1
0.1
0.1
0.1
0.1
0.1
0.1
0.1
0.1
0.1
0.1
0.1
0.1
0.1
0.1
0.1
0.1
0.1
0.1
0.1
0.1
0.1
0.1
0.1
0.1
0.1
0.1
0.1
0.1
0.1
0.1
0.1
0.1
0.1
0.1
0.1
0.1
0.1
0.1
0.1
0.1
0.1
0.1
0.1
0.1
0.1
0.1
0.1
0.1
0.1
0.1
0.1
0.1
0.1
0.1
0.1
0.1
0.1
0.1
0.1
0.1
0.1
0.1
0.1
0.1
0.1
0.1
0.1
0.1
0.1
0.1
0.1
0.1
0.1
0.1
0.1
0.1
0.1
0.1
0.1
0.1
0.1
0.1
0.1
0.1
0.1
0.1
0.1
0.1
0.1
0.1
0.1
0.1
0.1
0.1
0.1
0.1
0.1
0.1
0.1
0.1
0.1
0.294
0.406
0.44
0.431
0.364
0.294
0.381
0.502
0.637
0.727
0.786
0.835
0.873
0.903
0.925
0.939
0.947
0.949
0.946
0.939
0.928
0.914
0.898
0.881
0.836
0.778
0.72
0.667
0.626
0.586
0.547
0.509
0.472
0.437
0.402
0.369
0.336
0.304
0.273
0.243
0.213
0.184
0.158
0.138
0.119
0.1
0.1
0.1
0.1
0.1
0.1
0.1
0.1
0.1
0.1
0.1
0.1
0.1
0.1
0.1
0.1
0.1
0.1
0.1
0.1
0.1
0.1
0.1
0.1
0.1
0.1
0.1
0.1
0.1
0.1
0.1
0.1
0.1
0.1
0.1
0.1
0.1
0.1
0.1
0.1
0.1
0.1
0.1
0.1
0.1
0.1
0.1
0.1
0.1
0.1
0.1
0.1
0.1
0.1
0.1
0.1
0.1
0.1
0.1
0.1
0.1
0.1
0.1
0.1
0.1
0.1
0.1
0.1
0.1
0.1
0.1
0.1
0.1
0.1
0.1
0.1
0.1
0.1
0.1
0.1
0.1
0.1
0.1
0.1
0.1
0.1
0.1
0.1
0.1
0.1
0.1
0.1
0.1
0.1
0.1
0.1
0.1
0.1
0.1
0.1
0.1
0.1
0.1
0.1
0.1
0.1
0.1
0.1
0.1
0.1
0.1
0.1
0.1
0.1
0.1
0.1
0.1
0.1
0.1
0.1
0.1
0.1
0.1
0.1
0.1
0.1
0.1
0.1
0.1
0.1
0.1
0.1
0.1
0.1
0.1
0.1
0.1
0.1
0.1
0.1
0.1
0.1
0.1
0.1
0.1
0.1
0.1
0.1
0.1
0.1
0.1
0.1
0.1
0.1
0.1
0.1
0.1
0.1
0.1
0.1
0.1
0.1
0.1
0.1
0.1
0.1
0.1
0.1
0.1
0.1
0.1
0.1
0.1
0.1
0.1
0.1
0.1
0.1
0.1
0.1
0.1
0.1
0.1
0.1
0.1
0.1
0.1
0.1
0.1
0.1
0.1
0.1
0.1
0.1
0.1
0.1
0.1
0.1
0.1
0.1
0.1
0.1
0.1
0.1
0.1
0.1
0.1
0.1
0.1
0.1
0.1
0.1
0.1
0.1
0.1
0.1
0.1
0.1
0.1
0.1
0.1
0.1
0.1
0.1
0.1
0.1
0.1
0.1
0.1
0.1
0.1
0.1
0.1
0.1
0.1
0.1
0.1
0.1
0.1
0.1
0.1
0.1
0.1
0.1
0.1
0.1
0.1
0.1
0.1
0.1
0.1
0.1
0.1
0.1
0.1
0.1
0.1
0.1
0.1
0.1
0.1
0.1
0.1
0.1
0.1
0.1
0.1
0.1
0.1
0.1
0.1
0.1
0.1
0.1
0.1
0.1
0.1
0.1
0.1
0.1
0.1
0.1
0.1
0.1
0.1
0.1
0.1
0.1
0.1
0.1
0.1
0.1
0.1
0.1
0.1
0.1
0.1
0.1
0.1
0.1
0.1
0.1
0.1
0.1
0.1
0.1
0.1
0.1
0.1
0.1
0.1
0.1
0.1
0.1
0.1
0.1
0.1
0.1
0.1
0.1
0.1
0.1
0.1
0.1
0.1
0.1
0.1
0.1
0.1
0.1
0.1
0.1
0.1
0.1
0.1
0.1
0.1
0.1
0.1
0.1
0.1
0.1
0.1
0.1
0.1
0.1
0.1
0.1
0.1
0.1
0.1
0.1
0.1
0.1
0.1
0.1
0.1
0.1
0.1
0.1
0.1
0.1
0.1
0.1
0.1
0.1
0.1
0.1
0.1
0.1
0.1
0.1
0.1
0.1
0.1
0.1
0.1
0.1
0.1
0.1
0.1
0.1
0.1
0.1
0.1
0.1
0.1
0.1
0.1
0.1
0.1
0.1
0.1
0.1
0.1
0.1
0.1
0.1
0.1
0.1
0.1
0.1
0.1
0.1
0.1
0.1
0.1
0.1
0.1
0.1
0.1
0.1
0.1
0.1
0.1
0.1
0.1
0.1
0.1
0.1
0.1
0.1
0.1
0.1
0.1
0.1
0.1
0.1
0.1
0.1
0.1
0.1
0.1
0.1
0.1
0.1
0.1
0.1
0.1
0.1
0.1
0.1
0.1
0.1
0.1
0.1
0.1
0.1
0.1
0.1
0.1
0.1
0.1
0.1
0.1
0.1
0.1
0.1
0.1
0.1
0.1
0.1
0.1
0.1
0.1
0.1
0.1
0.1
0.1
0.1
0.1
0.1
0.1
0.1
0.1
0.1
0.1
0.1
0.1
0.1
0.1
0.1
0.1
0.1
0.1
0.1
0.1
0.1
0.1
0.1
0.1
0.1
0.1
0.1
0.1
0.1
0.1
0.1
0.1
0.1
0.1
0.1
0.1
0.1
0.1
0.1
0.1
0.1
0.1
0.1
0.1
0.1
0.1
0.1
0.1
0.1
0.1
0.1
0.1
0.1
0.1
0.1
0.1
0.1
0.1
0.1
0.1
0.1
0.1
0.1
0.1
0.1
0.1
0.1
0.1
0.1
0.1
0.1
0.1
0.1
0.1
0.1
0.1
0.1
0.1
0.1
0.1
0.1
0.1
0.1
0.1
0.1
0.1
0.1
0.1
0.1
0.1
0.1
0.1
0.1
0.1
0.1
0.1
0.1
0.1
0.1
0.1
0.1
0.1
0.1
0.1
0.1
0.1
0.1
0.1
0.1
0.1
0.1
0.1
0.1
0.1
0.1
0.1
0.1
0.1
0.1
0.1
0.1
0.1
0.1
0.1
0.1
0.1
0.1
0.1
0.1
0.1
0.1
0.1
0.1
0.1
0.1
0.1
0.1
0.1
0.1
0.1
0.1
0.1
0.1
0.1
0.1
0.1
0.1
0.1
0.1
0.1
0.1
0.1
0.1
0.1
0.1
0.1
0.1
0.1
0.1
0.1
0.1
0.1
0.1
0.1
0.1
0.1
0.1
0.1
0.1
0.1
0.1
0.1
0.1
0.1
0.1
0.1
0.1
0.1
0.1
0.1
0.1
0.1
0.1
0.1
0.1
0.1
0.1
0.1
0.1
0.1
0.1
0.1
0.1
0.1
0.1
0.1
0.1
0.1
0.1
0.1
0.1
0.1
0.1
0.1
0.1
0.1
0.1
0.1
0.1
0.1
0.1
0.1
0.1
0.295
0.415
0.442
0.421
0.325
0.345
0.472
0.622
0.73
0.795
0.848
0.888
0.918
0.938
0.949
0.952
0.949
0.94
0.928
0.911
0.893
0.862
0.795
0.73
0.67
0.623
0.578
0.534
0.492
0.452
0.412
0.374
0.337
0.302
0.267
0.232
0.199
0.166
0.143
0.122
0.1
0.1
0.1
0.1
0.1
0.1
0.1
0.1
0.1
0.1
0.1
0.1
0.1
0.1
0.1
0.1
0.1
0.1
0.1
0.1
0.1
0.1
0.1
0.1
0.1
0.1
0.1
0.1
0.1
0.1
0.1
0.1
0.1
0.1
0.1
0.1
0.1
0.1
0.1
0.1
0.1
0.1
0.1
0.1
0.1
0.1
0.1
0.1
0.1
0.1
0.1
0.1
0.1
0.1
0.1
0.1
0.1
0.1
0.1
0.1
0.1
0.1
0.1
0.1
0.1
0.1
0.1
0.1
0.1
0.1
0.1
0.1
0.1
0.1
0.1
0.1
0.1
0.1
0.1
0.1
0.1
0.1
0.1
0.1
0.1
0.1
0.1
0.1
0.1
0.1
0.1
0.1
0.1
0.1
0.1
0.1
0.1
0.1
0.1
0.1
0.1
0.1
0.1
0.1
0.1
0.1
0.1
0.1
0.1
0.1
0.1
0.1
0.1
0.1
0.1
0.1
0.1
0.1
0.1
0.1
0.1
0.1
0.1
0.1
0.1
0.1
0.1
0.1
0.1
0.1
0.1
0.1
0.1
0.1
0.1
0.1
0.1
0.1
0.1
0.1
0.1
0.1
0.1
0.1
0.1
0.1
0.1
0.1
0.1
0.1
0.1
0.1
0.1
0.1
0.1
0.1
0.1
0.1
0.1
0.1
0.1
0.1
0.1
0.1
0.1
0.1
0.1
0.1
0.1
0.1
0.1
0.1
0.1
0.1
0.1
0.1
0.1
0.1
0.1
0.1
0.1
0.1
0.1
0.1
0.1
0.1
0.1
0.1
0.1
0.1
0.1
0.1
0.1
0.1
0.1
0.1
0.1
0.1
0.1
0.1
0.1
0.1
0.1
0.1
0.1
0.1
0.1
0.1
0.1
0.1
0.1
0.1
0.1
0.1
0.1
0.1
0.1
0.1
0.1
0.1
0.1
0.1
0.1
0.1
0.1
0.1
0.1
0.1
0.1
0.1
0.1
0.1
0.1
0.1
0.1
0.1
0.1
0.1
0.1
0.1
0.1
0.1
0.1
0.1
0.1
0.1
0.1
0.1
0.1
0.1
0.1
0.1
0.1
0.1
0.1
0.1
0.1
0.1
0.1
0.1
0.1
0.1
0.1
0.1
0.1
0.1
0.1
0.1
0.1
0.1
0.293
0.319
0.341
0.361
0.378
0.393
0.405
0.415
0.424
0.43
0.435
0.438
0.44
0.44
0.44
0.438
0.436
0.433
0.429
0.426
0.421
0.406
0.391
0.376
0.361
0.348
0.334
0.322
0.311
0.301
0.294
0.306
0.319
0.333
0.349
0.365
0.383
0.401
0.421
0.441
0.461
0.483
0.504
0.526
0.549
0.571
0.594
0.617
0.639
0.662
0.682
0.694
0.705
0.717
0.727
0.738
0.748
0.758
0.768
0.777
0.786
0.795
0.803
0.812
0.819
0.827
0.834
0.841
0.848
0.855
0.861
0.867
0.873
0.878
0.884
0.889
0.893
0.898
0.902
0.906
0.91
0.914
0.917
0.921
0.924
0.927
0.929
0.932
0.934
0.936
0.938
0.939
0.941
0.942
0.943
0.944
0.945
0.946
0.946
0.947
0.947
0.947
0.947
0.946
0.946
0.946
0.945
0.944
0.943
0.942
0.941
0.94
0.938
0.937
0.935
0.934
0.932
0.93
0.928
0.926
0.924
0.922
0.92
0.918
0.915
0.913
0.91
0.908
0.905
0.903
0.9
0.897
0.894
0.892
0.889
0.886
0.883
0.88
0.877
0.875
0.868
0.858
0.848
0.839
0.829
0.819
0.809
0.799
0.79
0.78
0.77
0.76
0.751
0.741
0.731
0.722
0.712
0.703
0.693
0.684
0.676
0.669
0.661
0.654
0.647
0.641
0.634
0.627
0.62
0.613
0.606
0.6
0.593
0.586
0.58
0.573
0.567
0.56
0.554
0.547
0.541
0.535
0.528
0.522
0.516
0.51
0.503
0.497
0.491
0.485
0.479
0.473
0.467
0.461
0.455
0.449
0.443
0.437
0.432
0.426
0.42
0.414
0.409
0.403
0.397
0.392
0.386
0.38
0.375
0.369
0.364
0.358
0.353
0.347
0.342
0.337
0.331
0.326
0.321
0.315
0.31
0.305
0.3
0.294
0.289
0.284
0.279
0.274
0.269
0.263
0.258
0.253
0.248
0.243
0.238
0.233
0.228
0.223
0.218
0.213
0.208
0.204
0.199
0.194
0.189
0.184
0.179
0.174
0.17
0.165
0.161
0.158
0.155
0.151
0.148
0.145
0.142
0.138
0.135
0.132
0.129
0.125
0.122
0.119
0.116
0.113
0.11
0.106
0.103
0.1
