0.0
-0.07
-0.133
-0.189
-0.238
-0.281
-0.317
-0.346
-0.37
-0.388
-0.401
-0.408
-0.41
-0.408
-0.4
-0.389
-0.373
-0.354
-0.33
-0.304
-0.274
-0.241
-0.206
-0.167
-0.127
-0.085
-0.04
0.005
0.052
0.101
0.15
0.2
0.25
0.301
0.351
0.401
0.451
0.5
0.548
0.595
0.64
0.684
0.726
0.766
0.804
0.839
0.871
0.9
0.926
0.948
0.967
0.982
0.992
0.998
1.0
0.997
0.989
0.977
0.961
0.941
0.918
0.892
0.862
0.831
0.797
0.761
0.724
0.685
0.645
0.604
0.563
0.522
0.48
0.439
0.399
0.36
0.322
0.286
0.251
0.218
0.187
0.158
0.131
0.105
0.081
0.058
0.037
0.018
0.0
-0.016
-0.031
-0.044
-0.056
-0.067
-0.076
-0.084
-0.09
-0.096
-0.1
-0.103
-0.104
-0.105
-0.104
-0.103
-0.1
-0.097
-0.092
-0.086
-0.08
-0.073
-0.064
-0.055
-0.045
-0.035
-0.024
-0.012
0.001
0.014
0.028
0.043
0.058
0.074
0.09
0.106
0.123
0.14
0.158
0.176
0.194
0.213
0.231
0.25
0.27
0.289
0.308
0.328
0.347
0.367
0.386
0.406
0.425
0.444
0.463
0.482
0.501
0.519
0.538
0.556
0.573
0.59
0.607
0.624
0.64
0.656
0.672
0.687
0.702
0.717
0.731
0.745
0.759
0.772
0.786
0.798
0.811
0.823
0.835
0.847
0.858
0.869
0.879
0.89
0.9
0.91
0.919
0.928
0.937
0.946
0.954
0.962
0.97
0.977
0.984
0.991
0.998
1.004
1.01
1.016
1.022
1.027
1.032
1.036
1.041
1.045
1.049
1.052
1.056
1.059
1.061
1.064
1.066
1.068
1.07
1.071
1.073
1.074
1.074
1.075
1.075
1.075
1.075
1.074
1.073
1.072
1.071
1.07
1.068
1.066
1.064
1.061
1.058
1.056
1.052
1.049
1.045
1.042
1.037
1.033
1.029
1.024
1.019
1.014
1.008
1.003
0.997
0.991
0.985
0.978
0.971
0.965
0.957
0.95
0.943
0.935
0.927
0.919
0.91
0.902
0.893
0.884
0.875
0.866
0.856
0.847
0.837
0.827
0.816
0.806
0.795
0.785
0.774
0.762
0.751
0.74
0.728
0.716
0.704
0.692
0.679
0.667
0.654
0.641
0.628
0.615
0.602
0.588
0.575
0.562
0.548
0.535
0.522
0.508
0.495
0.482
0.469
0.456
0.444
0.431
0.419
0.407
0.395
0.383
0.372
0.361
0.35
0.34
0.33
0.32
0.311
0.302
0.294
0.286
0.278
0.271
0.265
0.259
0.253
0.248
0.243
0.239
0.235
0.232
0.229
0.226
0.224
0.222
0.22
0.219
0.219
0.219
0.219
0.219
0.22
0.221
0.223
0.225
0.227
0.229
0.232
0.235
0.239
0.242
0.247
0.251
0.256
0.261
0.266
0.271
0.277
0.283
0.289
0.296
0.302
0.309
0.316
0.324
0.331
0.339
0.347
0.356
0.364
0.373
0.381
0.39
0.399
0.409
0.418
0.428
0.437
0.447
0.457
0.467
0.477
0.488
0.498
0.509
0.519
0.53
0.541
0.552
0.563
0.574
0.585
0.596
0.607
0.618
0.629
0.641
0.652
0.663
0.674
0.686
0.697
0.708
0.72
0.731
0.742
0.753
0.764
0.775
0.787
0.798
0.809
0.819
0.83
0.841
0.852
0.862
0.873
0.883
0.893
0.903
0.913
0.923
0.933
0.942
0.952
0.961
0.97
0.979
0.988
0.997
1.005
1.013
1.021
1.029
1.037
1.044
1.051
1.058
1.065
1.072
1.078
1.084
1.09
1.095
1.1
1.105
1.11
1.114
1.119
1.122
1.126
1.129
1.132
1.135
1.137
1.139
1.14
1.142
1.142
1.143
1.143
1.143
1.142
1.141
1.14
1.138
1.136
1.133
1.13
1.127
1.123
1.119
1.114
1.109
1.104
1.098
1.091
1.084
1.077
1.069
1.061
1.052
1.042
1.033
1.022
1.011
1.0
0.988
0.976
0.963
0.951
0.938
0.925
0.913
0.901
0.89
0.879
0.869
0.86
0.852
0.846
0.84
0.836
0.834
0.833
0.834
0.837
0.842
0.848
0.855
0.863
0.873
0.884
0.895
0.907
0.92
0.933
0.946
0.959
0.973
0.987
1.0
1.013
1.026
1.038
1.05
1.062
1.074
1.085
1.096
1.106
1.116
1.126
1.136
1.146
1.155
1.164
1.172
1.18
1.188
1.196
1.204
1.211
1.218
1.224
1.231
1.237
1.243
1.248
1.254
1.259
1.264
1.269
1.273
1.277
1.281
1.285
1.288
1.292
1.295
1.298
1.3
1.303
1.305
1.307
1.309
1.31
1.312
1.313
1.314
1.315
1.315
1.316
1.316
1.316
1.316
1.316
1.315
1.315
1.314
1.313
1.312
1.311
1.309
1.308
1.306
1.304
1.302
1.3
1.298
1.295
1.293
1.29
1.287
1.284
1.281
1.278
1.275
1.271
1.268
1.264
1.261
1.257
1.253
1.249
1.245
1.241
1.236
1.232
1.227
1.223
1.218
1.213
1.209
1.204
1.199
1.194
1.189
1.184
1.179
1.173
1.168
1.163
1.158
1.152
1.147
1.141
1.136
1.13
1.125
1.119
1.113
1.108
1.102
1.097
1.091
1.085
1.079
1.074
1.068
1.062
1.057
1.051
1.045
1.04
1.034
1.028
1.023
1.017
1.012
1.006
1.001
0.995
0.99
0.984
0.979
0.974
0.968
0.963
0.958
0.953
0.948
0.943
0.938
0.933
0.928
0.924
0.919
0.914
0.91
0.906
0.901
0.897
0.893
0.889
0.885
0.881
0.877
0.873
0.87
0.866
0.862
0.857
0.853
0.848
0.844
0.839
0.833
0.828
0.822
0.815
0.809
0.802
0.795
0.787
0.78
0.772
0.764
0.755
0.747
0.738
0.729
0.72
0.71
0.701
0.691
0.682
0.672
0.662
0.652
0.642
0.631
0.621
0.611
0.6
0.59
0.579
0.569
0.558
0.548
0.538
0.527
0.517
0.507
0.496
0.486
0.476
0.466
0.456
0.447
0.437
0.428
0.418
0.409
0.4
0.391
0.383
0.375
0.366
0.359
0.351
0.344
0.336
0.33
0.323
0.317
0.311
0.305
0.3
0.295
0.29
0.286
0.282
0.279
0.276
0.273
0.271
0.269
0.268
0.267
0.267
0.267
0.267
0.268
0.27
0.272
0.275
0.278
0.281
0.286
0.291
0.296
0.302
0.308
0.315
0.323
0.331
0.339
0.348
0.357
0.367
0.377
0.387
0.398
0.409
0.421
0.432
0.444
0.456
0.469
0.482
0.495
0.508
0.521
0.534
0.548
0.561
0.575
0.589
0.603
0.617
0.631
0.645
0.659
0.673
0.687
0.701
0.714
0.728
0.742
0.755
0.768
0.782
0.794
0.807
0.82
0.832
0.844
0.856
0.867
0.879
0.889
0.9
0.91
0.92
0.929
0.938
0.947
0.955
0.962
0.97
0.976
0.982
0.988
0.993
0.997
1.001
1.005
1.007
1.009
1.011
1.011
1.011
1.01
1.009
1.007
1.004
1.0
0.995
0.99
0.984
0.978
0.971
0.963
0.955
0.947
0.939
0.931
0.922
0.914
0.906
0.898
0.89
0.882
0.875
0.869
0.863
0.857
0.852
0.848
0.845
0.842
0.84
0.838
0.837
0.836
0.835
0.835
0.835
0.836
0.836
0.837
0.838
0.839
0.84
0.841
0.842
0.843
0.844
0.844
0.845
0.845
0.845
0.845
0.844
0.843
0.841
0.839
0.837
0.833
0.83
0.825
0.82
0.815
0.809
0.802
0.795
0.788
0.78
0.772
0.763
0.754
0.744
0.735
0.725
0.714
0.704
0.693
0.682
0.671
0.659
0.647
0.636
0.624
0.612
0.599
0.587
0.575
0.562
0.55
0.537
0.525
0.512
0.499
0.487
0.474
0.462
0.45
0.437
0.425
0.413
0.401
0.39
0.378
0.367
0.355
0.344
0.334
0.323
0.313
0.303
0.293
0.284
0.275
0.266
0.258
0.25
0.242
0.235
0.229
0.222
0.217
0.211
0.206
0.202
0.198
0.195
0.192
0.19
0.188
0.187
0.187
0.187
0.188
0.19
0.192
0.195
0.198
0.203
0.208
0.214
0.22
0.228
0.236
0.245
0.255
0.266
0.277
0.29
0.303
0.317
0.333
0.349
0.366
0.384
0.403
0.423
0.444
0.467
0.49
0.514
0.539
0.564
0.59
0.617
0.645
0.672
0.7
0.729
0.757
0.786
0.814
0.843
0.871
0.899
0.927
0.955
0.982
1.008
1.034
1.06
1.084
1.108
1.13
1.152
1.173
1.192
1.21
1.227
1.243
1.257
1.269
1.28
1.289
1.297
1.302
1.306
1.308
1.307
1.304
1.299
1.292
1.282
1.27
1.255
1.238
1.218
1.195
1.169
1.14
1.108
1.073
1.035
0.993
0.948
0.9
0.848
0.794
0.739
0.682
0.627
0.572
0.521
0.472
0.429
0.39
0.358
0.334
0.318
0.311
0.315
0.331
0.359
0.4
0.455
0.522
0.596
0.676
0.758
0.838
0.915
0.984
1.043
1.088
1.116
1.125
1.111
1.071
1.002
0.9
0.767
0.616
0.466
0.335
0.24
0.2
0.226
0.3
0.4
0.5
0.583
0.647
0.7
0.744
0.782
0.814
0.839
0.86
0.876
0.887
0.895
0.9
0.902
0.902
0.9
0.897
0.893
0.888
0.882
0.875
0.868
0.86
0.851
0.842
0.833
0.823
0.814
0.804
0.794
0.784
0.775
0.766
0.757
0.748
0.74
0.733
0.726
0.721
0.716
0.712
0.709
0.707
0.707
0.708
0.71
0.714
0.72
0.727
0.735
0.745
0.756
0.768
0.781
0.795
0.81
0.826
0.842
0.859
0.876
0.894
0.912
0.931
0.949
0.967
0.986
1.004
1.022
1.039
1.056
1.073
1.089
1.104
1.118
1.132
1.144
1.155
1.165
1.174
1.181
1.187
1.191
1.194
1.195
1.194
1.191
1.186
1.178
1.169
1.157
1.143
1.126
1.107
1.085
1.06
1.032
1.002
0.968
0.931
0.891
0.847
0.8
0.75
0.697
0.643
0.588
0.535
0.484
0.436
0.392
0.354
0.323
0.299
0.284
0.279
0.286
0.304
0.333
0.371
0.416
0.467
0.523
0.581
0.641
0.7
0.756
0.809
0.857
0.898
0.933
0.961
0.984
1.001
1.013
1.02
1.023
1.021
1.016
1.008
0.997
0.983
0.967
0.949
0.929
0.909
0.887
0.865
0.843
0.821
0.8
0.78
0.76
0.742
0.725
0.708
0.692
0.678
0.664
0.651
0.638
0.627
0.616
0.606
0.597
0.589
0.581
0.574
0.568
0.563
0.558
0.553
0.55
0.547
0.544
0.543
0.541
0.54
0.54
0.54
0.541
0.542
0.544
0.546
0.549
0.552
0.555
0.559
0.563
0.567
0.572
0.577
0.582
0.588
0.593
0.599
0.606
0.612
0.619
0.626
0.633
0.64
0.647
0.654
0.662
0.669
0.677
0.684
0.692
0.699
0.707
0.714
0.722
0.729
0.736
0.744
0.751
0.758
0.764
0.771
0.778
0.784
0.79
0.796
0.802
0.807
0.812
0.817
0.822
0.826
0.83
0.834
0.837
0.84
0.842
0.845
0.846
0.848
0.849
0.849
0.849
0.849
0.848
0.846
0.844
0.842
0.838
0.835
0.831
0.826
0.82
0.814
0.807
0.8
0.792
0.783
0.774
0.765
0.755
0.745
0.735
0.725
0.715
0.705
0.695
0.686
0.677
0.668
0.661
0.654
0.647
0.642
0.638
0.634
0.632
0.631
0.632
0.634
0.637
0.643
0.649
0.658
0.669
0.681
0.696
0.713
0.732
0.754
0.778
0.804
0.833
0.865
0.899
0.934
0.97
1.005
1.039
1.072
1.102
1.129
1.152
1.17
1.183
1.19
1.189
1.181
1.165
1.139
1.104
1.058
1.0
0.931
0.853
0.768
0.681
0.593
0.508
0.428
0.358
0.299
0.255
0.228
0.222
0.239
0.274
0.323
0.382
0.444
0.507
0.568
0.624
0.674
0.717
0.749
0.77
0.778
0.771
0.749
0.715
0.67
0.614
0.55
0.477
0.399
0.315
0.227
0.137
0.045
-0.046
-0.137
-0.224
-0.309
-0.388
-0.46
-0.526
-0.582
-0.628
-0.663
-0.685
-0.693
-0.686
-0.663
-0.621
-0.561
-0.481
-0.379
-0.254
-0.105
0.07
0.271
0.5
0.75
0.989
1.211
1.414
1.601
1.771
1.924
2.063
2.186
2.294
2.388
2.469
2.537
2.592
2.634
2.666
2.686
2.696
2.695
2.685
2.666
2.639
2.603
2.56
2.51
2.453
2.39
2.322
2.248
2.17
2.088
2.003
1.915
1.824
1.731
1.636
1.541
1.445
1.349
1.254
1.159
1.066
0.976
0.887
0.802
0.721
0.643
0.57
0.502
0.439
0.383
0.333
0.291
0.255
0.226
0.203
0.188
0.179
0.176
0.18
0.189
0.205
0.227
0.255
0.288
0.327
0.371
0.421
0.476
0.536
0.602
0.672
0.747
0.827
0.911
1.0
1.093
1.187
1.28
1.368
1.448
1.519
1.576
1.616
1.638
1.637
1.611
1.557
1.471
1.352
1.196
1.0
0.765
0.508
0.25
0.008
-0.214
-0.418
-0.603
-0.771
-0.922
-1.056
-1.174
-1.277
-1.364
-1.438
-1.497
-1.544
-1.577
-1.599
-1.609
-1.608
-1.596
-1.575
-1.544
-1.504
-1.456
-1.4
-1.337
-1.267
-1.192
-1.11
-1.024
-0.934
-0.839
-0.741
-0.641
-0.538
-0.433
-0.328
-0.222
-0.115
-0.01
0.095
0.198
0.298
0.396
0.491
0.582
0.668
0.75
0.826
0.897
0.962
1.023
1.078
1.129
1.174
1.216
1.252
1.285
1.313
1.337
1.356
1.372
1.385
1.393
1.399
1.4
1.399
1.395
1.387
1.377
1.363
1.348
1.329
1.309
1.286
1.261
1.234
1.205
1.175
1.142
1.109
1.074
1.037
1.0
0.962
0.922
0.883
0.842
0.802
0.761
0.72
0.68
0.64
0.6
0.561
0.523
0.486
0.449
0.413
0.378
0.343
0.31
0.277
0.244
0.213
0.182
0.152
0.123
0.094
0.066
0.039
0.013
-0.012
-0.037
-0.061
-0.084
-0.107
-0.129
-0.15
-0.17
-0.189
-0.208
-0.226
-0.243
-0.259
-0.275
-0.29
-0.304
-0.317
-0.33
-0.341
-0.352
-0.362
-0.372
-0.38
-0.388
-0.395
-0.401
-0.407
-0.411
-0.415
-0.418
-0.421
-0.422
-0.423
-0.422
-0.421
-0.42
-0.417
-0.414
-0.409
-0.404
-0.399
-0.392
-0.385
-0.376
-0.367
-0.357
-0.346
-0.335
-0.323
-0.309
-0.295
-0.28
-0.265
-0.248
-0.231
-0.213
-0.194
-0.174
-0.153
-0.131
-0.109
-0.086
-0.062
-0.037
-0.011
0.016
0.043
0.072
0.101
0.131
0.162
0.193
0.226
0.26
0.294
0.329
0.365
0.402
0.44
0.479
0.518
0.559
0.6
0.642
0.684
0.727
0.768
0.808
0.846
0.881
0.913
0.942
0.966
0.986
1.0
1.008
1.011
1.008
1.001
0.989
0.972
0.952
0.928
0.9
0.87
0.837
0.801
0.764
0.725
0.685
0.644
0.602
0.56
0.518
0.477
0.436
0.396
0.357
0.32
0.286
0.253
0.223
0.195
0.17
0.147
0.126
0.108
0.091
0.077
0.066
0.056
0.049
0.044
0.041
0.041
0.042
0.046
0.052
0.06
0.07
0.083
0.097
0.113
0.132
0.153
0.175
0.2
0.227
0.255
0.286
0.319
0.353
0.39
0.429
0.469
0.511
0.554
0.598
0.642
0.687
0.731
0.774
0.816
0.857
0.896
0.933
0.968
1.002
1.034
1.063
1.092
1.118
1.143
1.167
1.189
1.209
1.228
1.245
1.261
1.275
1.288
1.3
1.31
1.319
1.327
1.334
1.339
1.343
1.346
1.348
1.349
1.348
1.347
1.345
1.342
1.337
1.332
1.326
1.319
1.312
1.303
1.294
1.284
1.274
1.262
1.25
1.238
1.225
1.211
1.197
1.182
1.167
1.152
1.136
1.12
1.103
1.086
1.069
1.052
1.034
1.016
0.998
0.98
0.962
0.944
0.925
0.907
0.889
0.871
0.853
0.837
0.822
0.809
0.799
0.792
0.788
0.789
0.794
0.804
0.82
0.841
0.87
0.905
0.949
1.0
1.06
1.126
1.198
1.274
1.353
1.432
1.51
1.586
1.658
1.725
1.785
1.836
1.876
1.905
1.921
1.922
1.906
1.872
1.819
1.745
1.647
1.526
1.379
1.204
1.0
0.778
0.6
0.538
0.667
1.0
1.36
1.7
2.019
2.319
2.599
2.861
3.104
3.329
3.537
3.727
3.901
4.058
4.199
4.325
4.436
4.531
4.613
4.68
4.735
4.776
4.804
4.82
4.824
4.817
4.799
4.77
4.731
4.682
4.624
4.557
4.482
4.398
4.306
4.208
4.102
3.99
3.872
3.748
3.619
3.485
3.346
3.204
3.058
2.909
2.757
2.603
2.446
2.289
2.13
1.97
1.81
1.65
1.491
1.333
1.176
1.021
0.868
0.717
0.57
0.426
0.286
0.15
0.018
-0.11
-0.233
-0.353
-0.468
-0.58
-0.688
-0.791
-0.891
-0.987
-1.08
-1.168
-1.253
-1.335
-1.413
-1.487
-1.558
-1.625
-1.69
-1.75
-1.808
-1.862
-1.913
-1.961
-2.006
-2.048
-2.086
-2.122
-2.155
-2.185
-2.212
-2.236
-2.258
-2.277
-2.293
-2.307
-2.318
-2.327
-2.333
-2.336
-2.338
-2.337
-2.333
-2.328
-2.32
-2.31
-2.298
-2.284
-2.268
-2.25
-2.23
-2.208
-2.185
-2.159
-2.132
-2.103
-2.073
-2.04
-2.007
-1.971
-1.935
-1.897
-1.857
-1.816
-1.774
-1.731
-1.686
-1.641
-1.594
-1.546
-1.497
-1.447
-1.396
-1.345
-1.292
-1.239
-1.185
-1.13
-1.075
-1.019
-0.963
-0.905
-0.848
-0.79
-0.732
-0.673
-0.614
-0.555
-0.496
-0.436
-0.376
-0.317
-0.257
-0.197
-0.138
-0.078
-0.019
0.04
0.099
0.158
0.216
0.274
0.331
0.388
0.444
0.5
0.555
0.609
0.662
0.712
0.761
0.806
0.848
0.887
0.922
0.952
0.977
0.997
1.011
1.018
1.02
1.014
1.0
0.979
0.95
0.915
0.874
0.828
0.778
0.724
0.667
0.609
0.548
0.487
0.426
0.366
0.307
0.25
0.196
0.145
0.097
0.051
0.008
-0.032
-0.07
-0.105
-0.137
-0.167
-0.195
-0.22
-0.243
-0.264
-0.282
-0.299
-0.313
-0.325
-0.336
-0.344
-0.35
-0.355
-0.357
-0.358
-0.357
-0.355
-0.351
-0.345
-0.338
-0.33
-0.32
-0.308
-0.295
-0.281
-0.266
-0.25
-0.232
-0.214
-0.194
-0.174
-0.152
-0.13
-0.107
-0.083
-0.058
-0.033
-0.007
0.019
0.046
0.074
0.102
0.13
0.159
0.188
0.217
0.246
0.275
0.305
0.335
0.364
0.393
0.423
0.452
0.481
0.509
0.538
0.566
0.593
0.62
0.647
0.673
0.698
0.723
0.747
0.77
0.793
0.814
0.835
0.854
0.873
0.891
0.907
0.923
0.937
0.949
0.961
0.971
0.98
0.987
0.993
0.997
1.0
1.001
1.0
0.998
0.995
0.99
0.983
0.976
0.967
0.957
0.945
0.933
0.92
0.906
0.891
0.875
0.858
0.841
0.823
0.805
0.786
0.767
0.747
0.727
0.706
0.686
0.665
0.644
0.624
0.603
0.582
0.562
0.541
0.521
0.502
0.483
0.464
0.446
0.428
0.411
0.395
0.379
0.365
0.351
0.338
0.326
0.316
0.306
0.298
0.29
0.285
0.28
0.277
0.276
0.276
0.277
0.281
0.286
0.293
0.301
0.311
0.323
0.336
0.351
0.366
0.383
0.401
0.42
0.44
0.461
0.482
0.504
0.526
0.549
0.572
0.596
0.619
0.643
0.666
0.69
0.713
0.736
0.759
0.781
0.803
0.824
0.844
0.864
0.883
0.902
0.919
0.935
0.951
0.965
0.978
0.99
1.0
1.009
1.016
1.023
1.028
1.031
1.033
1.035
1.035
1.033
1.031
1.028
1.023
1.018
1.011
1.004
0.995
0.986
0.976
0.965
0.954
0.941
0.928
0.914
0.9
0.885
0.869
0.853
0.836
0.819
0.802
0.784
0.765
0.747
0.728
0.708
0.689
0.669
0.649
0.629
0.609
0.589
0.569
0.549
0.529
0.509
0.489
0.469
0.449
0.43
0.411
0.392
0.373
0.355
0.337
0.319
0.302
0.286
0.27
0.254
0.239
0.224
0.21
0.197
0.184
0.171
0.159
0.147
0.136
0.125
0.115
0.105
0.095
0.086
0.077
0.069
0.061
0.054
0.047
0.04
0.034
0.028
0.022
0.017
0.013
0.008
0.004
0.0
-0.003
-0.006
-0.009
-0.011
-0.014
-0.015
-0.017
-0.018
-0.019
-0.02
-0.02
-0.02
-0.02
-0.019
-0.019
-0.018
-0.017
-0.015
-0.014
-0.012
-0.01
-0.007
-0.005
-0.002
0.001
0.004
0.007
0.011
0.015
0.018
0.022
0.027
0.031
0.035
0.04
0.045
0.05
0.054
0.06
0.065
0.07
0.075
0.081
0.087
0.092
0.098
0.104
0.11
0.116
0.122
0.128
0.134
0.14
0.146
0.152
0.158
0.164
0.171
0.177
0.183
0.189
0.195
0.201
0.208
0.214
0.22
0.226
0.232
0.237
0.243
0.249
0.255
0.26
0.266
0.271
0.276
0.282
0.287
0.292
0.296
0.301
0.306
0.31
0.314
0.319
0.323
0.326
0.33
0.334
0.337
0.34
0.343
0.346
0.348
0.35
0.352
0.354
0.356
0.357
0.358
0.359
0.36
0.36
0.361
0.361
0.36
0.359
0.358
0.357
0.356
0.354
0.352
0.349
0.346
0.343
0.34
0.336
0.332
0.327
0.323
0.317
0.312
0.306
0.3
0.293
0.286
0.278
0.27
0.262
0.254
0.246
0.238
0.23
0.222
0.214
0.206
0.199
0.193
0.187
0.181
0.177
0.173
0.17
0.168
0.167
0.168
0.169
0.172
0.176
0.182
0.189
0.197
0.208
0.22
0.234
0.25
0.268
0.288
0.309
0.332
0.357
0.383
0.41
0.438
0.467
0.496
0.526
0.557
0.588
0.619
0.65
0.68
0.711
0.741
0.77
0.799
0.827
0.853
0.879
0.903
0.926
0.947
0.967
0.984
1.0
1.013
1.025
1.034
1.041
1.046
1.05
1.052
1.052
1.05
1.047
1.042
1.036
1.028
1.019
1.009
0.998
0.985
0.972
0.958
0.942
0.926
0.909
0.892
0.874
0.855
0.836
0.816
0.796
0.776
0.755
0.734
0.714
0.693
0.672
0.651
0.631
0.611
0.591
0.571
0.552
0.534
0.516
0.499
0.482
0.466
0.451
0.437
0.424
0.413
0.402
0.392
0.384
0.377
0.372
0.367
0.365
0.364
0.365
0.367
0.372
0.378
0.386
0.396
0.408
0.423
0.439
0.458
0.479
0.503
0.529
0.558
0.589
0.623
0.66
0.699
0.742
0.787
0.836
0.887
0.942
1.0
1.061
1.126
1.193
1.263
1.335
1.409
1.486
1.565
1.645
1.726
1.809
1.892
1.977
2.062
2.147
2.233
2.318
2.403
2.488
2.572
2.655
2.737
2.817
2.896
2.974
3.049
3.122
3.193
3.261
3.327
3.389
3.448
3.504
3.556
3.604
3.648
3.688
3.724
3.755
3.78
3.801
3.816
3.826
3.83
3.829
3.821
3.806
3.785
3.757
3.723
3.681
3.631
3.574
3.509
3.436
3.355
3.265
3.167
3.059
2.943
2.817
2.682
2.537
2.382
2.216
2.041
1.855
1.658
1.45
1.231
1.0
0.76
0.518
0.286
0.071
-0.124
-0.3
-0.458
-0.599
-0.723
-0.831
-0.923
-1.0
-1.063
-1.112
-1.148
-1.171
-1.182
-1.182
-1.171
-1.15
-1.119
-1.079
-1.031
-0.975
-0.912
-0.842
-0.767
-0.686
-0.6
-0.51
-0.417
-0.32
-0.221
-0.121
-0.019
0.083
0.185
0.286
0.386
0.484
0.58
0.673
0.762
0.846
0.926
1.0
1.068
1.13
1.187
1.238
1.283
1.324
1.359
1.389
1.414
1.435
1.452
1.464
1.473
1.477
1.478
1.475
1.469
1.46
1.448
1.433
1.415
1.395
1.372
1.347
1.321
1.292
1.262
1.231
1.198
1.164
1.13
1.094
1.058
1.022
0.985
0.948
0.911
0.875
0.839
0.804
0.769
0.734
0.7
0.666
0.633
0.601
0.568
0.537
0.506
0.475
0.445
0.415
0.386
0.357
0.328
0.301
0.273
0.247
0.22
0.195
0.169
0.145
0.12
0.097
0.073
0.051
0.028
0.007
-0.014
-0.035
-0.055
-0.075
-0.094
-0.112
-0.13
-0.148
-0.164
-0.181
-0.197
-0.212
-0.227
-0.241
-0.254
-0.267
-0.28
-0.292
-0.303
-0.314
-0.324
-0.334
-0.343
-0.352
-0.36
-0.367
-0.374
-0.38
-0.386
-0.391
-0.395
-0.399
-0.402
-0.405
-0.407
-0.409
-0.41
-0.41
-0.41
-0.409
-0.407
-0.405
-0.403
-0.399
-0.395
-0.391
-0.386
-0.38
-0.374
-0.367
-0.359
-0.351
-0.342
-0.332
-0.322
-0.311
-0.3
-0.288
-0.275
-0.262
-0.247
-0.233
-0.217
-0.201
-0.185
-0.168
-0.15
-0.131
-0.112
-0.092
-0.071
-0.05
-0.028
-0.005
0.018
0.042
0.067
0.092
0.118
0.145
0.172
0.2
0.229
0.259
0.289
0.32
0.351
0.384
0.417
0.45
0.485
0.52
0.556
0.592
0.629
0.666
0.702
0.737
0.772
0.804
0.835
0.863
0.889
0.911
0.931
0.947
0.961
0.972
0.98
0.986
0.989
0.99
0.989
0.985
0.979
0.972
0.962
0.951
0.938
0.924
0.908
0.891
0.872
0.853
0.832
0.81
0.788
0.764
0.74
0.716
0.691
0.665
0.639
0.613
0.587
0.561
0.535
0.51
0.484
0.459
0.435
0.411
0.388
0.365
0.344
0.323
0.304
0.286
0.269
0.253
0.239
0.226
0.214
0.204
0.195
0.187
0.181
0.176
0.172
0.17
0.169
0.17
0.172
0.175
0.18
0.186
0.193
0.202
0.213
0.224
0.237
0.252
0.268
0.286
0.305
0.325
0.347
0.369
0.393
0.418
0.444
0.47
0.497
0.525
0.553
0.581
0.61
0.639
0.667
0.696
0.725
0.753
0.782
0.809
0.836
0.863
0.889
0.914
0.938
0.961
0.982
1.003
1.022
1.04
1.056
1.071
1.084
1.095
1.104
1.111
1.116
1.118
1.119
1.117
1.112
1.105
1.095
1.082
1.066
1.047
1.025
1.0
0.972
0.94
0.907
0.872
0.837
0.8
0.765
0.73
0.696
0.665
0.637
0.611
0.59
0.573
0.562
0.556
0.556
0.562
0.572
0.587
0.606
0.627
0.651
0.676
0.702
0.728
0.754
0.778
0.8
0.82
0.839
0.856
0.871
0.884
0.896
0.907
0.916
0.923
0.929
0.935
0.938
0.941
0.943
0.944
0.944
0.943
0.942
0.939
0.936
0.933
0.929
0.925
0.92
0.915
0.91
0.905
0.9
0.895
0.889
0.884
0.88
0.875
0.871
0.867
0.863
0.86
0.857
0.854
0.852
0.85
0.848
0.846
0.844
0.843
0.841
0.84
0.839
0.838
0.837
0.836
0.835
0.834
0.833
0.832
0.831
0.83
0.829
0.827
0.826
0.825
0.823
0.821
0.819
0.817
0.815
0.812
0.809
0.806
0.803
0.799
0.795
0.79
0.786
0.781
0.775
0.769
0.763
0.756
0.749
0.741
0.732
0.724
0.714
0.704
0.694
0.683
0.672
0.66
0.647
0.634
0.621
0.608
0.594
0.579
0.565
0.55
0.535
0.519
0.504
0.488
0.472
0.455
0.439
0.423
0.406
0.389
0.372
0.356
0.339
0.322
0.305
0.288
0.272
0.255
0.238
0.222
0.206
0.19
0.174
0.158
0.143
0.128
0.113
0.098
0.084
0.07
0.056
0.043
0.031
0.018
0.006
-0.005
-0.016
-0.026
-0.036
-0.046
-0.054
-0.062
-0.07
-0.077
-0.083
-0.088
-0.093
-0.097
-0.101
-0.103
-0.105
-0.106
-0.106
-0.105
-0.104
-0.101
-0.098
-0.093
-0.088
-0.081
-0.074
-0.066
-0.056
-0.046
-0.034
-0.021
-0.008
0.007
0.024
0.041
0.06
0.08
0.101
0.123
0.147
0.172
0.198
0.226
0.255
0.286
0.318
0.351
0.385
0.42
0.455
0.49
0.525
0.56
0.594
0.627
0.659
0.689
0.718
0.745
0.769
0.791
0.811
0.827
0.84
0.85
0.855
0.857
0.855
0.848
0.837
0.823
0.805
0.784
0.76
0.733
0.703
0.671
0.637
0.6
0.562
0.522
0.481
0.438
0.395
0.35
0.306
0.26
0.215
0.169
0.124
0.079
0.035
-0.008
-0.05
-0.091
-0.13
-0.168
-0.204
-0.238
-0.269
-0.298
-0.324
-0.347
-0.367
-0.384
-0.397
-0.406
-0.412
-0.413
-0.41
-0.402
-0.389
-0.372
-0.349
-0.321
-0.287
-0.247
-0.202
-0.15
-0.091
-0.026
0.046
0.125
0.21
0.296
0.375
0.442
0.499
0.547
0.588
0.625
0.66
0.693
0.725
0.754
0.782
0.809
0.834
0.857
0.879
0.899
0.918
0.935
0.951
0.966
0.979
0.991
1.002
1.012
1.02
1.028
1.034
1.04
1.044
1.047
1.05
1.051
1.052
1.052
1.051
1.049
1.047
1.044
1.04
1.036
1.031
1.025
1.02
1.013
1.007
1.0
0.992
0.984
0.976
0.968
0.96
0.951
0.943
0.934
0.925
0.917
0.908
0.899
0.891
0.882
0.874
0.866
0.859
0.851
0.844
0.837
0.831
0.825
0.82
0.815
0.811
0.807
0.804
0.802
0.8
0.799
0.799
0.799
0.8
0.802
0.805
0.808
0.811
0.815
0.82
0.825
0.831
0.837
0.844
0.851
0.858
0.866
0.874
0.882
0.891
0.9
0.909
0.919
0.928
0.938
0.948
0.958
0.968
0.978
0.989
0.999
1.009
1.02
1.03
1.04
1.05
1.06
1.07
1.08
1.089
1.099
1.108
1.117
1.125
1.134
1.142
1.149
1.156
1.163
1.17
1.176
1.181
1.186
1.191
1.195
1.198
1.201
1.203
1.205
1.205
1.206
1.205
1.204
1.202
1.199
1.196
1.191
1.186
1.18
1.173
1.165
1.156
1.147
1.136
1.124
1.111
1.097
1.082
1.066
1.049
1.031
1.011
0.99
0.968
0.945
0.92
0.895
0.867
0.839
0.809
0.778
0.745
0.711
0.676
0.64
0.603
0.565
0.527
0.488
0.449
0.409
0.369
0.33
0.29
0.251
0.212
0.174
0.136
0.1
0.064
0.029
-0.005
-0.037
-0.068
-0.097
-0.124
-0.15
-0.174
-0.195
-0.214
-0.231
-0.246
-0.258
-0.267
-0.273
-0.276
-0.276
-0.273
-0.266
-0.256
-0.242
-0.224
-0.202
-0.177
-0.147
-0.112
-0.074
-0.03
0.018
0.071
0.128
0.191
0.26
0.333
0.412
0.494
0.578
0.661
0.741
0.816
0.885
0.945
0.993
1.029
1.049
1.053
1.037
1.0
0.941
0.865
0.78
0.69
0.604
0.527
0.466
0.429
0.418
0.432
0.466
0.515
0.575
0.639
0.705
0.766
0.818
0.857
0.879
0.883
0.873
0.85
0.816
0.772
0.72
0.662
0.6
0.535
0.469
0.405
0.343
0.286
0.234
0.189
0.15
0.116
0.088
0.065
0.047
0.034
0.026
0.022
0.022
0.026
0.034
0.046
0.06
0.078
0.1
0.123
0.15
0.178
0.209
0.242
0.276
0.312
0.349
0.387
0.426
0.466
0.506
0.547
0.587
0.628
0.668
0.707
0.746
0.783
0.819
0.854
0.888
0.919
0.948
0.975
1.0
1.022
1.041
1.058
1.073
1.085
1.095
1.103
1.109
1.113
1.116
1.116
1.115
1.113
1.109
1.104
1.097
1.09
1.081
1.072
1.062
1.051
1.039
1.027
1.015
1.002
0.989
0.976
0.963
0.95
0.937
0.924
0.912
0.9
0.889
0.878
0.868
0.858
0.849
0.841
0.833
0.825
0.818
0.811
0.805
0.8
0.794
0.789
0.785
0.781
0.777
0.774
0.771
0.769
0.766
0.765
0.763
0.762
0.761
0.76
0.76
0.76
0.76
0.76
0.761
0.762
0.763
0.764
0.765
0.767
0.769
0.771
0.773
0.775
0.777
0.78
0.782
0.785
0.787
0.79
0.793
0.796
0.799
0.801
0.804
0.807
0.81
0.813
0.816
0.818
0.821
0.824
0.826
0.829
0.831
0.833
0.835
0.837
0.839
0.841
0.843
0.844
0.846
0.848
0.849
0.851
0.852
0.854
0.855
0.857
0.859
0.86
0.862
0.864
0.866
0.868
0.871
0.873
0.876
0.878
0.881
0.885
0.888
0.892
0.895
0.899
0.904
0.908
0.913
0.919
0.924
0.93
0.936
0.943
0.95
0.957
0.965
0.973
0.982
0.991
1.0
1.01
1.02
1.031
1.042
1.053
1.064
1.076
1.087
1.099
1.11
1.122
1.133
1.144
1.155
1.165
1.175
1.185
1.194
1.202
1.21
1.218
1.224
1.23
1.235
1.239
1.242
1.244
1.245
1.245
1.243
1.241
1.237
1.231
1.225
1.217
1.207
1.196
1.183
1.169
1.152
1.134
1.114
1.092
1.069
1.043
1.015
0.985
0.952
0.918
0.881
0.842
0.8
0.756
0.71
0.664
0.618
0.574
0.531
0.492
0.457
0.426
0.402
0.384
0.374
0.373
0.381
0.4
0.43
0.47
0.518
0.572
0.631
0.694
0.758
0.823
0.886
0.945
1.0
1.049
1.091
1.127
1.158
1.184
1.205
1.22
1.232
1.24
1.243
1.244
1.241
1.235
1.227
1.216
1.203
1.189
1.174
1.157
1.14
1.122
1.104
1.086
1.069
1.052
1.037
1.023
1.01
1.0
0.992
0.986
0.981
0.978
0.977
0.976
0.976
0.977
0.978
0.979
0.98
0.981
0.98
0.979
0.977
0.973
0.967
0.96
0.951
0.938
0.924
0.906
0.885
0.861
0.833
0.802
0.767
0.728
0.688
0.645
0.601
0.556
0.509
0.463
0.417
0.372
0.328
0.285
0.245
0.208
0.173
0.142
0.115
0.092
0.074
0.062
0.055
0.055
0.061
0.075
0.096
0.126
0.164
0.211
0.268
0.335
0.412
0.5
0.6
0.71
0.82
0.921
1.0
1.05
1.071
1.068
1.044
1.002
0.946
0.879
0.806
0.73
0.654
0.583
0.519
0.466
0.429
0.408
0.405
0.416
0.44
0.475
0.518
0.569
0.624
0.683
0.742
0.801
0.857
0.909
0.956
0.999
1.038
1.072
1.103
1.13
1.153
1.173
1.189
1.202
1.212
1.219
1.224
1.226
1.225
1.222
1.217
1.21
1.2
1.19
1.177
1.163
1.148
1.132
1.115
1.096
1.077
1.058
1.038
1.018
0.998
0.977
0.957
0.937
0.918
0.899
0.881
0.864
0.848
0.833
0.82
0.808
0.797
0.787
0.778
0.771
0.764
0.759
0.754
0.751
0.748
0.746
0.745
0.745
0.745
0.747
0.748
0.751
0.754
0.757
0.761
0.765
0.77
0.774
0.78
0.785
0.791
0.796
0.802
0.808
0.814
0.819
0.825
0.831
0.836
0.841
0.846
0.851
0.855
0.859
0.862
0.865
0.867
0.869
0.87
0.871
0.871
0.87
0.868
0.865
0.862
0.857
0.852
0.845
0.839
0.831
0.823
0.815
0.807
0.799
0.791
0.783
0.776
0.77
0.764
0.759
0.755
0.753
0.752
0.752
0.754
0.758
0.764
0.772
0.782
0.795
0.81
0.828
0.849
0.872
0.899
0.929
0.963
1.0
1.041
1.085
1.133
1.183
1.237
1.293
1.351
1.412
1.474
1.538
1.604
1.671
1.738
1.807
1.876
1.945
2.015
2.084
2.153
2.222
2.289
2.356
2.421
2.485
2.547
2.607
2.665
2.72
2.773
2.823
2.87
2.913
2.953
2.99
3.022
3.05
3.073
3.092
3.106
3.115
3.119
3.116
3.108
3.094
3.074
3.047
3.014
2.973
2.926
2.87
2.808
2.737
2.658
2.571
2.476
2.372
2.258
2.136
2.004
1.862
1.71
1.548
1.376
1.194
1.0
0.797
0.594
0.4
0.225
0.069
-0.069
-0.188
-0.29
-0.376
-0.446
-0.501
-0.542
-0.569
-0.584
-0.587
-0.579
-0.561
-0.533
-0.495
-0.45
-0.398
-0.339
-0.274
-0.203
-0.129
-0.051
0.03
0.113
0.198
0.283
0.368
0.452
0.534
0.614
0.691
0.763
0.831
0.894
0.95
1.0
1.042
1.077
1.105
1.126
1.141
1.151
1.156
1.155
1.151
1.142
1.13
1.115
1.097
1.076
1.054
1.03
1.005
0.98
0.954
0.929
0.904
0.88
0.857
0.836
0.817
0.8
0.785
0.771
0.758
0.747
0.738
0.73
0.724
0.719
0.715
0.713
0.712
0.712
0.713
0.716
0.719
0.723
0.729
0.735
0.742
0.75
0.759
0.768
0.779
0.789
0.801
0.813
0.826
0.839
0.852
0.866
0.88
0.894
0.909
0.924
0.939
0.954
0.97
0.985
1.0
1.015
1.03
1.044
1.058
1.071
1.083
1.094
1.104
1.112
1.119
1.123
1.126
1.126
1.124
1.119
1.112
1.102
1.088
1.072
1.051
1.028
1.0
0.969
0.934
0.896
0.856
0.814
0.771
0.728
0.684
0.642
0.6
0.56
0.522
0.485
0.45
0.417
0.386
0.356
0.327
0.301
0.276
0.252
0.23
0.209
0.19
0.172
0.156
0.141
0.128
0.116
0.105
0.096
0.087
0.081
0.075
0.071
0.068
0.066
0.065
0.066
0.067
0.07
0.074
0.079
0.085
0.091
0.099
0.108
0.118
0.129
0.141
0.154
0.167
0.182
0.197
0.213
0.23
0.248
0.266
0.286
0.306
0.326
0.347
0.369
0.392
0.414
0.438
0.461
0.485
0.51
0.534
0.559
0.584
0.609
0.634
0.66
0.685
0.71
0.735
0.76
0.785
0.809
0.833
0.857
0.881
0.904
0.926
0.948
0.969
0.989
1.008
1.026
1.042
1.058
1.072
1.085
1.096
1.105
1.112
1.118
1.122
1.123
1.122
1.119
1.114
1.106
1.095
1.082
1.066
1.047
1.025
1.0
0.972
0.94
0.907
0.87
0.832
0.791
0.749
0.706
0.661
0.616
0.569
0.523
0.477
0.43
0.385
0.34
0.296
0.253
0.212
0.172
0.135
0.099
0.067
0.037
0.01
-0.013
-0.033
-0.048
-0.06
-0.067
-0.07
-0.067
-0.06
-0.047
-0.028
-0.003
0.028
0.065
0.11
0.161
0.219
0.286
0.359
0.44
0.525
0.613
0.704
0.795
0.885
0.972
1.056
1.135
1.206
1.27
1.324
1.366
1.396
1.412
1.413
1.396
1.361
1.306
1.229
1.13
1.007
0.857
0.684
0.5
0.322
0.167
0.048
-0.034
-0.084
-0.104
-0.098
-0.069
-0.021
0.043
0.12
0.205
0.297
0.391
0.484
0.573
0.654
0.724
0.779
0.817
0.833
0.826
0.798
0.753
0.695
0.627
0.553
0.477
0.403
0.335
0.276
0.229
0.2
0.19
0.199
0.223
0.262
0.312
0.371
0.438
0.509
0.583
0.657
0.73
0.798
0.86
0.914
0.956
0.986
1.0
0.998
0.983
0.961
0.935
0.912
0.896
0.892
0.904
0.939
1.0
1.092
1.212
1.36
1.532
1.725
1.938
2.168
2.412
2.669
2.935
3.208
3.485
3.765
4.045
4.321
4.593
4.857
5.111
5.352
5.579
5.788
5.977
6.143
6.285
6.4
6.484
6.537
6.555
6.536
6.477
6.377
6.232
6.04
5.798
5.505
5.158
4.754
4.29
3.765
3.176
2.521
1.796
1.0
0.167
-0.561
-1.153
-1.617
-1.962
-2.195
-2.324
-2.357
-2.303
-2.168
-1.962
-1.691
-1.365
-0.99
-0.574
-0.127
0.345
0.833
1.33
1.828
2.318
2.793
3.244
3.665
4.046
4.38
4.659
4.876
5.021
5.088
5.068
4.953
4.736
4.408
3.962
3.389
2.682
1.833
0.833
