4.0
4.016
4.032
4.049
4.065
4.082
4.099
4.116
4.133
4.15
4.168
4.185
4.203
4.221
4.239
4.257
4.275
4.293
4.312
4.33
4.349
4.368
4.387
4.406
4.425
4.445
4.464
4.484
4.504
4.523
4.543
4.564
4.584
4.604
4.625
4.645
4.666
4.687
4.708
4.729
4.75
4.771
4.793
4.814
4.836
4.858
4.88
4.902
4.924
4.946
4.968
4.991
5.013
5.036
5.059
5.081
5.104
5.128
5.151
5.174
5.197
5.221
5.244
5.268
5.292
5.316
5.34
5.364
5.388
5.412
5.437
5.461
5.486
5.51
5.535
5.56
5.585
5.61
5.635
5.66
5.685
5.711
5.736
5.762
5.787
5.813
5.839
5.865
5.891
5.917
5.943
5.969
5.996
6.022
6.048
6.075
6.102
6.128
6.155
6.182
6.209
6.236
6.263
6.29
6.317
6.344
6.372
6.399
6.427
6.454
6.482
6.51
6.537
6.565
6.593
6.621
6.649
6.677
6.705
6.734
6.762
6.79
6.819
6.847
6.876
6.904
6.933
6.962
6.99
7.019
7.048
7.077
7.106
7.135
7.164
7.193
7.222
7.252
7.281
7.31
7.34
7.369
7.398
7.428
7.458
7.487
7.517
7.546
7.576
7.606
7.636
7.666
7.696
7.725
7.755
7.785
7.815
7.846
7.876
7.906
7.936
7.966
7.996
8.027
8.057
8.087
8.118
8.148
8.179
8.209
8.24
8.27
8.301
8.331
8.362
8.392
8.423
8.454
8.484
8.515
8.546
8.577
8.607
8.638
8.669
8.7
8.731
8.761
8.792
8.823
8.854
8.885
8.916
8.947
8.978
9.009
9.04
9.071
9.102
9.132
9.163
9.194
9.225
9.256
9.287
9.318
9.35
9.381
9.412
9.443
9.474
9.505
9.536
9.567
9.598
9.629
9.66
9.691
9.722
9.753
9.784
9.815
9.845
9.876
9.907
9.938
9.969
10.0
10.031
10.062
10.093
10.124
10.154
10.185
10.216
10.247
10.278
10.308
10.339
10.37
10.401
10.431
10.462
10.493
10.523
10.554
10.584
10.615
10.645
10.676
10.706
10.737
10.767
10.797
10.828
10.858
10.888
10.918
10.949
10.979
11.009
11.039
11.069
11.099
11.129
11.159
11.189
11.219
11.249
11.279
11.308
11.338
11.368
11.397
11.427
11.456
11.486
11.515
11.545
11.574
11.603
11.633
11.662
11.691
11.72
11.749
11.778
11.807
11.836
11.865
11.894
11.922
11.951
11.98
12.008
12.037
12.065
12.093
12.122
12.15
12.178
12.206
12.234
12.262
12.29
12.318
12.346
12.374
12.401
12.429
12.457
12.484
12.511
12.539
12.566
12.593
12.62
12.647
12.674
12.701
12.728
12.755
12.781
12.808
12.834
12.861
12.887
12.913
12.94
12.966
12.992
13.018
13.043
13.069
13.095
13.121
13.146
13.171
13.197
13.222
13.247
13.272
13.297
13.322
13.347
13.372
13.396
13.421
13.445
13.469
13.494
13.518
13.542
13.566
13.59
13.613
13.637
13.66
13.684
13.707
13.73
13.753
13.777
13.799
13.822
13.845
13.867
13.89
13.912
13.935
13.957
13.979
14.001
14.023
14.044
14.066
14.087
14.109
14.13
14.151
14.172
14.193
14.214
14.234
14.255
14.275
14.296
14.316
14.336
14.356
14.376
14.395
14.415
14.434
14.454
14.473
14.492
14.511
14.53
14.548
14.567
14.585
14.603
14.622
14.64
14.658
14.675
14.693
14.71
14.728
14.745
14.762
14.779
14.796
14.812
14.829
14.845
14.861
14.877
14.893
14.909
14.925
14.94
14.956
14.971
14.986
15.001
15.015
15.03
15.044
15.059
15.073
15.087
15.101
15.114
15.128
15.141
15.155
15.168
15.181
15.193
15.206
15.218
15.231
15.243
15.255
15.267
15.278
15.29
15.301
15.312
15.323
15.334
15.344
15.355
15.365
15.375
15.385
15.395
15.405
15.414
15.423
15.433
15.441
15.45
15.459
15.467
15.475
15.484
15.491
15.499
15.507
15.514
15.521
15.528
15.535
15.541
15.548
15.554
15.56
15.566
15.572
15.577
15.583
15.588
15.593
15.597
15.602
15.606
15.61
15.614
15.618
15.622
15.625
15.628
15.631
15.634
15.637
15.639
15.642
15.644
15.645
15.647
15.648
15.65
15.651
15.651
15.652
15.652
15.653
15.653
15.652
15.652
15.651
15.651
15.649
15.648
15.647
15.645
15.643
15.641
15.639
15.636
15.633
15.63
15.627
15.624
15.62
15.616
15.612
15.608
15.604
15.599
15.594
15.589
15.583
15.578
15.572
15.566
15.56
15.553
15.546
15.54
15.532
15.525
15.517
15.509
15.501
15.493
15.484
15.476
15.466
15.457
15.448
15.438
15.428
15.418
15.407
15.397
15.386
15.374
15.363
15.351
15.339
15.327
15.315
15.302
15.289
15.276
15.263
15.249
15.235
15.221
15.207
15.192
15.177
15.162
15.147
15.131
15.115
15.099
15.083
15.066
15.049
15.032
15.015
14.997
14.979
14.961
14.943
14.924
14.905
14.886
14.866
14.847
14.827
14.807
14.786
14.766
14.745
14.724
14.703
14.682
14.66
14.638
14.616
14.594
14.571
14.549
14.526
14.503
14.48
14.456
14.433
14.409
14.385
14.361
14.337
14.313
14.288
14.264
14.239
14.214
14.189
14.164
14.138
14.113
14.087
14.061
14.035
14.009
13.983
13.957
13.931
13.904
13.878
13.851
13.824
13.797
13.77
13.743
13.716
13.689
13.662
13.634
13.607
13.579
13.552
13.524
13.497
13.469
13.441
13.413
13.385
13.357
13.329
13.301
13.273
13.245
13.217
13.189
13.161
13.132
13.104
13.076
13.048
13.02
12.991
12.963
12.935
12.907
12.878
12.85
12.822
12.794
12.766
12.737
12.709
12.681
12.653
12.625
12.597
12.568
12.54
12.512
12.484
12.456
12.428
12.4
12.372
12.344
12.316
12.289
12.261
12.233
12.205
12.177
12.15
12.122
12.094
12.067
12.039
12.012
11.984
11.957
11.93
11.902
11.875
11.848
11.821
11.794
11.767
11.74
11.713
11.686
11.659
11.632
11.605
11.579
11.552
11.526
11.499
11.473
11.446
11.42
11.394
11.368
11.342
11.316
11.29
11.264
11.239
11.213
11.187
11.162
11.136
11.111
11.086
11.061
11.036
11.011
10.986
10.961
10.936
10.912
10.887
10.863
10.839
10.815
10.79
10.766
10.743
10.719
10.695
10.672
10.648
10.625
10.602
10.578
10.555
10.532
10.51
10.487
10.465
10.442
10.42
10.398
10.376
10.354
10.332
10.31
10.289
10.267
10.246
10.225
10.204
10.183
10.162
10.142
10.121
10.101
10.081
10.061
10.041
10.021
10.001
9.982
9.963
9.943
9.924
9.905
9.887
9.868
9.85
9.832
9.814
9.796
9.778
9.76
9.743
9.726
9.709
9.692
9.675
9.658
9.642
9.626
9.61
9.594
9.578
9.562
9.547
9.532
9.517
9.502
9.487
9.473
9.459
9.445
9.431
9.417
9.404
9.39
9.377
9.364
9.351
9.339
9.327
9.315
9.303
9.291
9.279
9.268
9.257
9.246
9.235
9.225
9.215
9.205
9.195
9.185
9.176
9.167
9.158
9.149
9.14
9.132
9.124
9.116
9.108
9.101
9.094
9.087
9.08
9.074
9.067
9.061
9.056
9.05
9.045
9.04
9.035
9.03
9.026
9.022
9.018
9.015
9.011
9.008
9.005
9.003
9.001
8.998
8.997
8.995
8.994
8.993
8.992
8.991
8.991
8.991
8.991
8.992
8.992
8.993
8.994
8.996
8.997
8.999
9.001
9.004
9.006
9.009
9.012
9.016
9.019
9.023
9.027
9.031
9.036
9.04
9.045
9.05
9.056
9.061
9.067
9.073
9.079
9.086
9.092
9.099
9.106
9.114
9.121
9.129
9.137
9.145
9.153
9.162
9.171
9.18
9.189
9.198
9.208
9.218
9.228
9.238
9.248
9.259
9.27
9.281
9.292
9.303
9.315
9.326
9.338
9.351
9.363
9.375
9.388
9.401
9.414
9.427
9.441
9.454
9.468
9.482
9.496
9.51
9.525
9.54
9.554
9.569
9.585
9.6
9.615
9.631
9.647
9.663
9.679
9.695
9.712
9.729
9.745
9.762
9.78
9.797
9.814
9.832
9.85
9.868
9.886
9.904
9.922
9.941
9.96
9.978
9.997
10.016
10.036
10.055
10.075
10.094
10.114
10.134
10.154
10.174
10.195
10.215
10.236
10.256
10.277
10.298
10.32
10.341
10.362
10.384
10.405
10.427
10.449
10.471
10.493
10.515
10.538
10.56
10.583
10.606
10.628
10.651
10.674
10.698
10.721
10.744
10.768
10.791
10.815
10.839
10.863
10.887
10.911
10.935
10.959
10.984
11.008
11.033
11.058
11.082
11.107
11.132
11.157
11.183
11.208
11.233
11.259
11.284
11.31
11.335
11.361
11.387
11.413
11.439
11.465
11.491
11.517
11.544
11.57
11.597
11.623
11.65
11.676
11.703
11.73
11.757
11.784
11.811
11.838
11.865
11.892
11.919
11.947
11.974
12.001
12.029
12.056
12.084
12.112
12.139
12.167
12.195
12.223
12.25
12.278
12.306
12.334
12.362
12.391
12.419
12.447
12.475
12.503
12.532
12.56
12.588
12.617
12.645
12.674
12.702
12.731
12.759
12.788
12.817
12.845
12.874
12.903
12.931
12.96
12.989
13.018
13.046
13.075
13.104
13.133
13.162
13.19
13.219
13.248
13.277
13.306
13.335
13.364
13.393
13.422
13.451
13.48
13.509
13.537
13.566
13.595
13.624
13.653
13.682
13.711
13.74
13.769
13.798
13.827
13.855
13.884
13.913
13.942
13.971
14.0
14.028
14.057
14.086
14.115
14.143
14.172
14.201
14.229
14.258
14.286
14.315
14.343
14.372
14.4
14.429
14.457
14.486
14.514
14.542
14.57
14.599
14.627
14.655
14.683
14.711
14.739
14.767
14.795
14.823
14.85
14.878
14.906
14.934
14.961
14.989
15.016
15.044
15.071
15.098
15.126
15.153
15.18
15.207
15.234
15.261
15.288
15.315
15.341
15.368
15.395
15.421
15.448
15.474
15.501
15.527
15.553
15.579
15.605
15.631
15.657
15.683
15.708
15.734
15.76
15.785
15.81
15.836
15.861
15.886
15.911
15.936
15.961
15.985
16.01
16.035
16.059
16.083
16.108
16.132
16.156
16.18
16.204
16.227
16.251
16.275
16.298
16.321
16.344
16.368
16.391
16.413
16.436
16.459
16.481
16.504
16.526
16.548
16.57
16.592
16.614
16.636
16.657
16.679
16.7
16.721
16.742
16.763
16.784
16.805
16.825
16.846
16.866
16.886
16.906
16.926
16.945
16.965
16.985
17.004
17.023
17.042
17.061
17.08
17.098
17.116
17.135
17.153
17.171
17.189
17.206
17.224
17.241
17.258
17.275
17.292
17.309
17.326
17.342
17.358
17.374
17.39
17.406
17.421
17.437
17.452
17.467
17.482
17.497
17.511
17.526
17.54
17.554
17.568
17.581
17.595
17.608
17.621
17.634
17.647
17.659
17.672
17.684
17.696
17.708
17.719
17.731
17.742
17.753
17.764
17.775
17.785
17.795
17.805
17.815
17.825
17.834
17.844
17.853
17.862
17.87
17.879
17.887
17.895
17.903
17.91
17.918
17.925
17.932
17.939
17.945
17.951
17.957
17.963
17.969
17.974
17.98
17.985
17.989
17.994
17.998
18.002
18.006
18.01
18.013
18.016
18.019
18.022
18.024
18.026
18.029
18.03
18.032
18.033
18.034
18.035
18.036
18.037
18.037
18.037
18.037
18.036
18.036
18.035
18.034
18.033
18.031
18.029
18.028
18.025
18.023
18.021
18.018
18.015
18.012
18.009
18.005
18.001
17.997
17.993
17.989
17.984
17.979
17.974
17.969
17.964
17.958
17.952
17.946
17.94
17.934
17.927
17.92
17.913
17.906
17.899
17.891
17.884
17.876
17.868
17.859
17.851
17.842
17.833
17.824
17.815
17.805
17.796
17.786
17.776
17.765
17.755
17.744
17.734
17.723
17.712
17.7
17.689
17.677
17.665
17.653
17.641
17.629
17.616
17.603
17.59
17.577
17.564
17.55
17.537
17.523
17.509
17.495
17.481
17.466
17.452
17.437
17.422
17.407
17.391
17.376
17.36
17.344
17.328
17.312
17.296
17.279
17.263
17.246
17.229
17.212
17.195
17.177
17.16
17.142
17.124
17.106
17.088
17.069
17.051
17.032
17.013
16.994
16.975
16.956
16.936
16.917
16.897
16.877
16.857
16.837
16.816
16.796
16.775
16.755
16.734
16.713
16.691
16.67
16.649
16.627
16.605
16.583
16.561
16.539
16.517
16.494
16.472
16.449
16.426
16.403
16.38
16.357
16.333
16.31
16.286
16.262
16.238
16.214
16.19
16.166
16.141
16.117
16.092
16.067
16.042
16.017
15.992
15.966
15.941
15.915
15.89
15.864
15.838
15.812
15.786
15.759
15.733
15.706
15.68
15.653
15.626
15.599
15.572
15.545
15.517
15.49
15.462
15.435
15.407
15.379
15.351
15.323
15.295
15.267
15.238
15.21
15.181
15.152
15.123
15.094
15.065
15.036
15.007
14.978
14.948
14.919
14.889
14.859
14.829
14.799
14.769
14.739
14.709
14.679
14.648
14.618
14.587
14.556
14.526
14.495
14.464
14.433
14.401
14.37
14.339
14.307
14.276
14.244
14.213
14.181
14.149
14.117
14.085
14.053
14.021
13.989
13.956
13.924
13.891
13.859
13.826
13.794
13.761
13.728
13.695
13.662
13.629
13.596
13.562
13.529
13.496
13.462
13.429
13.395
13.361
13.328
13.294
13.26
13.226
13.192
13.158
13.124
13.09
13.056
13.021
12.987
12.952
12.918
12.883
12.849
12.814
12.779
12.745
12.71
12.675
12.64
12.605
12.57
12.535
12.5
12.464
12.429
12.394
12.358
12.323
12.287
12.252
12.216
12.181
12.145
12.109
12.074
12.038
12.002
11.966
11.93
11.894
11.858
11.822
11.786
11.75
11.714
11.678
11.641
11.605
11.569
11.532
11.496
11.46
11.423
11.387
11.35
11.314
11.277
11.24
11.204
11.167
11.13
11.094
11.057
11.02
10.983
10.946
10.909
10.873
10.836
10.799
10.762
10.725
10.688
10.651
10.614
10.577
10.54
10.503
10.465
10.428
10.391
10.354
10.317
10.28
10.242
10.205
10.168
10.131
10.093
10.056
10.019
9.982
9.944
9.907
9.87
9.832
9.795
9.758
9.72
9.683
9.646
9.608
9.571
9.534
9.496
9.459
9.422
9.384
9.347
9.31
9.272
9.235
9.198
9.16
9.123
9.086
9.048
9.011
8.974
8.937
8.899
8.862
8.825
8.788
8.75
8.713
8.676
8.639
8.602
8.564
8.527
8.49
8.453
8.416
8.379
8.342
8.305
8.268
8.231
8.194
8.157
8.12
8.083
8.046
8.009
7.972
7.936
7.899
7.862
7.825
7.789
7.752
7.715
7.679
7.642
7.606
7.569
7.533
7.496
7.46
7.423
7.387
7.351
7.314
7.278
7.242
7.206
7.17
7.133
7.097
7.061
7.025
6.99
6.954
6.918
6.882
6.846
6.811
6.775
6.739
6.704
6.668
6.633
6.597
6.562
6.527
6.491
6.456
6.421
6.386
6.351
6.316
6.281
6.246
6.211
6.176
6.142
6.107
6.072
6.038
6.003
5.969
5.935
5.9
5.866
5.832
5.798
5.764
5.73
5.696
5.662
5.628
5.594
5.561
5.527
5.494
5.46
5.427
5.394
5.36
5.327
5.294
5.261
5.228
5.195
5.162
5.13
5.097
5.065
5.032
5.0
4.967
4.935
4.903
4.871
4.839
4.807
4.775
4.743
4.712
4.68
4.649
4.617
4.586
4.555
4.523
4.492
4.461
4.431
4.4
4.369
4.339
4.308
4.278
4.247
4.217
4.187
4.157
4.127
4.097
4.067
4.038
4.008
3.979
3.949
3.92
3.891
3.862
3.833
3.804
3.775
3.747
3.718
3.69
3.662
3.633
3.605
3.577
3.549
3.522
3.494
3.466
3.439
3.412
3.384
3.357
3.33
3.303
3.277
3.25
3.224
3.197
3.171
3.145
3.119
3.093
3.067
3.041
3.016
2.99
2.965
2.94
2.915
2.89
2.865
2.84
2.816
2.791
2.767
2.743
2.719
2.695
2.671
2.647
2.624
2.6
2.577
2.554
2.531
2.508
2.485
2.463
2.44
2.418
2.396
2.374
2.352
2.33
2.308
2.287
2.266
2.244
2.223
2.202
2.182
2.161
2.141
2.12
2.1
2.08
2.06
2.04
2.021
2.001
1.982
1.963
1.944
1.925
1.907
1.888
1.87
1.851
1.833
1.816
1.798
1.78
1.763
1.746
1.728
1.711
1.695
1.678
1.662
1.645
1.629
1.613
1.597
1.582
1.566
1.551
1.536
1.521
1.506
1.491
1.477
1.463
1.449
1.435
1.421
1.407
1.394
1.381
1.367
1.355
1.342
1.329
1.317
1.305
1.293
1.281
1.269
1.258
1.246
1.235
1.224
1.214
1.203
1.193
1.182
1.172
1.163
1.153
1.143
1.134
1.125
1.116
1.108
1.099
1.091
1.083
1.075
1.067
1.059
1.052
1.045
1.038
1.031
1.025
1.018
1.012
1.006
1.0
0.995
0.989
0.984
0.979
0.974
0.97
0.965
0.961
0.957
0.954
0.95
0.947
0.944
0.941
0.938
0.936
0.933
0.931
0.929
0.928
0.926
0.925
0.924
0.923
0.923
0.922
0.922
0.922
0.922
0.923
0.924
0.925
0.926
0.927
0.929
0.931
0.933
0.935
0.937
0.94
0.943
0.946
0.95
0.953
0.957
0.961
0.966
0.97
0.975
0.98
0.985
0.991
0.996
1.002
1.008
1.015
1.021
1.028
1.035
1.043
1.05
1.058
1.066
1.075
1.083
1.092
1.101
1.11
1.12
1.13
1.14
1.15
1.16
1.171
1.182
1.193
1.205
1.216
1.228
1.241
1.253
1.266
1.279
1.292
1.306
1.319
1.333
1.348
1.362
1.377
1.392
1.407
1.423
1.439
1.455
1.471
1.487
1.504
1.521
1.539
1.556
1.574
1.592
1.611
1.63
1.649
1.668
1.687
1.707
1.727
1.747
1.768
1.789
1.81
1.831
1.853
1.875
1.897
1.919
1.942
1.965
1.989
2.012
2.036
2.06
2.085
2.109
2.134
2.16
2.185
2.211
2.237
2.263
2.29
2.317
2.344
2.372
2.4
2.428
2.456
2.485
2.514
2.543
2.573
2.602
2.633
2.663
2.694
2.725
2.756
2.788
2.819
2.852
2.884
2.917
2.95
2.983
3.017
3.051
3.085
3.12
3.155
3.19
3.226
3.261
3.297
3.334
3.371
3.408
3.445
3.483
3.52
3.559
3.597
3.636
3.675
3.715
3.755
3.795
3.835
3.876
3.917
3.958
4.0
