9.0
9.199
9.396
9.59
9.783
9.974
10.162
10.349
10.533
10.716
10.896
11.075
11.251
11.426
11.598
11.769
11.937
12.104
12.269
12.431
12.592
12.751
12.908
13.063
13.216
13.368
13.517
13.665
13.81
13.954
14.096
14.236
14.374
14.511
14.645
14.778
14.909
15.038
15.165
15.291
15.415
15.537
15.657
15.775
15.892
16.007
16.12
16.232
16.342
16.45
16.556
16.661
16.764
16.865
16.965
17.063
17.159
17.254
17.347
17.438
17.528
17.616
17.703
17.788
17.871
17.953
18.033
18.112
18.189
18.264
18.338
18.411
18.482
18.551
18.619
18.685
18.75
18.813
18.875
18.935
18.994
19.052
19.107
19.162
19.215
19.267
19.317
19.365
19.413
19.459
19.503
19.546
19.588
19.628
19.667
19.705
19.741
19.776
19.81
19.842
19.873
19.903
19.931
19.958
19.984
20.008
20.032
20.053
20.074
20.094
20.112
20.129
20.144
20.159
20.172
20.184
20.195
20.204
20.213
20.22
20.226
20.231
20.235
20.238
20.239
20.24
20.239
20.237
20.234
20.23
20.225
20.219
20.211
20.203
20.193
20.183
20.171
20.159
20.145
20.13
20.115
20.098
20.08
20.062
20.042
20.021
20.0
19.977
19.954
19.929
19.904
19.877
19.85
19.822
19.793
19.763
19.732
19.7
19.667
19.634
19.599
19.564
19.528
19.491
19.453
19.414
19.375
19.335
19.294
19.252
19.209
19.166
19.121
19.076
19.031
18.984
18.937
18.889
18.84
18.791
18.741
18.69
18.638
18.586
18.533
18.48
18.426
18.371
18.315
18.259
18.202
18.145
18.087
18.028
17.969
17.909
17.848
17.787
17.725
17.663
17.601
17.537
17.473
17.409
17.344
17.279
17.213
17.146
17.079
17.012
16.944
16.875
16.806
16.737
16.667
16.597
16.526
16.455
16.384
16.312
16.239
16.167
16.093
16.02
15.946
15.872
15.797
15.722
15.647
15.571
15.495
15.419
15.342
15.265
15.188
15.11
15.032
14.954
14.876
14.797
14.718
14.639
14.56
14.48
14.4
14.32
14.24
14.159
14.079
13.998
13.917
13.836
13.754
13.673
13.591
13.509
13.427
13.345
13.263
13.181
13.098
13.016
12.933
12.851
12.768
12.685
12.602
12.519
12.436
12.353
12.27
12.187
12.104
12.021
11.938
11.855
11.772
11.689
11.606
11.523
11.44
11.358
11.275
11.192
11.11
11.027
10.945
10.862
10.78
10.698
10.616
10.534
10.453
10.371
10.29
10.209
10.128
10.047
9.966
9.886
9.805
9.725
9.646
9.566
9.487
9.407
9.329
9.25
9.172
9.094
9.016
8.938
8.861
8.784
8.707
8.631
8.555
8.479
8.404
8.329
8.255
8.18
8.106
8.033
7.96
7.887
7.814
7.743
7.671
7.6
7.529
7.459
7.389
7.319
7.25
7.182
7.114
7.046
6.979
6.912
6.846
6.781
6.715
6.651
6.587
6.523
6.46
6.397
6.336
6.274
6.213
6.153
6.093
6.034
5.976
5.918
5.86
5.803
5.747
5.692
5.637
5.583
5.529
5.476
5.424
5.372
5.321
5.271
5.222
5.173
5.125
5.077
5.03
4.984
4.939
4.895
4.851
4.808
4.765
4.724
4.683
4.643
4.604
4.566
4.528
4.491
4.455
4.42
4.386
4.352
4.32
4.288
4.257
4.227
4.198
4.169
4.142
4.115
4.09
4.065
4.041
4.018
3.996
3.975
3.955
3.936
3.918
3.9
3.884
3.869
3.854
3.841
3.829
3.818
3.807
3.798
3.79
3.782
3.776
3.771
3.767
3.764
3.762
3.761
3.761
3.763
3.765
3.768
3.773
3.779
3.786
3.794
3.803
3.813
3.824
3.837
3.851
3.865
3.882
3.899
3.917
3.937
3.958
3.98
4.003
4.028
4.053
4.08
4.109
4.138
4.168
4.2
4.233
4.267
4.302
4.338
4.376
4.414
4.454
4.494
4.536
4.579
4.622
4.667
4.713
4.76
4.808
4.857
4.907
4.957
5.009
5.062
5.116
5.17
5.226
5.282
5.34
5.398
5.457
5.517
5.578
5.639
5.702
5.765
5.829
5.894
5.96
6.027
6.094
6.162
6.231
6.3
6.371
6.442
6.513
6.586
6.659
6.733
6.807
6.882
6.958
7.034
7.111
7.189
7.267
7.346
7.425
7.505
7.586
7.667
7.749
7.831
7.913
7.997
8.08
8.164
8.249
8.334
8.42
8.506
8.592
8.679
8.766
8.854
8.942
9.031
9.119
9.209
9.298
9.388
9.478
9.569
9.659
9.751
9.842
9.934
10.026
10.118
10.21
10.303
10.396
10.489
10.582
10.676
10.769
10.863
10.957
11.051
11.146
11.24
11.334
11.429
11.524
11.619
11.714
11.808
11.903
11.999
12.094
12.189
12.284
12.379
12.474
12.569
12.664
12.759
12.854
12.949
13.044
13.138
13.233
13.328
13.422
13.516
13.61
13.704
13.798
13.892
13.985
14.079
14.172
14.265
14.357
14.45
14.542
14.634
14.725
14.817
14.908
14.999
15.089
15.179
15.269
15.358
15.447
15.536
15.623
15.711
15.797
15.883
15.968
16.053
16.137
16.219
16.301
16.382
16.463
16.542
16.62
16.697
16.773
16.848
16.921
16.994
17.065
17.134
17.203
17.27
17.336
17.4
17.462
17.523
17.583
17.641
17.697
17.752
17.804
17.855
17.904
17.952
17.997
18.04
18.082
18.121
18.159
18.195
18.229
18.26
18.291
18.319
18.345
18.37
18.393
18.413
18.433
18.45
18.466
18.48
18.492
18.502
18.511
18.518
18.523
18.527
18.529
18.529
18.528
18.525
18.521
18.514
18.507
18.498
18.487
18.474
18.461
18.445
18.428
18.41
18.39
18.369
18.346
18.322
18.296
18.269
18.24
18.211
18.179
18.147
18.113
18.077
18.041
18.003
17.964
17.923
17.881
17.838
17.794
17.748
17.702
17.654
17.605
17.554
17.503
17.45
17.396
17.341
17.285
17.228
17.17
17.11
17.05
16.988
16.926
16.862
16.798
16.732
16.666
16.598
16.53
16.46
16.39
16.318
16.246
16.173
16.099
16.024
15.948
15.872
15.794
15.716
15.637
15.557
15.476
15.395
15.313
15.23
15.146
15.061
14.976
14.89
14.804
14.717
14.629
14.54
14.451
14.362
14.271
14.18
14.089
13.997
13.904
13.811
13.717
13.623
13.528
13.433
13.337
13.241
13.144
13.047
12.95
12.852
12.754
12.655
12.556
12.456
12.357
12.257
12.156
12.055
11.954
11.853
11.751
11.649
11.547
11.445
11.342
11.24
11.137
11.034
10.93
10.827
10.723
10.619
10.515
10.411
10.307
10.203
10.099
9.995
9.89
9.786
9.682
9.577
9.473
9.368
9.264
9.16
9.056
8.952
8.847
8.744
8.64
8.536
8.432
8.329
8.226
8.123
8.02
7.917
7.815
7.712
7.61
7.509
7.407
7.306
7.205
7.104
7.004
6.904
6.804
6.705
6.606
6.508
6.41
6.312
6.215
6.118
6.021
5.925
5.83
5.735
5.64
5.546
5.453
5.36
5.268
5.176
5.084
4.994
4.904
4.814
4.725
4.637
4.55
4.463
4.377
4.291
4.206
4.122
4.039
3.956
3.874
3.793
3.713
3.633
3.555
3.477
3.4
3.323
3.248
3.173
3.1
3.027
2.955
2.884
2.814
2.745
2.677
2.61
2.544
2.479
2.415
2.352
2.29
2.229
2.169
2.11
2.052
1.995
1.94
1.885
1.832
1.78
1.729
1.679
1.631
1.583
1.537
1.492
1.448
1.406
1.365
1.325
1.286
1.249
1.213
1.178
1.145
1.113
1.082
1.053
1.025
0.999
0.974
0.95
0.928
0.907
0.888
0.87
0.854
0.839
0.826
0.815
0.804
0.796
0.789
0.784
0.78
0.778
0.777
0.778
0.781
0.785
0.792
0.799
0.809
0.82
0.833
0.848
0.864
0.882
0.902
0.924
0.948
0.973
1.0
1.029
1.06
1.093
1.128
1.164
1.203
1.243
1.286
1.33
1.376
1.424
1.475
1.527
1.581
1.637
1.696
1.756
1.818
1.883
1.949
2.018
2.089
2.162
2.237
2.314
2.393
2.475
2.559
2.644
2.733
2.823
2.916
3.01
3.108
3.207
3.309
3.413
3.519
3.628
3.739
3.852
3.968
4.086
4.207
4.329
4.455
4.583
4.713
4.846
4.981
5.118
5.259
5.401
5.546
5.694
5.844
5.997
6.153
6.311
6.471
6.634
6.8
6.969
7.14
7.314
7.49
7.669
7.851
8.036
8.223
8.413
8.606
8.802
9.0
