0.0
0.313
0.623
0.93
1.235
1.536
1.834
2.129
2.421
2.71
2.997
3.28
3.561
3.838
4.113
4.385
4.654
4.92
5.183
5.443
5.701
5.955
6.207
6.456
6.703
6.946
7.187
7.425
7.66
7.893
8.123
8.35
8.574
8.796
9.015
9.231
9.445
9.656
9.865
10.07
10.274
10.474
10.672
10.868
11.061
11.251
11.439
11.624
11.807
11.987
12.164
12.34
12.512
12.682
12.85
13.015
13.178
13.339
13.497
13.652
13.806
13.956
14.105
14.251
14.395
14.536
14.675
14.812
14.946
15.078
15.208
15.336
15.461
15.584
15.705
15.824
15.94
16.054
16.166
16.276
16.383
16.489
16.592
16.693
16.792
16.889
16.984
17.076
17.167
17.255
17.342
17.426
17.508
17.588
17.667
17.743
17.817
17.889
17.959
18.028
18.094
18.158
18.221
18.281
18.34
18.396
18.451
18.504
18.555
18.604
18.651
18.696
18.74
18.782
18.822
18.86
18.896
18.931
18.964
18.995
19.024
19.052
19.077
19.102
19.124
19.145
19.164
19.181
19.197
19.211
19.223
19.234
19.244
19.251
19.257
19.262
19.264
19.266
19.266
19.264
19.26
19.256
19.249
19.241
19.232
19.221
19.209
19.195
19.18
19.164
19.146
19.126
19.106
19.083
19.06
19.035
19.009
18.981
18.952
18.922
18.89
18.857
18.823
18.788
18.751
18.713
18.674
18.633
18.592
18.549
18.505
18.459
18.413
18.365
18.317
18.267
18.215
18.163
18.11
18.056
18.0
17.943
17.886
17.827
17.767
17.706
17.645
17.582
17.518
17.453
17.387
17.32
17.253
17.184
17.114
17.044
16.972
16.9
16.826
16.752
16.677
16.601
16.524
16.446
16.368
16.289
16.208
16.128
16.046
15.963
15.88
15.796
15.711
15.626
15.54
15.453
15.365
15.277
15.188
15.098
15.008
14.917
14.825
14.733
14.64
14.546
14.452
14.358
14.262
14.167
14.07
13.973
13.876
13.778
13.68
13.581
13.481
13.381
13.281
13.18
13.079
12.977
12.875
12.773
12.67
12.566
12.463
12.359
12.254
12.149
12.044
11.939
11.833
11.727
11.621
11.514
11.408
11.3
11.193
11.085
10.978
10.87
10.761
10.653
10.544
10.436
10.327
10.218
10.108
9.999
9.89
9.78
9.67
9.561
9.451
9.341
9.231
9.121
9.011
8.901
8.791
8.681
8.571
8.461
8.351
8.241
8.131
8.021
7.912
7.802
7.693
7.583
7.474
7.365
7.256
7.147
7.038
6.93
6.821
6.713
6.605
6.498
6.39
6.283
6.176
6.069
5.963
5.857
5.751
5.645
5.54
5.435
5.331
5.227
5.123
5.019
4.916
4.813
4.711
4.609
4.508
4.407
4.306
4.206
4.107
4.007
3.909
3.811
3.713
3.616
3.519
3.423
3.328
3.233
3.139
3.045
2.952
2.859
2.767
2.676
2.585
2.495
2.406
2.317
2.229
2.142
2.056
1.97
1.885
1.8
1.717
1.634
1.552
1.471
1.39
1.31
1.232
1.154
1.076
1.0
0.925
0.85
0.776
0.703
0.631
0.56
0.49
0.421
0.353
0.286
0.219
0.154
0.09
0.026
-0.036
-0.098
-0.158
-0.218
-0.277
-0.334
-0.391
-0.447
-0.502
-0.556
-0.61
-0.662
-0.713
-0.764
-0.814
-0.862
-0.91
-0.958
-1.004
-1.049
-1.094
-1.137
-1.18
-1.222
-1.264
-1.304
-1.343
-1.382
-1.42
-1.457
-1.494
-1.529
-1.564
-1.598
-1.631
-1.664
-1.695
-1.726
-1.756
-1.786
-1.815
-1.842
-1.87
-1.896
-1.922
-1.947
-1.971
-1.995
-2.018
-2.04
-2.061
-2.082
-2.102
-2.122
-2.141
-2.159
-2.176
-2.193
-2.209
-2.224
-2.239
-2.254
-2.267
-2.28
-2.292
-2.304
-2.315
-2.326
-2.335
-2.345
-2.353
-2.361
-2.369
-2.376
-2.382
-2.388
-2.393
-2.398
-2.402
-2.406
-2.409
-2.411
-2.413
-2.415
-2.416
-2.416
-2.416
-2.415
-2.414
-2.413
-2.41
-2.408
-2.405
-2.401
-2.397
-2.393
-2.388
-2.382
-2.377
-2.37
-2.364
-2.356
-2.349
-2.341
-2.332
-2.324
-2.314
-2.305
-2.295
-2.284
-2.273
-2.262
-2.25
-2.238
-2.226
-2.213
-2.2
-2.187
-2.173
-2.159
-2.145
-2.13
-2.115
-2.099
-2.083
-2.067
-2.051
-2.034
-2.017
-2.0
-1.983
-1.965
-1.947
-1.928
-1.91
-1.891
-1.871
-1.852
-1.832
-1.812
-1.792
-1.772
-1.751
-1.731
-1.71
-1.688
-1.667
-1.645
-1.623
-1.601
-1.579
-1.557
-1.534
-1.511
-1.488
-1.465
-1.442
-1.419
-1.395
-1.372
-1.348
-1.324
-1.3
-1.276
-1.251
-1.227
-1.202
-1.178
-1.153
-1.128
-1.104
-1.079
-1.054
-1.028
-1.003
-0.978
-0.953
-0.928
-0.902
-0.877
-0.851
-0.826
-0.801
-0.775
-0.75
-0.724
-0.699
-0.673
-0.648
-0.622
-0.597
-0.571
-0.546
-0.52
-0.495
-0.47
-0.445
-0.419
-0.394
-0.369
-0.344
-0.319
-0.294
-0.27
-0.245
-0.221
-0.196
-0.172
-0.147
-0.123
-0.099
-0.075
-0.052
-0.028
-0.004
0.019
0.042
0.065
0.088
0.111
0.133
0.156
0.178
0.2
0.222
0.243
0.265
0.286
0.307
0.327
0.348
0.368
0.389
0.408
0.428
0.448
0.467
0.486
0.505
0.524
0.542
0.561
0.579
0.597
0.614
0.632
0.649
0.666
0.683
0.7
0.716
0.733
0.749
0.765
0.78
0.796
0.811
0.827
0.842
0.856
0.871
0.885
0.9
0.914
0.928
0.941
0.955
0.968
0.981
0.994
1.007
1.02
1.032
1.044
1.056
1.068
1.08
1.092
1.103
1.114
1.125
1.136
1.147
1.157
1.168
1.178
1.188
1.198
1.208
1.217
1.226
1.236
1.245
1.254
1.262
1.271
1.279
1.288
1.296
1.304
1.311
1.319
1.326
1.334
1.341
1.348
1.355
1.362
1.368
1.375
1.381
1.387
1.393
1.399
1.404
1.41
1.415
1.421
1.426
1.431
1.436
1.44
1.445
1.449
1.454
1.458
1.462
1.466
1.469
1.473
1.477
1.48
1.483
1.486
1.489
1.492
1.495
1.497
1.5
1.502
1.504
1.506
1.508
1.51
1.512
1.513
1.515
1.516
1.518
1.519
1.52
1.521
1.521
1.522
1.523
1.523
1.523
1.524
1.524
1.524
1.524
1.523
1.523
1.523
1.522
1.521
1.521
1.52
1.519
1.518
1.517
1.515
1.514
1.513
1.511
1.509
1.508
1.506
1.504
1.502
1.5
1.498
1.495
1.493
1.49
1.488
1.485
1.482
1.48
1.477
1.474
1.471
1.467
1.464
1.461
1.457
1.454
1.45
1.447
1.443
1.439
1.435
1.431
1.427
1.423
1.419
1.415
1.41
1.406
1.402
1.397
1.392
1.388
1.383
1.378
1.373
1.368
1.363
1.358
1.353
1.348
1.343
1.338
1.332
1.327
1.321
1.316
1.31
1.305
1.299
1.293
1.287
1.281
1.276
1.27
1.264
1.257
1.251
1.245
1.239
1.233
1.226
1.22
1.214
1.207
1.201
1.194
1.188
1.181
1.175
1.168
1.161
1.155
1.148
1.141
1.134
1.127
1.12
1.113
1.106
1.099
1.092
1.085
1.078
1.071
1.064
1.057
1.05
1.042
1.035
1.028
1.021
1.013
1.006
0.999
0.991
0.984
0.977
0.969
0.962
0.954
0.947
0.939
0.932
0.925
0.917
0.91
0.902
0.895
0.887
0.879
0.872
0.864
0.857
0.849
0.842
0.834
0.827
0.819
0.811
0.804
0.796
0.789
0.781
0.774
0.766
0.759
0.751
0.744
0.736
0.729
0.721
0.714
0.706
0.699
0.691
0.684
0.676
0.669
0.662
0.654
0.647
0.64
0.632
0.625
0.618
0.61
0.603
0.596
0.589
0.582
0.575
0.567
0.56
0.553
0.546
0.539
0.532
0.525
0.519
0.512
0.505
0.498
0.491
0.485
0.478
0.471
0.465
0.458
0.452
0.445
0.439
0.432
0.426
0.419
0.413
0.407
0.401
0.395
0.389
0.383
0.377
0.371
0.365
0.359
0.353
0.347
0.342
0.336
0.33
0.325
0.319
0.314
0.309
0.303
0.298
0.293
0.288
0.283
0.278
0.273
0.268
0.263
0.259
0.254
0.249
0.245
0.24
0.236
0.232
0.228
0.223
0.219
0.215
0.211
0.207
0.204
0.2
0.196
0.193
0.189
0.186
0.183
0.179
0.176
0.173
0.17
0.167
0.164
0.161
0.159
0.156
0.154
0.151
0.149
0.146
0.144
0.142
0.139
0.137
0.135
0.133
0.132
0.13
0.128
0.126
0.125
0.123
0.122
0.12
0.119
0.117
0.116
0.115
0.114
0.113
0.112
0.111
0.11
0.109
0.108
0.108
0.107
0.106
0.106
0.105
0.105
0.104
0.104
0.104
0.104
0.104
0.103
0.103
0.103
0.103
0.103
0.104
0.104
0.104
0.104
0.105
0.105
0.106
0.106
0.107
0.107
0.108
0.108
0.109
0.11
0.111
0.112
0.112
0.113
0.114
0.115
0.116
0.118
0.119
0.12
0.121
0.122
0.124
0.125
0.126
0.128
0.129
0.131
0.132
0.134
0.135
0.137
0.138
0.14
0.142
0.144
0.145
0.147
0.149
0.151
0.153
0.155
0.157
0.159
0.161
0.163
0.165
0.167
0.169
0.171
0.173
0.175
0.178
0.18
0.182
0.184
0.187
0.189
0.191
0.194
0.196
0.198
0.201
0.203
0.206
0.208
0.211
0.213
0.216
0.218
0.221
0.223
0.226
0.229
0.231
0.234
0.237
0.239
0.242
0.245
0.247
0.25
0.253
0.255
0.258
0.261
0.264
0.266
0.269
0.272
0.275
0.277
0.28
0.283
0.286
0.289
0.291
0.294
0.297
0.3
0.303
0.305
0.308
0.311
0.314
0.317
0.319
0.322
0.325
0.328
0.331
0.333
0.336
0.339
0.342
0.344
0.347
0.35
0.353
0.355
0.358
0.361
0.364
0.366
0.369
0.372
0.374
0.377
0.38
0.382
0.385
0.388
0.39
0.393
0.395
0.398
0.4
0.403
0.405
0.408
0.41
0.413
0.415
0.418
0.42
0.422
0.425
0.427
0.429
0.432
0.434
0.436
0.438
0.441
0.443
0.445
0.447
0.449
0.451
0.453
0.455
0.457
0.459
0.461
0.463
0.465
0.467
0.469
0.47
0.472
0.474
0.476
0.477
0.479
0.48
0.482
0.483
0.485
0.486
0.488
0.489
0.491
0.492
0.493
0.494
0.495
0.497
0.498
0.499
0.5
0.501
0.502
0.503
0.504
0.504
0.505
0.506
0.507
0.507
0.508
0.508
0.509
0.509
0.51
0.51
0.51
0.511
0.511
0.511
0.511
0.511
0.511
0.511
0.511
0.511
0.511
0.51
0.51
0.51
0.509
0.509
0.508
0.508
0.507
0.506
0.506
0.505
0.504
0.503
0.502
0.501
0.5
0.499
0.498
0.496
0.495
0.494
0.492
0.491
0.489
0.487
0.486
0.484
0.482
0.48
0.478
0.476
0.474
0.472
0.47
0.468
0.466
0.463
0.461
0.458
0.456
0.454
0.451
0.448
0.446
0.443
0.44
0.437
0.435
0.432
0.429
0.426
0.423
0.419
0.416
0.413
0.41
0.407
0.403
0.4
0.396
0.393
0.39
0.386
0.382
0.379
0.375
0.371
0.368
0.364
0.36
0.356
0.352
0.348
0.344
0.34
0.336
0.332
0.328
0.324
0.319
0.315
0.311
0.307
0.302
0.298
0.293
0.289
0.284
0.28
0.275
0.271
0.266
0.262
0.257
0.252
0.247
0.243
0.238
0.233
0.228
0.223
0.218
0.213
0.208
0.203
0.198
0.193
0.188
0.183
0.178
0.173
0.168
0.163
0.157
0.152
0.147
0.142
0.136
0.131
0.126
0.12
0.115
0.109
0.104
0.099
0.093
0.088
0.082
0.077
0.071
0.066
0.06
0.054
0.049
0.043
0.038
0.032
0.026
0.021
0.015
0.009
0.004
-0.002
-0.008
-0.014
-0.019
-0.025
-0.031
-0.037
-0.042
-0.048
-0.054
-0.06
-0.066
-0.071
-0.077
-0.083
-0.089
-0.095
-0.101
-0.106
-0.112
-0.118
-0.124
-0.13
-0.136
-0.142
-0.147
-0.153
-0.159
-0.165
-0.171
-0.177
-0.183
-0.189
-0.194
-0.2
-0.206
-0.212
-0.218
-0.224
-0.23
-0.235
-0.241
-0.247
-0.253
-0.259
-0.265
-0.27
-0.276
-0.282
-0.288
-0.294
-0.299
-0.305
-0.311
-0.317
-0.322
-0.328
-0.334
-0.339
-0.345
-0.351
-0.356
-0.362
-0.368
-0.373
-0.379
-0.385
-0.39
-0.396
-0.401
-0.407
-0.412
-0.418
-0.423
-0.429
-0.434
-0.44
-0.445
-0.451
-0.456
-0.461
-0.467
-0.472
-0.477
-0.482
-0.488
-0.493
-0.498
-0.503
-0.508
-0.514
-0.519
-0.524
-0.529
-0.534
-0.539
-0.544
-0.549
-0.554
-0.559
-0.564
-0.568
-0.573
-0.578
-0.583
-0.587
-0.592
-0.597
-0.601
-0.606
-0.611
-0.615
-0.62
-0.624
-0.629
-0.633
-0.637
-0.642
-0.646
-0.65
-0.655
-0.659
-0.663
-0.667
-0.671
-0.675
-0.679
-0.683
-0.687
-0.691
-0.695
-0.699
-0.702
-0.706
-0.71
-0.714
-0.717
-0.721
-0.724
-0.728
-0.731
-0.735
-0.738
-0.741
-0.745
-0.748
-0.751
-0.754
-0.757
-0.76
-0.763
-0.766
-0.769
-0.772
-0.775
-0.777
-0.78
-0.783
-0.785
-0.788
-0.79
-0.793
-0.795
-0.797
-0.8
-0.802
-0.804
-0.806
-0.808
-0.81
-0.812
-0.814
-0.816
-0.818
-0.819
-0.821
-0.823
-0.824
-0.826
-0.827
-0.829
-0.83
-0.831
-0.832
-0.834
-0.835
-0.836
-0.837
-0.837
-0.838
-0.839
-0.84
-0.84
-0.841
-0.841
-0.842
-0.842
-0.843
-0.843
-0.843
-0.843
-0.843
-0.843
-0.843
-0.843
-0.843
-0.842
-0.842
-0.842
-0.841
-0.84
-0.84
-0.839
-0.838
-0.837
-0.836
-0.835
-0.834
-0.833
-0.832
-0.831
-0.829
-0.828
-0.826
-0.825
-0.823
-0.821
-0.819
-0.817
-0.815
-0.813
-0.811
-0.809
-0.807
-0.804
-0.802
-0.799
-0.796
-0.794
-0.791
-0.788
-0.785
-0.782
-0.779
-0.776
-0.772
-0.769
-0.765
-0.762
-0.758
-0.754
-0.751
-0.747
-0.743
-0.739
-0.734
-0.73
-0.726
-0.721
-0.717
-0.712
-0.707
-0.703
-0.698
-0.693
-0.688
-0.682
-0.677
-0.672
-0.666
-0.661
-0.655
-0.649
-0.644
-0.638
-0.632
-0.625
-0.619
-0.613
-0.606
-0.6
-0.593
-0.587
-0.58
-0.573
-0.566
-0.559
-0.551
-0.544
-0.537
-0.529
-0.521
-0.514
-0.506
-0.498
-0.49
-0.482
-0.474
-0.465
-0.457
-0.448
-0.439
-0.431
-0.422
-0.413
-0.404
-0.394
-0.385
-0.376
-0.366
-0.356
-0.347
-0.337
-0.327
-0.317
-0.306
-0.296
-0.286
-0.275
-0.264
-0.254
-0.243
-0.232
-0.221
-0.209
-0.198
-0.186
-0.175
-0.163
-0.151
-0.139
-0.127
-0.115
-0.103
-0.09
-0.078
-0.065
-0.052
-0.039
-0.026
-0.013
0.0
0.013
0.027
0.041
0.054
0.068
0.082
0.096
0.111
0.125
0.14
0.154
0.169
0.184
0.199
0.214
0.229
0.245
0.26
0.276
0.292
0.308
0.324
0.34
0.356
0.373
0.39
0.406
0.423
0.44
0.457
0.475
0.492
0.509
0.527
0.545
0.563
0.581
0.599
0.618
0.636
0.655
0.674
0.692
0.711
0.731
0.75
0.769
0.789
0.809
0.828
0.848
0.868
0.887
0.906
0.926
0.945
0.963
0.982
1.0
1.018
1.035
1.052
1.069
1.085
1.101
1.117
1.132
1.147
1.162
1.176
1.19
1.204
1.217
1.23
1.243
1.255
1.267
1.279
1.29
1.301
1.312
1.322
1.333
1.342
1.352
1.361
1.37
1.379
1.387
1.395
1.403
1.41
1.418
1.425
1.431
1.438
1.444
1.45
1.455
1.46
1.465
1.47
1.475
1.479
1.483
1.487
1.49
1.494
1.497
1.5
1.502
1.504
1.507
1.508
1.51
1.511
1.513
1.514
1.514
1.515
1.515
1.515
1.515
1.515
1.515
1.514
1.513
1.512
1.511
1.509
1.508
1.506
1.504
1.501
1.499
1.497
1.494
1.491
1.488
1.485
1.481
1.478
1.474
1.47
1.466
1.462
1.458
1.453
1.449
1.444
1.439
1.434
1.429
1.423
1.418
1.412
1.407
1.401
1.395
1.389
1.383
1.377
1.37
1.364
1.357
1.351
1.344
1.337
1.33
1.323
1.316
1.308
1.301
1.294
1.286
1.279
1.271
1.263
1.256
1.248
1.24
1.232
1.224
1.216
1.208
1.199
1.191
1.183
1.175
1.166
1.158
1.149
1.141
1.132
1.124
1.115
1.107
1.098
1.089
1.081
1.072
1.063
1.054
1.046
1.037
1.028
1.02
1.011
1.002
0.993
0.985
0.976
0.967
0.959
0.95
0.941
0.933
0.924
0.916
0.907
0.899
0.89
0.882
0.873
0.865
0.857
0.848
0.84
0.832
0.824
0.816
0.808
0.8
0.792
0.785
0.777
0.769
0.762
0.754
0.747
0.74
0.732
0.725
0.718
0.711
0.704
0.698
0.691
0.684
0.678
0.672
0.665
0.659
0.653
0.647
0.642
0.636
0.63
0.625
0.62
0.615
0.61
0.605
0.6
0.595
0.591
0.587
0.582
0.578
0.575
0.571
0.567
0.564
0.56
0.557
0.554
0.551
0.548
0.545
0.543
0.54
0.538
0.536
0.534
0.532
0.53
0.528
0.527
0.525
0.524
0.522
0.521
0.52
0.519
0.518
0.518
0.517
0.516
0.516
0.516
0.516
0.515
0.515
0.516
0.516
0.516
0.516
0.517
0.518
0.518
0.519
0.52
0.521
0.522
0.523
0.524
0.526
0.527
0.529
0.53
0.532
0.533
0.535
0.537
0.539
0.541
0.543
0.545
0.548
0.55
0.553
0.555
0.558
0.56
0.563
0.566
0.568
0.571
0.574
0.577
0.58
0.584
0.587
0.59
0.593
0.597
0.6
0.604
0.607
0.611
0.614
0.618
0.622
0.625
0.629
0.633
0.637
0.641
0.645
0.649
0.653
0.657
0.661
0.666
0.67
0.674
0.678
0.683
0.687
0.691
0.696
0.7
0.705
0.709
0.714
0.718
0.723
0.728
0.732
0.737
0.741
0.746
0.751
0.756
0.76
0.765
0.77
0.775
0.779
0.784
0.789
0.794
0.798
0.803
0.808
0.813
0.818
0.823
0.827
0.832
0.837
0.842
0.847
0.851
0.856
0.861
0.866
0.871
0.875
0.88
0.885
0.89
0.894
0.899
0.904
0.908
0.913
0.917
0.922
0.927
0.931
0.936
0.94
0.945
0.949
0.954
0.958
0.962
0.967
0.971
0.975
0.979
0.984
0.988
0.992
0.996
1.0
1.004
1.008
1.012
1.016
1.02
1.023
1.027
1.031
1.034
1.038
1.042
1.045
1.049
1.052
1.056
1.059
1.062
1.066
1.069
1.072
1.075
1.079
1.082
1.085
1.088
1.091
1.094
1.097
1.1
1.103
1.105
1.108
1.111
1.114
1.116
1.119
1.122
1.124
1.127
1.129
1.132
1.134
1.137
1.139
1.141
1.144
1.146
1.148
1.15
1.152
1.155
1.157
1.159
1.161
1.163
1.165
1.167
1.169
1.17
1.172
1.174
1.176
1.178
1.179
1.181
1.183
1.184
1.186
1.187
1.189
1.191
1.192
1.193
1.195
1.196
1.198
1.199
1.2
1.201
1.203
1.204
1.205
1.206
1.207
1.208
1.209
1.211
1.212
1.213
1.213
1.214
1.215
1.216
1.217
1.218
1.219
1.219
1.22
1.221
1.222
1.222
1.223
1.224
1.224
1.225
1.225
1.226
1.226
1.227
1.227
1.228
1.228
1.228
1.229
1.229
1.229
1.23
1.23
1.23
1.23
1.23
1.231
1.231
1.231
1.231
1.231
1.231
1.231
1.231
1.231
1.231
1.231
1.231
1.231
1.231
1.231
1.231
1.23
1.23
1.23
1.23
1.23
1.229
1.229
1.229
1.228
1.228
1.228
1.227
1.227
1.227
1.226
1.226
1.225
1.225
1.224
1.224
1.223
1.223
1.222
1.222
1.221
1.22
1.22
1.219
1.219
1.218
1.217
1.217
1.216
1.215
1.214
1.214
1.213
1.212
1.211
1.21
1.21
1.209
1.208
1.207
1.206
1.205
1.204
1.204
1.203
1.202
1.201
1.2
1.199
1.198
1.197
1.196
1.195
1.194
1.193
1.192
1.191
1.19
1.189
1.188
1.186
1.185
1.184
1.183
1.182
1.181
1.18
1.179
1.177
1.176
1.175
1.174
1.173
1.171
1.17
1.169
1.168
1.167
1.165
1.164
1.163
1.162
1.16
1.159
1.158
1.157
1.155
1.154
1.153
1.151
1.15
1.149
1.147
1.146
1.145
1.143
1.142
1.141
1.139
1.138
1.137
1.135
1.134
1.133
1.131
1.13
1.129
1.127
1.126
1.125
1.123
1.122
1.12
1.119
1.118
1.116
1.115
1.114
1.112
1.111
1.109
1.108
1.107
1.105
1.104
1.103
1.101
1.1
1.098
1.097
1.096
1.094
1.093
1.092
1.09
1.089
1.088
1.086
1.085
1.084
1.082
1.081
1.08
1.078
1.077
1.076
1.074
1.073
1.072
1.07
1.069
1.068
1.066
1.065
1.064
1.063
1.061
1.06
1.059
1.058
1.056
1.055
1.054
1.053
1.051
1.05
1.049
1.048
1.047
1.045
1.044
1.043
1.042
1.041
1.04
1.038
1.037
1.036
1.035
1.034
1.033
1.032
1.031
1.03
1.029
1.028
1.027
1.026
1.025
1.024
1.023
1.022
1.021
1.02
1.019
1.018
1.017
1.016
1.015
1.014
1.013
1.012
1.012
1.011
1.01
1.009
1.008
1.008
1.007
1.006
1.005
1.005
1.004
1.003
1.003
1.002
1.001
1.001
1.0
0.999
0.999
0.998
0.998
0.997
0.997
0.996
0.996
0.995
0.995
0.994
0.994
0.993
0.993
0.993
0.992
0.992
0.991
0.991
0.991
0.99
0.99
0.99
0.99
0.989
0.989
0.989
0.989
0.988
0.988
0.988
0.988
0.988
0.987
0.987
0.987
0.987
0.987
0.987
0.987
0.987
0.986
0.986
0.986
0.986
0.986
0.986
0.986
0.986
0.986
0.986
0.986
0.986
0.986
0.986
0.986
0.986
0.986
0.986
0.986
0.986
0.987
0.987
0.987
0.987
0.987
0.987
0.987
0.987
0.987
0.988
0.988
0.988
0.988
0.988
0.988
0.988
0.989
0.989
0.989
0.989
0.989
0.989
0.99
0.99
0.99
0.99
0.99
0.991
0.991
0.991
0.991
0.992
0.992
0.992
0.992
0.992
0.993
0.993
0.993
0.993
0.994
0.994
0.994
0.994
0.995
0.995
0.995
0.995
0.995
0.996
0.996
0.996
0.996
0.997
0.997
0.997
0.997
0.998
0.998
0.998
0.998
0.999
0.999
0.999
0.999
0.999
1.0
1.0
1.0
1.0
1.0
1.001
1.001
1.001
1.001
1.001
1.002
1.002
1.002
1.002
1.002
1.002
1.003
1.003
1.003
1.003
1.003
1.003
1.003
1.004
1.004
1.004
1.004
1.004
1.004
1.004
1.005
1.005
1.005
1.005
1.005
1.005
1.005
1.005
1.005
1.006
1.006
1.006
1.006
1.006
1.006
1.006
1.006
1.006
1.006
1.006
1.007
1.007
1.007
1.007
1.007
1.007
1.007
1.007
1.007
1.007
1.007
1.007
1.007
1.007
1.007
1.007
1.007
1.008
1.008
1.008
1.008
1.008
1.008
1.008
1.008
1.008
1.008
1.008
1.008
1.008
1.008
1.008
1.008
1.008
1.008
1.008
1.008
1.008
1.008
1.008
1.008
1.008
1.008
1.008
1.008
1.008
1.008
1.008
1.008
1.008
1.008
1.008
1.008
1.008
1.008
1.008
1.008
1.008
1.007
1.007
1.007
1.007
1.007
1.007
1.007
1.007
1.007
1.007
1.007
1.007
1.007
1.007
1.007
1.007
1.007
1.007
1.007
1.007
1.007
1.007
1.006
1.006
1.006
1.006
1.006
1.006
1.006
1.006
1.006
1.006
1.006
1.006
1.006
1.006
1.005
1.005
1.005
1.005
1.005
1.005
1.005
1.005
1.005
1.005
1.005
1.005
1.005
1.004
1.004
1.004
1.004
1.004
1.004
1.004
1.004
1.004
1.004
1.004
1.003
1.003
1.003
1.003
1.003
1.003
1.003
1.003
1.003
1.003
1.003
1.002
1.002
1.002
1.002
1.002
1.002
1.002
1.002
1.002
1.002
1.001
1.001
1.001
1.001
1.001
1.001
1.001
1.001
1.001
1.001
1.0
1.0
1.0
1.0
1.0
1.0
1.0
1.0
1.0
1.0
1.0
0.999
0.999
0.999
0.999
0.999
0.999
0.999
0.999
0.999
0.999
0.998
0.998
0.998
0.998
0.998
0.998
0.998
0.998
0.998
0.998
0.997
0.997
0.997
0.997
0.997
0.997
0.997
0.997
0.997
0.996
0.996
0.996
0.996
0.996
0.996
0.996
0.996
0.996
0.996
0.995
0.995
0.995
0.995
0.995
0.995
0.995
0.995
0.995
0.994
0.994
0.994
0.994
0.994
0.994
0.994
0.994
0.993
0.993
0.993
0.993
0.993
0.993
0.993
0.993
0.992
0.992
0.992
0.992
0.992
0.992
0.992
0.992
0.991
0.991
0.991
0.991
0.991
0.991
0.991
0.99
0.99
0.99
0.99
0.99
0.99
0.99
0.989
0.989
0.989
0.989
0.989
0.989
0.988
0.988
0.988
0.988
0.988
0.988
0.987
0.987
0.987
0.987
0.987
0.987
0.986
0.986
0.986
0.986
0.986
0.985
0.985
0.985
0.985
0.985
0.985
0.984
0.984
0.984
0.984
0.984
0.983
0.983
0.983
0.983
0.983
0.982
0.982
0.982
0.982
0.981
0.981
0.981
0.981
0.981
0.98
0.98
0.98
0.98
0.979
0.979
0.979
0.979
0.978
0.978
0.978
0.978
0.977
0.977
0.977
0.977
0.976
0.976
0.976
0.976
0.975
0.975
0.975
0.975
0.974
0.974
0.974
0.973
0.973
0.973
0.973
0.972
0.972
0.972
0.971
0.971
0.971
0.97
0.97
0.97
0.97
0.969
0.969
0.969
0.968
0.968
0.968
0.967
0.967
0.967
0.966
0.966
0.966
0.965
0.965
0.964
0.964
0.964
0.963
0.963
0.963
0.962
0.962
0.962
0.961
0.961
0.96
0.96
0.96
0.959
0.959
0.958
0.958
0.958
0.957
0.957
0.956
0.956
0.956
0.955
0.955
0.954
0.954
0.953
0.953
0.953
0.952
0.952
0.951
0.951
0.95
0.95
0.949
0.949
0.948
0.948
0.947
0.947
0.947
0.946
0.946
0.945
0.945
0.944
0.944
0.943
0.943
0.942
0.942
0.941
0.94
0.94
0.939
0.939
0.938
0.938
0.937
0.937
0.936
0.936
0.935
0.934
0.934
0.933
0.933
0.932
0.932
0.931
0.93
0.93
0.929
0.929
0.928
0.927
0.927
0.926
0.926
0.925
0.924
0.924
0.923
0.922
0.922
0.921
0.921
0.92
0.919
0.919
0.918
0.917
0.917
0.916
0.915
0.914
0.914
0.913
0.912
0.912
0.911
0.91
0.91
0.909
0.908
0.907
0.907
0.906
0.905
0.904
0.904
0.903
0.902
0.901
0.901
0.9
0.899
0.898
0.898
0.897
0.896
0.895
0.894
0.894
0.893
0.892
0.891
0.89
0.889
0.889
0.888
0.887
0.886
0.885
0.884
0.884
0.883
0.882
0.881
0.88
0.879
0.878
0.877
0.877
0.876
0.875
0.874
0.873
0.872
0.871
0.87
0.869
0.868
0.867
0.866
0.865
0.864
0.863
0.862
0.861
0.86
0.86
0.859
0.858
0.857
0.856
0.855
0.853
0.852
0.851
0.85
0.849
0.848
0.847
0.846
0.845
0.844
0.843
0.842
0.841
0.84
0.839
0.838
0.837
0.835
0.834
0.833
0.832
0.831
0.83
0.829
0.828
0.826
0.825
0.824
0.823
0.822
0.821
0.819
0.818
0.817
0.816
0.815
0.813
0.812
0.811
0.81
0.809
0.807
0.806
0.805
0.804
0.802
0.801
0.8
0.798
0.797
0.796
0.795
0.793
0.792
0.791
0.789
0.788
0.787
0.785
0.784
0.783
0.781
0.78
0.779
0.777
0.776
0.774
0.773
0.772
0.77
0.769
0.767
0.766
0.765
0.763
0.762
0.76
0.759
0.757
0.756
0.754
0.753
0.751
0.75
0.748
0.747
0.745
0.744
0.742
0.741
0.739
0.738
0.736
0.735
0.733
0.732
0.73
0.728
0.727
0.725
0.724
0.722
0.721
0.719
0.717
0.716
0.714
0.712
0.711
0.709
0.707
0.706
0.704
0.702
0.701
0.699
0.697
0.696
0.694
0.692
0.69
0.689
0.687
0.685
0.683
0.682
0.68
0.678
0.676
0.675
0.673
0.671
0.669
0.667
0.665
0.664
0.662
0.66
0.658
0.656
0.654
0.652
0.651
0.649
0.647
0.645
0.643
0.641
0.639
0.637
0.635
0.633
0.631
0.629
0.627
0.625
0.623
0.621
0.619
0.617
0.615
0.613
0.611
0.609
0.607
0.605
0.603
0.601
0.599
0.597
0.595
0.593
0.591
0.589
0.586
0.584
0.582
0.58
0.578
0.576
0.574
0.571
0.569
0.567
0.565
0.563
0.56
0.558
0.556
0.554
0.552
0.549
0.547
0.545
0.543
0.541
0.538
0.536
0.534
0.532
0.53
0.528
0.525
0.523
0.521
0.519
0.517
0.515
0.513
0.511
0.509
0.507
0.505
0.503
0.501
0.499
0.497
0.495
0.493
0.491
0.489
0.487
0.486
0.484
0.482
0.481
0.479
0.477
0.476
0.474
0.473
0.471
0.47
0.468
0.467
0.465
0.464
0.463
0.462
0.46
0.459
0.458
0.457
0.456
0.455
0.454
0.453
0.452
0.452
0.451
0.45
0.45
0.449
0.448
0.448
0.448
0.447
0.447
0.447
0.446
0.446
0.446
0.446
0.446
0.446
0.447
0.447
0.447
0.448
0.448
0.449
0.449
0.45
0.451
0.451
0.452
0.453
0.454
0.455
0.456
0.458
0.459
0.46
0.462
0.463
0.465
0.467
0.469
0.47
0.472
0.475
0.477
0.479
0.481
0.484
0.486
0.489
0.491
0.494
0.497
0.5
0.503
0.506
0.509
0.513
0.516
0.52
0.523
0.527
0.531
0.535
0.538
0.542
0.547
0.551
0.555
0.559
0.564
0.568
0.573
0.577
0.582
0.587
0.591
0.596
0.601
0.606
0.611
0.616
0.621
0.626
0.632
0.637
0.642
0.648
0.653
0.659
0.664
0.67
0.675
0.681
0.687
0.692
0.698
0.704
0.71
0.716
0.722
0.727
0.733
0.739
0.745
0.751
0.757
0.763
0.77
0.776
0.782
0.788
0.794
0.8
0.806
0.812
0.819
0.825
0.831
0.837
0.843
0.849
0.856
0.862
0.868
0.874
0.88
0.887
0.893
0.899
0.905
0.911
0.917
0.923
0.929
0.935
0.941
0.947
0.953
0.959
0.965
0.971
0.977
0.983
0.989
0.994
1.0
1.006
1.011
1.017
1.023
1.028
1.034
1.039
1.045
1.05
1.055
1.061
1.066
1.071
1.076
1.082
1.087
1.092
1.097
1.102
1.107
1.112
1.117
1.122
1.127
1.131
1.136
1.141
1.146
1.15
1.155
1.16
1.164
1.169
1.173
1.178
1.182
1.187
1.191
1.196
1.2
1.204
1.208
1.213
1.217
1.221
1.225
1.229
1.233
1.237
1.241
1.245
1.249
1.253
1.257
1.261
1.265
1.268
1.272
1.276
1.279
1.283
1.287
1.29
1.294
1.297
1.301
1.304
1.308
1.311
1.314
1.318
1.321
1.324
1.327
1.331
1.334
1.337
1.34
1.343
1.346
1.349
1.352
1.355
1.358
1.361
1.364
1.366
1.369
1.372
1.375
1.377
1.38
1.383
1.385
1.388
1.391
1.393
1.396
1.398
1.4
1.403
1.405
1.408
1.41
1.412
1.415
1.417
1.419
1.421
1.423
1.425
1.428
1.43
1.432
1.434
1.436
1.438
1.44
1.441
1.443
1.445
1.447
1.449
1.451
1.452
1.454
1.456
1.457
1.459
1.461
1.462
1.464
1.465
1.467
1.468
1.47
1.471
1.472
1.474
1.475
1.476
1.478
1.479
1.48
1.481
1.483
1.484
1.485
1.486
1.487
1.488
1.489
1.49
1.491
1.492
1.493
1.494
1.495
1.496
1.497
1.497
1.498
1.499
1.5
1.5
1.501
1.502
1.502
1.503
1.504
1.504
1.505
1.505
1.506
1.506
1.507
1.507
1.508
1.508
1.508
1.509
1.509
1.509
1.51
1.51
1.51
1.51
1.51
1.511
1.511
1.511
1.511
1.511
1.511
1.511
1.511
1.511
1.511
1.511
1.511
1.511
1.511
1.51
1.51
1.51
1.51
1.51
1.509
1.509
1.509
1.509
1.508
1.508
1.507
1.507
1.507
1.506
1.506
1.505
1.505
1.504
1.504
1.503
1.503
1.502
1.501
1.501
1.5
1.499
1.499
1.498
1.497
1.497
1.496
1.495
1.494
1.493
1.493
1.492
1.491
1.49
1.489
1.488
1.487
1.486
1.485
1.484
1.483
1.482
1.481
1.48
1.479
1.478
1.477
1.475
1.474
1.473
1.472
1.471
1.469
1.468
1.467
1.466
1.464
1.463
1.462
1.46
1.459
1.458
1.456
1.455
1.453
1.452
1.45
1.449
1.447
1.446
1.444
1.443
1.441
1.44
1.438
1.437
1.435
1.433
1.432
1.43
1.428
1.427
1.425
1.423
1.422
1.42
1.418
1.416
1.414
1.413
1.411
1.409
1.407
1.405
1.403
1.402
1.4
1.398
1.396
1.394
1.392
1.39
1.388
1.386
1.384
1.382
1.38
1.378
1.376
1.374
1.372
1.37
1.367
1.365
1.363
1.361
1.359
1.357
1.355
1.352
1.35
1.348
1.346
1.344
1.341
1.339
1.337
1.334
1.332
1.33
1.328
1.325
1.323
1.321
1.318
1.316
1.313
1.311
1.309
1.306
1.304
1.301
1.299
1.296
1.294
1.292
1.289
1.287
1.284
1.282
1.279
1.277
1.274
1.271
1.269
1.266
1.264
1.261
1.259
1.256
1.253
1.251
1.248
1.246
1.243
1.24
1.238
1.235
1.232
1.23
1.227
1.224
1.221
1.219
1.216
1.213
1.211
1.208
1.205
1.202
1.2
1.197
1.194
1.191
1.188
1.186
1.183
1.18
1.177
1.174
1.171
1.169
1.166
1.163
1.16
1.157
1.154
1.151
1.149
1.146
1.143
1.14
1.137
1.134
1.131
1.128
1.125
1.122
1.119
1.117
1.114
1.111
1.108
1.105
1.102
1.099
1.096
1.093
1.09
1.087
1.084
1.081
1.078
1.075
1.072
1.069
1.066
1.063
1.06
1.057
1.054
1.051
1.048
1.045
1.042
1.039
1.036
1.032
1.029
1.026
1.023
1.02
1.017
1.014
1.011
1.008
1.005
1.002
0.999
0.996
0.993
0.99
0.986
0.983
0.98
0.977
0.974
0.971
0.968
0.965
0.962
0.959
0.956
0.953
0.949
0.946
0.943
0.94
0.937
0.934
0.931
0.928
0.925
0.922
0.918
0.915
0.912
0.909
0.906
0.903
0.9
0.897
0.894
0.891
0.887
0.884
0.881
0.878
0.875
0.872
0.869
0.866
0.863
0.86
0.857
0.854
0.85
0.847
0.844
0.841
0.838
0.835
0.832
0.829
0.826
0.823
0.82
0.817
0.814
0.811
0.808
0.805
0.801
0.798
0.795
0.792
0.789
0.786
0.783
0.78
0.777
0.774
0.771
0.768
0.765
0.762
0.759
0.756
0.753
0.75
0.747
0.744
0.741
0.738
0.735
0.733
0.73
0.727
0.724
0.721
0.718
0.715
0.712
0.709
0.706
0.703
0.7
0.697
0.695
0.692
0.689
0.686
0.683
0.68
0.677
0.675
0.672
0.669
0.666
0.663
0.66
0.658
0.655
0.652
0.649
0.646
0.644
0.641
0.638
0.635
0.633
0.63
0.627
0.625
0.622
0.619
0.616
0.614
0.611
0.608
0.606
0.603
0.6
0.598
0.595
0.593
0.59
0.587
0.585
0.582
0.58
0.577
0.574
0.572
0.569
0.567
0.564
0.562
0.559
0.557
0.554
0.552
0.549
0.547
0.544
0.542
0.54
0.537
0.535
0.532
0.53
0.528
0.525
0.523
0.52
0.518
0.516
0.513
0.511
0.509
0.507
0.504
0.502
0.5
0.498
0.495
0.493
0.491
0.489
0.487
0.484
0.482
0.48
0.478
0.476
0.474
0.472
0.47
0.468
0.466
0.464
0.461
0.459
0.457
0.455
0.453
0.452
0.45
0.448
0.446
0.444
0.442
0.44
0.438
0.436
0.434
0.433
0.431
0.429
0.427
0.425
0.424
0.422
0.42
0.419
0.417
0.415
0.413
0.412
0.41
0.409
0.407
0.405
0.404
0.402
0.401
0.399
0.398
0.396
0.395
0.393
0.392
0.39
0.389
0.387
0.386
0.385
0.383
0.382
0.381
0.379
0.378
0.377
0.375
0.374
0.373
0.372
0.371
0.369
0.368
0.367
0.366
0.365
0.364
0.363
0.362
0.361
0.36
0.359
0.358
0.357
0.356
0.355
0.354
0.353
0.352
0.351
0.35
0.35
0.349
0.348
0.347
0.347
0.346
0.345
0.344
0.344
0.343
0.343
0.342
0.341
0.341
0.34
0.34
0.339
0.339
0.338
0.338
0.337
0.337
0.337
0.336
0.336
0.335
0.335
0.335
0.335
0.334
0.334
0.334
0.334
0.334
0.333
0.333
0.333
0.333
0.333
0.333
0.333
0.333
0.333
0.333
0.333
0.333
0.333
0.333
0.333
0.333
0.333
0.333
0.334
0.334
0.334
0.334
0.334
0.334
0.334
0.334
0.334
0.334
0.334
0.334
0.334
0.334
0.334
0.334
0.334
0.334
0.334
0.334
0.334
0.333
0.333
0.333
0.333
0.332
0.332
0.332
0.331
0.331
0.331
0.33
0.33
0.329
0.329
0.329
0.328
0.328
0.327
0.327
0.326
0.326
0.325
0.324
0.324
0.323
0.323
0.322
0.322
0.321
0.321
0.32
0.319
0.319
0.318
0.318
0.317
0.316
0.316
0.315
0.315
0.314
0.314
0.313
0.313
0.312
0.312
0.311
0.311
0.31
0.31
0.309
0.309
0.309
0.308
0.308
0.308
0.307
0.307
0.307
0.306
0.306
0.306
0.306
0.306
0.306
0.306
0.305
0.305
0.305
0.306
0.306
0.306
0.306
0.306
0.306
0.306
0.307
0.307
0.307
0.308
0.308
0.309
0.309
0.31
0.31
0.311
0.312
0.313
0.313
0.314
0.315
0.316
0.317
0.318
0.319
0.32
0.322
0.323
0.324
0.326
0.327
0.328
0.33
0.332
0.333
0.335
0.337
0.339
0.341
0.343
0.345
0.347
0.349
0.351
0.353
0.356
0.358
0.361
0.363
0.366
0.368
0.371
0.374
0.376
0.379
0.382
0.385
0.388
0.391
0.394
0.397
0.4
0.403
0.407
0.41
0.413
0.416
0.42
0.423
0.427
0.43
0.434
0.437
0.441
0.445
0.448
0.452
0.456
0.46
0.464
0.468
0.471
0.475
0.479
0.483
0.487
0.492
0.496
0.5
0.504
0.508
0.512
0.517
0.521
0.525
0.53
0.534
0.538
0.543
0.547
0.551
0.556
0.56
0.565
0.569
0.574
0.578
0.583
0.588
0.592
0.597
0.601
0.606
0.611
0.615
0.62
0.625
0.629
0.634
0.639
0.644
0.648
0.653
0.658
0.663
0.667
0.672
0.677
0.682
0.686
0.691
0.696
0.701
0.706
0.71
0.715
0.72
0.725
0.73
0.734
0.739
0.744
0.749
0.753
0.758
0.763
0.768
0.772
0.777
0.782
0.786
0.791
0.796
0.8
0.805
0.81
0.814
0.819
0.824
0.828
0.833
0.837
0.842
0.846
0.851
0.855
0.86
0.864
0.869
0.873
0.877
0.882
0.886
0.89
0.895
0.899
0.903
0.907
0.911
0.915
0.92
0.924
0.928
0.932
0.936
0.94
0.944
0.947
0.951
0.955
0.959
0.963
0.966
0.97
0.974
0.977
0.981
0.984
0.988
0.991
0.995
0.998
1.001
1.005
1.008
1.011
1.014
1.017
1.02
1.023
1.026
1.029
1.032
1.035
1.037
1.04
1.043
1.045
1.048
1.05
1.053
1.055
1.058
1.06
1.062
1.064
1.066
1.068
1.07
1.072
1.074
1.076
1.078
1.079
1.081
1.082
1.084
1.085
1.087
1.088
1.089
1.09
1.091
1.092
1.093
1.094
1.095
1.096
1.096
1.097
1.098
1.098
1.098
1.099
1.099
1.099
1.099
1.099
1.099
1.099
1.099
1.098
1.098
1.097
1.097
1.096
1.095
1.095
1.094
1.093
1.092
1.091
1.089
1.088
1.087
1.085
1.083
1.082
1.08
1.078
1.076
1.074
1.072
1.07
1.067
1.065
1.062
1.06
1.057
1.054
1.051
1.048
1.045
1.042
1.039
1.035
1.032
1.028
1.025
1.021
1.017
1.013
1.009
1.004
1.0
0.996
0.991
0.986
0.982
0.977
0.972
0.967
0.961
0.956
0.951
0.945
0.94
0.934
0.929
0.923
0.917
0.911
0.905
0.899
0.893
0.887
0.88
0.874
0.867
0.861
0.854
0.848
0.841
0.834
0.827
0.821
0.814
0.807
0.8
0.793
0.785
0.778
0.771
0.764
0.757
0.749
0.742
0.734
0.727
0.72
0.712
0.705
0.697
0.69
0.682
0.674
0.667
0.659
0.651
0.644
0.636
0.628
0.621
0.613
0.605
0.598
0.59
0.582
0.574
0.567
0.559
0.551
0.544
0.536
0.528
0.521
0.513
0.505
0.498
0.49
0.483
0.475
0.468
0.46
0.453
0.445
0.438
0.431
0.423
0.416
0.409
0.402
0.395
0.388
0.38
0.373
0.367
0.36
0.353
0.346
0.339
0.333
0.326
0.32
0.313
0.307
0.3
0.294
0.288
0.282
0.276
0.27
0.264
0.258
0.252
0.247
0.241
0.236
0.23
0.225
0.22
0.215
0.21
0.205
0.2
0.195
0.191
0.186
0.182
0.178
0.174
0.17
0.166
0.162
0.158
0.155
0.151
0.148
0.144
0.141
0.138
0.136
0.133
0.13
0.128
0.126
0.123
0.121
0.12
0.118
0.116
0.115
0.114
0.112
0.111
0.111
0.11
0.109
0.109
0.109
0.109
0.109
0.109
0.11
0.11
0.111
0.112
0.113
0.115
0.116
0.118
0.12
0.122
0.124
0.126
0.129
0.132
0.135
0.138
0.141
0.145
0.149
0.153
0.157
0.161
0.166
0.171
0.176
0.181
0.186
0.192
0.198
0.204
0.21
0.217
0.223
0.23
0.238
0.245
0.253
0.261
0.269
0.277
0.286
0.295
0.304
0.313
0.322
0.332
0.342
0.352
0.363
0.373
0.384
0.395
0.406
0.417
0.428
0.44
0.451
0.463
0.475
0.487
0.499
0.511
0.524
0.536
0.549
0.561
0.574
0.587
0.599
0.612
0.625
0.638
0.651
0.664
0.677
0.69
0.703
0.716
0.729
0.742
0.755
0.768
0.781
0.794
0.807
0.819
0.832
0.845
0.857
0.87
0.882
0.895
0.907
0.919
0.931
0.943
0.954
0.966
0.978
0.989
1.0
1.011
1.022
1.033
1.043
1.053
1.064
1.074
1.084
1.093
1.103
1.112
1.122
1.131
1.14
1.149
1.157
1.166
1.174
1.182
1.191
1.199
1.206
1.214
1.221
1.229
1.236
1.243
1.25
1.257
1.264
1.27
1.276
1.283
1.289
1.295
1.301
1.306
1.312
1.317
1.323
1.328
1.333
1.338
1.343
1.347
1.352
1.356
1.361
1.365
1.369
1.373
1.376
1.38
1.384
1.387
1.39
1.394
1.397
1.4
1.402
1.405
1.408
1.41
1.412
1.415
1.417
1.419
1.421
1.423
1.424
1.426
1.427
1.429
1.43
1.431
1.432
1.433
1.434
1.435
1.435
1.436
1.436
1.437
1.437
1.437
1.437
1.437
1.437
1.436
1.436
1.436
1.435
1.434
1.434
1.433
1.432
1.431
1.43
1.429
1.427
1.426
1.425
1.423
1.421
1.42
1.418
1.416
1.414
1.412
1.41
1.408
1.406
1.403
1.401
1.398
1.396
1.393
1.39
1.387
1.385
1.382
1.379
1.376
1.372
1.369
1.366
1.362
1.359
1.355
1.352
1.348
1.345
1.341
1.337
1.333
1.329
1.325
1.321
1.317
1.313
1.308
1.304
1.3
1.295
1.291
1.286
1.282
1.277
1.272
1.268
1.263
1.258
1.253
1.248
1.243
1.238
1.233
1.228
1.223
1.218
1.212
1.207
1.202
1.196
1.191
1.185
1.18
1.174
1.169
1.163
1.157
1.152
1.146
1.14
1.134
1.129
1.123
1.117
1.111
1.105
1.099
1.093
1.087
1.081
1.075
1.069
1.063
1.056
1.05
1.044
1.038
1.032
1.025
1.019
1.013
1.006
1.0
0.994
0.987
0.981
0.975
0.968
0.962
0.955
0.949
0.942
0.936
0.929
0.923
0.916
0.91
0.903
0.897
0.89
0.884
0.877
0.871
0.864
0.858
0.851
0.845
0.838
0.832
0.825
0.819
0.812
0.806
0.799
0.793
0.786
0.78
0.773
0.767
0.76
0.754
0.747
0.741
0.734
0.728
0.722
0.715
0.709
0.703
0.696
0.69
0.684
0.677
0.671
0.665
0.659
0.653
0.646
0.64
0.634
0.628
0.622
0.616
0.61
0.604
0.598
0.592
0.586
0.581
0.575
0.569
0.563
0.557
0.552
0.546
0.541
0.535
0.529
0.524
0.518
0.513
0.508
0.502
0.497
0.492
0.487
0.481
0.476
0.471
0.466
0.461
0.456
0.451
0.447
0.442
0.437
0.432
0.428
0.423
0.419
0.414
0.41
0.405
0.401
0.397
0.393
0.389
0.385
0.381
0.377
0.373
0.369
0.365
0.362
0.358
0.354
0.351
0.347
0.344
0.341
0.338
0.334
0.331
0.328
0.325
0.323
0.32
0.317
0.315
0.312
0.309
0.307
0.305
0.302
0.3
0.298
0.296
0.294
0.292
0.291
0.289
0.287
0.286
0.285
0.283
0.282
0.281
0.28
0.279
0.278
0.277
0.276
0.276
0.275
0.275
0.275
0.274
0.274
0.274
0.274
0.274
0.275
0.275
0.275
0.276
0.277
0.277
0.278
0.279
0.28
0.282
0.283
0.284
0.286
0.287
0.289
0.291
0.293
0.295
0.297
0.299
0.301
0.303
0.306
0.308
0.31
0.313
0.315
0.317
0.32
0.322
0.324
0.327
0.329
0.331
0.333
0.335
0.338
0.34
0.342
0.344
0.345
0.347
0.349
0.351
0.352
0.354
0.356
0.357
0.359
0.36
0.361
0.363
0.364
0.365
0.366
0.368
0.369
0.37
0.371
0.372
0.372
0.373
0.374
0.375
0.376
0.376
0.377
0.377
0.378
0.378
0.379
0.379
0.38
0.38
0.38
0.381
0.381
0.381
0.381
0.381
0.381
0.381
0.381
0.381
0.381
0.381
0.38
0.38
0.38
0.38
0.379
0.379
0.378
0.378
0.377
0.377
0.376
0.376
0.375
0.374
0.374
0.373
0.372
0.371
0.37
0.369
0.368
0.367
0.366
0.365
0.364
0.363
0.362
0.361
0.36
0.359
0.357
0.356
0.355
0.354
0.352
0.351
0.349
0.348
0.346
0.345
0.343
0.342
0.34
0.339
0.337
0.335
0.334
0.332
0.33
0.328
0.327
0.325
0.323
0.321
0.319
0.317
0.315
0.313
0.312
0.31
0.308
0.305
0.303
0.301
0.299
0.297
0.295
0.293
0.291
0.288
0.286
0.284
0.282
0.28
0.277
0.275
0.273
0.27
0.268
0.266
0.263
0.261
0.258
0.256
0.253
0.251
0.249
0.246
0.244
0.241
0.239
0.236
0.233
0.231
0.228
0.226
0.223
0.221
0.218
0.215
0.213
0.21
0.207
0.205
0.202
0.199
0.197
0.194
0.191
0.188
0.186
0.183
0.18
0.178
0.175
0.172
0.169
0.167
0.164
0.161
0.158
0.155
0.153
0.15
0.147
0.144
0.142
0.139
0.136
0.133
0.13
0.128
0.125
0.122
0.119
0.116
0.114
0.111
0.108
0.105
0.102
0.1
0.097
0.094
0.091
0.088
0.086
0.083
0.08
0.077
0.075
0.072
0.069
0.066
0.064
0.061
0.058
0.055
0.053
0.05
0.047
0.045
0.042
0.039
0.036
0.034
0.031
0.029
0.026
0.023
0.021
0.018
0.015
0.013
0.01
0.008
0.005
0.003
0.0
-0.002
-0.005
-0.007
-0.01
-0.012
-0.015
-0.017
-0.019
-0.022
-0.024
-0.027
-0.029
-0.031
-0.034
-0.036
-0.038
-0.04
-0.043
-0.045
-0.047
-0.049
-0.051
-0.054
-0.056
-0.058
-0.06
-0.062
-0.064
-0.066
-0.068
-0.07
-0.072
-0.074
-0.076
-0.078
-0.08
-0.081
-0.083
-0.085
-0.087
-0.089
-0.09
-0.092
-0.094
-0.095
-0.097
-0.098
-0.1
-0.102
-0.103
-0.105
-0.106
-0.107
-0.109
-0.11
-0.112
-0.113
-0.114
-0.115
-0.117
-0.118
-0.119
-0.12
-0.121
-0.122
-0.123
-0.124
-0.125
-0.126
-0.127
-0.128
-0.129
-0.13
-0.131
-0.131
-0.132
-0.133
-0.133
-0.134
-0.134
-0.135
-0.135
-0.136
-0.136
-0.137
-0.137
-0.137
-0.138
-0.138
-0.138
-0.138
-0.138
-0.138
-0.138
-0.138
-0.138
-0.138
-0.138
-0.138
-0.138
-0.137
-0.137
-0.137
-0.136
-0.136
-0.136
-0.135
-0.134
-0.134
-0.133
-0.132
-0.132
-0.131
-0.13
-0.129
-0.128
-0.127
-0.126
-0.125
-0.124
-0.123
-0.122
-0.121
-0.119
-0.118
-0.117
-0.115
-0.114
-0.112
-0.11
-0.109
-0.107
-0.105
-0.103
-0.102
-0.1
-0.098
-0.096
-0.094
-0.092
-0.089
-0.087
-0.085
-0.083
-0.08
-0.078
-0.075
-0.073
-0.07
-0.067
-0.065
-0.062
-0.059
-0.056
-0.053
-0.05
-0.047
-0.044
-0.041
-0.038
-0.034
-0.031
-0.027
-0.024
-0.02
-0.017
-0.013
-0.009
-0.006
-0.002
0.002
0.006
0.01
0.014
0.018
0.023
0.027
0.031
0.036
0.04
0.045
0.049
0.054
0.059
0.064
0.069
0.074
0.079
0.084
0.089
0.094
0.099
0.105
0.11
0.116
0.121
0.127
0.133
0.138
0.144
0.15
0.156
0.162
0.168
0.174
0.181
0.187
0.194
0.2
0.207
0.213
0.22
0.227
0.234
0.24
0.247
0.254
0.262
0.269
0.276
0.283
0.291
0.298
0.305
0.313
0.32
0.328
0.335
0.343
0.351
0.358
0.366
0.374
0.382
0.39
0.398
0.405
0.413
0.421
0.429
0.437
0.445
0.453
0.461
0.469
0.477
0.485
0.494
0.502
0.51
0.518
0.526
0.534
0.542
0.55
0.558
0.566
0.574
0.582
0.59
0.598
0.606
0.614
0.622
0.63
0.638
0.646
0.654
0.662
0.67
0.677
0.685
0.693
0.7
0.708
0.716
0.723
0.731
0.738
0.745
0.753
0.76
0.767
0.775
0.782
0.789
0.796
0.803
0.81
0.816
0.823
0.83
0.836
0.843
0.849
0.856
0.862
0.868
0.874
0.881
0.887
0.892
0.898
0.904
0.91
0.915
0.92
0.926
0.931
0.936
0.941
0.946
0.951
0.956
0.96
0.965
0.969
0.973
0.978
0.982
0.986
0.989
0.993
0.997
1.0
1.003
1.006
1.009
1.012
1.015
1.018
1.02
1.023
1.025
1.027
1.03
1.032
1.033
1.035
1.037
1.038
1.04
1.041
1.043
1.044
1.045
1.046
1.047
1.048
1.048
1.049
1.05
1.05
1.051
1.051
1.051
1.052
1.052
1.052
1.052
1.052
1.052
1.051
1.051
1.051
1.05
1.05
1.05
1.049
1.048
1.048
1.047
1.046
1.046
1.045
1.044
1.043
1.042
1.041
1.041
1.04
1.039
1.037
1.036
1.035
1.034
1.033
1.032
1.031
1.03
1.028
1.027
1.026
1.025
1.024
1.022
1.021
1.02
1.019
1.018
1.017
1.015
1.014
1.013
1.012
1.011
1.01
1.009
1.008
1.006
1.005
1.004
1.004
1.003
1.002
1.001
1.0
0.999
0.998
0.998
0.997
0.996
0.996
0.995
0.995
0.994
0.994
0.993
0.993
0.993
0.992
0.992
0.992
0.991
0.991
0.991
0.991
0.991
0.991
0.991
0.991
0.991
0.991
0.991
0.991
0.991
0.991
0.991
0.991
0.992
0.992
0.992
0.992
0.993
0.993
0.993
0.994
0.994
0.995
0.995
0.996
0.996
0.997
0.997
0.998
0.998
0.999
0.999
1.0
1.001
1.001
1.002
1.003
1.003
1.004
1.005
1.006
1.006
1.007
1.008
1.009
1.01
1.01
1.011
1.012
1.013
1.014
1.015
1.016
1.016
1.017
1.018
1.019
1.02
1.021
1.022
1.023
1.024
1.025
1.026
1.027
1.028
1.029
1.03
1.031
1.032
1.033
1.034
1.035
1.036
1.037
1.038
1.039
1.04
1.041
1.042
1.043
1.044
1.045
1.046
1.047
1.048
1.049
1.05
1.051
1.052
1.053
1.054
1.055
1.056
1.057
1.057
1.058
1.059
1.06
1.061
1.062
1.063
1.064
1.065
1.066
1.066
1.067
1.068
1.069
1.07
1.07
1.071
1.072
1.073
1.073
1.074
1.075
1.075
1.076
1.077
1.077
1.078
1.079
1.079
1.08
1.08
1.081
1.081
1.082
1.082
1.083
1.083
1.083
1.084
1.084
1.084
1.085
1.085
1.085
1.085
1.086
1.086
1.086
1.086
1.086
1.086
1.086
1.086
1.086
1.086
1.086
1.086
1.086
1.086
1.086
1.085
1.085
1.085
1.084
1.084
1.084
1.083
1.083
1.082
1.082
1.081
1.081
1.08
1.079
1.079
1.078
1.077
1.076
1.076
1.075
1.074
1.073
1.072
1.071
1.07
1.068
1.067
1.066
1.065
1.064
1.062
1.061
1.059
1.058
1.056
1.055
1.053
1.052
1.05
1.048
1.046
1.044
1.043
1.041
1.039
1.037
1.035
1.032
1.03
1.028
1.026
1.023
1.021
1.019
1.016
1.014
1.011
1.008
1.006
1.003
1.0
0.997
0.994
0.991
0.988
0.985
0.982
0.979
0.976
0.972
0.969
0.965
0.962
0.958
0.955
0.951
0.948
0.944
0.94
0.936
0.932
0.929
0.925
0.921
0.916
0.912
0.908
0.904
0.9
0.895
0.891
0.887
0.882
0.878
0.873
0.868
0.864
0.859
0.854
0.85
0.845
0.84
0.835
0.83
0.825
0.82
0.815
0.81
0.804
0.799
0.794
0.789
0.783
0.778
0.772
0.767
0.761
0.756
0.75
0.745
0.739
0.733
0.727
0.721
0.716
0.71
0.704
0.698
0.692
0.686
0.68
0.673
0.667
0.661
0.655
0.649
0.642
0.636
0.629
0.623
0.617
0.61
0.604
0.597
0.59
0.584
0.577
0.57
0.564
0.557
0.55
0.543
0.536
0.529
0.522
0.515
0.508
0.501
0.494
0.487
0.48
0.473
0.466
0.458
0.451
0.444
0.436
0.429
0.422
0.414
0.407
0.399
0.392
0.384
0.377
0.369
0.362
0.354
0.346
0.339
0.331
0.323
0.315
0.308
0.3
0.292
0.284
0.276
0.268
0.26
0.252
0.244
0.236
0.228
0.22
0.212
0.204
0.196
0.188
0.18
0.171
0.163
0.155
0.147
0.138
0.13
0.122
0.113
0.105
0.097
0.088
0.08
0.071
0.063
0.054
0.046
0.037
0.029
0.02
0.012
0.003
-0.005
-0.014
-0.023
-0.031
-0.04
-0.049
-0.057
-0.066
-0.075
-0.083
-0.092
-0.101
-0.11
-0.119
-0.127
-0.136
-0.145
-0.154
-0.163
-0.172
-0.18
-0.189
-0.198
-0.207
-0.216
-0.225
-0.234
-0.243
-0.252
-0.261
-0.27
-0.279
-0.288
-0.297
-0.306
-0.315
-0.324
-0.333
-0.342
-0.351
-0.36
-0.369
-0.378
-0.387
-0.397
-0.406
-0.415
-0.424
-0.433
-0.442
-0.451
-0.46
-0.47
-0.479
-0.488
-0.497
-0.506
-0.515
-0.524
-0.534
-0.543
-0.552
-0.561
-0.57
-0.579
-0.589
-0.598
-0.607
-0.616
-0.625
-0.634
-0.643
-0.653
-0.662
-0.671
-0.68
-0.689
-0.698
-0.708
-0.717
-0.726
-0.735
-0.744
-0.753
-0.762
-0.772
-0.781
-0.79
-0.799
-0.808
-0.817
-0.826
-0.835
-0.845
-0.854
-0.863
-0.872
-0.881
-0.89
-0.899
-0.908
-0.917
-0.926
-0.935
-0.944
-0.953
-0.962
-0.971
-0.98
-0.989
-0.998
-1.007
-1.016
-1.025
-1.034
-1.043
-1.052
-1.06
-1.069
-1.078
-1.087
-1.096
-1.105
-1.113
-1.122
-1.131
-1.14
-1.149
-1.157
-1.166
-1.175
-1.183
-1.192
-1.201
-1.209
-1.218
-1.227
-1.235
-1.244
-1.252
-1.261
-1.27
-1.278
-1.287
-1.295
-1.304
-1.312
-1.32
-1.329
-1.337
-1.346
-1.354
-1.362
-1.371
-1.379
-1.387
-1.395
-1.404
-1.412
-1.42
-1.428
-1.436
-1.444
-1.452
-1.461
-1.469
-1.477
-1.485
-1.493
-1.501
-1.508
-1.516
-1.524
-1.532
-1.54
-1.548
-1.555
-1.563
-1.571
-1.579
-1.586
-1.594
-1.602
-1.609
-1.617
-1.624
-1.632
-1.639
-1.647
-1.654
-1.662
-1.669
-1.676
-1.684
-1.691
-1.698
-1.705
-1.712
-1.72
-1.727
-1.734
-1.741
-1.748
-1.755
-1.762
-1.769
-1.776
-1.782
-1.789
-1.796
-1.803
-1.81
-1.816
-1.823
-1.83
-1.836
-1.843
-1.849
-1.856
-1.862
-1.868
-1.875
-1.881
-1.887
-1.894
-1.9
-1.906
-1.912
-1.918
-1.924
-1.93
-1.936
-1.942
-1.948
-1.954
-1.96
-1.966
-1.972
-1.977
-1.983
-1.989
-1.994
-2.0
-2.005
-2.011
-2.016
-2.021
-2.027
-2.032
-2.037
-2.042
-2.048
-2.053
-2.058
-2.063
-2.068
-2.073
-2.078
-2.082
-2.087
-2.092
-2.097
-2.101
-2.106
-2.111
-2.115
-2.12
-2.124
-2.128
-2.133
-2.137
-2.141
-2.145
-2.15
-2.154
-2.158
-2.162
-2.166
-2.169
-2.173
-2.177
-2.181
-2.184
-2.188
-2.192
-2.195
-2.199
-2.202
-2.205
-2.209
-2.212
-2.215
-2.218
-2.221
-2.225
-2.227
-2.23
-2.233
-2.236
-2.239
-2.242
-2.244
-2.247
-2.249
-2.252
-2.254
-2.257
-2.259
-2.261
-2.264
-2.266
-2.268
-2.27
-2.272
-2.274
-2.275
-2.277
-2.279
-2.281
-2.282
-2.284
-2.285
-2.287
-2.288
-2.289
-2.291
-2.292
-2.293
-2.294
-2.295
-2.296
-2.297
-2.298
-2.298
-2.299
-2.3
-2.3
-2.301
-2.301
-2.301
-2.302
-2.302
-2.302
-2.302
-2.302
-2.302
-2.302
-2.302
-2.302
-2.301
-2.301
-2.301
-2.3
-2.299
-2.299
-2.298
-2.297
-2.296
-2.296
-2.295
-2.293
-2.292
-2.291
-2.29
-2.289
-2.287
-2.286
-2.284
-2.282
-2.281
-2.279
-2.277
-2.275
-2.273
-2.271
-2.269
-2.267
-2.264
-2.262
-2.26
-2.257
-2.254
-2.252
-2.249
-2.246
-2.243
-2.24
-2.237
-2.234
-2.231
-2.228
-2.224
-2.221
-2.217
-2.214
-2.21
-2.206
-2.203
-2.199
-2.195
-2.191
-2.186
-2.182
-2.178
-2.174
-2.169
-2.164
-2.16
-2.155
-2.15
-2.145
-2.141
-2.135
-2.13
-2.125
-2.12
-2.114
-2.109
-2.103
-2.098
-2.092
-2.086
-2.08
-2.074
-2.068
-2.062
-2.056
-2.05
-2.043
-2.037
-2.03
-2.024
-2.017
-2.01
-2.003
-1.996
-1.989
-1.982
-1.975
-1.967
-1.96
-1.952
-1.945
-1.937
-1.929
-1.921
-1.913
-1.905
-1.897
-1.889
-1.88
-1.872
-1.863
-1.855
-1.846
-1.837
-1.828
-1.819
-1.81
-1.801
-1.791
-1.782
-1.773
-1.763
-1.753
-1.744
-1.734
-1.724
-1.714
-1.704
-1.693
-1.683
-1.672
-1.662
-1.651
-1.641
-1.63
-1.619
-1.608
-1.597
-1.585
-1.574
-1.563
-1.551
-1.539
-1.528
-1.516
-1.504
-1.492
-1.48
-1.468
-1.455
-1.443
-1.43
-1.418
-1.405
-1.392
-1.379
-1.366
-1.353
-1.34
-1.326
-1.313
-1.299
-1.286
-1.272
-1.258
-1.244
-1.23
-1.216
-1.201
-1.187
-1.172
-1.158
-1.143
-1.128
-1.113
-1.098
-1.083
-1.068
-1.052
-1.037
-1.021
-1.005
-0.99
-0.974
-0.958
-0.941
-0.925
-0.909
-0.892
-0.876
-0.859
-0.842
-0.825
-0.808
-0.791
-0.774
-0.756
-0.739
-0.721
-0.704
-0.686
-0.668
-0.65
-0.632
-0.613
-0.595
-0.576
-0.558
-0.539
-0.52
-0.501
-0.482
-0.463
-0.443
-0.424
-0.404
-0.385
-0.365
-0.345
-0.325
-0.305
-0.284
-0.264
-0.243
-0.223
-0.202
-0.181
-0.16
-0.139
-0.118
-0.096
-0.075
-0.053
-0.032
-0.01
0.012
0.034
0.057
0.079
0.101
0.124
0.147
0.17
0.193
0.216
0.239
0.262
0.286
0.309
0.333
0.357
0.381
0.404
0.428
0.452
0.476
0.499
0.523
0.546
0.569
0.592
0.615
0.637
0.659
0.681
0.703
0.724
0.745
0.765
0.785
0.804
0.823
0.841
0.859
0.876
0.893
0.909
0.924
0.939
0.953
0.966
0.978
0.989
1.0
1.01
1.019
1.027
1.034
1.041
1.047
1.052
1.056
1.06
1.063
1.066
1.068
1.069
1.071
1.071
1.071
1.071
1.07
1.069
1.067
1.066
1.064
1.061
1.059
1.056
1.053
1.05
1.047
1.043
1.04
1.036
1.033
1.029
1.026
1.023
1.019
1.016
1.013
1.01
1.008
1.005
1.003
1.002
1.0
0.999
0.998
0.997
0.997
0.997
0.997
0.997
0.998
0.998
0.999
0.999
1.0
1.001
1.001
1.002
1.003
1.003
1.004
1.004
1.005
1.006
1.006
1.007
1.007
1.008
1.009
1.009
1.01
1.01
1.011
1.011
1.012
1.013
1.013
1.014
1.014
1.015
1.015
1.016
1.016
1.017
1.017
1.018
1.018
1.019
1.019
1.02
1.02
1.02
1.021
1.021
1.022
1.022
1.023
1.023
1.023
1.024
1.024
1.025
1.025
1.025
1.026
1.026
1.027
1.027
1.027
1.028
1.028
1.028
1.029
1.029
1.029
1.03
1.03
1.03
1.031
1.031
1.031
1.032
1.032
1.032
1.033
1.033
1.033
1.033
1.034
1.034
1.034
1.035
1.035
1.035
1.035
1.036
1.036
1.036
1.036
1.036
1.037
1.037
1.037
1.037
1.038
1.038
1.038
1.038
1.038
1.038
1.039
1.039
1.039
1.039
1.039
1.039
1.04
1.04
1.04
1.04
1.04
1.04
1.041
1.041
1.041
1.041
1.041
1.041
1.041
1.041
1.041
1.042
1.042
1.042
1.042
1.042
1.042
1.042
1.042
1.042
1.042
1.042
1.042
1.042
1.043
1.043
1.043
1.043
1.043
1.043
1.043
1.043
1.043
1.043
1.043
1.043
1.043
1.043
1.043
1.043
1.043
1.043
1.043
1.043
1.043
1.043
1.043
1.043
1.043
1.043
1.043
1.043
1.043
1.043
1.043
1.043
1.043
1.043
1.043
1.042
1.042
1.042
1.042
1.042
1.042
1.042
1.042
1.042
1.042
1.042
1.042
1.042
1.042
1.041
1.041
1.041
1.041
1.041
1.041
1.041
1.041
1.041
1.041
1.041
1.04
1.04
1.04
1.04
1.04
1.04
1.04
1.04
1.039
1.039
1.039
1.039
1.039
1.039
1.039
1.039
1.038
1.038
1.038
1.038
1.038
1.038
1.037
1.037
1.037
1.037
1.037
1.037
1.037
1.036
1.036
1.036
1.036
1.036
1.036
1.035
1.035
1.035
1.035
1.035
1.034
1.034
1.034
1.034
1.034
1.034
1.033
1.033
1.033
1.033
1.033
1.032
1.032
1.032
1.032
1.032
1.031
1.031
1.031
1.031
1.031
1.03
1.03
1.03
1.03
1.03
1.029
1.029
1.029
1.029
1.029
1.028
1.028
1.028
1.028
1.028
1.027
1.027
1.027
1.027
1.026
1.026
1.026
1.026
1.026
1.025
1.025
1.025
1.025
1.024
1.024
1.024
1.024
1.024
1.023
1.023
1.023
1.023
1.022
1.022
1.022
1.022
1.022
1.021
1.021
1.021
1.021
1.02
1.02
1.02
1.02
1.02
1.019
1.019
1.019
1.019
1.018
1.018
1.018
1.018
1.018
1.017
1.017
1.017
1.017
1.016
1.016
1.016
1.016
1.016
1.015
1.015
1.015
1.015
1.015
1.014
1.014
1.014
1.014
1.013
1.013
1.013
1.013
1.013
1.012
1.012
1.012
1.012
1.012
1.011
1.011
1.011
1.011
1.011
1.01
1.01
1.01
1.01
1.01
1.009
1.009
1.009
1.009
1.009
1.008
1.008
1.008
1.008
1.008
1.007
1.007
1.007
1.007
1.007
1.007
1.006
1.006
1.006
1.006
1.006
1.006
1.005
1.005
1.005
1.005
1.005
1.005
1.004
1.004
1.004
1.004
1.004
1.004
1.003
1.003
1.003
1.003
1.003
1.003
1.003
1.003
1.002
1.002
1.002
1.002
1.002
1.002
1.002
1.002
1.001
1.001
1.001
1.001
1.001
1.001
1.001
1.001
1.001
1.0
1.0
1.0
1.0
1.0
1.0
1.0
1.0
1.0
1.0
1.0
1.0
0.999
0.999
0.999
0.999
0.999
0.999
0.999
0.999
0.999
0.999
0.999
0.999
0.999
0.999
0.999
0.999
0.999
0.999
0.999
0.999
0.999
0.998
0.998
0.998
0.998
0.998
0.998
0.998
0.998
0.998
0.998
0.998
0.998
0.998
0.998
0.998
0.998
0.998
0.998
0.998
0.998
0.998
0.998
0.998
0.998
0.998
0.998
0.998
0.998
0.998
0.998
0.998
0.998
0.998
0.998
0.999
0.999
0.999
0.999
0.999
0.999
0.999
0.999
0.999
0.999
0.999
0.999
0.999
0.999
0.999
0.999
0.999
0.999
0.999
0.999
0.999
0.999
0.999
0.999
0.999
0.999
0.999
0.999
0.999
0.999
1.0
1.0
1.0
1.0
1.0
1.0
1.0
1.0
1.0
1.0
1.0
1.0
1.0
1.0
1.0
1.0
1.0
1.0
1.0
1.0
1.0
1.001
1.001
1.001
1.001
1.001
1.001
1.001
1.001
1.001
1.001
1.001
1.001
1.001
1.001
1.001
1.001
1.001
1.001
1.001
1.001
1.001
1.001
1.002
1.002
1.002
1.002
1.002
1.002
1.002
1.002
1.002
1.002
1.002
1.002
1.002
1.002
1.002
1.002
1.002
1.002
1.002
1.002
1.002
1.002
1.002
1.002
1.002
1.002
1.002
1.002
1.002
1.002
1.002
1.002
1.003
1.003
1.003
1.003
1.003
1.003
1.003
1.003
1.003
1.003
1.003
1.003
1.003
1.003
1.003
1.003
1.003
1.003
1.003
1.003
1.003
1.003
1.003
1.002
1.002
1.002
1.002
1.002
1.002
1.002
1.002
1.002
1.002
1.002
1.002
1.002
1.002
1.002
1.002
1.002
1.002
1.002
1.002
1.002
1.002
1.002
1.002
1.002
1.001
1.001
1.001
1.001
1.001
1.001
1.001
1.001
1.001
1.001
1.001
1.001
1.001
1.0
1.0
1.0
1.0
1.0
