0.004020552126432884
0.004173166926677067
0.004339347486942957
0.004503832327206133
0.004667469307467952
0.004830258427728415
0.005006613308010582
0.005166858848266976
0.0053406701485450726
0.005512785728820458
0.00568320558909313
0.005852777589364446
0.006038458929661535
0.006205487349928781
0.0063886251102218015
0.0065556535304890475
0.006733704130773928
0.006899036831038461
0.0070779352913246975
0.007241572271586517
0.007418775011870041
0.007579868412127792
0.007745201112392323
0.007905446652648716
0.008063996472902395
0.008227633453164216
0.008370921793393478
0.008532863053652582
0.008680390693888627
0.008821983314115177
0.008967815234348506
0.009113647154581836
0.009245065454792107
0.009306959234891136
0.009353591534965748
0.009401071695041717
0.009455334735128539
0.00950196703520315
0.009548599335277762
0.009588448755341521
0.009620667435393072
0.00966051685545683
0.00969273553550838
0.009718171335549076
0.009743607135589773
0.009762260055619618
0.009788543715661673
0.009813979515702368
0.009832632435732215
0.009864851115783764
0.009884351895814967
0.009909787695855661
0.009929288475886864
0.009941158515905855
0.009960659295937058
0.00997252933595605
0.009998812995998103
0.010003900156006242
0.010016618056026591
0.010028488096045583
0.010020009496032017
0.010032727396052366
0.010044597436071358
0.010042901716068644
0.010041205996065932
0.010046293156074072
0.010043749576070002
0.010042053856067289
0.010040358136064574
0.010037814556060506
0.010036118836057793
0.01001916163603066
0.01001746591602795
0.01001492233602388
0.009997965135996746
0.010002204436003529
0.00999966085599946
0.00998270365597233
0.00998016007596826
0.00996235501593977
0.009958963575934343
0.009942006375907211
0.00994539781591264
0.00992759275588415
0.009924201315878725
0.009906396255850236
0.00987332971579733
0.009840263175744423
0.009798718035677952
0.009765651495625045
0.009731737095570781
0.009697822695516518
0.009663908295462254
0.009629146035406636
0.009601166655361868
0.00956640439530625
0.009532489995251987
0.009497727735196367
0.00946211761513939
0.009426507495082415
0.009390897375025438
0.00935528725496846
0.009319677134911487
0.009284067014854508
0.009247609034796177
0.009211151054737843
0.009175540934680867
0.009138235094621177
0.009101777114562845
0.009064471274503156
0.009028013294444822
0.008989859594383778
0.008962728074340367
0.008925422234280679
0.00888726853421963
0.00884996269415994
0.008806721834090757
0.00876856813402971
0.008740588753984944
0.008702435053923898
0.008663433493861495
0.008620192633792309
0.008592213253747543
0.008553211693685142
0.008509122973614598
0.008465034253544057
0.008441294173506073
0.00839720545343553
0.00835311673336499
0.008309028013294447
0.008280200773248323
0.008236112053177782
0.008192023333107238
0.008163196093061115
0.008119107372990575
0.008074170792918675
0.008041104252865769
0.007996167672793871
0.007983449772773522
0.00796649257274639
0.007953774672726042
0.00793681747269891
0.007935121752696197
0.007922403852675848
0.007905446652648716
0.007888489452621585
0.007871532252594453
0.007854575052567321
0.007853727192565964
0.007836769992538834
0.007819812792511701
0.007814725632503561
0.007797768432476431
0.007777419792443873
0.007776571932442517
0.007755375432408602
0.007754527572407246
0.007749440412399107
0.007729091772366548
0.007724004612358408
0.007719765312351626
0.007699416672319068
0.007694329512310928
0.0076858509122973645
0.007681611612290579
0.007672285152275657
0.007668045852268875
0.007659567252255309
0.007666350132266161
0.007657871532252596
0.00764939293223903
0.007656175812249884
0.007647697212236316
0.007654480092247168
0.007642610052228177
0.00764939293223903
0.0076519365122431
0.007657871532252596
0.007646001492233605
0.007632435732211898
0.007615478532184767
0.007601912772163063
0.007598521332157635
0.007584955572135931
0.007580716272129147
0.007562063352099304
0.007556976192091163
0.007551889032083024
0.0075459540120735285
0.007539171132062675
0.007528996812046396
0.007534931832055893
0.007526453232042326
0.007527301092043684
0.007517974632028762
0.007516278912026048
0.007518822492030118
0.007515431052024692
0.007516278912026048
0.007523909652038256
0.0075544326120870935
0.00759512989215221
0.007639218612222751
0.007676524452282441
0.0077112867123380596
0.007744353252390967
0.007785898392457439
0.007814725632503561
0.00785287933256461
0.007882554432612088
0.007916468832666352
0.007946991792715189
0.007975819032761311
0.008002102692803366
0.008026690632842705
0.008047887132876621
0.008074170792918675
0.008091975852947164
0.008116563792986505
0.008128433833005495
0.008146238893033984
0.008163196093061115
0.008169131113070612
0.008180153293088247
0.008189479753103168
0.008196262633114022
0.008201349793122162
0.008203893373126232
0.008212371973139797
0.008209828393135728
0.008205589093128945
0.008207284813131658
0.008198806213118092
0.008195414773112666
0.008182696873092317
0.008168283253069255
0.008168283253069255
0.00814963033303941
0.008136064573017705
0.008122498812996
0.008107237332971582
0.008091127992945805
0.008069083632910534
0.008048734992877978
0.008036864952858986
0.008013124872821001
0.007987689072780304
0.007964796852743677
0.007935969612697552
0.007915620972664995
0.007888489452621585
0.007866445092586313
0.007836769992538834
0.00780539917248864
0.007785050532456083
0.0077630061724208105
0.007728243912365192
0.007703655972325851
0.007678220172285154
0.007659567252255309
0.007627348572203758
0.007611239232177985
0.007577324832123722
0.00755528047208845
0.007540018992064032
0.007516278912026048
0.007487451671979924
0.007474733771959574
0.007456928711931088
0.007439971511903956
0.007417079291867329
0.007411144271857832
0.007427253611883607
0.007468798751950081
0.007523909652038256
0.007579868412127792
0.007635827172217325
0.0076883944923014326
0.007753679712405889
0.00780539917248864
0.007858814352574104
0.00790714237265143
0.007937665332700267
0.007950383232720614
0.007974971172759955
0.007982601912772164
0.007994471952791156
0.008000406972800652
0.007993624092789801
0.007987689072780304
0.007980906192769453
0.007955470392728753
0.007935969612697552
0.007898663772637864
0.007848640032557825
0.007799464152479144
0.007645153632232247
0.00744421081191074
0.0072508987316014396
0.0070550430712880705
0.00683714305093943
0.006620090890592146
0.006397103710235367
0.006162246489859595
0.005923149969477042
0.005673879129078208
0.005417825408668521
0.005154140948246626
0.005142270908227634
0.005131248728209999
0.0051176829681882936
0.005106660788170658
0.005094790748151667
0.005081224988129961
0.005068507088109612
0.005056637048090621
0.005043071288068916
0.005031201248049923
0.005018483348029575
0.005004069728006513
0.004991351827986165
0.004977786067964459
0.00496506816794411
0.0049506545479210485
0.0049362409278979865
0.0049235230278776385
0.004909109407854576
0.004895543647832871
0.004881130027809809
0.004866716407786747
0.004853150647765042
0.00483873702774198
0.004825171267720275
0.004810757647697213
0.004796344027674151
0.004782778267652446
0.004768364647629384
0.00475225530760361
0.004738689547581904
0.004724275927558842
0.00470986230753578
0.004696296547514075
0.004681882927491014
0.004668317167469308
0.004653903547446246
0.004640337787424541
0.004625924167401479
0.004611510547378418
0.0045979447873567125
0.0045835311673336505
0.004569117547310589
0.004557247507291597
0.004542833887268535
0.00452926812724683
0.004516550227226481
0.004502984467204776
0.004490266567184428
0.004475852947161366
0.004463982907142373
0.004451265007122025
0.004438547107101677
0.004425829207081328
0.004413959167062336
0.004401241267041987
0.004390219087024351
0.004378349047005359
0.004367326866987723
0.004354608966967375
0.00434358678694974
0.004332564606932105
0.004322390286915825
0.004311368106898189
0.004302041646883268
0.004291019466865632
0.00428169300685071
0.004272366546835787
0.004263040086820865
0.004253713626805943
0.004244387166791021
0.004235060706776098
0.004227429966763889
0.00421979922675168
0.00421216848673947
0.004204537746727261
0.004196907006715052
0.0041901241267042
0.004184189106694703
0.004178254086685207
0.004171471206674355
0.004165536186664859
0.004161296886658076
0.0041562097266499365
0.004151970426643154
0.004146883266635014
0.004143491826629588
0.004139252526622805
0.004135861086617378
0.004135013226616022
0.0041316217866105955
0.004129926066607883
0.004128230346605169
0.004126534626602456
0.004126534626602456
0.004126534626602456
0.004126534626602456
0.004126534626602456
0.004128230346605169
0.004129926066607883
0.0041316217866105955
0.004134165366614666
0.004137556806620092
0.004140100386624161
0.004143491826629588
0.004148578986637727
0.00415281828664451
0.004158753306654006
0.004163840466662145
0.004169775486671642
0.00417740622668385
0.00418503696669606
0.00419266770670827
0.004200298446720478
0.004209624906735401
0.004218951366750323
0.004229125686766601
0.004240147866784238
0.0042511700468018734
0.004261344366818152
0.0042740622668385
0.004287628026860206
0.004301193786881911
0.004315607406904972
0.004329173166926678
0.004344434646951096
0.004361391846978228
0.004377501187004003
0.004394458387031134
0.004411415587058266
0.00443006850708811
0.004450417147120668
0.0044699179271518695
0.004489418707183071
0.004511463067218341
0.004532659567252256
0.004555551787288884
0.004578444007325512
0.004601336227362139
0.004625924167401479
0.004651359967442177
0.004677643627484231
0.004726819507562912
0.004778538967645664
0.004829410567727057
0.004879434307807096
0.00493030590788849
0.004979481787967172
0.0050269619480431404
0.005073594248117752
0.0051176829681882936
0.005160923828257479
0.005201621108322595
0.005238926948382285
0.005272841348436547
0.005304212168486741
0.005331343688530151
0.005317777928508446
0.0052991250084786015
0.005277928508444687
0.00525249270840399
0.005225361188360579
0.005196533948314455
0.005164315268262906
0.005130400868208642
0.005095638608153022
0.005056637048090621
0.005018483348029575
0.004980329647968528
0.004940480227904769
0.004900630807841011
0.004862477107779964
0.004822627687716205
0.004783626127653803
0.004764125347622601
0.0047446245675914
0.004727667367564269
0.0047090144475344245
0.004693752967510005
0.004678491487485587
0.004663230007461169
0.004649664247439463
0.0046369463474191155
0.004625076307400123
0.004614054127382488
0.004603879807366209
0.004592857627348573
0.0045852268873363645
0.004576748287322798
0.004569117547310589
0.004562334667299737
0.004557247507291597
0.004552160347283458
0.004547921047276675
0.004542833887268535
0.004540290307264465
0.004536898867259039
0.0045360510072576824
0.004534355287254969
0.004532659567252256
0.004532659567252256
0.004532659567252256
0.004534355287254969
0.0045360510072576824
0.004537746727260396
0.004540290307264465
0.0045419860272671786
0.004547073187275318
0.004550464627280744
0.004554703927287527
0.00455894322729431
0.004565726107305162
0.004569965407311945
0.004576748287322798
0.004582683307332295
0.004590314047344503
0.004596249067353999
0.004603879807366209
0.004612358407379774
0.004619989147391984
0.004628467747405549
0.004636098487417759
0.004645424947432681
0.0046555992674489595
0.004664077867462526
0.004673404327477448
0.0046844265074950835
0.004693752967510005
0.004704775147527642
0.00471494946754392
0.004724275927558842
0.004735298107576478
0.0047463202875941135
0.004757342467611749
0.004769212507630741
0.004780234687648376
0.004791256867666012
0.004801431187682291
0.0048124533676999265
0.004825171267720275
0.00483619344773791
0.00484636776775419
0.004859085667774538
0.0048701078477921735
0.004881130027809809
0.004891304347826088
0.004902326527843724
0.004913348707861359
0.004924370887878994
0.00493539306789663
0.004945567387912909
0.004956589567930545
0.004966763887946824
0.004976938207963103
0.004986264667978025
0.004995591127992947
0.005005765448009226
0.005014244048022792
0.005023570508037714
0.0050328969680526366
0.005040527708064846
0.005049006308078411
0.005056637048090621
0.005064267788102829
0.005071050668113682
0.005078681408125891
0.005085464288136744
0.00509139930814624
0.005095638608153022
0.005100725768161163
0.0051075086481720145
0.005110052228176085
0.005115139388184224
0.0051176829681882936
0.005121922268195077
0.00512361798819779
0.005124465848199147
0.005126161568201859
0.005128705148205929
0.005128705148205929
0.005127009428203216
0.005127009428203216
0.005125313708200503
0.005122770128196433
0.005110900088177442
0.005098182188157092
0.0050846164281353875
0.005072746388116395
0.005057484908091977
0.005043071288068916
0.005027809808044496
0.0050125483280200785
0.004995591127992947
0.004980329647968528
0.004963372447941397
0.004948110967916979
0.004931153767889847
0.004914196567862716
0.0048972393678355835
0.004881130027809809
0.004862477107779964
0.0048455199077528325
0.004828562707725702
0.00481160550769857
0.004794648307671438
0.004777691107644306
0.004762429627619889
0.004745472427592756
0.010426134436681818
0.01023197449637116
0.010059858916095777
0.009897069795835314
0.009727497795563998
0.009574035135318458
0.009428203215085128
0.009356982974971175
0.009293393474869432
0.009242521874788037
0.009198433154717495
0.009161975174659163
0.00911788645458862
0.009087363494539783
0.009070406294512652
0.009045818354473312
0.00902886115444618
0.009017838974428543
0.009019534694431256
0.009021230414433971
0.00902886115444618
0.009030556874448892
0.009050905514481452
0.009058536254493661
0.009091602794546565
0.009111951434579125
0.009132300074611683
0.009171301634674084
0.009203520314725634
0.009256087634809743
0.009307807094892493
0.00937309231499695
0.009438377535101405
0.009510445635216714
0.009589296615342876
0.00971477989554365
0.009853828935766128
0.00999966085599946
0.010140405616224651
0.010281150376449845
0.010437156616699451
0.010601641456962628
0.010745777657193246
0.01090517533744828
0.01106457301770332
0.011234145017974635
0.011395238418232385
0.011571593298514551
0.011744556738791294
0.011909889439055826
0.012085396459336638
0.012252424879603882
0.012429627619887407
0.012598351760157367
0.012778945940446316
0.012950213660720345
0.013133351421013365
0.013307162721291463
0.013476734721562777
0.013652241741843589
0.013826053042121686
0.013988842162382149
0.01416434918266296
0.014329681882927494
0.014495862443193385
0.01464762938343621
0.014812114223699385
0.014966424743946284
0.015121583124194538
0.015188564064301706
0.015228413484365464
0.015280980804449572
0.015332700264532323
0.015358983924574377
0.015395441904632712
0.015421725564674764
0.015447161364715462
0.015484467204775152
0.015494641524791429
0.015492945804788716
0.015503120124804995
0.015513294444821276
0.015496337244794144
0.015491250084786004
0.015473445024757516
0.015455639964729026
0.015423421284677476
0.015394594044631353
0.015361527504578447
0.015317438784507904
0.015272502204436008
0.015213152004341047
0.015168215424269148
0.015096995184155197
0.015036797124058879
0.014966424743946284
0.014895204503832332
0.014812962083700743
0.01472732822356373
0.01462982432340772
0.014534016143254428
0.014437360103099778
0.014330529742928852
0.014235569422776912
0.01412958692260734
0.013968493522349594
0.013818422302109477
0.013659024621854442
0.013501322661602118
0.013333446381333516
0.013108763480974023
0.012877297700603679
0.01264922336023876
0.012427931899884694
0.01219646611951435
0.011976870379162997
0.011755578918808927
0.01153259173845215
0.011326561758122503
0.011114596757783358
0.010917893237468631
0.010711863257138984
0.010520246896832399
0.010332021976531238
0.01015821067625314
0.00997761649596419
0.009808044495692872
0.009652038255443264
0.009488401275181442
0.009346808654954896
0.009280675574849082
0.009221325374754124
0.009168758054670014
0.00911534287458455
0.009067014854507225
0.009016143254425832
0.00896188021433901
0.00891270433426033
0.00886013701417622
0.008812656854100253
0.008761785254018857
0.008715152953944247
0.008665129213864208
0.008611714033778745
0.008561690293698705
0.008507427253611885
0.008459099233534561
0.008407379773451809
0.008351421013362274
0.008292070813267317
0.008245438513192703
0.008188631893101813
0.008135216713016348
0.008082649392932241
0.008032625652852203
0.007973275452757242
0.007922403852675848
0.00787492369259988
0.00782998711252798
0.0077833548124533695
0.007734178932374687
0.007690090212304147
0.007660415112256666
0.007625652852201046
0.007588347012141356
0.007562911212100659
0.007532388252051823
0.007478973071966358
0.007519670352031474
0.007586651292138644
0.00764939293223903
0.007712134572339417
0.007774028352438447
0.007831682832530695
0.007875771552601236
0.007919860272671778
0.007963101132740963
0.007988536932781662
0.007987689072780304
0.007986841212778947
0.007959709692735538
0.007915620972664995
0.007799464152479144
0.007513735332021978
0.007188157091501053
0.006857491690971989
0.006489520450383234
0.006100352709760566
0.005691684189106696
0.005250796988401276
0.005240622668384997
0.0052312962083700745
0.0052228176083565095
0.0052126432883402305
0.005204164688326665
0.005192294648307672
0.00518296818829275
0.005171946008275114
0.005160923828257479
0.005149901648239844
0.005138031608220852
0.005127009428203216
0.005114291528182867
0.0051032693481652324
0.005090551448144883
0.005077833548124535
0.005063419928101473
0.005050702028081124
0.005037984128060776
0.005024418368039071
0.005011700468018721
0.00499728684799566
0.004982873227972598
0.004968459607949537
0.004954045987926475
0.004940480227904769
0.004926066607881708
0.004909957267855933
0.004895543647832871
0.004881130027809809
0.004865020687784034
0.004851454927762329
0.004835345587736554
0.004819236247710779
0.004804822627687717
0.004788713287661942
0.0047734518076375234
0.004757342467611749
0.004741233127585974
0.0047251237875602
0.0047090144475344245
0.004692905107508649
0.004677643627484231
0.004661534287458456
0.004645424947432681
0.004629315607406906
0.004613206267381131
0.004597096927355356
0.004581835447330937
0.004565726107305162
0.004549616767279388
0.004533507427253613
0.004519093807230551
0.004502984467204776
0.004486875127179001
0.004470765787153226
0.004454656447127451
0.00444024282710439
0.004424133487078615
0.004414807027063692
0.004404632707047413
0.004397001967035204
0.004387675507020281
0.004377501187004003
0.004369870446991794
0.004359696126975515
0.004352065386963306
0.00434358678694974
0.004334260326934817
0.004326629586922608
0.004318150986909042
0.004310520246896833
0.004302041646883268
0.0042944109068710585
0.004285932306857493
0.004278301566845283
0.0042698229668317175
0.004262192226819508
0.004255409346808656
0.004247778606796446
0.0042409957267855935
0.0042325171267720285
0.004226582106762532
0.0042181035067489665
0.00421216848673947
0.0042036898867259045
0.0041977548667164084
0.004190971986705556
0.004184189106694703
0.004178254086685207
0.004171471206674355
0.004165536186664859
0.004158753306654006
0.004151970426643154
0.004147731126636371
0.004140948246625518
0.004134165366614666
0.004129926066607883
0.00412314318659703
0.004118056026588891
0.004111273146578038
0.004107033846571255
0.004101946686563116
0.004096859526554976
0.00409092450654548
0.004085837346537341
0.004080750186529201
0.004075663026521062
0.004071423726514279
0.004068032286508852
0.004062945126500713
0.004057857966492573
0.004052770806484435
0.004050227226480365
0.0040451400664722244
0.004041748626466799
0.0040366614664586594
0.004033270026453232
0.0040307264464491625
0.004025639286441024
0.004034965746455946
0.004006138506409822
0.003977311266363698
0.003948484026317575
0.003919656786271452
0.0038916774062266847
0.003864545886183274
0.0038374143661398636
0.003823848606118158
0.003796717086074748
0.0037839991860543994
0.003756867666010989
0.0037441497659906407
0.0037178661059485865
0.003705148205928238
0.0036780166858848273
0.003666146645865835
0.00365258088584413
0.0036398629858237818
0.0036271450858034325
0.003613579325781728
0.0036008614257613787
0.003587295665739674
0.0035745777657193254
0.0035745777657193254
0.00356101200569762
0.003545750525673202
0.0035440548056704883
0.00352879332564607
0.003527097605643357
0.003525401885640644
0.003509292545614869
0.0035067489656107993
0.003505053245608086
0.0035025096656040164
0.0035008139456013027
0.0034982703655972334
0.0034957267855931637
0.003493183205589094
0.003490639625585024
0.0034880960455809544
0.0034855524655768846
0.003497422505595877
0.003494878925591807
0.0035067489656107993
0.0035042053856067295
0.0035160754256257217
0.00352879332564607
0.0035262497456420004
0.0035398155056637053
0.0035525334056840537
0.003565251305704403
0.003578817065726108
0.0035915349657464563
0.0036051007257681617
0.003618666485789867
0.003633080105812929
0.003662755205860409
0.0036763209658821146
0.0036907345859051757
0.003721257545954013
0.0037365190259784314
0.0037670419860272677
0.003797564946076105
0.003812826426100523
0.0038441972461507163
0.003876415926202266
0.00390778674625246
0.003940005426304009
0.003972224106355559
0.004004442786407109
0.0040366614664586594
0.00406888014651021
0.004101946686563116
0.004151122566641797
0.004183341246693347
0.0042325171267720285
0.004264735806823578
0.00431391168690226
0.0043461303669538095
0.004395306247032491
0.004443634267109815
0.004491962287187141
0.004539442447263109
0.004587770467340433
0.004635250627416401
0.004681882927491014
0.004728515227565625
0.0047734518076375234
0.004819236247710779
0.004880282167808453
0.0049235230278776385
0.004966763887946824
0.005022722648036357
0.005071050668113682
0.005099877908159805
0.005143118768228991
0.0051838160482941065
0.00520755612833209
0.00524231838838771
0.005275384928440616
0.005308451468493524
0.005335582988536934
0.005375432408600693
0.005400020348640034
0.005420368988672591
0.005438174048701079
0.005466153428745847
0.005479719188767552
0.00550261140880418
0.005511090008817745
0.005530590788848946
0.005545004408872008
0.005545852268873365
0.0055551787288882866
0.0055611137488977835
0.005567048768907279
0.005567896628908636
0.005568744488909992
0.005567048768907279
0.005570440208912706
0.005566200908905922
0.005556026588889644
0.005554330868886931
0.005545004408872008
0.005537373668859799
0.005523807908838094
0.005517872888828598
0.005499219968798753
0.005491589228786544
0.005478023468764839
0.005466153428745847
0.0054559791087295684
0.005444109068710576
0.005433934748694296
0.005421216848673948
0.005411890388659026
0.005410194668656313
0.00540086820864139
0.00540086820864139
0.0053940853286305376
0.005400020348640034
0.005401716068642747
0.005438174048701079
0.005496676388794684
0.005557722308892356
0.005652682629044293
0.005745947229193517
0.005839211829342741
0.005935867869497389
0.00602234958963576
0.006109679169775488
0.006190225869904363
0.006258054670012889
0.00630977413009564
0.00630977413009564
0.006175812249881301
0.006007088109611342
0.005800210269280338
0.005553483008885573
0.005266058468425695
0.004926066607881708
0.004948110967916979
0.004968459607949537
0.004990503967984807
0.0050125483280200785
0.005034592688055349
0.005056637048090621
0.005076985688123177
0.0050990300481584495
0.00512107440819372
0.005142270908227634
0.005164315268262906
0.0051838160482941065
0.005205012548328021
0.0052270569083632925
0.00524740554839585
0.005267754188428408
0.005288102828460966
0.0053092993284948806
0.005329647968527438
0.005348300888557283
0.00536864952858984
0.005387302448619685
0.005407651088652243
0.005427151868683444
0.0054458047887132885
0.0054644577087431334
0.005483958488774335
0.00550261140880418
0.005519568608831311
0.005538221528861156
0.0055551787288882866
0.005572983788916776
0.005589940988943907
0.0056068981889710375
0.005623007528996813
0.005639964729023944
0.005655226209048363
0.005671335549074138
0.005686597029098557
0.0057018585091229744
0.005716272129146036
0.005716272129146036
0.00571796784914875
0.005717119989147394
0.005717119989147394
0.005717119989147394
0.005716272129146036
0.005714576409143323
0.00571288068914061
0.0057120328291392535
0.005710337109136541
0.005707793529132471
0.005706097809129758
0.005702706369124331
0.005700162789120261
0.005696771349114836
0.005691684189106696
0.0056891406091026265
0.005684053449094486
0.0056789662890863474
0.005674726989079564
0.005669639829071425
0.0056645526690632855
0.0056603133690565025
0.00565353048904565
0.00564844332903751
0.005642508309028015
0.005635725429017162
0.005628094689004952
0.005622159668995457
0.005615376788984604
0.0056068981889710375
0.005600963168961542
0.00559418028895069
0.005585701688937124
0.005578070948924914
0.005571288068914062
0.005563657328901853
0.0055551787288882866
0.0055467001288747216
0.005538221528861156
0.00552974292884759
0.005519568608831311
0.0055119378688191015
0.005503459268805536
0.005493284948789257
0.005485654208777047
0.005477175608763482
0.005467001288747203
0.005456826968730924
0.005448348368717358
0.005438174048701079
0.005430543308688871
0.005420368988672591
0.005410194668656313
0.005400020348640034
0.005391541748626468
0.005381367428610189
0.005372040968595267
0.005361866648578987
0.005351692328562709
0.005343213728549142
0.005333039408532864
0.005322865088516586
0.005313538628501663
0.005302516448484027
0.005294037848470461
0.0052847113884555395
0.0052745370684392605
0.005266058468425695
0.0052558841484094156
0.005245709828393137
0.0052355355083768575
0.005226209048361935
0.0052151868683443
0.005205012548328021
0.005197381808315812
0.005187207488299534
0.005176185308281898
0.005166858848266976
0.005156684528250697
0.005148205928237131
0.005138031608220852
0.005127857288204573
0.005119378688191008
0.005109204368174728
0.005100725768161163
0.005090551448144883
0.005082920708132674
0.005073594248117752
0.005063419928101473
0.0050557891880892636
0.005046462728074341
0.005036288408058062
0.005028657668045854
0.005020179068032288
0.005010852608017365
0.005003221868005156
0.00499474326799159
0.004985416807976668
0.004977786067964459
0.0049693074679508925
0.0049608288679373275
0.004951502407922405
0.004945567387912909
0.004937088787899343
0.004927762327884421
0.004920131587872211
0.004913348707861359
0.004904022247846436
0.004898087227836941
0.004889608627823374
0.004881977887811166
0.0048743471477989565
0.004867564267788104
0.004858237807773182
0.004852302787763685
0.0048455199077528325
0.004837889167740623
0.004829410567727057
0.004823475547717562
0.004815844807705353
0.004809909787695857
0.004803126907685004
0.004795496167672795
0.004788713287661942
0.004781930407651089
0.004775147527640237
0.004768364647629384
0.004763277487621245
0.004761581767618531
0.004759886047615819
0.0047590381876144615
0.004757342467611749
0.004755646747609036
0.004755646747609036
0.004753951027606323
0.00475225530760361
0.00475225530760361
0.0047505595876008964
0.004748863867598183
0.004748863867598183
0.00474971172759954
0.004748016007596827
0.004748016007596827
0.0047463202875941135
0.0047463202875941135
0.0047463202875941135
0.0047446245675914
0.0047446245675914
0.0047446245675914
0.0047446245675914
0.004745472427592756
0.004745472427592756
0.004745472427592756
0.004745472427592756
0.004745472427592756
0.004745472427592756
0.0047463202875941135
0.0047463202875941135
0.0047463202875941135
0.0047463202875941135
0.0047463202875941135
0.0047463202875941135
0.004748016007596827
0.004748863867598183
0.004748863867598183
0.004748863867598183
0.0047505595876008964
0.0047505595876008964
0.00475225530760361
0.00475225530760361
0.004753103167604966
0.0047547988876076785
0.0047547988876076785
0.0047564946076103926
0.004758190327613106
0.004758190327613106
0.004759886047615819
0.0047607339076171755
0.004762429627619889
0.004764125347622601
0.004764125347622601
0.004765821067625315
0.004767516787628028
0.004769212507630741
0.004770060367632098
0.004771756087634811
0.0047734518076375234
0.004775147527640237
0.004776843247642951
0.004778538967645664
0.004781082547649734
0.004782778267652446
0.004784473987655159
0.004784473987655159
0.004786169707657872
0.004788713287661942
0.004790409007664656
0.0047938004476700815
0.004795496167672795
0.004797191887675509
0.004798887607678221
0.004801431187682291
0.004803126907685004
0.004804822627687717
0.00480651834769043
0.0048082140676931435
0.0048124533676999265
0.00481414908770264
0.004815844807705353
0.004817540527708066
0.004820084107712135
0.004823475547717562
0.004825171267720275
0.004826866987722988
0.004830258427728415
0.004831954147731127
0.004834497727735198
0.00483619344773791
0.004839584887743337
0.0048412806077460496
0.00484382418775012
0.004847215627755546
0.00484891134775826
0.004852302787763685
0.004854846367767755
0.004856542087770468
0.0048599335277758945
0.004861629247778608
0.004865868547785391
0.004867564267788104
0.004869259987790817
0.004872651427796243
0.0048743471477989565
0.0048785864478057385
0.004880282167808453
0.004883673607813879
0.004885369327816592
0.004887065047819305
0.004891304347826088
0.004893000067828801
0.004896391507834228
0.004898087227836941
0.004902326527843724
0.004904022247846436
0.004907413687851863
0.004909109407854576
0.004913348707861359
0.004915044427864072
0.004918435867869498
0.004920131587872211
0.004924370887878994
0.004926066607881708
0.004929458047887134
0.004931153767889847
0.004934545207895273
0.004937088787899343
0.004938784507902056
0.004942175947907483
0.004943871667910195
0.004948110967916979
0.004949806687919692
0.004953198127925118
0.004954893847927831
0.004959133147934614
0.0049608288679373275
0.004964220307942754
0.004965916027945467
0.00496761174794818
0.004971851047954962
0.0049735467679576754
0.004976938207963103
0.004979481787967172
0.004981177507969885
0.004984568947975311
0.004986264667978025
0.004990503967984807
0.00499219968798752
0.0049938954079902335
0.00499728684799566
0.00499983042799973
0.005001526148002443
0.005004917588007869
0.005006613308010582
0.005009156888014651
0.005010852608017365
0.005014244048022792
0.005015939768025505
0.005018483348029575
0.005020179068032288
0.005023570508037714
0.005025266228040426
0.005027809808044496
0.00502950552804721
0.005031201248049923
0.0050328969680526366
0.005036288408058062
0.005038831988062132
0.005040527708064846
0.005042223428067558
0.005043919148070271
0.005046462728074341
0.005048158448077054
0.0050498541680797674
0.005051549888082481
0.005053245608085194
0.0050557891880892636
0.005057484908091977
0.005059180628094691
0.005060876348097403
0.005063419928101473
0.005063419928101473
0.005065115648104186
0.005066811368106899
0.005068507088109612
0.0050702028081123255
0.0050702028081123255
0.005072746388116395
0.0050744421081191085
0.005076137828121822
0.005076137828121822
0.013569999321712
0.013433493861493595
0.013322424201315882
0.013222376721155804
0.01312741640100387
0.013058739740893987
0.01298582378077732
0.012937495760699996
0.012895950620633525
0.012867971240588756
0.012837448280539919
0.012816251780506006
0.012821338940514146
0.012864579800583328
0.012919690700671508
0.012984128060774607
0.01307484908091976
0.013150308621040498
0.013236790341178866
0.013313097741300961
0.013410601641456965
0.013497083361595337
0.013583565081733707
0.013670046801872079
0.013767550702028083
0.013854032422166455
0.013941362002306184
0.014026995862443197
0.014103303262565288
0.01417961066268738
0.014238113002780984
0.014303398222885441
0.014367835582988542
0.014422946483076717
0.014449230143118772
0.014482296683171678
0.014497558163196096
0.014519602523231367
0.014485688123177104
0.014433968663094354
0.014378857763006176
0.014323746862917996
0.014230482262768773
0.014144000542630403
0.0140210608424337
0.013904056162246494
0.013750593502000953
0.013461473241538359
0.013106219900969954
0.012770467340432752
0.012400800379841283
0.0120353727192566
0.01166655361866649
0.011296886658075022
0.010921284677474058
0.010538899816862242
0.010181102896289766
0.009825001695720006
0.009462965475140746
0.009123821474598115
0.008787221054059557
0.008473512853557623
0.008164043953062472
0.007882554432612088
0.007615478532184767
0.007361120531777795
0.007137285491419658
0.006933799091094081
0.006750661330801059
0.006598046530556876
0.0064649325103438935
0.006404734450247577
0.00649036831038459
0.006583632910533815
0.006665875330665402
0.0067125076307400135
0.00671335549074137
0.006618395170589434
0.006141897849827038
0.005567896628908636
0.004879434307807096
0.0048743471477989565
0.004869259987790817
0.004864172827782677
0.004858237807773182
0.004853150647765042
0.004848063487756902
0.004842128467747407
0.0048370413077392675
0.004831954147731127
0.004826019127721632
0.004820931967713492
0.004815844807705353
0.004810757647697213
0.004804822627687717
0.004799735467679578
0.004794648307671438
0.004788713287661942
0.004786169707657872
0.004780234687648376
0.004775147527640237
0.004770060367632098
0.004764125347622601
0.0047607339076171755
0.004755646747609036
0.00474971172759954
0.0047446245675914
0.004741233127585974
0.0047361459675778345
0.004734450247575121
0.004732754527572408
0.004731058807569695
0.004729363087566982
0.004729363087566982
0.004726819507562912
0.0047251237875602
0.004724275927558842
0.004724275927558842
0.00472258020755613
0.004720036627552059
0.004720036627552059
0.004718340907549346
0.004718340907549346
0.004718340907549346
0.004716645187546633
0.004716645187546633
0.004716645187546633
0.0047174930475479895
0.0047174930475479895
0.0047174930475479895
0.0047174930475479895
0.0047174930475479895
0.0047174930475479895
0.004719188767550703
0.004719188767550703
0.004719188767550703
0.004720884487553416
0.00472258020755613
0.00472258020755613
0.004724275927558842
0.004726819507562912
0.004728515227565625
0.004730210947568338
0.0047319066675710515
0.004735298107576478
0.004736993827579191
0.004738689547581904
0.004742928847588687
0.0047463202875941135
0.00474971172759954
0.004753951027606323
0.004757342467611749
0.0047607339076171755
0.004764125347622601
0.004770060367632098
0.0047734518076375234
0.004778538967645664
0.004784473987655159
0.004789561147663299
0.0047980397476768645
0.0048090619276945
0.004820084107712135
0.0048328020077324845
0.004842976327748763
0.004853998507766398
0.004866716407786747
0.004877738587804383
0.004890456487824732
0.0049031743878450796
0.004915044427864072
0.004927762327884421
0.004940480227904769
0.004953198127925118
0.004965916027945467
0.004977786067964459
0.004990503967984807
0.005003221868005156
0.005015939768025505
0.005030353388048566
0.005043071288068916
0.005054941328087907
0.005067659228108256
0.005080377128128605
0.005094790748151667
0.0051075086481720145
0.005119378688191008
0.0051320965882113555
0.005145662348233061
0.005158380248253409
0.005170250288272401
0.00518296818829275
0.005195686088313099
0.0052084039883334475
0.0052211218883537955
0.005232991928372788
0.005244014108390424
0.005256732008410772
0.005267754188428408
0.0052796242284474
0.005290646408465036
0.005301668588482671
0.015696432205114297
0.01570321508512515
0.01569219290510751
0.015709150105134642
0.015721020145153638
0.0157354337651767
0.015746455945194332
0.01575663026521061
0.015778674625245882
0.01578630536525809
0.01580665400529065
0.015812589025300146
0.01583124194532999
0.015849894865359836
0.015867699925388324
0.015884657125415456
0.015886352845418165
0.015902462185443944
0.01593298514549278
0.015859221325374755
0.015815980465305572
0.015757478125211968
0.015683714305093948
0.01562521196500034
0.015566709624906739
0.015507359424811778
0.01548955436478329
0.015458183544733096
0.015439530624703253
0.01540561622464899
0.015386115444617786
0.015352201044563524
0.015329308824526896
0.015293698704469921
0.01525469714440752
0.01521739130434783
0.01517754188428407
0.015152106084243371
0.015109713084175545
0.015067320084107716
0.015024079224038528
0.014979990503967987
0.014935053923896088
0.014871464423794346
0.014824832123719734
0.014789222003662759
0.014723936783558302
0.014673913043478263
0.01460777996337245
0.014555212643288344
0.014486535983178459
0.014433120803092996
0.014361900562979044
0.014289832462863734
0.014233873702774201
0.01416010988265618
0.014074476022519166
0.014015125822424205
0.013938818422302114
0.013867598182188162
0.013779420742047075
0.01370650478193041
0.013626805941802891
0.013542867801668591
0.01345129892152208
0.013375839381401345
0.013291053381265686
0.013214745981143595
0.013128264261005227
0.013041782540866857
0.01294597436071356
0.012875601980600965
0.012778945940446316
0.01268144204029031
0.01260259106016415
0.012514413620023066
0.012434714779895547
0.012345689479753105
0.012257512039612022
0.012178661059485861
0.01208200501933121
0.01200315403920505
0.011924303059078887
0.011837821338940516
0.011759818218815712
0.011682662958692263
0.011597029098555249
0.011521569558434513
0.011438479278301569
0.011380824798209321
0.011297734518076377
0.011225666417961067
0.01116122905785797
0.01109170453774673
0.01096028623753646
0.01083141151733026
0.010711015397137626
0.01059909787695856
0.010471918876755072
0.010353218476565153
0.010248931696398294
0.010137014176219225
0.010025096656040157
0.00991996201587194
0.009827545275724076
0.009727497795563998
0.009624906735399853
0.009535033575256055
0.009443464695109545
0.009460421895136678
0.00948246625517195
0.00950451061520722
0.009511293495218072
0.009520619955232993
0.009521467815234351
0.009513837075222142
0.009517228515227568
0.009492640575188227
0.009479922675167878
0.00944770399511633
0.009418028895068849
0.00939004951502408
0.009342569354948113
0.00929848063487757
0.009257783354812456
0.009197585294716138
0.009141626534626605
0.009090754934545212
0.009020382554432613
0.00896188021433901
0.0088898121142237
0.008818591874109749
0.008755002374008006
0.008686325713898125
0.00862527979380045
0.008515905853625452
0.008423489113477583
0.008338703113341927
0.008247134233195418
0.008174218273078751
0.008094519432951234
0.008042799972868482
0.007985993352777592
0.008024994912839993
0.00811995523299193
0.008230177033168286
0.008342094553347354
0.008449772773519638
0.008547276673675644
0.008640541273824867
0.008718544393949673
0.008781286034050059
0.00882283117411653
0.008838940514142307
0.008817744014108392
0.008702435053923898
0.0083158108933053
0.007875771552601236
0.007391643491826631
0.006853252390965205
0.00626738113002781
0.005615376788984604
0.0056170725089873174
0.00561876822899003
0.00561876822899003
0.00561876822899003
0.005619616088991387
0.005619616088991387
0.005619616088991387
0.005619616088991387
0.005617920368988673
0.005617920368988673
0.00561622464898596
0.005615376788984604
0.005613681068981891
0.005611985348979178
0.005610289628976465
0.0056085939089737516
0.005606050328969682
0.0056026588889642555
0.005600963168961542
0.0055984195889574725
0.005595028148952046
0.005590788848945263
0.005589093128942551
0.005585701688937124
0.005581462388930341
0.005576375228922201
0.005572135928915418
0.005567896628908636
0.005563657328901853
0.00555941802889507
0.005554330868886931
0.005550091568880148
0.005545852268873365
0.005541612968866581
0.005534830088855729
0.005530590788848946
0.0055263514888421635
0.0055221121888353805
0.005515329308824528
0.005511090008817745
0.005506850708810962
0.005500915688801466
0.005496676388794684
0.0054924370887879
0.005488197788781118
0.005481414908770265
0.005477175608763482
0.005472936308756699
0.005468697008749916
0.00546276198874042
0.005457674828732281
0.005453435528725499
0.005449196228718715
0.005444956928711932
0.005440717628705149
0.0054356304686970095
0.005433934748694296
0.005429695448687513
0.005425456148680731
0.005422064708675304
0.005417825408668521
0.005415281828664452
0.005411042528657669
0.005408498948653599
0.005405955368649529
0.00540341178864546
0.00540086820864139
0.0053983246286373205
0.005395781048633251
0.005393237468629181
0.005392389608627824
0.005389846028623755
0.005388998168622398
0.005388150308621042
0.0053856067286169726
0.0053856067286169726
0.0053856067286169726
0.005384758868615615
0.0053856067286169726
0.005384758868615615
0.0053856067286169726
0.005386454588618328
0.005387302448619685
0.005388150308621042
0.005390693888625112
0.005391541748626468
0.0053940853286305376
0.005396628908634607
0.005399172488638677
0.005401716068642747
0.005406803228650886
0.005410194668656313
0.005414433968663096
0.005418673268669879
0.005423760428678018
0.005428847588686158
0.00543308688869294
0.005439021908702436
0.005446652648714645
0.005452587668724141
0.0054602184087363505
0.00546784914874856
0.005475479888760769
0.005483110628772978
0.005490741368785188
0.00549752424879604
0.005503459268805536
0.005511090008817745
0.005519568608831311
0.00552465576883945
0.005530590788848946
0.0055365258088584425
0.005539917248863869
0.005544156548870652
0.005548395848877435
0.005552635148884217
0.005552635148884217
0.0055551787288882866
0.005556874448891001
0.0055551787288882866
0.01790002034864004
0.017049616767279393
0.01666129688665808
0.01680797666689277
0.017317540527708068
0.01786780166858849
0.01833582038933732
0.018602048429763283
0.018522349589635764
0.01800345926880554
0.016014379705623014
0.013469951841551926
0.010922132537475416
0.008854201994166725
0.00755782405209252
0.00790714237265143
0.005254188428406702
0.005213491148341587
0.0051710981482737586
0.005128705148205929
0.005087160008139457
0.005046462728074341
0.005005765448009226
0.004965916027945467
0.004926914467883064
0.0048887607678220184
0.004853150647765042
0.004817540527708066
0.004786169707657872
0.0047564946076103926
0.004729363087566982
0.004703927287526285
0.004681882927491014
0.004662382147459812
0.004647120667435394
0.004634402767415046
0.004667469307467952
0.0047030794275249276
0.004741233127585974
0.004783626127653803
0.004826866987722988
0.0048734992877976
0.0049218273078749245
0.004971003187953606
0.005021874788035001
0.005073594248117752
0.005126161568201859
0.005178728888285968
0.005232144068371432
0.005283863528454183
0.005337278708539647
0.005388150308621042
0.005436478328698366
0.005463609848741777
0.0054890456487824745
0.005511090008817745
0.005534830088855729
0.005556026588889644
0.005574679508919489
0.00559418028895069
0.005610289628976465
0.0056272468290035965
0.005641660449026658
0.005655226209048363
0.005667096249067355
0.005678118429084991
0.005688292749101269
0.005699314929118905
0.005706945669131114
0.005713728549141967
0.005720511429152819
0.005725598589160959
0.005731533609170455
0.005734077189174525
0.005738316489181308
0.005739164349182664
0.005741707929186734
0.00574255578918809
0.005741707929186734
0.0057408600691853775
0.005739164349182664
0.005738316489181308
0.005735772909177238
0.005732381469171812
0.005728142169165029
0.005724750729159602
0.005719663569151464
0.005714576409143323
0.005710337109136541
0.005704402089127044
0.0056976192091161915
0.005690836329105339
0.005684053449094486
0.005677270569083634
0.005669639829071425
0.005662009089059216
0.005654378349047007
0.005646747609034797
0.005639964729023944
0.0056314861290103786
0.005623007528996813
0.005614528928983248
0.005606050328969682
0.005599267448958829
0.00559163670894662
0.005582310248931697
0.005574679508919489
0.0055611137488977835
0.005547547988876078
0.00553228650885166
0.005518720748829955
0.00550515498880825
0.0054924370887879
0.005479719188767552
0.005466153428745847
0.005452587668724141
0.005439021908702436
0.005427151868683444
0.005413586108661739
0.005401716068642747
0.005388998168622398
0.00537628026860205
0.0053652580885844145
0.005351692328562709
0.005339822288543717
0.005327952248524725
0.005316082208505732
0.005305060028488097
0.005292342128467749
0.005281319948450113
0.0052702977684324775
0.005259275588414842
0.00524740554839585
0.005237231228379571
0.005226209048361935
0.005216034728345657
0.005204164688326665
0.0051939903683103856
0.00518296818829275
0.005171946008275114
0.005162619548260193
0.005152445228243914
0.005141423048226278
0.005130400868208642
0.00512107440819372
0.005110900088177442
0.005100725768161163
0.005090551448144883
0.005081224988129961
0.005072746388116395
0.005062572068100116
0.005052397748083837
0.005043071288068916
0.005034592688055349
0.005025266228040426
0.005016787628026861
0.005006613308010582
0.0049981347079970165
0.004988808247982095
0.004980329647968528
0.00497269890795632
0.00496252458794004
0.004954045987926475
0.004945567387912909
0.0049362409278979865
0.004927762327884421
0.004920131587872211
0.004911652987858646
0.004904022247846436
0.004895543647832871
0.004887912907820661
0.004879434307807096
0.00487095570779353
0.004863324967781321
0.004854846367767755
0.004847215627755546
0.004840432747744693
0.004831954147731127
0.004824323407718918
0.004815844807705353
0.0048090619276945
0.004801431187682291
0.0047938004476700815
0.004787017567659229
0.00477938682764702
0.004770908227633454
0.004764973207623958
0.0047564946076103926
0.0047505595876008964
0.004742928847588687
0.0047361459675778345
0.004728515227565625
0.0047217323475547725
0.0047132537475412075
0.0047073187275317105
0.004700535847520859
0.004692905107508649
0.004686970087499153
0.0046801872074883006
0.004672556467476091
0.004666621447466595
0.004659838567455743
0.004652207827443533
0.004646272807434038
0.004639489927423184
0.004633554907413688
0.004630163467408263
0.004628467747405549
0.004624228447398767
0.0046225327273960535
0.004619141287390627
0.004617445567387914
0.004614901987383844
0.004611510547378418
0.004609814827375705
0.0046081191073729915
0.004604727667367565
0.004602184087363495
0.004600488367360782
0.004597096927355356
0.004595401207352643
0.0045937054873499295
0.00459116190734586
0.004587770467340433
0.00458607474733772
0.004584379027335007
0.004581835447330937
0.004578444007325512
0.004576748287322798
0.004575052567320085
0.004572508987316015
0.0045708132673133025
0.004569117547310589
0.004565726107305162
0.00456403038730245
0.004562334667299737
0.004559791087295667
0.004558095367292954
0.00455639964729024
0.004554703927287527
0.004553008207284814
0.004550464627280744
0.004548768907278031
0.004547073187275318
0.004544529607271248
0.004542833887268535
0.004541138167265822
0.004539442447263109
0.004537746727260396
0.004535203147256326
0.004533507427253613
0.0045318117072508995
0.004530115987248186
0.004528420267245473
0.004527572407244117
0.004525876687241403
0.004523333107237334
0.004521637387234621
0.004519941667231907
0.004519093807230551
0.004517398087227838
0.004515702367225124
0.004514006647222411
0.0045131587872210555
0.004511463067218341
0.004509767347215628
0.004508071627212916
0.0045072237672115585
0.004505528047208846
0.004504680187207489
0.004502984467204776
0.004501288747202063
0.004501288747202063
0.0044987451671979935
0.0044987451671979935
0.00449704944719528
0.004496201587193924
0.0044945058671912105
0.004493658007189854
0.004491962287187141
0.004491962287187141
0.004489418707183071
0.004489418707183071
0.004487722987180358
0.004486875127179001
0.004486875127179001
0.0044843315471749315
0.0044843315471749315
0.004483483687173575
0.004481787967170862
0.004480940107169505
0.004480940107169505
0.0044800922471681486
0.004478396527165435
0.004478396527165435
0.004477548667164079
0.004476700807162722
0.004476700807162722
0.004475852947161366
0.0044741572271586524
0.0044741572271586524
0.004473309367157296
0.004473309367157296
0.004472461507155939
0.004471613647154583
0.004471613647154583
0.004470765787153226
0.0044699179271518695
0.0044699179271518695
0.004469070067150513
0.004469070067150513
0.004468222207149156
0.004469070067150513
0.004468222207149156
0.004468222207149156
0.0044673743471478
0.0044673743471478
0.004466526487146443
0.0044673743471478
0.004466526487146443
0.004466526487146443
0.0044673743471478
0.004466526487146443
0.004466526487146443
0.0044673743471478
0.008047039272875265
0.008029234212846775
0.008022451332835924
0.008004646272807435
0.007997863392796583
0.007980058332768094
0.007973275452757242
0.007959709692735538
0.007952926812724683
0.00793936105270298
0.007932578172692127
0.007930034592688057
0.007912229532659569
0.0079096859526555
0.007896120192633792
0.00789272875262837
0.0078901851726243
0.00788764159262023
0.007874075832598523
0.007870684392593098
0.007868140812589028
0.0078647493725836
0.00786220579257953
0.007863053652580889
0.007849487892559182
0.007851183612561895
0.00784779217255647
0.007848640032557825
0.007846096452553755
0.007846944312555112
0.00784779217255647
0.007848640032557825
0.00785033575256054
0.00785711863257139
0.00785711863257139
0.007858814352574104
0.007858814352574104
0.0078647493725836
0.007865597232584958
0.007876619412602592
0.007876619412602592
0.007877467272603949
0.00789272875262837
0.007893576612629722
0.007898663772637864
0.007908838092654143
0.007913925252662282
0.007924099572678561
0.0079291867326867
0.0079291867326867
0.00794444821271112
0.007958861832734181
0.00796903615275046
0.007973275452757242
0.007987689072780304
0.008002950552804722
0.008021603472834567
0.008041104252865769
0.00806060503289697
0.008079257952926815
0.008098758732958015
0.008123346672997356
0.008142847453028557
0.008161500373058404
0.008170826833073325
0.008195414773112666
0.008214067693142509
0.00823865563318185
0.008257308553211697
0.008281896493251036
0.00830054941328088
0.00832513735332022
0.008334463813335144
0.008359051753374485
0.00837770467340433
0.00839211829342739
0.008410771213457235
0.008435359153496576
0.008449772773519638
0.00846927355355084
0.008482839313572544
0.008507427253611885
0.008521840873634947
0.008540493793664792
0.008554907413687854
0.008569321033710916
0.0085930611137489
0.008603235433765179
0.008616801193786884
0.008631214813809945
0.008645628433833007
0.008659194193854714
0.008658346333853355
0.008672759953876417
0.008687173573899478
0.008701587193922541
0.008705826493929324
0.008710065793936107
0.008718544393949673
0.008722783693956456
0.008727022993963237
0.008731262293970022
0.008735501593976805
0.008738893033982231
0.008743132333989014
0.008742284473987658
0.008736349453978162
0.008739740893983588
0.008733805873974092
0.008737197313979518
0.008731262293970022
0.008725327273960526
0.008713457233941534
0.008706674353930681
0.008690565013904906
0.008683782133894053
0.008667672793868278
0.008655802753849286
0.008638845553822154
0.008621888353795024
0.008605779013769249
0.008583734653733976
0.008556603133690565
0.008539645933663435
0.008507427253611885
0.008480295733568474
0.008453164213525063
0.008420945533473514
0.008393814013430104
0.008361595333378555
0.008303940853286307
0.008242047073187276
0.008183544733093674
0.008121650952994644
0.00806314861290104
0.008000406972800652
0.00794190463270705
0.00786983653259174
0.007807094892491354
0.0077384182323814695
0.007666350132266161
0.007593434172149496
0.007534931832055893
0.007462863731940583
0.007389947771823919
0.007317879671708609
0.007245811571593299
0.007173743471477991
0.007101675371362682
0.007028759411246015
0.006956691311130707
0.006895645391033033
0.006823577290917725
0.0067515091908024166
0.0066794410906871075
0.006617547310588077
0.006543783490470055
0.006481889710371024
0.006410669470257073
0.006346232110153972
0.0062851861900563
0.006221596689954556
0.006160550769856882
0.006096961269755139
0.006036763209658822
0.005983348029573359
0.005920606389472972
0.005869734789391577
0.0058171674693074694
0.00577477446923964
0.005723055009156889
0.005680662009089061
0.00562894254900631
0.005596723868954759
0.005554330868886931
0.005512785728820458
0.005479719188767552
0.005448348368717358
0.005426304008682088
0.005393237468629181
0.005372040968595267
0.005349148748558639
0.005337278708539647
0.005323712948517942
0.0053118429084989495
0.0052991250084786015
0.005295733568473175
0.005292342128467749
0.005298277148477244
0.005305060028488097
0.005310995048497594
0.0053262565285220114
0.00534151800854643
0.0053652580885844145
0.005388998168622398
0.0054127382486603825
0.0054458047887132885
0.005478023468764839
0.005520416468832667
0.005560265888896426
0.005719663569151464
0.005878213389405143
0.006044393949671031
0.006219053109950487
0.006391168690225871
0.006563284270501256
0.006732856270772572
0.006910059011056096
0.007073695991317915
0.007242420131587874
0.007395882791833413
0.007558671912093876
0.007718069592348913
0.007870684392593098
0.008027538492844063
0.008177609713084177
0.00832768093332429
0.00846672997354677
0.00861510547378417
0.008755850234009361
0.00889235569422777
0.009025469714440753
0.0091475615546361
0.00927389269483823
0.009395984535033578
0.009501119175201793
0.009617275995387644
0.009722410635555859
0.009824153835718647
0.0099148748558638
0.010010683036017095
0.010103099776164961
0.010176863596282984
0.010255714576409145
0.010321847656514957
0.010387980736620771
0.01044309163670895
0.010503289696805265
0.01054483483687174
0.01052194261683511
0.010488876076782203
0.01044733093671573
0.010415960116665538
0.010373567116597709
0.01033371769653395
0.010284541816455267
0.010233670216373874
0.010186190056297905
0.010129383436207015
0.010075120396120194
0.010010683036017095
0.00995472427592756
0.00989028691582446
0.009819914535711866
0.009754629315607407
0.009682561215492099
0.009615580275384932
0.009549447195279117
0.009473139795157026
0.009401919555043074
0.009321372854914198
0.009248456894797533
0.009172997354676797
0.009087363494539783
0.009013599674421762
0.008938140134301026
0.00885759343417215
0.008779590314047347
0.008700739333921185
0.008621888353795024
0.008543885233670218
0.008462490673539987
0.008381096113409755
0.008301397273282237
0.008230177033168286
0.00814708675303534
0.008063996472902395
0.007991080512785732
0.0079096859526555
0.007838465712541548
0.007766397612426238
0.007692633792308216
0.007610391372176627
0.007540018992064032
0.0074679508919487225
0.007394187071830701
0.007330597571728958
0.007260225191616362
0.007188157091501053
0.007127959031404736
0.007055890931289426
0.006993997151190397
0.006932103371091367
0.006870209590992336
0.00680238079088381
0.006750661330801059
0.0066836803906938904
0.006616699450586721
0.00655226209048362
0.00649291189038866
0.00642847453028556
0.006373363630197383
0.006315709150105136
0.006262293970019672
0.0062071830699314936
0.006154615749847387
0.0061079834497727754
0.00605456826968731
0.006011327409618125
0.00596554296954487
0.005914671369463475
0.005879909109407856
0.005836668249338671
0.005793427389269485
0.005751882249203012
0.005716272129146036
0.005682357729091774
0.005649291189038867
0.005628094689004952
0.00561876822899003
0.005609441768975107
0.005605202468968325
0.005595028148952046
0.005589940988943907
0.005586549548938481
0.0055755273689208455
0.0055695923489113485
0.005563657328901853
0.005551787288882861
0.005545004408872008
0.005533982228854373
0.0055263514888421635
0.005513633588821815
0.00550261140880418
0.005483958488774335
0.005472936308756699
0.005454283388726854
0.0054373261886997235
0.005418673268669879
0.0054025639286441034
0.00537882384860612
0.005357627348572205
0.005333039408532864
0.005308451468493524
0.005283015668452826
0.005254188428406702
0.0051982296683171685
0.005135488028216782
0.005069354948110969
0.005005765448009226
0.004941328087906126
0.0048734992877976
0.0048090619276945
0.0047446245675914
0.0046801872074883006
0.004613206267381131
0.0045462253272739615
0.0044800922471681486
0.004413111307060979
0.004344434646951096
0.004339347486942957
0.004334260326934817
0.004328325306925322
0.0043232381469171825
0.004318150986909042
0.00431391168690226
0.00430882452689412
0.00430373736688598
0.004299498066879197
0.004295258766872415
0.004290171606864275
0.004286780166858849
0.004282540866852066
0.004278301566845283
0.0042740622668385
0.004270670826833074
0.004267279386827649
0.004263040086820865
0.0042596486468154384
0.004257105066811369
0.004253713626805943
0.0042511700468018734
0.004247778606796446
0.0042452350267923765
0.004241843586786951
0.004239300006782881
0.004237604286780168
0.004235060706776098
0.0042325171267720285
0.004230821406769315
0.004228277826765246
0.004226582106762532
0.004224886386759819
0.004224038526758463
0.0042223428067557495
0.004221494946754393
0.004220647086753036
0.004218951366750323
0.004218951366750323
0.00421725564674761
0.004216407786746253
0.004216407786746253
0.004216407786746253
0.004216407786746253
0.004215559926744897
0.004216407786746253
0.004216407786746253
0.00421725564674761
0.00421725564674761
0.0042181035067489665
0.004218951366750323
0.00421979922675168
0.004220647086753036
0.004228277826765246
0.0042367564267788115
0.004244387166791021
0.004252017906803229
0.0042596486468154384
0.004268127246829004
0.00427660584684257
0.004285084446856136
0.004293563046869702
0.004302889506884624
0.004312215966899547
0.0043189988469103996
0.0043274774469239646
0.004335108186936174
0.004344434646951096
0.004352065386963306
0.004361391846978228
0.004369870446991794
0.004378349047005359
0.004386827647018926
0.004395306247032491
0.0044037848470460566
0.004412263447059622
0.004420742047073188
0.004429220647086754
0.00443769924710032
0.004446177847113885
0.004453808587126094
0.0044614393271383045
0.004469070067150513
0.004475852947161366
0.004483483687173575
0.004489418707183071
0.004496201587193924
0.004502984467204776
0.004508919487214272
0.004514006647222411
0.004519093807230551
0.004524180967238691
0.00452926812724683
0.004532659567252256
0.0045360510072576824
0.004539442447263109
0.0045419860272671786
0.004543681747269892
0.0045462253272739615
0.004547073187275318
0.004547921047276675
0.004547921047276675
0.004547073187275318
0.0045462253272739615
0.004545377467272605
0.004542833887268535
0.004540290307264465
0.004536898867259039
0.004532659567252256
0.004528420267245473
0.004523333107237334
0.004516550227226481
0.004497897307196636
0.004478396527165435
0.004458047887132877
0.00443769924710032
0.004416502747066405
0.004396154107033847
0.004374109746998576
0.004352913246964662
0.004332564606932105
0.006657396730651836
0.006380146510208236
0.006141897849827038
0.005927389269483824
0.00574255578918809
0.005578070948924914
0.005521264328834025
0.005476327748762125
0.005426304008682088
0.005380519568608832
0.005334735128535577
0.005288102828460966
0.005234687648375501
0.0051753374482805415
0.005113443668181511
0.005049006308078411
0.004977786067964459
0.004899782947839654
0.004819236247710779
0.004701383707522215
0.004592009767347217
0.004491962287187141
0.004401241267041987
0.0043232381469171825
0.004257105066811369
0.004204537746727261
0.004163840466662145
0.004135013226616022
0.004127382486603813
0.004126534626602456
0.0041087295665739685
0.004049379366479007
0.004046835786474938
0.004044292206470868
0.004041748626466799
0.004040052906464085
0.004037509326460015
0.004035813606457303
0.00403411788645459
0.004033270026453232
0.00403157430645052
0.0040307264464491625
0.004029878586447807
0.00402903072644645
0.00402903072644645
0.004028182866445094
0.004028182866445094
0.004028182866445094
0.004028182866445094
0.004028182866445094
0.004028182866445094
0.00402903072644645
0.00402903072644645
0.004029878586447807
0.004029878586447807
0.0040307264464491625
0.00403157430645052
0.004033270026453232
0.00403411788645459
0.004034965746455946
0.0040366614664586594
0.004037509326460015
0.004039205046462729
0.004040900766465442
0.004042596486468155
0.004044292206470868
0.0040451400664722244
0.004046835786474938
0.004048531506477652
0.0040510750864817206
0.004052770806484435
0.004054466526487147
0.00405616224648986
0.00405870582649393
0.004060401546496643
0.004062945126500713
0.004064640846503426
0.004067184426507496
0.0040697280065115655
0.004072271586515635
0.004074815166519705
0.004076510886522418
0.004079054466526488
0.004081598046530558
0.0040841416265346275
0.004086685206538697
0.004089228786542767
0.004091772366546836
0.0040943159465509065
0.004096859526554976
0.004099403106559046
0.004101946686563116
0.0041044902665671856
0.004107033846571255
0.004110425286576681
0.0041129688665807514
0.004115512446584821
0.004118056026588891
0.004120599606592961
0.00412314318659703
0.004125686766601099
0.004128230346605169
0.004130773926609239
0.004133317506613309
0.004135861086617378
0.004138404666621448
0.004140948246625518
0.004143491826629588
0.004145187546632301
0.004147731126636371
0.00415027470664044
0.00415281828664451
0.004154514006647223
0.004157057586651292
0.004159601166655363
0.004161296886658076
0.004163840466662145
0.004165536186664859
0.004168079766668929
0.004169775486671642
0.004171471206674355
0.004174014786678425
0.004175710506681137
0.00417740622668385
0.00417994980668792
0.0041807976666892776
0.00418249338669199
0.00418503696669606
0.004186732686698773
0.004187580546700129
0.0041892762667028426
0.004190971986705556
0.00419266770670827
0.0041935155667096255
0.0041952112867123395
0.004196907006715052
0.0041977548667164084
0.0041994505867191225
0.004201146306721835
0.004201994166723192
0.004202842026724548
0.0042036898867259045
0.004204537746727261
0.004205385606728618
0.004207081326731331
0.0042079291867326875
0.004208777046734044
0.004209624906735401
0.004210472766736757
0.004210472766736757
0.004211320626738114
0.004211320626738114
0.00421216848673947
0.00421216848673947
0.004213016346740827
0.004213016346740827
0.004213016346740827
0.004213016346740827
0.004213864206742184
0.004213864206742184
0.004213016346740827
0.004213016346740827
0.004213016346740827
0.004213016346740827
0.00421216848673947
0.00421216848673947
0.004209624906735401
0.0042079291867326875
0.004205385606728618
0.004202842026724548
0.004200298446720478
0.004198602726717765
0.004196059146713695
0.0041935155667096255
0.0041901241267042
0.004187580546700129
0.00418503696669606
0.00418249338669199
0.00417994980668792
0.004176558366682495
0.004174014786678425
0.004171471206674355
0.004168927626670285
0.004165536186664859
0.004162992606660789
0.0041604490266567195
0.004157057586651292
0.004153666146645867
0.004151122566641797
0.004148578986637727
0.0041460354066336575
0.004142643966628231
0.004139252526622805
0.004136708946618735
0.004133317506613309
0.004130773926609239
0.004127382486603813
0.004124838906599744
0.00412314318659703
0.0041214474665943164
0.004119751746591603
0.004118056026588891
0.004116360306586178
0.004114664586583464
0.004113816726582108
0.004111273146578038
0.004110425286576681
0.0041087295665739685
0.004107033846571255
0.004105338126568541
0.004103642406565829
0.004101946686563116
0.004100250966560403
0.004098555246557689
0.004097707386556333
0.00409601166655362
0.0040943159465509065
0.004092620226548193
0.00409092450654548
0.004089228786542767
0.00408838092654141
0.004086685206538697
0.004084989486535984
0.004083293766533271
0.004081598046530558
0.004080750186529201
0.004079054466526488
0.004077358746523775
0.004075663026521062
0.004073967306518348
0.004073119446516992
0.004071423726514279
0.0040697280065115655
0.004068032286508852
0.004067184426507496
0.0040654887065047825
0.004063792986502069
0.004062097266499357
0.004061249406498
0.004059553686495287
0.00405870582649393
0.0040570101064912175
0.004055314386488504
0.00405361866648579
0.004052770806484435
0.0040510750864817206
0.004050227226480365
0.004048531506477652
0.004046835786474938
0.004045987926473582
0.004044292206470868
0.004042596486468155
0.004041748626466799
0.004040052906464085
0.004039205046462729
0.004037509326460015
0.0040366614664586594
0.004034965746455946
0.00403411788645459
0.0040324221664518765
0.00403157430645052
0.004029878586447807
0.00402903072644645
0.004027335006443737
0.004025639286441024
0.004024791426439667
0.00402394356643831
0.0040222478464355975
0.004021399986434241
0.004020552126432884
0.004018856406430171
0.0040180085464288145
0.004017160686427458
0.004015464966424745
0.004014617106423388
0.004012921386420675
0.004012073526419318
0.004011225666417962
0.004010377806416606
0.004009529946415249
0.0040078342264125355
0.004006986366411179
0.004006138506409822
0.004005290646408466
0.004004442786407109
0.004003594926405753
0.004002747066404396
0.004001051346401684
0.004001051346401684
0.004000203486400326
0.00399935562639897
0.003998507766397613
0.003997659906396256
0.003996812046394901
0.003996812046394901
0.003995964186393543
0.003995116326392187
0.003994268466390831
0.003994268466390831
0.0039934206063894735
0.003992572746388117
0.003992572746388117
0.003991724886386761
0.003991724886386761
0.003991724886386761
0.003990877026385404
0.003990877026385404
0.003990877026385404
0.003990877026385404
0.003990877026385404
0.003990029166384048
0.003990029166384048
0.003990029166384048
0.003990029166384048
0.003990877026385404
0.003990877026385404
0.003990877026385404
0.003991724886386761
0.003991724886386761
0.003992572746388117
0.003992572746388117
0.0039934206063894735
0.0039934206063894735
0.003994268466390831
0.003995116326392187
0.003995116326392187
0.003995964186393543
0.003996812046394901
0.003997659906396256
0.003998507766397613
0.004000203486400326
0.004001899206403039
0.004002747066404396
0.004004442786407109
0.004006986366411179
0.004008682086413892
0.004010377806416606
0.004012921386420675
0.004014617106423388
0.0040180085464288145
0.004020552126432884
0.004046835786474938
0.004073967306518348
0.004101098826561758
0.004128230346605169
0.004161296886658076
0.0041952112867123395
0.004229125686766601
0.004263887946822221
0.004299498066879197
0.0043359560469375304
0.004378349047005359
0.0044224377670759015
0.0044673743471478
0.0045131587872210555
0.004560638947297023
0.004616597707386557
0.0046700128874720215
0.0047319066675710515
0.004796344027674151
0.00486841212778946
0.004937088787899343
0.005015091908024148
0.00509648646815438
0.005179576748287324
0.005265210608424338
0.005355931628569492
0.005454283388726854
0.005557722308892356
0.005662856949060572
0.005773078749236927
0.005884148409414638
0.006009631689615412
0.006135962829817542
0.006265685410025098
0.006399647290239437
0.006536152750457845
0.0066836803906938904
0.006837990910940787
0.00699314929118904
0.007148307671437294
0.0073110967916977555
0.007480668791969072
0.007657871532252596
0.007834226412534765
0.008011429152818288
0.008201349793122162
0.008391270433426034
0.008728718713965952
0.009067862714508582
0.009423116055076989
0.009763107915620975
0.010118361256189382
0.010477006036763211
0.010828020077324835
0.011182425557891883
0.01151224309841959
0.011855626398969005
0.01219137895950621
0.012489825679983725
0.01268398562029438
0.012845079020552128
0.012981584480770537
0.012959540120735268
0.012907820660652516
0.012834056840534494
0.012739944380383913
0.012644984060231979
0.01250763074001221
0.012368581699789735
0.012209184019534696
0.012041307739266096
0.011851387098962224
0.01165383571864614
0.011446110018313778
0.011220579257952931
0.01099759207759615
0.010772909177236657
0.01053211693685139
0.010289628976463407
0.010053923896086281
0.009805500915688804
0.009574035135318458
0.00934596079495354
0.009137387234619822
0.008940683714305096
0.008744828053991727
0.008561690293698705
0.008413314793461305
0.008276809333242896
0.008153021773044836
0.008240351353184565
0.008388726853421964
0.008548124533677
0.008665129213864208
0.008766024554025642
0.008809265414094826
0.008799091094078547
0.008699891473919828
0.008077562232924102
0.007317031811707252
0.006467476090347963
0.00550006782880011