0.004020552126432884
0.011244319337990914
0.018110289628976466
0.02456843925930951
0.03069422776911077
0.03647408939835855
0.04192328562707726
0.04703588143525742
0.05184155192294649
0.05632927491012685
0.06050159397680257
0.06439157566302653
0.06806196160889916
0.07138557281421694
0.07453198127925119
0.0774138574238622
0.07996337244794141
0.08234840263175747
0.0845053584752086
0.08643339211829344
0.0881409821610256
0.08963406362341453
0.0910228583056366
0.09210811910737302
0.0929966763887947
0.09381825273010923
0.0943498609509598
0.0948127925117005
0.09511039137217665
0.09512904429220649
0.09511123923217801
0.09493149291189042
0.09462032829139255
0.09416248389066
0.09357576476972125
0.09285677948857086
0.09213609848741779
0.09117971240588757
0.09011480024418371
0.08905751882249206
0.08777640236044226
0.0865046123584074
0.0850615546360985
0.08361340975378148
0.08208471817133557
0.08038475886861562
0.07871277894594046
0.07697381808315813
0.07525096656040156
0.0734696126975514
0.07162975649460764
0.06981279251170049
0.0678678016685885
0.06596774740554842
0.06393033982228856
0.061946347419114166
0.0599250491758801
0.05780200773248323
0.05573831648918132
0.05363731940581972
0.05147018924235231
0.049368344298989356
0.047240215695584356
0.045119717832191555
0.04301872074882996
0.040864308485382896
0.03879044292206472
0.03673607813877773
0.03470121413552195
0.03269856881231771
0.030733229329173172
0.02880180424608289
0.026933968663094356
0.025114461100183144
0.02334497727735197
0.021677236654683584
0.02005104117208167
0.01849097876958557
0.015475140744760228
0.012533914400054266
0.009696974835515163
0.006937190531099507
0.005849386149359019
0.00487095570779353
0.003990877026385404
0.0031964322051142922
0.0025020348640032563
0.001908532863053653
0.0013837075222139323
9.623211015397137e-4
6.146985009835175e-4
3.3999186054398686e-4
1.543105202468972e-4
4.154514006647255e-5
0.0
2.2892220036627672e-5
1.2039612019263412e-4
2.6368446042189514e-4
4.8328020077324866e-4
7.495082411992132e-4
0.0010776300617242082
0.0014515363223224587
0.001872922742996677
0.00234263718374822
0.0028437224445499567
0.003393135725429018
0.0039747676863596286
0.004574204707318728
0.0052211218883537955
0.00587143050939429
0.00655480567048769
0.007255985891609579
0.00797157973275453
0.008708370073933394
0.009431594655090553
0.010174320016278915
0.010911110357457779
0.011641965678627148
0.012366885979787018
0.013086719120938752
0.013792986502068783
0.014459404463135048
0.015111408804178257
0.015760869565217394
0.01636878518619006
0.0169283727870854
0.01747354676795768
0.017972936308756703
0.01842654140948247
0.01883266635013227
0.019176049650681683
0.01947364851115784
0.019722071491555318
0.01989249135182799
0.019619480431391174
0.019280336430848543
0.01887929865020688
0.01844519432951232
0.017961914128739067
0.01743369734789392
0.01688597978701757
0.01629417350607068
0.015685410025096658
0.015072407244115855
0.014433120803092996
0.013793834362070136
0.013170657261073053
0.01254748016007597
0.011940412399104662
0.011350301838160486
0.010792409957267858
0.010243844536390155
0.009765651495625045
0.00929848063487757
0.009265414094824665
0.009274740554839588
0.009320524994912842
0.009408702435053927
0.009512141355219429
0.0096630604354609
0.009844502475751207
0.010041205996065932
0.01026928033643085
0.01048972393678356
0.010747473377195959
0.010996744217594792
0.011268907278030255
0.011531743878450792
0.011793732618869976
0.012054025639286443
0.012312622939700198
0.01255511090008818
0.012796751000474805
0.013006172420809878
0.0131893101811029
0.013259682561215494
0.013303771281286035
0.013326663501322665
0.01328596622125755
0.013244421081191076
0.013163026521060843
0.01307739266092383
0.012966323000746119
0.012851861900562983
0.012728074340364923
0.01257715526012345
0.012441497659906398
0.012278708539645935
0.012132028759411249
0.011959065319134507
0.011792036898867262
0.011623312758597303
0.0114554364783287
0.011281625178050604
0.011117988197788782
0.010948416197517468
0.010788170657261075
0.010621990096995186
0.010466831716746932
0.010316760496506818
0.010169232856270775
0.01003442311605508
0.009909787695855661
0.009790239435664386
0.009683409075493456
0.009577426575323884
0.009483314115173303
0.009401071695041717
0.00933069931492912
0.009278131994845012
0.009239978294783967
0.009200128874720208
0.00917978023468765
0.009168758054670014
0.009167062334667303
0.009181475954690365
0.009222173234755477
0.009262022654819237
0.009316285694906059
0.00937563589500102
0.009635081055416132
0.009875025435800043
0.010104795496167674
0.010326086956521742
0.010326086956521742
0.010318456216509533
0.010279454656447128
0.010225191616360308
0.01016075425625721
0.010068337516109343
0.009970833615953335
0.009858068235772911
0.009738519975581634
0.009605405955368651
0.00946466119514346
0.009319677134911487
0.009173845214678154
0.009016991114427187
0.00884996269415994
0.008697347893915758
0.008539645933663435
0.008378552533405685
0.008203045513124875
0.008041952112867125
0.00789442447263108
0.00773333107237333
0.0075747812521196525
0.007423862171878181
0.00727294309163671
0.007133046191412876
0.006997388591195823
0.006863426710981484
0.006732856270772572
0.006610764430577225
0.006503934070406296
0.006399647290239437
0.0062894254900630825
0.0061987044699179285
0.006110527029776844
0.006039306789662892
0.0059638472495421565
0.005904497049447197
0.005845146849352236
0.005796818829274911
0.005764600149223361
0.0057349250491758805
0.005710337109136541
0.005695923489113478
0.005694227769110766
0.005696771349114836
0.005710337109136541
0.005738316489181308
0.00578749236925999
0.005941802889506886
0.006114766329783627
0.006294512650071221
0.0064691718103506764
0.006548022790476837
0.006631960930611139
0.006694702570711525
0.006754900630807843
0.00681001153089602
0.006856643830970632
0.006884623211015399
0.006917689751068304
0.006937190531099507
0.006950756291121212
0.0069558434511293515
0.0069456691311130725
0.0069312555110900105
0.00691175473105881
0.00687699247100319
0.006837990910940787
0.006786271450858036
0.006724377670759006
0.00665400529064641
0.006515804110425289
0.006343688530149903
0.006176660109882657
0.006007088109611342
0.005831581089330531
0.005659465509055146
0.0054873499287797604
0.0053118429084989495
0.005138879468222208
0.00496761174794818
0.0047980397476768645
0.004634402767415046
0.004610662687377061
0.00458607474733772
0.004562334667299737
0.004536898867259039
0.004514006647222411
0.004490266567184428
0.004468222207149156
0.004444482127111173
0.0044224377670759015
0.0044029369870447
0.004382588347012142
0.004363087566980941
0.004344434646951096
0.0043274774469239646
0.004312215966899547
0.004296106626873772
0.004282540866852066
0.0042698229668317175
0.004260496506816796
0.0042511700468018734
0.004243539306789663
0.004266431526826291
0.004291019466865632
0.0043189988469103996
0.004346978226955166
0.004378349047005359
0.004410567727056909
0.004443634267109815
0.004479244387166792
0.004516550227226481
0.004555551787288884
0.004595401207352643
0.0046369463474191155
0.004679339347486944
0.004724275927558842
0.004770060367632098
0.0048183883877094226
0.00486841212778946
0.004919283727870855
0.004971851047954962
0.005024418368039071
0.005080377128128605
0.005135488028216782
0.005194838228311742
0.005253340568405346
0.005313538628501663
0.005375432408600693
0.005439021908702436
0.005503459268805536
0.0055695923489113485
0.005614528928983248
0.005659465509055146
0.005706097809129758
0.00575273010920437
0.005801058129281694
0.005850234009360376
0.005900257749440413
0.005946890049515025
0.005996913789595063
0.0060460896696737446
0.006095265549752426
0.006143593569829751
0.006191921589907076
0.006239401749983044
0.006287729770060369
0.0063309706301295544
0.006375907210201453
0.006420843790273352
0.006462388930339824
0.006503086210404939
0.006542087770467342
0.0065785457505256745
0.006614155870582651
0.006645526690632844
0.006676049650681681
0.006705724750729161
0.006730312690768502
0.0067515091908024166
0.006771857830834974
0.0067888150308621055
0.006804076510886524
0.0068117072508987325
0.006819337990910942
0.006822729430916369
0.006822729430916369
0.006818490130909585
0.006809163670894664
0.006796445770874315
0.006779488570847183
0.0067599877908159816
0.006732008410771214
0.006701485450722378
0.006665875330665402
0.00662433019059893
0.006576850030522961
0.006525978430441567
0.006468323950349319
0.006405582310248932
0.0063369056501390505
0.006261446110018315
0.00618089940988944
0.006093569829749713
0.006001153089601845
0.005900257749440413
0.005792579529268128
0.005678118429084991
0.005558570168893714
0.005303364308485384
0.005043919148070271
0.004786169707657872
0.004532659567252256
0.004424981347079971
0.0043232381469171825
0.004230821406769315
0.004146883266635014
0.004068032286508852
0.00399935562639897
0.003935766126297227
0.003880655226209049
0.003831479346130368
0.0037890863460625394
0.0037517805060028496
0.003722953265956726
0.0036983653259173854
0.0036797124058875405
0.0036678423658685483
0.0036602116258563394
0.0036585159058536267
0.0036619073458590526
0.0036678423658685483
0.0036797124058875405
0.0036966696059146723
0.003718713965949943
0.0037433019059892837
0.0037704334260326945
0.0038026521060842444
0.0038382622261412206
0.003876415926202266
0.003919656786271452
0.003963745506341994
0.004009529946415249
0.004060401546496643
0.004111273146578038
0.004164688326663502
0.004221494946754393
0.004277453706843927
0.0043359560469375304
0.004395306247032491
0.004457200027131521
0.004518245947229194
0.004580987587329582
0.004643729227429968
0.004706470867530355
0.004770060367632098
0.0048328020077324845
0.004895543647832871
0.004956589567930545
0.005019331208030931
0.005078681408125891
0.005138879468222208
0.005196533948314455
0.00525249270840399
0.0053076036084921665
0.0053593230685749175
0.005411890388659026
0.005459370548734994
0.005506002848809605
0.005548395848877435
0.0055695923489113485
0.005589940988943907
0.005606050328969682
0.005620463948992743
0.005630638269009023
0.005639116869022588
0.005645051889032084
0.00564844332903751
0.0056501390490402235
0.0056501390490402235
0.0056458997490334405
0.005641660449026658
0.005634877569015805
0.00562639896900224
0.005615376788984604
0.005603506748965612
0.005589093128942551
0.0055738316489181315
0.005556874448891001
0.005538221528861156
0.005517025028827241
0.005495828528793327
0.005472936308756699
0.005449196228718715
0.005424608288679374
0.0053983246286373205
0.00537119310859391
0.005342365868547787
0.005312690768500306
0.005283015668452826
0.00525249270840399
0.005221969748355153
0.0051897510683036035
0.005157532388252053
0.005126161568201859
0.0050930950281489525
0.005059180628094691
0.005025266228040426
0.00499219968798752
0.004958285287933258
0.004925218747880351
0.004891304347826088
0.004857389947771825
0.004824323407718918
0.004790409007664656
0.004758190327613106
0.004726819507562912
0.0046946008275113625
0.004662382147459812
0.004631859187410976
0.004603031947364852
0.004573356847317372
0.0045462253272739615
0.004518245947229194
0.004492810147188497
0.004466526487146443
0.004443634267109815
0.004420742047073188
0.004399545547039274
0.004379196907006716
0.004359696126975515
0.004342738926948383
0.0043274774469239646
0.0043274774469239646
0.004330021026928034
0.004333412466933461
0.004339347486942957
0.0043461303669538095
0.004353761106966019
0.004361391846978228
0.0043707183069931505
0.004381740487010786
0.004391914807027064
0.004404632707047413
0.004416502747066405
0.004429220647086754
0.0044410906871057455
0.0044555043071288075
0.0044673743471478
0.004481787967170862
0.004495353727192566
0.004508071627212916
0.004519941667231907
0.004532659567252256
0.004538594587261752
0.004543681747269892
0.004547921047276675
0.004553008207284814
0.00455639964729024
0.004560638947297023
0.004562334667299737
0.004565726107305162
0.00456657396730652
0.004568269687309233
0.004569965407311945
0.004569965407311945
0.004571661127314659
0.0045708132673133025
0.0045708132673133025
0.0045708132673133025
0.004569117547310589
0.004567421827307876
0.00456657396730652
0.004563182527301092
0.00456148680729838
0.004558095367292954
0.004555551787288884
0.004553008207284814
0.004549616767279388
0.004544529607271248
0.004540290307264465
0.004537746727260396
0.004532659567252256
0.004526724547242761
0.004522485247235977
0.004517398087227838
0.004511463067218341
0.0045072237672115585
0.004500440887200706
0.0044945058671912105
0.004488570847181714
0.004482635827172218
0.004475852947161366
0.0044699179271518695
0.00446228718713966
0.004456352167130165
0.004450417147120668
0.00444278640710846
0.004436851387098963
0.004429220647086754
0.004420742047073188
0.004414807027063692
0.004407176287051483
0.004399545547039274
0.004390219087024351
0.004382588347012142
0.00437326188699722
0.004365631146985011
0.0043563046869700885
0.004348673946957879
0.006915994031065592
0.0068278165909245086
0.00674303059078885
0.00665654887065048
0.006573458590517535
0.006505629790409009
0.006426778810282847
0.0063597978701756775
0.006295360510072578
0.006231771009970835
0.006171572949874518
0.0061223970697958366
0.006075764769721225
0.006029132469646614
0.005983348029573359
0.005952825069524522
0.005919758529471615
0.005890083429424135
0.005859560469375298
0.005842603269348166
0.005840907549345453
0.005823950349318321
0.0058214067693142515
0.005832428949331887
0.005843451129349523
0.0058544733093671576
0.0059553686495285914
0.006057959709692737
0.006158007189852812
0.006273316150037307
0.006394560130231298
0.006529369870446993
0.0066650274706640455
0.0068176422709082295
0.0069541477311266375
0.007108458251373535
0.007277182391643494
0.007429797191887677
0.007600217052160349
0.007785050532456083
0.007958013972732823
0.008150478193040767
0.008339550973343284
0.008529471613647156
0.008734653733975447
0.008933052974292886
0.009140778674625247
0.00935020009496032
0.009567252255307605
0.009779217255646748
0.010014074476022521
0.010229430916367093
0.010465983856745577
0.010698297497117279
0.0109399375975039
0.011175642677881032
0.01142067421827308
0.011659770738655635
0.011908193719053113
0.012149833819439735
0.012402496099843997
0.012647527640236049
0.012903581360645735
0.01315200434104321
0.013401275181442044
0.013652241741843589
0.013915078342264128
0.014170284202672459
0.014411076443057726
0.014668825883470123
0.014901139523841827
0.015161432544258297
0.015408159804653057
0.01564386488503019
0.01589313572542902
0.01613138438581022
0.016355219426168355
0.016592620226548196
0.016818150986909045
0.017031811707250905
0.017259038187614466
0.017471851047954966
0.017671946008275118
0.01788645458861833
0.018087397408939842
0.018272230889235574
0.01845876008953402
0.018615614189784985
0.018802143390083435
0.01894373601030998
0.01910059011056095
0.019242182730787497
0.019383775351014047
0.0194939971511904
0.019619480431391174
0.019714440751543112
0.01980855321169369
0.019886556331818496
0.0199645594519433
0.02002730109204369
0.02007308553211694
0.020104456352167135
0.02011802211218884
0.020148545072237675
0.020146001492233605
0.020112087092179345
0.020094282032150856
0.020045106152072174
0.019995930271993492
0.019913687851861907
0.019730550091568884
0.01950247575120397
0.01928881503086211
0.019030217730448353
0.018772468290035954
0.018519806009631695
0.01822135928915418
0.01794156548870651
0.017650749508241203
0.017345519907752835
0.017018245947229196
0.016694363426710986
0.016360306586176494
0.01601946686563115
0.015447161364715462
0.014861290103778067
0.014304246082886796
0.013750593502000953
0.013196093061113752
0.012659397680255039
0.012125245879400394
0.011617377738587809
0.011134945397815914
0.010644882317031814
0.010181102896289766
0.00974191141558706
0.009316285694906059
0.00891270433426033
0.008532015193651226
0.008164891813063829
0.00781811707250899
0.007499321711998915
0.007192396391507836
0.00691175473105881
0.00665654887065048
0.0064115173302584285
0.006306382690090214
0.006203791629926068
0.006116462049786341
0.0060376110696601796
0.005976565149562505
0.0059223021094756845
0.005879909109407856
0.0058417554093468105
0.005819711049311539
0.005795970969273555
0.005781557349250493
0.005806145289289834
0.005837516109340027
0.005869734789391577
0.0058985620294377
0.005939259309502816
0.005981652309570645
0.006026588889642544
0.006066438309706302
0.006115614189784984
0.006162246489859595
0.006208878789934208
0.006318252730109206
0.006447975310316763
0.006581089330529745
0.0067125076307400135
0.00684731737095571
0.0069804313911686925
0.007105914671369465
0.007228854371566168
0.0073441633317506624
0.007450993691921592
0.007530692532049109
0.007606152072169845
0.007648545072237675
0.0076739808722783714
0.007615478532184767
0.007390795631825275
0.007116088991385745
0.0068176422709082295
0.006470019670352033
0.006095265549752426
0.005691684189106696
0.005249101268398563
0.005236383368378215
0.005218578308349727
0.005152445228243914
0.005080377128128605
0.005007461168011939
0.00493030590788849
0.004853998507766398
0.004776843247642951
0.004700535847520859
0.004626772027402836
0.004553856067286171
0.004526724547242761
0.004500440887200706
0.004478396527165435
0.0044597436071355905
0.004443634267109815
0.004430916367089467
0.004419894187071832
0.004411415587058266
0.004407176287051483
0.0044037848470460566
0.0044037848470460566
0.00440548056704877
0.004410567727056909
0.004416502747066405
0.004424981347079971
0.004436003527097607
0.004450417147120668
0.004465678627145087
0.004482635827172218
0.004502136607203419
0.004523333107237334
0.004547921047276675
0.004571661127314659
0.0045979447873567125
0.004626772027402836
0.0046555992674489595
0.004686122227497797
0.004720036627552059
0.004753951027606323
0.004787865427660586
0.004825171267720275
0.004891304347826088
0.004959133147934614
0.0050269619480431404
0.005094790748151667
0.005125313708200503
0.005154988808247983
0.005184663908295463
0.005213491148341587
0.005240622668384997
0.005266906328427051
0.005293189988469105
0.005318625788509802
0.005343213728549142
0.00536610594858577
0.005389846028623755
0.005410194668656313
0.0054313911686902265
0.005453435528725499
0.005471240588753986
0.005490741368785188
0.005508546428813675
0.00552465576883945
0.005542460828867939
0.005558570168893714
0.005572983788916776
0.005587397408939837
0.005600963168961542
0.005613681068981891
0.005628094689004952
0.005639116869022588
0.00564844332903751
0.005658617649053789
0.005668791969070068
0.0056789662890863474
0.005687444889099913
0.005694227769110766
0.005701010649121619
0.005707793529132471
0.005714576409143323
0.005719663569151464
0.005723902869158246
0.005728142169165029
0.005732381469171812
0.005734077189174525
0.00573746862917995
0.00574001220918402
0.00574001220918402
0.005741707929186734
0.00574255578918809
0.0057408600691853775
0.0057408600691853775
0.00574001220918402
0.0057366207691785945
0.0057349250491758805
0.005733229329173168
0.005729837889167742
0.005724750729159602
0.005722207149155533
0.00571796784914875
0.0057120328291392535
0.005706945669131114
0.005700162789120261
0.005695075629112123
0.005688292749101269
0.005679814149087704
0.005674726989079564
0.005666248389065999
0.005657769789052433
0.005649291189038867
0.005639964729023944
0.005630638269009023
0.005620463948992743
0.005611137488977821
0.005601811028962899
0.005590788848945263
0.005578918808926271
0.005568744488909992
0.005556874448891001
0.017812690768500308
0.017589703588143532
0.017370955707793533
0.017181882927491017
0.016994505867191215
0.01679441090687106
0.016596011666553622
0.016412873906260603
0.01623227972597165
0.016065251305704405
0.015885504985416812
0.01570745438513193
0.01554381740487011
0.015381028284609646
0.015219087024350542
0.015071559384114497
0.014897748083836402
0.014750220443600354
0.014603540663365668
0.014458556603133695
0.014311876822899005
0.014166044902665674
0.014033778742454048
0.013887946822220717
0.013754832802007734
0.013621718781794752
0.013522519161636035
0.013411449501458323
0.013310554161296891
0.0132088109611341
0.013105372040968599
0.013001085260801739
0.01290697280065116
0.012800990300481586
0.012704334260326938
0.012595808180153297
0.012496608559994576
0.012394865359831787
0.012293122159668997
0.012189683239503495
0.01208454859933528
0.011978566099165708
0.011885301499016485
0.011775927558841486
0.011665705758665133
0.01157752831852405
0.011463915078342267
0.011349453978159127
0.011249406497999053
0.011146815437834906
0.011043376517669403
0.010923828257478127
0.010817845757308556
0.010711015397137626
0.010618598656989761
0.010508376856813405
0.010390524316624841
0.010294716136471548
0.010197212236315542
0.010076816116122907
0.009971681475954692
0.009864851115783764
0.009779217255646748
0.009665604015464969
0.009572339415315744
0.009462965475140746
0.009362917994980671
0.009299328494878927
0.00921454249474327
0.009145865834633386
0.009054296954486877
0.008984772434375638
0.008925422234280679
0.00884996269415994
0.008774503154039206
0.008710913653937464
0.008650715593841146
0.008586278233738046
0.008521840873634947
0.008453164213525063
0.008384487553415181
0.008331920233331075
0.008263243573221191
0.008207284813131658
0.00815471749304755
0.008094519432951234
0.008054670012887474
0.007994471952791156
0.007946143932713833
0.00788764159262023
0.007840161432544259
0.0077892898324628665
0.007742657532388253
0.007684155192294649
0.007618869972190194
0.007531540392050466
0.007462863731940583
0.007377229871803569
0.007306009631689618
0.007232245811571595
0.007158481991453572
0.00708980533134369
0.007012650071220242
0.0069541477311266375
0.006882927491012686
0.006820185850912299
0.00674557417079292
0.0066836803906938904
0.006620938750593504
0.006559044970494474
0.006497151190395444
0.006438648850301839
0.006375907210201453
0.006324187750118702
0.006261446110018315
0.006208878789934208
0.006149528589839247
0.006096113409753782
0.0060460896696737446
0.005994370209590994
0.005935020009496033
0.005886691989418708
0.005834124669334601
0.005792579529268128
0.0057467950891948736
0.005695923489113478
0.005649291189038867
0.0056128332089805345
0.005564505188903209
0.00552974292884759
0.0054848063487756915
0.005448348368717358
0.005410194668656313
0.005377128128603407
0.005347453028555926
0.005316930068507089
0.0052847113884555395
0.005261819168418912
0.005237231228379571
0.00521773044834837
0.005197381808315812
0.005184663908295463
0.005171946008275114
0.00518551176829682
0.0052211218883537955
0.00525757986841213
0.005294037848470461
0.005331343688530151
0.005364410228583057
0.0054025639286441034
0.0054313911686902265
0.0054559791087295684
0.005475479888760769
0.005491589228786544
0.0054924370887879
0.005463609848741777
0.005355931628569492
0.005226209048361935
0.005079529268127248
0.004919283727870855
0.004736993827579191
0.0045318117072508995
0.004537746727260396
0.004541138167265822
0.004544529607271248
0.004547921047276675
0.004553008207284814
0.00455639964729024
0.004559791087295667
0.004564878247303806
0.004568269687309233
0.004571661127314659
0.004575052567320085
0.004578444007325512
0.004582683307332295
0.00458607474733772
0.0045894661873431475
0.004592857627348573
0.004596249067353999
0.004599640507359426
0.004603031947364852
0.004606423387370278
0.004610662687377061
0.004614054127382488
0.004615749847385201
0.004619141287390627
0.0046225327273960535
0.004624228447398767
0.004627619887404193
0.004629315607406906
0.0046327070474123325
0.004635250627416401
0.004638642067421829
0.004640337787424541
0.004642033507427254
0.004643729227429968
0.004645424947432681
0.004647120667435394
0.004648816387438107
0.004651359967442177
0.00465305568744489
0.00465305568744489
0.004654751407447604
0.004656447127450316
0.004656447127450316
0.004656447127450316
0.004658142847453029
0.004658142847453029
0.004658990707454386
0.004658990707454386
0.004658990707454386
0.004658990707454386
0.004658990707454386
0.004659838567455743
0.004658142847453029
0.004658142847453029
0.004656447127450316
0.004656447127450316
0.004654751407447604
0.00465305568744489
0.004651359967442177
0.004649664247439463
0.004648816387438107
0.004645424947432681
0.004643729227429968
0.004640337787424541
0.004638642067421829
0.004635250627416401
0.004631859187410976
0.004628467747405549
0.004625076307400123
0.0046225327273960535
0.004616597707386557
0.004613206267381131
0.004608966967374348
0.004603879807366209
0.00459879264735807
0.0045937054873499295
0.00458861832734179
0.0045835311673336505
0.004578444007325512
0.004571661127314659
0.00456657396730652
0.004559791087295667
0.004553008207284814
0.004547073187275318
0.0045419860272671786
0.004535203147256326
0.004528420267245473
0.004521637387234621
0.004516550227226481
0.004509767347215628
0.004502984467204776
0.004497897307196636
0.004491114427185784
0.004486027267177645
0.004480940107169505
0.004475852947161366
0.004470765787153226
0.004465678627145087
0.00446228718713966
0.004458895747134235
0.0044555043071288075
0.004452112867123382
0.004448721427117955
0.0044470257071152425
0.004445329987112529
0.004443634267109815
0.004443634267109815
0.004444482127111173
0.004446177847113885
0.004446177847113885
0.004447873567116599
0.004451265007122025
0.004454656447127451
0.004458047887132877
0.004463135047141017
0.004470765787153226
0.004475852947161366
0.0044843315471749315
0.004491114427185784
0.004502136607203419
0.004512310927219699
0.004522485247235977
0.004534355287254969
0.004548768907278031
0.004562334667299737
0.004577596147324155
0.0045937054873499295
0.0046225327273960535
0.004652207827443533
0.004683578647493727
0.004714101607542563
0.004745472427592756
0.004776843247642951
0.004807366207691787
0.00483873702774198
0.00486841212778946
0.0048972393678355835
0.004925218747880351
0.004953198127925118
0.004976938207963103
0.005001526148002443
0.005022722648036357
0.005041375568066202
0.005058332768093333
0.005072746388116395
0.005085464288136744
0.00509394288815031
0.005097334328155736
0.0050990300481584495
0.005068507088109612
0.005034592688055349
0.0049981347079970165
0.004958285287933258
0.004919283727870855
0.004876042867801669
0.004834497727735198
0.004792952587668726
0.004751407447602253
0.00471240588753985
0.0046742521874788045
0.004637794207420471
0.004605575527368922
0.004575900427321442
0.004552160347283458
0.004530963847249543
0.004515702367225124
0.004552160347283458
0.0045937054873499295
0.004640337787424541
0.004691209387505936
0.0047446245675914
0.004803126907685004
0.004862477107779964
0.004926914467883064
0.004991351827986165
0.005057484908091977
0.00512361798819779
0.005188903208302246
0.00525503628840806
0.005321169368513872
0.0053856067286169726
0.005448348368717358
0.005507698568812319
0.005530590788848946
0.005549243708878791
0.005567896628908636
0.005581462388930341
0.005593332428949333
0.005603506748965612
0.005610289628976465
0.005615376788984604
0.0056170725089873174
0.005617920368988673
0.00561622464898596
0.005611137488977821
0.005604354608966969
0.005595876008953403
0.005585701688937124
0.0055738316489181315
0.005560265888896426
0.005545004408872008
0.00552719934884352
0.005508546428813675
0.005488197788781118
0.005467001288747203
0.005443261208709219
0.005418673268669879
0.005393237468629181
0.005366953808587128
0.005338126568541004
0.005308451468493524
0.005278776368446043
0.00524740554839585
0.005216034728345657
0.00518296818829275
0.005149901648239844
0.00511598724818558
0.005081224988129961
0.005046462728074341
0.005010004748016009
0.0049752424879603895
0.004938784507902056
0.004901478667842366
0.004863324967781321
0.004826866987722988
0.004790409007664656
0.004753951027606323
0.004715797327545277
0.004679339347486944
0.004642033507427254
0.004605575527368922
0.0045708132673133025
0.004534355287254969
0.00449959302719935
0.004466526487146443
0.004431764227090824
0.0043978498270365604
0.004366479006986368
0.004333412466933461
0.00430373736688598
0.0042740622668385
0.004244387166791021
0.004216407786746253
0.0041901241267042
0.004165536186664859
0.004140948246625518
0.004118903886590247
0.004097707386556333
0.004078206606525131
0.00405870582649393
0.004043444346469512
0.004027335006443737
0.004015464966424745
0.004002747066404396
0.003994268466390831
0.003987485586379978
0.003982398426371839
0.003978159126365056
0.003976463406362343
0.003978159126365056
0.003981550566370481
0.003987485586379978
0.003995964186393543
0.004006138506409822
0.004020552126432884
0.0040366614664586594
0.00405361866648579
0.004076510886522418
0.004101098826561758
0.004127382486603813
0.00415790544665265
0.004190971986705556
0.004227429966763889
0.004268127246829004
0.004310520246896833
0.004358000406972802
0.004407176287051483
0.0044597436071355905
0.004581835447330937
0.004706470867530355
0.0048328020077324845
0.00495998100793597
0.0050863121481381
0.005211795428338874
0.005334735128535577
0.005452587668724141
0.005567896628908636
0.0056789662890863474
0.005780709489249136
0.005816319609306112
0.005846842569354949
0.005869734789391577
0.005885844129417352
0.0058977141694363435
0.005905344909448553
0.0059078884894526226
0.005905344909448553
0.005901953469443127
0.005894322729430917
0.005885844129417352
0.0058748219493997165
0.005862951909380724
0.005849386149359019
0.005836668249338671
0.005824798209319679
0.00581208030929933
0.005802753849284407
0.005793427389269485
0.0057883402292613455
0.00578494878925592
0.00578494878925592
0.005789188089262702
0.005795970969273555
0.005805297429288476
0.005815471749304756
0.005829037509326461
0.005845146849352236
0.005858712609373941
0.00587651766940243
0.0058934748694295614
0.005911279929458049
0.005929084989486537
0.005944346469510956
0.00596045580953673
0.005975717289561149
0.005990130909584211
0.00600030522960049
0.006011327409618125
0.006018958149630335
0.00602234958963576
0.00602234958963576
0.006020653869633048
0.006015566709624908
0.006006240249609985
0.005990130909584211
0.005970630129553009
0.005946042189513669
0.005915519229464832
0.005880756969409213
0.005838363969341383
0.005790883809265415
0.005668791969070068
0.005544156548870652
0.0054127382486603825
0.005276232788441974
0.005139727328223565
0.005002374008003799
0.004864172827782677
0.004727667367564269
0.004594553347351287
0.004463135047141017
0.004407176287051483
0.004355456826968732
0.004307976666892764
0.0042655836668249346
0.004226582106762532
0.00419266770670827
0.004163840466662145
0.004140948246625518
0.0041214474665943164
0.004105338126568541
0.004096859526554976
0.004661534287458456
0.004636098487417759
0.004658990707454386
0.004728515227565625
0.004827714847724345
0.004955741707929188
0.005143118768228991
0.005343213728549142
0.0055882452689411935
0.005875669809401072
0.006191921589907076
0.00655226209048362
0.006944821271111715
0.007399274231838841
0.007893576612629722
0.008427728413484369
0.009020382554432613
0.009789391575663027
0.010593162856949062
0.01143339211829343
0.012335515159736826
0.013261378281218206
0.01420165502272265
0.015174150444278642
0.016175473105880758
0.017164925727463885
0.018168791969070074
0.019170962490673543
0.020156175812249884
0.02110323543376518
0.022046055755273696
0.022946483076714378
0.023804517398087234
0.02460065793936106
0.025312012480499226
0.025952994641524795
0.026510886522417426
0.026996710303194744
0.02733161500373059
0.027595299464152484
0.027706369124330193
0.02771315200434105
0.027565624364105003
0.027290917723665476
0.02685087838296141
0.02627179000203487
0.025518042460828873
0.024328494878925598
0.022921895136675037
0.021444075154310526
0.019851794071762876
0.018206097809129764
0.015089364444142987
0.012141355219426171
0.009409550295055281
0.006961778471138848
0.0059180628094689025
0.005067659228108256
0.004379196907006716
0.003850980126161569
0.003455877365529404
0.003174387845079021
0.0029810757647697216
0.0028733975445974368
0.002824221664518755
0.002826765244522825
0.002864918944583871
0.002927660584684258
0.003016685884826698
0.0031133419249813475
0.00321678084514685
0.003316828325306926
0.0033897442854235915
0.0034847046055755285
0.0036127314657803714
0.003760259106016415
0.003938309706301296
0.004116360306586178
0.004255409346808656
0.004307976666892764
0.00424947432679916
0.004314759546903617
0.0043834362070134985
0.004449569287119312
0.004515702367225124
0.004577596147324155
0.004640337787424541
0.004697992267516789
0.004751407447602253
0.004801431187682291
0.0048455199077528325
0.004885369327816592
0.0049175880078681415
0.004944719527911552
0.00496252458794004
0.004971003187953606
0.004971003187953606
0.00496252458794004
0.004944719527911552
0.004914196567862716
0.00481414908770264
0.0047073187275317105
0.004596249067353999
0.004485179407176288
0.004378349047005359
0.004349521806959236
0.004330021026928034
0.004315607406904972
0.00430882452689412
0.00430882452689412
0.00431391168690226
0.004324933866919895
0.00434104320694567
0.004362239706979584
0.004387675507020281
0.004417350607067762
0.004453808587126094
0.004491114427185784
0.004534355287254969
0.0045792918673268675
0.004627619887404193
0.004679339347486944
0.004732754527572408
0.004788713287661942
0.0048455199077528325
0.004904870107847794
0.004965916027945467
0.0050269619480431404
0.005089703588143527
0.0051507495082412005
0.005213491148341587
0.005273689208437904
0.0053364308485382905
0.005395781048633251
0.005455131248728211
0.005513633588821815
0.0055695923489113485
0.00562385538899817
0.005673879129078208
0.005723902869158246
0.005768839449230145
0.00581208030929933
0.005818863189310182
0.0058231024893169656
0.0058231024893169656
0.005818863189310182
0.005813776029302043
0.005805297429288476
0.005792579529268128
0.005778165909245066
0.005762904429220649
0.005743403649189447
0.005721359289154175
0.005698467069117549
0.005673031269076851
0.0056458997490334405
0.005617920368988673
0.005587397408939837
0.0055551787288882866
0.005522960048836737
0.005486502068778405
0.005452587668724141
0.005416977548667165
0.00537882384860612
0.00534151800854643
0.005304212168486741
0.005266906328427051
0.0052270569083632925
0.0051897510683036035
0.005149901648239844
0.005112595808180155
0.005075289968120465
0.005037136268059419
0.005001526148002443
0.004965916027945467
0.004929458047887134
0.004895543647832871
0.004863324967781321
0.004831106287729771
0.004802279047683647
0.0047734518076375234
0.00474716814759547
0.0047217323475547725
0.004697992267516789
0.004676795767482874
0.004658990707454386
0.004642881367428611
0.004628467747405549
0.0046182934273892706
0.004637794207420471
0.004658990707454386
0.0046844265074950835
0.004711558027538494
0.004737841687580548
0.004768364647629384
0.004798887607678221
0.004831106287729771
0.004864172827782677
0.004898087227836941
0.0049320016278912035
0.004965916027945467
0.012874754120599609
0.013096893440955031
0.013313097741300961
0.013536084921657738
0.013608153021773048
0.013652241741843589
0.01370650478193041
0.0137438106219901
0.013775181442040292
0.013807400122091843
0.013821813742114905
0.013837075222139323
0.013847249542155602
0.013858271722173236
0.013853184562165097
0.013859967442175951
0.013838770942142036
0.013830292342128472
0.013818422302109477
0.013794682222071494
0.013782812182052502
0.01375652852201045
0.013730244861968393
0.013688699721901922
0.01367428610187886
0.01364461100183138
0.0136344366818151
0.013614088041782543
0.013618327341789327
0.01359289154174863
0.01358271722173235
0.013556433561690296
0.013540324221664521
0.01351319270162111
0.013497083361595337
0.013469103981550568
0.013436885301499018
0.013418232381469174
0.013383470121413554
0.013348707861357936
0.013313097741300961
0.013292749101268401
0.013255443261208713
0.013217289561147665
0.01317913586108662
0.013150308621040498
0.01310961134097538
0.013068914060910266
0.013027368920843791
0.013001085260801739
0.01295869226073391
0.012915451400664725
0.012886624160618603
0.012858644780573835
0.012829817540527711
0.012800142440480231
0.012761140880417826
0.012746727260394766
0.01271620430034593
0.012692464220307944
0.012685681340297093
0.012661093400257752
0.012662789120260464
0.012645831920233334
0.01267211558027539
0.012699247100318799
0.012734857220375774
0.012778945940446316
0.012813708200501935
0.0128671233805874
0.012910364240656585
0.012962931560740694
0.013007868140812591
0.013068914060910266
0.013131655701010651
0.01318422302109476
0.013245268941192432
0.013316489181306386
0.013386013701417624
0.013447059621515298
0.013525062741640104
0.01358526080173642
0.013663263921861223
0.013731092721969752
0.013826053042121686
0.013882011802211222
0.013965949942345525
0.014039713762463546
0.014101607542562577
0.014172827782676528
0.014249983042799974
0.014299158922878656
0.014374618462999393
0.014416163603065866
0.014389032083022455
0.014351726242962765
0.014305941802889511
0.014261005222817612
0.014195720002713155
0.014130434782608699
0.014061758122498817
0.013999016482398428
0.013907447602251918
0.013838770942142036
0.013750593502000953
0.013658176761853087
0.013547107101675376
0.013444516041511229
0.013335989961337585
0.013209658821135456
0.013091806280946892
0.01298073662076918
0.012851014040561624
0.012715356440344572
0.01257461168011938
0.012428779759886049
0.012301600759682564
0.0121447466594316
0.011997219019195551
0.011843756358950014
0.01168605439869769
0.01154700535847521
0.011378281218205253
0.011220579257952931
0.011073051617716883
0.010913653937461848
0.010756799837210883
0.010611815776978907
0.010446483076714376
0.010309977616495967
0.010153123516245
0.010008987316014382
0.009877569015804112
0.009742759275588417
0.009621515295394425
0.00949179271518687
0.00938241877501187
0.009288306314861293
0.009185715254697146
0.009104320694566915
0.009016143254425832
0.008962728074340367
0.008907617174252189
0.008963575934341723
0.009094994234551993
0.009247609034796177
0.009395984535033578
0.009551990775283186
0.009684256935494814
0.009818218815709151
0.009933527775893647
0.01002933595604694
0.010101404056162248
0.010138709896221938
0.010131927016211085
0.010002204436003529
0.009524859255239777
0.008982228854371568
0.008370921793393478
0.007689242352302788
0.006938886251102221
0.006098656989757852
0.0061079834497727754
0.006114766329783627
0.0061223970697958366
0.006129179949806689
0.006135114969816185
0.006140202129824325
0.006147832869836533
0.006152920029844673
0.0061563114698501
0.006162246489859595
0.0061656379298650225
0.006168181509869092
0.006169877229871805
0.006171572949874518
0.006173268669877232
0.006174964389879944
0.0061741165298785875
0.006175812249881301
0.0061741165298785875
0.0061741165298785875
0.006172420809875874
0.006168181509869092
0.006166485789866378
0.006162246489859595
0.0061563114698501
0.006150376449840603
0.006144441429831108
0.006135962829817542
0.006128332089805333
0.006119853489791767
0.006108831309774131
0.006099504849759209
0.0060893305297429305
0.006077460489723938
0.006066438309706302
0.006052872549684596
0.006038458929661535
0.00602489316963983
0.006009631689615412
0.00599521806959235
0.0059782608695652184
0.005958760089534018
0.005941802889506886
0.005923149969477042
0.005902801329444483
0.005881604829410568
0.005859560469375298
0.005837516109340027
0.005816319609306112
0.005790883809265415
0.005766295869226075
0.0057408600691853775
0.005713728549141967
0.005686597029098557
0.005657769789052433
0.005628094689004952
0.005599267448958829
0.005567048768907279
0.0055365258088584425
0.00550261140880418
0.005468697008749916
0.005434782608695654
0.005399172488638677
0.0053610187885776315
0.005323712948517942
0.005243166248389068
0.005163467408261548
0.005082072848131318
0.00499983042799973
0.004918435867869498
0.004837889167740623
0.0047564946076103926
0.004675947907481518
0.004596249067353999
0.004559791087295667
0.004520789527233264
0.004486027267177645
0.004449569287119312
0.004417350607067762
0.004384284067014856
0.004351217526961949
0.004319846706911755
0.004290171606864275
0.004261344366818152
0.004231669266770671
0.004206233466729974
0.004178254086685207
0.00415281828664451
0.004128230346605169
0.0041044902665671856
0.004080750186529201
0.004057857966492573
0.004037509326460015
0.004017160686427458
0.003996812046394901
0.003978159126365056
0.003961201926337924
0.003942549006308079
0.0039272875262836605
0.00391033032625653
0.003895068846232111
0.003881503086210406
0.0038679373261887007
0.0038543715661669953
0.003842501526148003
0.003830631486129011
0.0038204571661127323
0.003809434986095097
0.0038009563860815308
0.0037924777860679653
0.0037839991860543994
0.003775520586040834
0.0037695855660313375
0.0037628026860204848
0.003757715526012346
0.003752628366004206
0.0037483890659974236
0.0037433019059892837
0.0037399104659838573
0.003738214745981144
0.00143627484229804
0.0015778674625245884
0.0016338262226141223
0.001598216102557146
0.0014930814623889308
0.0013769246422030799
0.0012726378620362207
0.0012192226819507568
0.0012285491419656788
0.001322661602116259
0.0017101336227362141
0.0021900223835040365
0.002666519704266432
0.0030641660449026663
0.003309197585294717
0.0032303466051685553
0.0037661941260259115
0.003771281286034051
0.00377891202604626
0.0037856949060571126
0.0037916299260666083
0.0037992606660788176
0.0038051956860883137
0.00381367428610188
0.0038204571661127323
0.003828935766126298
0.0038391100861425768
0.003847588686156143
0.0038560672861697085
0.003866241606185987
0.0038755680662009096
0.0038857423862171886
0.0038959167062334672
0.0039060910262497467
0.003917113206267382
0.0039272875262836605
0.003938309706301296
0.003950179746320288
0.003962049786339281
0.003973071966356916
0.0039849420063759085
0.003997659906396256
0.004009529946415249
0.0040222478464355975
0.004033270026453232
0.004046835786474938
0.004059553686495287
0.004072271586515635
0.0040841416265346275
0.004096859526554976
0.004111273146578038
0.004123991046598386
0.004136708946618735
0.00415027470664044
0.004162992606660789
0.00417740622668385
0.0041901241267042
0.004202842026724548
0.00421725564674761
0.004229973546767959
0.004242691446788307
0.004257105066811369
0.0042698229668317175
0.004282540866852066
0.004296954486875127
0.00430882452689412
0.0043215424269144685
0.0043359560469375304
0.004348673946957879
0.004361391846978228
0.00437326188699722
0.004385979787017568
0.004398697687037917
0.004411415587058266
0.004423285627077257
0.004436003527097607
0.004448721427117955
0.004460591467136947
0.004471613647154583
0.0044843315471749315
0.0044945058671912105
0.004505528047208846
0.004518245947229194
0.004528420267245473
0.004539442447263109
0.004547921047276675
0.00455894322729431
0.004569117547310589
0.004578444007325512
0.004587770467340433
0.0045979447873567125
0.004607271247371635
0.004614054127382488
0.00462338058739741
0.0046327070474123325
0.004639489927423184
0.004647120667435394
0.004654751407447604
0.004661534287458456
0.004669165027470665
0.004676795767482874
0.004681882927491014
0.004689513667503222
0.004695448687512719
0.004700535847520859
0.004706470867530355
0.004710710167537138
0.004716645187546633
0.004720036627552059
0.004724275927558842
0.004728515227565625
0.004732754527572408
0.004735298107576478
0.004739537407583261
0.004742080987587331
0.0047446245675914
0.00474716814759547
0.004748016007596827
0.0047505595876008964
0.004751407447602253
0.00475225530760361
0.004753103167604966
0.004753951027606323
0.004755646747609036
0.004755646747609036
0.004755646747609036
0.0047547988876076785
0.004753951027606323
0.004753103167604966
0.004753103167604966
0.0047505595876008964
0.0047505595876008964
0.004748016007596827
0.0047463202875941135
0.004743776707590044
0.004742080987587331
0.004739537407583261
0.0047361459675778345
0.004732754527572408
0.004730210947568338
0.004726819507562912
0.0047217323475547725
0.004718340907549346
0.004714101607542563
0.00470986230753578
0.004705623007528997
0.0046946008275113625
0.00468527436749644
0.0046742521874788045
0.004663230007461169
0.004652207827443533
0.004641185647425898
0.004630163467408263
0.004619141287390627
0.004606423387370278
0.004595401207352643
0.004584379027335007
0.004571661127314659
0.00456148680729838
0.004548768907278031
0.004537746727260396
0.004525876687241403
0.004514854507223769
0.004502136607203419
0.004491962287187141
0.004479244387166792
0.004469070067150513
0.004458047887132877
0.004446177847113885
0.00443515566709625
0.004424133487078615
0.004413959167062336
0.0044029369870447
0.004392762667028421
0.004381740487010786
0.004371566166994506
0.004362239706979584
0.004352065386963306
0.004342738926948383
0.004333412466933461
0.004324086006918538
0.004315607406904972
0.004307976666892764
0.0042986502068778415
0.004291019466865632
0.0042842365868547795
0.00427660584684257
0.004270670826833074
0.004263887946822221
0.004257952926812726
0.004252017906803229
0.004246082886793734
0.004241843586786951
0.0042367564267788115
0.0042325171267720285
0.004229125686766601
0.004226582106762532
0.004231669266770671
0.004235908566777455
0.004243539306789663
0.004248626466797804
0.004255409346808656
0.004263040086820865
0.0042698229668317175
0.004277453706843927
0.004285084446856136
0.004292715186868345
0.004301193786881911
0.004307976666892764
0.00431645526690633
0.004324933866919895
0.004334260326934817
0.004342738926948383
0.004351217526961949
0.004358848266974158
0.004367326866987723
0.004375805467001289
0.0043834362070134985
0.004391914807027064
0.004399545547039274
0.0044080241470528395
0.004414807027063692
0.0044224377670759015
0.004429220647086754
0.004436003527097607
0.00444278640710846
0.004447873567116599
0.004452960727124738
0.004458047887132877
0.004463135047141017
0.004468222207149156
0.004472461507155939
0.0044741572271586524
0.004478396527165435
0.004480940107169505
0.004481787967170862
0.004482635827172218
0.004491962287187141
0.004497897307196636
0.004505528047208846
0.004514006647222411
0.004519941667231907
0.004526724547242761
0.004534355287254969
0.004540290307264465
0.004548768907278031
0.004557247507291597
0.00456657396730652
0.004575900427321442
0.00458607474733772
0.0045979447873567125
0.004610662687377061
0.004624228447398767
0.004639489927423184
0.004656447127450316
0.004675100047480161
0.004695448687512719
0.0047174930475479895
0.004741233127585974
0.004767516787628028
0.004795496167672795
0.004826866987722988
0.0048599335277758945
0.004895543647832871
0.004933697347893917
0.004974394627959032
0.005019331208030931
0.005066811368106899
0.005116835108186937
0.0051710981482737586
0.0052270569083632925
0.005283863528454183
0.005335582988536934
0.005379671708607476
0.005411890388659026
0.005428847588686158
0.005425456148680731
0.0054025639286441034
0.005349996608559996
0.005149901648239844
0.004927762327884421
0.004696296547514075
0.0044614393271383045
0.004344434646951096
0.004234212846774741
0.004129926066607883
0.00403411788645459
0.0039417011463067225
0.0038577630061724212
0.00377891202604626
0.003705148205928238
0.003637319405819712
0.003576273485722038
0.0035211625856338613
0.0034685952655497533
0.003422810825476498
0.0033829614054127393
0.0033456555653530494
0.003315132605304213
0.0032871532252594458
0.0032642610052228183
0.00324645594519433
0.0032320423251712685
0.0032218680051549894
0.0032150851251441367
0.003211693685138711
0.0032125415451400674
0.0032176287051482065
0.003225259445160416
0.0032345859051753382
0.003248151665197043
0.0032634131452214618
0.0032820660652513062
0.0033032625652852205
0.0033278505053245615
0.0033532863053652587
0.0033812656854100257
0.0034117886454588624
0.0034440073255104127
0.0034779217255646758
0.003512683985620295
0.0035482941056772708
0.003587295665739674
0.0036254493658007198
0.003666146645865835
0.0011912433019059894
0.0015787153225259448
0.0019627959031404737
0.0023545072237672123
0.0027436749643898802
0.0031396255850234017
0.0035321847656514965
0.003909482466255172
0.004296106626873772
0.004679339347486944
0.0050473105880756985
0.005425456148680731
0.005776470189242354
0.0061266363698026195
0.0064751068303601726
0.00681001153089602
0.007131350471410162
0.007439971511903956
0.0077358746523774
0.008019059892830497
0.008289527233263247
0.008537102353659365
0.008772807434036495
0.008990707454385133
0.009192498134707999
0.009376483755002376
0.0095341857152547
0.009675778335481246
0.009789391575663027
0.009888591195821748
0.009966594315946552
0.010023400936037442
0.010040358136064574
0.010038662416061862
0.010013226616021163
0.009958963575934343
0.009874177575798686
0.009766499355626401
0.009622363155395783
0.009448551855117684
0.009245913314793464
0.009003425354405483
0.008430271993488437
0.007833378552533408
0.007223767211558029
0.0066031336905650155
0.005996913789595063
0.005716272129146036
0.005457674828732281
0.005209251848334804
0.004971851047954962
0.004745472427592756
0.004538594587261752
0.004342738926948383
0.004166384046666215
0.003991724886386761
0.003835718646137151
0.00368988672590382
0.0035533812656854107
0.003427050125483281
0.003310045445296073
0.0032023672251237883
0.0031141897849827046
0.0030268602048429774
0.002958183544733094
0.0028895068846232115
0.0028403310045445303
0.002790307264464492
0.00275130570440209
0.0027301092043681753
0.0027114562843383308
0.0026995862443193385
0.0026995862443193385
0.002698738384317982
0.002718239164349183
0.0027368920843790275
0.0027657193244251515
0.0028038730244861975
0.002852201044563522
0.0029013769246422033
0.0029590314047344512
0.003016685884826698
0.003084514684935224
0.0031633656650613858
0.003242216645187547
0.0033295462253272747
0.0034278979854846375
0.003527097605643357
0.0036254493658007198
0.0037339754459743612
0.0038518279861629256
0.003971376246354203
0.004090076646544124
0.004218951366750323
0.004347826086956523
0.004477548667164079
0.004617445567387914
0.004757342467611749
0.004896391507834228
0.005046462728074341
0.005197381808315812
0.005348300888557283
0.005499219968798753
0.0056603133690565025
0.0058214067693142515
0.005971477989554366
0.006132571389812116
0.006294512650071221
0.006457301770331684
0.006630265210608426
0.006792206470867531
0.0069558434511293515
0.0071152411313843865
0.007278878111646207
0.007442515091908025
0.007606152072169845
0.00777063691243302
0.007930034592688057
0.008094519432951234
0.008248829953198129
0.008403140473445026
0.008553211693685142
0.008708370073933394
0.008863528454181648
0.009003425354405483
0.0091475615546361
0.009293393474869432
0.009423116055076989
0.009557925795292683
0.00968764837550024
0.009813131655701012
0.009931832055890934
0.010057315336091707
0.010166689276266705
0.01027182391643492
0.01037102353659364
0.01046513599674422
0.01055416129688666
0.010642338737027744
0.010716950417147124
0.010785627077257005
0.01085345587736553
0.010917893237468631
0.010966221257545957
0.01100267923760429
0.01103998507766398
0.011067964457708744
0.01108407379773452
0.011101878857763009
0.011097639557756224
0.0110942481177508
0.011081530217730451
0.011057790137692468
0.011023875737638203
0.01097978701756766
0.010936546157498476
0.010865325917384525
0.010791562097266501
0.01071779827714848
0.010477006036763211
0.010243844536390155
0.009993725835989963
0.009741063555585704
0.00949179271518687
0.009249304754798888
0.009002577494404126
0.008905073594248119
0.008812656854100253
0.008736349453978162
0.00864986773383979
0.008582886793732621
0.008505731533609171
0.008450620633520993
0.008393814013430104
0.00833785525334057
0.008292070813267317
0.008251373533202199
0.008214915553143867
0.00817930543308689
0.008148782473038053
0.008122498812996
0.008102150172963443
0.008096215152953945
0.008075866512921389
0.008078410092925457
0.008067387912907823
0.008066540052906464
0.008075018652920032
0.008083497252933596
0.008091975852947164
0.008108933052974294
0.008126738113002784
0.00814454317303127
0.008166587533066542
0.008192871193108596
0.008214915553143867
0.008249677813199487
0.008280200773248323
0.008314963033303943
0.00834548599335278
0.008384487553415181
0.00842264125347623
0.008470121413552197
0.008508275113613241
0.008554059553686497
0.00860069185376111
0.008654107033846574
0.008699891473919828
0.008732958013972735
0.008765176694024285
0.008791460354066338
0.008821983314115177
0.008859289154174865
0.008882181374211491
0.008911856474258972
0.008945770874313235
0.008972902394356646
0.0089991860543987
0.009029709014447537
0.009053449094485522
0.009083124194533002
0.009104320694566915
0.009132300074611683
0.00915010513464017
0.00917469307467951
0.009184019534694434
0.009206063894729704
0.009226412534762262
0.009245065454792107
0.009249304754798888
0.009265414094824665
0.009280675574849082
0.009279827714847727
0.009292545614868076
0.009289154174862648
0.00929848063487757
0.009293393474869432
0.009300176354880285
0.009292545614868076
0.009290002034864006
0.009278979854846369
0.009266261954826022
0.009261174794817882
0.009240826154785324
0.009232347554771758
0.00920945533473513
0.009185715254697146
0.009167910194668658
0.009142474394627962
0.009123821474598115
0.009089059214542495
0.009067862714508582
0.009032252594451605
0.008990707454385133
0.00896188021433901
0.00891779149426847
0.008882181374211491
0.008846571254154516
0.008795699654073121
0.008754154514006648
0.008702435053923898
0.008658346333853355
0.008610018313776032
0.008552363833683784
0.008499796513599677
0.008445533473512856
0.008390422573424679
0.008336159533337857
0.008277657193244253
0.008214067693142509
0.00815471749304755
0.008091975852947164
0.008024994912839993
0.007958861832734181
0.007865597232584958
0.007762158312419456
0.007659567252255309
0.007566302652106086
0.00746371159194194
0.007370446991792717
0.00727548667164078
0.007181374211490201
0.007081326731330125
0.006990605711184972
0.006897341111035747
0.0068074679508919505
0.006724377670759006
0.006637048090619278
0.006548022790476837
0.006467476090347963
0.006380994370209592
0.006302991250084787
0.006223292409957269
0.006147832869836533
0.006066438309706302
0.005996913789595063
0.005923997829478398
0.005851929729363089
0.005781557349250493
0.00571796784914875
0.0056501390490402235
0.005589093128942551
0.005528895068846233
0.0054703927287526296
0.0054127382486603825
0.005356779488570848
0.005305060028488097
0.005250796988401276
0.005202468968323951
0.005154140948246626
0.005105812928169302
0.005062572068100116
0.005019331208030931
0.004976938207963103
0.0049362409278979865
0.004898087227836941
0.004863324967781321
0.004828562707725702
0.004801431187682291
0.00477938682764702
0.004757342467611749
0.004739537407583261
0.004718340907549346
0.004701383707522215
0.00468273078749237
0.004664925727463882
0.004647120667435394
0.0046310113274096185
0.004612358407379774
0.0045979447873567125
0.004580987587329582
0.004567421827307876
0.004576748287322798
0.004587770467340433
0.004595401207352643
0.004608966967374348
0.00462083700739334
0.0046327070474123325
0.004646272807434038
0.004660686427457099
0.0046742521874788045
0.00468781794750051
0.004699687987519502
0.0047132537475412075
0.004729363087566982
0.004740385267584617
0.004737841687580548
0.004727667367564269
0.00471494946754392
0.004702231567523572
0.00468527436749644
0.004663230007461169
0.004641185647425898
0.004616597707386557
0.00458861832734179
0.004552160347283458
0.004514006647222411
0.004470765787153226
0.0044224377670759015
0.004367326866987723
0.004381740487010786
0.004397001967035204
0.004411415587058266
0.004426677067082684
0.004441938547107102
0.004456352167130165
0.004471613647154583
0.004486875127179001
0.004502136607203419
0.004518245947229194
0.004532659567252256
0.004547921047276675
0.004563182527301092
0.004577596147324155
0.004592857627348573
0.004607271247371635
0.0046225327273960535
0.004636098487417759
0.004650512107440821
0.004664925727463882
0.004678491487485587
0.0046844265074950835
0.004689513667503222
0.004693752967510005
0.004698840127518145
0.004703927287526285
0.004708166587533067
0.0047132537475412075
0.004716645187546633
0.004720884487553416
0.004724275927558842
0.004727667367564269
0.004731058807569695
0.004733602387573765
0.004736993827579191
0.004739537407583261
0.004742080987587331
0.004743776707590044
0.004745472427592756
0.0047463202875941135
0.004748016007596827
0.004748863867598183
0.0047505595876008964
0.0047505595876008964
0.004751407447602253
0.004751407447602253
0.00475225530760361
0.00475225530760361
0.004751407447602253
0.0047505595876008964
0.00474971172759954
0.004748863867598183
0.0047463202875941135
0.004745472427592756
0.004742928847588687
0.004742080987587331
0.004739537407583261
0.004736993827579191
0.004734450247575121
0.0047319066675710515
0.004728515227565625
0.0047251237875602
0.0047217323475547725
0.0047174930475479895
0.0047132537475412075
0.0047090144475344245
0.004703927287526285
0.004699687987519502
0.004695448687512719
0.004689513667503222
0.00468527436749644
0.004679339347486944
0.004673404327477448
0.004667469307467952
0.004659838567455743
0.004653903547446246
0.004647120667435394
0.004640337787424541
0.004633554907413688
0.004625924167401479
0.004619141287390627
0.004610662687377061
0.004603031947364852
0.004595401207352643
0.004586922607339077
0.004577596147324155
0.004568269687309233
0.004559791087295667
0.004542833887268535
0.004525028827240047
0.0045072237672115585
0.004489418707183071
0.004471613647154583
0.004454656447127451
0.004436003527097607
0.0044181984670691185
0.004400393407040631
0.004382588347012142
0.004365631146985011
0.004348673946957879
0.0043317167469307475
0.004314759546903617
0.004300345926880555
0.004287628026860206
0.004274910126839857
0.004262192226819508
0.004250322186800516
0.004238452146781524
0.004226582106762532
0.004215559926744897
0.004205385606728618
0.004194363426710982
0.00418503696669606
0.0041748626466797814
0.004166384046666215
0.00415790544665265
0.00415027470664044
0.004142643966628231
0.004135861086617378
0.004129926066607883
0.004124838906599744
0.004922675167876281
0.004853998507766398
0.004862477107779964
0.004879434307807096
0.004910805127857289
0.004951502407922405
0.005015939768025505
0.005090551448144883
0.005168554568269689
0.00525503628840806
0.005351692328562709
0.005444109068710576
0.005543308688869295
0.005633181849013093
0.005724750729159602
0.005801058129281694
0.00586888692939022
0.005917214949467545
0.005932476429491964
0.005840907549345453
0.005724750729159602
0.005583158108933054
0.005428847588686158
0.005266058468425695
0.005105812928169302
0.00495998100793597
0.004835345587736554
0.00474716814759547
0.004775147527640237
0.004860781387777251
0.004799735467679578
0.004305433086888694
0.004309672386895477
0.004313063826900903
0.004315607406904972
0.004318150986909042
0.004319846706911755
0.004320694566913112
0.004320694566913112
0.004319846706911755
0.0043189988469103996
0.0043173031269076855
0.004314759546903617
0.004311368106898189
0.004307128806891407
0.004302041646883268
0.004296954486875127
0.0042799972868479965
0.004263040086820865
0.0042452350267923765
0.004227429966763889
0.004209624906735401
0.00419266770670827
0.004176558366682495
0.004161296886658076
0.004146883266635014
0.0041417961066268745
0.004138404666621448
0.004136708946618735
0.004135013226616022
0.004134165366614666
0.004134165366614666
0.004135013226616022
0.004136708946618735
0.004138404666621448
0.004140948246625518
0.004143491826629588
0.004146883266635014
0.00415027470664044
0.004154514006647223
0.004158753306654006
0.004162144746659433
0.004166384046666215
0.004170623346672998
0.004174014786678425
0.004178254086685207
0.004181645526690634
0.004185884826697417
0.0041892762667028426
0.004190971986705556
0.00419266770670827
0.004194363426710982
0.0041952112867123395
0.004196059146713695
0.004196907006715052
0.0041977548667164084
0.0041977548667164084
0.0041977548667164084
0.004196907006715052
0.004196907006715052
0.004196059146713695
0.0041952112867123395
0.004194363426710982
0.0041935155667096255
0.00419266770670827
0.004190971986705556
0.0041901241267042
0.004187580546700129
0.004185884826697417
0.004184189106694703
0.00418249338669199
0.0041807976666892776
0.004179101946686564
0.00417740622668385
0.004174014786678425
0.004170623346672998
0.004167231906667572
0.004163840466662145
0.0041604490266567195
0.0041562097266499365
0.004153666146645867
0.004149426846639084
0.0041460354066336575
0.004142643966628231
0.004139252526622805
0.004135861086617378
0.004132469646611952
0.004129926066607883
0.004126534626602456
0.00412314318659703
0.004119751746591603
0.004118056026588891
0.004116360306586178
0.004114664586583464
0.004112121006579394
0.004110425286576681
0.0041087295665739685
0.004107033846571255
0.004105338126568541
0.004103642406565829
0.004101946686563116
0.004100250966560403
0.004099403106559046
0.004097707386556333
0.00409601166655362
0.004095163806552263
0.00409346808654955
0.004091772366546836
0.00409092450654548
0.004089228786542767
0.004087533066540054
0.004086685206538697
0.004085837346537341
0.0040841416265346275
0.004083293766533271
0.004082445906531914
0.004080750186529201
0.0040799023265278445
0.004079054466526488
0.004078206606525131
0.004077358746523775
0.004076510886522418
0.004075663026521062
0.004074815166519705
0.004073967306518348
0.004073119446516992
0.004073119446516992
0.004072271586515635
0.004071423726514279
0.004070575866512922
0.0040697280065115655
0.0040697280065115655
0.00406888014651021
0.00406888014651021
0.004068032286508852
0.004068032286508852
0.004068032286508852
0.004067184426507496
0.004067184426507496
0.004067184426507496
0.00406633656650614
0.00406633656650614
0.00406633656650614
0.00406633656650614
0.00406633656650614
0.00406633656650614
0.00406633656650614
0.00406633656650614
0.00406633656650614
0.00406633656650614
0.004067184426507496
0.004067184426507496
0.004067184426507496
0.004067184426507496
0.004068032286508852
0.004068032286508852
0.00406888014651021
0.00406888014651021
0.0040697280065115655
0.004070575866512922
0.004070575866512922
0.004071423726514279
0.004072271586515635
0.004072271586515635
0.004074815166519705
0.004078206606525131
0.004080750186529201
0.004083293766533271
0.004085837346537341
0.00408838092654141
0.004091772366546836
0.0040943159465509065
0.004097707386556333
0.004100250966560403
0.004103642406565829
0.004106185986569899
0.004109577426575325
0.0041129688665807514
0.004115512446584821
0.004118903886590247
0.004122295326595673
0.004125686766601099
0.004129078206606526
0.0041316217866105955
0.004135013226616022
0.004139252526622805
0.0041417961066268745
0.0041460354066336575
0.004148578986637727
0.00415281828664451
0.0041562097266499365
0.0041604490266567195
0.004163840466662145
0.004167231906667572
0.004170623346672998
0.0041748626466797814
0.004178254086685207
0.00418249338669199
0.004186732686698773
0.0041901241267042
0.0041935155667096255
0.004198602726717765
0.004201994166723192
0.004206233466729974
0.004209624906735401
0.00421471206674354
0.0042181035067489665
0.0042223428067557495
0.004226582106762532
0.004230821406769315
0.004235060706776098
0.004239300006782881
0.004243539306789663
0.004248626466797804
0.004252865766804586
0.004257105066811369
0.004261344366818152
0.004266431526826291
0.004270670826833074
0.004275757986841214
0.0042799972868479965
0.004285084446856136
0.004289323746862919
0.0042944109068710585
0.004299498066879197
0.00430373736688598
0.004309672386895477
0.00431391168690226
0.00431645526690633
0.004320694566913112
0.0043232381469171825
0.004326629586922608
0.004329173166926678
0.004332564606932105
0.0043359560469375304
0.004339347486942957
0.004342738926948383
0.004345282506952453
0.004348673946957879
0.004352065386963306
0.004355456826968732
0.004358000406972802
0.004361391846978228
0.004363935426982298
0.004368174726989081
0.0043707183069931505
0.004374109746998576
0.004376653327002646
0.004380044767008073
0.004382588347012142
0.004385131927016212
0.004388523367021639
0.004391066947025709
0.004394458387031134
0.004397001967035204
0.004399545547039274
0.004401241267041987
0.004404632707047413
0.004406328427050126
0.004408872007054196
0.004411415587058266
0.004413111307060979
0.004415654887065049
0.004417350607067762
0.004419046327070475
0.004420742047073188
0.0044224377670759015
0.004424133487078615
0.004424133487078615
0.004425829207081328
0.004426677067082684
0.00442752492708404
0.004429220647086754
0.004428372787085398
0.004429220647086754
0.004429220647086754
0.004429220647086754
0.004428372787085398
0.004428372787085398
0.00442752492708404
0.004425829207081328
0.004425829207081328
0.004424133487078615
0.0044224377670759015
0.004415654887065049
0.0044080241470528395
0.004400393407040631
0.004391914807027064
0.004384284067014856
0.0043749576069999335
0.004366479006986368
0.004359696126975515
0.004353761106966019
0.004347826086956523
0.00434104320694567
0.004335108186936174
0.004328325306925322
0.004319846706911755
0.004312215966899547
0.004304585226887338
0.004296106626873772
0.004287628026860206
0.004278301566845283
0.004268975106830361
0.0042596486468154384
0.004250322186800516
0.0042409957267855935
0.004231669266770671
0.0042223428067557495
0.004213016346740827
0.00574255578918809
0.005711184969137897
0.0056849013090958436
0.005659465509055146
0.005646747609034797
0.005629790409007665
0.005623007528996813
0.0056170725089873174
0.00561876822899003
0.0056213118089941
0.005629790409007665
0.0056458997490334405
0.005663704809061929
0.005686597029098557
0.005711184969137897
0.00574255578918809
0.005779013769246423
0.0058214067693142515
0.0058748219493997165
0.005934172149494677
0.005989283049582854
0.006057959709692737
0.00612409278979855
0.0061987044699179285
0.006275859730041377
0.006353862850166181
0.006436953130299127
0.006577697890524318
0.006726073390761719
0.006876144611001832
0.0070406294512650085
0.007199179271518688
0.007372990571796786
0.0075484975920775965
0.007729091772366548
0.007913925252662282
0.008103845892966154
0.00830309299328495
0.008503187953605102
0.008712609373940177
0.008921182934273894
0.009131452214610324
0.009344265074950826
0.009568100115308962
0.009791087295665742
0.010011530896018452
0.0102370616563793
0.01046004883673608
0.010686427457098285
0.010909414637455067
0.011136641117818629
0.011363019738180834
0.011580919758529474
0.011800515498880827
0.012008241199213189
0.012204944719527914
0.012397408939835857
0.0125898731601438
0.012773858780438175
0.012917994980668795
0.012954452960727128
0.012962083700739337
0.012950213660720345
0.012929017160686429
0.012888319880621314
0.012824730380519572
0.012750118700400192
0.0126543105202469
0.012544088720070547
0.012412670419860276
0.012268534219629656
0.012115919419385474
0.011947195279115516
0.011769992538831991
0.011528352438445367
0.011278233738045176
0.011025571457640918
0.01077969205724751
0.010525334056840537
0.010277758936444416
0.010031031676049653
0.009778369395645393
0.009541816455266907
0.009320524994912842
0.00911788645458862
0.008921182934273894
0.008739740893983588
0.00856592959370549
0.008430271993488437
0.008309875873295803
0.008200501933120805
0.008314963033303943
0.008487926473580683
0.00868208641389134
0.008841484094146377
0.008987316014379708
0.009078884894526218
0.00912043003459269
0.009073797734518078
0.008455707793529133
0.007676524452282441
0.0067752492708404
0.005713728549141967