0.75
0.756
0.763
0.769
0.775
0.781
0.788
0.794
0.8
0.806
0.812
0.819
0.825
0.831
0.838
0.844
0.85
0.888
0.925
0.962
1.0
0.99
0.98
0.969
0.959
0.949
0.939
0.928
0.918
0.908
0.898
0.888
0.877
0.867
0.857
0.847
0.836
0.826
0.816
0.806
0.795
0.785
0.775
0.765
0.755
0.744
0.734
0.724
0.714
0.703
0.693
0.683
0.673
0.662
0.652
0.642
0.632
0.622
0.611
0.601
0.591
0.581
0.57
0.56
0.55
0.539
0.528
0.517
0.506
0.494
0.483
0.472
0.461
0.45
0.439
0.428
0.417
0.406
0.394
0.383
0.372
0.361
0.35
0.339
0.328
0.317
0.306
0.294
0.283
0.272
0.261
0.25
0.239
0.228
0.217
0.206
0.194
0.183
0.172
0.161
0.15
0.231
0.312
0.394
0.475
0.556
0.638
0.719
0.8
0.777
0.754
0.73
0.707
0.684
0.661
0.638
0.614
0.591
0.568
0.545
0.521
0.498
0.475
0.452
0.429
0.405
0.382
0.359
0.336
0.312
0.289
0.266
0.243
0.22
0.196
0.173
0.15
0.144
0.138
0.131
0.125
0.119
0.112
0.106
0.1
0.1
0.1
0.1
0.1
0.1
0.1
0.1
0.1
0.1
0.1
0.1
0.1
0.1
0.1
0.1
0.1
0.1
0.1
0.1
0.1
0.1
0.1
0.1
0.1
0.1
0.1
0.1
0.1
0.1
0.1
0.1
0.1
0.1
0.1
0.1
0.1
0.1
0.1
0.1
0.1
0.1
0.1
0.1
0.1
0.1
0.1
0.1
0.1
0.1
0.1
0.1
0.1
0.1
0.1
0.1
0.1
0.1
0.1
0.1
0.1
0.1
0.1
0.1
0.1
0.1
0.1
0.1
0.1
0.1
0.1
0.1
0.1
0.1
0.1
0.1
0.1
0.1
0.1
0.1
0.1
0.1
0.1
0.1
0.1
0.1
0.1
0.1
0.1
0.1
0.1
0.1
0.1
0.1
0.1
0.1
0.1
0.1
0.1
0.1
0.1
0.1
0.1
0.1
0.1
0.1
0.1
0.1
0.1
0.1
0.1
0.1
0.1
0.1
0.1
0.1
0.1
0.1
0.1
0.1
0.1
0.1
0.1
0.1
0.1
0.1
0.1
0.1
0.1
0.1
0.1
0.1
0.1
0.1
0.1
0.1
0.1
0.1
0.1
0.1
0.1
0.1
0.1
0.1
0.1
0.1
0.1
0.1
0.1
0.1
0.1
0.1
0.1
0.1
0.1
0.1
0.1
0.1
0.1
0.1
0.1
0.1
0.1
0.1
0.1
0.1
0.1
0.1
0.1
0.1
0.1
0.1
0.1
0.1
0.1
0.1
0.1
0.1
0.1
0.1
0.1
0.1
0.1
0.1
0.1
0.1
0.1
0.1
0.1
0.1
0.1
0.1
0.1
0.1
0.1
0.1
0.1
0.1
0.1
0.1
0.1
0.1
0.1
0.1
0.1
0.1
0.1
0.1
0.1
0.1
0.1
0.1
0.1
0.1
0.1
0.1
0.1
0.1
0.1
0.1
0.1
0.1
0.1
0.1
0.1
0.1
0.1
0.1
0.1
0.1
0.1
0.1
0.1
0.1
0.1
0.1
0.1
0.1
0.1
0.1
0.1
0.1
0.1
0.1
0.1
0.1
0.1
0.1
0.1
0.1
0.1
0.1
0.1
0.1
0.1
0.1
0.1
0.1
0.1
0.1
0.1
0.1
0.1
0.1
0.1
0.1
0.1
0.1
0.1
0.1
0.1
0.1
0.1
0.1
0.1
0.1
0.1
0.1
0.1
0.1
0.1
0.1
0.1
0.1
0.1
0.1
0.1
0.1
0.1
0.1
0.1
0.1
0.1
0.1
0.1
0.1
0.1
0.1
0.1
0.1
0.1
0.1
0.1
0.1
0.1
0.1
0.1
0.1
0.1
0.1
0.1
0.1
0.1
0.1
0.1
0.1
0.1
0.1
0.1
0.1
0.1
0.1
0.1
0.1
0.1
0.1
0.1
0.1
0.1
0.1
0.1
0.1
0.1
0.1
0.1
0.1
0.1
0.1
0.1
0.1
0.1
0.1
0.1
0.1
0.1
0.1
0.1
0.1
0.1
0.1
0.1
0.1
0.1
0.1
0.1
0.1
0.1
0.1
0.1
0.1
0.1
0.1
0.1
0.1
0.1
0.1
0.1
0.1
0.1
0.1
0.1
0.1
0.1
0.1
0.1
0.1
0.1
0.1
0.1
0.1
0.1
0.1
0.1
0.1
0.1
0.1
0.1
0.1
0.1
0.1
0.1
0.1
0.1
0.1
0.1
0.1
0.1
0.1
0.1
0.1
0.1
0.1
0.1
0.1
0.1
0.1
0.1
0.1
0.1
0.1
0.1
0.1
0.1
0.1
0.1
0.1
0.1
0.1
0.1
0.1
0.1
0.1
0.1
0.1
0.1
0.1
0.1
0.1
0.1
0.1
0.1
0.1
0.1
0.1
0.1
0.1
0.1
0.1
0.1
0.1
0.1
0.1
0.1
0.1
0.1
0.1
0.1
0.1
0.1
0.1
0.1
0.1
0.1
0.1
0.1
0.1
0.1
0.751
0.753
0.754
0.756
0.757
0.759
0.76
0.762
0.763
0.765
0.766
0.768
0.769
0.771
0.772
0.774
0.775
0.777
0.778
0.78
0.781
0.783
0.784
0.786
0.787
0.789
0.79
0.792
0.793
0.795
0.796
0.798
0.799
0.801
0.802
0.804
0.805
0.807
0.808
0.81
0.811
0.813
0.814
0.816
0.817
0.819
0.82
0.822
0.823
0.825
0.826
0.828
0.829
0.831
0.832
0.834
0.835
0.837
0.838
0.84
0.841
0.843
0.844
0.846
0.847
0.849
0.85
0.854
0.863
0.872
0.881
0.89
0.899
0.908
0.917
0.927
0.936
0.945
0.954
0.963
0.972
0.981
0.99
0.999
1.0
0.998
0.995
0.993
0.99
0.988
0.985
0.983
0.98
0.978
0.975
0.973
0.97
0.968
0.966
0.963
0.961
0.958
0.956
0.953
0.951
0.948
0.946
0.943
0.941
0.939
0.936
0.934
0.931
0.929
0.926
0.924
0.921
0.919
0.916
0.914
0.911
0.909
0.907
0.904
0.902
0.899
0.897
0.894
0.892
0.889
0.887
0.884
0.882
0.88
0.877
0.875
0.872
0.87
0.867
0.865
0.862
0.86
0.857
0.855
0.852
0.85
0.848
0.845
0.843
0.84
0.838
0.835
0.833
0.83
0.828
0.825
0.823
0.82
0.818
0.816
0.813
0.811
0.808
0.806
0.803
0.801
0.798
0.796
0.793
0.791
0.789
0.786
0.784
0.781
0.779
0.776
0.774
0.771
0.769
0.766
0.764
0.761
0.759
0.757
0.754
0.752
0.749
0.747
0.744
0.742
0.739
0.737
0.734
0.732
0.73
0.727
0.725
0.722
0.72
0.717
0.715
0.712
0.71
0.707
0.705
0.702
0.7
0.698
0.695
0.693
0.69
0.688
0.685
0.683
0.68
0.678
0.675
0.673
0.67
0.668
0.666
0.663
0.661
0.658
0.656
0.653
0.651
0.648
0.646
0.643
0.641
0.639
0.636
0.634
0.631
0.629
0.626
0.624
0.621
0.619
0.616
0.614
0.611
0.609
0.607
0.604
0.602
0.599
0.597
0.594
0.592
0.589
0.587
0.584
0.582
0.58
0.577
0.575
0.572
0.57
0.567
0.565
0.562
0.56
0.557
0.555
0.552
0.55
0.547
0.545
0.542
0.539
0.537
0.534
0.531
0.529
0.526
0.523
0.521
0.518
0.515
0.513
0.51
0.507
0.505
0.502
0.499
0.496
0.494
0.491
0.488
0.486
0.483
0.48
0.478
0.475
0.472
0.47
0.467
0.464
0.462
0.459
0.456
0.454
0.451
0.448
0.446
0.443
0.44
0.438
0.435
0.432
0.43
0.427
0.424
0.422
0.419
0.416
0.414
0.411
0.408
0.406
0.403
0.4
0.398
0.395
0.392
0.39
0.387
0.384
0.382
0.379
0.376
0.374
0.371
0.368
0.366
0.363
0.36
0.358
0.355
0.352
0.35
0.347
0.344
0.342
0.339
0.336
0.334
0.331
0.328
0.326
0.323
0.32
0.318
0.315
0.312
0.309
0.307
0.304
0.301
0.299
0.296
0.293
0.291
0.288
0.285
0.283
0.28
0.277
0.275
0.272
0.269
0.267
0.264
0.261
0.259
0.256
0.253
0.251
0.248
0.245
0.243
0.24
0.237
0.235
0.232
0.229
0.227
0.224
0.221
0.219
0.216
0.213
0.211
0.208
0.205
0.203
0.2
0.197
0.195
0.192
0.189
0.187
0.184
0.181
0.179
0.176
0.173
0.171
0.168
0.165
0.163
0.16
0.157
0.155
0.152
0.157
0.176
0.196
0.215
0.235
0.254
0.274
0.293
0.313
0.332
0.352
0.371
0.391
0.411
0.43
0.45
0.469
0.489
0.508
0.528
0.547
0.567
0.586
0.606
0.625
0.645
0.665
0.684
0.704
0.723
0.743
0.762
0.782
0.801
0.796
0.79
0.785
0.779
0.773
0.768
0.762
0.757
0.751
0.745
0.74
0.734
0.729
0.723
0.718
0.712
0.706
0.701
0.695
0.69
0.684
0.678
0.673
0.667
0.662
0.656
0.651
0.645
0.639
0.634
0.628
0.623
0.617
0.612
0.606
0.6
0.595
0.589
0.584
0.578
0.572
0.567
0.561
0.556
0.55
0.545
0.539
0.533
0.528
0.522
0.517
0.511
0.505
0.5
0.494
0.489
0.483
0.478
0.472
0.466
0.461
0.455
0.45
0.444
0.438
0.433
0.427
0.422
0.416
0.411
0.405
0.399
0.394
0.388
0.383
0.377
0.371
0.366
0.36
0.355
0.349
0.344
0.338
0.332
0.327
0.321
0.316
0.31
0.305
0.299
0.293
0.288
0.282
0.277
0.271
0.265
0.26
0.254
0.249
0.243
0.238
0.232
0.226
0.221
0.215
0.21
0.204
0.198
0.193
0.187
0.182
0.176
0.171
0.165
0.159
0.154
0.15
0.148
0.147
0.145
0.144
0.142
0.141
0.139
0.138
0.136
0.135
0.133
0.132
0.13
0.129
0.127
0.126
0.124
0.123
0.121
0.12
0.118
0.117
0.115
0.114
0.112
0.111
0.109
0.108
0.106
0.105
0.103
0.102
0.1
0.1
0.1
0.1
0.1
0.1
0.1
0.1
0.1
0.1
0.1
0.1
0.1
0.1
0.1
0.1
0.1
0.1
0.1
0.1
0.1
0.1
0.1
0.1
0.1
0.1
0.1
0.1
0.1
0.1
0.1
0.1
0.1
0.1
0.1
0.1
0.1
0.1
0.1
0.1
0.1
0.1
0.1
0.1
0.1
0.1
0.1
0.1
0.1
0.1
0.1
0.1
0.1
0.1
0.1
0.1
0.1
0.1
0.1
0.1
0.1
0.1
0.1
0.1
0.1
0.1
0.1
0.1
0.1
0.1
0.1
0.1
0.1
0.1
0.1
0.1
0.1
0.1
0.1
0.1
0.1
0.1
0.1
0.1
0.1
0.1
0.1
0.1
0.1
0.1
0.1
0.1
0.1
0.1
0.1
0.1
0.1
0.1
0.1
0.1
0.1
0.1
0.1
0.1
0.1
0.1
0.1
0.1
0.1
0.1
0.1
0.1
0.1
0.1
0.1
0.1
0.1
0.1
0.1
0.1
0.1
0.1
0.1
0.1
0.1
0.1
0.1
0.1
0.1
0.1
0.1
0.1
0.1
0.1
0.1
0.1
0.1
0.1
0.1
0.1
0.1
0.1
0.1
0.1
0.1
0.1
0.1
0.1
0.1
0.1
0.1
0.1
0.1
0.1
0.1
0.1
0.1
0.1
0.1
0.1
0.1
0.1
0.1
0.1
0.1
0.1
0.1
0.1
0.1
0.1
0.1
0.1
0.1
0.1
0.1
0.1
0.1
0.1
0.1
0.1
0.1
0.1
0.1
0.1
0.1
0.1
0.1
0.1
0.1
0.1
0.1
0.1
0.1
0.1
0.1
0.1
0.1
0.1
0.1
0.1
0.1
0.752
0.755
0.758
0.761
0.763
0.766
0.769
0.771
0.774
0.777
0.78
0.782
0.785
0.788
0.79
0.793
0.796
0.799
0.801
0.804
0.807
0.809
0.812
0.815
0.818
0.82
0.823
0.826
0.828
0.831
0.834
0.836
0.839
0.842
0.845
0.847
0.85
0.853
0.869
0.885
0.902
0.918
0.934
0.95
0.967
0.983
0.999
1.0
0.996
0.991
0.987
0.982
0.978
0.973
0.969
0.964
0.96
0.956
0.951
0.947
0.942
0.938
0.933
0.929
0.925
0.92
0.916
0.911
0.907
0.902
0.898
0.893
0.889
0.885
0.88
0.876
0.871
0.867
0.862
0.858
0.854
0.849
0.845
0.84
0.836
0.831
0.827
0.822
0.818
0.814
0.809
0.805
0.8
0.796
0.791
0.787
0.782
0.778
0.774
0.769
0.765
0.76
0.756
0.751
0.747
0.743
0.738
0.734
0.729
0.725
0.72
0.716
0.711
0.707
0.703
0.698
0.694
0.689
0.685
0.68
0.676
0.672
0.667
0.663
0.658
0.654
0.649
0.645
0.64
0.636
0.632
0.627
0.623
0.618
0.614
0.609
0.605
0.6
0.596
0.592
0.587
0.583
0.578
0.574
0.569
0.565
0.561
0.556
0.552
0.547
0.542
0.537
0.532
0.528
0.523
0.518
0.513
0.508
0.503
0.499
0.494
0.489
0.484
0.479
0.475
0.47
0.465
0.46
0.455
0.45
0.446
0.441
0.436
0.431
0.426
0.421
0.417
0.412
0.407
0.402
0.397
0.393
0.388
0.383
0.378
0.373
0.368
0.364
0.359
0.354
0.349
0.344
0.339
0.335
0.33
0.325
0.32
0.315
0.311
0.306
0.301
0.296
0.291
0.286
0.282
0.277
0.272
0.267
0.262
0.257
0.253
0.248
0.243
0.238
0.233
0.229
0.224
0.219
0.214
0.209
0.204
0.2
0.195
0.19
0.185
0.18
0.176
0.171
0.166
0.161
0.156
0.151
0.177
0.212
0.247
0.282
0.318
0.353
0.388
0.423
0.459
0.494
0.529
0.565
0.6
0.635
0.67
0.706
0.741
0.776
0.8
0.79
0.78
0.77
0.76
0.75
0.74
0.73
0.719
0.709
0.699
0.689
0.679
0.669
0.659
0.649
0.639
0.629
0.619
0.609
0.599
0.588
0.578
0.568
0.558
0.548
0.538
0.528
0.518
0.508
0.498
0.488
0.478
0.468
0.457
0.447
0.437
0.427
0.417
0.407
0.397
0.387
0.377
0.367
0.357
0.347
0.337
0.327
0.316
0.306
0.296
0.286
0.276
0.266
0.256
0.246
0.236
0.226
0.216
0.206
0.196
0.185
0.175
0.165
0.155
0.149
0.146
0.143
0.141
0.138
0.135
0.133
0.13
0.127
0.124
0.122
0.119
0.116
0.114
0.111
0.108
0.105
0.103
0.1
0.1
0.1
0.1
0.1
0.1
0.1
0.1
0.1
0.1
0.1
0.1
0.1
0.1
0.1
0.1
0.1
0.1
0.1
0.1
0.1
0.1
0.1
0.1
0.1
0.1
0.1
0.1
0.1
0.1
0.1
0.1
0.1
0.1
0.1
0.1
0.1
0.1
0.1
0.1
0.1
0.1
0.1
0.1
0.1
0.1
0.1
0.1
0.1
0.1
0.1
0.1
0.1
0.1
0.1
0.1
0.1
0.1
0.1
0.1
0.1
0.1
0.1
0.1
0.1
0.1
0.1
0.1
0.1
0.1
0.1
0.1
0.1
0.1
0.1
0.1
0.1
0.1
0.1
0.1
0.1
0.1
0.1
0.1
0.1
0.1
0.1
0.1
0.1
0.1
0.1
0.1
0.1
0.1
0.1
0.1
0.1
0.1
0.1
0.1
0.1
0.1
0.1
0.1
0.1
0.1
0.1
0.1
0.1
0.1
0.1
0.1
0.1
0.1
0.1
0.1
0.1
0.1
0.1
0.1
0.1
0.1
0.1
0.1
0.1
0.1
0.1
0.1
0.1
0.1
0.1
0.1
0.1
0.1
0.1
0.1
0.1
0.1
0.1
0.1
0.1
0.1
0.1
0.1
0.1
0.1
0.1
0.1
0.1
0.1
0.1
0.1
0.1
0.1
0.1
0.1
0.1
0.1
0.1
0.1
0.1
0.1
0.1
0.1
0.1
0.1
0.1
0.1
0.1
0.1
0.1
0.1
0.1
0.1
0.1
0.1
0.1
0.1
0.1
0.1
0.1
0.1
0.1
0.1
0.1
0.1
0.1
0.1
0.1
0.1
0.1
0.1
0.1
0.1
0.1
0.1
0.1
0.1
0.1
0.1
0.1
0.76
0.77
0.78
0.791
0.801
0.811
0.822
0.832
0.843
0.853
0.875
0.937
0.999
1.0
0.983
0.966
0.949
0.932
0.915
0.898
0.881
0.864
0.847
0.83
0.813
0.796
0.779
0.762
0.745
0.728
0.711
0.694
0.677
0.66
0.643
0.626
0.609
0.592
0.575
0.558
0.54
0.522
0.503
0.485
0.466
0.448
0.43
0.411
0.393
0.374
0.356
0.337
0.319
0.3
0.282
0.263
0.245
0.227
0.208
0.19
0.171
0.153
0.271
0.406
0.54
0.675
0.81
0.772
0.733
0.695
0.656
0.618
0.579
0.54
0.502
0.463
0.425
0.386
0.348
0.309
0.271
0.232
0.194
0.155
0.142
0.131
0.121
0.11
0.1
0.1
0.1
0.1
0.1
0.1
0.1
0.1
0.1
0.1
0.1
0.1
0.1
0.1
0.1
0.1
0.1
0.1
0.1
0.1
0.1
0.1
0.1
0.1
0.1
0.1
0.1
0.1
0.1
0.1
0.1
0.1
0.1
0.1
0.1
0.1
0.1
0.1
0.1
0.1
0.1
0.1
0.1
0.1
0.1
0.1
0.1
0.1
0.1
0.1
0.1
0.1
0.1
0.1
0.1
0.1
0.1
0.1
0.1
0.1
0.1
0.1
0.1
0.1
0.1
0.1
0.1
0.1
0.1
0.1
0.1
0.1
0.1
0.1
0.1
0.1
0.1
0.1
0.1
0.1
0.1
0.1
0.1
0.1
0.1
0.1
0.1
0.1
0.1
0.1
0.1
0.1
0.1
0.1
0.1
0.1
0.1
0.1
0.1
0.1
0.1
0.1
0.1
0.1
0.1
0.1
0.1
0.1
0.1
0.1
0.1
0.1
0.1
0.1
0.1
0.1
0.1
0.1
0.1
0.1
0.1
0.1
0.1
0.1
0.1
0.1
0.1
0.1
0.1
0.1
0.1
0.1
0.1
0.1
0.1
0.1
0.1
0.1
0.1
0.1
0.1
0.1
0.1
0.1
0.1
0.1
0.1
0.1
0.1
0.1
0.1
0.1
0.1
0.1
0.1
0.1
0.1
0.1
0.1
0.1
0.1
0.1
0.1
0.1
0.1
0.1
0.1
0.1
0.1
0.1
0.1
0.1
0.1
0.1
0.1
0.1
0.1
0.1
0.1
0.1
0.1
0.1
0.1
0.1
0.1
0.1
0.1
0.1
0.1
0.1
0.1
0.1
0.1
0.1
0.1
0.1
0.1
0.1
0.1
0.1
0.1
0.1
0.1
0.1
0.1
0.1
0.1
0.1
0.1
0.1
0.1
0.1
0.1
0.1
0.1
0.1
0.1
0.1
0.1
0.1
0.1
0.1
0.1
0.1
0.1
0.1
0.1
0.1
0.1
0.1
0.1
0.1
0.1
0.1
0.1
0.1
0.1
0.1
0.1
0.1
0.1
0.1
0.1
0.1
0.1
0.1
0.1
0.1
0.1
0.1
0.1
0.1
0.1
0.1
0.1
0.1
0.1
0.1
0.1
0.1
0.1
0.1
0.1
0.1
0.1
0.1
0.1
0.1
0.1
0.1
0.1
0.1
0.1
0.1
0.1
0.1
0.1
0.1
0.1
0.1
0.1
0.1
0.1
0.1
0.1
0.1
0.1
0.1
0.1
0.1
0.1
0.1
0.1
0.1
0.1
0.1
0.1
0.1
0.1
0.1
0.1
0.1
0.1
0.1
0.1
0.1
0.1
0.1
0.1
0.1
0.1
0.1
0.1
0.1
0.1
0.1
0.1
0.1
0.1
0.1
0.1
0.1
0.1
0.1
0.1
0.1
0.1
0.1
0.1
0.1
0.1
0.1
0.1
0.1
0.1
0.1
0.1
0.1
0.1
0.1
0.1
0.1
0.1
0.1
0.1
0.1
0.1
0.1
0.1
0.1
0.1
0.1
0.1
0.1
0.1
0.1
0.1
0.1
0.1
0.1
0.1
0.1
0.1
0.1
0.1
0.1
0.1
0.1
0.1
0.1
0.1
0.1
0.1
0.1
0.1
0.1
0.1
0.1
0.1
0.1
0.1
0.1
0.1
0.1
0.1
0.1
0.1
0.1
0.1
0.1
0.1
0.1
0.1
0.1
0.1
0.1
0.1
0.1
0.1
0.1
0.1
0.1
0.1
0.1
0.1
0.1
0.1
0.1
0.1
0.1
0.1
0.1
0.1
0.1
0.1
0.1
0.1
0.1
0.1
0.1
0.1
0.1
0.1
0.1
0.1
0.1
0.1
0.1
0.1
0.1
0.1
0.1
0.1
0.1
0.1
0.754
0.766
0.778
0.79
0.801
0.813
0.825
0.837
0.848
0.886
0.957
1.0
0.981
0.961
0.942
0.923
0.904
0.884
0.865
0.846
0.827
0.807
0.788
0.769
0.75
0.73
0.711
0.692
0.673
0.653
0.634
0.615
0.596
0.576
0.557
0.537
0.516
0.495
0.474
0.453
0.432
0.411
0.39
0.369
0.348
0.328
0.307
0.286
0.265
0.244
0.223
0.202
0.181
0.16
0.231
0.384
0.537
0.69
0.794
0.75
0.706
0.663
0.619
0.575
0.531
0.488
0.444
0.4
0.357
0.313
0.269
0.226
0.182
0.147
0.135
0.124
0.112
0.1
0.1
0.1
0.1
0.1
0.1
0.1
0.1
0.1
0.1
0.1
0.1
0.1
0.1
0.1
0.1
0.1
0.1
0.1
0.1
0.1
0.1
0.1
0.1
0.1
0.1
0.1
0.1
0.1
0.1
0.1
0.1
0.1
0.1
0.1
0.1
0.1
0.1
0.1
0.1
0.1
0.1
0.1
0.1
0.1
0.1
0.1
0.1
0.1
0.1
0.1
0.1
0.1
0.1
0.1
0.1
0.1
0.1
0.1
0.1
0.1
0.1
0.1
0.1
0.1
0.1
0.1
0.1
0.1
0.1
0.1
0.1
0.1
0.1
0.1
0.1
0.1
0.1
0.1
0.1
0.1
0.1
0.1
0.1
0.1
0.1
0.1
0.1
0.1
0.1
0.1
0.1
0.1
0.1
0.1
0.1
0.1
0.1
0.1
0.1
0.1
0.1
0.1
0.1
0.1
0.1
0.1
0.1
0.1
0.1
0.1
0.1
0.1
0.1
0.1
0.1
0.1
0.1
0.1
0.1
0.1
0.1
0.1
0.1
0.1
0.1
0.1
0.1
0.1
0.1
0.1
0.1
0.1
0.1
0.1
0.1
0.1
0.1
0.1
0.1
0.1
0.1
0.1
0.1
0.1
0.1
0.1
0.1
0.1
0.1
0.1
0.1
0.1
0.1
0.1
0.1
0.1
0.1
0.1
0.1
0.1
0.1
0.1
0.1
0.1
0.1
0.1
0.1
0.1
0.1
0.1
0.1
0.1
0.1
0.1
0.1
0.1
0.1
0.1
0.1
0.1
0.1
0.1
0.1
0.1
0.1
0.1
0.1
0.1
0.1
0.1
0.1
0.1
0.1
0.1
0.1
0.1
0.1
0.1
0.1
0.1
0.1
0.1
0.1
0.1
0.1
0.1
0.1
0.1
0.1
0.1
0.1
0.1
0.1
0.1
0.1
0.1
0.1
0.1
0.1
0.1
0.1
0.1
0.1
0.1
0.1
0.1
0.1
0.1
0.1
0.1
0.1
0.1
0.1
0.1
0.1
0.1
0.1
0.1
0.1
0.1
0.1
0.1
0.1
0.1
0.1
0.1
0.1
0.1
0.1
0.1
0.1
0.1
0.1
0.1
0.1
0.1
0.1
0.1
0.1
0.1
0.1
0.1
0.1
0.1
0.1
0.1
0.1
0.1
0.1
0.1
0.1
0.1
0.1
0.1
0.1
0.1
0.1
0.1
0.1
0.1
0.1
0.1
0.1
0.1
0.1
0.1
0.1
0.1
0.1
0.1
0.1
0.1
0.1
0.1
0.1
0.1
0.1
0.1
0.1
0.1
0.1
0.1
0.1
0.1
0.1
0.1
0.1
0.1
0.1
0.1
0.1
0.1
0.1
0.1
0.1
0.1
0.1
0.1
0.1
0.1
0.1
0.1
0.1
0.1
0.1
0.1
0.1
0.1
0.1
0.1
0.1
0.1
0.1
0.1
0.1
0.1
0.1
0.1
0.1
0.1
0.1
0.1
0.1
0.1
0.1
0.1
0.1
0.1
0.1
0.1
0.1
0.1
0.1
0.1
0.1
0.1
0.1
0.1
0.1
0.1
0.1
0.1
0.1
0.1
0.1
0.1
0.1
0.1
0.1
0.1
0.1
0.1
0.1
0.1
0.1
0.1
0.1
0.1
0.1
0.1
0.1
0.1
0.1
0.1
0.1
0.1
0.1
0.1
0.1
0.1
0.1
0.1
0.1
0.1
0.1
0.1
0.1
0.1
0.1
0.1
0.1
0.1
0.1
0.1
0.1
0.1
0.1
0.1
0.1
0.1
0.1
0.1
0.1
0.1
0.1
0.1
0.1
0.1
0.1
0.1
0.1
0.1
0.1
0.1
0.1
0.1
0.1
0.1
0.1
0.1
0.1
0.1
0.1
0.1
0.1
0.1
0.1
0.1
0.1
0.1
0.1
0.1
0.1
0.1
0.1
0.1
0.1
0.1
0.1
0.1
0.1
0.1
0.1
0.1
0.1
0.1
0.1
0.1
0.1
0.1
0.1
0.1
0.1
0.1
0.1
0.1
0.1
0.1
0.1
0.1
0.1
0.1
0.1
0.1
0.1
0.1
0.1
0.1
0.1
0.1
0.1
0.1
0.1
0.1
0.1
0.1
0.1
0.1
0.1
0.1
0.1
0.1
0.1
0.1
0.1
0.1
0.1
0.1
0.1
0.1
0.1
0.1
0.1
0.1
0.1
0.1
0.1
0.1
0.1
0.1
0.1
0.1
0.1
0.1
0.1
0.1
0.1
0.1
0.1
0.1
0.1
0.1
0.1
0.1
0.1
0.1
0.1
0.1
0.1
0.1
0.1
0.1
0.1
0.1
0.1
0.1
0.1
0.1
0.1
0.1
0.1
0.1
0.1
0.1
0.1
0.1
0.1
0.1
0.1
0.1
0.1
0.1
0.1
0.1
0.1
0.1
0.1
0.1
0.1
0.1
0.1
0.1
0.1
0.1
0.1
0.1
0.1
0.1
0.1
0.1
0.1
0.1
0.1
0.1
0.1
0.1
0.1
0.1
0.1
0.1
0.1
0.1
0.1
0.1
0.1
0.1
0.1
0.1
0.1
0.1
0.1
0.1
0.1
0.1
0.1
0.1
0.1
0.1
0.1
0.1
0.1
0.1
0.1
0.1
0.1
0.1
0.1
0.1
0.1
0.1
0.1
0.1
0.1
0.1
0.1
0.1
0.1
0.1
0.1
0.1
0.1
0.1
0.1
0.1
0.1
0.1
0.1
0.1
0.1
0.1
0.1
0.1
0.1
0.1
0.1
0.1
0.1
0.1
0.1
0.1
0.1
0.1
0.1
0.1
0.1
0.1
0.1
0.1
0.1
0.1
0.1
0.1
0.1
0.1
0.1
0.1
0.1
0.1
0.1
0.1
0.1
0.1
0.1
0.1
0.1
0.1
0.1
0.75
0.754
0.757
0.76
0.764
0.767
0.771
0.774
0.777
0.781
0.784
0.787
0.791
0.794
0.798
0.801
0.804
0.808
0.811
0.815
0.818
0.821
0.825
0.828
0.831
0.835
0.838
0.842
0.845
0.848
0.859
0.88
0.9
0.92
0.941
0.961
0.981
1.0
0.994
0.989
0.983
0.978
0.972
0.967
0.961
0.956
0.95
0.945
0.939
0.934
0.928
0.922
0.917
0.911
0.906
0.9
0.895
0.889
0.884
0.878
0.873
0.867
0.862
0.856
0.85
0.845
0.839
0.834
0.828
0.823
0.817
0.812
0.806
0.801
0.795
0.79
0.784
0.778
0.773
0.767
0.762
0.756
0.751
0.745
0.74
0.734
0.729
0.723
0.718
0.712
0.706
0.701
0.695
0.69
0.684
0.679
0.673
0.668
0.662
0.657
0.651
0.646
0.64
0.634
0.629
0.623
0.618
0.612
0.607
0.601
0.596
0.59
0.585
0.579
0.574
0.568
0.562
0.557
0.551
0.545
0.539
0.533
0.527
0.521
0.515
0.509
0.503
0.497
0.491
0.485
0.479
0.473
0.467
0.461
0.455
0.449
0.443
0.437
0.431
0.425
0.419
0.413
0.407
0.401
0.395
0.389
0.383
0.377
0.371
0.365
0.359
0.353
0.347
0.341
0.335
0.329
0.323
0.317
0.311
0.305
0.299
0.293
0.287
0.281
0.275
0.269
0.263
0.257
0.251
0.245
0.239
0.233
0.227
0.221
0.215
0.209
0.202
0.196
0.19
0.184
0.178
0.172
0.166
0.16
0.154
0.162
0.206
0.25
0.294
0.338
0.382
0.426
0.47
0.514
0.558
0.602
0.646
0.69
0.734
0.778
0.794
0.781
0.769
0.756
0.744
0.731
0.719
0.706
0.693
0.681
0.668
0.656
0.643
0.631
0.618
0.605
0.593
0.58
0.568
0.555
0.543
0.53
0.517
0.505
0.492
0.48
0.467
0.455
0.442
0.429
0.417
0.404
0.392
0.379
0.367
0.354
0.341
0.329
0.316
0.304
0.291
0.279
0.266
0.253
0.241
0.228
0.216
0.203
0.191
0.178
0.165
0.153
0.147
0.144
0.141
0.137
0.134
0.13
0.127
0.124
0.12
0.117
0.114
0.11
0.107
0.103
0.1
