0.0
0.019
0.038
0.058
0.077
0.096
0.115
0.135
0.154
0.173
0.192
0.212
0.231
0.25
0.269
0.288
0.308
0.327
0.346
0.365
0.385
0.404
0.423
0.442
0.462
0.481
0.5
0.506
0.512
0.518
0.524
0.529
0.535
0.541
0.547
0.553
0.559
0.565
0.571
0.576
0.582
0.588
0.594
0.6
0.606
0.612
0.618
0.624
0.629
0.635
0.641
0.647
0.653
0.659
0.665
0.671
0.676
0.682
0.688
0.694
0.7
0.706
0.712
0.718
0.724
0.729
0.735
0.741
0.747
0.753
0.759
0.765
0.771
0.776
0.782
0.788
0.794
0.8
0.806
0.812
0.818
0.824
0.829
0.835
0.841
0.847
0.853
0.859
0.865
0.871
0.876
0.882
0.888
0.894
0.9
0.906
0.912
0.918
0.924
0.929
0.935
0.941
0.947
0.953
0.959
0.965
0.971
0.976
0.982
0.988
0.994
1.0
0.997
0.995
0.992
0.989
0.987
0.984
0.981
0.979
0.976
0.973
0.971
0.968
0.965
0.963
0.96
0.957
0.955
0.952
0.949
0.947
0.944
0.941
0.939
0.936
0.934
0.931
0.928
0.926
0.923
0.92
0.918
0.915
0.912
0.91
0.907
0.904
0.902
0.899
0.896
0.894
0.891
0.888
0.886
0.883
0.88
0.878
0.875
0.869
0.863
0.857
0.851
0.845
0.839
0.833
0.827
0.821
0.815
0.81
0.804
0.798
0.792
0.786
0.78
0.774
0.768
0.762
0.756
0.75
0.744
0.738
0.732
0.726
0.72
0.714
0.708
0.702
0.696
0.69
0.685
0.679
0.673
0.667
0.661
0.655
0.649
0.643
0.637
0.631
0.625
0.62
0.615
0.61
0.605
0.6
0.595
0.59
0.585
0.58
0.575
0.57
0.565
0.56
0.555
0.55
0.545
0.54
0.535
0.53
0.525
0.52
0.515
0.51
0.505
0.5
0.5
0.5
0.5
0.5
0.5
0.5
0.5
0.5
0.5
0.5
0.5
0.5
0.5
0.5
0.5
0.5
0.5
0.5
0.5
0.5
0.5
0.5
0.5
0.5
0.5
0.5
0.5
0.5
0.5
0.5
0.5
0.5
0.5
0.5
0.5
0.5
0.5
0.5
0.5
0.5
0.5
0.5
0.5
0.5
0.5
0.5
0.5
0.5
0.5
0.5
0.5
0.5
0.5
0.495
0.491
0.486
0.481
0.477
0.472
0.468
0.463
0.458
0.454
0.449
0.444
0.44
0.435
0.431
0.426
0.421
0.417
0.412
0.407
0.403
0.398
0.394
0.389
0.384
0.38
0.375
0.37
0.366
0.361
0.356
0.352
0.347
0.343
0.338
0.333
0.335
0.337
0.338
0.34
0.342
0.343
0.345
0.347
0.348
0.35
0.352
0.353
0.355
0.357
0.358
0.36
0.362
0.363
0.365
0.367
0.368
0.37
0.372
0.373
0.375
0.377
0.378
0.38
0.382
0.383
0.385
0.387
0.388
0.39
0.392
0.393
0.395
0.397
0.398
0.4
0.4
0.4
0.4
0.4
0.4
0.4
0.4
0.4
0.4
0.4
0.4
0.4
0.4
0.4
0.4
0.4
0.4
0.4
0.4
0.4
0.4
0.4
0.4
0.4
0.4
0.4
0.4
0.4
0.4
0.4
0.4
0.403
0.406
0.41
0.413
0.416
0.419
0.423
0.426
0.429
0.432
0.435
0.439
0.442
0.445
0.448
0.452
0.455
0.458
0.461
0.465
0.468
0.471
0.474
0.477
0.481
0.484
0.487
0.49
0.494
0.497
0.5
0.536
0.571
0.607
0.643
0.679
0.714
0.75
0.786
0.821
0.857
0.893
0.929
0.964
1.0
0.962
0.925
0.888
0.85
0.812
0.775
0.738
0.7
0.663
0.625
0.588
0.55
0.512
0.475
0.438
0.4
0.363
0.325
0.288
0.25
0.251
0.252
0.254
0.255
0.256
0.257
0.259
0.26
0.261
0.262
0.263
0.265
0.266
0.267
0.268
0.27
0.271
0.272
0.273
0.274
0.276
0.277
0.278
0.279
0.281
0.282
0.283
0.284
0.285
0.287
0.288
0.289
0.29
0.292
0.293
0.294
0.295
0.296
0.298
0.299
0.3
0.301
0.303
0.304
0.305
0.306
0.307
0.309
0.31
0.311
0.312
0.314
0.315
0.316
0.317
0.318
0.32
0.321
0.322
0.323
0.325
0.326
0.327
0.328
0.33
0.331
0.332
0.333
0.334
0.336
0.337
0.338
0.339
0.341
0.342
0.343
0.344
0.345
0.347
0.348
0.349
0.35
0.352
0.353
0.354
0.355
0.356
0.358
0.359
0.36
0.361
0.363
0.364
0.365
0.366
0.367
0.369
0.37
0.371
0.372
0.374
0.375
0.376
0.377
0.378
0.38
0.381
0.382
0.383
0.385
0.386
0.387
0.388
0.389
0.391
0.392
0.393
0.394
0.396
0.397
0.398
0.399
0.4
0.402
0.403
0.404
0.405
0.407
0.408
0.409
0.41
0.411
0.413
0.414
0.415
0.416
0.418
0.419
0.42
0.421
0.422
0.424
0.425
0.426
0.427
0.429
0.452
0.476
0.5
0.524
0.548
0.571
0.595
0.619
0.643
0.667
0.69
0.714
0.717
0.719
0.722
0.724
0.726
0.729
0.731
0.734
0.736
0.738
0.741
0.743
0.746
0.748
0.751
0.753
0.755
0.758
0.76
0.763
0.765
0.768
0.77
0.772
0.775
0.777
0.78
0.782
0.785
0.787
0.789
0.792
0.794
0.797
0.799
0.801
0.804
0.806
0.809
0.811
0.814
0.816
0.818
0.821
0.823
0.826
0.828
0.831
0.833
0.835
0.838
0.84
0.843
0.845
0.847
0.85
0.852
0.855
0.857
0.842
0.826
0.811
0.796
0.78
0.765
0.749
0.734
0.718
0.703
0.688
0.672
0.657
0.641
0.626
0.611
0.595
0.58
0.564
0.549
0.534
0.518
0.503
0.487
0.472
0.457
0.441
0.426
0.41
0.395
0.38
0.364
0.349
0.333
0.336
0.339
0.341
0.344
0.347
0.349
0.352
0.355
0.357
0.36
0.363
0.365
0.368
0.371
0.373
0.376
0.379
0.381
0.384
0.387
0.389
0.392
0.395
0.397
0.4
0.403
0.406
0.408
0.411
0.414
0.417
0.419
0.422
0.425
0.428
0.431
0.433
0.436
0.439
0.442
0.444
0.447
0.45
0.453
0.456
0.458
0.461
0.464
0.467
0.469
0.472
0.475
0.478
0.481
0.483
0.486
0.489
0.492
0.494
0.497
0.5
0.492
0.485
0.477
0.47
0.462
0.455
0.447
0.439
0.432
0.424
0.417
0.409
0.402
0.394
0.386
0.379
0.371
0.364
0.356
0.348
0.341
0.333
0.335
0.336
0.337
0.338
0.339
0.34
0.342
0.343
0.344
0.345
0.346
0.348
0.349
0.35
0.351
0.352
0.354
0.355
0.356
0.357
0.358
0.36
0.361
0.362
0.363
0.364
0.365
0.367
0.368
0.369
0.37
0.371
0.373
0.374
0.375
0.376
0.377
0.379
0.38
0.381
0.382
0.383
0.385
0.386
0.387
0.388
0.389
0.39
0.392
0.393
0.394
0.395
0.396
0.398
0.399
0.4
0.401
0.402
0.404
0.405
0.406
0.407
0.408
0.41
0.411
0.412
0.413
0.414
0.415
0.417
0.418
0.419
0.42
0.421
0.423
0.424
0.425
0.426
0.427
0.429
0.43
0.431
0.432
0.433
0.435
0.436
0.437
0.438
0.439
0.44
0.442
0.443
0.444
0.445
0.446
0.448
0.449
0.45
0.451
0.452
0.454
0.455
0.456
0.457
0.458
0.46
0.461
0.462
0.463
0.464
0.465
0.467
0.468
0.469
0.47
0.471
0.473
0.474
0.475
0.476
0.477
0.479
0.48
0.481
0.482
0.483
0.485
0.486
0.487
0.488
0.489
0.49
0.492
0.493
0.494
0.495
0.496
0.498
0.499
0.5
0.506
0.512
0.518
0.524
0.53
0.536
0.542
0.548
0.555
0.561
0.567
0.573
0.579
0.585
0.591
0.597
0.603
0.609
0.615
0.621
0.627
0.633
0.639
0.645
0.652
0.658
0.664
0.67
0.676
0.682
0.688
0.694
0.7
0.706
0.712
0.718
0.724
0.73
0.736
0.742
0.748
0.755
0.761
0.767
0.773
0.779
0.785
0.791
0.797
0.803
0.809
0.815
0.821
0.827
0.833
0.815
0.797
0.778
0.76
0.741
0.723
0.705
0.686
0.668
0.649
0.631
0.613
0.594
0.576
0.557
0.539
0.521
0.502
0.484
0.465
0.447
0.429
0.429
0.43
0.431
0.432
0.433
0.433
0.434
0.435
0.436
0.437
0.438
0.438
0.439
0.44
0.441
0.442
0.442
0.443
0.444
0.445
0.446
0.446
0.447
0.448
0.449
0.45
0.45
0.451
0.452
0.453
0.454
0.455
0.455
0.456
0.457
0.458
0.459
0.459
0.46
0.461
0.462
0.463
0.463
0.464
0.465
0.466
0.467
0.468
0.468
0.469
0.47
0.471
0.472
0.472
0.473
0.474
0.475
0.476
0.476
0.477
0.478
0.479
0.48
0.481
0.481
0.482
0.483
0.484
0.485
0.485
0.486
0.487
0.488
0.489
0.489
0.49
0.491
0.492
0.493
0.494
0.494
0.495
0.496
0.497
0.498
0.498
0.499
0.5
0.505
0.509
0.514
0.518
0.523
0.527
0.532
0.536
0.541
0.545
0.55
0.555
0.559
0.564
0.568
0.573
0.577
0.582
0.586
0.591
0.595
0.6
0.599
0.598
0.597
0.596
0.595
0.594
0.593
0.592
0.591
0.59
0.589
0.588
0.587
0.586
0.585
0.584
0.583
0.583
0.582
0.581
0.58
0.579
0.578
0.577
0.576
0.575
0.574
0.573
0.572
0.571
0.57
0.569
0.568
0.567
0.566
0.565
0.564
0.563
0.562
0.561
0.56
0.559
0.558
0.557
0.556
0.555
0.554
0.553
0.552
0.551
0.55
0.55
0.549
0.548
0.547
0.546
0.545
0.544
0.543
0.542
0.541
0.54
0.539
0.538
0.537
0.536
0.535
0.534
0.533
0.532
0.531
0.53
0.529
0.528
0.527
0.526
0.525
0.524
0.523
0.522
0.521
0.52
0.519
0.518
0.517
0.517
0.516
0.515
0.514
0.513
0.512
0.511
0.51
0.509
0.508
0.507
0.506
0.505
0.504
0.503
0.502
0.501
0.5
0.498
0.496
0.494
0.492
0.49
0.488
0.486
0.484
0.482
0.48
0.478
0.476
0.474
0.472
0.47
0.468
0.466
0.464
0.462
0.46
0.458
0.456
0.454
0.452
0.45
0.448
0.446
0.444
0.442
0.44
0.438
0.436
0.434
0.432
0.43
0.428
0.426
0.424
0.422
0.42
0.418
0.416
0.414
0.412
0.41
0.408
0.406
0.404
0.402
0.4
0.403
0.406
0.41
0.413
0.416
0.419
0.423
0.426
0.429
0.432
0.435
0.439
0.442
0.445
0.448
0.452
0.455
0.458
0.461
0.465
0.468
0.471
0.474
0.477
0.481
0.484
0.487
0.49
0.494
0.497
0.5
0.536
0.571
0.607
0.643
0.679
0.714
0.75
0.786
0.821
0.857
0.893
0.929
0.964
1.0
0.995
0.991
0.986
0.981
0.977
0.972
0.967
0.963
0.958
0.953
0.949
0.944
0.939
0.935
0.93
0.925
0.921
0.916
0.911
0.907
0.902
0.897
0.893
0.888
0.883
0.879
0.874
0.869
0.864
0.86
0.855
0.85
0.846
0.841
0.836
0.832
0.827
0.822
0.818
0.813
0.808
0.804
0.799
0.794
0.79
0.785
0.78
0.776
0.771
0.766
0.762
0.757
0.752
0.748
0.743
0.738
0.734
0.729
0.724
0.72
0.715
0.71
0.706
0.701
0.696
0.692
0.687
0.682
0.678
0.673
0.668
0.664
0.659
0.654
0.65
0.645
0.64
0.636
0.631
0.626
0.621
0.617
0.612
0.607
0.603
0.598
0.593
0.589
0.584
0.579
0.575
0.57
0.565
0.561
0.556
0.551
0.547
0.542
0.537
0.533
0.528
0.523
0.519
0.514
0.509
0.505
0.5
0.505
0.511
0.516
0.521
0.527
0.532
0.537
0.543
0.548
0.553
0.559
0.564
0.569
0.575
0.58
0.585
0.591
0.596
0.601
0.607
0.612
0.618
0.623
0.628
0.634
0.639
0.644
0.65
0.655
0.66
0.666
0.671
0.676
0.682
0.687
0.692
0.698
0.703
0.708
0.714
0.719
0.724
0.73
0.735
0.74
0.746
0.751
0.756
0.762
0.767
0.772
0.778
0.78
0.781
0.783
0.785
0.787
0.789
0.79
0.792
0.794
0.796
0.797
0.799
0.801
0.803
0.805
0.806
0.808
0.81
0.812
0.814
0.815
0.817
0.819
0.821
0.823
0.824
0.826
0.828
0.83
0.832
0.833
0.835
0.837
0.839
0.841
0.842
0.844
0.846
0.848
0.849
0.851
0.853
0.855
0.857
0.858
0.86
0.862
0.864
0.866
0.867
0.869
0.871
0.873
0.875
0.876
0.878
0.88
0.882
0.884
0.885
0.887
0.889
0.891
0.892
0.894
0.896
0.898
0.9
0.901
0.903
0.905
0.907
0.909
0.91
0.912
0.914
0.916
0.918
0.919
0.921
0.923
0.925
0.927
0.928
0.93
0.932
0.934
0.935
0.937
0.939
0.941
0.943
0.944
0.946
0.948
0.95
0.952
0.953
0.955
0.957
0.959
0.961
0.962
0.964
0.966
0.968
0.97
0.971
0.973
0.975
0.977
0.978
0.98
0.982
0.984
0.986
0.987
0.989
0.991
0.993
0.995
0.996
0.998
1.0
0.973
0.945
0.918
0.89
0.863
0.835
0.808
0.78
0.753
0.725
0.698
0.67
0.643
0.615
0.588
0.56
0.533
0.505
0.478
0.451
0.423
0.396
0.368
0.341
0.313
0.286
0.29
0.294
0.299
0.303
0.308
0.312
0.316
0.321
0.325
0.329
0.334
0.338
0.343
0.347
0.351
0.356
0.36
0.364
0.369
0.373
0.378
0.382
0.386
0.391
0.395
0.399
0.404
0.408
0.413
0.417
0.421
0.426
0.43
0.434
0.439
0.443
0.448
0.452
0.456
0.461
0.465
0.469
0.474
0.478
0.483
0.487
0.491
0.496
0.5
0.504
0.509
0.513
0.517
0.522
0.526
0.531
0.535
0.539
0.544
0.548
0.552
0.557
0.561
0.566
0.57
0.574
0.579
0.583
0.587
0.592
0.596
0.601
0.605
0.609
0.614
0.618
0.622
0.627
0.631
0.636
0.64
0.644
0.649
0.653
0.657
0.662
0.666
0.671
0.675
0.679
0.684
0.688
0.692
0.697
0.701
0.706
0.71
0.714
0.715
0.716
0.717
0.718
0.719
0.72
0.721
0.722
0.723
0.724
0.725
0.726
0.727
0.728
0.729
0.73
0.732
0.733
0.734
0.735
0.736
0.737
0.738
0.739
0.74
0.741
0.742
0.743
0.744
0.745
0.746
0.747
0.748
0.749
0.75
0.751
0.752
0.753
0.754
0.755
0.756
0.757
0.758
0.759
0.76
0.761
0.762
0.763
0.764
0.765
0.766
0.767
0.768
0.769
0.77
0.771
0.772
0.773
0.774
0.775
0.776
0.777
0.778
0.779
0.78
0.781
0.782
0.783
0.784
0.785
0.786
0.787
0.788
0.789
0.79
0.791
0.792
0.793
0.794
0.795
0.796
0.797
0.798
0.799
0.8
0.801
0.802
0.803
0.804
0.805
0.806
0.807
0.809
0.81
0.811
0.812
0.813
0.814
0.815
0.816
0.817
0.818
0.819
0.82
0.821
0.822
0.823
0.824
0.825
0.826
0.827
0.828
0.829
0.83
0.831
0.832
0.833
0.834
0.835
0.836
0.837
0.838
0.839
0.84
0.841
0.842
0.843
0.844
0.845
0.846
0.847
0.848
0.849
0.85
0.851
0.852
0.853
0.854
0.855
0.856
0.857
0.858
0.859
0.86
0.861
0.862
0.863
0.864
0.865
0.866
0.867
0.868
0.869
0.87
0.871
0.872
0.873
0.874
0.875
0.876
0.877
0.878
0.879
0.88
0.881
0.882
0.883
0.884
0.886
0.887
0.888
0.889
0.89
0.891
0.892
0.893
0.894
0.895
0.896
0.897
0.898
0.899
0.9
0.901
0.902
0.903
0.904
0.905
0.906
0.907
0.908
0.909
0.91
0.911
0.912
0.913
0.914
0.915
0.916
0.917
0.918
0.919
0.92
0.921
0.922
0.923
0.924
0.925
0.926
0.927
0.928
0.929
0.93
0.931
0.932
0.933
0.934
0.935
0.936
0.937
0.938
0.939
0.94
0.941
0.942
0.943
0.944
0.945
0.946
0.947
0.948
0.949
0.95
0.951
0.952
0.953
0.954
0.955
0.956
0.957
0.958
0.959
0.96
0.961
0.963
0.964
0.965
0.966
0.967
0.968
0.969
0.97
0.971
0.972
0.973
0.974
0.975
0.976
0.977
0.978
0.979
0.98
0.981
0.982
0.983
0.984
0.985
0.986
0.987
0.988
0.989
0.99
0.991
0.992
0.993
0.994
0.995
0.996
0.997
0.998
0.999
1.0
0.982
0.965
0.947
0.93
0.912
0.895
0.877
0.86
0.842
0.825
0.807
0.789
0.772
0.754
0.737
0.719
0.702
0.684
0.667
0.66
0.653
0.646
0.639
0.632
0.625
0.618
0.611
0.604
0.597
0.59
0.583
0.576
0.569
0.562
0.556
0.549
0.542
0.535
0.528
0.521
0.514
0.507
0.5
0.5
0.5
0.5
0.5
0.5
0.5
0.5
0.5
0.5
0.5
0.5
0.5
0.5
0.5
0.5
0.5
0.5
0.5
0.5
0.5
0.5
0.5
0.5
0.5
0.5
0.5
0.5
0.5
0.5
0.5
0.5
0.5
0.5
0.5
0.511
0.521
0.532
0.543
0.554
0.564
0.575
0.586
0.596
0.607
0.618
0.629
0.639
0.65
0.661
0.671
0.682
0.693
0.704
0.714
0.725
0.736
0.746
0.757
0.768
0.779
0.789
0.8
0.8
0.8
0.8
0.8
0.8
0.8
0.8
0.8
0.8
0.8
0.8
0.8
0.8
0.8
0.8
0.8
0.8
0.8
0.8
0.8
0.8
0.8
0.8
0.8
0.8
0.8
0.8
0.8
0.8
0.8
0.8
0.8
0.8
0.8
0.8
0.8
0.8
0.8
0.8
0.8
0.8
0.8
0.8
0.8
0.8
0.8
0.8
0.8
0.8
0.8
0.8
0.8
0.8
0.8
0.8
0.8
0.8
0.796
0.792
0.789
0.785
0.781
0.777
0.773
0.77
0.766
0.762
0.758
0.754
0.751
0.747
0.743
0.739
0.735
0.732
0.728
0.724
0.72
0.716
0.713
0.709
0.705
0.701
0.697
0.694
0.69
0.686
0.682
0.678
0.675
0.671
0.667
0.663
0.659
0.656
0.652
0.648
0.644
0.641
0.637
0.633
0.629
0.625
0.622
0.618
0.614
0.61
0.606
0.603
0.599
0.595
0.591
0.587
0.584
0.58
0.576
0.572
0.568
0.565
0.561
0.557
0.553
0.549
0.546
0.542
0.538
0.534
0.53
0.527
0.523
0.519
0.515
0.511
0.508
0.504
0.5
0.5
0.5
0.5
0.5
0.5
0.5
0.5
0.5
0.5
0.5
0.5
0.5
0.5
0.5
0.5
0.5
0.5
0.5
0.5
0.5
0.508
0.515
0.523
0.531
0.538
0.546
0.554
0.562
0.569
0.577
0.585
0.592
0.6
0.608
0.615
0.623
0.631
0.638
0.646
0.654
0.662
0.669
0.677
0.685
0.692
0.7
0.708
0.715
0.723
0.731
0.738
0.746
0.754
0.762
0.769
0.777
0.785
0.792
0.8
0.808
0.815
0.823
0.831
0.838
0.846
0.854
0.862
0.869
0.877
0.885
0.892
0.9
0.908
0.915
0.923
0.931
0.938
0.946
0.954
0.962
0.969
0.977
0.985
0.992
1.0
1.0
1.0
1.0
1.0
1.0
1.0
1.0
1.0
1.0
1.0
1.0
1.0
1.0
1.0
1.0
1.0
1.0
1.0
1.0
1.0
1.0
1.0
1.0
1.0
1.0
1.0
1.0
1.0
1.0
1.0
1.0
1.0
1.0
1.0
1.0
1.0
1.0
1.0
1.0
1.0
1.0
1.0
1.0
1.0
1.0
1.0
1.0
1.0
1.0
1.0
1.0
1.0
1.0
1.0
1.0
1.0
1.0
1.0
1.0
1.0
1.0
1.0
1.0
0.977
0.955
0.932
0.909
0.886
0.864
0.841
0.818
0.795
0.773
0.75
0.727
0.705
0.682
0.659
0.636
0.614
0.591
0.568
0.545
0.523
0.5
0.507
0.514
0.521
0.527
0.534
0.541
0.548
0.555
0.562
0.569
0.576
0.582
0.589
0.596
0.603
0.61
0.617
0.624
0.63
0.637
0.644
0.651
0.658
0.665
0.672
0.679
0.685
0.692
0.699
0.706
0.713
0.72
0.727
0.734
0.74
0.747
0.754
0.761
0.768
0.775
0.782
0.788
0.795
0.802
0.809
0.816
0.823
0.83
0.837
0.843
0.85
0.857
0.85
0.843
0.836
0.829
0.822
0.815
0.808
0.801
0.794
0.787
0.78
0.774
0.767
0.76
0.753
0.746
0.739
0.732
0.725
0.718
0.711
0.704
0.697
0.69
0.683
0.676
0.669
0.662
0.655
0.648
0.641
0.634
0.627
0.62
0.613
0.606
0.599
0.592
0.585
0.578
0.571
0.564
0.557
0.551
0.544
0.537
0.53
0.523
0.516
0.509
0.502
0.495
0.488
0.481
0.474
0.467
0.46
0.453
0.446
0.439
0.432
0.425
0.418
0.411
0.404
0.397
0.39
0.383
0.376
0.369
0.362
0.355
0.348
0.341
0.334
0.328
0.321
0.314
0.307
0.3
0.293
0.286
0.278
0.271
0.264
0.257
0.249
0.242
0.235
0.228
0.22
0.213
0.206
0.198
0.191
0.184
0.177
0.169
0.162
0.155
0.147
0.14
0.133
0.126
0.118
0.111
0.133
0.156
0.178
0.2
0.222
0.244
0.267
0.289
0.311
0.333
0.356
0.378
0.4
0.422
0.444
0.467
0.489
0.511
0.533
0.556
0.578
0.6
0.622
0.644
0.667
0.689
0.711
0.733
0.756
0.778
0.772
0.766
0.76
0.755
0.749
0.743
0.737
0.731
0.726
0.72
0.714
0.708
0.703
0.697
0.691
0.685
0.679
0.674
0.668
0.662
0.656
0.65
0.645
0.639
0.633
0.627
0.622
0.616
0.61
0.604
0.598
0.593
0.587
0.581
0.575
0.569
0.564
0.558
0.552
0.546
0.541
0.535
0.529
0.523
0.517
0.512
0.506
0.5
0.496
0.493
0.489
0.486
0.482
0.479
0.475
0.471
0.468
0.464
0.461
0.457
0.454
0.45
0.446
0.443
0.439
0.436
0.432
0.429
0.425
0.421
0.418
0.414
0.411
0.407
0.404
0.4
0.409
0.417
0.426
0.434
0.443
0.451
0.46
0.468
0.477
0.485
0.494
0.502
0.511
0.519
0.528
0.536
0.545
0.553
0.562
0.57
0.579
0.587
0.596
0.604
0.613
0.621
0.63
0.638
0.647
0.655
0.664
0.672
0.681
0.689
0.698
0.706
0.715
0.723
0.732
0.74
0.749
0.757
0.766
0.774
0.783
0.791
0.8
0.788
0.776
0.764
0.752
0.739
0.727
0.715
0.703
0.691
0.679
0.667
0.655
0.642
0.63
0.618
0.606
0.594
0.582
0.57
0.558
0.545
0.533
0.521
0.509
0.497
0.485
0.473
0.461
0.448
0.436
0.424
0.412
0.4
0.402
0.403
0.405
0.406
0.408
0.409
0.411
0.413
0.414
0.416
0.417
0.419
0.42
0.422
0.423
0.425
0.427
0.428
0.43
0.431
0.433
0.434
0.436
0.438
0.439
0.441
0.442
0.444
0.445
0.447
0.448
0.45
0.452
0.453
0.455
0.456
0.458
0.459
0.461
0.462
0.464
0.466
0.467
0.469
0.47
0.472
0.473
0.475
0.477
0.478
0.48
0.481
0.483
0.484
0.486
0.488
0.489
0.491
0.492
0.494
0.495
0.497
0.498
0.5
0.502
0.504
0.506
0.508
0.509
0.511
0.513
0.515
0.517
0.519
0.521
0.523
0.525
0.527
0.528
0.53
0.532
0.534
0.536
0.538
0.54
0.542
0.544
0.545
0.547
0.549
0.551
0.553
0.555
0.557
0.559
0.561
0.562
0.564
0.566
0.568
0.57
0.572
0.574
0.576
0.578
0.58
0.581
0.583
0.585
0.587
0.589
0.591
0.593
0.595
0.597
0.598
0.6
0.602
0.604
0.606
0.608
0.61
0.612
0.614
0.616
0.617
0.619
0.621
0.623
0.625
0.627
0.629
0.631
0.633
0.634
0.636
0.638
0.64
0.642
0.644
0.646
0.648
0.65
0.652
0.653
0.655
0.657
0.659
0.661
0.663
0.665
0.667
0.66
0.654
0.647
0.641
0.635
0.628
0.622
0.615
0.609
0.603
0.596
0.59
0.583
0.577
0.571
0.564
0.558
0.551
0.545
0.538
0.532
0.526
0.519
0.513
0.506
0.5
0.498
0.496
0.494
0.491
0.489
0.487
0.485
0.483
0.481
0.478
0.476
0.474
0.472
0.47
0.468
0.465
0.463
0.461
0.459
0.457
0.455
0.452
0.45
0.448
0.446
0.444
0.442
0.439
0.437
0.435
0.433
0.431
0.429
0.431
0.434
0.437
0.44
0.443
0.445
0.448
0.451
0.454
0.457
0.459
0.462
0.465
0.468
0.471
0.474
0.476
0.479
0.482
0.485
0.488
0.49
0.493
0.496
0.499
0.502
0.504
0.507
0.51
0.513
0.516
0.519
0.521
0.524
0.527
0.53
0.533
0.535
0.538
0.541
0.544
0.547
0.549
0.552
0.555
0.558
0.561
0.563
0.566
0.569
0.572
0.575
0.578
0.58
0.583
0.586
0.589
0.592
0.594
0.597
0.6
0.602
0.603
0.605
0.607
0.609
0.61
0.612
0.614
0.615
0.617
0.619
0.621
0.622
0.624
0.626
0.627
0.629
0.631
0.632
0.634
0.636
0.638
0.639
0.641
0.643
0.644
0.646
0.648
0.65
0.651
0.653
0.655
0.656
0.658
0.66
0.662
0.663
0.665
0.667
0.668
0.67
0.672
0.674
0.675
0.677
0.679
0.681
0.682
0.684
0.686
0.687
0.689
0.691
0.693
0.694
0.696
0.698
0.7
0.701
0.703
0.705
0.706
0.708
0.71
0.712
0.713
0.715
0.717
0.719
0.72
0.722
0.724
0.726
0.727
0.729
0.731
0.732
0.734
0.736
0.738
0.739
0.741
0.743
0.745
0.746
0.748
0.75
0.752
0.753
0.755
0.757
0.758
0.76
0.762
0.764
0.765
0.767
0.769
0.771
0.772
0.774
0.776
0.777
0.779
0.781
0.783
0.784
0.786
0.788
0.79
0.791
0.793
0.795
0.797
0.798
0.8
0.796
0.792
0.789
0.785
0.781
0.777
0.774
0.77
0.766
0.762
0.758
0.755
0.751
0.747
0.743
0.74
0.736
0.732
0.728
0.725
0.721
0.717
0.713
0.709
0.706
0.702
0.698
0.694
0.691
0.687
0.683
0.679
0.675
0.672
0.668
0.664
0.66
0.657
0.653
0.649
0.645
0.642
0.638
0.634
0.63
0.626
0.623
0.619
0.615
0.611
0.608
0.604
0.6
0.597
0.594
0.591
0.588
0.584
0.581
0.578
0.575
0.572
0.569
0.566
0.562
0.559
0.556
0.553
0.55
0.547
0.544
0.541
0.538
0.534
0.531
0.528
0.525
0.522
0.519
0.516
0.512
0.509
0.506
0.503
0.5
0.503
0.506
0.509
0.512
0.515
0.518
0.521
0.524
0.527
0.53
0.533
0.536
0.539
0.542
0.545
0.548
0.551
0.554
0.557
0.56
0.562
0.565
0.568
0.571
0.576
0.58
0.584
0.589
0.593
0.597
0.601
0.606
0.61
0.614
0.619
0.623
0.627
0.632
0.636
0.64
0.644
0.649
0.653
0.657
0.662
0.666
0.67
0.674
0.679
0.683
0.687
0.692
0.696
0.7
0.705
0.709
0.713
0.717
0.722
0.726
0.73
0.735
0.739
0.743
0.747
0.752
0.756
0.76
0.765
0.769
0.773
0.778
0.782
0.786
0.79
0.795
0.799
0.803
0.808
0.812
0.816
0.82
0.825
0.829
0.833
0.84
0.847
0.853
0.86
0.867
0.873
0.88
0.887
0.893
0.9
0.907
0.913
0.92
0.927
0.933
0.94
0.947
0.953
0.96
0.967
0.973
0.98
0.987
0.993
1.0
0.99
0.98
0.971
0.961
0.951
0.941
0.931
0.922
0.912
0.902
0.892
0.882
0.873
0.863
0.853
0.843
0.833
0.824
0.814
0.804
0.794
0.784
0.775
0.765
0.755
0.745
0.735
0.725
0.716
0.706
0.696
0.686
0.676
0.667
0.657
0.647
0.637
0.627
0.618
0.608
0.598
0.588
0.578
0.569
0.559
0.549
0.539
0.529
0.52
0.51
0.5
0.492
0.483
0.475
0.467
0.458
0.45
0.442
0.433
0.425
0.417
0.408
0.4
0.392
0.383
0.375
0.367
0.358
0.35
0.342
0.333
0.343
0.352
0.361
0.37
0.38
0.389
0.398
0.407
0.417
0.426
0.435
0.444
0.454
0.463
0.472
0.481
0.491
0.5
0.5
0.5
0.5
0.5
0.5
0.5
0.5
0.5
0.5
0.5
0.5
0.5
0.5
0.5
0.5
0.5
0.5
0.5
0.5
0.5
0.5
0.5
0.5
0.5
0.5
0.5
0.5
0.5
0.5
0.5
0.5
0.5
0.5
0.5
0.5
0.5
0.5
0.5
0.5
0.5
0.5
0.5
0.5
0.5
0.5
0.5
0.5
0.5
0.5
0.5
0.5
0.5
0.5
0.5
0.5
0.5
0.5
0.5
0.5
0.5
0.5
0.5
0.5
0.5
0.5
0.5
0.5
0.5
0.5
0.5
0.5
0.5
0.5
0.5
0.5
0.5
0.5
0.5
0.5
0.5
0.5
0.5
0.5
0.5
0.5
0.5
0.5
0.5
0.5
0.5
0.5
0.5
0.5
0.5
0.5
0.5
0.5
0.5
0.5
0.5
0.5
0.5
0.5
0.5
0.5
0.5
0.5
0.5
0.5
0.5
0.5
0.5
0.5
0.5
0.5
0.5
0.5
0.5
0.5
0.5
0.5
0.5
0.5
0.5
0.5
0.5
0.5
0.5
0.5
0.5
0.5
0.5
0.5
0.5
0.5
0.5
0.5
0.5
0.5
0.5
0.5
0.5
0.5
0.5
0.5
0.5
0.5
0.5
0.5
0.5
0.5
0.5
0.5
0.5
0.5
0.5
0.5
0.5
0.5
0.5
0.5
0.5
0.5
0.5
0.5
0.5
0.5
0.5
0.5
0.5
0.5
0.5
0.5
0.5
0.5
0.5
0.5
0.5
0.5
0.5
0.5
0.5
0.5
0.5
0.5
0.5
0.5
0.5
0.5
0.5
0.5
0.5
0.5
0.5
0.5
0.5
0.5
0.5
0.5
0.5
0.5
0.5
0.5
0.5
0.5
0.5
0.5
0.5
0.5
0.5
0.5
0.5
0.5
0.5
0.5
0.5
0.502
0.504
0.506
0.508
0.51
0.512
0.514
0.516
0.518
0.52
0.521
0.523
0.525
0.527
0.529
0.531
0.533
0.535
0.537
0.539
0.541
0.543
0.545
0.547
0.549
0.551
0.553
0.555
0.557
0.559
0.561
0.562
0.564
0.566
0.568
0.57
0.572
0.574
0.576
0.578
0.58
0.582
0.584
0.586
0.588
0.59
0.592
0.594
0.596
0.598
0.6
0.602
0.604
0.605
0.607
0.609
0.611
0.613
0.615
0.617
0.619
0.621
0.623
0.625
0.627
0.629
0.631
0.633
0.635
0.637
0.639
0.641
0.643
0.645
0.646
0.648
0.65
0.652
0.654
0.656
0.658
0.66
0.662
0.664
0.666
0.668
0.67
0.672
0.674
0.676
0.678
0.68
0.682
0.684
0.686
0.688
0.689
0.691
0.693
0.695
0.697
0.699
0.701
0.703
0.705
0.707
0.709
0.711
0.713
0.715
0.717
0.719
0.721
0.723
0.725
0.727
0.729
0.73
0.732
0.734
0.736
0.738
0.74
0.742
0.744
0.746
0.748
0.75
0.752
0.754
0.756
0.758
0.76
0.762
0.764
0.766
0.768
0.77
0.771
0.773
0.775
0.777
0.779
0.781
0.783
0.785
0.787
0.789
0.791
0.793
0.795
0.797
0.799
0.801
0.803
0.805
0.807
0.809
0.811
0.812
0.814
0.816
0.818
0.82
0.822
0.824
0.826
0.828
0.83
0.832
0.834
0.836
0.838
0.84
0.842
0.844
0.846
0.848
0.85
0.852
0.854
0.855
0.857
0.859
0.861
0.863
0.865
0.867
0.869
0.871
0.873
0.875
0.877
0.879
0.881
0.883
0.885
0.887
0.889
0.891
0.893
0.895
0.896
0.898
0.9
0.902
0.904
0.906
0.908
0.91
0.912
0.914
0.916
0.918
0.92
0.922
0.924
0.926
0.928
0.93
0.932
0.934
0.936
0.938
0.939
0.941
0.943
0.945
0.947
0.949
0.951
0.953
0.955
0.957
0.959
0.961
0.963
0.965
0.967
0.969
0.971
0.973
0.975
0.977
0.979
0.98
0.982
0.984
0.986
0.988
0.99
0.992
0.994
0.996
0.998
1.0
0.979
0.957
0.936
0.914
0.893
0.871
0.85
0.829
0.807
0.786
0.764
0.743
0.721
0.7
0.679
0.657
0.636
0.614
0.593
0.571
0.55
0.529
0.507
0.486
0.464
0.443
0.421
0.4
0.409
0.418
0.427
0.436
0.444
0.453
0.462
0.471
0.48
0.489
0.498
0.507
0.516
0.524
0.533
0.542
0.551
0.56
0.569
0.578
0.587
0.596
0.604
0.613
0.622
0.631
0.64
0.649
0.658
0.667
0.663
0.66
0.657
0.653
0.65
0.647
0.644
0.64
0.637
0.634
0.63
0.627
0.624
0.62
0.617
0.614
0.611
0.607
0.604
0.601
0.597
0.594
0.591
0.587
0.584
0.581
0.578
0.574
0.571
0.568
0.564
0.561
0.558
0.554
0.551
0.548
0.545
0.541
0.538
0.535
0.531
0.528
0.525
0.521
0.518
0.515
0.512
0.508
0.505
0.502
0.498
0.495
0.492
0.488
0.485
0.482
0.479
0.475
0.472
0.469
0.465
0.462
0.459
0.455
0.452
0.449
0.446
0.442
0.439
0.436
0.432
0.429
0.426
0.422
0.419
0.416
0.413
0.409
0.406
0.403
0.399
0.396
0.393
0.389
0.386
0.383
0.38
0.376
0.373
0.37
0.366
0.363
0.36
0.356
0.353
0.35
0.347
0.343
0.34
0.337
0.333
0.336
0.339
0.341
0.344
0.346
0.349
0.352
0.354
0.357
0.359
0.362
0.365
0.367
0.37
0.372
0.375
0.378
0.38
0.383
0.385
0.388
0.391
0.393
0.396
0.398
0.401
0.404
0.406
0.409
0.411
0.414
0.417
0.419
0.422
0.424
0.427
0.43
0.432
0.435
0.438
0.44
0.443
0.445
0.448
0.451
0.453
0.456
0.458
0.461
0.464
0.466
0.469
0.471
0.474
0.477
0.479
0.482
0.484
0.487
0.49
0.492
0.495
0.497
0.5
0.502
0.504
0.506
0.508
0.51
0.512
0.514
0.516
0.518
0.52
0.522
0.524
0.526
0.528
0.53
0.532
0.534
0.536
0.538
0.54
0.542
0.544
0.546
0.548
0.55
0.552
0.554
0.556
0.558
0.56
0.562
0.564
0.566
0.568
0.57
0.572
0.574
0.576
0.578
0.58
0.582
0.584
0.586
0.588
0.59
0.592
0.594
0.596
0.598
0.6
0.602
0.604
0.606
0.608
0.61
0.612
0.614
0.616
0.618
0.62
0.622
0.624
0.627
0.629
0.631
0.633
0.635
0.637
0.639
0.641
0.643
0.645
0.647
0.649
0.651
0.653
0.655
0.657
0.659
0.661
0.663
0.665
0.667
0.668
0.67
0.671
0.673
0.674
0.676
0.677
0.679
0.68
0.682
0.683
0.685
0.686
0.688
0.689
0.69
0.692
0.693
0.695
0.696
0.698
0.699
0.701
0.702
0.704
0.705
0.707
0.708
0.71
0.711
0.713
0.714
0.707
0.699
0.691
0.683
0.676
0.668
0.66
0.652
0.645
0.637
0.629
0.621
0.614
0.606
0.598
0.59
0.583
0.575
0.567
0.56
0.552
0.544
0.536
0.529
0.521
0.513
0.505
0.498
0.49
0.482
0.474
0.467
0.459
0.451
0.443
0.436
0.428
0.42
0.412
0.405
0.397
0.389
0.382
0.374
0.366
0.358
0.351
0.343
0.335
0.327
0.32
0.312
0.304
0.296
0.289
0.281
0.273
0.265
0.258
0.25
0.255
0.261
0.266
0.271
0.276
0.282
0.287
0.292
0.297
0.303
0.308
0.313
0.319
0.324
0.329
0.334
0.34
0.345
0.35
0.355
0.361
0.366
0.371
0.377
0.382
0.387
0.392
0.398
0.403
0.408
0.414
0.419
0.424
0.429
0.435
0.44
0.445
0.45
0.456
0.461
0.466
0.472
0.477
0.482
0.487
0.493
0.498
0.503
0.508
0.514
0.519
0.524
0.53
0.535
0.54
0.545
0.551
0.556
0.561
0.566
0.572
0.577
0.582
0.588
0.593
0.598
0.603
0.609
0.614
0.619
0.624
0.63
0.635
0.64
0.646
0.651
0.656
0.661
0.667
0.658
0.649
0.64
0.632
0.623
0.614
0.605
0.596
0.588
0.579
0.57
0.561
0.553
0.544
0.535
0.526
0.518
0.509
0.5
0.504
0.508
0.512
0.517
0.521
0.525
0.529
0.533
0.538
0.542
0.546
0.55
0.554
0.558
0.562
0.567
0.571
0.575
0.579
0.583
0.588
0.592
0.596
0.6
0.604
0.608
0.612
0.617
0.621
0.625
0.621
0.617
0.613
0.609
0.605
0.602
0.598
0.594
0.59
0.586
0.582
0.578
0.574
0.57
0.566
0.562
0.559
0.555
0.551
0.547
0.543
0.539
0.535
0.531
0.527
0.523
0.52
0.516
0.512
0.508
0.504
0.5
0.494
0.489
0.483
0.477
0.471
0.466
0.46
0.454
0.448
0.443
0.437
0.431
0.425
0.42
0.414
0.408
0.402
0.397
0.391
0.385
0.379
0.374
0.368
0.362
0.356
0.351
0.345
0.339
0.333
0.336
0.339
0.342
0.345
0.348
0.352
0.355
0.358
0.361
0.364
0.367
0.37
0.373
0.376
0.379
0.382
0.385
0.388
0.391
0.394
0.397
0.4
0.404
0.408
0.413
0.417
0.421
0.425
0.429
0.433
0.438
0.442
0.446
0.45
0.454
0.458
0.462
0.467
0.471
0.475
0.479
0.483
0.488
0.492
0.496
0.5
0.504
0.508
0.512
0.517
0.521
0.525
0.529
0.533
0.538
0.542
0.546
0.55
0.554
0.558
0.562
0.567
0.571
0.575
0.579
0.583
0.587
0.592
0.596
0.6
0.601
0.602
0.604
0.605
0.606
0.607
0.608
0.61
0.611
0.612
0.613
0.614
0.615
0.617
0.618
0.619
0.62
0.621
0.623
0.624
0.625
0.626
0.627
0.629
0.63
0.631
0.632
0.633
0.635
0.636
0.637
0.638
0.639
0.64
0.642
0.643
0.644
0.645
0.646
0.648
0.649
0.65
0.651
0.652
0.654
0.655
0.656
0.657
0.658
0.66
0.661
0.662
0.663
0.664
0.665
0.667
0.668
0.669
0.67
0.671
0.673
0.674
0.675
0.676
0.677
0.679
0.68
0.681
0.682
0.683
0.685
0.686
0.687
0.688
0.689
0.69
0.692
0.693
0.694
0.695
0.696
0.698
0.699
0.7
0.701
0.702
0.704
0.705
0.706
0.707
0.708
0.71
0.711
0.712
0.713
0.714
0.717
0.72
0.722
0.725
0.728
0.73
0.733
0.736
0.738
0.741
0.744
0.746
0.749
0.752
0.754
0.757
0.76
0.763
0.765
0.768
0.771
0.773
0.776
0.779
0.781
0.784
0.787
0.789
0.792
0.795
0.797
0.8
0.791
0.781
0.772
0.763
0.753
0.744
0.735
0.726
0.716
0.707
0.698
0.688
0.679
0.67
0.66
0.651
0.642
0.633
0.623
0.614
0.605
0.595
0.586
0.577
0.567
0.558
0.549
0.54
0.53
0.521
0.512
0.502
0.493
0.484
0.474
0.465
0.456
0.447
0.437
0.428
0.419
0.409
0.4
0.404
0.408
0.412
0.416
0.42
0.424
0.428
0.432
0.436
0.439
0.443
0.447
0.451
0.455
0.459
0.463
0.467
0.471
0.475
0.479
0.483
0.487
0.491
0.495
0.499
0.503
0.507
0.511
0.514
0.518
0.522
0.526
0.53
0.534
0.538
0.542
0.546
0.55
0.554
0.558
0.562
0.566
0.57
0.574
0.578
0.582
0.586
0.589
0.593
0.597
0.601
0.605
0.609
0.613
0.617
0.621
0.625
0.629
0.633
0.637
0.641
0.645
0.649
0.653
0.657
0.661
0.664
0.668
0.672
0.676
0.68
0.684
0.688
0.692
0.696
0.7
0.704
0.708
0.712
0.716
0.72
0.724
0.728
0.732
0.736
0.739
0.743
0.747
0.751
0.755
0.759
0.763
0.767
0.771
0.775
0.779
0.783
0.787
0.791
0.795
0.799
0.803
0.807
0.811
0.814
0.818
0.822
0.826
0.83
0.834
0.838
0.842
0.846
0.85
0.854
0.858
0.862
0.866
0.87
0.874
0.878
0.882
0.886
0.889
0.893
0.897
0.901
0.905
0.909
0.913
0.917
0.921
0.925
0.929
0.933
0.937
0.941
0.945
0.949
0.953
0.957
0.961
0.964
0.968
0.972
0.976
0.98
0.984
0.988
0.992
0.996
1.0
0.992
0.984
0.977
0.969
0.961
0.953
0.945
0.938
0.93
0.922
0.914
0.906
0.898
0.891
0.883
0.875
0.867
0.859
0.852
0.844
0.836
0.828
0.82
0.812
0.805
0.797
0.789
0.781
0.773
0.766
0.758
0.75
0.742
0.734
0.727
0.719
0.711
0.703
0.695
0.688
0.68
0.672
0.664
0.656
0.648
0.641
0.633
0.625
0.617
0.609
0.602
0.594
0.586
0.578
0.57
0.562
0.555
0.547
0.539
0.531
0.523
0.516
0.508
0.5
0.5
0.5
0.5
0.5
0.5
0.5
0.5
0.5
0.5
0.5
0.5
0.5
0.5
0.5
0.5
0.5
0.5
0.5
0.5
0.5
0.5
0.5
0.5
0.5
0.5
0.5
0.5
0.5
0.5
0.5
0.5
0.5
0.5
0.5
0.5
0.5
0.5
0.5
0.5
0.5
0.5
0.5
0.5
0.5
0.5
0.5
0.498
0.495
0.493
0.49
0.488
0.485
0.483
0.48
0.478
0.475
0.473
0.47
0.468
0.466
0.463
0.461
0.458
0.456
0.453
0.451
0.448
0.446
0.443
0.441
0.438
0.436
0.433
0.431
0.429
0.429
0.429
0.429
0.429
0.429
0.429
0.429
0.429
0.429
0.429
0.429
0.429
0.429
0.429
0.429
0.429
0.429
0.429
0.429
0.429
0.429
0.429
0.429
0.429
0.429
0.429
0.429
0.429
0.429
0.429
0.429
0.429
0.429
0.429
0.429
0.429
0.429
0.429
0.429
0.429
0.429
0.429
0.429
0.429
0.429
0.429
0.43
0.43
0.431
0.431
0.432
0.432
0.433
0.433
0.434
0.434
0.435
0.435
0.436
0.436
0.437
0.437
0.438
0.438
0.439
0.44
0.44
0.441
0.441
0.442
0.442
0.443
0.443
0.444
0.444
0.445
0.445
0.446
0.446
0.447
0.447
0.448
0.448
0.449
0.449
0.45
0.45
0.451
0.452
0.452
0.453
0.453
0.454
0.454
0.455
0.455
0.456
0.456
0.457
0.457
0.458
0.458
0.459
0.459
0.46
0.46
0.461
0.461
0.462
0.462
0.463
0.464
0.464
0.465
0.465
0.466
0.466
0.467
0.467
0.468
0.468
0.469
0.469
0.47
0.47
0.471
0.471
0.472
0.472
0.473
0.473
0.474
0.474
0.475
0.475
0.476
0.477
0.477
0.478
0.478
0.479
0.479
0.48
0.48
0.481
0.481
0.482
0.482
0.483
0.483
0.484
0.484
0.485
0.485
0.486
0.486
0.487
0.487
0.488
0.489
0.489
0.49
0.49
0.491
0.491
0.492
0.492
0.493
0.493
0.494
0.494
0.495
0.495
0.496
0.496
0.497
0.497
0.498
0.498
0.499
0.499
0.5
0.493
0.487
0.48
0.474
0.467
0.461
0.454
0.447
0.441
0.434
0.428
0.421
0.414
0.408
0.401
0.395
0.388
0.382
0.375
0.368
0.362
0.355
0.349
0.342
0.336
0.329
0.322
0.316
0.309
0.303
0.296
0.289
0.283
0.276
0.27
0.263
0.257
0.25
0.263
0.277
0.29
0.304
0.317
0.33
0.344
0.357
0.371
0.384
0.398
0.411
0.424
0.438
0.451
0.465
0.478
0.491
0.505
0.518
0.532
0.545
0.559
0.572
0.585
0.599
0.612
0.626
0.639
0.652
0.666
0.679
0.693
0.706
0.72
0.733
0.746
0.76
0.773
0.787
0.8
0.8
0.8
0.8
0.8
0.8
0.8
0.8
0.8
0.8
0.8
0.8
0.8
0.8
0.8
0.8
0.8
0.8
0.8
0.8
0.8
0.8
0.8
0.8
0.8
0.8
0.8
0.8
0.8
0.8
0.8
0.8
0.8
0.8
0.8
0.8
0.8
0.8
0.8
0.8
0.8
0.8
0.8
0.8
0.8
0.799
0.799
0.799
0.799
0.798
0.798
0.798
0.798
0.798
0.797
0.797
0.797
0.797
0.796
0.796
0.796
0.796
0.796
0.795
0.795
0.795
0.795
0.794
0.794
0.794
0.794
0.794
0.793
0.793
0.793
0.793
0.792
0.792
0.792
0.792
0.792
0.791
0.791
0.791
0.791
0.79
0.79
0.79
0.79
0.79
0.789
0.789
0.789
0.789
0.788
0.788
0.788
0.788
0.788
0.787
0.787
0.787
0.787
0.786
0.786
0.786
0.786
0.786
0.785
0.785
0.785
0.785
0.784
0.784
0.784
0.784
0.784
0.783
0.783
0.783
0.783
0.782
0.782
0.782
0.782
0.782
0.781
0.781
0.781
0.781
0.78
0.78
0.78
0.78
0.78
0.779
0.779
0.779
0.779
0.778
0.778
0.778
0.778
0.778
0.777
0.777
0.777
0.777
0.776
0.776
0.776
0.776
0.776
0.775
0.775
0.775
0.775
0.774
0.774
0.774
0.774
0.774
0.773
0.773
0.773
0.773
0.772
0.772
0.772
0.772
0.772
0.771
0.771
0.771
0.771
0.77
0.77
0.77
0.77
0.77
0.769
0.769
0.769
0.769
0.768
0.768
0.768
0.768
0.768
0.767
0.767
0.767
0.767
0.766
0.766
0.766
0.766
0.766
0.765
0.765
0.765
0.765
0.764
0.764
0.764
0.764
0.764
0.763
0.763
0.763
0.763
0.762
0.762
0.762
0.762
0.762
0.761
0.761
0.761
0.761
0.76
0.76
0.76
0.76
0.76
0.759
0.759
0.759
0.759
0.758
0.758
0.758
0.758
0.758
0.757
0.757
0.757
0.757
0.756
0.756
0.756
0.756
0.756
0.755
0.755
0.755
0.755
0.754
0.754
0.754
0.754
0.754
0.753
0.753
0.753
0.753
0.752
0.752
0.752
0.752
0.752
0.751
0.751
0.751
0.751
0.75
0.75
0.75
0.735
0.719
0.704
0.688
0.673
0.657
0.642
0.626
0.611
0.595
0.58
0.564
0.549
0.533
0.518
0.502
0.487
0.471
0.456
0.44
0.425
0.41
0.394
0.379
0.363
0.348
0.332
0.317
0.301
0.286
0.31
0.335
0.36
0.384
0.409
0.433
0.458
0.483
0.507
0.532
0.557
0.581
0.606
0.631
0.655
0.68
0.704
0.729
0.754
0.778
0.803
0.828
0.852
0.877
0.901
0.926
0.951
0.975
1.0
0.982
0.964
0.945
0.927
0.909
0.891
0.873
0.855
0.836
0.818
0.8
0.782
0.764
0.745
0.727
0.709
0.691
0.673
0.655
0.636
0.618
0.6
0.605
0.61
0.615
0.621
0.626
0.631
0.636
0.641
0.646
0.651
0.657
0.662
0.667
0.672
0.677
0.682
0.687
0.693
0.698
0.703
0.708
0.713
0.718
0.723
0.729
0.734
0.739
0.744
0.749
0.754
0.759
0.765
0.77
0.775
0.78
0.785
0.79
0.795
0.801
0.806
0.811
0.816
0.821
0.826
0.831
0.837
0.842
0.847
0.852
0.857
0.838
0.82
0.801
0.782
0.764
0.745
0.726
0.707
0.689
0.67
0.651
0.633
0.614
0.595
0.577
0.558
0.539
0.52
0.502
0.483
0.464
0.446
0.427
0.408
0.389
0.371
0.352
0.333
0.333
0.332
0.332
0.331
0.331
0.33
0.33
0.33
0.329
0.329
0.328
0.328
0.327
0.327
0.326
0.326
0.325
0.325
0.324
0.324
0.323
0.323
0.322
0.322
0.322
0.321
0.321
0.32
0.32
0.319
0.319
0.318
0.318
0.317
0.317
0.316
0.316
0.315
0.315
0.314
0.314
0.313
0.313
0.313
0.312
0.312
0.311
0.311
0.31
0.31
0.309
0.309
0.308
0.308
0.307
0.307
0.306
0.306
0.305
0.305
0.304
0.304
0.304
0.303
0.303
0.302
0.302
0.301
0.301
0.3
0.3
0.299
0.299
0.298
0.298
0.297
0.297
0.296
0.296
0.296
0.295
0.295
0.294
0.294
0.293
0.293
0.292
0.292
0.291
0.291
0.29
0.29
0.289
0.289
0.288
0.288
0.287
0.287
0.287
0.286
0.286
0.285
0.285
0.284
0.284
0.283
0.283
0.282
0.282
0.281
0.281
0.28
0.28
0.279
0.279
0.278
0.278
0.278
0.277
0.277
0.276
0.276
0.275
0.275
0.274
0.274
0.273
0.273
0.272
0.272
0.271
0.271
0.27
0.27
0.27
0.269
0.269
0.268
0.268
0.267
0.267
0.266
0.266
0.265
0.265
0.264
0.264
0.263
0.263
0.262
0.262
0.261
0.261
0.261
0.26
0.26
0.259
0.259
0.258
0.258
0.257
0.257
0.256
0.256
0.255
0.255
0.254
0.254
0.253
0.253
0.252
0.252
0.252
0.251
0.251
0.25
0.25
0.249
0.249
0.248
0.248
0.247
0.247
0.246
0.246
0.245
0.245
0.244
0.244
0.243
0.243
0.243
0.242
0.242
0.241
0.241
0.24
0.24
0.239
0.239
0.238
0.238
0.237
0.237
0.236
0.236
0.235
0.235
0.235
0.234
0.234
0.233
0.233
0.232
0.232
0.231
0.231
0.23
0.23
0.229
0.229
0.228
0.228
0.227
0.227
0.226
0.226
0.226
0.225
0.225
0.224
0.224
0.223
0.223
0.222
0.224
0.227
0.229
0.231
0.233
0.235
0.237
0.239
0.241
0.244
0.246
0.248
0.25
0.252
0.254
0.256
0.259
0.261
0.263
0.265
0.267
0.269
0.271
0.274
0.276
0.278
0.28
0.282
0.284
0.286
0.289
0.291
0.293
0.295
0.297
0.299
0.301
0.304
0.306
0.308
0.31
0.312
0.314
0.316
0.319
0.321
0.323
0.325
0.327
0.329
0.331
0.334
0.336
0.338
0.34
0.342
0.344
0.346
0.349
0.351
0.353
0.355
0.357
0.359
0.361
0.364
0.366
0.368
0.37
0.372
0.374
0.376
0.379
0.381
0.383
0.385
0.387
0.389
0.391
0.394
0.396
0.398
0.4
0.403
0.405
0.408
0.411
0.413
0.416
0.418
0.421
0.424
0.426
0.429
0.432
0.434
0.437
0.439
0.442
0.445
0.447
0.45
0.453
0.455
0.458
0.461
0.463
0.466
0.468
0.471
0.474
0.476
0.479
0.482
0.484
0.487
0.489
0.492
0.495
0.497
0.5
0.5
0.5
0.5
0.5
0.5
0.5
0.5
0.5
0.5
0.5
0.5
0.5
0.5
0.5
0.5
0.5
0.5
0.5
0.5
0.5
0.5
0.5
0.5
0.5
0.5
0.5
0.5
0.5
0.5
0.5
0.5
0.5
0.5
0.5
0.5
0.5
0.5
0.5
0.5
0.5
0.5
0.5
0.5
0.5
0.5
0.5
0.5
0.5
0.5
0.5
0.5
0.5
0.5
0.5
0.5
0.5
0.5
0.5
0.5
0.5
0.5
0.5
0.5
0.5
0.5
0.5
0.5
0.5
0.5
0.5
0.5
0.5
0.5
0.5
0.5
0.5
0.5
0.5
0.5
0.5
0.5
0.5
0.5
0.5
0.5
0.5
0.5
0.5
0.5
0.5
0.5
0.5
0.5
0.5
0.5
0.5
0.5
0.5
0.503
0.506
0.509
0.512
0.516
0.519
0.522
0.525
0.528
0.531
0.534
0.538
0.541
0.544
0.547
0.55
0.553
0.556
0.559
0.562
0.566
0.569
0.572
0.575
0.578
0.581
0.584
0.588
0.591
0.594
0.597
0.6
0.596
0.591
0.587
0.583
0.578
0.574
0.57
0.565
0.561
0.557
0.552
0.548
0.543
0.539
0.535
0.53
0.526
0.522
0.517
0.513
0.509
0.504
0.5
0.512
0.523
0.535
0.546
0.558
0.569
0.581
0.592
0.604
0.615
0.627
0.638
0.65
0.662
0.673
0.685
0.696
0.708
0.719
0.731
0.742
0.754
0.765
0.777
0.788
0.8
0.783
0.767
0.75
0.733
0.717
0.7
0.683
0.667
0.65
0.633
0.617
0.6
0.583
0.567
0.55
0.533
0.517
0.5
0.483
0.467
0.45
0.433
0.417
0.4
0.405
0.409
0.414
0.418
0.423
0.427
0.432
0.436
0.441
0.445
0.45
0.455
0.459
0.464
0.468
0.473
0.477
0.482
0.486
0.491
0.495
0.5
0.505
0.509
0.514
0.518
0.523
0.527
0.532
0.536
0.541
0.545
0.55
0.555
0.559
0.564
0.568
0.573
0.577
0.582
0.586
0.591
0.595
0.6
0.605
0.609
0.614
0.618
0.623
0.627
0.632
0.636
0.641
0.645
0.65
0.655
0.659
0.664
0.668
0.673
0.677
0.682
0.686
0.691
0.695
0.7
0.705
0.709
0.714
0.718
0.723
0.727
0.732
0.736
0.741
0.745
0.75
0.747
0.744
0.741
0.738
0.735
0.732
0.729
0.726
0.724
0.721
0.718
0.715
0.712
0.709
0.706
0.703
0.7
0.697
0.694
0.691
0.688
0.685
0.682
0.679
0.676
0.674
0.671
0.668
0.665
0.662
0.659
0.656
0.653
0.65
0.647
0.644
0.641
0.638
0.635
0.632
0.629
0.626
0.624
0.621
0.618
0.615
0.612
0.609
0.606
0.603
0.6
0.597
0.594
0.591
0.588
0.585
0.582
0.579
0.576
0.574
0.571
0.568
0.565
0.562
0.559
0.556
0.553
0.55
0.547
0.544
0.541
0.538
0.535
0.532
0.529
0.526
0.524
0.521
0.518
0.515
0.512
0.509
0.506
0.503
0.5
0.496
0.492
0.488
0.484
0.48
0.476
0.472
0.468
0.464
0.46
0.456
0.452
0.448
0.444
0.44
0.436
0.432
0.428
0.424
0.42
0.416
0.412
0.409
0.405
0.401
0.397
0.393
0.389
0.385
0.381
0.377
0.373
0.369
0.365
0.361
0.357
0.353
0.349
0.345
0.341
0.337
0.333
0.329
0.325
0.321
0.317
0.313
0.309
0.305
0.301
0.297
0.293
0.289
0.285
0.281
0.277
0.273
0.269
0.265
0.261
0.257
0.253
0.249
0.245
0.241
0.238
0.234
0.23
0.226
0.222
0.218
0.214
0.21
0.206
0.202
0.198
0.194
0.19
0.186
0.182
0.204
0.226
0.248
0.27
0.292
0.314
0.337
0.359
0.381
0.403
0.425
0.447
0.469
0.491
0.514
0.536
0.558
0.58
0.602
0.624
0.646
0.668
0.69
0.713
0.735
0.757
0.779
0.801
0.823
0.845
0.867
0.889
0.912
0.934
0.956
0.978
1.0
0.954
0.908
0.862
0.815
0.769
0.723
0.677
0.631
0.585
0.538
0.492
0.446
0.4
0.399
0.398
0.396
0.395
0.394
0.393
0.392
0.39
0.389
0.388
0.387
0.385
0.384
0.383
0.382
0.381
0.379
0.378
0.377
0.376
0.375
0.373
0.372
0.371
0.37
0.368
0.367
0.366
0.365
0.364
0.362
0.361
0.36
0.359
0.358
0.356
0.355
0.354
0.353
0.352
0.35
0.349
0.348
0.347
0.345
0.344
0.343
0.342
0.341
0.339
0.338
0.337
0.336
0.335
0.333
0.337
0.34
0.344
0.347
0.351
0.354
0.358
0.361
0.365
0.368
0.372
0.375
0.378
0.382
0.385
0.389
0.392
0.396
0.399
0.403
0.406
0.41
0.413
0.417
0.42
0.424
0.427
0.431
0.434
0.438
0.441
0.444
0.448
0.451
0.455
0.458
0.462
0.465
0.469
0.472
0.476
0.479
0.483
0.486
0.49
0.493
0.497
0.5
0.5
0.5
0.5
0.5
0.5
0.5
0.5
0.5
0.5
0.5
0.5
0.5
0.5
0.504
0.507
0.511
0.514
0.518
0.521
0.525
0.528
0.532
0.535
0.539
0.542
0.546
0.549
0.553
0.557
0.56
0.564
0.567
0.571
0.574
0.578
0.581
0.585
0.588
0.592
0.595
0.599
0.603
0.606
0.61
0.613
0.617
0.62
0.624
0.627
0.631
0.634
0.638
0.641
0.645
0.648
0.652
0.656
0.659
0.663
0.666
0.67
0.673
0.677
0.68
0.684
0.687
0.691
0.694
0.698
0.702
0.705
0.709
0.712
0.716
0.719
0.723
0.726
0.73
0.733
0.737
0.74
0.744
0.747
0.751
0.755
0.758
0.762
0.765
0.769
0.772
0.776
0.779
0.783
0.786
0.79
0.793
0.797
0.801
0.804
0.808
0.811
0.815
0.818
0.822
0.825
0.829
0.832
0.836
0.839
0.843
0.846
0.85
0.854
0.857
0.861
0.864
0.868
0.871
0.875
0.878
0.882
0.885
0.889
0.879
0.869
0.859
0.849
0.839
0.829
0.819
0.809
0.799
0.789
0.779
0.769
0.759
0.749
0.739
0.729
0.719
0.709
0.699
0.689
0.679
0.67
0.66
0.65
0.64
0.63
0.62
0.61
0.6
0.59
0.58
0.57
0.56
0.55
0.54
0.53
0.52
0.51
0.5
0.502
0.504
0.506
0.508
0.51
0.512
0.513
0.515
0.517
0.519
0.521
0.523
0.525
0.527
0.529
0.531
0.533
0.535
0.537
0.538
0.54
0.542
0.544
0.546
0.548
0.55
0.552
0.554
0.556
0.558
0.56
0.562
0.563
0.565
0.567
0.569
0.571
0.573
0.575
0.577
0.579
0.581
0.583
0.585
0.587
0.588
0.59
0.592
0.594
0.596
0.598
0.6
0.614
0.628
0.641
0.655
0.669
0.683
0.697
0.71
0.724
0.738
0.752
0.766
0.779
0.793
0.807
0.821
0.834
0.848
0.862
0.876
0.89
0.903
0.917
0.931
0.945
0.959
0.972
0.986
1.0
0.971
0.943
0.914
0.886
0.857
0.829
0.8
0.771
0.743
0.714
0.686
0.657
0.629
0.6
0.571
0.543
0.514
0.486
0.457
0.429
0.4
0.371
0.343
0.314
0.286
0.292
0.298
0.304
0.31
0.316
0.322
0.328
0.334
0.34
0.346
0.353
0.359
0.365
0.371
0.377
0.383
0.389
0.395
0.401
0.407
0.413
0.419
0.425
0.432
0.438
0.444
0.45
0.456
0.462
0.468
0.474
0.48
0.486
0.492
0.498
0.504
0.51
0.517
0.523
0.529
0.535
0.541
0.547
0.553
0.559
0.565
0.571
0.577
0.583
0.589
0.596
0.602
0.608
0.614
0.62
0.626
0.632
0.638
0.644
0.65
0.656
0.662
0.668
0.675
0.681
0.687
0.693
0.699
0.705
0.711
0.717
0.723
0.729
0.735
0.741
0.747
0.753
0.76
0.766
0.772
0.778
0.782
0.786
0.789
0.793
0.797
0.801
0.805
0.809
0.813
0.817
0.821
0.825
0.828
0.832
0.836
0.84
0.844
0.848
0.852
0.856
0.86
0.864
0.867
0.871
0.875
0.879
0.883
0.887
0.891
0.895
0.899
0.903
0.906
0.91
0.914
0.918
0.922
0.926
0.93
0.934
0.938
0.942
0.945
0.949
0.953
0.957
0.961
0.965
0.969
0.973
0.977
0.981
0.984
0.988
0.992
0.996
1.0
0.999
0.997
0.996
0.995
0.994
0.992
0.991
0.99
0.988
0.987
0.986
0.985
0.983
0.982
0.981
0.979
0.978
0.977
0.976
0.974
0.973
0.972
0.97
0.969
0.968
0.967
0.965
0.964
0.963
0.961
0.96
0.959
0.958
0.956
0.955
0.954
0.952
0.951
0.95
0.949
0.947
0.946
0.945
0.943
0.942
0.941
0.94
0.938
0.937
0.936
0.934
0.933
0.932
0.931
0.929
0.928
0.927
0.925
0.924
0.923
0.921
0.92
0.919
0.918
0.916
0.915
0.914
0.912
0.911
0.91
0.909
0.907
0.906
0.905
0.903
0.902
0.901
0.9
0.898
0.897
0.896
0.894
0.893
0.892
0.891
0.889
0.888
0.887
0.885
0.884
0.883
0.882
0.88
0.879
0.878
0.876
0.875
0.874
0.873
0.871
0.87
0.869
0.867
0.866
0.865
0.864
0.862
0.861
0.86
0.858
0.857
0.856
0.855
0.853
0.852
0.851
0.849
0.848
0.847
0.846
0.844
0.843
0.842
0.84
0.839
0.838
0.837
0.835
0.834
0.833
0.831
0.83
0.829
0.828
0.826
0.825
0.824
0.822
0.821
0.82
0.819
0.817
0.816
0.815
0.813
0.812
0.811
0.81
0.808
0.807
0.806
0.804
0.803
0.802
0.801
0.799
0.798
0.797
0.795
0.794
0.793
0.792
0.79
0.789
0.788
0.786
0.785
0.784
0.782
0.781
0.78
0.779
0.777
0.776
0.775
0.773
0.772
0.771
0.77
0.768
0.767
0.766
0.764
0.763
0.762
0.761
0.759
0.758
0.757
0.755
0.754
0.753
0.752
0.75
0.749
0.748
0.746
0.745
0.744
0.743
0.741
0.74
0.739
0.737
0.736
0.735
0.734
0.732
0.731
0.73
0.728
0.727
0.726
0.725
0.723
0.722
0.721
0.719
0.718
0.717
0.716
0.714
0.713
0.712
0.71
0.709
0.708
0.707
0.705
0.704
0.703
0.701
0.7
0.699
0.698
0.696
0.695
0.694
0.692
0.691
0.69
0.689
0.687
0.686
0.685
0.683
0.682
0.681
0.68
0.678
0.677
0.676
0.674
0.673
0.672
0.671
0.669
0.668
0.667
0.667
0.668
0.669
0.67
0.67
0.671
0.672
0.672
0.673
0.674
0.674
0.675
0.676
0.677
0.677
0.678
0.679
0.679
0.68
0.681
0.682
0.682
0.683
0.684
0.684
0.685
0.686
0.687
0.687
0.688
0.689
0.689
0.69
0.691
0.692
0.692
0.693
0.694
0.694
0.695
0.696
0.697
0.697
0.698
0.699
0.699
0.7
0.701
0.701
0.702
0.703
0.704
0.704
0.705
0.706
0.706
0.707
0.708
0.709
0.709
0.71
0.711
0.711
0.712
0.713
0.714
0.714
0.714
0.713
0.712
0.712
0.711
0.71
0.71
0.709
0.708
0.708
0.707
0.706
0.706
0.705
0.705
0.704
0.703
0.703
0.702
0.701
0.701
0.7
0.699
0.699
0.698
0.697
0.697
0.696
0.695
0.695
0.694
0.693
0.693
0.692
0.691
0.691
0.69
0.689
0.689
0.688
0.688
0.687
0.686
0.686
0.685
0.684
0.684
0.683
0.682
0.682
0.681
0.68
0.68
0.679
0.678
0.678
0.677
0.676
0.676
0.675
0.674
0.674
0.673
0.673
0.672
0.671
0.671
0.67
0.669
0.669
0.668
0.667
0.667
0.668
0.669
0.67
0.672
0.673
0.674
0.675
0.676
0.678
0.679
0.68
0.681
0.683
0.684
0.685
0.686
0.687
0.689
0.69
0.691
0.692
0.694
0.695
0.696
0.697
0.698
0.7
0.701
0.702
0.703
0.705
0.706
0.707
0.708
0.709
0.711
0.712
0.713
0.714
0.714
0.714
0.714
0.714
0.714
0.714
0.714
0.714
0.714
0.714
0.714
0.714
0.714
