0.0
0.006
0.012
0.018
0.024
0.03
0.036
0.042
0.049
0.055
0.061
0.067
0.073
0.079
0.085
0.091
0.097
0.103
0.109
0.116
0.122
0.128
0.134
0.14
0.146
0.152
0.158
0.164
0.171
0.177
0.183
0.189
0.195
0.201
0.207
0.213
0.219
0.225
0.231
0.238
0.244
0.25
0.256
0.262
0.268
0.274
0.28
0.286
0.292
0.298
0.304
0.31
0.316
0.322
0.328
0.334
0.34
0.346
0.352
0.358
0.364
0.37
0.375
0.381
0.387
0.393
0.399
0.405
0.411
0.416
0.422
0.428
0.434
0.44
0.445
0.451
0.457
0.462
0.468
0.474
0.48
0.485
0.491
0.496
0.502
0.508
0.513
0.519
0.524
0.53
0.535
0.541
0.546
0.552
0.557
0.562
0.568
0.573
0.579
0.584
0.589
0.594
0.6
0.605
0.61
0.615
0.621
0.626
0.631
0.636
0.641
0.646
0.651
0.656
0.661
0.666
0.671
0.676
0.681
0.686
0.691
0.695
0.7
0.705
0.71
0.714
0.719
0.724
0.728
0.733
0.737
0.742
0.746
0.751
0.755
0.76
0.764
0.768
0.773
0.777
0.781
0.786
0.79
0.794
0.798
0.802
0.806
0.81
0.814
0.818
0.822
0.826
0.83
0.834
0.837
0.841
0.845
0.849
0.852
0.856
0.859
0.863
0.867
0.87
0.873
0.877
0.88
0.883
0.887
0.89
0.893
0.896
0.899
0.902
0.905
0.908
0.911
0.914
0.917
0.92
0.923
0.926
0.928
0.931
0.934
0.936
0.939
0.941
0.944
0.946
0.948
0.951
0.953
0.955
0.957
0.959
0.961
0.963
0.965
0.967
0.969
0.971
0.973
0.975
0.976
0.978
0.98
0.981
0.983
0.984
0.985
0.987
0.988
0.989
0.99
0.992
0.993
0.994
0.995
0.996
0.997
0.997
0.998
0.999
1.0
1.0
1.001
1.001
1.002
1.002
1.002
1.003
1.003
1.003
1.003
1.003
1.003
1.003
1.003
1.003
1.003
1.002
1.002
1.002
1.001
1.001
1.0
0.999
0.999
0.998
0.997
0.996
0.995
0.994
0.993
0.992
0.991
0.99
0.989
0.987
0.986
0.985
0.983
0.982
0.98
0.979
0.977
0.975
0.974
0.972
0.97
0.969
0.967
0.965
0.963
0.961
0.959
0.957
0.955
0.953
0.951
0.949
0.947
0.945
0.943
0.941
0.938
0.936
0.934
0.932
0.929
0.927
0.925
0.923
0.92
0.918
0.916
0.913
0.911
0.909
0.906
0.904
0.902
0.899
0.897
0.895
0.892
0.89
0.888
0.885
0.883
0.881
0.878
0.876
0.874
0.871
0.869
0.867
0.865
0.862
0.86
0.858
0.856
0.854
0.852
0.849
0.847
0.845
0.843
0.841
0.839
0.837
0.835
0.833
0.831
0.83
0.828
0.826
0.824
0.822
0.821
0.819
0.817
0.816
0.814
0.813
0.811
0.81
0.808
0.807
0.805
0.804
0.802
0.801
0.8
0.799
0.797
0.796
0.795
0.794
0.792
0.791
0.79
0.789
0.788
0.787
0.786
0.785
0.784
0.783
0.782
0.781
0.78
0.779
0.778
0.778
0.777
0.776
0.775
0.774
0.774
0.773
0.772
0.771
0.771
0.77
0.77
0.769
0.768
0.768
0.767
0.767
0.766
0.766
0.765
0.765
0.764
0.764
0.763
0.763
0.762
0.762
0.762
0.761
0.761
0.761
0.76
0.76
0.76
0.759
0.759
0.759
0.759
0.758
0.758
0.758
0.758
0.757
0.757
0.757
0.757
0.757
0.757
0.756
0.756
0.756
0.756
0.756
0.756
0.756
0.756
0.756
0.756
0.755
0.755
0.755
0.755
0.755
0.755
0.755
0.755
0.755
0.755
0.755
0.755
0.755
0.755
0.755
0.755
0.755
0.755
0.755
0.755
0.755
0.755
0.755
0.755
0.755
0.755
0.755
0.755
0.755
0.755
0.755
0.755
0.755
0.755
0.755
0.755
0.755
0.755
0.755
0.755
0.755
0.755
0.755
0.755
0.755
0.755
0.755
0.755
0.755
0.755
0.755
0.755
0.754
0.754
0.754
0.754
0.754
0.754
0.754
0.754
0.754
0.753
0.753
0.753
0.753
0.753
0.753
0.752
0.752
0.752
0.752
0.751
0.751
0.751
0.751
0.75
0.75
0.75
0.749
0.749
0.749
0.748
0.748
0.747
0.747
0.747
0.746
0.746
0.745
0.745
0.744
0.744
0.743
0.743
0.742
0.742
0.741
0.741
0.74
0.739
0.739
0.738
0.738
0.737
0.736
0.736
0.735
0.734
0.733
0.733
0.732
0.731
0.73
0.73
0.729
0.728
0.727
0.726
0.725
0.724
0.724
0.723
0.722
0.721
0.72
0.719
0.718
0.717
0.716
0.715
0.714
0.713
0.712
0.711
0.71
0.709
0.707
0.706
0.705
0.704
0.703
0.702
0.7
0.699
0.698
0.697
0.696
0.694
0.693
0.692
0.69
0.689
0.688
0.686
0.685
0.684
0.682
0.681
0.679
0.678
0.676
0.675
0.673
0.672
0.67
0.669
0.667
0.666
0.664
0.662
0.661
0.659
0.658
0.656
0.654
0.652
0.651
0.649
0.647
0.646
0.644
0.642
0.64
0.638
0.636
0.635
0.633
0.631
0.629
0.627
0.625
0.623
0.621
0.619
0.617
0.615
0.613
0.611
0.609
0.607
0.605
0.603
0.601
0.598
0.596
0.594
0.592
0.59
0.587
0.585
0.583
0.581
0.578
0.576
0.574
0.571
0.569
0.567
0.564
0.562
0.559
0.557
0.555
0.552
0.55
0.547
0.545
0.542
0.539
0.537
0.534
0.532
0.529
0.526
0.524
0.521
0.518
0.516
0.513
0.51
0.508
0.505
0.502
0.499
0.496
0.494
0.491
0.488
0.485
0.482
0.479
0.477
0.474
0.471
0.468
0.465
0.462
0.459
0.456
0.453
0.45
0.447
0.444
0.441
0.438
0.435
0.432
0.429
0.425
0.422
0.419
0.416
0.413
0.41
0.407
0.403
0.4
0.397
0.394
0.391
0.387
0.384
0.381
0.378
0.374
0.371
0.368
0.364
0.361
0.358
0.354
0.351
0.348
0.344
0.341
0.337
0.334
0.331
0.327
0.324
0.32
0.317
0.314
0.31
0.307
0.303
0.3
0.296
0.293
0.289
0.286
0.282
0.279
0.275
0.271
0.268
0.264
0.261
0.257
0.254
0.25
0.246
0.243
0.239
0.236
0.232
0.228
0.225
0.221
0.217
0.214
0.21
0.206
0.203
0.199
0.195
0.192
0.188
0.184
0.181
0.177
0.173
0.169
0.166
0.162
0.158
0.154
0.151
0.147
0.143
0.139
0.136
0.132
0.128
0.124
0.121
0.117
0.113
0.109
0.105
0.102
0.098
0.094
0.09
0.086
0.083
0.079
0.075
0.071
0.067
0.064
0.06
0.056
0.052
0.048
0.044
0.041
0.037
0.033
0.029
0.025
0.021
0.018
0.014
0.01
0.006
0.002
-0.002
-0.005
-0.009
-0.013
-0.017
-0.021
-0.025
-0.029
-0.032
-0.036
-0.04
-0.044
-0.048
-0.052
-0.055
-0.059
-0.063
-0.067
-0.071
-0.075
-0.078
-0.082
-0.086
-0.09
-0.094
-0.098
-0.101
-0.105
-0.109
-0.113
-0.117
-0.121
-0.124
-0.128
-0.132
-0.136
-0.14
-0.143
-0.147
-0.151
-0.155
-0.159
-0.162
-0.166
-0.17
-0.174
-0.177
-0.181
-0.185
-0.189
-0.193
-0.196
-0.2
-0.204
-0.208
-0.211
-0.215
-0.219
-0.222
-0.226
-0.23
-0.234
-0.237
-0.241
-0.245
-0.248
-0.252
-0.256
-0.259
-0.263
-0.267
-0.27
-0.274
-0.278
-0.281
-0.285
-0.288
-0.292
-0.296
-0.299
-0.303
-0.306
-0.31
-0.314
-0.317
-0.321
-0.324
-0.328
-0.331
-0.335
-0.338
-0.342
-0.345
-0.349
-0.352
-0.356
-0.359
-0.363
-0.366
-0.37
-0.373
-0.376
-0.38
-0.383
-0.387
-0.39
-0.393
-0.397
-0.4
-0.403
-0.407
-0.41
-0.413
-0.417
-0.42
-0.423
-0.427
-0.43
-0.433
-0.436
-0.44
-0.443
-0.446
-0.449
-0.452
-0.456
-0.459
-0.462
-0.465
-0.468
-0.471
-0.475
-0.478
-0.481
-0.484
-0.487
-0.49
-0.493
-0.496
-0.499
-0.502
-0.505
-0.508
-0.511
-0.514
-0.517
-0.52
-0.523
-0.526
-0.528
-0.531
-0.534
-0.537
-0.54
-0.543
-0.545
-0.548
-0.551
-0.554
-0.556
-0.559
-0.562
-0.565
-0.567
-0.57
-0.573
-0.575
-0.578
-0.581
-0.583
-0.586
-0.588
-0.591
-0.593
-0.596
-0.598
-0.601
-0.603
-0.606
-0.608
-0.611
-0.613
-0.615
-0.618
-0.62
-0.622
-0.625
-0.627
-0.629
-0.632
-0.634
-0.636
-0.638
-0.641
-0.643
-0.645
-0.647
-0.649
-0.651
-0.653
-0.655
-0.658
-0.66
-0.662
-0.664
-0.666
-0.668
-0.669
-0.671
-0.673
-0.675
-0.677
-0.679
-0.681
-0.683
-0.684
-0.686
-0.688
-0.69
-0.691
-0.693
-0.695
-0.696
-0.698
-0.7
-0.701
-0.703
-0.704
-0.706
-0.707
-0.709
-0.71
-0.712
-0.713
-0.714
-0.716
-0.717
-0.719
-0.72
-0.721
-0.722
-0.724
-0.725
-0.726
-0.727
-0.728
-0.73
-0.731
-0.732
-0.733
-0.734
-0.735
-0.736
-0.737
-0.738
-0.739
-0.74
-0.74
-0.741
-0.742
-0.743
-0.744
-0.744
-0.745
-0.746
-0.747
-0.747
-0.748
-0.749
-0.749
-0.75
-0.75
-0.751
-0.751
-0.752
-0.752
-0.753
-0.753
-0.753
-0.754
-0.754
-0.754
-0.754
-0.755
-0.755
-0.755
-0.755
-0.755
-0.755
-0.756
-0.756
-0.756
-0.756
-0.756
-0.755
-0.755
-0.755
-0.755
-0.755
-0.755
-0.755
-0.754
-0.754
-0.754
-0.753
-0.753
-0.753
-0.752
-0.752
-0.751
-0.751
-0.75
-0.75
-0.749
-0.748
-0.748
-0.747
-0.746
-0.746
-0.745
-0.744
-0.743
-0.742
-0.741
-0.741
-0.74
-0.739
-0.738
-0.737
-0.735
-0.734
-0.733
-0.732
-0.731
-0.73
-0.728
-0.727
-0.726
-0.724
-0.723
-0.722
-0.72
-0.719
-0.717
-0.716
-0.714
-0.713
-0.711
-0.709
-0.708
-0.706
-0.704
-0.702
-0.7
-0.699
-0.697
-0.695
-0.693
-0.691
-0.689
-0.687
-0.685
-0.682
-0.68
-0.678
-0.676
-0.674
-0.671
-0.669
-0.667
-0.664
-0.662
-0.659
-0.657
-0.654
-0.652
-0.649
-0.646
-0.644
-0.641
-0.638
-0.636
-0.633
-0.63
-0.627
-0.624
-0.621
-0.618
-0.615
-0.612
-0.609
-0.606
-0.603
-0.599
-0.596
-0.593
-0.589
-0.586
-0.583
-0.579
-0.576
-0.572
-0.569
-0.565
-0.562
-0.558
-0.554
-0.55
-0.547
-0.543
-0.539
-0.535
-0.531
-0.527
-0.523
-0.519
-0.515
-0.511
-0.507
-0.503
-0.498
-0.494
-0.49
-0.485
-0.481
-0.477
-0.472
-0.468
-0.463
-0.459
-0.454
-0.449
-0.444
-0.44
-0.435
-0.43
-0.425
-0.42
-0.415
-0.41
-0.405
-0.4
-0.395
-0.39
-0.385
-0.38
-0.374
-0.369
-0.364
-0.358
-0.353
-0.347
-0.342
-0.336
-0.331
-0.325
-0.319
-0.313
-0.308
-0.302
-0.296
-0.29
-0.284
-0.278
-0.272
-0.266
-0.26
-0.254
-0.247
-0.241
-0.235
-0.228
-0.222
-0.216
-0.209
-0.203
-0.196
-0.189
-0.183
-0.176
-0.169
-0.163
-0.156
-0.149
-0.142
-0.135
-0.128
-0.121
-0.114
-0.107
-0.099
-0.092
-0.085
-0.077
-0.07
-0.063
-0.055
-0.048
-0.04
-0.032
-0.025
-0.017
-0.009
-0.002
0.006
0.014
0.022
0.03
0.038
0.046
0.054
0.063
0.071
0.079
0.087
0.096
0.104
0.113
0.121
0.13
0.138
0.147
0.156
0.164
0.173
0.182
0.191
0.2
0.209
0.218
0.227
0.236
0.245
0.255
0.264
0.273
0.282
0.291
0.3
0.309
0.319
0.328
0.337
0.346
0.354
0.363
0.372
0.381
0.389
0.398
0.406
0.415
0.423
0.431
0.439
0.447
0.455
0.462
0.47
0.477
0.484
0.491
0.498
0.505
0.511
0.517
0.523
0.529
0.535
0.54
0.545
0.55
0.555
0.56
0.564
0.568
0.571
0.575
0.578
0.581
0.584
0.586
0.588
0.59
0.592
0.593
0.594
0.595
0.596
0.596
0.597
0.597
0.597
0.596
0.596
0.595
0.594
0.593
0.591
0.59
0.588
0.586
0.584
0.582
0.579
0.577
0.574
0.571
0.568
0.565
0.562
0.558
0.554
0.551
0.547
0.543
0.539
0.534
0.53
0.525
0.521
0.516
0.511
0.506
0.501
0.496
0.491
0.486
0.48
0.475
0.469
0.464
0.458
0.453
0.447
0.441
0.435
0.429
0.423
0.417
0.411
0.405
0.399
0.393
0.387
0.381
0.375
0.369
0.362
0.356
0.35
0.344
0.338
0.332
0.326
0.32
0.314
0.308
0.302
0.296
0.29
0.284
0.278
0.272
0.267
0.261
0.256
0.25
0.245
0.239
0.234
0.229
0.224
0.219
0.214
0.209
0.204
0.199
0.195
0.191
0.186
0.182
0.178
0.174
0.17
0.167
0.163
0.16
0.157
0.153
0.15
0.148
0.145
0.142
0.14
0.137
0.135
0.133
0.131
0.129
0.127
0.125
0.124
0.122
0.121
0.119
0.118
0.117
0.116
0.115
0.114
0.113
0.112
0.111
0.111
0.11
0.11
0.109
0.109
0.108
0.108
0.108
0.108
0.107
0.107
0.107
0.107
0.107
0.107
0.107
0.107
0.108
0.108
0.108
0.108
0.108
0.108
0.109
0.109
0.109
0.109
0.11
0.11
0.11
0.11
0.111
0.111
0.111
0.111
0.111
0.111
0.112
0.112
0.112
0.112
0.112
0.112
0.112
0.112
0.113
0.113
0.113
0.113
0.113
0.114
0.114
0.114
0.115
0.115
0.116
0.116
0.117
0.118
0.118
0.119
0.12
0.121
0.122
0.123
0.125
0.126
0.127
0.129
0.13
0.132
0.134
0.136
0.138
0.14
0.142
0.145
0.147
0.15
0.153
0.156
0.159
0.162
0.166
0.169
0.173
0.177
0.181
0.185
0.189
0.194
0.199
0.204
0.209
0.214
0.22
0.225
0.231
0.237
0.243
0.25
0.257
0.264
0.271
0.278
0.286
0.293
0.301
0.309
0.317
0.325
0.333
0.342
0.35
0.358
0.367
0.376
0.384
0.393
0.402
0.41
0.419
0.427
0.436
0.444
0.453
0.461
0.47
0.478
0.486
0.494
0.502
0.51
0.517
0.525
0.532
0.539
0.546
0.552
0.559
0.565
0.571
0.577
0.582
0.588
0.592
0.597
0.601
0.605
0.609
0.612
0.615
0.618
0.62
0.622
0.623
0.624
0.625
0.625
0.625
0.624
0.623
0.621
0.619
0.617
0.614
0.611
0.608
0.604
0.6
0.595
0.59
0.585
0.58
0.574
0.568
0.562
0.555
0.548
0.541
0.534
0.527
0.519
0.511
0.503
0.495
0.486
0.478
0.469
0.46
0.451
0.442
0.433
0.424
0.414
0.405
0.395
0.386
0.376
0.367
0.357
0.347
0.338
0.328
0.319
0.309
0.299
0.29
0.28
0.271
0.262
0.253
0.244
0.235
0.226
0.217
0.208
0.2
0.192
0.184
0.176
0.168
0.161
0.153
0.146
0.14
0.133
0.127
0.121
0.115
0.11
0.104
0.1
0.095
0.091
0.087
0.084
0.08
0.078
0.075
0.073
0.071
0.069
0.068
0.067
0.066
0.066
0.066
0.066
0.067
0.067
0.068
0.07
0.071
0.073
0.075
0.077
0.08
0.083
0.086
0.089
0.093
0.096
0.1
0.105
0.109
0.113
0.118
0.123
0.128
0.134
0.139
0.145
0.151
0.157
0.163
0.17
0.176
0.183
0.19
0.197
0.204
0.211
0.219
0.227
0.234
0.242
0.25
0.258
0.266
0.274
0.283
0.291
0.3
0.308
0.317
0.326
0.335
0.344
0.353
0.362
0.371
0.38
0.389
0.398
0.408
0.417
0.426
0.436
0.445
0.454
0.464
0.473
0.483
0.492
0.501
0.511
0.52
0.53
0.539
0.548
0.558
0.567
0.576
0.585
0.594
0.603
0.612
0.621
0.63
0.639
0.648
0.656
0.665
0.673
0.682
0.69
0.698
0.706
0.714
0.722
0.73
0.738
0.745
0.752
0.76
0.767
0.774
0.781
0.788
0.794
0.801
0.808
0.814
0.82
0.826
0.832
0.838
0.844
0.85
0.856
0.861
0.866
0.872
0.877
0.882
0.887
0.892
0.896
0.901
0.905
0.91
0.914
0.918
0.922
0.926
0.93
0.934
0.937
0.941
0.944
0.948
0.951
0.954
0.957
0.96
0.962
0.965
0.967
0.97
0.972
0.974
0.976
0.978
0.98
0.982
0.984
0.985
0.987
0.988
0.989
0.99
0.991
0.992
0.993
0.994
0.994
0.995
0.995
0.996
0.996
0.996
0.996
0.996
0.995
0.995
0.995
0.994
0.993
0.992
0.992
0.991
0.99
0.988
0.987
0.986
0.984
0.982
0.981
0.979
0.977
0.975
0.973
0.971
0.968
0.966
0.963
0.961
0.958
0.955
0.952
0.949
0.946
0.943
0.939
0.936
0.932
0.929
0.925
0.921
0.917
0.913
0.909
0.905
0.9
0.896
0.891
0.886
0.882
0.877
0.872
0.867
0.862
0.856
0.851
0.846
0.84
0.834
0.829
0.823
0.817
0.811
0.805
0.798
0.792
0.785
0.779
0.772
0.766
0.759
0.752
0.745
0.738
0.73
0.723
0.716
0.708
0.701
0.693
0.685
0.677
0.669
0.661
0.653
0.645
0.636
0.628
0.619
0.61
0.602
0.593
0.584
0.575
0.566
0.556
0.547
0.538
0.528
0.519
0.509
0.499
0.489
0.479
0.469
0.459
0.449
0.438
0.428
0.417
0.407
0.396
0.385
0.374
0.363
0.352
0.341
0.33
0.318
0.307
0.295
0.284
0.272
0.26
0.248
0.236
0.224
0.212
0.2
0.187
0.175
0.162
0.15
0.137
0.124
0.111
0.098
0.085
0.072
0.059
0.045
0.032
0.018
0.005
-0.009
-0.023
-0.036
-0.05
-0.064
-0.078
-0.092
-0.106
-0.12
-0.135
-0.149
-0.163
-0.177
-0.192
-0.206
-0.221
-0.235
-0.25
-0.264
-0.279
-0.294
-0.308
-0.323
-0.338
-0.353
-0.367
-0.382
-0.397
-0.412
-0.427
-0.442
-0.456
-0.471
-0.486
-0.501
-0.516
-0.531
-0.546
-0.561
-0.575
-0.59
-0.605
-0.62
-0.635
-0.65
-0.664
-0.679
-0.694
-0.709
-0.723
-0.738
-0.752
-0.767
-0.782
-0.796
-0.81
-0.825
-0.839
-0.854
-0.868
-0.882
-0.896
-0.91
-0.924
-0.938
-0.952
-0.966
-0.98
-0.994
-1.007
-1.021
-1.034
-1.048
-1.061
-1.074
-1.088
-1.101
-1.114
-1.127
-1.139
-1.152
-1.165
-1.177
-1.19
-1.202
-1.214
-1.227
-1.239
-1.25
-1.262
-1.274
-1.286
-1.297
-1.308
-1.32
-1.331
-1.342
-1.352
-1.363
-1.374
-1.384
-1.395
-1.405
-1.415
-1.425
-1.434
-1.444
-1.453
-1.463
-1.472
-1.481
-1.49
-1.498
-1.507
-1.515
-1.523
-1.531
-1.539
-1.547
-1.554
-1.562
-1.569
-1.576
-1.582
-1.589
-1.595
-1.602
-1.608
-1.613
-1.619
-1.625
-1.63
-1.635
-1.64
-1.644
-1.649
-1.653
-1.657
-1.661
-1.664
-1.668
-1.671
-1.674
-1.676
-1.679
-1.681
-1.683
-1.685
-1.686
-1.688
-1.689
-1.689
-1.69
-1.69
-1.69
-1.69
-1.69
-1.689
-1.688
-1.687
-1.686
-1.684
-1.682
-1.68
-1.677
-1.675
-1.671
-1.668
-1.665
-1.661
-1.657
-1.652
-1.647
-1.642
-1.637
-1.632
-1.626
-1.62
-1.613
-1.606
-1.599
-1.592
-1.584
-1.576
-1.568
-1.559
-1.55
-1.541
-1.532
-1.522
-1.512
-1.501
-1.49
-1.479
-1.468
-1.456
-1.444
-1.431
-1.418
-1.405
-1.392
-1.378
-1.364
-1.349
-1.334
-1.319
-1.303
-1.287
-1.271
-1.254
-1.237
-1.22
-1.202
-1.184
-1.165
-1.147
-1.127
-1.108
-1.088
-1.067
-1.046
-1.025
-1.004
-0.982
-0.959
-0.937
-0.913
-0.89
-0.866
-0.842
-0.817
-0.792
-0.766
-0.74
-0.714
-0.687
-0.66
-0.632
-0.604
-0.576
-0.547
-0.517
-0.488
-0.458
-0.427
-0.396
-0.364
-0.332
-0.3
-0.267
-0.234
-0.2
-0.166
-0.131
-0.096
-0.061
-0.025
0.012
0.049
0.086
0.124
0.162
0.201
0.24
0.28
0.32
0.361
0.402
0.444
0.486
0.528
0.571
0.615
0.662
0.714
0.773
0.839
0.912
0.99
1.073
1.16
1.252
1.346
1.443
1.543
1.643
1.744
1.846
1.947
2.047
2.145
2.241
2.334
2.424
2.509
2.59
2.665
2.734
2.797
2.852
2.9
2.939
2.969
2.99
3.0
2.999
2.987
2.962
2.925
2.874
2.81
2.73
2.636
2.526
2.399
2.255
2.094
1.914
1.715
1.497
1.259
1.0
0.722
0.439
0.167
-0.082
-0.306
-0.505
-0.68
-0.832
-0.963
-1.073
-1.162
-1.232
-1.285
-1.319
-1.338
-1.34
-1.329
-1.303
-1.265
-1.214
-1.153
-1.082
-1.001
-0.912
-0.816
-0.713
-0.605
-0.492
-0.375
-0.256
-0.134
-0.012
0.111
0.233
0.355
0.475
0.595
0.714
0.832
0.95
1.066
1.182
1.297
1.412
1.526
1.639
1.751
1.862
1.973
2.083
2.192
2.301
2.409
2.516
2.622
2.727
2.832
2.936
3.04
3.142
3.244
3.346
3.446
3.546
3.645
3.743
3.841
3.938
4.034
4.13
4.224
4.318
4.412
4.505
4.597
4.688
4.779
4.868
4.958
5.046
5.134
5.221
5.308
5.394
5.479
5.563
5.647
5.73
5.812
5.894
5.975
6.056
6.135
6.215
6.293
6.371
6.448
6.524
6.6
6.675
6.75
6.824
6.897
6.969
7.041
7.113
7.183
7.253
7.322
7.391
7.459
7.527
7.594
7.66
7.725
7.79
7.855
7.918
7.981
8.044
8.106
8.167
8.228
8.288
8.347
8.406
8.464
8.522
8.579
8.635
8.691
8.746
8.801
8.855
8.908
8.961
9.013
9.065
9.116
9.167
9.216
9.266
9.315
9.363
9.41
9.458
9.504
9.55
9.595
9.64
9.684
9.728
9.771
9.814
9.856
9.897
9.938
9.978
10.018
10.058
10.096
10.135
10.172
10.209
10.246
10.282
10.317
10.352
10.387
10.421
10.454
10.487
10.519
10.551
10.583
10.613
10.644
10.673
10.703
10.731
10.76
10.787
10.815
10.841
10.868
10.893
10.919
10.943
10.968
10.991
11.015
11.037
11.06
11.081
11.103
11.124
11.144
11.164
11.183
11.202
11.221
11.239
11.256
11.273
11.29
11.306
11.322
11.337
11.352
11.366
11.38
11.393
11.406
11.419
11.431
11.443
11.454
11.464
11.475
11.485
11.494
11.503
11.512
11.52
11.527
11.535
11.542
11.548
11.554
11.56
11.565
11.569
11.574
11.578
11.581
11.584
11.587
11.589
11.591
11.593
11.594
11.595
11.595
11.595
11.594
11.593
11.592
11.591
11.588
11.586
11.583
11.58
11.577
11.573
11.568
11.564
11.559
11.553
11.547
11.541
11.535
11.528
11.521
11.513
11.505
11.497
11.488
11.479
11.47
11.46
11.45
11.44
11.429
11.418
11.406
11.395
11.382
11.37
11.357
11.344
11.331
11.317
11.303
11.289
11.274
11.259
11.244
11.228
11.212
11.196
11.179
11.162
11.145
11.127
11.11
11.092
11.073
11.054
11.035
11.016
10.997
10.977
10.956
10.936
10.915
10.894
10.873
10.851
10.83
10.807
10.785
10.762
10.739
10.716
10.693
10.669
10.645
10.621
10.596
10.571
10.546
10.521
10.495
10.47
10.444
10.417
10.391
10.364
10.337
10.31
10.282
10.254
10.227
10.198
10.17
10.141
10.112
10.083
10.054
10.024
9.995
9.965
9.934
9.904
9.873
9.842
9.811
9.78
9.749
9.717
9.685
9.653
9.621
9.588
9.556
9.523
9.49
9.456
9.423
9.389
9.355
9.322
9.287
9.253
9.218
9.184
9.149
9.114
9.079
9.043
9.008
8.972
8.936
8.9
8.864
8.828
8.791
8.754
8.718
8.681
8.644
8.606
8.569
8.531
8.494
8.456
8.418
8.38
8.342
8.303
8.265
8.226
8.187
8.149
8.11
8.07
8.031
7.992
7.952
7.913
7.873
7.833
7.793
7.753
7.713
7.673
7.633
7.592
7.552
7.511
7.471
7.43
7.389
7.348
7.307
7.266
7.224
7.183
7.142
7.1
7.059
7.017
6.975
6.934
6.892
6.85
6.808
6.766
6.724
6.682
6.639
6.597
6.555
6.512
6.47
6.427
6.385
6.342
6.3
6.257
6.214
6.172
6.129
6.086
6.043
6.0
5.957
5.915
5.872
5.829
5.786
5.743
5.7
5.656
5.613
5.57
5.527
5.484
5.441
5.398
5.355
5.312
5.268
5.225
5.182
5.139
5.096
5.053
5.01
4.967
4.924
4.881
4.838
4.795
4.752
4.709
4.666
4.623
4.58
4.537
4.494
4.451
4.408
4.366
4.323
4.28
4.238
4.195
4.153
4.11
4.068
4.025
3.983
3.941
3.899
3.857
3.814
3.772
3.73
3.689
3.647
3.605
3.563
3.522
3.48
3.439
3.397
3.356
3.315
3.274
3.233
3.192
3.151
3.11
3.069
3.029
2.988
2.948
2.907
2.867
2.827
2.787
2.747
2.707
2.668
2.628
2.589
2.549
2.51
2.471
2.432
2.393
2.355
2.316
2.278
2.239
2.201
2.163
2.125
2.087
2.05
2.012
1.975
1.937
1.9
1.863
1.827
1.79
1.754
1.717
1.681
1.645
1.609
1.574
1.538
1.503
1.467
1.432
1.398
1.363
1.328
1.294
1.26
1.226
1.192
1.159
1.125
1.092
1.059
1.026
0.994
0.961
0.929
0.897
0.865
0.833
0.802
0.771
0.74
0.709
0.678
0.648
0.617
0.587
0.558
0.528
0.499
0.469
0.44
0.411
0.383
0.354
0.326
0.298
0.27
0.243
0.215
0.188
0.161
0.134
0.107
0.081
0.054
0.028
0.002
-0.023
-0.049
-0.074
-0.1
-0.125
-0.149
-0.174
-0.198
-0.223
-0.247
-0.271
-0.294
-0.318
-0.341
-0.364
-0.387
-0.41
-0.433
-0.455
-0.477
-0.499
-0.521
-0.543
-0.564
-0.586
-0.607
-0.628
-0.649
-0.669
-0.69
-0.71
-0.73
-0.75
-0.77
-0.79
-0.809
-0.828
-0.847
-0.866
-0.885
-0.904
-0.922
-0.94
-0.958
-0.976
-0.994
-1.012
-1.029
-1.046
-1.063
-1.08
-1.097
-1.113
-1.13
-1.146
-1.162
-1.178
-1.194
-1.209
-1.225
-1.24
-1.255
-1.27
-1.285
-1.3
-1.314
-1.329
-1.343
-1.357
-1.371
-1.384
-1.398
-1.411
-1.425
-1.438
-1.451
-1.463
-1.476
-1.489
-1.501
-1.513
-1.525
-1.537
-1.549
-1.56
-1.572
-1.583
-1.594
-1.605
-1.616
-1.627
-1.638
-1.648
-1.658
-1.669
-1.679
-1.688
-1.698
-1.708
-1.717
-1.726
-1.736
-1.745
-1.754
-1.762
-1.771
-1.779
-1.788
-1.796
-1.804
-1.812
-1.82
-1.827
-1.835
-1.842
-1.85
-1.857
-1.864
-1.871
-1.877
-1.884
-1.891
-1.897
-1.903
-1.909
-1.915
-1.921
-1.927
-1.932
-1.938
-1.943
-1.948
-1.954
-1.959
-1.963
-1.968
-1.973
-1.977
-1.982
-1.986
-1.99
-1.994
-1.998
-2.002
-2.005
-2.009
-2.012
-2.016
-2.019
-2.022
-2.025
-2.028
-2.03
-2.033
-2.036
-2.038
-2.04
-2.042
-2.044
-2.046
-2.048
-2.05
-2.052
-2.053
-2.055
-2.056
-2.057
-2.058
-2.059
-2.06
-2.061
-2.061
-2.062
-2.062
-2.063
-2.063
-2.063
-2.063
-2.063
-2.063
-2.063
-2.062
-2.062
-2.061
-2.061
-2.06
-2.059
-2.058
-2.057
-2.056
-2.055
-2.054
-2.052
-2.051
-2.049
-2.047
-2.046
-2.044
-2.042
-2.04
-2.038
-2.035
-2.033
-2.031
-2.028
-2.026
-2.023
-2.02
-2.017
-2.014
-2.011
-2.008
-2.005
-2.002
-1.998
-1.995
-1.992
-1.988
-1.984
-1.981
-1.977
-1.973
-1.969
-1.965
-1.961
-1.956
-1.952
-1.948
-1.943
-1.939
-1.934
-1.929
-1.925
-1.92
-1.915
-1.91
-1.905
-1.9
-1.895
-1.889
-1.884
-1.879
-1.873
-1.868
-1.862
-1.856
-1.851
-1.845
-1.839
-1.833
-1.827
-1.821
-1.815
-1.809
-1.802
-1.796
-1.79
-1.783
-1.777
-1.77
-1.764
-1.757
-1.75
-1.743
-1.737
-1.73
-1.723
-1.716
-1.709
-1.701
-1.694
-1.687
-1.68
-1.672
-1.665
-1.657
-1.65
-1.642
-1.635
-1.627
-1.619
-1.612
-1.604
-1.596
-1.588
-1.58
-1.572
-1.564
-1.556
-1.548
-1.54
-1.531
-1.523
-1.515
-1.506
-1.498
-1.49
-1.481
-1.473
-1.464
-1.455
-1.447
-1.438
-1.429
-1.421
-1.412
-1.403
-1.394
-1.385
-1.376
-1.367
-1.358
-1.349
-1.34
-1.331
-1.322
-1.313
-1.303
-1.294
-1.285
-1.276
-1.266
-1.257
-1.248
-1.238
-1.229
-1.219
-1.21
-1.2
-1.191
-1.181
-1.171
-1.162
-1.152
-1.143
-1.133
-1.123
-1.113
-1.104
-1.094
-1.084
-1.074
-1.064
-1.055
-1.045
-1.035
-1.025
-1.015
-1.005
-0.995
-0.985
-0.975
-0.965
-0.955
-0.945
-0.935
-0.925
-0.915
-0.905
-0.895
-0.885
-0.875
-0.864
-0.854
-0.844
-0.834
-0.824
-0.814
-0.804
-0.793
-0.783
-0.773
-0.763
-0.753
-0.743
-0.732
-0.722
-0.712
-0.702
-0.692
-0.681
-0.671
-0.661
-0.651
-0.641
-0.63
-0.62
-0.61
-0.6
-0.59
-0.58
-0.569
-0.559
-0.549
-0.539
-0.529
-0.519
-0.509
-0.499
-0.488
-0.478
-0.468
-0.458
-0.448
-0.438
-0.428
-0.418
-0.408
-0.398
-0.388
-0.378
-0.368
-0.358
-0.348
-0.338
-0.329
-0.319
-0.309
-0.299
-0.289
-0.279
-0.27
-0.26
-0.25
-0.24
-0.231
-0.221
-0.211
-0.202
-0.192
-0.183
-0.173
-0.164
-0.154
-0.145
-0.135
-0.126
-0.117
-0.107
-0.098
-0.089
-0.079
-0.07
-0.061
-0.052
-0.043
-0.034
-0.024
-0.015
-0.006
0.003
0.011
0.02
0.029
0.038
0.047
0.056
0.064
0.073
0.081
0.09
0.099
0.107
0.116
0.124
0.132
0.141
0.149
0.157
0.165
0.174
0.182
0.19
0.198
0.206
0.214
0.222
0.229
0.237
0.245
0.253
0.26
0.268
0.275
0.283
0.29
0.298
0.305
0.312
0.319
0.327
0.334
0.341
0.348
0.355
0.362
0.368
0.375
0.382
0.389
0.395
0.402
0.408
0.414
0.421
0.427
0.433
0.439
0.446
0.452
0.458
0.463
0.469
0.475
0.481
0.486
0.492
0.497
0.503
0.508
0.513
0.519
0.524
0.529
0.534
0.539
0.544
0.548
0.553
0.558
0.562
0.567
0.571
0.576
0.58
0.584
0.588
0.592
0.596
0.6
0.604
0.607
0.611
0.615
0.618
0.622
0.625
0.628
0.631
0.634
0.637
0.64
0.643
0.646
0.649
0.651
0.654
0.657
0.659
0.661
0.664
0.666
0.668
0.67
0.672
0.674
0.676
0.678
0.68
0.682
0.683
0.685
0.687
0.688
0.69
0.691
0.692
0.693
0.695
0.696
0.697
0.698
0.699
0.7
0.701
0.702
0.702
0.703
0.704
0.704
0.705
0.706
0.706
0.707
0.707
0.707
0.708
0.708
0.708
0.708
0.708
0.708
0.708
0.708
0.708
0.708
0.708
0.708
0.708
0.708
0.707
0.707
0.707
0.706
0.706
0.705
0.705
0.704
0.704
0.703
0.703
0.702
0.701
0.701
0.7
0.699
0.699
0.698
0.697
0.696
0.695
0.694
0.693
0.692
0.691
0.69
0.689
0.688
0.687
0.686
0.685
0.684
0.683
0.682
0.681
0.679
0.678
0.677
0.676
0.675
0.673
0.672
0.671
0.669
0.668
0.667
0.666
0.664
0.663
0.662
0.66
0.659
0.658
0.656
0.655
0.654
0.652
0.651
0.649
0.648
0.647
0.645
0.644
0.643
0.641
0.64
0.639
0.637
0.636
0.634
0.633
0.632
0.63
0.629
0.628
0.627
0.625
0.624
0.623
0.621
0.62
0.619
0.618
0.617
0.615
0.614
0.613
0.612
0.611
0.61
0.609
0.607
0.606
0.605
0.604
0.603
0.602
0.601
0.6
0.599
0.598
0.597
0.596
0.596
0.595
0.594
0.593
0.592
0.591
0.59
0.589
0.589
0.588
0.587
0.586
0.586
0.585
0.584
0.583
0.583
0.582
0.581
0.581
0.58
0.579
0.579
0.578
0.577
0.577
0.576
0.576
0.575
0.574
0.574
0.573
0.573
0.572
0.572
0.571
0.571
0.57
0.57
0.569
0.569
0.569
0.568
0.568
0.567
0.567
0.567
0.566
0.566
0.565
0.565
0.565
0.564
0.564
0.564
0.563
0.563
0.563
0.563
0.562
0.562
0.562
0.562
0.561
0.561
0.561
0.561
0.561
0.56
0.56
0.56
0.56
0.56
0.56
0.559
0.559
0.559
0.559
0.559
0.559
0.559
0.559
0.559
0.558
0.558
0.558
0.558
0.558
0.558
0.558
0.558
0.558
0.558
0.558
0.558
0.558
0.558
0.558
0.558
0.558
0.558
0.558
0.558
0.558
0.558
0.558
0.558
0.558
0.558
0.559
0.559
0.559
0.559
0.559
0.559
0.559
0.559
0.559
0.559
0.559
0.56
0.56
0.56
0.56
0.56
0.56
0.56
0.561
0.561
0.561
0.561
0.561
0.561
0.561
0.562
0.562
0.562
0.562
0.562
0.562
0.563
0.563
0.563
0.563
0.563
0.563
0.564
0.564
0.564
0.564
0.564
0.565
0.565
0.565
0.565
0.565
0.566
0.566
0.566
0.566
0.566
0.567
0.567
0.567
0.567
0.567
0.568
0.568
0.568
0.568
0.568
0.569
0.569
0.569
0.569
0.569
0.57
0.57
0.57
0.57
0.57
0.571
0.571
0.571
0.571
0.571
0.572
0.572
0.572
0.572
0.572
0.572
0.573
0.573
0.573
0.573
0.573
0.573
0.574
0.574
0.574
0.574
0.574
0.574
0.575
0.575
0.575
0.575
0.575
0.575
0.575
0.575
0.576
0.576
0.576
0.576
0.576
0.576
0.576
0.576
0.576
0.576
0.576
0.577
0.577
0.577
0.577
0.577
0.577
0.577
0.577
0.577
0.577
0.577
0.577
0.577
0.577
0.577
0.577
0.577
0.577
0.577
0.577
0.577
0.577
0.577
0.577
0.577
0.577
0.576
0.576
0.576
0.576
0.576
0.576
0.576
0.576
0.576
0.575
0.575
0.575
0.575
0.575
0.575
0.574
0.574
0.574
0.574
0.574
0.573
0.573
0.573
0.573
0.572
0.572
0.572
0.572
0.571
0.571
0.571
0.57
0.57
0.57
0.569
0.569
0.568
0.568
0.568
0.567
0.567
0.566
0.566
0.566
0.565
0.565
0.564
0.564
0.563
0.563
0.562
0.562
0.561
0.561
0.56
0.559
0.559
0.558
0.558
0.557
0.556
0.556
0.555
0.554
0.554
0.553
0.552
0.552
0.551
0.55
0.549
0.549
0.548
0.547
0.546
0.545
0.545
0.544
0.543
0.542
0.541
0.54
0.539
0.538
0.538
0.537
0.536
0.535
0.534
0.533
0.532
0.531
0.53
0.529
0.527
0.526
0.525
0.524
0.523
0.522
0.521
0.52
0.518
0.517
0.516
0.515
0.513
0.512
0.511
0.51
0.508
0.507
0.506
0.504
0.503
0.501
0.5
0.499
0.497
0.496
0.494
0.493
0.491
0.49
0.488
0.487
0.485
0.483
0.482
0.48
0.479
0.477
0.475
0.474
0.472
0.47
0.469
0.467
0.465
0.464
0.462
0.46
0.458
0.457
0.455
0.453
0.451
0.449
0.448
0.446
0.444
0.442
0.44
0.438
0.436
0.435
0.433
0.431
0.429
0.427
0.425
0.423
0.421
0.419
0.417
0.415
0.414
0.412
0.41
0.408
0.406
0.404
0.402
0.4
0.398
0.396
0.394
0.392
0.39
0.388
0.386
0.384
0.382
0.38
0.378
0.376
0.374
0.372
0.37
0.368
0.366
0.364
0.362
0.36
0.358
0.356
0.354
0.352
0.35
0.348
0.346
0.344
0.342
0.34
0.338
0.336
0.334
0.332
0.331
0.329
0.327
0.325
0.323
0.321
0.319
0.317
0.315
0.313
0.311
0.31
0.308
0.306
0.304
0.302
0.3
0.298
0.297
0.295
0.293
0.291
0.289
0.288
0.286
0.284
0.282
0.281
0.279
0.277
0.276
0.274
0.272
0.271
0.269
0.267
0.266
0.264
0.262
0.261
0.259
0.258
0.256
0.255
0.253
0.252
0.25
0.249
0.247
0.246
0.244
0.243
0.242
0.24
0.239
0.238
0.236
0.235
0.234
0.232
0.231
0.23
0.229
0.228
0.226
0.225
0.224
0.223
0.222
0.221
0.22
0.219
0.218
0.217
0.216
0.215
0.214
0.213
0.212
0.211
0.21
0.21
0.209
0.208
0.207
0.207
0.206
0.205
0.205
0.204
0.204
0.203
0.202
0.202
0.201
0.201
0.201
0.2
0.2
0.199
0.199
0.199
0.199
0.198
0.198
0.198
0.198
0.198
0.198
0.198
0.198
0.198
0.198
0.198
0.198
0.198
0.198
0.198
0.198
0.199
0.199
0.199
0.2
0.2
0.2
0.201
0.201
0.202
0.202
0.203
0.204
0.204
0.205
0.206
0.206
0.207
0.208
0.209
0.21
0.21
0.211
0.212
0.213
0.214
0.215
0.216
0.217
0.219
0.22
0.221
0.222
0.223
0.225
0.226
0.227
0.228
0.23
0.231
0.233
0.234
0.235
0.237
0.238
0.24
0.241
0.243
0.245
0.246
0.248
0.249
0.251
0.253
0.255
0.256
0.258
0.26
0.262
0.264
0.265
0.267
0.269
0.271
0.273
0.275
0.277
0.279
0.281
0.283
0.285
0.287
0.289
0.291
0.293
0.295
0.297
0.3
0.302
0.304
0.306
0.308
0.311
0.313
0.315
0.317
0.32
0.322
0.324
0.327
0.329
0.331
0.334
0.336
0.338
0.341
0.343
0.346
0.348
0.351
0.353
0.355
0.358
0.36
0.363
0.365
0.368
0.37
0.373
0.376
0.378
0.381
0.383
0.386
0.388
0.391
0.394
0.396
0.399
0.401
0.404
0.407
0.409
0.412
0.415
0.417
0.42
0.422
0.425
0.428
0.43
0.433
0.436
0.438
0.441
0.444
0.446
0.449
0.452
0.454
0.457
0.46
0.463
0.465
0.468
0.471
0.473
0.476
0.479
0.481
0.484
0.487
0.489
0.492
0.495
0.497
0.5
0.503
0.505
0.508
0.511
0.513
0.516
0.518
0.521
0.524
0.526
0.529
0.532
0.534
0.537
0.539
0.542
0.545
0.547
0.55
0.552
0.555
0.557
0.56
0.562
0.565
0.567
0.57
0.572
0.575
0.577
0.58
0.582
0.585
0.587
0.589
0.592
0.594
0.597
0.599
0.601
0.604
0.606
0.608
0.611
0.613
0.615
0.617
0.62
0.622
0.624
0.626
0.628
0.631
0.633
0.635
0.637
0.639
0.641
0.643
0.645
0.647
0.649
0.651
0.653
0.655
0.657
0.659
0.661
0.663
0.665
0.666
0.668
0.67
0.672
0.674
0.675
0.677
0.679
0.68
0.682
0.684
0.685
0.687
0.688
0.69
0.691
0.693
0.694
0.696
0.697
0.699
0.7
0.701
0.703
0.704
0.705
0.706
0.708
0.709
0.71
0.711
0.712
0.713
0.714
0.715
0.716
0.717
0.718
0.719
0.72
0.721
0.722
0.722
0.723
0.724
0.725
0.725
0.726
0.727
0.727
0.728
0.728
0.729
0.729
0.73
0.73
0.731
0.731
0.731
0.732
0.732
0.732
0.733
0.733
0.733
0.733
0.733
0.734
0.734
0.734
0.734
0.734
0.734
0.734
0.734
0.734
0.734
0.734
0.734
0.733
0.733
0.733
0.733
0.733
0.732
0.732
0.732
0.731
0.731
0.731
0.73
0.73
0.729
0.729
0.729
0.728
0.728
0.727
0.726
0.726
0.725
0.725
0.724
0.723
0.723
0.722
0.721
0.72
0.72
0.719
0.718
0.717
0.716
0.715
0.714
0.714
0.713
0.712
0.711
0.71
0.709
0.708
0.707
0.706
0.704
0.703
0.702
0.701
0.7
0.699
0.698
0.696
0.695
0.694
0.693
0.691
0.69
0.689
0.687
0.686
0.685
0.683
0.682
0.68
0.679
0.677
0.676
0.675
0.673
0.672
0.67
0.668
0.667
0.665
0.664
0.662
0.66
0.659
0.657
0.655
0.654
0.652
0.65
0.649
0.647
0.645
0.643
0.642
0.64
0.638
0.636
0.634
0.632
0.631
0.629
0.627
0.625
0.623
0.621
0.619
0.617
0.615
0.613
0.611
0.609
0.607
0.605
0.603
0.601
0.599
0.597
0.595
0.593
0.591
0.589
0.586
0.584
0.582
0.58
0.578
0.576
0.573
0.571
0.569
0.567
0.564
0.562
0.56
0.558
0.555
0.553
0.551
0.549
0.546
0.544
0.542
0.539
0.537
0.535
0.532
0.53
0.527
0.525
0.523
0.52
0.518
0.515
0.513
0.511
0.508
0.506
0.503
0.501
0.498
0.496
0.493
0.491
0.488
0.486
0.483
0.481
0.478
0.476
0.473
0.471
0.468
0.466
0.463
0.46
0.458
0.455
0.453
0.45
0.447
0.445
0.442
0.44
0.437
0.434
0.432
0.429
0.427
0.424
0.421
0.419
0.416
0.413
0.411
0.408
0.406
0.403
0.4
0.398
0.395
0.392
0.39
0.387
0.384
0.382
0.379
0.376
0.374
0.371
0.368
0.365
0.363
0.36
0.357
0.355
0.352
0.349
0.347
0.344
0.341
0.339
0.336
0.333
0.331
0.328
0.325
0.322
0.32
0.317
0.314
0.312
0.309
0.306
0.304
0.301
0.298
0.296
0.293
0.29
0.288
0.285
0.282
0.279
0.277
0.274
0.271
0.269
0.266
0.263
0.261
0.258
0.256
0.253
0.25
0.248
0.245
0.242
0.24
0.237
0.234
0.232
0.229
0.227
0.224
0.221
0.219
0.216
0.214
0.211
0.208
0.206
0.203
0.201
0.198
0.196
0.193
0.191
0.188
0.185
0.183
0.18
0.178
0.175
0.173
0.17
0.168
0.165
0.163
0.16
0.158
0.156
0.153
0.151
0.148
0.146
0.143
0.141
0.139
0.136
0.134
0.131
0.129
0.127
0.124
0.122
0.12
0.117
0.115
0.113
0.11
0.108
0.106
0.104
0.101
0.099
0.097
0.095
0.092
0.09
0.088
0.086
0.084
0.081
0.079
0.077
0.075
0.073
0.071
0.069
0.067
0.064
0.062
0.06
0.058
0.056
0.054
0.052
0.05
0.048
0.046
0.044
0.042
0.04
0.038
0.037
0.035
0.033
0.031
0.029
0.027
0.025
0.024
0.022
0.02
0.018
0.016
0.015
0.013
0.011
0.009
0.008
0.006
0.004
0.003
0.001
-0.0
-0.002
-0.004
-0.005
-0.007
-0.008
-0.01
-0.011
-0.013
-0.014
-0.016
-0.017
-0.019
-0.02
-0.021
-0.023
-0.024
-0.026
-0.027
-0.028
-0.029
-0.031
-0.032
-0.033
-0.034
-0.036
-0.037
-0.038
-0.039
-0.04
-0.041
-0.043
-0.044
-0.045
-0.046
-0.047
-0.048
-0.049
-0.05
-0.051
-0.052
-0.052
-0.053
-0.054
-0.055
-0.056
-0.057
-0.057
-0.058
-0.059
-0.06
-0.06
-0.061
-0.062
-0.062
-0.063
-0.064
-0.064
-0.065
-0.065
-0.066
-0.066
-0.067
-0.067
-0.068
-0.068
-0.068
-0.069
-0.069
-0.069
-0.07
-0.07
-0.07
-0.071
-0.071
-0.071
-0.071
-0.071
-0.071
-0.071
-0.071
-0.071
-0.071
-0.071
-0.071
-0.071
-0.071
-0.071
-0.071
-0.071
-0.071
-0.071
-0.07
-0.07
-0.07
-0.069
-0.069
-0.069
-0.068
-0.068
-0.068
-0.067
-0.067
-0.066
-0.066
-0.065
-0.064
-0.064
-0.063
-0.062
-0.062
-0.061
-0.06
-0.06
-0.059
-0.058
-0.057
-0.056
-0.055
-0.054
-0.053
-0.052
-0.051
-0.05
-0.049
-0.048
-0.047
-0.046
-0.044
-0.043
-0.042
-0.041
-0.039
-0.038
-0.037
-0.035
-0.034
-0.032
-0.031
-0.029
-0.028
-0.026
-0.025
-0.023
-0.021
-0.02
-0.018
-0.016
-0.014
-0.012
-0.011
-0.009
-0.007
-0.005
-0.003
-0.001
0.001
0.003
0.005
0.008
0.01
0.012
0.014
0.016
0.019
0.021
0.024
0.026
0.028
0.031
0.033
0.036
0.038
0.041
0.044
0.046
0.049
0.052
0.055
0.057
0.06
0.063
0.066
0.069
0.072
0.075
0.078
0.081
0.084
0.087
0.091
0.094
0.097
0.1
0.104
0.107
0.111
0.114
0.117
0.121
0.125
0.128
0.132
0.135
0.139
0.143
0.147
0.15
0.154
0.158
0.162
0.166
0.17
0.174
0.178
0.182
0.186
0.19
0.195
0.199
0.203
0.207
0.212
0.216
0.22
0.225
0.229
0.234
0.238
0.242
0.247
0.251
0.256
0.261
0.265
0.27
0.274
0.279
0.284
0.288
0.293
0.298
0.303
0.307
0.312
0.317
0.322
0.327
0.331
0.336
0.341
0.346
0.351
0.356
0.361
0.366
0.371
0.375
0.38
0.385
0.39
0.395
0.4
0.405
0.41
0.415
0.42
0.425
0.43
0.435
0.44
0.445
0.45
0.455
0.46
0.465
0.47
0.475
0.48
0.485
0.49
0.495
0.5
0.505
0.51
0.515
0.52
0.525
0.53
0.535
0.54
0.545
0.55
0.554
0.559
0.564
0.569
0.574
0.579
0.584
0.588
0.593
0.598
0.603
0.607
0.612
0.617
0.621
0.626
0.631
0.635
0.64
0.644
0.649
0.654
0.658
0.663
0.667
0.671
0.676
0.68
0.685
0.689
0.693
0.697
0.702
0.706
0.71
0.714
0.718
0.722
0.727
0.731
0.735
0.739
0.742
0.746
0.75
0.754
0.758
0.762
0.765
0.769
0.773
0.777
0.78
0.784
0.787
0.791
0.794
0.798
0.801
0.805
0.808
0.812
0.815
0.818
0.822
0.825
0.828
0.831
0.834
0.838
0.841
0.844
0.847
0.85
0.853
0.856
0.859
0.862
0.865
0.868
0.87
0.873
0.876
0.879
0.881
0.884
0.887
0.89
0.892
0.895
0.897
0.9
0.902
0.905
0.907
0.91
0.912
0.915
0.917
0.919
0.922
0.924
0.926
0.928
0.931
0.933
0.935
0.937
0.939
0.941
0.943
0.945
0.947
0.949
0.951
0.953
0.955
0.957
0.959
0.961
0.963
0.964
0.966
0.968
0.97
0.971
0.973
0.975
0.976
0.978
0.98
0.981
0.983
0.984
0.986
0.987
0.989
0.99
0.991
0.993
0.994
0.995
0.997
0.998
0.999
1.001
1.002
1.003
1.004
1.005
1.006
1.008
1.009
1.01
1.011
1.012
1.013
1.014
1.015
1.016
1.017
1.018
1.018
1.019
1.02
1.021
1.022
1.023
1.023
1.024
1.025
1.025
1.026
1.027
1.027
1.028
1.029
1.029
1.03
1.03
1.031
1.031
1.032
1.032
1.033
1.033
1.034
1.034
1.034
1.035
1.035
1.035
1.036
1.036
1.036
1.037
1.037
1.037
1.037
1.037
1.038
1.038
1.038
1.038
1.038
1.038
1.038
1.038
1.038
1.038
1.038
1.038
1.038
1.038
1.038
1.038
1.038
1.038
1.038
1.038
1.037
1.037
1.037
1.037
1.037
1.036
1.036
1.036
1.036
1.035
1.035
1.035
1.034
1.034
1.034
1.033
1.033
1.032
1.032
1.031
1.031
1.03
1.03
1.029
1.029
1.028
1.028
1.027
1.027
1.026
1.026
1.025
1.024
1.024
1.023
1.022
1.022
1.021
1.02
1.02
1.019
1.018
1.017
1.017
1.016
1.015
1.014
1.013
1.013
1.012
1.011
1.01
1.009
1.008
1.008
1.007
1.006
1.005
1.004
1.003
1.002
1.001
1.0
0.999
0.998
0.997
0.996
0.995
0.994
0.993
0.992
0.991
0.99
0.989
0.987
0.986
0.985
0.984
0.983
0.982
0.981
0.98
0.978
0.977
0.976
0.975
0.974
0.972
0.971
0.97
0.969
0.968
0.966
0.965
0.964
0.963
0.961
0.96
0.959
0.957
0.956
0.955
0.953
0.952
0.951
0.95
0.948
0.947
0.945
0.944
0.943
0.941
0.94
0.939
0.937
0.936
0.935
0.933
0.932
0.93
0.929
0.928
0.926
0.925
0.923
0.922
0.92
0.919
0.918
0.916
0.915
0.913
0.912
0.91
0.909
0.907
0.906
0.904
0.903
0.902
0.9
0.899
0.897
0.896
0.894
0.893
0.891
0.89
0.888
0.887
0.885
0.884
0.882
0.881
0.879
0.878
0.876
0.875
0.873
0.872
0.87
0.869
0.867
0.866
0.864
0.863
0.861
0.86
0.858
0.857
0.856
0.854
0.853
0.851
0.85
0.848
0.847
0.845
0.844
0.842
0.841
0.839
0.838
0.836
0.835
0.833
0.832
0.831
0.829
0.828
0.826
0.825
0.823
0.822
0.821
0.819
0.818
0.816
0.815
0.813
0.812
0.811
0.809
0.808
0.806
0.805
0.804
0.802
0.801
0.8
0.798
0.797
0.796
0.794
0.793
0.792
0.79
0.789
0.788
0.786
0.785
0.784
0.783
0.781
0.78
0.779
0.778
0.776
0.775
0.774
0.773
0.771
0.77
0.769
0.768
0.767
0.765
0.764
0.763
0.762
0.761
0.76
0.759
0.757
0.756
0.755
0.754
0.753
0.752
0.751
0.75
0.749
0.748
0.747
0.746
0.745
0.744
0.743
0.742
0.741
0.74
0.739
0.738
0.737
0.736
0.736
0.735
0.734
0.733
0.732
0.731
0.73
0.73
0.729
0.728
0.727
0.727
0.726
0.725
0.724
0.724
0.723
0.722
0.722
0.721
0.72
0.72
0.719
0.719
0.718
0.717
0.717
0.716
0.716
0.715
0.715
0.714
0.714
0.713
0.713
0.713
0.712
0.712
0.711
0.711
0.711
0.71
0.71
0.71
0.709
0.709
0.709
0.709
0.708
0.708
0.708
0.708
0.707
0.707
0.707
0.707
0.707
0.707
0.707
0.707
0.706
0.706
0.706
0.706
0.706
0.706
0.706
0.706
0.706
0.706
0.706
0.706
0.706
0.706
0.706
0.706
0.706
0.707
0.707
0.707
0.707
0.707
0.707
0.707
0.707
0.708
0.708
0.708
0.708
0.708
0.709
0.709
0.709
0.709
0.71
0.71
0.71
0.71
0.711
0.711
0.711
0.711
0.712
0.712
0.712
0.713
0.713
0.713
0.714
0.714
0.714
0.715
0.715
0.716
0.716
0.716
0.717
0.717
0.718
0.718
0.718
0.719
0.719
0.72
0.72
0.721
0.721
0.721
0.722
0.722
0.723
0.723
0.724
0.724
0.725
0.725
0.726
0.726
0.727
0.727
0.728
0.728
0.729
0.729
0.73
0.73
0.731
0.731
0.732
0.732
0.733
0.733
0.734
0.735
0.735
0.736
0.736
0.737
0.737
0.738
0.738
0.739
0.739
0.74
0.74
0.741
0.742
0.742
0.743
0.743
0.744
0.744
0.745
0.745
0.746
0.746
0.747
0.748
0.748
0.749
0.749
0.75
0.75
0.751
0.751
0.752
0.752
0.753
0.753
0.754
0.755
0.755
0.756
0.756
0.757
0.757
0.758
0.758
0.759
0.759
0.76
0.76
0.761
0.761
0.762
0.762
0.762
0.763
0.763
0.764
0.764
0.765
0.765
0.766
0.766
0.767
0.767
0.767
0.768
0.768
0.769
0.769
0.769
0.77
0.77
0.771
0.771
0.771
0.772
0.772
0.772
0.773
0.773
0.773
0.774
0.774
0.774
0.775
0.775
0.775
0.775
0.776
0.776
0.776
0.776
0.777
0.777
0.777
0.777
0.777
0.778
0.778
0.778
0.778
0.778
0.778
0.779
0.779
0.779
0.779
0.779
0.779
0.779
0.779
0.779
0.779
0.779
0.779
0.779
0.779
0.779
0.779
0.779
0.779
0.779
0.779
0.779
0.779
0.779
0.779
0.779
0.779
0.778
0.778
0.778
0.778
0.778
0.777
0.777
0.777
0.777
0.776
0.776
0.776
0.776
0.775
0.775
0.775
0.774
0.774
0.773
0.773
0.773
0.772
0.772
0.771
0.771
0.77
0.77
0.769
0.769
0.768
0.768
0.767
0.767
0.766
0.765
0.765
0.764
0.763
0.763
0.762
0.761
0.76
0.76
0.759
0.758
0.757
0.756
0.756
0.755
0.754
0.753
0.752
0.751
0.75
0.749
0.748
0.747
0.746
0.745
0.744
0.743
0.742
0.741
0.74
0.738
0.737
0.736
0.735
0.734
0.732
0.731
0.73
0.729
0.727
0.726
0.724
0.723
0.722
0.72
0.719
0.717
0.716
0.714
0.713
0.711
0.71
0.708
0.706
0.705
0.703
0.701
0.7
0.698
0.696
0.694
0.693
0.691
0.689
0.687
0.685
0.683
0.682
0.68
0.678
0.676
0.674
0.672
0.67
0.668
0.666
0.664
0.662
0.66
0.658
0.655
0.653
0.651
0.649
0.647
0.645
0.642
0.64
0.638
0.636
0.634
0.631
0.629
0.627
0.624
0.622
0.62
0.617
0.615
0.613
0.61
0.608
0.605
0.603
0.601
0.598
0.596
0.593
0.591
0.588
0.586
0.583
0.581
0.578
0.576
0.573
0.571
0.568
0.565
0.563
0.56
0.558
0.555
0.552
0.55
0.547
0.545
0.542
0.539
0.537
0.534
0.531
0.529
0.526
0.523
0.521
0.518
0.515
0.512
0.51
0.507
0.504
0.502
0.499
0.496
0.493
0.491
0.488
0.485
0.482
0.48
0.477
0.474
0.471
0.469
0.466
0.463
0.46
0.457
0.455
0.452
0.449
0.446
0.443
0.441
0.438
0.435
0.432
0.43
0.427
0.424
0.421
0.418
0.416
0.413
0.41
0.407
0.405
0.402
0.399
0.396
0.393
0.391
0.388
0.385
0.382
0.38
0.377
0.374
0.371
0.369
0.366
0.363
0.36
0.358
0.355
0.352
0.35
0.347
0.344
0.342
0.339
0.336
0.334
0.331
0.328
0.326
0.323
0.32
0.318
0.315
0.312
0.31
0.307
0.305
0.302
0.299
0.297
0.294
0.292
0.289
0.287
0.284
0.282
0.279
0.277
0.274
0.272
0.269
0.267
0.264
0.262
0.26
0.257
0.255
0.253
0.25
0.248
0.245
0.243
0.241
0.239
0.236
0.234
0.232
0.23
0.227
0.225
0.223
0.221
0.219
0.216
0.214
0.212
0.21
0.208
0.206
0.204
0.202
0.2
0.198
0.196
0.194
0.192
0.19
0.188
0.186
0.184
0.182
0.18
0.179
0.177
0.175
0.173
0.171
0.17
0.168
0.166
0.165
0.163
0.161
0.16
0.158
0.156
0.155
0.153
0.152
0.15
0.149
0.147
0.146
0.145
0.143
0.142
0.14
0.139
0.138
0.137
0.135
0.134
0.133
0.132
0.131
0.129
0.128
0.127
0.126
0.125
0.124
0.123
0.122
0.121
0.12
0.12
0.119
0.118
0.117
0.116
0.116
0.115
0.114
0.113
0.113
0.112
0.112
0.111
0.111
0.11
0.11
0.109
0.109
0.108
0.108
0.108
0.107
0.107
0.107
0.107
0.107
0.107
0.106
0.106
0.106
0.106
0.106
0.106
0.106
0.107
0.107
0.107
0.107
0.107
0.108
0.108
0.108
0.109
0.109
0.11
0.11
0.111
0.111
0.112
0.112
0.113
0.114
0.114
0.115
0.116
0.117
0.118
0.119
0.119
0.12
0.121
0.123
0.124
0.125
0.126
0.127
0.128
0.13
0.131
0.132
0.134
0.135
0.137
0.138
0.14
0.141
0.143
0.145
0.146
0.148
0.15
0.152
0.153
0.155
0.157
0.159
0.161
0.163
0.165
0.168
0.17
0.172
0.174
0.176
0.179
0.181
0.183
0.186
0.188
0.191
0.193
0.196
0.198
0.201
0.203
0.206
0.209
0.211
0.214
0.217
0.22
0.222
0.225
0.228
0.231
0.234
0.237
0.24
0.243
0.246
0.249
0.252
0.255
0.258
0.261
0.265
0.268
0.271
0.274
0.277
0.281
0.284
0.287
0.291
0.294
0.297
0.301
0.304
0.308
0.311
0.315
0.318
0.322
0.325
0.329
0.332
0.336
0.339
0.343
0.347
0.35
0.354
0.358
0.361
0.365
0.369
0.372
0.376
0.38
0.383
0.387
0.391
0.395
0.399
0.402
0.406
0.41
0.414
0.418
0.421
0.425
0.429
0.433
0.437
0.441
0.444
0.448
0.452
0.456
0.46
0.464
0.468
0.472
0.476
0.479
0.483
0.487
0.491
0.495
0.499
0.503
0.507
0.511
0.515
0.519
0.522
0.526
0.53
0.534
0.538
0.542
0.546
0.55
0.554
0.557
0.561
0.565
0.569
0.573
0.577
0.581
0.584
0.588
0.592
0.596
0.6
0.603
0.607
0.611
0.615
0.618
0.622
0.626
0.63
0.633
0.637
0.641
0.644
0.648
0.652
0.655
0.659
0.662
0.666
0.67
0.673
0.677
0.68
0.684
0.687
0.691
0.694
0.697
0.701
0.704
0.708
0.711
0.714
0.718
0.721
0.724
0.727
0.731
0.734
0.737
0.74
0.743
0.746
0.75
0.753
0.756
0.759
0.762
0.765
0.768
0.771
0.774
0.777
0.78
0.782
0.785
0.788
0.791
0.794
0.797
0.799
0.802
0.805
0.808
0.81
0.813
0.816
0.818
0.821
0.823
0.826
0.828
0.831
0.834
0.836
0.839
0.841
0.843
0.846
0.848
0.851
0.853
0.855
0.858
0.86
0.862
0.864
0.867
0.869
0.871
0.873
0.875
0.878
0.88
0.882
0.884
0.886
0.888
0.89
0.892
0.894
0.896
0.898
0.9
0.902
0.904
0.906
0.907
0.909
0.911
0.913
0.915
0.916
0.918
0.92
0.922
0.923
0.925
0.927
0.928
0.93
0.931
0.933
0.935
0.936
0.938
0.939
0.941
0.942
0.943
0.945
0.946
0.948
0.949
0.95
0.952
0.953
0.954
0.956
0.957
0.958
0.959
0.961
0.962
0.963
0.964
0.965
0.966
0.967
0.968
0.969
0.971
0.972
0.973
0.974
0.974
0.975
0.976
0.977
0.978
0.979
0.98
0.981
0.982
0.982
0.983
0.984
0.985
0.985
0.986
0.987
0.987
0.988
0.989
0.989
0.99
0.991
0.991
0.992
0.992
0.993
0.993
0.994
0.994
0.995
0.995
0.995
0.996
0.996
0.997
0.997
0.997
0.998
0.998
0.998
0.998
0.999
0.999
0.999
0.999
0.999
0.999
1.0
1.0
1.0
1.0
1.0
1.0
1.0
1.0
1.0
1.0
1.0
1.0
1.0
1.0
1.0
1.0
1.0
1.0
1.0
1.0
1.0
1.0
1.0
1.001
1.001
1.001
1.001
1.001
1.001
1.002
1.002
1.002
1.002
1.002
1.003
1.003
1.003
1.004
1.004
1.004
1.005
1.005
1.005
1.006
1.006
1.006
1.007
1.007
1.008
1.008
1.008
1.009
1.009
1.01
1.01
1.011
1.011
1.012
1.012
1.013
1.013
1.014
1.014
1.015
1.015
1.016
1.016
1.017
1.017
1.018
1.019
1.019
1.02
1.02
1.021
1.022
1.022
1.023
1.023
1.024
1.024
1.025
1.026
1.026
1.027
1.028
1.028
1.029
1.029
1.03
1.031
1.031
1.032
1.032
1.033
1.034
1.034
1.035
1.036
1.036
1.037
1.037
1.038
1.039
1.039
1.04
1.041
1.041
1.042
1.042
1.043
1.044
1.044
1.045
1.045
1.046
1.046
1.047
1.048
1.048
1.049
1.049
1.05
1.05
1.051
1.051
1.052
1.052
1.053
1.053
1.054
1.054
1.055
1.055
1.056
1.056
1.057
1.057
1.058
1.058
1.058
1.059
1.059
1.06
1.06
1.06
1.061
1.061
1.061
1.062
1.062
1.062
1.062
1.063
1.063
1.063
1.064
1.064
1.064
1.064
1.064
1.065
1.065
1.065
1.065
1.065
1.065
1.065
1.065
1.065
1.065
1.065
1.065
1.065
1.065
1.065
1.065
1.065
1.065
1.065
1.065
1.065
1.065
1.065
1.064
1.064
1.064
1.064
1.063
1.063
1.063
1.063
1.062
1.062
1.061
1.061
1.061
1.06
1.06
1.059
1.059
1.058
1.058
1.057
1.057
1.056
1.055
1.055
1.054
1.053
1.053
1.052
1.051
1.05
1.049
1.049
1.048
1.047
1.046
1.045
1.044
1.043
1.042
1.041
1.04
1.039
1.038
1.037
1.035
1.034
1.033
1.032
1.03
1.029
1.028
1.026
1.025
1.024
1.022
1.021
1.019
1.018
1.016
1.014
1.013
1.011
1.01
1.008
1.006
1.004
1.002
1.001
0.999
0.997
0.995
0.993
0.991
0.989
0.987
0.985
0.983
0.98
0.978
0.976
0.974
0.972
0.969
0.967
0.964
0.962
0.96
0.957
0.954
0.952
0.949
0.947
0.944
0.941
0.938
0.936
0.933
0.93
0.927
0.924
0.921
0.918
0.915
0.912
0.909
0.906
0.902
0.899
0.896
0.893
0.889
0.886
0.882
0.879
0.875
0.872
0.868
0.864
0.861
0.857
0.853
0.849
0.846
0.842
0.838
0.834
0.83
0.826
0.822
0.817
0.813
0.809
0.805
0.8
0.796
0.791
0.787
0.782
0.778
0.773
0.769
0.764
0.759
0.754
0.75
0.745
0.74
0.735
0.73
0.725
0.719
0.714
0.709
0.704
0.698
0.693
0.688
0.682
0.677
0.671
0.666
0.66
0.655
0.649
0.644
0.638
0.633
0.627
0.621
0.616
0.61
0.605
0.599
0.594
0.588
0.583
0.577
0.572
0.566
0.561
0.555
0.55
0.545
0.54
0.534
0.529
0.524
0.519
0.514
0.509
0.504
0.5
0.495
0.49
0.486
0.481
0.477
0.473
0.468
0.464
0.46
0.456
0.452
0.449
0.445
0.441
0.438
0.435
0.432
0.429
0.426
0.423
0.42
0.418
0.415
0.413
0.411
0.409
0.407
0.405
0.404
0.403
0.401
0.4
0.4
0.399
0.398
0.398
0.398
0.398
0.398
0.398
0.399
0.4
0.401
0.402
0.403
0.405
0.407
0.409
0.411
0.413
0.416
0.419
0.422
0.425
0.429
0.432
0.436
0.441
0.445
0.45
0.455
0.46
0.465
0.47
0.476
0.482
0.487
0.494
0.5
0.506
0.513
0.519
0.526
0.533
0.54
0.547
0.554
0.561
0.568
0.576
0.583
0.591
0.598
0.606
0.614
0.621
0.629
0.637
0.644
0.652
0.66
0.668
0.675
0.683
0.691
0.698
0.706
0.713
0.721
0.728
0.736
0.743
0.75
0.757
0.764
0.771
0.778
0.784
0.791
0.797
0.804
0.81
0.816
0.821
0.827
0.833
0.838
0.843
0.848
0.853
0.857
0.861
0.866
0.869
0.873
0.876
0.88
0.882
0.885
0.887
0.89
0.891
0.893
0.894
0.895
0.896
0.896
0.896
0.896
0.895
0.894
0.893
0.891
0.889
0.886
0.884
0.88
0.877
0.873
0.868
0.864
0.858
0.853
0.847
0.84
0.833
0.826
0.818
0.81
0.801
0.792
0.782
0.772
0.761
0.75
0.738
0.726
0.713
0.7
0.687
0.673
0.658
0.643
0.628
0.612
0.596
0.579
0.563
0.545
0.528
0.51
0.492
0.474
0.455
0.436
0.417
0.397
0.378
0.358
0.338
0.318
0.297
0.277
0.256
0.235
0.214
0.193
0.172
0.151
0.129
0.108
0.087
0.065
0.044
0.022
0.001
-0.02
-0.042
-0.063
-0.084
-0.106
-0.127
-0.148
-0.169
-0.189
-0.21
-0.23
-0.251
-0.271
-0.291
-0.311
-0.33
-0.349
-0.368
-0.387
-0.406
-0.424
-0.442
-0.459
-0.477
-0.494
-0.51
-0.526
-0.542
-0.558
-0.573
-0.587
-0.602
-0.615
-0.629
-0.642
-0.654
-0.666
-0.677
-0.688
-0.698
-0.708
-0.718
-0.726
-0.734
-0.742
-0.749
-0.755
-0.761
-0.766
-0.77
-0.773
-0.776
-0.779
-0.78
-0.781
-0.781
-0.78
-0.779
-0.777
-0.774
-0.77
-0.765
-0.76
-0.754
-0.746
-0.738
-0.729
-0.72
-0.709
-0.697
-0.685
-0.671
-0.657
-0.641
-0.625
-0.607
-0.589
-0.569
-0.549
-0.527
-0.505
-0.481
-0.456
-0.43
-0.403
-0.375
-0.346
-0.315
-0.284
-0.251
-0.217
-0.182
-0.145
-0.108
-0.069
-0.029
0.013
0.056
0.1
0.145
0.192
0.24
0.289
0.34
0.392
0.445
0.5
0.556
0.612
0.667
0.719
0.768
0.814
0.858
0.898
0.937
0.972
1.005
1.036
1.064
1.09
1.113
1.134
1.153
1.17
1.184
1.196
1.207
1.215
1.221
1.225
1.228
1.228
1.227
1.224
1.22
1.214
1.206
1.197
1.186
1.173
1.16
1.145
1.128
1.111
1.092
1.072
1.051
1.029
1.006
0.982
0.957
0.931
0.905
0.877
0.849
0.82
0.791
0.761
0.731
0.7
0.668
0.636
0.604
0.572
0.539
0.506
0.473
0.44
0.407
0.374
0.341
0.308
0.275
0.243
0.21
0.178
0.147
0.115
0.084
0.054
0.024
-0.005
-0.034
-0.062
-0.089
-0.116
-0.141
-0.166
-0.19
-0.213
-0.235
-0.256
-0.276
-0.294
-0.311
-0.328
-0.342
-0.356
-0.368
-0.378
-0.388
-0.395
-0.401
-0.405
-0.408
-0.409
-0.408
-0.405
-0.401
-0.394
-0.386
-0.375
-0.362
-0.348
-0.331
-0.312
-0.29
-0.266
-0.24
-0.212
-0.181
-0.147
-0.111
-0.073
-0.032
0.012
0.059
0.109
0.161
0.216
0.275
0.336
0.4
0.467
0.534
0.6
0.662
0.719
0.772
0.82
0.865
0.905
0.941
0.972
1.0
1.023
1.042
1.057
1.068
1.075
1.078
1.077
1.072
1.063
1.051
1.034
1.013
0.989
0.961
0.929
0.894
0.854
0.811
0.765
0.714
0.66
0.603
0.542
0.478
0.41
0.338
0.263
0.185
0.103
0.018
-0.07
-0.162
-0.257
-0.355
-0.456
-0.561
-0.668
-0.779
-0.893
-1.01
-1.13
-1.253
-1.379
-1.508
-1.64
-1.775
-1.912
-2.053
-2.196
-2.343
-2.492
-2.643
-2.798
-2.955
-3.115
-3.277
-3.442
-3.61
-3.78
-3.953
-4.128
-4.305
-4.485
-4.668
-4.853
-5.04
-5.23
-5.421
-5.616
-5.812
-6.011
-6.211
-6.414
-6.619
-6.827
-7.036
-7.247
-7.461
-7.676
-7.893
-8.113
-8.334
-8.557
-8.782
-9.009
-9.237
-9.468
-9.7
-9.934
-10.169
-10.407
-10.645
-10.886
-11.128
-11.372
-11.617
-11.863
-12.112
-12.361
-12.612
-12.865
-13.118
-13.374
-13.63
-13.888
-14.147
-14.407
-14.668
-14.931
-15.195
-15.459
-15.725
-15.992
-16.26
-16.529
-16.799
-17.07
-17.342
-17.615
-17.889
-18.163
-18.439
-18.715
-18.992
-19.269
-19.548
-19.827
-20.106
-20.387
-20.667
-20.949
-21.231
-21.513
-21.796
-22.08
-22.364
-22.648
-22.932
-23.217
-23.503
-23.788
-24.074
-24.36
-24.647
-24.933
-25.22
-25.507
-25.794
-26.08
-26.367
-26.655
-26.942
-27.228
-27.515
-27.802
-28.089
-28.375
-28.662
-28.948
-29.234
-29.52
-29.805
-30.09
-30.375
-30.659
-30.943
-31.227
-31.51
-31.793
-32.075
-32.356
-32.637
-32.918
-33.198
-33.477
-33.755
-34.033
-34.31
-34.586
-34.862
-35.137
-35.411
-35.684
-35.956
-36.227
-36.497
-36.767
-37.035
-37.302
-37.569
-37.834
-38.098
-38.361
-38.622
-38.883
-39.142
-39.4
-39.657
-39.913
-40.167
-40.42
-40.671
-40.921
-41.169
-41.417
-41.662
-41.906
-42.149
-42.39
-42.629
-42.867
-43.103
-43.337
-43.57
-43.801
-44.03
-44.257
-44.482
-44.706
-44.928
-45.148
-45.366
-45.581
-45.795
-46.007
-46.217
-46.425
-46.631
-46.834
-47.036
-47.235
-47.432
-47.627
-47.819
-48.009
-48.197
-48.383
-48.566
-48.747
-48.925
-49.101
-49.274
-49.445
-49.613
-49.779
-49.942
-50.103
-50.261
-50.416
-50.568
-50.718
-50.865
-51.009
-51.151
-51.289
-51.425
-51.557
-51.687
-51.814
-51.938
-52.059
-52.177
-52.291
-52.403
-52.512
-52.617
-52.719
-52.818
-52.914
-53.007
-53.096
-53.182
-53.264
-53.344
-53.419
-53.492
-53.561
-53.626
-53.688
-53.747
-53.801
-53.853
-53.9
-53.944
-53.985
-54.021
-54.054
-54.083
-54.109
-54.13
-54.148
-54.162
-54.172
-54.178
-54.18
-54.178
-54.172
-54.162
-54.149
-54.13
-54.108
-54.082
-54.052
-54.017
-53.978
-53.935
-53.888
-53.836
-53.78
-53.719
-53.655
-53.585
-53.512
-53.434
-53.351
-53.264
-53.172
-53.076
-52.975
-52.869
-52.759
-52.644
-52.525
-52.4
-52.271
-52.137
-51.999
-51.855
-51.707
-51.553
-51.395
-51.232
-51.063
-50.89
-50.712
-50.528
-50.34
-50.146
-49.947
-49.743
-49.534
-49.319
-49.1
-48.875
-48.644
-48.409
-48.168
-47.921
-47.669
-47.412
-47.149
-46.88
-46.606
-46.327
-46.042
-45.751
-45.455
-45.153
-44.845
-44.531
-44.212
-43.887
-43.556
-43.219
-42.877
-42.528
-42.174
-41.813
-41.447
-41.075
-40.696
-40.312
-39.921
-39.524
-39.121
-38.712
-38.297
-37.876
-37.448
-37.014
-36.573
-36.127
-35.674
-35.214
-34.748
-34.276
-33.797
-33.312
-32.82
-32.322
-31.817
-31.305
-30.787
-30.262
-29.73
-29.192
-28.647
-28.095
-27.536
-26.97
-26.398
-25.819
-25.232
-24.639
-24.039
-23.432
-22.818
-22.196
-21.568
-20.932
-20.29
-19.64
-18.983
-18.319
-17.647
-16.969
-16.283
-15.589
-14.889
-14.18
-13.465
-12.742
-12.011
-11.274
-10.528
-9.775
-9.014
-8.246
-7.47
-6.687
-5.896
-5.097
-4.29
-3.476
-2.653
-1.823
-0.985
-0.139
0.714
