0.0
0.008
0.015
0.023
0.03
0.038
0.045
0.053
0.061
0.068
0.076
0.083
0.091
0.098
0.106
0.114
0.121
0.129
0.136
0.144
0.152
0.159
0.167
0.168
0.169
0.17
0.171
0.172
0.174
0.175
0.176
0.177
0.178
0.179
0.181
0.182
0.183
0.184
0.185
0.186
0.187
0.189
0.19
0.191
0.192
0.193
0.194
0.196
0.197
0.198
0.199
0.2
0.201
0.202
0.204
0.205
0.206
0.207
0.208
0.209
0.211
0.212
0.213
0.214
0.215
0.216
0.218
0.219
0.22
0.221
0.222
0.223
0.224
0.226
0.227
0.228
0.229
0.23
0.231
0.233
0.234
0.235
0.236
0.237
0.238
0.239
0.241
0.242
0.243
0.244
0.245
0.246
0.248
0.249
0.25
0.251
0.252
0.253
0.255
0.256
0.257
0.258
0.259
0.26
0.261
0.263
0.264
0.265
0.266
0.267
0.268
0.27
0.271
0.272
0.273
0.274
0.275
0.276
0.278
0.279
0.28
0.281
0.282
0.283
0.285
0.286
0.285
0.285
0.284
0.284
0.283
0.282
0.282
0.281
0.281
0.28
0.28
0.279
0.279
0.278
0.277
0.277
0.276
0.276
0.275
0.275
0.274
0.274
0.273
0.273
0.272
0.271
0.271
0.27
0.27
0.269
0.269
0.268
0.268
0.267
0.266
0.266
0.265
0.265
0.264
0.264
0.263
0.263
0.262
0.262
0.261
0.26
0.26
0.259
0.259
0.258
0.258
0.257
0.257
0.256
0.255
0.255
0.254
0.254
0.253
0.253
0.252
0.252
0.251
0.251
0.25
0.252
0.254
0.257
0.259
0.261
0.263
0.265
0.267
0.27
0.272
0.274
0.276
0.278
0.281
0.283
0.285
0.287
0.289
0.292
0.294
0.296
0.298
0.3
0.302
0.305
0.307
0.309
0.311
0.313
0.316
0.318
0.32
0.322
0.324
0.326
0.329
0.331
0.333
0.335
0.337
0.34
0.342
0.344
0.346
0.348
0.35
0.353
0.355
0.357
0.359
0.361
0.364
0.366
0.368
0.37
0.372
0.375
0.377
0.379
0.381
0.383
0.385
0.388
0.39
0.392
0.394
0.396
0.399
0.401
0.403
0.405
0.407
0.409
0.412
0.414
0.416
0.418
0.42
0.423
0.425
0.427
0.429
0.431
0.434
0.436
0.438
0.44
0.442
0.444
0.464
0.483
0.502
0.522
0.541
0.56
0.58
0.599
0.618
0.638
0.657
0.676
0.696
0.715
0.734
0.754
0.773
0.792
0.812
0.831
0.85
0.87
0.889
0.882
0.876
0.869
0.862
0.856
0.849
0.842
0.836
0.829
0.822
0.816
0.809
0.802
0.796
0.789
0.782
0.776
0.769
0.762
0.756
0.749
0.742
0.736
0.729
0.723
0.716
0.709
0.703
0.696
0.689
0.683
0.676
0.669
0.663
0.656
0.649
0.643
0.636
0.629
0.623
0.616
0.609
0.603
0.596
0.589
0.583
0.576
0.569
0.563
0.556
0.549
0.543
0.536
0.53
0.523
0.516
0.51
0.503
0.496
0.49
0.483
0.476
0.47
0.463
0.456
0.45
0.443
0.436
0.43
0.423
0.416
0.41
0.403
0.396
0.39
0.383
0.376
0.37
0.363
0.356
0.35
0.343
0.337
0.33
0.323
0.317
0.31
0.303
0.297
0.29
0.283
0.277
0.27
0.263
0.257
0.25
0.249
0.248
0.248
0.247
0.246
0.245
0.245
0.244
0.243
0.242
0.242
0.241
0.24
0.239
0.239
0.238
0.237
0.236
0.235
0.235
0.234
0.233
0.232
0.232
0.231
0.23
0.229
0.229
0.228
0.227
0.226
0.226
0.225
0.224
0.223
0.222
0.222
0.221
0.22
0.219
0.219
0.218
0.217
0.216
0.216
0.215
0.214
0.213
0.213
0.212
0.211
0.21
0.209
0.209
0.208
0.207
0.206
0.206
0.205
0.204
0.203
0.203
0.202
0.201
0.2
0.2
0.199
0.198
0.197
0.196
0.196
0.195
0.194
0.193
0.193
0.192
0.191
0.19
0.19
0.189
0.188
0.187
0.187
0.186
0.185
0.184
0.183
0.183
0.182
0.181
0.18
0.18
0.179
0.178
0.177
0.177
0.176
0.175
0.174
0.174
0.173
0.172
0.171
0.17
0.17
0.169
0.168
0.167
0.167
0.167
0.167
0.167
0.167
0.167
0.167
0.167
0.167
0.167
0.167
0.167
0.167
0.167
0.167
0.167
0.167
0.167
0.167
0.167
0.167
0.167
0.167
0.167
0.167
0.167
0.167
0.167
0.167
0.167
0.167
0.167
0.167
0.167
0.167
0.167
0.167
0.167
0.167
0.167
0.167
0.167
0.167
0.167
0.167
0.167
0.167
0.167
0.167
0.167
0.167
0.167
0.167
0.167
0.167
0.167
0.167
0.167
0.167
0.167
0.167
0.167
0.167
0.167
0.167
0.167
0.167
0.167
0.167
0.167
0.167
0.167
0.167
0.167
0.167
0.166
0.165
0.163
0.162
0.161
0.16
0.159
0.158
0.157
0.156
0.155
0.154
0.153
0.152
0.151
0.15
0.149
0.147
0.146
0.145
0.144
0.143
0.142
0.141
0.14
0.139
0.138
0.137
0.136
0.135
0.134
0.132
0.131
0.13
0.129
0.128
0.127
0.126
0.125
0.125
0.125
0.125
0.126
0.126
0.126
0.126
0.126
0.126
0.127
0.127
0.127
0.127
0.127
0.127
0.128
0.128
0.128
0.128
0.128
0.128
0.129
0.129
0.129
0.129
0.129
0.129
0.13
0.13
0.13
0.13
0.13
0.13
0.131
0.131
0.131
0.131
0.131
0.131
0.132
0.132
0.132
0.132
0.132
0.132
0.133
0.133
0.133
0.133
0.133
0.133
0.134
0.134
0.134
0.134
0.134
0.134
0.135
0.135
0.135
0.135
0.135
0.135
0.135
0.136
0.136
0.136
0.136
0.136
0.136
0.137
0.137
0.137
0.137
0.137
0.137
0.138
0.138
0.138
0.138
0.138
0.138
0.139
0.139
0.139
0.139
0.139
0.139
0.14
0.14
0.14
0.14
0.14
0.14
0.141
0.141
0.141
0.141
0.141
0.141
0.142
0.142
0.142
0.142
0.142
0.142
0.143
0.143
0.143
0.147
0.151
0.155
0.159
0.163
0.167
0.171
0.175
0.179
0.183
0.188
0.192
0.196
0.2
0.204
0.208
0.212
0.216
0.22
0.224
0.228
0.232
0.236
0.24
0.244
0.248
0.252
0.257
0.261
0.265
0.269
0.273
0.277
0.281
0.285
0.289
0.293
0.297
0.301
0.305
0.309
0.313
0.317
0.322
0.326
0.33
0.334
0.338
0.342
0.346
0.35
0.354
0.358
0.362
0.366
0.37
0.374
0.378
0.382
0.386
0.391
0.395
0.399
0.403
0.407
0.411
0.415
0.419
0.423
0.427
0.431
0.435
0.439
0.443
0.447
0.451
0.456
0.46
0.464
0.468
0.472
0.476
0.48
0.484
0.488
0.492
0.496
0.5
0.504
0.508
0.512
0.516
0.52
0.525
0.529
0.533
0.537
0.541
0.545
0.549
0.553
0.557
0.561
0.565
0.569
0.573
0.577
0.581
0.585
0.59
0.594
0.598
0.602
0.606
0.61
0.614
0.618
0.622
0.626
0.63
0.634
0.638
0.642
0.646
0.65
0.654
0.659
0.663
0.667
0.651
0.634
0.618
0.602
0.586
0.57
0.554
0.538
0.522
0.506
0.49
0.474
0.457
0.441
0.425
0.409
0.393
0.377
0.361
0.345
0.329
0.313
0.297
0.28
0.264
0.248
0.232
0.216
0.2
0.2
0.2
0.2
0.2
0.199
0.199
0.199
0.199
0.199
0.199
0.199
0.199
0.199
0.198
0.198
0.198
0.198
0.198
0.198
0.198
0.198
0.198
0.197
0.197
0.197
0.197
0.197
0.197
0.197
0.197
0.197
0.196
0.196
0.196
0.196
0.196
0.196
0.196
0.196
0.196
0.195
0.195
0.195
0.195
0.195
0.195
0.195
0.195
0.195
0.194
0.194
0.194
0.194
0.194
0.194
0.194
0.194
0.193
0.193
0.193
0.193
0.193
0.193
0.193
0.193
0.193
0.192
0.192
0.192
0.192
0.192
0.192
0.192
0.192
0.192
0.191
0.191
0.191
0.191
0.191
0.191
0.191
0.191
0.191
0.19
0.19
0.19
0.19
0.19
0.19
0.19
0.19
0.19
0.189
0.189
0.189
0.189
0.189
0.189
0.189
0.189
0.189
0.188
0.188
0.188
0.188
0.188
0.188
0.188
0.188
0.188
0.187
0.187
0.187
0.187
0.187
0.187
0.187
0.187
0.187
0.186
0.186
0.186
0.186
0.186
0.186
0.186
0.186
0.186
0.185
0.185
0.185
0.185
0.185
0.185
0.185
0.185
0.185
0.184
0.184
0.184
0.184
0.184
0.184
0.184
0.184
0.184
0.183
0.183
0.183
0.183
0.183
0.183
0.183
0.183
0.182
0.182
0.182
0.182
0.182
0.182
0.182
0.182
0.182
0.181
0.181
0.181
0.181
0.181
0.181
0.181
0.181
0.181
0.18
0.18
0.18
0.18
0.18
0.18
0.18
0.18
0.18
0.179
0.179
0.179
0.179
0.179
0.179
0.179
0.179
0.179
0.178
0.178
0.178
0.178
0.178
0.178
0.178
0.178
0.178
0.177
0.177
0.177
0.177
0.177
0.177
0.177
0.177
0.177
0.176
0.176
0.176
0.176
0.176
0.176
0.176
0.176
0.176
0.175
0.175
0.175
0.175
0.175
0.175
0.175
0.175
0.175
0.174
0.174
0.174
0.174
0.174
0.174
0.174
0.174
0.174
0.173
0.173
0.173
0.173
0.173
0.173
0.173
0.173
0.173
0.172
0.172
0.172
0.172
0.172
0.172
0.172
0.172
0.171
0.171
0.171
0.171
0.171
0.171
0.171
0.171
0.171
0.17
0.17
0.17
0.17
0.17
0.17
0.17
0.17
0.17
0.169
0.169
0.169
0.169
0.169
0.169
0.169
0.169
0.169
0.168
0.168
0.168
0.168
0.168
0.168
0.168
0.168
0.168
0.167
0.167
0.167
0.167
0.167
0.167
0.167
0.167
0.168
0.17
0.171
0.173
0.174
0.176
0.177
0.179
0.18
0.182
0.183
0.185
0.187
0.188
0.19
0.191
0.193
0.194
0.196
0.197
0.199
0.2
0.202
0.203
0.205
0.206
0.208
0.209
0.211
0.213
0.214
0.216
0.217
0.219
0.22
0.222
0.223
0.225
0.226
0.228
0.229
0.231
0.232
0.234
0.235
0.237
0.239
0.24
0.242
0.243
0.245
0.246
0.248
0.249
0.251
0.252
0.254
0.255
0.257
0.258
0.26
0.261
0.263
0.265
0.266
0.268
0.269
0.271
0.272
0.274
0.275
0.277
0.278
0.28
0.281
0.283
0.284
0.286
0.287
0.289
0.291
0.292
0.294
0.295
0.297
0.298
0.3
0.301
0.303
0.304
0.306
0.307
0.309
0.31
0.312
0.313
0.315
0.317
0.318
0.32
0.321
0.323
0.324
0.326
0.327
0.329
0.33
0.332
0.333
0.33
0.327
0.323
0.32
0.316
0.313
0.31
0.306
0.303
0.299
0.296
0.293
0.289
0.286
0.282
0.279
0.276
0.272
0.269
0.265
0.262
0.259
0.255
0.252
0.248
0.245
0.241
0.238
0.235
0.231
0.228
0.224
0.221
0.218
0.214
0.211
0.207
0.204
0.201
0.197
0.194
0.19
0.187
0.184
0.18
0.177
0.173
0.17
0.167
0.167
0.168
0.169
0.169
0.17
0.171
0.171
0.172
0.173
0.173
0.174
0.175
0.175
0.176
0.177
0.177
0.178
0.179
0.179
0.18
0.181
0.181
0.182
0.183
0.183
0.184
0.185
0.185
0.186
0.187
0.188
0.188
0.189
0.19
0.19
0.191
0.192
0.192
0.193
0.194
0.194
0.195
0.196
0.196
0.197
0.198
0.198
0.199
0.2
0.2
0.201
0.202
0.202
0.203
0.204
0.204
0.205
0.206
0.206
0.207
0.208
0.208
0.209
0.21
0.21
0.211
0.212
0.212
0.213
0.214
0.214
0.215
0.216
0.216
0.217
0.218
0.218
0.219
0.22
0.22
0.221
0.222
0.222
0.223
0.224
0.224
0.225
0.226
0.226
0.227
0.228
0.228
0.229
0.23
0.231
0.231
0.232
0.233
0.233
0.234
0.235
0.235
0.236
0.237
0.237
0.238
0.239
0.239
0.24
0.241
0.241
0.242
0.243
0.243
0.244
0.245
0.245
0.246
0.247
0.247
0.248
0.249
0.249
0.25
0.262
0.273
0.285
0.297
0.309
0.32
0.332
0.344
0.355
0.367
0.379
0.39
0.402
0.414
0.426
0.437
0.449
0.461
0.472
0.484
0.496
0.507
0.519
0.531
0.543
0.554
0.566
0.578
0.589
0.601
0.613
0.624
0.636
0.648
0.66
0.671
0.683
0.695
0.706
0.718
0.73
0.741
0.753
0.765
0.777
0.788
0.8
0.8
0.8
0.8
0.799
0.799
0.799
0.799
0.799
0.799
0.798
0.798
0.798
0.798
0.798
0.798
0.798
0.797
0.797
0.797
0.797
0.797
0.797
0.796
0.796
0.796
0.796
0.796
0.796
0.796
0.795
0.795
0.795
0.795
0.795
0.795
0.794
0.794
0.794
0.794
0.794
0.794
0.794
0.793
0.793
0.793
0.793
0.793
0.793
0.792
0.792
0.792
0.792
0.792
0.792
0.792
0.791
0.791
0.791
0.791
0.791
0.791
0.79
0.79
0.79
0.79
0.79
0.79
0.79
0.789
0.789
0.789
0.789
0.789
0.789
0.788
0.788
0.788
0.788
0.788
0.788
0.788
0.787
0.787
0.787
0.787
0.787
0.787
0.786
0.786
0.786
0.786
0.786
0.786
0.786
0.785
0.785
0.785
0.785
0.785
0.785
0.784
0.784
0.784
0.784
0.784
0.784
0.784
0.783
0.783
0.783
0.783
0.783
0.783
0.782
0.782
0.782
0.782
0.782
0.782
0.782
0.781
0.781
0.781
0.781
0.781
0.781
0.78
0.78
0.78
0.78
0.78
0.78
0.78
0.779
0.779
0.779
0.779
0.779
0.779
0.778
0.778
0.778
0.778
0.778
0.778
0.778
0.777
0.777
0.777
0.777
0.777
0.777
0.776
0.776
0.776
0.776
0.776
0.776
0.776
0.775
0.775
0.775
0.775
0.775
0.775
0.774
0.774
0.774
0.774
0.774
0.774
0.774
0.773
0.773
0.773
0.773
0.773
0.773
0.772
0.772
0.772
0.772
0.772
0.772
0.772
0.771
0.771
0.771
0.771
0.771
0.771
0.77
0.77
0.77
0.77
0.77
0.77
0.77
0.769
0.769
0.769
0.769
0.769
0.769
0.768
0.768
0.768
0.768
0.768
0.768
0.768
0.767
0.767
0.767
0.767
0.767
0.767
0.766
0.766
0.766
0.766
0.766
0.766
0.766
0.765
0.765
0.765
0.765
0.765
0.765
0.764
0.764
0.764
0.764
0.764
0.764
0.764
0.763
0.763
0.763
0.763
0.763
0.763
0.762
0.762
0.762
0.762
0.762
0.762
0.762
0.761
0.761
0.761
0.761
0.761
0.761
0.76
0.76
0.76
0.76
0.76
0.76
0.76
0.759
0.759
0.759
0.759
0.759
0.759
0.758
0.758
0.758
0.758
0.758
0.758
0.758
0.757
0.757
0.757
0.757
0.757
0.757
0.756
0.756
0.756
0.756
0.756
0.756
0.756
0.755
0.755
0.755
0.755
0.755
0.755
0.754
0.754
0.754
0.754
0.754
0.754
0.754
0.753
0.753
0.753
0.753
0.753
0.753
0.752
0.752
0.752
0.752
0.752
0.752
0.752
0.751
0.751
0.751
0.751
0.751
0.751
0.75
0.75
0.75
0.75
0.747
0.745
0.742
0.739
0.737
0.734
0.731
0.729
0.726
0.723
0.721
0.718
0.715
0.712
0.71
0.707
0.704
0.702
0.699
0.696
0.694
0.691
0.688
0.686
0.683
0.68
0.678
0.675
0.672
0.67
0.667
0.664
0.662
0.659
0.656
0.654
0.651
0.648
0.646
0.643
0.64
0.638
0.635
0.632
0.629
0.627
0.624
0.621
0.619
0.616
0.613
0.611
0.608
0.605
0.603
0.6
0.535
0.469
0.404
0.339
0.273
0.208
0.143
0.15
0.158
0.165
0.172
0.18
0.187
0.195
0.202
0.209
0.217
0.224
0.232
0.239
0.247
0.254
0.261
0.269
0.276
0.284
0.291
0.298
0.306
0.313
0.321
0.328
0.335
0.343
0.35
0.358
0.365
0.372
0.38
0.387
0.395
0.402
0.409
0.417
0.424
0.432
0.439
0.446
0.454
0.461
0.469
0.476
0.483
0.491
0.498
0.506
0.513
0.52
0.528
0.535
0.543
0.55
0.557
0.565
0.572
0.58
0.587
0.595
0.602
0.609
0.617
0.624
0.632
0.639
0.646
0.654
0.661
0.669
0.676
0.683
0.691
0.698
0.706
0.713
0.72
0.728
0.735
0.743
0.75
0.748
0.747
0.745
0.743
0.741
0.74
0.738
0.736
0.734
0.733
0.731
0.729
0.727
0.726
0.724
0.722
0.72
0.719
0.717
0.715
0.714
0.712
0.71
0.708
0.707
0.705
0.703
0.701
0.7
0.698
0.696
0.694
0.693
0.691
0.689
0.688
0.686
0.684
0.682
0.681
0.679
0.677
0.675
0.674
0.672
0.67
0.668
0.667
0.665
0.663
0.661
0.66
0.658
0.656
0.655
0.653
0.651
0.649
0.648
0.646
0.644
0.642
0.641
0.639
0.637
0.635
0.634
0.632
0.63
0.628
0.627
0.625
0.623
0.622
0.62
0.618
0.616
0.615
0.613
0.611
0.609
0.608
0.606
0.604
0.602
0.601
0.599
0.597
0.595
0.594
0.592
0.59
0.589
0.587
0.585
0.583
0.582
0.58
0.578
0.576
0.575
0.573
0.571
0.569
0.568
0.566
0.564
0.562
0.561
0.559
0.557
0.556
0.554
0.552
0.55
0.549
0.547
0.545
0.543
0.542
0.54
0.538
0.536
0.535
0.533
0.531
0.53
0.528
0.526
0.524
0.523
0.521
0.519
0.517
0.516
0.514
0.512
0.51
0.509
0.507
0.505
0.503
0.502
0.5
0.498
0.497
0.495
0.493
0.491
0.49
0.488
0.486
0.484
0.483
0.481
0.479
0.477
0.476
0.474
0.472
0.47
0.469
0.467
0.465
0.464
0.462
0.46
0.458
0.457
0.455
0.453
0.451
0.45
0.448
0.446
0.444
0.443
0.441
0.439
0.438
0.436
0.434
0.432
0.431
0.429
0.427
0.425
0.424
0.422
0.42
0.418
0.417
0.415
0.413
0.411
0.41
0.408
0.406
0.405
0.403
0.401
0.399
0.398
0.396
0.394
0.392
0.391
0.389
0.387
0.385
0.384
0.382
0.38
0.378
0.377
0.375
0.373
0.372
0.37
0.368
0.366
0.365
0.363
0.361
0.359
0.358
0.356
0.354
0.352
0.351
0.349
0.347
0.345
0.344
0.342
0.34
0.339
0.337
0.335
0.333
0.332
0.33
0.328
0.326
0.325
0.323
0.321
0.319
0.318
0.316
0.314
0.312
0.311
0.309
0.307
0.306
0.304
0.302
0.3
0.299
0.297
0.295
0.293
0.292
0.29
0.288
0.286
0.285
0.283
0.281
0.28
0.278
0.276
0.274
0.273
0.271
0.269
0.267
0.266
0.264
0.262
0.26
0.259
0.257
0.255
0.253
0.252
0.25
0.248
0.247
0.245
0.243
0.241
0.24
0.238
0.236
0.234
0.233
0.231
0.229
0.227
0.226
0.224
0.222
0.22
0.219
0.217
0.215
0.214
0.212
0.21
0.208
0.207
0.205
0.203
0.201
0.2
0.198
0.196
0.194
0.193
0.191
0.189
0.188
0.186
0.184
0.182
0.181
0.179
0.177
0.175
0.174
0.172
0.17
0.168
0.167
0.165
0.163
0.161
0.16
0.158
0.156
0.155
0.153
0.151
0.149
0.148
0.146
0.144
0.142
0.141
0.139
0.137
0.135
0.134
0.132
0.13
0.128
0.127
0.125
0.123
0.122
0.12
0.118
0.116
0.115
0.113
0.111
0.113
0.114
0.116
0.117
0.119
0.12
0.122
0.123
0.125
0.126
0.128
0.13
0.131
0.133
0.134
0.136
0.137
0.139
0.14
0.142
0.143
0.145
0.146
0.148
0.149
0.151
0.152
0.154
0.156
0.157
0.159
0.16
0.162
0.163
0.165
0.166
0.168
0.169
0.171
0.172
0.174
0.175
0.177
0.179
0.18
0.182
0.183
0.185
0.186
0.188
0.189
0.191
0.192
0.194
0.195
0.197
0.198
0.2
0.205
0.21
0.215
0.22
0.225
0.23
0.235
0.24
0.245
0.25
0.241
0.232
0.223
0.215
0.206
0.197
0.188
0.179
0.17
0.162
0.153
0.144
0.135
0.126
0.117
0.109
0.1
0.091
0.092
0.092
0.093
0.094
0.094
0.095
0.096
0.096
0.097
0.097
0.098
0.099
0.099
0.1
0.101
0.101
0.102
0.103
0.103
0.104
0.105
0.105
0.106
0.107
0.107
0.108
0.109
0.109
0.11
0.111
0.111
0.112
0.113
0.113
0.114
0.115
0.115
0.116
0.117
0.117
0.118
0.119
0.119
0.12
0.12
0.121
0.122
0.122
0.123
0.124
0.124
0.125
0.126
0.126
0.127
0.128
0.128
0.129
0.13
0.13
0.131
0.132
0.132
0.133
0.134
0.134
0.135
0.136
0.136
0.137
0.138
0.138
0.139
0.14
0.14
0.141
0.142
0.142
0.143
0.144
0.144
0.145
0.145
0.146
0.147
0.147
0.148
0.149
0.149
0.15
0.151
0.151
0.152
0.153
0.153
0.154
0.155
0.155
0.156
0.157
0.157
0.158
0.159
0.159
0.16
0.161
0.161
0.162
0.163
0.163
0.164
0.165
0.165
0.166
0.167
0.167
0.168
0.168
0.169
0.17
0.17
0.171
0.172
0.172
0.173
0.174
0.174
0.175
0.176
0.176
0.177
0.178
0.178
0.179
0.18
0.18
0.181
0.182
0.182
0.183
0.184
0.184
0.185
0.186
0.186
0.187
0.188
0.188
0.189
0.19
0.19
0.191
0.191
0.192
0.193
0.193
0.194
0.195
0.195
0.196
0.197
0.197
0.198
0.199
0.199
0.2
0.201
0.201
0.202
0.203
0.203
0.204
0.205
0.205
0.206
0.207
0.207
0.208
0.209
0.209
0.21
0.211
0.211
0.212
0.213
0.213
0.214
0.215
0.215
0.216
0.216
0.217
0.218
0.218
0.219
0.22
0.22
0.221
0.222
0.222
0.223
0.224
0.224
0.225
0.226
0.226
0.227
0.228
0.228
0.229
0.23
0.23
0.231
0.232
0.232
0.233
0.234
0.234
0.235
0.236
0.236
0.237
0.238
0.238
0.239
0.239
0.24
0.241
0.241
0.242
0.243
0.243
0.244
0.245
0.245
0.246
0.247
0.247
0.248
0.249
0.249
0.25
0.251
0.251
0.252
0.253
0.254
0.254
0.255
0.256
0.257
0.257
0.258
0.259
0.26
0.26
0.261
0.262
0.262
0.263
0.264
0.265
0.265
0.266
0.267
0.268
0.268
0.269
0.27
0.27
0.271
0.272
0.273
0.273
0.274
0.275
0.276
0.276
0.277
0.278
0.279
0.279
0.28
0.281
0.281
0.282
0.283
0.284
0.284
0.285
0.286
0.287
0.287
0.288
0.289
0.289
0.29
0.291
0.292
0.292
0.293
0.294
0.295
0.295
0.296
0.297
0.298
0.298
0.299
0.3
0.3
0.301
0.302
0.303
0.303
0.304
0.305
0.306
0.306
0.307
0.308
0.308
0.309
0.31
0.311
0.311
0.312
0.313
0.314
0.314
0.315
0.316
0.317
0.317
0.318
0.319
0.319
0.32
0.321
0.322
0.322
0.323
0.324
0.325
0.325
0.326
0.327
0.327
0.328
0.329
0.33
0.33
0.331
0.332
0.333
0.333
0.332
0.33
0.328
0.326
0.324
0.322
0.321
0.319
0.317
0.315
0.313
0.312
0.31
0.308
0.306
0.304
0.303
0.301
0.299
0.297
0.295
0.293
0.292
0.29
0.288
0.286
0.284
0.283
0.281
0.279
0.277
0.275
0.274
0.272
0.27
0.268
0.266
0.264
0.263
0.261
0.259
0.257
0.255
0.254
0.252
0.25
0.248
0.246
0.245
0.243
0.241
0.239
0.237
0.236
0.234
0.232
0.23
0.228
0.226
0.225
0.223
0.221
0.219
0.217
0.216
0.214
0.212
0.21
0.208
0.207
0.205
0.203
0.201
0.199
0.197
0.196
0.194
0.192
0.19
0.188
0.187
0.185
0.183
0.181
0.179
0.178
0.176
0.174
0.172
0.17
0.168
0.167
0.167
0.167
0.167
0.167
0.167
0.167
0.167
0.167
0.167
0.167
0.167
0.167
0.167
0.167
0.167
0.167
0.167
0.167
0.167
0.167
0.167
0.167
0.167
0.167
0.167
0.167
0.167
0.167
0.167
0.167
0.167
0.167
0.167
0.167
0.167
0.167
0.167
0.167
0.167
0.167
0.167
0.167
0.167
0.167
0.167
0.167
0.167
0.167
0.167
0.167
0.167
0.167
0.167
0.167
0.167
0.167
0.167
0.167
0.167
0.167
0.167
0.167
0.167
0.167
0.167
0.167
0.167
0.167
0.167
0.167
0.167
0.167
0.167
0.167
0.167
0.167
0.167
0.167
0.167
0.167
0.167
0.167
0.167
0.167
0.167
0.167
0.167
0.167
0.167
0.167
0.167
0.167
0.167
0.167
0.167
0.167
0.167
0.167
0.167
0.167
0.167
0.167
0.167
0.167
0.167
0.167
0.167
0.167
0.167
0.167
0.167
0.167
0.167
0.167
0.167
0.167
0.167
0.167
0.167
0.167
0.167
0.167
0.167
0.167
0.167
0.167
0.167
0.167
0.167
0.167
0.167
0.167
