0.0
0.191
0.378
0.561
0.74
0.916
1.088
1.256
1.421
1.582
1.739
1.893
2.043
2.19
2.333
2.473
2.61
2.743
2.872
2.999
3.122
3.242
3.358
3.472
3.582
3.689
3.793
3.894
3.992
4.087
4.179
4.267
4.353
4.436
4.516
4.594
4.668
4.74
4.809
4.875
4.938
4.999
5.057
5.112
5.165
5.216
5.264
5.309
5.352
5.392
5.43
5.466
5.499
5.53
5.559
5.585
5.609
5.631
5.651
5.668
5.684
5.697
5.709
5.718
5.725
5.731
5.734
5.736
5.735
5.733
5.729
5.723
5.715
5.706
5.695
5.682
5.668
5.652
5.634
5.615
5.595
5.572
5.549
5.524
5.497
5.469
5.44
5.41
5.378
5.345
5.31
5.275
5.238
5.2
5.161
5.121
5.08
5.038
4.995
4.951
4.906
4.86
4.813
4.765
4.717
4.667
4.617
4.566
4.515
4.463
4.41
4.356
4.302
4.248
4.193
4.137
4.081
4.024
3.967
3.91
3.852
3.794
3.736
3.678
3.619
3.56
3.501
3.441
3.382
3.322
3.263
3.203
3.144
3.084
3.025
2.965
2.906
2.847
2.788
2.729
2.67
2.612
2.554
2.497
2.439
2.382
2.326
2.27
2.214
2.159
2.105
2.051
1.997
1.945
1.892
1.841
1.79
1.74
1.691
1.643
1.595
1.548
1.502
1.457
1.413
1.37
1.328
1.287
1.247
1.209
1.171
1.134
1.099
1.065
1.032
1.0
0.953
0.907
0.863
0.82
0.779
0.739
0.7
0.663
0.627
0.593
0.561
0.53
0.501
0.474
0.448
0.424
0.402
0.381
0.362
0.346
0.331
0.318
0.307
0.298
0.291
0.286
0.312
0.341
0.371
0.402
0.435
0.468
0.502
0.537
0.572
0.607
0.641
0.675
0.709
0.741
0.772
0.802
0.831
0.857
0.857
0.856
0.852
0.846
0.839
0.83
0.82
0.808
0.795
0.78
0.765
0.748
0.73
0.711
0.691
0.671
0.65
0.628
0.606
0.583
0.56
0.537
0.513
0.49
0.467
0.443
0.42
0.397
0.375
0.362
0.35
0.338
0.326
0.315
0.304
0.294
0.284
0.275
0.266
0.257
0.249
0.242
0.234
0.227
0.221
0.215
0.209
0.204
0.199
0.194
0.19
0.187
0.183
0.18
0.177
0.175
0.173
0.172
0.17
0.169
0.169
0.169
0.169
0.169
0.17
0.171
0.172
0.174
0.176
0.179
0.181
0.184
0.187
0.191
0.195
0.199
0.203
0.208
0.213
0.218
0.223
0.229
0.235
0.241
0.247
0.254
0.261
0.268
0.276
0.283
0.291
0.299
0.307
0.316
0.324
0.333
0.342
0.352
0.361
0.371
0.381
0.391
0.401
0.411
0.422
0.433
0.443
0.454
0.466
0.477
0.488
0.5
0.517
0.534
0.551
0.568
0.585
0.602
0.618
0.634
0.65
0.665
0.68
0.695
0.708
0.721
0.733
0.745
0.755
0.765
0.773
0.781
0.787
0.792
0.796
0.799
0.8
0.781
0.762
0.74
0.718
0.695
0.671
0.646
0.621
0.595
0.568
0.542
0.515
0.488
0.462
0.435
0.409
0.383
0.358
0.333
0.32
0.308
0.296
0.286
0.276
0.266
0.257
0.249
0.242
0.235
0.228
0.223
0.217
0.212
0.208
0.204
0.201
0.198
0.195
0.193
0.191
0.19
0.188
0.187
0.186
0.186
0.186
0.186
0.186
0.186
0.186
0.187
0.187
0.188
0.188
0.189
0.189
0.19
0.191
0.191
0.191
0.192
0.192
0.192
0.191
0.191
0.19
0.189
0.188
0.186
0.184
0.182
0.179
0.177
0.173
0.169
0.165
0.16
0.155
0.149
0.143
0.14
0.137
0.133
0.13
0.125
0.121
0.117
0.113
0.108
0.104
0.101
0.097
0.094
0.092
0.09
0.088
0.088
0.088
0.09
0.092
0.095
0.1
0.106
0.113
0.121
0.131
0.143
0.157
0.172
0.189
0.207
0.228
0.251
0.276
0.304
0.333
0.371
0.411
0.453
0.497
0.542
0.588
0.635
0.682
0.73
0.778
0.826
0.873
0.919
0.965
1.009
1.051
1.092
1.131
1.167
1.201
1.232
1.26
1.284
1.305
1.322
1.334
1.343
1.346
1.345
1.338
1.326
1.308
1.284
1.254
1.218
1.174
1.123
1.066
1.0
0.835
0.667
0.5
0.419
0.344
0.273
0.207
0.145
0.087
0.035
-0.014
-0.059
-0.1
-0.136
-0.169
-0.198
-0.224
-0.246
-0.265
-0.28
-0.293
-0.302
-0.308
-0.312
-0.312
-0.31
-0.306
-0.299
-0.289
-0.278
-0.264
-0.249
-0.231
-0.212
-0.19
-0.168
-0.144
-0.118
-0.091
-0.063
-0.034
-0.004
0.027
0.059
0.091
0.124
0.158
0.192
0.226
0.26
0.294
0.328
0.362
0.395
0.429
0.493
0.556
0.618
0.68
0.74
0.799
0.857
0.884
0.91
0.933
0.956
0.977
0.996
1.014
1.031
1.046
1.06
1.073
1.085
1.095
1.104
1.112
1.12
1.126
1.131
1.135
1.138
1.14
1.141
1.142
1.142
1.141
1.139
1.136
1.133
1.13
1.125
1.121
1.115
1.11
1.103
1.097
1.09
1.083
1.075
1.067
1.059
1.051
1.043
1.034
1.026
1.017
1.009
1.0
0.983
0.967
0.95
0.934
0.917
0.901
0.885
0.869
0.853
0.837
0.821
0.806
0.79
0.775
0.76
0.744
0.729
0.715
0.7
0.685
0.671
0.657
0.642
0.628
0.615
0.601
0.587
0.574
0.561
0.548
0.535
0.523
0.51
0.498
0.486
0.474
0.463
0.451
0.44
0.429
0.419
0.408
0.398
0.388
0.378
0.369
0.36
0.351
0.342
0.333
0.332
0.331
0.331
0.33
0.33
0.33
0.331
0.331
0.332
0.333
0.334
0.335
0.337
0.339
0.341
0.343
0.345
0.348
0.351
0.354
0.357
0.36
0.363
0.367
0.37
0.374
0.378
0.382
0.386
0.39
0.395
0.399
0.404
0.408
0.413
0.418
0.423
0.428
0.433
0.438
0.443
0.448
0.453
0.459
0.464
0.469
0.475
0.48
0.486
0.491
0.496
0.502
0.507
0.513
0.518
0.524
0.529
0.534
0.54
0.545
0.55
0.555
0.56
0.565
0.57
0.575
0.58
0.585
0.589
0.594
0.598
0.603
0.607
0.611
0.615
0.619
0.623
0.627
0.63
0.633
0.637
0.64
0.643
0.645
0.648
0.65
0.652
0.654
0.656
0.658
0.659
0.66
0.661
0.662
0.663
0.663
0.663
0.663
0.663
0.662
0.661
0.66
0.659
0.657
0.655
0.653
0.65
0.648
0.645
0.641
0.638
0.634
0.629
0.625
0.62
0.614
0.609
0.603
0.597
0.59
0.583
0.575
0.568
0.56
0.551
0.542
0.533
0.523
0.513
0.503
0.492
0.481
0.469
0.457
0.444
0.432
0.42
0.408
0.396
0.385
0.375
0.366
0.358
0.352
0.348
0.345
0.346
0.349
0.355
0.364
0.376
0.393
0.413
0.437
0.466
0.5
0.579
0.661
0.746
0.832
0.917
1.0
1.033
1.062
1.089
1.112
1.133
1.151
1.166
1.179
1.189
1.197
1.202
1.205
1.206
1.205
1.201
1.196
1.189
1.18
1.169
1.157
1.143
1.128
1.111
1.093
1.074
1.053
1.032
1.009
0.986
0.962
0.937
0.911
0.885
0.859
0.832
0.804
0.777
0.749
0.721
0.694
0.666
0.639
0.611
0.584
0.558
0.532
0.506
0.482
0.457
0.434
0.412
0.391
0.37
0.351
0.333
0.323
0.314
0.305
0.299
0.293
0.288
0.284
0.281
0.279
0.278
0.278
0.278
0.279
0.28
0.282
0.285
0.288
0.291
0.295
0.299
0.303
0.307
0.312
0.316
0.321
0.325
0.329
0.333
0.337
0.34
0.343
0.346
0.349
0.351
0.353
0.355
0.357
0.359
0.36
0.362
0.363
0.364
0.364
0.365
0.365
0.366
0.366
0.366
0.366
0.366
0.365
0.365
0.364
0.363
0.362
0.361
0.36
0.359
0.358
0.357
0.355
0.354
0.352
0.35
0.349
0.347
0.345
0.343
0.341
0.339
0.337
0.335
0.333
0.331
0.329
0.327
0.325
0.322
0.32
0.318
0.316
0.314
0.312
0.31
0.308
0.306
0.304
0.302
0.3
0.298
0.296
0.295
0.293
0.291
0.29
0.288
0.287
0.286
0.286
0.287
0.287
0.288
0.289
0.29
0.291
0.292
0.293
0.295
0.296
0.297
0.299
0.3
0.302
0.304
0.305
0.307
0.309
0.311
0.313
0.315
0.318
0.32
0.322
0.324
0.327
0.329
0.332
0.334
0.337
0.34
0.342
0.345
0.348
0.351
0.354
0.356
0.359
0.362
0.365
0.368
0.372
0.375
0.378
0.381
0.384
0.388
0.391
0.394
0.397
0.401
0.404
0.407
0.411
0.414
0.418
0.421
0.425
0.428
0.431
0.435
0.438
0.442
0.445
0.449
0.452
0.456
0.459
0.463
0.466
0.47
0.473
0.476
0.48
0.483
0.487
0.49
0.493
0.497
0.5
0.503
0.506
0.509
0.512
0.515
0.517
0.52
0.523
0.526
0.529
0.531
0.534
0.537
0.539
0.542
0.544
0.547
0.549
0.551
0.554
0.556
0.558
0.561
0.563
0.565
0.567
0.569
0.571
0.573
0.575
0.577
0.578
0.58
0.582
0.583
0.585
0.587
0.588
0.589
0.591
0.592
0.593
0.594
0.595
0.596
0.597
0.598
0.599
0.599
0.6
0.6
0.6
0.6
0.6
0.6
0.6
0.6
0.6
0.6
0.599
0.599
0.599
0.599
0.598
0.598
0.598
0.598
0.598
0.598
0.598
0.598
0.598
0.598
0.598
0.598
0.599
0.599
0.6
0.6
0.601
0.602
0.603
0.604
0.605
0.606
0.608
0.61
0.611
0.613
0.615
0.618
0.62
0.623
0.626
0.629
0.632
0.636
0.639
0.643
0.648
0.652
0.657
0.662
0.667
0.673
0.68
0.688
0.695
0.703
0.711
0.719
0.727
0.735
0.743
0.752
0.76
0.768
0.777
0.785
0.794
0.802
0.81
0.819
0.827
0.835
0.843
0.85
0.858
0.865
0.872
0.879
0.886
0.892
0.898
0.904
0.909
0.914
0.919
0.923
0.927
0.931
0.934
0.936
0.938
0.94
0.941
0.941
0.941
0.94
0.939
0.937
0.935
0.931
0.928
0.923
0.918
0.912
0.905
0.897
0.889
0.868
0.846
0.823
0.8
0.777
0.753
0.729
0.705
0.68
0.656
0.632
0.609
0.586
0.563
0.541
0.519
0.498
0.479
0.46
0.442
0.425
0.41
0.396
0.384
0.373
0.364
0.376
0.391
0.407
0.424
0.442
0.462
0.482
0.503
0.525
0.547
0.57
0.593
0.616
0.639
0.662
0.684
0.706
0.727
0.735
0.741
0.747
0.753
0.757
0.761
0.764
0.767
0.769
0.77
0.771
0.771
0.77
0.769
0.767
0.765
0.763
0.759
0.756
0.752
0.747
0.742
0.737
0.731
0.725
0.718
0.711
0.704
0.696
0.689
0.68
0.672
0.663
0.654
0.645
0.636
0.626
0.617
0.607
0.597
0.587
0.576
0.566
0.556
0.545
0.535
0.524
0.514
0.503
0.493
0.482
0.472
0.462
0.451
0.441
0.431
0.421
0.411
0.402
0.393
0.383
0.374
0.366
0.357
0.349
0.341
0.333
0.329
0.325
0.321
0.318
0.314
0.311
0.309
0.307
0.304
0.303
0.301
0.3
0.299
0.298
0.298
0.297
0.297
0.297
0.298
0.298
0.299
0.3
0.301
0.303
0.304
0.306
0.308
0.31
0.313
0.315
0.318
0.321
0.324
0.327
0.33
0.333
0.342
0.352
0.361
0.37
0.38
0.39
0.4
0.41
0.42
0.43
0.441
0.451
0.462
0.473
0.484
0.495
0.506
0.518
0.529
0.541
0.553
0.565
0.577
0.589
0.602
0.615
0.627
0.64
0.653
0.667
0.678
0.689
0.7
0.71
0.72
0.728
0.736
0.743
0.748
0.751
0.753
0.753
0.75
0.726
0.699
0.671
0.641
0.609
0.577
0.543
0.508
0.473
0.438
0.403
0.368
0.333
0.316
0.3
0.284
0.269
0.254
0.241
0.227
0.215
0.203
0.192
0.182
0.172
0.162
0.154
0.145
0.138
0.131
0.124
0.118
0.113
0.108
0.104
0.1
0.096
0.093
0.091
0.089
0.087
0.086
0.085
0.085
0.085
0.086
0.087
0.088
0.089
0.091
0.094
0.096
0.099
0.103
0.106
0.11
0.114
0.118
0.123
0.128
0.133
0.138
0.144
0.15
0.155
0.162
0.168
0.174
0.181
0.188
0.195
0.202
0.209
0.216
0.223
0.23
0.238
0.245
0.253
0.26
0.268
0.276
0.283
0.291
0.299
0.306
0.314
0.321
0.328
0.336
0.343
0.35
0.357
0.364
0.371
0.378
0.384
0.391
0.397
0.403
0.409
0.415
0.42
0.426
0.431
0.436
0.44
0.444
0.447
0.449
0.451
0.453
0.454
0.455
0.456
0.457
0.458
0.458
0.458
0.458
0.458
0.457
0.456
0.455
0.454
0.453
0.452
0.45
0.448
0.446
0.444
0.442
0.44
0.437
0.435
0.432
0.429
0.426
0.423
0.42
0.417
0.414
0.41
0.407
0.403
0.4
0.396
0.392
0.388
0.385
0.381
0.377
0.373
0.369
0.365
0.361
0.357
0.353
0.349
0.345
0.341
0.337
0.333
0.33
0.328
0.325
0.322
0.319
0.316
0.314
0.311
0.308
0.306
0.303
0.3
0.298
0.295
0.293
0.29
0.288
0.285
0.283
0.281
0.278
0.276
0.274
0.272
0.269
0.267
0.265
0.263
0.261
0.259
0.257
0.255
0.253
0.251
0.249
0.247
0.245
0.243
0.242
0.24
0.238
0.236
0.235
0.233
0.231
0.23
0.228
0.226
0.225
0.223
0.222
0.22
0.219
0.217
0.216
0.215
0.213
0.212
0.211
0.209
0.208
0.207
0.206
0.204
0.203
0.202
0.201
0.2
0.199
0.198
0.197
0.196
0.195
0.194
0.193
0.192
0.191
0.19
0.189
0.189
0.188
0.187
0.186
0.185
0.185
0.184
0.183
0.183
0.182
0.181
0.181
0.18
0.18
0.179
0.179
0.178
0.178
0.177
0.177
0.176
0.176
0.175
0.175
0.175
0.174
0.174
0.174
0.173
0.173
0.173
0.173
0.172
0.172
0.172
0.172
0.172
0.172
0.171
0.171
0.171
0.171
0.171
0.171
0.171
0.171
0.171
0.171
0.171
0.171
0.171
0.171
0.171
0.172
0.172
0.172
0.172
0.172
0.172
0.173
0.173
0.173
0.173
0.173
0.174
0.174
0.174
0.175
0.175
0.175
0.176
0.176
0.176
0.177
0.177
0.177
0.178
0.178
0.179
0.179
0.18
0.18
0.18
0.181
0.181
0.182
0.182
0.183
0.184
0.184
0.185
0.185
0.186
0.186
0.187
0.187
0.188
0.189
0.189
0.19
0.191
0.191
0.192
0.193
0.193
0.194
0.195
0.195
0.196
0.197
0.197
0.198
0.199
0.2
0.2
0.201
0.202
0.203
0.203
0.204
0.205
0.206
0.206
0.207
0.208
0.209
0.21
0.21
0.211
0.212
0.213
0.214
0.214
0.215
0.216
0.217
0.218
0.219
0.22
0.22
0.221
0.222
0.223
0.224
0.225
0.226
0.226
0.227
0.228
0.229
0.23
0.231
0.232
0.233
0.233
0.234
0.235
0.236
0.237
0.238
0.239
0.24
0.241
0.241
0.242
0.243
0.244
0.245
0.246
0.247
0.248
0.248
0.249
0.25
0.251
0.252
0.253
0.254
0.255
0.255
0.256
0.257
0.258
0.259
0.26
0.261
0.261
0.262
0.263
0.264
0.265
0.266
0.266
0.267
0.268
0.269
0.27
0.27
0.271
0.272
0.273
0.274
0.274
0.275
0.276
0.277
0.277
0.278
0.279
0.28
0.28
0.281
0.282
0.283
0.283
0.284
0.285
0.285
0.286
0.287
0.287
0.288
0.289
0.289
0.29
0.29
0.291
0.292
0.292
0.293
0.293
0.294
0.295
0.295
0.296
0.296
0.297
0.297
0.298
0.298
0.299
0.299
0.3
0.3
0.3
0.301
0.301
0.302
0.302
0.302
0.303
0.303
0.304
0.304
0.304
0.304
0.305
0.305
0.305
0.306
0.306
0.306
0.306
0.306
0.307
0.307
0.307
0.307
0.307
0.307
0.308
0.308
0.308
0.308
0.308
0.308
0.308
0.308
0.308
0.308
0.308
0.308
0.308
0.308
0.307
0.307
0.307
0.307
0.307
0.307
0.306
0.306
0.306
0.306
0.305
0.305
0.305
0.305
0.304
0.304
0.303
0.303
0.303
0.302
0.302
0.301
0.301
0.3
0.3
0.299
0.299
0.298
0.297
0.297
0.296
0.295
0.295
0.294
0.293
0.293
0.292
0.291
0.29
0.289
0.288
0.288
0.287
0.286
0.285
0.285
0.284
0.283
0.283
0.282
0.281
0.281
0.28
0.279
0.278
0.278
0.277
0.276
0.276
0.275
0.274
0.274
0.273
0.272
0.272
0.271
0.271
0.27
0.27
0.269
0.269
0.268
0.268
0.267
0.267
0.267
0.267
0.266
0.266
0.266
0.266
0.266
0.266
0.266
0.266
0.266
0.267
0.267
0.267
0.268
0.268
0.269
0.27
0.27
0.271
0.272
0.273
0.274
0.275
0.277
0.278
0.279
0.281
0.282
0.284
0.286
0.288
0.29
0.292
0.294
0.296
0.299
0.301
0.304
0.307
0.31
0.313
0.316
0.319
0.322
0.326
0.33
0.333
0.341
0.349
0.356
0.364
0.372
0.38
0.388
0.396
0.405
0.413
0.421
0.429
0.437
0.445
0.453
0.461
0.469
0.477
0.485
0.493
0.5
0.503
0.507
0.51
0.513
0.515
0.518
0.521
0.523
0.525
0.527
0.529
0.53
0.532
0.533
0.534
0.535
0.536
0.536
0.537
0.537
0.537
0.536
0.536
0.535
0.534
0.533
0.531
0.53
0.528
0.526
0.523
0.521
0.518
0.515
0.512
0.508
0.504
0.5
0.496
0.491
0.486
0.482
0.477
0.472
0.467
0.463
0.458
0.454
0.451
0.447
0.445
0.442
0.441
0.44
0.439
0.44
0.441
0.443
0.446
0.45
0.456
0.462
0.47
0.478
0.488
0.5
0.529
0.558
0.589
0.621
0.653
0.686
0.719
0.753
0.786
0.819
0.851
0.883
0.914
0.944
0.973
1.0
1.01
1.019
1.026
1.031
1.036
1.039
1.041
1.042
1.042
1.041
1.039
1.037
1.034
1.03
1.026
1.021
1.016
1.011
1.006
1.0
0.989
0.977
0.966
0.955
0.943
0.932
0.921
0.909
0.898
0.886
0.875
0.863
0.852
0.84
0.829
0.817
0.806
0.794
0.783
0.771
0.76
0.748
0.737
0.725
0.713
0.702
0.69
0.678
0.667
0.655
0.644
0.632
0.62
0.609
0.597
0.586
0.574
0.562
0.551
0.539
0.528
0.516
0.504
0.493
0.481
0.47
0.458
0.447
0.435
0.424
0.412
0.401
0.389
0.378
0.367
0.355
0.344
0.332
0.321
0.31
0.298
0.287
0.276
0.265
0.253
0.242
0.231
0.22
0.209
0.198
0.187
0.176
0.165
0.154
0.143
0.139
0.135
0.131
0.127
0.124
0.121
0.118
0.115
0.112
0.11
0.108
0.107
0.106
0.105
0.105
0.105
0.106
0.108
0.11
0.113
0.116
0.12
0.125
0.131
0.137
0.145
0.153
0.162
0.172
0.183
0.195
0.208
0.222
0.254
0.286
0.319
0.353
0.388
0.423
0.458
0.494
0.53
0.566
0.602
0.638
0.674
0.709
0.744
0.778
0.791
0.804
0.816
0.827
0.838
0.848
0.857
0.866
0.874
0.881
0.888
0.894
0.899
0.904
0.908
0.912
0.915
0.917
0.919
0.921
0.922
0.922
0.922
0.922
0.92
0.919
0.917
0.914
0.911
0.908
0.904
0.9
0.896
0.891
0.885
0.88
0.873
0.867
0.86
0.853
0.846
0.838
0.83
0.822
0.813
0.804
0.795
0.786
0.776
0.766
0.756
0.746
0.736
0.725
0.714
0.704
0.693
0.681
0.67
0.659
0.647
0.635
0.624
0.612
0.6
0.588
0.576
0.564
0.552
0.54
0.528
0.516
0.504
0.492
0.48
0.468
0.456
0.445
0.433
0.421
0.41
0.398
0.387
0.376
0.365
0.354
0.344
0.333
0.325
0.317
0.31
0.302
0.295
0.288
0.281
0.274
0.268
0.261
0.255
0.249
0.243
0.237
0.231
0.226
0.221
0.216
0.211
0.206
0.201
0.197
0.192
0.188
0.184
0.18
0.177
0.173
0.169
0.166
0.163
0.16
0.157
0.154
0.151
0.149
0.146
0.144
0.142
0.14
0.138
0.136
0.134
0.133
0.131
0.13
0.129
0.128
0.127
0.126
0.125
0.124
0.123
0.123
0.122
0.122
0.122
0.122
0.122
0.122
0.122
0.122
0.122
0.122
0.123
0.123
0.124
0.125
0.125
0.126
0.127
0.128
0.129
0.13
0.131
0.132
0.133
0.135
0.136
0.137
0.139
0.14
0.142
0.143
0.145
0.147
0.148
0.15
0.152
0.154
0.155
0.157
0.159
0.161
0.163
0.165
0.167
0.169
0.171
0.173
0.175
0.177
0.18
0.182
0.184
0.186
0.188
0.19
0.192
0.195
0.197
0.199
0.201
0.203
0.205
0.207
0.21
0.212
0.214
0.216
0.218
0.22
0.222
0.224
0.226
0.228
0.23
0.232
0.234
0.235
0.237
0.239
0.241
0.242
0.244
0.246
0.247
0.249
0.25
0.252
0.253
0.255
0.256
0.257
0.259
0.26
0.261
0.262
0.264
0.265
0.266
0.267
0.268
0.269
0.269
0.27
0.271
0.272
0.273
0.273
0.274
0.274
0.275
0.276
0.276
0.276
0.277
0.277
0.277
0.278
0.278
0.278
0.278
0.279
0.279
0.279
0.279
0.279
0.279
0.279
0.279
0.279
0.278
0.278
0.278
0.278
0.278
0.277
0.277
0.277
0.276
0.276
0.275
0.275
0.275
0.274
0.274
0.273
0.272
0.272
0.271
0.271
0.27
0.269
0.269
0.268
0.267
0.266
0.266
0.265
0.264
0.263
0.262
0.262
0.261
0.26
0.259
0.258
0.257
0.256
0.255
0.254
0.253
0.252
0.251
0.251
0.25
0.248
0.247
0.246
0.245
0.244
0.243
0.242
0.241
0.24
0.239
0.238
0.237
0.236
0.235
0.234
0.233
0.232
0.23
0.229
0.228
0.227
0.226
0.225
0.224
0.223
0.222
0.221
0.22
0.219
0.217
0.216
0.215
0.214
0.213
0.212
0.211
0.21
0.209
0.208
0.207
0.206
0.205
0.204
0.203
0.202
0.201
0.201
0.2
0.199
0.198
0.197
0.196
0.195
0.195
0.194
0.193
0.192
0.191
0.191
0.19
0.189
0.189
0.188
0.187
0.187
0.186
0.186
0.185
0.185
0.184
0.184
0.183
0.183
0.182
0.182
0.182
0.181
0.181
0.181
0.181
0.18
0.18
0.18
0.18
0.18
0.18
0.18
0.18
0.18
0.18
0.18
0.18
0.18
0.181
0.181
0.181
0.182
0.182
0.182
0.183
0.183
0.184
0.184
0.185
0.185
0.186
0.187
0.188
0.188
0.189
0.19
0.191
0.192
0.193
0.194
0.195
0.196
0.197
0.199
0.2
0.203
0.206
0.209
0.212
0.216
0.219
0.222
0.225
0.229
0.232
0.236
0.239
0.243
0.246
0.25
0.253
0.257
0.261
0.264
0.268
0.272
0.276
0.28
0.283
0.287
0.291
0.295
0.299
0.303
0.307
0.311
0.315
0.319
0.324
0.328
0.332
0.336
0.34
0.344
0.349
0.353
0.357
0.361
0.366
0.37
0.374
0.378
0.383
0.387
0.391
0.396
0.4
0.404
0.409
0.413
0.417
0.422
0.426
0.43
0.435
0.439
0.443
0.448
0.452
0.456
0.461
0.465
0.469
0.473
0.478
0.482
0.486
0.49
0.495
0.499
0.503
0.507
0.511
0.516
0.52
0.524
0.528
0.532
0.536
0.54
0.544
0.548
0.552
0.556
0.56
0.564
0.567
0.571
0.575
0.579
0.582
0.586
0.59
0.593
0.597
0.601
0.604
0.607
0.611
0.614
0.618
0.621
0.624
0.627
0.631
0.634
0.637
0.64
0.643
0.646
0.649
0.652
0.654
0.657
0.66
0.663
0.665
0.668
0.67
0.673
0.675
0.677
0.68
0.682
0.684
0.686
0.688
0.69
0.692
0.694
0.695
0.697
0.699
0.7
0.702
0.703
0.705
0.706
0.707
0.708
0.709
0.71
0.711
0.712
0.713
0.713
0.714
0.715
0.715
0.715
0.716
0.716
0.716
0.716
0.716
0.716
0.716
0.715
0.715
0.714
0.71
0.705
0.701
0.696
0.692
0.687
0.682
0.677
0.672
0.667
0.662
0.657
0.652
0.647
0.642
0.637
0.632
0.627
0.622
0.617
0.612
0.607
0.602
0.597
0.592
0.587
0.582
0.577
0.572
0.568
0.563
0.558
0.554
0.55
0.545
0.541
0.537
0.533
0.529
0.525
0.522
0.518
0.515
0.512
0.508
0.505
0.503
0.5
0.5
0.5
0.5
0.5
0.5
0.5
0.501
0.501
0.502
0.503
0.503
0.504
0.505
0.506
0.506
0.507
0.508
0.509
0.509
0.51
0.511
0.512
0.512
0.513
0.514
0.515
0.516
0.517
0.517
0.518
0.519
0.52
0.521
0.522
0.522
0.523
0.524
0.525
0.526
0.527
0.528
0.529
0.53
0.53
0.531
0.532
0.533
0.534
0.535
0.536
0.537
0.538
0.539
0.54
0.541
0.542
0.543
0.544
0.545
0.546
0.547
0.548
0.549
0.55
0.551
0.552
0.553
0.554
0.555
0.556
0.557
0.558
0.559
0.56
0.561
0.562
0.563
0.564
0.565
0.566
0.567
0.568
0.57
0.571
0.572
0.573
0.574
0.575
0.576
0.577
0.578
0.579
0.58
0.582
0.583
0.584
0.585
0.586
0.587
0.588
0.589
0.591
0.592
0.593
0.594
0.595
0.596
0.597
0.599
0.6
0.601
0.602
0.603
0.604
0.606
0.607
0.608
0.609
0.61
0.611
0.613
0.614
0.615
0.616
0.617
0.618
0.62
0.621
0.622
0.623
0.624
0.625
0.627
0.628
0.629
0.63
0.631
0.633
0.634
0.635
0.636
0.637
0.638
0.64
0.641
0.642
0.643
0.644
0.646
0.647
0.648
0.649
0.65
0.652
0.653
0.654
0.655
0.656
0.657
0.659
0.66
0.661
0.662
0.663
0.665
0.666
0.667
0.668
0.669
0.67
0.672
0.673
0.674
0.675
0.676
0.678
0.679
0.68
0.681
0.682
0.683
0.684
0.686
0.687
0.688
0.689
0.69
0.691
0.693
0.694
0.695
0.696
0.697
0.698
0.699
0.701
0.702
0.703
0.704
0.705
0.706
0.707
0.708
0.71
0.711
0.712
0.713
0.714
0.715
0.716
0.717
0.718
0.719
0.72
0.722
0.723
0.724
0.725
0.726
0.727
0.728
0.729
0.73
0.731
0.732
0.733
0.734
0.735
0.736
0.737
0.738
0.739
0.74
0.741
0.742
0.743
0.744
0.745
0.746
0.747
0.748
0.749
0.75
0.751
0.752
0.753
0.754
0.755
0.756
0.757
0.758
0.759
0.76
0.761
0.761
0.762
0.763
0.764
0.765
0.766
0.767
0.768
0.769
0.769
0.77
0.771
0.772
0.773
0.774
0.774
0.775
0.776
0.777
0.778
0.778
0.779
0.78
0.781
0.781
0.782
0.783
0.784
0.784
0.785
0.786
0.787
0.787
0.788
0.789
0.789
0.79
0.791
0.791
0.792
0.793
0.793
0.794
0.795
0.795
0.796
0.797
0.797
0.798
0.798
0.799
0.799
0.8
0.798
0.796
0.794
0.792
0.79
0.788
0.786
0.783
0.781
0.779
0.777
0.775
0.772
0.77
0.768
0.765
0.763
0.76
0.758
0.755
0.752
0.75
0.747
0.744
0.741
0.738
0.735
0.732
0.729
0.726
0.723
0.719
0.716
0.712
0.709
0.705
0.701
0.698
0.694
0.69
0.686
0.681
0.677
0.673
0.668
0.664
0.659
0.654
0.649
0.644
0.639
0.634
0.628
0.623
0.617
0.611
0.605
0.599
0.593
0.587
0.58
0.574
0.567
0.56
0.553
0.546
0.539
0.531
0.524
0.516
0.508
0.5
0.486
0.472
0.458
0.443
0.429
0.414
0.399
0.384
0.369
0.354
0.338
0.323
0.307
0.292
0.276
0.26
0.244
0.227
0.211
0.195
0.178
0.161
0.145
0.128
0.111
0.103
0.096
0.088
0.08
0.072
0.064
0.057
0.049
0.042
0.034
0.027
0.02
0.013
0.006
-0.0
-0.007
-0.013
-0.018
-0.024
-0.029
-0.033
-0.038
-0.041
-0.045
-0.048
-0.05
-0.052
-0.053
-0.054
-0.055
-0.054
-0.053
-0.052
-0.05
-0.047
-0.043
-0.039
-0.034
-0.028
-0.021
-0.014
-0.006
0.004
0.014
0.025
0.036
0.049
0.063
0.078
0.094
0.111
0.128
0.147
0.168
0.189
0.211
0.235
0.26
0.286
0.338
0.392
0.446
0.5
0.554
0.608
0.662
0.714
0.735
0.755
0.773
0.79
0.806
0.821
0.835
0.848
0.859
0.87
0.879
0.887
0.894
0.901
0.906
0.91
0.914
0.916
0.918
0.919
0.919
0.918
0.916
0.913
0.91
0.906
0.901
0.896
0.889
0.883
0.875
0.867
0.858
0.849
0.839
0.829
0.818
0.806
0.794
0.782
0.769
0.756
0.743
0.729
0.714
0.7
0.685
0.67
0.654
0.638
0.622
0.606
0.59
0.573
0.557
0.54
0.523
0.506
0.489
0.472
0.455
0.438
0.421
0.404
0.387
0.37
0.354
0.337
0.321
0.304
0.288
0.272
0.257
0.241
0.226
0.212
0.197
0.183
0.169
0.156
0.143
0.138
0.133
0.128
0.124
0.121
0.118
0.116
0.114
0.113
0.113
0.113
0.114
0.116
0.119
0.122
0.126
0.132
0.138
0.144
0.152
0.161
0.171
0.182
0.193
0.206
0.22
0.235
0.252
0.269
0.288
0.308
0.329
0.351
0.375
0.4
0.43
0.461
0.492
0.521
0.549
0.573
0.595
0.611
0.623
0.628
0.627
0.618
0.6
0.522
0.438
0.349
0.258
0.167
0.122
0.081
0.041
0.005
-0.029
-0.061
-0.091
-0.118
-0.143
-0.165
-0.186
-0.205
-0.221
-0.236
-0.248
-0.259
-0.268
-0.275
-0.281
-0.285
-0.287
-0.288
-0.288
-0.286
-0.282
-0.278
-0.272
-0.265
-0.257
-0.248
-0.238
-0.227
-0.215
-0.202
-0.189
-0.174
-0.159
-0.144
-0.128
-0.111
-0.094
-0.077
-0.059
-0.041
-0.023
-0.005
0.013
0.032
0.05
0.069
0.087
0.105
0.123
0.14
0.157
0.174
0.19
0.206
0.221
0.235
0.249
0.262
0.274
0.286
0.295
0.304
0.312
0.319
0.325
0.331
0.336
0.34
0.343
0.346
0.348
0.349
0.35
0.351
0.351
0.35
0.349
0.348
0.346
0.344
0.342
0.339
0.336
0.333
0.33
0.327
0.323
0.319
0.316
0.312
0.308
0.305
0.301
0.298
0.294
0.291
0.288
0.285
0.282
0.28
0.278
0.276
0.275
0.274
0.274
0.274
0.274
0.275
0.277
0.279
0.282
0.285
0.29
0.294
0.3
0.314
0.328
0.344
0.359
0.375
0.391
0.407
0.423
0.439
0.455
0.471
0.486
0.5
0.503
0.505
0.507
0.508
0.508
0.508
0.507
0.506
0.504
0.501
0.498
0.495
0.491
0.487
0.482
0.477
0.471
0.465
0.459
0.452
0.445
0.438
0.43
0.422
0.414
0.406
0.397
0.389
0.38
0.371
0.361
0.352
0.343
0.333
0.323
0.314
0.304
0.294
0.285
0.275
0.265
0.256
0.246
0.237
0.227
0.218
0.209
0.2
0.191
0.183
0.174
0.166
0.159
0.151
0.144
0.137
0.13
0.124
0.118
0.112
0.107
0.102
0.098
0.094
0.091
0.096
0.103
0.109
0.116
0.123
0.131
0.139
0.148
0.157
0.166
0.176
0.185
0.196
0.206
0.217
0.228
0.239
0.251
0.263
0.274
0.287
0.299
0.311
0.324
0.336
0.349
0.362
0.375
0.388
0.401
0.414
0.427
0.44
0.453
0.466
0.479
0.492
0.505
0.518
0.531
0.543
0.555
0.568
0.58
0.592
0.603
0.615
0.626
0.637
0.648
0.658
0.668
0.678
0.687
0.697
0.705
0.714
0.722
0.73
0.737
0.744
0.75
0.751
0.751
0.751
0.75
0.749
0.748
0.746
0.745
0.743
0.741
0.738
0.736
0.734
0.731
0.729
0.727
0.724
0.722
0.72
0.718
0.716
0.715
0.714
0.713
0.712
0.712
0.712
0.713
0.714
0.716
0.718
0.72
0.724
0.727
0.732
0.737
0.743
0.75
0.768
0.787
0.806
0.826
0.846
0.867
0.889
0.911
0.933
0.955
0.977
1.0
1.012
1.024
1.037
1.049
1.06
1.072
1.083
1.094
1.104
1.114
1.123
1.131
1.139
1.145
1.151
1.156
1.16
1.163
1.164
1.164
1.163
1.161
1.157
1.152
1.145
1.136
1.126
1.114
1.1
1.084
1.066
1.046
1.024
1.0
0.946
0.89
0.834
0.777
0.721
0.667
0.634
0.603
0.574
0.547
0.522
0.498
0.477
0.457
0.439
0.422
0.408
0.394
0.382
0.371
0.362
0.354
0.347
0.342
0.337
0.333
0.344
0.355
0.368
0.381
0.395
0.41
0.425
0.442
0.458
0.476
0.494
0.512
0.531
0.55
0.57
0.59
0.61
0.631
0.651
0.672
0.693
0.714
0.735
0.756
0.777
0.798
0.818
0.839
0.859
0.879
0.898
0.918
0.936
0.955
0.973
0.99
1.007
1.023
1.038
1.053
1.067
1.08
1.092
1.104
1.114
1.124
1.132
1.14
1.146
1.151
1.155
1.158
1.16
1.16
1.159
1.156
1.152
1.147
1.139
1.131
1.121
1.109
1.095
1.08
1.063
1.044
1.023
1.0
0.943
0.885
0.827
0.771
0.717
0.667
0.652
0.642
0.635
0.633
0.634
0.639
0.646
0.656
0.668
0.682
0.697
0.714
0.732
0.75
0.762
0.773
0.782
0.788
0.791
0.788
0.78
0.764
0.741
0.709
0.667
0.566
0.458
0.349
0.242
0.143
0.125
0.118
0.121
0.134
0.155
0.184
0.22
0.262
0.309
0.361
0.416
0.474
0.533
0.594
0.654
0.714
0.755
0.794
0.832
0.868
0.903
0.936
0.968
0.999
1.028
1.056
1.082
1.107
1.131
1.154
1.175
1.195
1.214
1.232
1.249
1.264
1.279
1.292
1.304
1.315
1.325
1.334
1.343
1.35
1.356
1.361
1.366
1.369
1.372
1.374
1.375
1.375
1.374
1.373
1.371
1.368
1.365
1.36
1.356
1.35
1.344
1.338
1.33
1.323
1.314
1.306
1.296
1.287
1.277
1.266
1.255
1.244
1.232
1.22
1.208
1.195
1.183
1.17
1.156
1.143
1.129
1.115
1.101
1.087
1.073
1.059
1.044
1.03
1.015
1.001
0.987
0.972
0.958
0.944
0.93
0.916
0.903
0.889
0.876
0.863
0.85
0.837
0.825
0.813
0.801
0.79
0.779
0.768
0.758
0.748
0.739
0.73
0.722
0.714
0.708
0.703
0.698
0.693
0.689
0.686
0.683
0.68
0.678
0.676
0.675
0.674
0.673
0.673
0.673
0.674
0.675
0.676
0.678
0.68
0.682
0.684
0.687
0.69
0.693
0.696
0.7
0.704
0.708
0.712
0.717
0.721
0.726
0.731
0.736
0.741
0.746
0.751
0.756
0.762
0.767
0.773
0.778
0.783
0.789
0.794
0.8
0.805
0.81
0.816
0.821
0.826
0.831
0.836
0.84
0.845
0.849
0.854
0.858
0.862
0.865
0.869
0.872
0.875
0.878
0.88
0.882
0.884
0.886
0.887
0.888
0.889
0.889
0.883
0.877
0.87
0.863
0.856
0.848
0.84
0.832
0.824
0.815
0.806
0.797
0.788
0.778
0.769
0.759
0.749
0.738
0.728
0.718
0.707
0.696
0.685
0.675
0.664
0.653
0.641
0.63
0.619
0.608
0.597
0.586
0.575
0.564
0.553
0.542
0.531
0.52
0.51
0.499
0.489
0.479
0.469
0.459
0.449
0.44
0.43
0.421
0.412
0.404
0.395
0.387
0.379
0.372
0.365
0.358
0.351
0.345
0.339
0.333
0.336
0.339
0.342
0.345
0.349
0.353
0.358
0.362
0.367
0.373
0.378
0.384
0.39
0.397
0.403
0.41
0.417
0.424
0.432
0.439
0.447
0.455
0.463
0.471
0.479
0.488
0.496
0.504
0.513
0.522
0.531
0.539
0.548
0.557
0.566
0.575
0.583
0.592
0.601
0.61
0.618
0.627
0.635
0.644
0.652
0.66
0.669
0.677
0.684
0.692
0.7
0.707
0.714
0.721
0.728
0.734
0.741
0.747
0.753
0.758
0.763
0.768
0.773
0.778
0.782
0.785
0.789
0.792
0.795
0.797
0.799
0.801
0.802
0.803
0.803
0.803
0.802
0.801
0.8
0.79
0.78
0.77
0.759
0.748
0.736
0.724
0.712
0.7
0.688
0.675
0.662
0.649
0.636
0.623
0.61
0.597
0.584
0.571
0.558
0.545
0.533
0.521
0.509
0.497
0.485
0.474
0.463
0.453
0.443
0.433
0.424
0.415
0.407
0.4
0.393
0.387
0.381
0.376
0.372
0.368
0.366
0.364
0.363
0.363
0.364
0.38
0.398
0.416
0.435
0.454
0.474
0.495
0.516
0.537
0.558
0.58
0.601
0.623
0.644
0.666
0.687
0.707
0.727
0.738
0.749
0.759
0.769
0.778
0.787
0.795
0.803
0.81
0.816
0.822
0.828
0.833
0.838
0.842
0.845
0.848
0.851
0.853
0.854
0.855
0.856
0.856
0.855
0.854
0.853
0.851
0.848
0.845
0.842
0.838
0.833
0.818
0.802
0.786
0.769
0.752
0.735
0.717
0.699
0.681
0.663
0.645
0.627
0.608
0.59
0.572
0.554
0.536
0.518
0.5
0.488
0.477
0.465
0.454
0.443
0.433
0.422
0.412
0.402
0.393
0.383
0.374
0.365
0.356
0.348
0.339
0.331
0.323
0.316
0.308
0.301
0.294
0.287
0.28
0.274
0.267
0.261
0.255
0.25
0.244
0.239
0.234
0.229
0.224
0.22
0.215
0.211
0.207
0.203
0.2
0.196
0.193
0.19
0.187
0.184
0.182
0.179
0.177
0.175
0.173
0.171
0.169
0.168
0.167
0.173
0.179
0.186
0.193
0.2
0.207
0.214
0.222
0.229
0.237
0.245
0.253
0.261
0.27
0.278
0.287
0.296
0.305
0.314
0.324
0.333
0.343
0.353
0.364
0.374
0.384
0.395
0.406
0.417
0.429
0.44
0.452
0.464
0.476
0.488
0.5
0.512
0.525
0.537
0.549
0.562
0.574
0.586
0.598
0.61
0.622
0.634
0.646
0.658
0.669
0.68
0.691
0.702
0.712
0.722
0.732
0.742
0.751
0.76
0.768
0.776
0.783
0.791
0.797
0.803
0.809
0.814
0.819
0.823
0.826
0.829
0.831
0.833
0.834
0.834
0.833
0.819
0.804
0.788
0.772
0.755
0.738
0.721
0.703
0.684
0.666
0.648
0.629
0.61
0.591
0.573
0.554
0.536
0.518
0.5
0.489
0.478
0.468
0.457
0.448
0.438
0.429
0.42
0.411
0.403
0.395
0.387
0.38
0.372
0.365
0.359
0.352
0.346
0.34
0.334
0.329
0.323
0.318
0.313
0.308
0.304
0.299
0.295
0.291
0.287
0.284
0.28
0.277
0.273
0.27
0.267
0.264
0.261
0.259
0.256
0.254
0.251
0.249
0.247
0.245
0.243
0.241
0.239
0.237
0.235
0.233
0.231
0.229
0.228
0.226
0.224
0.222
0.222
0.222
0.222
0.222
0.222
0.222
0.222
0.222
0.222
0.222
0.222
0.222
0.222
0.222
0.221
0.221
0.221
0.221
0.22
0.22
0.22
0.219
0.219
0.218
0.218
0.217
0.216
0.216
0.215
0.214
0.213
0.213
0.212
0.211
0.21
0.209
0.208
0.206
0.205
0.204
0.203
0.201
0.2
0.198
0.197
0.195
0.193
0.191
0.19
0.188
0.186
0.184
0.181
0.179
0.177
0.175
0.172
0.17
0.167
0.164
0.161
0.159
0.156
0.153
0.149
0.146
0.143
0.14
0.136
0.133
0.13
0.126
0.123
0.119
0.116
0.113
0.109
0.106
0.103
0.099
0.096
0.093
0.09
0.087
0.085
0.082
0.08
0.077
0.075
0.073
0.072
0.07
0.069
0.068
0.068
0.067
0.067
0.068
0.068
0.069
0.07
0.072
0.074
0.076
0.079
0.082
0.086
0.09
0.095
0.1
0.105
0.111
0.13
0.15
0.17
0.191
0.212
0.233
0.256
0.278
0.301
0.324
0.348
0.372
0.397
0.422
0.447
0.473
0.499
0.525
0.552
0.579
0.607
0.634
0.663
0.691
0.72
0.749
0.778
0.796
0.814
0.832
0.85
0.869
0.888
0.907
0.926
0.945
0.964
0.983
1.002
1.021
1.04
1.059
1.078
1.097
1.116
1.134
1.152
1.17
1.188
1.206
1.223
1.24
1.256
1.272
1.288
1.304
1.319
1.333
1.347
1.36
1.373
1.386
1.398
1.409
1.419
1.429
1.438
1.447
1.455
1.462
1.468
1.474
1.478
1.482
1.485
1.487
1.488
1.488
1.487
1.485
1.482
1.478
1.473
1.467
1.46
1.452
1.442
1.432
1.42
1.407
1.392
1.376
1.359
1.341
1.321
1.3
1.278
1.254
1.228
1.202
1.173
1.143
1.112
1.079
1.044
1.008
0.97
0.93
0.889
0.805
0.72
0.636
0.554
0.475
0.4
0.364
0.334
0.308
0.286
0.268
0.253
0.241
0.232
0.224
0.218
0.213
0.209
0.205
0.2
0.202
0.203
0.204
0.204
0.204
0.204
0.203
0.202
0.201
0.201
0.2
0.2
0.2
0.204
0.208
0.213
0.218
0.223
0.229
0.235
0.241
0.248
0.254
0.262
0.269
0.276
0.284
0.292
0.3
0.308
0.317
0.325
0.333
0.341
0.349
0.357
0.365
0.373
0.381
0.39
0.398
0.406
0.414
0.423
0.431
0.439
0.448
0.456
0.464
0.473
0.481
0.49
0.498
0.507
0.515
0.524
0.532
0.541
0.549
0.558
0.566
0.575
0.583
0.592
0.6
0.609
0.617
0.625
0.634
0.642
0.65
0.659
0.667
0.675
0.683
0.691
0.699
0.707
0.715
0.723
0.731
0.739
0.747
0.754
0.762
0.769
0.777
0.784
0.792
0.799
0.806
0.813
0.82
0.827
0.834
0.841
0.848
0.854
0.861
0.867
0.873
0.88
0.886
0.892
0.898
0.903
0.909
0.915
0.92
0.925
0.93
0.936
0.94
0.945
0.95
0.955
0.959
0.963
0.967
0.971
0.975
0.979
0.982
0.986
0.989
0.992
0.995
0.998
1.0
1.003
1.005
1.007
1.009
1.011
1.012
1.014
1.015
1.016
1.017
1.017
1.018
1.018
1.018
1.018
1.018
1.017
1.016
1.015
1.014
1.013
1.011
1.009
1.007
1.005
1.003
1.0
0.982
0.965
0.946
0.928
0.908
0.888
0.868
0.846
0.824
0.801
0.777
0.751
0.725
0.697
0.668
0.637
0.605
0.571
0.538
0.504
0.469
0.433
0.398
0.363
0.328
0.295
0.264
0.235
0.208
0.184
0.163
0.146
0.133
0.125
0.122
0.124
0.132
0.146
0.167
0.245
0.329
0.415
0.502
0.586
0.667
0.695
0.718
0.736
0.747
0.754
0.757
0.755
0.749
0.74
0.727
0.712
0.694
0.674
0.652
0.628
0.603
0.578
0.552
0.526
0.5
0.478
0.457
0.436
0.416
0.397
0.377
0.359
0.341
0.323
0.306
0.29
0.274
0.258
0.243
0.229
0.215
0.201
0.188
0.176
0.163
0.152
0.14
0.129
0.119
0.109
0.099
0.09
0.081
0.073
0.065
0.057
0.05
0.043
0.037
0.031
0.025
0.02
0.015
0.01
0.006
0.002
-0.002
-0.005
-0.008
-0.011
-0.013
-0.015
-0.017
-0.019
-0.02
-0.021
-0.021
-0.022
-0.022
-0.022
-0.022
-0.021
-0.02
-0.019
-0.018
-0.016
-0.014
-0.012
-0.01
-0.008
-0.005
-0.002
0.001
0.004
0.007
0.01
0.014
0.018
0.022
0.026
0.03
0.034
0.039
0.043
0.048
0.053
0.058
0.063
0.068
0.073
0.079
0.084
0.089
0.095
0.1
0.106
0.112
0.117
0.123
0.129
0.135
0.14
0.146
0.152
0.158
0.164
0.17
0.175
0.181
0.187
0.193
0.199
0.204
0.21
0.215
0.221
0.226
0.232
0.237
0.242
0.247
0.252
0.257
0.262
0.267
0.272
0.276
0.28
0.285
0.289
0.293
0.297
0.3
0.304
0.307
0.31
0.313
0.316
0.319
0.321
0.323
0.325
0.327
0.329
0.33
0.331
0.332
0.333
0.333
0.333
0.332
0.33
0.328
0.326
0.324
0.321
0.319
0.316
0.312
0.309
0.306
0.302
0.298
0.294
0.29
0.286
0.282
0.277
0.273
0.268
0.263
0.258
0.254
0.249
0.244
0.239
0.234
0.229
0.224
0.219
0.214
0.209
0.204
0.199
0.194
0.189
0.184
0.179
0.175
0.17
0.165
0.161
0.157
0.152
0.148
0.144
0.141
0.137
0.134
0.13
0.127
0.124
0.122
0.119
0.117
0.115
0.113
0.111
0.115
0.119
0.124
0.128
0.133
0.138
0.143
0.149
0.155
0.16
0.166
0.173
0.179
0.185
0.192
0.199
0.206
0.213
0.22
0.227
0.235
0.242
0.25
0.257
0.265
0.273
0.281
0.289
0.297
0.305
0.313
0.321
0.329
0.337
0.345
0.354
0.362
0.37
0.378
0.386
0.394
0.402
0.41
0.418
0.426
0.433
0.441
0.449
0.456
0.464
0.471
0.478
0.485
0.492
0.499
0.505
0.512
0.518
0.524
0.53
0.536
0.542
0.547
0.553
0.558
0.562
0.567
0.571
0.572
0.573
0.573
0.573
0.573
0.572
0.571
