0.0
0.022
0.045
0.067
0.088
0.11
0.131
0.151
0.172
0.192
0.211
0.23
0.249
0.268
0.286
0.303
0.32
0.337
0.353
0.369
0.385
0.4
0.414
0.428
0.441
0.454
0.466
0.478
0.489
0.5
0.497
0.494
0.489
0.485
0.479
0.473
0.467
0.459
0.451
0.443
0.434
0.424
0.413
0.401
0.389
0.376
0.363
0.348
0.333
0.311
0.288
0.264
0.241
0.217
0.194
0.172
0.15
0.13
0.111
0.112
0.115
0.12
0.125
0.132
0.141
0.15
0.161
0.173
0.185
0.199
0.214
0.229
0.245
0.262
0.28
0.298
0.316
0.335
0.355
0.375
0.395
0.415
0.435
0.456
0.476
0.496
0.517
0.537
0.556
0.576
0.595
0.614
0.632
0.65
0.667
0.673
0.678
0.682
0.686
0.689
0.692
0.694
0.696
0.697
0.697
0.697
0.696
0.695
0.693
0.691
0.688
0.685
0.681
0.677
0.672
0.667
0.662
0.656
0.65
0.644
0.637
0.63
0.622
0.615
0.607
0.598
0.59
0.581
0.572
0.563
0.553
0.544
0.534
0.524
0.514
0.504
0.493
0.483
0.472
0.461
0.451
0.44
0.429
0.418
0.407
0.397
0.386
0.375
0.366
0.358
0.35
0.341
0.333
0.325
0.318
0.31
0.303
0.296
0.289
0.282
0.276
0.27
0.265
0.26
0.255
0.251
0.247
0.243
0.24
0.238
0.236
0.235
0.234
0.234
0.235
0.236
0.238
0.24
0.243
0.247
0.252
0.258
0.264
0.271
0.279
0.288
0.298
0.309
0.321
0.333
0.355
0.377
0.4
0.423
0.447
0.471
0.495
0.518
0.541
0.564
0.586
0.607
0.627
0.646
0.663
0.679
0.693
0.706
0.716
0.724
0.729
0.732
0.732
0.729
0.723
0.714
0.671
0.624
0.576
0.527
0.477
0.428
0.38
0.333
0.303
0.275
0.249
0.226
0.205
0.185
0.168
0.152
0.138
0.125
0.133
0.142
0.152
0.163
0.176
0.189
0.203
0.219
0.235
0.252
0.269
0.288
0.307
0.326
0.347
0.367
0.388
0.41
0.432
0.454
0.477
0.499
0.522
0.545
0.568
0.591
0.614
0.637
0.659
0.682
0.704
0.726
0.747
0.768
0.789
0.809
0.829
0.848
0.866
0.883
0.9
0.916
0.931
0.945
0.958
0.97
0.981
0.991
1.0
0.993
0.986
0.977
0.967
0.957
0.946
0.934
0.922
0.909
0.896
0.883
0.87
0.857
0.844
0.832
0.82
0.808
0.797
0.787
0.777
0.769
0.761
0.755
0.75
0.759
0.769
0.78
0.792
0.806
0.82
0.834
0.85
0.866
0.882
0.899
0.916
0.933
0.95
0.967
0.984
1.0
1.009
1.017
1.025
1.032
1.039
1.046
1.053
1.059
1.064
1.07
1.075
1.079
1.083
1.087
1.091
1.094
1.097
1.1
1.103
1.105
1.107
1.108
1.11
1.111
1.112
1.112
1.113
1.113
1.113
1.113
1.112
1.111
1.11
1.109
1.108
1.107
1.105
1.103
1.102
1.099
1.097
1.095
1.093
1.09
1.087
1.085
1.082
1.079
1.076
1.072
1.069
1.066
1.063
1.059
1.056
1.052
1.049
1.045
1.042
1.038
1.035
1.031
1.027
1.024
1.02
1.017
1.013
1.01
1.007
1.003
1.0
0.993
0.985
0.978
0.971
0.964
0.957
0.95
0.943
0.936
0.929
0.922
0.915
0.908
0.901
0.894
0.887
0.88
0.873
0.866
0.859
0.852
0.845
0.837
0.83
0.823
0.815
0.807
0.8
0.792
0.784
0.776
0.768
0.76
0.751
0.743
0.734
0.725
0.716
0.707
0.698
0.688
0.679
0.669
0.659
0.649
0.638
0.628
0.617
0.606
0.595
0.583
0.571
0.561
0.551
0.541
0.53
0.52
0.51
0.499
0.49
0.48
0.471
0.462
0.454
0.446
0.439
0.432
0.427
0.422
0.418
0.415
0.413
0.413
0.413
0.415
0.418
0.422
0.428
0.435
0.444
0.471
0.499
0.527
0.556
0.575
0.594
0.612
0.63
0.647
0.664
0.681
0.696
0.712
0.727
0.741
0.755
0.769
0.782
0.795
0.807
0.819
0.83
0.841
0.852
0.862
0.872
0.882
0.891
0.9
0.908
0.916
0.924
0.932
0.939
0.946
0.952
0.959
0.965
0.97
0.976
0.981
0.986
0.991
0.996
1.0
0.994
0.988
0.982
0.976
0.97
0.963
0.956
0.949
0.942
0.935
0.927
0.919
0.912
0.904
0.895
0.887
0.879
0.87
0.862
0.853
0.844
0.835
0.826
0.817
0.808
0.798
0.789
0.779
0.77
0.76
0.75
0.741
0.731
0.721
0.711
0.701
0.691
0.681
0.671
0.661
0.651
0.641
0.631
0.621
0.611
0.601
0.591
0.581
0.571
0.562
0.552
0.543
0.533
0.524
0.515
0.506
0.497
0.488
0.479
0.47
0.462
0.453
0.445
0.437
0.429
0.422
0.414
0.407
0.4
0.394
0.387
0.381
0.375
0.38
0.385
0.39
0.396
0.401
0.408
0.414
0.421
0.428
0.435
0.443
0.451
0.459
0.467
0.476
0.485
0.495
0.505
0.515
0.525
0.536
0.547
0.559
0.571
0.583
0.595
0.608
0.621
0.634
0.648
0.662
0.677
0.692
0.707
0.723
0.738
0.755
0.771
0.788
0.806
0.823
0.842
0.86
0.879
0.898
0.918
0.938
0.958
0.979
1.0
1.015
1.031
1.046
1.061
1.076
1.09
1.103
1.116
1.127
1.136
1.144
1.15
1.154
1.155
1.154
1.151
1.144
1.135
1.122
1.105
1.085
1.061
1.033
1.0
0.923
0.843
0.76
0.675
0.591
0.507
0.425
0.346
0.27
0.2
0.181
0.168
0.161
0.158
0.159
0.165
0.174
0.186
0.201
0.219
0.238
0.26
0.282
0.305
0.329
0.352
0.376
0.398
0.419
0.439
0.457
0.472
0.485
0.494
0.5
0.485
0.466
0.445
0.421
0.395
0.368
0.34
0.311
0.283
0.256
0.229
0.205
0.182
0.162
0.146
0.133
0.125
0.153
0.186
0.222
0.261
0.303
0.347
0.393
0.44
0.487
0.534
0.58
0.625
0.648
0.67
0.69
0.709
0.726
0.741
0.755
0.767
0.778
0.788
0.796
0.803
0.809
0.814
0.817
0.819
0.821
0.821
0.82
0.818
0.816
0.812
0.808
0.802
0.796
0.79
0.783
0.775
0.766
0.757
0.748
0.738
0.727
0.716
0.705
0.694
0.682
0.671
0.659
0.646
0.634
0.622
0.61
0.598
0.586
0.574
0.562
0.55
0.539
0.528
0.518
0.507
0.497
0.488
0.479
0.471
0.463
0.456
0.45
0.444
0.439
0.435
0.432
0.429
0.428
0.427
0.428
0.429
0.432
0.435
0.44
0.447
0.454
0.463
0.473
0.484
0.497
0.511
0.527
0.545
0.564
0.584
0.606
0.63
0.656
0.684
0.713
0.745
0.778
0.824
0.87
0.914
0.953
0.985
1.008
1.019
1.018
1.0
0.891
0.769
0.639
0.505
0.374
0.25
0.202
0.164
0.137
0.119
0.109
0.107
0.111
0.121
0.135
0.154
0.175
0.199
0.223
0.248
0.273
0.296
0.316
0.333
0.344
0.351
0.355
0.357
0.356
0.354
0.35
0.345
0.341
0.337
0.333
0.336
0.34
0.346
0.352
0.36
0.369
0.378
0.389
0.4
0.412
0.425
0.438
0.452
0.466
0.481
0.496
0.512
0.528
0.543
0.559
0.575
0.591
0.607
0.623
0.639
0.654
0.669
0.683
0.697
0.711
0.724
0.736
0.747
0.758
0.768
0.777
0.785
0.791
0.797
0.802
0.805
0.807
0.807
0.806
0.804
0.8
0.773
0.745
0.715
0.684
0.653
0.62
0.587
0.553
0.518
0.484
0.449
0.415
0.381
0.347
0.314
0.282
0.25
0.239
0.23
0.221
0.213
0.207
0.201
0.196
0.192
0.189
0.187
0.186
0.186
0.186
0.187
0.189
0.192
0.195
0.199
0.204
0.21
0.216
0.223
0.23
0.238
0.247
0.256
0.266
0.276
0.287
0.298
0.309
0.321
0.334
0.347
0.36
0.373
0.387
0.401
0.416
0.431
0.446
0.461
0.476
0.492
0.507
0.523
0.539
0.556
0.572
0.588
0.604
0.621
0.637
0.653
0.67
0.686
0.702
0.718
0.734
0.75
0.766
0.781
0.796
0.811
0.826
0.841
0.855
0.869
0.882
0.896
0.909
0.921
0.933
0.945
0.956
0.967
0.978
0.987
0.997
1.006
1.014
1.021
1.028
1.035
1.041
1.046
1.05
1.054
1.057
1.059
1.06
1.061
1.061
1.06
1.058
1.055
1.052
1.047
1.042
1.035
1.028
1.02
1.01
1.0
0.975
0.95
0.923
0.896
0.868
0.84
0.812
0.783
0.754
0.726
0.697
0.669
0.642
0.615
0.589
0.563
0.539
0.516
0.494
0.473
0.454
0.436
0.42
0.406
0.394
0.384
0.376
0.371
0.368
0.367
0.37
0.375
0.414
0.455
0.497
0.54
0.583
0.625
0.641
0.656
0.669
0.68
0.69
0.698
0.705
0.711
0.715
0.718
0.72
0.721
0.72
0.719
0.716
0.712
0.708
0.702
0.695
0.688
0.68
0.671
0.661
0.651
0.64
0.629
0.617
0.604
0.591
0.578
0.564
0.55
0.536
0.521
0.507
0.492
0.477
0.462
0.447
0.432
0.417
0.402
0.387
0.373
0.359
0.345
0.331
0.318
0.306
0.293
0.282
0.27
0.26
0.25
0.245
0.241
0.238
0.236
0.234
0.232
0.231
0.231
0.231
0.231
0.232
0.234
0.236
0.238
0.24
0.243
0.247
0.25
0.254
0.258
0.262
0.266
0.271
0.275
0.28
0.285
0.29
0.295
0.3
0.305
0.31
0.315
0.32
0.324
0.329
0.333
0.336
0.339
0.342
0.345
0.347
0.349
0.351
0.353
0.355
0.356
0.358
0.359
0.36
0.361
0.362
0.362
0.363
0.363
0.363
0.363
0.363
0.363
0.362
0.361
0.361
0.36
0.359
0.358
0.356
0.355
0.353
0.352
0.35
0.348
0.346
0.343
0.341
0.339
0.336
0.333
0.333
0.332
0.331
0.33
0.329
0.328
0.327
0.326
0.325
0.324
0.323
0.322
0.321
0.319
0.318
0.317
0.317
0.316
0.315
0.314
0.314
0.313
0.313
0.313
0.313
0.313
0.314
0.314
0.315
0.316
0.318
0.319
0.321
0.323
0.325
0.328
0.331
0.334
0.338
0.342
0.346
0.351
0.356
0.361
0.367
0.373
0.38
0.387
0.394
0.402
0.41
0.419
0.429
0.439
0.449
0.46
0.471
0.483
0.496
0.509
0.523
0.537
0.552
0.568
0.584
0.601
0.618
0.636
0.663
0.691
0.718
0.745
0.771
0.796
0.82
0.841
0.861
0.878
0.892
0.902
0.909
0.88
0.846
0.81
0.77
0.728
0.683
0.636
0.588
0.538
0.488
0.437
0.385
0.333
0.305
0.276
0.248
0.221
0.194
0.167
0.14
0.114
0.088
0.063
0.038
0.013
-0.012
-0.036
-0.059
-0.083
-0.106
-0.129
-0.151
-0.173
-0.195
-0.216
-0.237
-0.258
-0.279
-0.299
-0.319
-0.338
-0.357
-0.376
-0.394
-0.413
-0.431
-0.448
-0.465
-0.482
-0.499
-0.515
-0.531
-0.547
-0.562
-0.577
-0.592
-0.606
-0.621
-0.635
-0.648
-0.661
-0.674
-0.687
-0.699
-0.712
-0.723
-0.735
-0.746
-0.757
-0.768
-0.778
-0.788
-0.798
-0.808
-0.817
-0.826
-0.835
-0.843
-0.851
-0.859
-0.867
-0.874
-0.881
-0.888
-0.895
-0.901
-0.907
-0.913
-0.918
-0.924
-0.929
-0.933
-0.938
-0.942
-0.946
-0.95
-0.953
-0.957
-0.96
-0.962
-0.965
-0.967
-0.969
-0.971
-0.973
-0.974
-0.975
-0.976
-0.977
-0.977
-0.977
-0.977
-0.977
-0.976
-0.976
-0.975
-0.974
-0.972
-0.971
-0.969
-0.967
-0.965
-0.962
-0.959
-0.957
-0.953
-0.95
-0.947
-0.943
-0.939
-0.935
-0.931
-0.926
-0.921
-0.916
-0.911
-0.906
-0.9
-0.895
-0.889
-0.883
-0.877
-0.87
-0.864
-0.857
-0.85
-0.843
-0.835
-0.828
-0.82
-0.812
-0.804
-0.796
-0.787
-0.779
-0.77
-0.761
-0.752
-0.743
-0.734
-0.724
-0.714
-0.704
-0.694
-0.684
-0.674
-0.663
-0.653
-0.642
-0.631
-0.62
-0.609
-0.597
-0.586
-0.574
-0.562
-0.55
-0.538
-0.526
-0.513
-0.501
-0.488
-0.476
-0.463
-0.45
-0.436
-0.423
-0.41
-0.396
-0.383
-0.369
-0.355
-0.341
-0.327
-0.312
-0.298
-0.284
-0.269
-0.254
-0.239
-0.225
-0.209
-0.194
-0.179
-0.164
-0.148
-0.133
-0.117
-0.101
-0.086
-0.07
-0.054
-0.037
-0.021
-0.005
0.011
0.028
0.044
0.061
0.078
0.095
0.111
0.128
0.145
0.163
0.18
0.197
0.214
0.232
0.249
0.267
0.284
0.302
0.32
0.338
0.355
0.373
0.391
0.409
0.427
0.446
0.464
0.482
0.5
0.519
0.537
0.556
0.575
0.594
0.613
0.633
0.652
0.671
0.69
0.71
0.729
0.748
0.767
0.786
0.805
0.824
0.842
0.861
0.879
0.898
0.916
0.934
0.951
0.969
0.986
1.003
1.02
1.037
1.054
1.07
1.086
1.101
1.117
1.132
1.146
1.161
1.175
1.189
1.202
1.215
1.228
1.24
1.252
1.263
1.274
1.285
1.295
1.304
1.314
1.322
1.33
1.338
1.345
1.352
1.358
1.364
1.369
1.373
1.377
1.38
1.383
1.385
1.386
1.387
1.387
1.387
1.386
1.384
1.381
1.378
1.374
1.369
1.364
1.357
1.35
1.343
1.334
1.325
1.315
1.304
1.292
1.279
1.266
1.251
1.236
1.22
1.203
1.185
1.166
1.147
1.126
1.104
1.082
1.058
1.033
1.008
0.981
0.954
0.925
0.895
0.865
0.833
0.8
0.732
0.663
0.594
0.526
0.46
0.395
0.333
0.316
0.302
0.29
0.282
0.277
0.274
0.274
0.276
0.28
0.287
0.296
0.307
0.32
0.335
0.351
0.369
0.388
0.409
0.43
0.453
0.477
0.502
0.527
0.553
0.58
0.607
0.634
0.662
0.689
0.717
0.744
0.771
0.798
0.824
0.849
0.874
0.898
0.921
0.942
0.963
0.982
1.0
1.008
1.015
1.021
1.025
1.028
1.03
1.032
1.032
1.031
1.03
1.029
1.026
1.024
1.021
1.018
1.015
1.012
1.009
1.007
1.004
1.002
1.001
1.0
1.0
1.0
1.002
1.003
1.006
1.008
1.011
1.015
1.019
1.023
1.027
1.032
1.036
1.041
1.046
1.051
1.056
1.06
1.065
1.069
1.073
1.077
1.08
1.083
1.085
1.088
1.089
1.09
1.09
1.09
1.089
1.087
1.084
1.08
1.076
1.07
1.064
1.056
1.047
1.037
1.026
1.014
1.0
0.968
0.935
0.9
0.865
0.829
0.792
0.755
0.718
0.681
0.643
0.606
0.569
0.532
0.496
0.461
0.427
0.394
0.362
0.332
0.303
0.275
0.25
0.246
0.244
0.243
0.245
0.247
0.251
0.256
0.262
0.268
0.276
0.284
0.292
0.3
0.309
0.317
0.325
0.333
0.338
0.343
0.347
0.35
0.353
0.356
0.358
0.36
0.361
0.362
0.363
0.363
0.364
0.363
0.363
0.362
0.361
0.36
0.359
0.358
0.356
0.354
0.352
0.35
0.348
0.346
0.344
0.342
0.34
0.338
0.335
0.333
0.333
0.332
0.332
0.332
0.331
0.331
0.331
0.331
0.331
0.331
0.332
0.332
0.332
0.333
0.334
0.335
0.335
0.337
0.338
0.339
0.34
0.342
0.344
0.346
0.348
0.35
0.352
0.355
0.357
0.36
0.363
0.366
0.369
0.373
0.376
0.38
0.384
0.388
0.393
0.397
0.402
0.407
0.412
0.418
0.423
0.429
0.435
0.441
0.448
0.455
0.462
0.469
0.476
0.484
0.492
0.5
0.507
0.514
0.52
0.526
0.53
0.533
0.534
0.533
0.529
0.523
0.513
0.5
0.467
0.431
0.396
0.363
0.333
0.343
0.358
0.378
0.403
0.431
0.463
0.498
0.535
0.575
0.616
0.658
0.7
0.743
0.785
0.826
0.866
0.904
0.939
0.971
1.0
1.0
0.996
0.99
0.98
0.967
0.952
0.934
0.915
0.894
0.871
0.848
0.824
0.799
0.775
0.75
0.727
0.705
0.683
0.662
0.641
0.62
0.6
0.581
0.562
0.543
0.524
0.507
0.489
0.472
0.456
0.44
0.424
0.409
0.394
0.38
0.366
0.353
0.341
0.328
0.317
0.305
0.295
0.285
0.275
0.266
0.257
0.249
0.241
0.234
0.228
0.222
0.216
0.211
0.207
0.203
0.2
0.209
0.219
0.229
0.24
0.251
0.263
0.275
0.287
0.299
0.312
0.325
0.337
0.35
0.363
0.376
0.389
0.402
0.414
0.427
0.439
0.451
0.463
0.474
0.486
0.496
0.506
0.516
0.525
0.534
0.542
0.549
0.556
0.562
0.567
0.571
0.566
0.559
0.552
0.544
0.535
0.526
0.516
0.506
0.495
0.484
0.472
0.461
0.449
0.437
0.425
0.413
0.401
0.389
0.377
0.365
0.354
0.342
0.331
0.321
0.311
0.301
0.292
0.284
0.276
0.269
0.263
0.257
0.253
0.249
0.247
0.245
0.244
0.245
0.247
0.25
0.271
0.293
0.316
0.34
0.365
0.391
0.417
0.444
0.471
0.498
0.526
0.553
0.58
0.607
0.634
0.66
0.686
0.71
0.734
0.757
0.779
0.8
0.8
0.798
0.796
0.792
0.787
0.78
0.773
0.765
0.756
0.745
0.734
0.723
0.71
0.696
0.682
0.668
0.652
0.636
0.62
0.603
0.586
0.568
0.55
0.531
0.513
0.494
0.475
0.456
0.436
0.417
0.398
0.379
0.36
0.341
0.322
0.303
0.285
0.267
0.25
0.233
0.216
0.2
0.192
0.185
0.178
0.172
0.166
0.16
0.156
0.151
0.147
0.144
0.141
0.139
0.136
0.135
0.134
0.133
0.132
0.132
0.132
0.133
0.134
0.135
0.137
0.139
0.141
0.144
0.147
0.15
0.153
0.157
0.161
0.165
0.17
0.174
0.179
0.184
0.189
0.195
0.2
0.206
0.212
0.218
0.224
0.231
0.237
0.243
0.25
0.261
0.272
0.283
0.294
0.306
0.317
0.328
0.34
0.351
0.363
0.374
0.386
0.398
0.409
0.421
0.433
0.444
0.456
0.468
0.479
0.491
0.503
0.514
0.526
0.538
0.549
0.561
0.572
0.584
0.595
0.606
0.618
0.629
0.64
0.651
0.662
0.673
0.684
0.695
0.706
0.716
0.727
0.737
0.748
0.758
0.768
0.778
0.788
0.798
0.807
0.817
0.826
0.835
0.844
0.853
0.862
0.87
0.879
0.887
0.895
0.903
0.91
0.918
0.925
0.932
0.939
0.946
0.952
0.958
0.964
0.97
0.976
0.981
0.986
0.991
0.996
1.0
0.995
0.989
0.984
0.978
0.971
0.965
0.958
0.952
0.945
0.937
0.93
0.922
0.914
0.906
0.898
0.89
0.881
0.873
0.864
0.855
0.846
0.837
0.828
0.818
0.809
0.799
0.789
0.779
0.769
0.759
0.749
0.739
0.729
0.719
0.708
0.698
0.687
0.677
0.666
0.656
0.645
0.635
0.624
0.614
0.603
0.592
0.582
0.571
0.565
0.558
0.551
0.544
0.537
0.531
0.524
0.517
0.511
0.504
0.497
0.491
0.484
0.478
0.472
0.465
0.459
0.452
0.446
0.44
0.434
0.428
0.421
0.415
0.409
0.403
0.397
0.391
0.385
0.38
0.374
0.368
0.362
0.357
0.351
0.345
0.34
0.334
0.329
0.323
0.318
0.313
0.307
0.302
0.297
0.292
0.287
0.282
0.277
0.272
0.267
0.262
0.257
0.253
0.248
0.243
0.239
0.234
0.23
0.225
0.221
0.217
0.212
0.208
0.204
0.2
0.196
0.192
0.188
0.184
0.181
0.177
0.173
0.17
0.166
0.163
0.159
0.156
0.152
0.149
0.146
0.143
0.14
0.137
0.134
0.131
0.128
0.126
0.123
0.12
0.118
0.115
0.113
0.111
0.109
0.106
0.104
0.102
0.1
0.098
0.097
0.095
0.093
0.092
0.09
0.089
0.087
0.086
0.085
0.084
0.082
0.081
0.081
0.08
0.079
0.078
0.078
0.077
0.077
0.076
0.076
0.076
0.076
0.076
0.076
0.076
0.076
0.076
0.077
0.077
0.078
0.078
0.079
0.08
0.081
0.082
0.083
0.084
0.085
0.086
0.088
0.089
0.091
0.093
0.094
0.096
0.098
0.1
0.102
0.104
0.107
0.109
0.112
0.114
0.117
0.12
0.123
0.126
0.129
0.132
0.135
0.139
0.142
0.146
0.149
0.153
0.157
0.161
0.165
0.169
0.173
0.178
0.182
0.187
0.192
0.196
0.201
0.206
0.211
0.217
0.222
0.227
0.233
0.238
0.244
0.25
0.265
0.281
0.297
0.312
0.328
0.344
0.36
0.377
0.393
0.41
0.426
0.443
0.46
0.477
0.494
0.511
0.529
0.547
0.564
0.582
0.6
0.618
0.637
0.655
0.674
0.693
0.712
0.731
0.75
0.764
0.777
0.791
0.805
0.819
0.833
0.847
0.861
0.875
0.888
0.902
0.915
0.928
0.94
0.952
0.964
0.976
0.987
0.997
1.007
1.017
1.026
1.034
1.041
1.048
1.055
1.06
1.065
1.068
1.071
1.073
1.074
1.074
1.073
1.071
1.068
1.064
1.059
1.052
1.044
1.035
1.025
1.013
1.0
0.962
0.922
0.882
0.841
0.799
0.756
0.713
0.67
0.627
0.584
0.542
0.5
0.478
0.456
0.436
0.416
0.396
0.377
0.359
0.342
0.325
0.309
0.294
0.279
0.265
0.251
0.238
0.225
0.213
0.202
0.191
0.181
0.171
0.162
0.153
0.145
0.137
0.13
0.123
0.117
0.111
0.105
0.1
0.096
0.092
0.088
0.084
0.081
0.079
0.077
0.075
0.073
0.072
0.071
0.07
0.07
0.07
0.07
0.071
0.072
0.073
0.074
0.076
0.077
0.079
0.082
0.084
0.087
0.089
0.092
0.095
0.099
0.102
0.106
0.109
0.113
0.117
0.121
0.125
0.129
0.133
0.137
0.141
0.146
0.15
0.154
0.159
0.163
0.167
0.172
0.176
0.18
0.184
0.188
0.192
0.196
0.2
0.207
0.214
0.22
0.227
0.233
0.24
0.246
0.252
0.258
0.264
0.27
0.276
0.282
0.288
0.293
0.298
0.304
0.309
0.314
0.319
0.324
0.329
0.334
0.339
0.343
0.348
0.352
0.357
0.361
0.365
0.369
0.373
0.377
0.381
0.385
0.389
0.393
0.396
0.4
0.403
0.406
0.41
0.413
0.416
0.419
0.422
0.425
0.428
0.431
0.433
0.436
0.439
0.441
0.444
0.446
0.448
0.451
0.453
0.455
0.457
0.459
0.461
0.463
0.465
0.467
0.468
0.47
0.472
0.473
0.475
0.476
0.478
0.479
0.48
0.482
0.483
0.484
0.485
0.486
0.487
0.488
0.489
0.49
0.491
0.492
0.492
0.493
0.494
0.494
0.495
0.496
0.496
0.497
0.497
0.497
0.498
0.498
0.499
0.499
0.499
0.499
0.5
0.5
0.5
0.5
0.5
0.499
0.497
0.496
0.494
0.493
0.492
0.49
0.489
0.488
0.486
0.485
0.484
0.483
0.481
0.48
0.479
0.478
0.478
0.477
0.476
0.475
0.475
0.475
0.474
0.474
0.474
0.474
0.475
0.475
0.476
0.476
0.477
0.478
0.48
0.481
0.483
0.485
0.487
0.489
0.491
0.494
0.497
0.5
0.505
0.511
0.517
0.523
0.529
0.536
0.542
0.549
0.556
0.563
0.571
0.578
0.586
0.594
0.601
0.609
0.618
0.626
0.634
0.643
0.651
0.66
0.668
0.677
0.685
0.694
0.703
0.712
0.72
0.729
0.738
0.747
0.756
0.764
0.773
0.782
0.79
0.799
0.807
0.815
0.824
0.832
0.84
0.848
0.856
0.863
0.871
0.878
0.885
0.893
0.899
0.906
0.913
0.919
0.925
0.931
0.937
0.942
0.948
0.953
0.957
0.962
0.966
0.97
0.974
0.977
0.98
0.983
0.985
0.987
0.989
0.99
0.991
0.992
0.992
0.992
0.992
0.991
0.99
0.988
0.986
0.983
0.98
0.977
0.973
0.969
0.964
0.959
0.953
0.947
0.94
0.933
0.925
0.917
0.908
0.899
0.889
0.862
0.835
0.807
0.779
0.75
0.721
0.692
0.663
0.633
0.604
0.574
0.544
0.515
0.485
0.456
0.427
0.398
0.369
0.341
0.313
0.286
0.276
0.266
0.257
0.249
0.24
0.233
0.226
0.219
0.213
0.207
0.202
0.197
0.192
0.188
0.185
0.182
0.179
0.177
0.175
0.173
0.172
0.171
0.171
0.171
0.171
0.172
0.173
0.174
0.176
0.178
0.181
0.184
0.187
0.19
0.194
0.198
0.203
0.207
0.212
0.218
0.223
0.229
0.235
0.242
0.248
0.255
0.263
0.27
0.278
0.286
0.294
0.302
0.311
0.32
0.329
0.338
0.347
0.357
0.367
0.377
0.387
0.397
0.408
0.419
0.43
0.441
0.452
0.463
0.474
0.486
0.498
0.51
0.521
0.534
0.546
0.558
0.57
0.583
0.595
0.608
0.62
0.633
0.646
0.659
0.672
0.685
0.698
0.711
0.724
0.737
0.75
0.763
0.776
0.788
0.801
0.814
0.826
0.839
0.851
0.863
0.876
0.888
0.899
0.911
0.923
0.934
0.945
0.956
0.966
0.976
0.986
0.996
1.005
1.014
1.023
1.031
1.039
1.046
1.053
1.06
1.066
1.072
1.077
1.082
1.086
1.089
1.092
1.095
1.097
1.098
1.099
1.099
1.098
1.097
1.095
1.092
1.089
1.085
1.08
1.074
1.068
1.061
1.053
1.044
1.034
1.024
1.012
1.0
0.969
0.938
0.906
0.874
0.841
0.807
0.774
0.741
0.707
0.674
0.641
0.608
0.576
0.545
0.515
0.485
0.456
0.429
0.403
0.378
0.355
0.333
0.329
0.325
0.324
0.323
0.323
0.324
0.326
0.328
0.33
0.332
0.333
0.333
0.332
0.331
0.33
0.328
0.325
0.323
0.32
0.316
0.313
0.309
0.305
0.301
0.296
0.292
0.287
0.282
0.277
0.272
0.267
0.262
0.257
0.252
0.247
0.242
0.238
0.233
0.229
0.224
0.22
0.216
0.213
0.209
0.206
0.203
0.201
0.199
0.197
0.196
0.195
0.194
0.195
0.195
0.196
0.198
0.2
0.211
0.223
0.236
0.249
0.262
0.276
0.29
0.305
0.32
0.336
0.351
0.367
0.384
0.4
0.417
0.433
0.45
0.467
0.484
0.501
0.518
0.535
0.552
0.569
0.586
0.602
0.619
0.635
0.651
0.667
0.682
0.697
0.712
0.726
0.74
0.753
0.766
0.779
0.791
0.802
0.813
0.823
0.833
0.842
0.85
0.857
0.853
0.848
0.842
0.836
0.829
0.821
0.813
0.805
0.795
0.786
0.776
0.765
0.754
0.743
0.732
0.72
0.708
0.696
0.683
0.671
0.658
0.645
0.633
0.62
0.607
0.595
0.582
0.57
0.558
0.546
0.534
0.522
0.511
0.5
0.49
0.48
0.47
0.461
0.452
0.444
0.437
0.43
0.423
0.418
0.413
0.409
0.405
0.403
0.401
0.4
0.4
0.401
0.403
0.406
0.41
0.415
0.421
0.429
0.457
0.486
0.516
0.547
0.578
0.61
0.643
0.676
0.709
0.743
0.776
0.809
0.842
0.875
0.907
0.939
0.97
1.0
1.013
1.026
1.037
1.047
1.057
1.065
1.072
1.078
1.083
1.087
1.089
1.09
1.09
1.089
1.087
1.083
1.077
1.071
1.063
1.053
1.042
1.03
1.016
1.0
0.964
0.927
0.889
0.85
0.811
0.77
0.73
0.689
0.649
0.609
0.57
0.532
0.495
0.459
0.425
0.392
0.362
0.333
0.333
0.336
0.341
0.347
0.356
0.366
0.378
0.392
0.407
0.423
0.44
0.458
0.478
0.497
0.518
0.539
0.56
0.581
0.603
0.624
0.646
0.667
0.682
0.697
0.711
0.725
0.739
0.752
0.764
0.776
0.787
0.797
0.807
0.817
0.825
0.833
0.841
0.847
0.853
0.859
0.863
0.867
0.87
0.872
0.874
0.874
0.874
0.873
0.871
0.869
0.865
0.861
0.855
0.849
0.842
0.833
0.814
0.793
0.772
0.75
0.727
0.704
0.681
0.658
0.634
0.611
0.588
0.565
0.542
0.52
0.499
0.478
0.458
0.44
0.422
0.405
0.39
0.376
0.364
0.353
0.344
0.337
0.332
0.329
0.328
0.329
0.333
0.357
0.383
0.411
0.441
0.472
0.504
0.537
0.571
0.605
0.639
0.673
0.706
0.739
0.77
0.8
0.828
0.854
0.878
0.9
0.918
0.934
0.946
0.955
0.96
0.96
0.956
0.947
0.933
0.914
0.889
0.803
0.712
0.619
0.523
0.428
0.333
0.289
0.248
0.209
0.173
0.139
0.107
0.078
0.051
0.026
0.003
-0.018
-0.037
-0.054
-0.069
-0.082
-0.093
-0.103
-0.11
-0.117
-0.121
-0.124
-0.125
-0.125
-0.124
-0.121
-0.117
-0.112
-0.105
-0.097
-0.089
-0.079
-0.068
-0.056
-0.043
-0.03
-0.016
-0.0
0.015
0.032
0.049
0.066
0.084
0.103
0.122
0.141
0.16
0.18
0.2
0.22
0.24
0.26
0.281
0.301
0.321
0.34
0.36
0.379
0.398
0.417
0.435
0.452
0.47
0.486
0.502
0.517
0.532
0.545
0.558
0.57
0.581
0.591
0.6
0.608
0.615
0.621
0.625
0.623
0.62
0.616
0.611
0.605
0.599
0.592
0.584
0.576
0.568
0.56
0.552
0.544
0.536
0.529
0.522
0.516
0.511
0.506
0.502
0.5
0.504
0.509
0.515
0.522
0.528
0.535
0.542
0.549
0.555
0.561
0.566
0.569
0.572
0.572
0.571
0.557
0.542
0.524
0.506
0.486
0.465
0.444
0.422
0.4
0.379
0.357
0.336
0.315
0.295
0.277
0.259
0.244
0.23
0.217
0.208
0.2
0.216
0.234
0.254
0.276
0.3
0.326
0.354
0.382
0.412
0.443
0.475
0.507
0.54
0.573
0.606
0.638
0.671
0.703
0.734
0.765
0.794
0.822
0.849
0.875
0.898
0.92
0.939
0.956
0.971
0.983
0.992
0.998
1.001
1.0
0.965
0.927
0.887
0.845
0.802
0.758
0.713
0.67
0.627
0.587
0.548
0.512
0.48
0.452
0.429
0.445
0.466
0.491
0.52
0.552
0.586
0.623
0.66
0.699
0.738
0.777
0.815
0.852
0.888
0.92
0.951
0.977
1.0
0.994
0.983
0.969
0.953
0.934
0.913
0.891
0.868
0.845
0.822
0.8
0.789
0.78
0.772
0.765
0.759
0.754
0.75
0.748
0.746
0.745
0.745
0.746
0.748
0.75
0.754
0.757
0.762
0.766
0.772
0.778
0.784
0.79
0.797
0.804
0.812
0.819
0.827
0.834
0.842
0.85
0.857
0.862
0.867
0.872
0.877
0.881
0.885
0.889
0.893
0.897
0.9
0.904
0.907
0.91
0.912
0.914
0.917
0.918
0.92
0.921
0.922
0.922
0.923
0.922
0.922
0.921
0.92
0.918
0.916
0.914
0.911
0.908
0.905
0.901
0.896
0.891
0.886
0.88
0.874
0.867
0.86
0.852
0.844
0.835
0.825
0.815
0.805
0.794
0.782
0.77
0.757
0.744
0.73
0.715
0.7
0.671
0.642
0.613
0.583
0.554
0.524
0.495
0.466
0.438
0.41
0.384
0.358
0.333
0.328
0.323
0.32
0.318
0.317
0.318
0.319
0.322
0.326
0.331
0.337
0.344
0.352
0.361
0.371
0.381
0.393
0.406
0.42
0.434
0.449
0.466
0.482
0.5
0.518
0.537
0.557
0.577
0.597
0.618
0.64
0.662
0.684
0.706
0.729
0.752
0.774
0.797
0.82
0.843
0.865
0.888
0.91
0.932
0.953
0.974
0.995
1.015
1.035
1.054
1.072
1.09
1.106
1.122
1.137
1.152
1.165
1.177
1.188
1.198
1.206
1.214
1.22
1.224
1.227
1.229
1.229
1.228
1.225
1.22
1.214
1.206
1.195
1.183
1.169
1.153
1.135
1.115
1.093
1.068
1.041
1.012
0.98
0.946
0.909
0.837
0.763
0.69
0.617
0.547
0.481
0.42
0.365
0.317
0.279
0.25
0.296
0.352
0.416
0.485
0.56
0.636
0.714
0.791
0.866
0.936
1.0
1.006
1.005
0.997
0.984
0.964
0.939
0.91
0.877
0.839
0.799
0.756
0.711
0.664
0.616
0.568
0.519
0.471
0.423
0.377
0.333
0.312
0.292
0.275
0.26
0.247
0.236
0.227
0.22
0.215
0.211
0.209
0.209
0.21
0.213
0.217
0.223
0.23
0.238
0.247
0.257
0.268
0.28
0.293
0.306
0.32
0.335
0.351
0.366
0.383
0.399
0.416
0.433
0.45
0.467
0.484
0.501
0.518
0.535
0.551
0.567
0.582
0.597
0.611
0.625
0.633
0.641
0.647
0.654
0.659
0.664
0.668
0.671
0.674
0.677
0.678
0.679
0.68
0.68
0.68
0.679
0.678
0.676
0.674
0.671
0.668
0.665
0.661
0.657
0.653
0.648
0.644
0.638
0.633
0.627
0.622
0.615
0.609
0.603
0.596
0.59
0.583
0.576
0.569
0.563
0.556
0.549
0.542
0.535
0.528
0.521
0.514
0.508
0.501
0.495
0.489
0.483
0.477
0.471
0.466
0.46
0.456
0.451
0.447
0.442
0.439
0.435
0.432
0.43
0.427
0.426
0.424
0.423
0.423
0.423
0.424
0.425
0.426
0.429
0.434
0.439
0.446
0.452
0.459
0.466
0.473
0.481
0.488
0.495
0.503
0.51
0.517
0.523
0.529
0.535
0.54
0.545
0.549
0.552
0.555
0.557
0.558
0.557
0.556
0.554
0.55
0.545
0.539
0.532
0.523
0.512
0.5
0.477
0.454
0.429
0.404
0.38
0.356
0.333
0.311
0.292
0.275
0.261
0.25
0.243
0.24
0.243
0.25
0.305
0.364
0.428
0.495
0.565
0.637
0.71
0.784
0.857
0.929
1.0
1.028
1.054
1.078
1.099
1.118
1.135
1.149
1.162
1.172
1.181
1.187
1.192
1.195
1.196
1.195
1.193
1.189
1.184
1.177
1.169
1.16
1.149
1.137
1.123
1.109
1.093
1.077
1.059
1.041
1.022
1.002
0.981
0.959
0.937
0.915
0.891
0.868
0.844
0.819
0.795
0.77
0.745
0.719
0.694
0.669
0.644
0.619
0.594
0.569
0.545
0.521
0.497
0.474
0.451
0.429
0.407
0.386
0.366
0.347
0.328
0.31
0.294
0.278
0.263
0.25
0.246
0.242
0.24
0.239
0.239
0.24
0.241
0.244
0.248
0.252
0.257
0.263
0.27
0.277
0.285
0.294
0.303
0.313
0.323
0.333
0.352
0.371
0.391
0.411
0.431
0.451
0.471
0.492
0.512
0.533
0.554
0.574
0.595
0.615
0.635
0.655
0.675
0.694
0.713
0.732
0.75
0.76
0.77
0.779
0.788
0.796
0.803
0.811
0.817
0.824
0.83
0.835
0.84
0.844
0.848
0.851
0.854
0.856
0.858
0.859
0.86
0.86
0.859
0.859
0.857
0.847
0.836
0.825
0.814
0.802
0.79
0.778
0.766
0.753
0.74
0.728
0.715
0.703
0.691
0.679
0.667
0.66
0.653
0.647
0.641
0.635
0.629
0.624
0.619
0.614
0.61
0.605
0.601
0.598
0.594
0.591
0.587
0.585
0.582
0.579
0.577
0.575
0.572
0.571
0.569
0.567
0.566
0.564
0.563
0.562
0.561
0.56
0.559
0.559
0.558
0.557
0.557
0.557
0.556
0.556
0.556
0.558
0.56
0.562
0.564
0.566
0.568
0.571
0.573
0.575
0.577
0.579
0.582
0.584
0.586
0.588
0.59
0.592
0.595
0.597
0.599
0.601
0.603
0.604
0.606
0.608
0.61
0.612
0.613
0.615
0.616
0.618
0.619
0.62
0.621
0.622
0.623
0.624
0.625
0.625
0.625
0.625
0.625
0.624
0.624
0.623
0.623
0.622
0.621
0.62
0.62
0.619
0.618
0.617
0.616
0.615
0.614
0.613
0.612
0.61
0.609
0.608
0.607
0.606
0.605
0.604
0.603
0.601
0.6
0.599
0.598
0.598
0.597
0.596
0.595
0.594
0.594
0.593
0.593
0.592
0.592
0.591
0.591
0.591
0.591
0.591
0.592
0.592
0.592
0.593
0.594
0.595
0.596
0.597
0.598
0.599
0.601
0.603
0.605
0.607
0.609
0.611
0.614
0.617
0.62
0.623
0.626
0.63
0.634
0.638
0.642
0.646
0.651
0.656
0.661
0.667
0.676
0.686
0.697
0.707
0.717
0.727
0.737
0.746
0.755
0.764
0.773
0.78
0.788
0.794
0.8
0.795
0.788
0.781
0.774
0.765
0.756
0.747
0.737
0.726
0.715
0.703
0.691
0.679
0.666
0.653
0.639
0.625
0.612
0.598
0.583
0.569
0.555
0.54
0.526
0.511
0.497
0.483
0.469
0.455
0.441
0.428
0.414
0.402
0.389
0.377
0.365
0.354
0.344
0.333
0.333
0.333
0.334
0.336
0.337
0.34
0.343
0.346
0.35
0.354
0.358
0.363
0.368
0.374
0.38
0.386
0.393
0.4
0.407
0.415
0.422
0.43
0.438
0.447
0.455
0.464
0.472
0.481
0.49
0.499
0.509
0.518
0.527
0.537
0.546
0.555
0.565
0.574
0.583
0.592
0.601
0.61
0.619
0.628
0.636
0.652
0.668
0.683
0.7
0.717
0.735
0.755
0.775
0.798
0.822
0.849
0.878
0.909
0.935
0.962
0.992
1.023
1.054
1.086
1.117
1.147
1.176
1.202
1.227
1.248
1.265
1.279
1.288
1.291
1.289
1.28
1.265
1.242
1.212
1.173
1.125
1.067
1.0
0.838
0.669
0.5
0.333
0.262
0.198
0.141
0.091
0.048
0.012
-0.018
-0.043
-0.061
-0.074
-0.082
-0.086
-0.084
-0.078
-0.068
-0.055
-0.038
-0.017
0.006
0.032
0.06
0.091
0.124
0.158
0.193
0.23
0.267
0.305
0.343
0.381
0.418
0.455
0.492
0.527
0.561
0.593
0.623
0.651
0.677
0.699
0.719
0.736
0.748
0.758
0.762
0.763
0.759
0.75
0.709
0.663
0.615
0.565
0.515
0.465
0.418
0.373
0.333
0.328
0.327
0.331
0.338
0.349
0.363
0.378
0.396
0.414
0.433
0.451
0.469
0.485
0.5
0.504
0.505
0.504
0.501
0.496
0.489
0.481
0.471
0.46
0.447
0.434
0.42
0.404
0.388
0.372
0.355
0.337
0.32
0.303
0.285
0.268
0.251
0.235
0.22
0.205
0.191
0.178
0.166
0.156
0.147
0.14
0.134
0.131
0.129
0.129
0.132
0.137
0.144
0.155
0.168
0.183
0.202
0.225
0.25
0.294
0.341
0.391
0.443
0.496
0.551
0.606
0.661
0.716
0.771
0.824
0.876
0.925
0.972
1.016
1.057
1.094
1.126
1.153
1.175
1.191
1.201
1.204
1.2
1.189
1.169
1.141
1.104
1.057
1.0
0.838
0.67
0.5
0.333
0.261
0.195
0.137
0.085
0.04
0.001
-0.032
-0.06
-0.081
-0.098
-0.11
-0.117
-0.119
-0.117
-0.111
-0.102
-0.088
-0.072
-0.052
-0.03
-0.005
0.022
0.052
0.083
0.116
0.15
0.186
0.222
0.259
0.296
0.333
0.371
0.407
0.444
0.479
0.514
0.547
0.579
0.609
0.637
0.662
0.685
0.705
0.723
0.737
0.747
0.754
0.757
0.756
0.75
0.712
0.671
0.626
0.579
0.53
0.48
0.43
0.381
0.333
0.313
0.296
0.28
0.266
0.254
0.244
0.236
0.23
0.225
0.223
0.221
0.222
0.223
0.227
0.232
0.238
0.245
0.254
0.264
0.275
0.287
0.3
0.315
0.33
0.346
0.363
0.381
0.4
0.419
0.439
0.46
0.481
0.503
0.525
0.548
0.571
0.594
0.618
0.641
0.665
0.689
0.713
0.737
0.761
0.785
0.809
0.832
0.856
0.879
0.901
0.923
0.945
0.966
0.987
1.007
1.027
1.045
1.063
1.081
1.097
1.112
1.127
1.14
1.152
1.163
1.173
1.182
1.19
1.196
1.201
1.204
1.206
1.207
1.206
1.203
1.198
1.192
1.184
1.174
1.163
1.149
1.133
1.116
1.096
1.074
1.05
1.024
0.995
0.964
0.931
0.895
0.857
0.77
0.682
0.593
0.504
0.417
0.332
0.25
0.217
0.188
0.163
0.142
0.124
0.11
0.099
0.091
0.086
0.084
0.084
0.087
0.092
0.099
0.108
0.119
0.132
0.146
0.161
0.178
0.196
0.214
0.233
0.253
0.273
0.293
0.313
0.333
0.363
0.392
0.421
0.449
0.477
0.505
0.532
0.558
0.584
0.61
0.634
0.658
0.681
0.704
0.725
0.746
0.766
0.785
0.803
0.82
0.836
0.851
0.865
0.877
0.889
0.882
0.874
0.865
0.854
0.843
0.832
0.819
0.806
0.793
0.779
0.765
0.751
0.737
0.722
0.708
0.694
0.68
0.667
0.659
0.651
0.644
0.638
0.631
0.626
0.62
0.615
0.61
0.606
0.602
0.598
0.595
0.592
0.589
0.586
0.584
0.582
0.58
0.578
0.577
0.575
0.574
0.573
0.572
0.572
0.571
0.57
0.57
0.569
0.569
0.568
0.568
0.568
0.567
0.567
0.566
0.566
0.565
0.564
0.563
0.562
0.561
0.56
0.559
0.557
0.556
0.553
0.551
0.548
0.545
0.542
0.539
0.536
0.532
0.529
0.525
0.521
0.517
0.513
0.509
0.505
0.5
0.496
0.491
0.486
0.482
0.477
0.472
0.467
0.462
0.457
0.452
0.448
0.443
0.438
0.433
0.428
0.423
0.418
0.413
0.408
0.403
0.399
0.394
0.39
0.385
0.381
0.376
0.372
0.368
0.364
0.36
0.357
0.353
0.35
0.346
0.343
0.34
0.338
0.335
0.333
0.331
0.329
0.327
0.325
0.324
0.323
0.322
0.321
0.321
0.321
0.321
0.322
0.322
0.323
0.325
0.326
0.328
0.331
0.333
0.342
0.35
0.359
0.368
0.378
0.387
0.396
0.406
0.415
0.424
0.433
0.442
0.45
0.458
0.466
0.473
0.479
0.486
0.491
0.496
0.5
0.495
0.49
0.484
0.477
0.47
0.462
0.454
0.445
0.436
0.427
0.418
0.408
0.399
0.389
0.379
0.37
0.36
0.351
0.342
0.333
0.329
0.326
0.323
0.32
0.317
0.315
0.313
0.311
0.31
0.309
0.308
0.307
0.307
0.307
0.307
0.307
0.307
0.308
0.309
0.31
0.311
0.312
0.314
0.315
0.317
0.319
0.321
0.323
0.325
0.328
0.33
0.332
0.335
0.338
0.34
0.343
0.346
0.348
0.351
0.354
0.357
0.359
0.362
0.365
0.367
0.37
0.373
0.375
0.377
0.378
0.38
0.381
0.383
0.384
0.386
0.387
0.388
0.389
0.39
0.391
0.392
0.393
0.394
0.394
0.395
0.396
0.396
0.397
0.397
0.398
0.398
0.398
0.398
0.398
0.398
0.398
0.398
0.398
0.398
0.398
0.398
0.397
0.397
0.397
0.396
0.396
0.395
0.394
0.394
0.393
0.392
0.391
0.39
0.389
0.388
0.387
0.386
0.385
0.384
0.383
0.382
0.38
0.379
0.378
0.376
0.375
0.373
0.372
0.37
0.369
0.367
0.365
0.363
0.362
0.36
0.358
0.356
0.354
0.352
0.35
0.348
0.346
0.344
0.342
0.34
0.338
0.336
0.333
0.331
0.329
0.327
0.325
0.323
0.321
0.319
0.317
0.315
0.313
0.31
0.308
0.306
0.304
0.302
0.3
0.298
0.296
0.294
0.292
0.291
0.289
0.287
0.285
0.284
0.282
0.281
0.279
0.278
0.277
0.275
0.274
0.273
0.272
0.272
0.271
0.27
0.27
0.269
0.269
0.269
0.268
0.268
0.269
0.269
0.269
0.27
0.271
0.271
0.272
0.273
0.275
0.276
0.278
0.28
0.282
0.284
0.286
0.288
0.291
0.294
0.297
0.3
0.304
0.307
0.311
0.315
0.319
0.324
0.328
0.333
0.341
0.35
0.358
0.367
0.375
0.384
0.393
0.401
0.41
0.418
0.426
0.434
0.442
0.449
0.456
0.463
0.469
0.475
0.481
0.485
0.49
0.493
0.496
0.499
0.5
0.501
0.501
0.5
0.49
0.48
0.469
0.458
0.446
0.434
0.422
0.41
0.399
0.388
0.377
0.367
0.358
0.35
0.343
0.338
0.333
0.345
0.359
0.374
0.39
0.408
0.426
0.445
0.465
0.486
0.507
0.529
0.551
0.574
0.597
0.619
0.642
0.664
0.686
0.708
0.729
0.75
0.756
0.761
0.765
0.769
0.772
0.774
0.776
0.777
0.777
0.777
0.776
0.774
0.772
0.77
0.766
0.763
0.758
0.754
0.748
0.742
0.736
0.729
0.722
0.714
0.706
0.697
0.688
0.678
0.668
0.658
0.647
0.636
0.625
0.613
0.601
0.588
0.575
0.562
0.549
0.535
0.521
0.507
0.492
0.477
0.462
0.447
0.431
0.416
0.4
0.384
0.368
0.351
0.335
0.318
0.301
0.284
0.267
0.25
0.237
0.224
0.211
0.198
0.185
0.172
0.159
0.145
0.132
0.119
0.106
0.093
0.08
0.067
0.054
0.041
0.028
0.016
0.003
-0.009
-0.021
-0.033
-0.045
-0.057
-0.069
-0.08
-0.091
-0.102
-0.113
-0.124
-0.134
-0.144
-0.154
-0.163
-0.172
-0.181
-0.19
-0.198
-0.206
-0.214
-0.221
-0.228
-0.234
-0.24
-0.246
-0.251
-0.256
-0.261
-0.265
-0.268
-0.271
-0.274
-0.276
-0.277
-0.279
-0.279
-0.279
-0.279
-0.278
-0.276
-0.274
-0.271
-0.268
-0.264
-0.259
-0.254
-0.248
-0.241
-0.234
-0.226
-0.218
-0.209
-0.199
-0.188
-0.177
-0.165
-0.152
-0.138
-0.124
-0.108
-0.092
-0.076
-0.058
-0.04
-0.02
-0.0
0.021
0.043
0.065
0.089
0.113
0.139
0.165
0.193
0.221
0.25
