0.0
0.073
0.143
0.211
0.277
0.341
0.403
0.462
0.52
0.576
0.63
0.682
0.732
0.781
0.828
0.873
0.917
0.959
1.0
1.012
1.022
1.031
1.039
1.046
1.052
1.056
1.06
1.063
1.065
1.066
1.066
1.065
1.064
1.062
1.06
1.057
1.054
1.05
1.046
1.042
1.038
1.033
1.028
1.023
1.018
1.014
1.009
1.004
1.0
0.993
0.985
0.978
0.972
0.965
0.959
0.953
0.947
0.941
0.936
0.93
0.925
0.92
0.915
0.91
0.905
0.901
0.896
0.892
0.887
0.883
0.878
0.874
0.87
0.865
0.861
0.857
0.852
0.848
0.843
0.839
0.834
0.829
0.825
0.82
0.815
0.81
0.804
0.799
0.793
0.788
0.782
0.775
0.769
0.763
0.756
0.749
0.741
0.734
0.726
0.718
0.71
0.701
0.692
0.683
0.673
0.663
0.653
0.642
0.631
0.619
0.607
0.595
0.582
0.569
0.556
0.537
0.518
0.499
0.48
0.461
0.441
0.421
0.402
0.382
0.363
0.343
0.324
0.306
0.288
0.27
0.253
0.236
0.22
0.205
0.191
0.178
0.165
0.154
0.144
0.135
0.127
0.12
0.115
0.111
0.127
0.143
0.161
0.18
0.2
0.221
0.243
0.265
0.288
0.31
0.333
0.352
0.37
0.388
0.406
0.425
0.443
0.461
0.479
0.497
0.515
0.532
0.55
0.567
0.585
0.602
0.619
0.636
0.652
0.669
0.685
0.701
0.717
0.732
0.747
0.762
0.777
0.791
0.805
0.819
0.832
0.845
0.857
0.87
0.881
0.893
0.904
0.914
0.924
0.934
0.943
0.952
0.96
0.967
0.975
0.981
0.987
0.993
0.998
1.002
1.006
1.009
1.011
1.013
1.015
1.015
1.015
1.014
1.013
1.011
1.008
1.004
1.0
0.985
0.969
0.953
0.936
0.919
0.902
0.884
0.866
0.848
0.831
0.813
0.795
0.778
0.761
0.744
0.728
0.713
0.698
0.684
0.671
0.659
0.648
0.638
0.63
0.622
0.616
0.612
0.609
0.608
0.608
0.61
0.614
0.621
0.629
0.639
0.652
0.667
0.712
0.76
0.808
0.857
0.906
0.954
1.0
1.016
1.03
1.043
1.053
1.061
1.068
1.073
1.076
1.077
1.077
1.076
1.073
1.069
1.064
1.057
1.049
1.04
1.03
1.019
1.008
0.995
0.982
0.968
0.953
0.938
0.922
0.906
0.889
0.872
0.855
0.837
0.82
0.802
0.785
0.767
0.75
0.732
0.715
0.699
0.683
0.667
0.652
0.637
0.623
0.609
0.597
0.585
0.574
0.564
0.556
0.556
0.557
0.56
0.563
0.567
0.572
0.578
0.585
0.593
0.601
0.61
0.619
0.63
0.64
0.651
0.663
0.675
0.688
0.701
0.714
0.727
0.741
0.755
0.769
0.783
0.797
0.811
0.825
0.839
0.853
0.866
0.88
0.893
0.906
0.919
0.931
0.943
0.955
0.966
0.976
0.986
0.995
1.004
1.012
1.019
1.025
1.031
1.036
1.04
1.042
1.044
1.045
1.045
1.044
1.041
1.038
1.033
1.027
1.019
1.01
1.0
0.969
0.937
0.905
0.872
0.84
0.809
0.779
0.75
0.741
0.735
0.73
0.727
0.726
0.727
0.729
0.733
0.738
0.745
0.753
0.762
0.772
0.783
0.795
0.807
0.821
0.835
0.849
0.864
0.88
0.895
0.911
0.927
0.943
0.959
0.975
0.991
1.006
1.021
1.035
1.049
1.062
1.074
1.085
1.096
1.105
1.114
1.121
1.127
1.131
1.134
1.135
1.135
1.133
1.13
1.124
1.116
1.107
1.095
1.081
1.064
1.045
1.024
1.0
0.939
0.876
0.811
0.744
0.677
0.609
0.541
0.473
0.407
0.341
0.277
0.215
0.156
0.1
0.09
0.084
0.081
0.081
0.084
0.09
0.098
0.109
0.122
0.137
0.155
0.174
0.196
0.219
0.243
0.27
0.297
0.326
0.356
0.386
0.418
0.45
0.483
0.516
0.55
0.584
0.617
0.651
0.684
0.717
0.75
0.782
0.813
0.844
0.873
0.901
0.928
0.954
0.978
1.0
1.004
1.006
1.006
1.005
1.003
0.999
0.993
0.987
0.979
0.97
0.96
0.949
0.937
0.924
0.911
0.897
0.882
0.867
0.851
0.835
0.818
0.801
0.784
0.767
0.75
0.733
0.716
0.699
0.683
0.667
0.656
0.645
0.635
0.625
0.616
0.607
0.598
0.59
0.582
0.574
0.567
0.56
0.553
0.547
0.541
0.535
0.53
0.525
0.52
0.516
0.512
0.508
0.504
0.501
0.498
0.495
0.492
0.49
0.488
0.486
0.484
0.483
0.481
0.48
0.479
0.479
0.478
0.478
0.478
0.478
0.478
0.478
0.479
0.48
0.48
0.481
0.482
0.483
0.485
0.486
0.487
0.489
0.49
0.492
0.494
0.496
0.498
0.5
0.502
0.504
0.506
0.508
0.51
0.512
0.514
0.516
0.519
0.521
0.523
0.525
0.527
0.529
0.531
0.533
0.535
0.537
0.539
0.541
0.542
0.544
0.545
0.548
0.55
0.552
0.554
0.556
0.558
0.56
0.561
0.563
0.564
0.566
0.567
0.568
0.569
0.57
0.571
0.572
0.573
0.573
0.574
0.574
0.575
0.575
0.575
0.575
0.575
0.575
0.575
0.575
0.574
0.574
0.574
0.573
0.572
0.572
0.571
0.57
0.569
0.568
0.566
0.565
0.564
0.562
0.561
0.559
0.557
0.556
0.554
0.551
0.549
0.547
0.545
0.543
0.54
0.538
0.536
0.533
0.531
0.528
0.526
0.524
0.522
0.519
0.517
0.515
0.513
0.511
0.509
0.507
0.506
0.504
0.503
0.502
0.5
0.499
0.499
0.498
0.497
0.497
0.497
0.497
0.497
0.498
0.499
0.5
0.501
0.503
0.504
0.506
0.509
0.511
0.514
0.517
0.521
0.525
0.529
0.534
0.539
0.544
0.55
0.556
0.569
0.583
0.597
0.612
0.627
0.642
0.657
0.672
0.688
0.704
0.719
0.735
0.751
0.767
0.782
0.798
0.813
0.829
0.844
0.859
0.873
0.888
0.902
0.916
0.929
0.942
0.955
0.967
0.978
0.989
1.0
1.003
1.005
1.007
1.008
1.009
1.009
1.009
1.009
1.008
1.007
1.006
1.005
1.004
1.003
1.001
1.0
0.999
0.997
0.996
0.995
0.994
0.993
0.992
0.991
0.99
0.989
0.988
0.987
0.987
0.986
0.985
0.985
0.984
0.984
0.983
0.983
0.982
0.982
0.982
0.981
0.981
0.981
0.981
0.981
0.981
0.981
0.981
0.982
0.982
0.982
0.982
0.983
0.983
0.984
0.984
0.985
0.985
0.986
0.987
0.988
0.989
0.989
0.99
0.991
0.992
0.994
0.995
0.996
0.997
0.999
1.0
1.001
1.003
1.004
1.006
1.008
1.009
1.011
1.013
1.015
1.017
1.019
1.02
1.022
1.024
1.027
1.029
1.031
1.033
1.035
1.037
1.04
1.042
1.044
1.047
1.049
1.051
1.054
1.056
1.059
1.061
1.064
1.066
1.069
1.071
1.074
1.076
1.079
1.081
1.084
1.086
1.089
1.091
1.094
1.097
1.099
1.102
1.104
1.107
1.109
1.112
1.115
1.117
1.12
1.122
1.125
1.127
1.13
1.132
1.134
1.137
1.139
1.142
1.144
1.146
1.149
1.151
1.153
1.155
1.157
1.159
1.162
1.164
1.166
1.168
1.17
1.172
1.173
1.175
1.177
1.179
1.18
1.182
1.184
1.185
1.187
1.188
1.19
1.191
1.192
1.193
1.195
1.196
1.197
1.198
1.199
1.199
1.2
1.201
1.202
1.202
1.203
1.203
1.203
1.204
1.204
1.204
1.204
1.204
1.204
1.204
1.203
1.203
1.203
1.202
1.201
1.201
1.2
1.199
1.198
1.197
1.196
1.194
1.193
1.192
1.19
1.188
1.186
1.185
1.183
1.18
1.178
1.176
1.173
1.171
1.168
1.165
1.162
1.159
1.156
1.153
1.15
1.146
1.142
1.139
1.135
1.131
1.127
1.122
1.118
1.113
1.109
1.104
1.099
1.094
1.089
1.083
1.078
1.072
1.066
1.06
1.054
1.048
1.042
1.035
1.028
1.021
1.014
1.007
1.0
0.988
0.976
0.964
0.952
0.94
0.927
0.915
0.902
0.889
0.876
0.863
0.85
0.837
0.824
0.811
0.797
0.784
0.771
0.757
0.744
0.73
0.717
0.703
0.69
0.676
0.663
0.649
0.636
0.622
0.609
0.596
0.582
0.569
0.556
0.543
0.53
0.517
0.504
0.492
0.479
0.467
0.454
0.442
0.43
0.418
0.406
0.395
0.383
0.372
0.361
0.35
0.339
0.329
0.318
0.308
0.298
0.289
0.279
0.27
0.261
0.252
0.244
0.236
0.228
0.22
0.213
0.206
0.199
0.193
0.187
0.181
0.176
0.17
0.166
0.161
0.157
0.154
0.15
0.147
0.145
0.143
0.141
0.139
0.138
0.138
0.138
0.138
0.139
0.14
0.142
0.144
0.146
0.15
0.153
0.157
0.162
0.167
0.189
0.211
0.234
0.258
0.282
0.306
0.33
0.355
0.38
0.405
0.431
0.456
0.482
0.508
0.534
0.56
0.586
0.612
0.638
0.664
0.689
0.715
0.74
0.766
0.791
0.815
0.84
0.864
0.888
0.911
0.934
0.956
0.979
1.0
1.009
1.017
1.025
1.032
1.038
1.044
1.05
1.055
1.06
1.065
1.068
1.072
1.075
1.078
1.08
1.082
1.084
1.085
1.086
1.086
1.087
1.087
1.086
1.086
1.085
1.084
1.083
1.081
1.079
1.077
1.075
1.073
1.071
1.068
1.065
1.062
1.059
1.056
1.053
1.049
1.046
1.042
1.039
1.035
1.032
1.028
1.024
1.021
1.017
1.014
1.01
1.007
1.003
1.0
0.993
0.986
0.979
0.973
0.966
0.96
0.953
0.947
0.94
0.934
0.927
0.921
0.915
0.908
0.902
0.896
0.889
0.883
0.877
0.87
0.864
0.858
0.851
0.845
0.838
0.832
0.825
0.818
0.811
0.805
0.798
0.79
0.783
0.776
0.769
0.761
0.754
0.746
0.738
0.73
0.722
0.713
0.705
0.696
0.688
0.679
0.67
0.66
0.651
0.641
0.631
0.621
0.611
0.6
0.597
0.593
0.59
0.586
0.582
0.579
0.575
0.571
0.567
0.564
0.56
0.557
0.554
0.551
0.549
0.546
0.545
0.543
0.542
0.542
0.542
0.542
0.543
0.545
0.548
0.551
0.555
0.559
0.565
0.571
0.578
0.587
0.596
0.606
0.617
0.629
0.642
0.657
0.672
0.689
0.707
0.727
0.747
0.77
0.793
0.818
0.844
0.872
0.902
0.933
0.966
1.0
1.032
1.066
1.101
1.138
1.176
1.215
1.256
1.297
1.339
1.383
1.427
1.471
1.516
1.562
1.608
1.654
1.7
1.746
1.793
1.839
1.885
1.931
1.976
2.021
2.065
2.108
2.151
2.192
2.233
2.273
2.311
2.348
2.384
2.418
2.451
2.482
2.511
2.539
2.564
2.588
2.609
2.628
2.644
2.659
2.67
2.679
2.686
2.689
2.69
2.687
2.682
2.673
2.661
2.645
2.626
2.603
2.577
2.547
2.513
2.475
2.433
2.387
2.336
2.281
2.222
2.158
2.089
2.016
1.938
1.855
1.767
1.673
1.575
1.471
1.361
1.247
1.126
1.0
0.735
0.468
0.2
0.071
-0.055
-0.178
-0.298
-0.415
-0.528
-0.639
-0.747
-0.853
-0.955
-1.054
-1.151
-1.245
-1.336
-1.424
-1.51
-1.593
-1.673
-1.751
-1.826
-1.898
-1.968
-2.036
-2.101
-2.163
-2.223
-2.28
-2.336
-2.388
-2.439
-2.487
-2.533
-2.576
-2.618
-2.657
-2.694
-2.729
-2.761
-2.792
-2.82
-2.847
-2.871
-2.893
-2.914
-2.932
-2.949
-2.963
-2.976
-2.987
-2.996
-3.003
-3.008
-3.012
-3.014
-3.014
-3.013
-3.01
-3.005
-2.999
-2.991
-2.982
-2.971
-2.959
-2.945
-2.93
-2.913
-2.895
-2.876
-2.855
-2.833
-2.81
-2.786
-2.76
-2.733
-2.705
-2.676
-2.645
-2.614
-2.581
-2.548
-2.513
-2.478
-2.441
-2.404
-2.365
-2.326
-2.286
-2.245
-2.203
-2.16
-2.117
-2.073
-2.028
-1.983
-1.937
-1.89
-1.843
-1.795
-1.746
-1.697
-1.648
-1.598
-1.548
-1.497
-1.446
-1.394
-1.342
-1.29
-1.238
-1.185
-1.132
-1.079
-1.025
-0.972
-0.918
-0.864
-0.811
-0.757
-0.703
-0.649
-0.595
-0.541
-0.487
-0.434
-0.38
-0.327
-0.273
-0.22
-0.168
-0.115
-0.063
-0.011
0.041
0.092
0.143
0.193
0.243
0.293
0.342
0.39
0.438
0.485
0.532
0.578
0.624
0.669
0.713
0.756
0.799
0.841
0.882
0.922
0.962
1.0
1.035
1.069
1.102
1.135
1.166
1.197
1.226
1.255
1.283
1.31
1.337
1.362
1.387
1.411
1.434
1.456
1.478
1.498
1.518
1.538
1.556
1.574
1.591
1.607
1.623
1.637
1.652
1.665
1.678
1.69
1.701
1.712
1.722
1.731
1.74
1.748
1.756
1.763
1.769
1.775
1.78
1.784
1.788
1.792
1.794
1.797
1.798
1.799
1.8
1.8
1.8
1.799
1.798
1.796
1.793
1.79
1.787
1.783
1.779
1.774
1.769
1.764
1.758
1.751
1.745
1.738
1.73
1.722
1.714
1.705
1.696
1.687
1.677
1.667
1.657
1.646
1.635
1.624
1.612
1.6
1.588
1.576
1.563
1.55
1.537
1.524
1.51
1.496
1.482
1.468
1.453
1.439
1.424
1.409
1.394
1.378
1.363
1.347
1.331
1.315
1.299
1.283
1.267
1.251
1.234
1.218
1.201
1.185
1.168
1.151
1.135
1.118
1.101
1.084
1.067
1.05
1.034
1.017
1.0
0.976
0.953
0.93
0.907
0.884
0.861
0.838
0.816
0.795
0.773
0.752
0.732
0.712
0.693
0.674
0.656
0.638
0.622
0.606
0.591
0.577
0.563
0.551
0.54
0.529
0.52
0.512
0.505
0.499
0.494
0.491
0.489
0.488
0.489
0.491
0.495
0.5
0.531
0.564
0.598
0.633
0.669
0.705
0.742
0.779
0.817
0.854
0.891
0.928
0.964
1.0
1.017
1.033
1.048
1.062
1.075
1.088
1.099
1.11
1.12
1.13
1.138
1.146
1.153
1.16
1.165
1.17
1.175
1.178
1.182
1.184
1.186
1.187
1.188
1.188
1.188
1.187
1.185
1.183
1.181
1.178
1.175
1.171
1.167
1.162
1.157
1.152
1.146
1.14
1.134
1.127
1.12
1.113
1.105
1.098
1.09
1.081
1.073
1.064
1.056
1.047
1.038
1.028
1.019
1.01
1.0
0.986
0.971
0.956
0.942
0.927
0.912
0.898
0.883
0.868
0.853
0.839
0.824
0.809
0.794
0.779
0.765
0.75
0.735
0.72
0.706
0.691
0.677
0.662
0.648
0.633
0.619
0.605
0.591
0.577
0.563
0.549
0.535
0.522
0.508
0.495
0.482
0.469
0.456
0.443
0.431
0.418
0.406
0.394
0.382
0.37
0.358
0.347
0.336
0.325
0.314
0.304
0.293
0.283
0.274
0.264
0.255
0.246
0.237
0.228
0.22
0.212
0.204
0.197
0.189
0.183
0.176
0.17
0.164
0.158
0.153
0.148
0.143
0.139
0.135
0.132
0.129
0.126
0.123
0.121
0.119
0.118
0.117
0.117
0.117
0.117
0.118
0.119
0.121
0.123
0.125
0.146
0.167
0.189
0.211
0.233
0.257
0.28
0.304
0.328
0.353
0.379
0.404
0.431
0.457
0.485
0.512
0.54
0.569
0.598
0.627
0.657
0.688
0.719
0.75
0.787
0.823
0.86
0.896
0.932
0.967
1.0
1.009
1.017
1.023
1.028
1.031
1.034
1.034
1.034
1.032
1.03
1.026
1.021
1.015
1.008
1.0
0.992
0.982
0.972
0.961
0.95
0.938
0.925
0.911
0.898
0.883
0.869
0.854
0.839
0.823
0.807
0.792
0.776
0.76
0.743
0.728
0.712
0.696
0.68
0.665
0.65
0.635
0.621
0.607
0.593
0.58
0.567
0.556
0.551
0.547
0.544
0.541
0.539
0.538
0.537
0.537
0.537
0.537
0.539
0.54
0.543
0.545
0.549
0.552
0.556
0.561
0.566
0.571
0.577
0.583
0.589
0.596
0.603
0.611
0.618
0.626
0.635
0.643
0.652
0.661
0.67
0.68
0.689
0.699
0.709
0.72
0.73
0.74
0.751
0.762
0.772
0.783
0.794
0.805
0.816
0.827
0.839
0.85
0.861
0.872
0.883
0.894
0.905
0.915
0.926
0.937
0.947
0.957
0.968
0.978
0.988
0.997
1.007
1.016
1.025
1.034
1.043
1.051
1.059
1.067
1.074
1.081
1.088
1.094
1.1
1.106
1.112
1.116
1.121
1.125
1.129
1.132
1.135
1.137
1.139
1.14
1.141
1.141
1.141
1.14
1.138
1.136
1.134
1.13
1.127
1.122
1.117
1.111
1.105
1.098
1.09
1.081
1.072
1.062
1.051
1.039
1.027
1.014
1.0
0.973
0.944
0.916
0.886
0.856
0.826
0.795
0.765
0.734
0.703
0.672
0.641
0.61
0.58
0.55
0.521
0.492
0.463
0.436
0.409
0.383
0.358
0.334
0.312
0.29
0.27
0.251
0.234
0.218
0.204
0.192
0.181
0.173
0.166
0.162
0.16
0.16
0.162
0.167
0.211
0.257
0.305
0.355
0.406
0.459
0.513
0.567
0.622
0.678
0.733
0.788
0.842
0.896
0.949
1.0
1.022
1.042
1.061
1.079
1.095
1.11
1.123
1.135
1.146
1.156
1.164
1.171
1.177
1.182
1.186
1.189
1.19
1.191
1.191
1.189
1.187
1.184
1.18
1.176
1.17
1.164
1.157
1.149
1.141
1.132
1.122
1.112
1.101
1.09
1.078
1.066
1.053
1.04
1.027
1.013
0.999
0.985
0.97
0.956
0.941
0.925
0.91
0.895
0.879
0.864
0.848
0.833
0.818
0.802
0.787
0.772
0.757
0.743
0.728
0.714
0.7
0.687
0.674
0.661
0.649
0.637
0.625
0.614
0.604
0.594
0.585
0.577
0.569
0.562
0.555
0.549
0.545
0.54
0.537
0.535
0.533
0.533
0.533
0.535
0.537
0.541
0.545
0.551
0.558
0.566
0.575
0.586
0.598
0.611
0.625
0.664
0.705
0.75
0.81
0.872
0.936
1.0
1.03
1.058
1.084
1.108
1.13
1.15
1.168
1.184
1.198
1.211
1.221
1.23
1.238
1.244
1.249
1.252
1.254
1.254
1.253
1.252
1.249
1.244
1.239
1.233
1.226
1.218
1.21
1.201
1.191
1.18
1.169
1.157
1.145
1.133
1.12
1.107
1.094
1.08
1.067
1.053
1.04
1.026
1.013
1.0
0.977
0.955
0.933
0.911
0.89
0.868
0.848
0.827
0.808
0.788
0.769
0.751
0.733
0.715
0.699
0.682
0.667
0.661
0.657
0.653
0.649
0.646
0.644
0.642
0.641
0.64
0.639
0.639
0.639
0.639
0.64
0.641
0.642
0.643
0.645
0.647
0.649
0.651
0.653
0.655
0.658
0.66
0.662
0.664
0.667
0.67
0.673
0.676
0.679
0.682
0.685
0.688
0.69
0.693
0.695
0.698
0.7
0.703
0.705
0.707
0.709
0.712
0.714
0.716
0.718
0.72
0.722
0.724
0.725
0.727
0.729
0.731
0.733
0.734
0.736
0.738
0.739
0.741
0.742
0.744
0.745
0.747
0.748
0.75
0.751
0.752
0.754
0.755
0.756
0.757
0.759
0.76
0.761
0.762
0.764
0.765
0.766
0.768
0.769
0.771
0.772
0.774
0.775
0.777
0.778
0.78
0.782
0.783
0.785
0.787
0.789
0.791
0.793
0.795
0.798
0.8
0.803
0.807
0.81
0.814
0.818
0.821
0.825
0.829
0.833
0.837
0.841
0.845
0.849
0.853
0.857
0.861
0.865
0.869
0.873
0.877
0.882
0.886
0.89
0.894
0.898
0.902
0.906
0.91
0.914
0.918
0.922
0.926
0.93
0.934
0.938
0.942
0.945
0.949
0.953
0.956
0.959
0.963
0.966
0.969
0.972
0.975
0.978
0.981
0.984
0.987
0.989
0.992
0.994
0.996
0.998
1.0
0.997
0.993
0.989
0.986
0.982
0.978
0.974
0.969
0.965
0.96
0.956
0.951
0.946
0.941
0.936
0.931
0.925
0.92
0.914
0.909
0.903
0.897
0.891
0.885
0.879
0.873
0.866
0.86
0.853
0.846
0.839
0.833
0.826
0.818
0.811
0.804
0.796
0.789
0.781
0.774
0.766
0.758
0.75
0.742
0.734
0.726
0.718
0.709
0.701
0.692
0.684
0.675
0.666
0.657
0.649
0.64
0.631
0.621
0.612
0.603
0.594
0.584
0.575
0.565
0.556
0.551
0.547
0.543
0.54
0.536
0.533
0.53
0.528
0.526
0.525
0.525
0.525
0.527
0.529
0.533
0.538
0.544
0.551
0.56
0.57
0.582
0.595
0.61
0.627
0.646
0.667
0.711
0.757
0.805
0.853
0.902
0.951
1.0
1.024
1.047
1.07
1.092
1.113
1.134
1.154
1.174
1.193
1.212
1.23
1.248
1.265
1.281
1.298
1.313
1.328
1.343
1.357
1.37
1.383
1.396
1.408
1.42
1.431
1.441
1.452
1.461
1.471
1.48
1.488
1.496
1.504
1.511
1.518
1.524
1.53
1.536
1.541
1.545
1.55
1.554
1.557
1.561
1.563
1.566
1.568
1.57
1.571
1.572
1.573
1.574
1.574
1.574
1.573
1.572
1.571
1.57
1.568
1.566
1.563
1.561
1.558
1.555
1.551
1.548
1.544
1.54
1.535
1.531
1.526
1.52
1.515
1.51
1.504
1.498
1.491
1.485
1.478
1.472
1.465
1.457
1.45
1.443
1.435
1.427
1.419
1.411
1.403
1.394
1.386
1.377
1.368
1.359
1.35
1.341
1.332
1.322
1.313
1.303
1.294
1.284
1.274
1.264
1.254
1.244
1.234
1.224
1.214
1.204
1.194
1.183
1.173
1.163
1.152
1.142
1.132
1.122
1.111
1.101
1.091
1.08
1.07
1.06
1.05
1.04
1.03
1.02
1.01
1.0
0.99
0.98
0.97
0.961
0.951
0.942
0.932
0.923
0.914
0.905
0.896
0.887
0.879
0.87
0.862
0.853
0.845
0.837
0.83
0.822
0.814
0.807
0.8
0.793
0.786
0.78
0.773
0.767
0.761
0.756
0.75
0.747
0.744
0.741
0.739
0.736
0.734
0.732
0.731
0.729
0.728
0.727
0.726
0.725
0.725
0.724
0.724
0.724
0.724
0.725
0.725
0.726
0.727
0.728
0.729
0.73
0.732
0.733
0.735
0.737
0.739
0.741
0.743
0.746
0.748
0.751
0.753
0.756
0.759
0.762
0.766
0.769
0.772
0.776
0.779
0.783
0.787
0.791
0.795
0.799
0.803
0.807
0.811
0.815
0.82
0.824
0.829
0.833
0.838
0.843
0.847
0.852
0.857
0.862
0.866
0.871
0.876
0.881
0.886
0.891
0.896
0.901
0.906
0.911
0.916
0.921
0.926
0.931
0.937
0.942
0.947
0.952
0.957
0.961
0.966
0.971
0.976
0.981
0.986
0.991
0.995
1.0
1.003
1.006
1.01
1.013
1.016
1.019
1.022
1.024
1.027
1.03
1.032
1.035
1.037
1.039
1.042
1.044
1.046
1.047
1.049
1.051
1.052
1.054
1.055
1.056
1.057
1.058
1.058
1.059
1.059
1.059
1.059
1.059
1.059
1.058
1.058
1.057
1.056
1.054
1.053
1.051
1.049
1.047
1.045
1.043
1.04
1.037
1.034
1.03
1.027
1.023
1.019
1.015
1.01
1.005
1.0
0.989
0.977
0.966
0.954
0.942
0.93
0.917
0.905
0.892
0.879
0.866
0.853
0.84
0.827
0.814
0.801
0.788
0.775
0.762
0.749
0.736
0.723
0.71
0.697
0.685
0.672
0.66
0.648
0.636
0.625
0.613
0.602
0.591
0.58
0.57
0.56
0.55
0.541
0.532
0.523
0.515
0.507
0.5
0.502
0.504
0.506
0.509
0.512
0.516
0.519
0.524
0.528
0.533
0.538
0.544
0.549
0.555
0.561
0.568
0.574
0.581
0.587
0.594
0.601
0.609
0.616
0.623
0.631
0.638
0.645
0.653
0.66
0.668
0.675
0.683
0.69
0.697
0.704
0.711
0.718
0.725
0.731
0.738
0.744
0.75
0.755
0.761
0.766
0.771
0.775
0.78
0.784
0.787
0.791
0.794
0.796
0.798
0.8
0.794
0.788
0.781
0.774
0.767
0.759
0.751
0.742
0.734
0.725
0.716
0.706
0.697
0.687
0.677
0.667
0.657
0.647
0.637
0.627
0.616
0.606
0.595
0.585
0.575
0.565
0.555
0.545
0.535
0.525
0.516
0.506
0.497
0.488
0.48
0.472
0.464
0.456
0.448
0.441
0.435
0.429
0.429
0.43
0.431
0.433
0.435
0.437
0.44
0.443
0.446
0.449
0.453
0.457
0.461
0.465
0.469
0.474
0.478
0.483
0.488
0.493
0.497
0.502
0.507
0.512
0.517
0.522
0.526
0.531
0.535
0.54
0.544
0.548
0.552
0.556
0.555
0.554
0.553
0.552
0.551
0.549
0.547
0.545
0.543
0.541
0.538
0.536
0.533
0.53
0.526
0.523
0.52
0.516
0.512
0.508
0.504
0.5
0.496
0.492
0.487
0.483
0.478
0.473
0.469
0.464
0.459
0.454
0.449
0.443
0.438
0.433
0.428
0.422
0.417
0.412
0.406
0.401
0.396
0.39
0.385
0.379
0.374
0.369
0.363
0.358
0.353
0.347
0.342
0.337
0.332
0.327
0.322
0.317
0.312
0.307
0.303
0.298
0.294
0.289
0.285
0.281
0.277
0.273
0.274
0.275
0.276
0.278
0.279
0.281
0.282
0.284
0.286
0.288
0.291
0.293
0.295
0.298
0.3
0.303
0.306
0.309
0.312
0.315
0.319
0.322
0.325
0.329
0.333
0.336
0.34
0.344
0.348
0.352
0.356
0.361
0.365
0.37
0.374
0.379
0.383
0.388
0.393
0.398
0.403
0.408
0.413
0.418
0.424
0.429
0.434
0.44
0.445
0.451
0.457
0.462
0.468
0.474
0.48
0.486
0.492
0.498
0.504
0.51
0.516
0.523
0.529
0.535
0.542
0.548
0.555
0.561
0.568
0.574
0.581
0.587
0.594
0.601
0.607
0.614
0.621
0.628
0.634
0.641
0.648
0.655
0.662
0.669
0.676
0.683
0.69
0.697
0.704
0.711
0.718
0.725
0.732
0.739
0.746
0.753
0.76
0.767
0.774
0.781
0.788
0.795
0.802
0.809
0.815
0.822
0.829
0.836
0.843
0.85
0.857
0.864
0.871
0.877
0.884
0.891
0.897
0.904
0.911
0.917
0.924
0.931
0.937
0.944
0.95
0.956
0.963
0.969
0.975
0.982
0.988
0.994
1.0
1.003
1.007
1.01
1.013
1.016
1.019
1.022
1.025
1.028
1.031
1.034
1.036
1.039
1.042
1.044
1.047
1.049
1.052
1.054
1.057
1.059
1.061
1.064
1.066
1.068
1.07
1.072
1.074
1.076
1.078
1.08
1.082
1.084
1.085
1.087
1.089
1.09
1.092
1.093
1.095
1.096
1.098
1.099
1.1
1.102
1.103
1.104
1.105
1.106
1.108
1.109
1.11
1.11
1.111
1.112
1.113
1.114
1.115
1.115
1.116
1.117
1.117
1.118
1.118
1.119
1.119
1.12
1.12
1.12
1.121
1.121
1.121
1.121
1.121
1.121
1.121
1.121
1.121
1.121
1.121
1.121
1.121
1.121
1.121
1.12
1.12
1.12
1.119
1.119
1.119
1.118
1.118
1.117
1.116
1.116
1.115
1.115
1.114
1.113
1.112
1.112
1.111
1.11
1.109
1.108
1.107
1.106
1.105
1.104
1.103
1.102
1.101
1.1
1.098
1.097
1.096
1.095
1.093
1.092
1.091
1.089
1.088
1.086
1.085
1.083
1.082
1.08
1.079
1.077
1.075
1.074
1.072
1.07
1.069
1.067
1.065
1.063
1.061
1.059
1.058
1.056
1.054
1.052
1.05
1.048
1.046
1.044
1.041
1.039
1.037
1.035
1.033
1.031
1.028
1.026
1.024
1.022
1.019
1.017
1.015
1.012
1.01
1.007
1.005
1.002
1.0
0.997
0.993
0.99
0.986
0.983
0.98
0.976
0.973
0.969
0.966
0.962
0.959
0.956
0.952
0.949
0.945
0.942
0.939
0.935
0.932
0.929
0.925
0.922
0.919
0.916
0.912
0.909
0.906
0.903
0.9
0.897
0.894
0.891
0.889
0.886
0.883
0.88
0.878
0.875
0.873
0.87
0.868
0.866
0.863
0.861
0.859
0.857
0.855
0.853
0.852
0.85
0.848
0.847
0.846
0.844
0.843
0.842
0.841
0.84
0.839
0.839
0.838
0.838
0.837
0.837
0.837
0.837
0.837
0.837
0.838
0.838
0.839
0.839
0.84
0.841
0.843
0.844
0.845
0.847
0.849
0.851
0.853
0.855
0.857
0.863
0.869
0.876
0.882
0.888
0.895
0.901
0.908
0.914
0.92
0.927
0.933
0.939
0.945
0.951
0.957
0.962
0.967
0.972
0.977
0.981
0.985
0.989
0.992
0.995
0.998
1.0
0.996
0.992
0.988
0.983
0.978
0.973
0.967
0.961
0.955
0.949
0.943
0.936
0.93
0.923
0.916
0.91
0.903
0.897
0.89
0.884
0.878
0.872
0.867
0.862
0.857
0.852
0.848
0.844
0.841
0.838
0.835
0.833
0.837
0.841
0.846
0.851
0.857
0.863
0.869
0.876
0.883
0.89
0.897
0.904
0.911
0.918
0.925
0.933
0.94
0.946
0.953
0.959
0.965
0.971
0.977
0.982
0.986
0.99
0.993
0.996
0.998
1.0
1.001
1.001
1.0
0.992
0.984
0.975
0.965
0.955
0.945
0.934
0.924
0.913
0.903
0.893
0.883
0.874
0.865
0.857
0.85
0.844
0.839
0.835
0.832
0.831
0.831
0.833
0.839
0.847
0.856
0.866
0.877
0.889
0.902
0.915
0.928
0.942
0.955
0.968
0.981
0.993
1.005
1.015
1.025
1.033
1.039
1.044
1.047
1.048
1.047
1.043
1.037
1.028
1.017
1.002
0.984
0.962
0.937
0.908
0.875
0.838
0.796
0.75
0.664
0.577
0.49
0.407
0.331
0.263
0.208
0.167
0.22
0.289
0.368
0.457
0.55
0.647
0.743
0.836
0.923
1.0
1.0
0.989
0.968
0.938
0.899
0.853
0.8
0.742
0.68
0.614
0.545
0.475
0.404
0.333
0.286
0.24
0.195
0.151
0.109
0.068
0.029
-0.009
-0.046
-0.081
-0.115
-0.147
-0.178
-0.207
-0.236
-0.262
-0.287
-0.311
-0.333
-0.353
-0.372
-0.39
-0.406
-0.42
-0.433
-0.444
-0.453
-0.461
-0.467
-0.472
-0.475
-0.476
-0.476
-0.474
-0.47
-0.465
-0.458
-0.449
-0.438
-0.426
-0.412
-0.396
-0.378
-0.358
-0.337
-0.314
-0.289
-0.262
-0.233
-0.203
-0.17
-0.136
-0.099
-0.061
-0.021
0.021
0.065
0.111
0.168
0.226
0.287
0.348
0.412
0.476
0.541
0.608
0.675
0.743
0.811
0.879
0.948
1.017
1.085
1.154
1.221
1.289
1.355
1.421
1.485
1.549
1.611
1.671
1.73
1.787
1.842
1.895
1.946
1.995
2.04
2.084
2.124
2.161
2.195
2.226
2.253
2.277
2.297
2.313
2.325
2.333
2.336
2.335
2.329
2.319
2.303
2.282
2.256
2.225
2.188
2.145
2.097
2.042
1.981
1.914
1.841
1.76
1.673
1.579
1.478
1.37
1.254
1.131
1.0
0.709
0.416
0.125
-0.01
-0.138
-0.259
-0.373
-0.48
-0.58
-0.674
-0.761
-0.842
-0.917
-0.985
-1.047
-1.104
-1.155
-1.2
-1.239
-1.274
-1.302
-1.326
-1.345
-1.359
-1.368
-1.372
-1.372
-1.367
-1.358
-1.345
-1.328
-1.306
-1.281
-1.253
-1.22
-1.184
-1.145
-1.103
-1.058
-1.009
-0.958
-0.904
-0.847
-0.788
-0.726
-0.663
-0.597
-0.529
-0.459
-0.387
-0.314
-0.239
-0.163
-0.086
-0.007
0.072
0.153
0.234
0.316
0.399
0.482
0.565
0.649
0.732
0.816
0.899
0.982
1.065
1.147
1.228
1.309
1.389
1.468
1.545
1.622
1.697
1.77
1.842
1.912
1.98
2.046
2.11
2.172
2.232
2.289
2.343
2.395
2.444
2.49
2.533
2.572
2.609
2.642
2.671
2.697
2.718
2.736
2.75
2.76
2.765
2.766
2.762
2.754
2.741
2.723
2.7
2.672
2.639
2.6
2.556
2.506
2.45
2.389
2.321
2.248
2.168
2.082
1.989
1.89
1.784
1.671
1.551
1.424
1.29
1.149
1.0
0.694
0.393
0.111
0.017
-0.048
-0.087
-0.103
-0.098
-0.075
-0.037
0.014
0.076
0.145
0.219
0.295
0.371
0.444
0.511
0.572
0.628
0.679
0.725
0.767
0.805
0.838
0.868
0.895
0.918
0.938
0.955
0.969
0.98
0.99
0.997
1.002
1.006
1.008
1.01
1.01
1.009
1.007
1.006
1.004
1.002
1.0
0.989
0.978
0.968
0.958
0.949
0.94
0.931
0.923
0.915
0.908
0.901
0.895
0.888
0.883
0.877
0.872
0.868
0.863
0.86
0.856
0.853
0.85
0.847
0.845
0.843
0.842
0.841
0.84
0.839
0.839
0.838
0.839
0.839
0.84
0.841
0.842
0.844
0.845
0.847
0.85
0.852
0.855
0.858
0.861
0.864
0.868
0.871
0.875
0.879
0.884
0.888
0.893
0.897
0.902
0.907
0.913
0.918
0.923
0.929
0.935
0.94
0.946
0.952
0.959
0.965
0.971
0.977
0.984
0.99
0.997
1.004
1.01
1.017
1.024
1.031
1.037
1.044
1.051
1.058
1.065
1.072
1.078
1.085
1.092
1.099
1.106
1.112
1.119
1.126
1.132
1.139
1.145
1.152
1.158
1.164
1.17
1.176
1.182
1.188
1.194
1.199
1.205
1.21
1.215
1.22
1.225
1.23
1.235
1.239
1.243
1.247
1.251
1.255
1.258
1.262
1.265
1.268
1.27
1.273
1.275
1.277
1.279
1.28
1.282
1.283
1.283
1.284
1.284
1.284
1.284
1.283
1.282
1.281
1.279
1.277
1.275
1.272
1.27
1.266
1.263
1.259
1.255
1.25
1.245
1.24
1.234
1.228
1.221
1.214
1.207
1.199
1.191
1.183
1.174
1.164
1.154
1.144
1.133
1.122
1.11
1.098
1.086
1.073
1.059
1.045
1.031
1.016
1.0
0.974
0.948
0.921
0.895
0.867
0.84
0.812
0.784
0.757
0.729
0.701
0.673
0.646
0.618
0.591
0.565
0.538
0.512
0.487
0.462
0.438
0.414
0.391
0.369
0.347
0.327
0.307
0.289
0.271
0.255
0.24
0.226
0.213
0.201
0.191
0.183
0.175
0.17
0.166
0.163
0.163
0.164
0.167
0.204
0.244
0.285
0.327
0.371
0.416
0.462
0.509
0.556
0.605
0.654
0.703
0.753
0.802
0.852
0.902
0.951
1.0
1.025
1.05
1.074
1.098
1.121
1.143
1.165
1.187
1.208
1.228
1.248
1.268
1.287
1.305
1.323
1.341
1.358
1.374
1.39
1.406
1.421
1.436
1.45
1.464
1.477
1.49
1.502
1.514
1.526
1.537
1.547
1.558
1.567
1.577
1.586
1.594
1.602
1.61
1.617
1.624
1.631
1.637
1.643
1.648
1.653
1.658
1.662
1.666
1.67
1.673
1.676
1.678
1.681
1.682
1.684
1.685
1.686
1.686
1.686
1.686
1.686
1.685
1.684
1.683
1.681
1.679
1.677
1.674
1.671
1.668
1.665
1.661
1.657
1.653
1.649
1.644
1.639
1.634
1.628
1.623
1.617
1.611
1.604
1.598
1.591
1.584
1.576
1.569
1.561
1.553
1.545
1.537
1.528
1.52
1.511
1.502
1.493
1.483
1.474
1.464
1.454
1.444
1.434
1.424
1.413
1.403
1.392
1.381
1.37
1.359
1.348
1.337
1.325
1.314
1.302
1.29
1.278
1.266
1.254
1.242
1.23
1.217
1.205
1.193
1.18
1.168
1.155
1.142
1.129
1.117
1.104
1.091
1.078
1.065
1.052
1.039
1.026
1.013
1.0
0.983
0.966
0.949
0.931
0.914
0.897
0.88
0.863
0.846
0.829
0.812
0.795
0.778
0.762
0.745
0.728
0.711
0.695
0.678
0.662
0.646
0.63
0.613
0.597
0.581
0.566
0.55
0.534
0.519
0.504
0.489
0.473
0.459
0.444
0.429
0.415
0.401
0.386
0.373
0.359
0.345
0.332
0.319
0.306
0.293
0.28
0.268
0.256
0.244
0.232
0.221
0.209
0.198
0.188
0.177
0.167
0.157
0.147
0.138
0.128
0.119
0.111
0.102
0.094
0.087
0.079
0.072
0.065
0.059
0.052
0.047
0.041
0.036
0.031
0.026
0.022
0.018
0.015
0.012
0.009
0.007
0.005
0.003
0.002
0.001
0.001
0.001
0.001
0.002
0.003
0.005
0.007
0.009
0.012
0.015
0.019
0.023
0.028
0.033
0.039
0.045
0.052
0.059
0.066
0.074
0.083
0.092
0.101
0.111
0.141
0.17
0.201
0.231
0.262
0.294
0.325
0.357
0.388
0.42
0.452
0.484
0.516
0.547
0.579
0.61
0.641
0.672
0.703
0.733
0.762
0.791
0.82
0.848
0.875
0.901
0.927
0.952
0.977
1.0
1.005
1.009
1.013
1.015
1.017
1.018
1.018
1.017
1.016
1.013
1.01
1.007
1.002
0.997
0.992
0.985
0.978
0.971
0.963
0.954
0.945
0.936
0.926
0.915
0.905
0.893
0.882
0.87
0.857
0.836
0.814
0.791
0.769
0.746
0.723
0.7
0.677
0.653
0.63
0.606
0.582
0.559
0.535
0.511
0.487
0.463
0.439
0.416
0.392
0.368
0.345
0.322
0.299
0.276
0.253
0.231
0.209
0.187
0.166
0.145
0.124
0.103
0.083
0.078
0.072
0.068
0.063
0.059
0.055
0.052
0.049
0.047
0.045
0.043
0.042
0.041
0.04
0.04
0.04
0.041
0.041
0.042
0.044
0.046
0.048
0.05
0.053
0.056
0.059
0.063
0.067
0.071
0.075
0.08
0.085
0.09
0.096
0.101
0.107
0.114
0.12
0.127
0.134
0.141
0.148
0.156
0.164
0.172
0.18
0.189
0.197
0.206
0.215
0.224
0.233
0.243
0.252
0.262
0.272
0.282
0.292
0.303
0.313
0.324
0.334
0.345
0.356
0.367
0.378
0.39
0.401
0.412
0.424
0.435
0.447
0.459
0.47
0.482
0.494
0.506
0.518
0.53
0.541
0.553
0.565
0.577
0.59
0.602
0.614
0.626
0.638
0.65
0.661
0.673
0.685
0.697
0.709
0.721
0.732
0.744
0.756
0.767
0.779
0.79
0.801
0.813
0.824
0.835
0.846
0.856
0.867
0.878
0.888
0.898
0.908
0.919
0.928
0.938
0.948
0.957
0.966
0.976
0.984
0.993
1.002
1.01
1.018
1.026
1.034
1.042
1.049
1.056
1.063
1.07
1.076
1.082
1.088
1.094
1.099
1.105
1.11
1.114
1.119
1.123
1.127
1.13
1.133
1.136
1.139
1.141
1.143
1.145
1.146
1.147
1.148
1.148
1.148
1.148
1.147
1.146
1.145
1.143
1.141
1.138
1.135
1.132
1.128
1.124
1.12
1.115
1.11
1.104
1.098
1.091
1.084
1.076
1.068
1.06
1.051
1.042
1.032
1.022
1.011
1.0
0.984
0.968
0.951
0.933
0.916
0.898
0.879
0.86
0.841
0.822
0.802
0.782
0.761
0.741
0.72
0.699
0.678
0.656
0.635
0.613
0.591
0.569
0.547
0.525
0.503
0.481
0.458
0.436
0.414
0.392
0.37
0.348
0.326
0.304
0.283
0.261
0.24
0.219
0.198
0.177
0.157
0.137
0.117
0.097
0.078
0.059
0.04
0.022
0.004
-0.013
-0.03
-0.047
-0.063
-0.079
-0.094
-0.108
-0.122
-0.136
-0.149
-0.161
-0.173
-0.184
-0.194
-0.204
-0.213
-0.222
-0.23
-0.237
-0.243
-0.248
-0.253
-0.257
-0.26
-0.262
-0.263
-0.264
-0.263
-0.262
-0.26
-0.256
-0.252
-0.247
-0.241
-0.234
-0.225
-0.216
-0.205
-0.194
-0.181
-0.167
-0.152
-0.136
-0.119
-0.101
-0.081
-0.06
-0.038
-0.014
0.011
0.037
0.065
0.093
0.124
0.155
0.188
0.223
0.259
0.296
0.335
0.375
0.417
0.46
0.505
0.552
0.6
0.701
0.803
0.903
1.0
1.038
1.071
1.101
1.127
1.149
1.167
1.182
1.194
1.202
1.208
1.21
1.209
1.206
1.2
1.191
1.18
1.167
1.151
1.134
1.114
1.093
1.07
1.046
1.02
0.992
0.964
0.934
0.904
0.872
0.84
0.807
0.774
0.741
0.707
0.673
0.639
0.605
0.571
0.524
0.476
0.43
0.386
0.343
0.302
0.264
0.228
0.196
0.167
0.177
0.191
0.209
0.229
0.252
0.278
0.307
0.337
0.37
0.404
0.439
0.476
0.514
0.552
0.59
0.629
0.668
0.707
0.745
0.782
0.818
0.853
0.886
0.918
0.948
0.975
1.0
1.0
0.997
0.992
0.984
0.974
0.963
0.95
0.935
0.918
0.901
0.882
0.862
0.841
0.82
0.798
0.776
0.754
0.731
0.709
0.687
0.666
0.645
0.625
0.605
0.587
0.57
0.555
0.541
0.529
0.518
0.51
0.504
0.5
0.499
0.5
0.529
0.561
0.594
0.63
0.666
0.704
0.743
0.781
0.82
0.858
0.896
0.932
0.967
1.0
1.013
1.024
1.033
1.04
1.045
1.049
1.051
1.052
1.052
1.05
1.048
1.045
1.041
1.037
1.032
1.027
1.021
1.016
1.01
1.005
1.0
0.995
0.991
0.988
0.984
0.981
0.979
0.977
0.975
0.973
0.972
0.971
0.971
0.97
0.97
0.97
0.971
0.971
0.972
0.973
0.974
0.975
0.977
0.978
0.98
0.982
0.984
0.985
0.987
0.99
0.992
0.994
0.996
0.998
1.0
1.002
1.004
1.006
1.008
1.01
1.012
1.014
1.015
1.017
1.019
1.021
1.022
1.024
1.025
1.027
1.029
1.03
1.032
1.033
1.034
1.036
1.037
1.038
1.04
1.041
1.042
1.043
1.044
1.045
1.047
1.048
1.049
1.05
1.051
1.051
1.052
1.053
1.054
1.055
1.056
1.056
1.057
1.058
1.058
1.059
1.06
1.06
1.061
1.061
1.062
1.062
1.063
1.063
1.063
1.064
1.064
1.064
1.065
1.065
1.065
1.065
1.065
1.066
1.066
1.066
1.066
1.066
1.066
1.066
1.066
1.066
1.066
1.066
1.065
1.065
1.065
1.065
1.065
1.064
1.064
1.064
1.063
1.063
1.063
1.062
1.062
1.061
1.061
1.06
1.06
1.059
1.059
1.058
1.058
1.057
1.056
1.056
1.055
1.054
1.054
1.053
1.052
1.051
1.051
1.05
1.049
1.048
1.047
1.046
1.045
1.045
1.044
1.043
1.042
1.041
1.04
1.039
1.037
1.036
1.035
1.034
1.033
1.032
1.031
1.03
1.028
1.027
1.026
1.025
1.024
1.022
1.021
1.02
1.018
1.017
1.016
1.014
1.013
1.012
1.01
1.009
1.007
1.006
1.004
1.003
1.001
1.0
0.998
0.997
0.995
0.994
0.992
0.991
0.989
0.988
0.986
0.985
0.983
0.982
0.98
0.979
0.977
0.976
0.974
0.973
0.971
0.97
0.969
0.967
0.966
0.965
0.964
0.962
0.961
0.96
0.959
0.958
0.957
0.956
0.955
0.955
0.954
0.953
0.952
0.952
0.951
0.951
0.95
0.95
0.95
0.95
0.95
0.95
0.95
0.95
0.95
0.95
0.951
0.951
0.952
0.952
0.953
0.954
0.955
0.956
0.957
0.958
0.959
0.961
0.962
0.964
0.966
0.968
0.97
0.972
0.974
0.976
0.979
0.982
0.984
0.987
0.99
0.993
0.997
1.0
1.004
1.007
1.011
1.015
1.019
1.023
1.028
1.032
1.036
1.041
1.045
1.05
1.055
1.06
1.064
1.069
1.074
1.079
1.084
1.089
1.094
1.099
1.103
1.108
1.113
1.118
1.123
1.128
1.132
1.137
1.141
1.146
1.15
1.155
1.159
1.163
1.167
1.171
1.174
1.178
1.182
1.185
1.188
1.191
1.194
1.197
1.199
1.201
1.204
1.206
1.207
1.209
1.21
1.211
1.212
1.212
1.213
1.213
1.213
1.212
1.212
1.21
1.209
1.208
1.206
1.203
1.201
1.198
1.195
1.191
1.187
1.183
1.179
1.174
1.168
1.162
1.156
1.15
1.143
1.136
1.128
1.12
1.111
1.102
1.093
1.083
1.072
1.061
1.05
1.038
1.026
1.013
1.0
0.973
0.946
0.918
0.89
0.862
0.834
0.806
0.778
0.75
0.722
0.695
0.668
0.642
0.616
0.591
0.567
0.544
0.521
0.5
0.494
0.489
0.486
0.483
0.481
0.48
0.48
0.481
0.483
0.485
0.488
0.491
0.495
0.5
0.505
0.51
0.516
0.522
0.528
0.535
0.542
0.549
0.556
0.563
0.57
0.578
0.585
0.593
0.601
0.608
0.616
0.623
0.631
0.639
0.646
0.654
0.662
0.669
0.677
0.685
0.692
0.7
0.708
0.716
0.723
0.731
0.739
0.746
0.754
0.761
0.769
0.777
0.784
0.792
0.799
0.807
0.814
0.821
0.829
0.836
0.843
0.85
0.858
0.865
0.872
0.879
0.886
0.893
0.9
0.906
0.913
0.92
0.926
0.933
0.939
0.946
0.952
0.958
0.964
0.97
0.976
0.982
0.988
0.994
1.0
1.005
1.011
1.016
1.021
1.026
1.032
1.036
1.041
1.046
1.051
1.055
1.06
1.064
1.068
1.072
1.076
1.08
1.083
1.087
1.09
1.094
1.097
1.1
1.103
1.105
1.108
1.11
1.113
1.115
1.117
1.119
1.12
1.122
1.123
1.124
1.125
1.126
1.127
1.127
1.128
1.128
1.128
1.128
1.127
1.127
1.126
1.125
1.124
1.123
1.121
1.119
1.118
1.115
1.113
1.111
1.108
1.105
1.102
1.099
1.095
1.091
1.087
1.083
1.079
1.074
1.069
1.064
1.059
1.053
1.047
1.041
1.035
1.028
1.022
1.015
1.007
1.0
0.98
0.96
0.94
0.92
0.899
0.878
0.857
0.836
0.815
0.794
0.773
0.751
0.73
0.708
0.687
0.665
0.644
0.623
0.601
0.58
0.559
0.538
0.517
0.496
0.475
0.455
0.435
0.414
0.395
0.375
0.366
0.357
0.349
0.341
0.333
0.325
0.317
0.31
0.303
0.297
0.29
0.284
0.278
0.272
0.267
0.262
0.257
0.252
0.248
0.243
0.239
0.236
0.232
0.229
0.226
0.223
0.22
0.218
0.216
0.214
0.212
0.211
0.21
0.209
0.208
0.208
0.207
0.207
0.207
0.208
0.208
0.209
0.21
0.211
0.213
0.214
0.216
0.218
0.22
0.223
0.226
0.228
0.232
0.235
0.238
0.242
0.246
0.25
0.254
0.259
0.263
0.268
0.273
0.279
0.284
0.29
0.295
0.301
0.308
0.314
0.321
0.327
0.334
0.341
0.349
0.356
0.364
0.379
0.395
0.41
0.426
0.442
0.457
0.472
0.488
0.503
0.517
0.532
0.545
0.554
0.561
0.569
0.575
0.582
0.588
0.593
0.599
0.604
0.608
0.612
0.616
0.62
0.623
0.626
0.628
0.631
0.633
0.635
0.636
0.638
0.639
0.64
0.641
0.641
0.642
0.642
0.642
0.642
0.642
0.641
0.641
0.64
0.64
0.639
0.639
0.638
0.637
0.636
0.635
0.635
0.634
0.633
0.632
0.632
0.631
0.63
0.63
0.63
0.629
0.629
0.629
0.629
0.629
0.63
0.63
0.631
0.632
0.633
0.635
0.636
0.638
0.64
0.643
0.645
0.648
0.651
0.655
0.659
0.663
0.667
0.672
0.678
0.683
0.689
0.696
0.702
0.71
0.717
0.726
0.734
0.743
0.753
0.763
0.773
0.784
0.796
0.808
0.821
0.834
0.848
0.862
0.877
0.893
0.909
0.926
0.944
0.962
0.981
1.0
1.016
1.032
1.049
1.067
1.084
1.101
1.118
1.135
1.151
1.167
1.182
1.197
1.21
1.222
1.233
1.242
1.25
1.256
1.26
1.262
1.262
1.26
1.255
1.248
1.238
1.225
1.21
1.191
1.169
1.143
1.114
1.081
1.045
1.004
0.959
0.91
0.857
0.751
0.642
0.533
0.426
0.324
0.229
0.143
0.134
0.135
0.145
0.164
0.19
0.222
0.259
0.3
0.344
0.39
0.436
0.483
0.528
0.571
0.596
0.617
0.635
0.651
0.664
0.674
0.682
0.687
0.691
0.692
0.692
0.69
0.687
0.682
0.677
0.67
0.663
0.654
0.646
0.636
0.627
0.618
0.608
0.599
0.591
0.582
0.575
0.568
0.563
0.558
0.555
0.554
0.554
0.556
0.569
0.585
0.601
0.62
0.639
0.66
0.682
0.704
0.726
0.75
0.773
0.796
0.819
0.842
0.864
0.885
0.906
0.925
0.943
0.96
0.975
0.989
1.0
0.987
0.972
0.956
0.937
0.917
0.895
0.872
0.848
0.823
0.797
0.769
0.742
0.713
0.684
0.655
0.626
0.596
0.567
0.538
0.509
0.481
0.453
0.426
0.4
0.375
0.367
0.361
0.355
0.351
0.347
0.345
0.343
0.343
0.343
0.344
0.346
0.349
0.353
0.357
0.362
0.368
0.374
0.381
0.389
0.397
0.406
0.415
0.425
0.435
0.446
0.457
0.469
0.48
0.493
0.505
0.518
0.531
0.544
0.558
0.571
0.585
0.599
0.613
0.627
0.641
0.655
0.669
0.683
0.696
0.71
0.724
0.737
0.75
0.76
0.77
0.78
0.789
0.798
0.807
0.816
0.825
0.833
0.841
0.849
0.857
0.865
0.872
0.879
0.886
0.893
0.899
0.906
0.912
0.918
0.924
0.929
0.935
0.94
0.945
0.95
0.955
0.959
0.964
0.968
0.972
0.976
0.98
0.983
0.987
0.99
0.993
0.996
0.999
1.002
1.005
1.007
1.01
1.012
1.014
1.016
1.018
1.02
1.021
1.023
1.024
1.026
1.027
1.028
1.029
1.03
1.03
1.031
1.032
1.032
1.033
1.033
1.033
1.034
1.034
1.034
1.034
1.034
1.033
1.033
1.033
1.032
1.032
1.032
1.031
1.03
1.03
1.029
1.028
1.028
1.027
1.026
1.025
1.024
1.023
1.022
1.021
1.02
1.019
1.018
1.017
1.016
1.015
1.014
1.013
1.012
1.011
1.009
1.008
1.007
1.006
1.005
1.004
1.003
1.002
1.001
1.0
0.996
0.992
0.988
0.984
0.98
0.976
0.972
0.968
0.964
0.96
0.956
0.953
0.949
0.945
0.941
0.937
0.934
0.93
0.926
0.922
0.918
0.915
0.911
0.907
0.903
0.9
0.896
0.892
0.889
0.885
0.881
0.877
0.874
0.87
0.866
0.862
0.859
0.855
0.851
0.847
0.843
0.839
0.836
0.832
0.828
0.824
0.82
0.816
0.812
0.808
0.804
0.8
0.796
0.792
0.788
0.784
0.78
0.776
0.771
0.767
0.763
0.759
0.754
0.75
0.746
0.741
0.737
0.732
0.728
0.723
0.719
0.715
0.71
0.706
0.702
0.698
0.694
0.69
0.686
0.683
0.679
0.676
0.673
0.669
0.667
0.669
0.672
0.675
0.679
0.682
0.686
0.69
0.694
0.698
0.703
0.707
0.712
0.717
0.722
0.727
0.733
0.739
0.744
0.75
0.756
0.763
0.769
0.776
0.783
0.79
0.797
0.804
0.811
0.819
0.827
0.835
0.843
0.851
0.859
0.867
0.876
0.885
0.894
0.903
0.912
0.921
0.931
0.94
0.95
0.96
0.969
0.98
0.99
1.0
1.007
1.013
1.02
1.027
1.034
1.041
1.049
1.056
1.063
1.071
1.078
1.086
1.094
1.101
1.109
1.117
1.125
1.133
1.141
1.149
1.157
1.165
1.173
1.181
1.189
1.197
1.205
1.213
1.221
1.229
1.237
1.245
1.253
1.26
1.268
1.276
1.284
1.291
1.299
1.306
1.314
1.321
1.328
1.335
1.342
1.349
1.356
1.363
1.369
1.376
1.382
1.389
1.395
1.401
1.406
1.412
1.417
1.423
1.428
1.433
1.438
1.442
1.447
1.451
1.455
1.459
1.463
1.466
1.469
1.472
1.475
1.478
1.48
1.482
1.484
1.486
1.487
1.488
1.489
1.489
1.49
1.49
1.489
1.489
1.488
1.487
1.485
1.483
1.481
1.479
1.476
1.473
1.469
1.466
1.462
1.457
1.452
1.447
1.442
1.436
1.429
1.423
1.416
1.408
1.4
1.392
1.384
1.375
1.365
1.355
1.345
1.334
1.323
1.311
1.299
1.287
1.274
1.261
1.247
1.232
1.218
1.202
1.187
1.17
1.154
1.136
1.119
1.1
1.082
1.062
1.043
1.022
1.001
0.98
0.958
0.936
0.912
0.889
0.856
0.822
0.788
0.754
0.719
0.685
0.65
0.616
0.582
0.548
0.515
0.482
0.45
0.419
0.389
0.359
0.331
0.304
0.278
0.254
0.231
0.209
0.189
0.172
0.156
0.142
0.13
0.12
0.113
0.108
0.105
0.105
0.108
0.114
0.122
0.134
0.149
0.167
0.231
0.297
0.365
0.433
0.5
0.532
0.563
0.592
0.62
0.646
0.671
0.694
0.716
0.736
0.756
0.773
0.79
0.805
0.819
0.832
0.843
0.854
0.863
0.871
0.878
0.884
0.889
0.893
0.896
0.898
0.899
0.899
0.898
0.897
0.894
0.891
0.887
0.883
0.877
0.871
0.864
0.857
0.849
0.84
0.831
0.822
0.812
0.801
0.79
0.778
0.767
0.754
0.742
0.729
0.716
0.702
0.689
0.675
0.661
0.647
0.633
0.618
0.604
0.589
0.575
0.56
0.546
0.532
0.517
0.503
0.489
0.475
0.462
0.448
0.435
0.422
0.41
0.398
0.386
0.374
0.363
0.353
0.343
0.333
0.324
0.315
0.307
0.3
0.293
0.287
0.282
0.277
0.273
0.27
0.268
0.266
0.265
0.266
0.267
0.269
0.272
0.276
0.281
0.287
0.294
0.302
0.311
0.321
0.333
0.346
0.36
0.375
0.392
0.409
0.429
0.473
0.521
0.571
0.638
0.709
0.781
0.855
0.928
1.0
1.034
1.066
1.095
1.122
1.147
1.17
1.19
1.209
1.225
1.24
1.253
1.264
1.273
1.281
1.287
1.292
1.295
1.297
1.297
1.296
1.294
1.291
1.287
1.281
1.275
1.268
1.26
1.252
1.242
1.232
1.222
1.211
1.199
1.187
1.175
1.163
1.15
1.138
1.125
1.112
1.1
1.087
1.075
1.063
1.051
1.04
1.029
1.019
1.009
1.0
0.992
0.984
0.977
0.971
0.965
0.96
0.955
0.951
0.948
0.945
0.943
0.941
0.939
0.938
0.938
0.938
0.938
0.939
0.94
0.941
0.942
0.944
0.946
0.949
0.951
0.954
0.957
0.96
0.963
0.966
0.969
0.973
0.976
0.98
0.983
0.987
0.99
0.994
0.997
1.0
1.003
1.006
1.009
1.012
1.014
1.017
1.019
1.021
1.023
1.025
1.027
1.029
1.031
1.032
1.034
1.035
1.037
1.038
1.039
1.04
1.041
1.042
1.043
1.044
1.044
1.045
1.045
1.046
1.046
1.046
1.047
1.047
1.047
1.047
1.047
1.047
1.046
1.046
1.046
1.046
1.045
1.045
1.044
1.044
1.043
1.043
1.042
1.041
1.041
1.04
1.039
1.038
1.037
1.037
1.036
1.035
1.034
1.033
1.032
1.031
1.03
1.029
1.028
1.027
1.026
1.025
1.024
1.022
1.021
1.02
1.019
1.018
1.017
1.016
1.015
1.014
1.013
1.012
1.011
1.01
1.009
1.009
1.008
1.007
1.006
1.005
1.005
1.004
1.003
1.003
1.002
1.001
1.001
1.0
1.0
1.0
0.999
0.999
0.999
0.999
0.998
0.998
0.998
0.998
0.998
0.998
0.998
0.998
0.998
0.998
0.999
0.999
0.999
0.999
0.999
0.999
0.999
0.999
1.0
1.0
1.0
1.0
1.0
1.0
1.0
1.0
1.0
1.0
1.0
1.0
1.0
1.0
1.0
0.999
0.999
0.999
0.999
0.999
0.999
0.998
0.998
0.998
0.998
0.997
0.997
0.997
0.996
0.996
0.996
0.995
0.995
0.995
0.994
0.994
0.994
0.993
0.993
0.993
0.992
0.992
0.992
0.991
0.991
0.991
0.99
0.99
0.989
0.989
0.989
0.988
0.988
0.988
0.988
0.987
0.987
0.987
0.986
0.986
0.986
0.986
0.985
0.985
0.985
0.985
0.985
0.984
0.984
0.984
0.984
0.984
0.984
0.984
0.984
0.984
0.984
0.984
0.984
0.984
0.984
0.984
0.984
0.984
0.985
0.985
0.985
0.985
0.986
0.986
0.986
0.987
0.987
0.988
0.988
0.989
0.989
0.99
0.991
0.991
0.992
0.993
0.993
0.994
0.995
0.996
0.997
0.998
0.999
1.0
1.001
1.002
1.003
1.004
1.006
1.007
1.008
1.009
1.009
1.01
1.011
1.011
1.012
1.012
1.012
1.011
1.011
1.01
1.009
1.008
1.006
1.005
1.002
1.0
0.994
0.987
0.98
0.973
0.965
0.957
0.949
0.94
0.932
0.923
0.914
0.905
0.895
0.886
0.876
0.866
0.856
0.846
0.836
0.826
0.816
0.806
0.795
0.785
0.775
0.765
0.755
0.745
0.735
0.725
0.715
0.705
0.696
0.687
0.678
0.669
0.66
0.651
0.643
0.635
0.627
0.62
0.612
0.606
0.599
0.593
0.587
0.582
0.577
0.572
0.568
0.564
0.56
0.558
0.555
0.553
0.552
0.551
0.551
0.551
0.552
0.553
0.556
0.571
0.588
0.605
0.622
0.64
0.659
0.678
0.697
0.716
0.736
0.756
0.776
0.797
0.817
0.838
0.858
0.879
0.899
0.92
0.94
0.96
0.98
1.0
1.01
1.019
1.029
1.038
1.046
1.055
1.063
1.071
1.079
1.086
1.093
1.1
1.106
1.113
1.119
1.125
1.13
1.135
1.14
1.145
1.149
1.153
1.157
1.161
1.164
1.167
1.17
1.172
1.174
1.176
1.178
1.179
1.18
1.181
1.182
1.182
1.182
1.182
1.181
1.18
1.179
1.178
1.176
1.174
1.172
1.17
1.167
1.164
1.16
1.157
1.153
1.149
1.145
1.14
1.135
1.13
1.124
1.119
1.113
1.106
1.1
1.093
1.086
1.079
1.071
1.063
1.055
1.046
1.038
1.029
1.019
1.01
1.0
0.988
0.975
0.962
0.949
0.936
0.923
0.909
0.895
0.881
0.867
0.852
0.838
0.823
0.808
0.793
0.778
0.763
0.748
0.732
0.717
0.701
0.686
0.67
0.655
0.639
0.624
0.608
0.592
0.577
0.561
0.546
0.53
0.515
0.5
0.484
0.469
0.454
0.439
0.425
0.41
0.396
0.381
0.367
0.353
0.34
0.326
0.313
0.3
0.287
0.274
0.262
0.25
0.238
0.227
0.215
0.205
0.194
0.184
0.174
0.164
0.155
0.146
0.138
0.13
0.123
0.115
0.109
0.102
0.097
0.091
0.086
0.082
0.078
0.074
0.072
0.069
0.067
0.066
0.065
0.065
0.066
0.067
0.068
0.07
0.073
0.077
0.081
0.086
0.091
0.097
0.104
0.111
0.12
0.128
0.138
0.148
0.16
0.171
0.184
0.198
0.212
0.227
0.243
0.259
0.277
0.295
0.314
0.334
0.355
0.377
0.4
0.424
0.448
0.474
0.5
0.557
0.613
0.667
0.684
0.698
0.708
0.713
0.716
0.715
0.712
0.706
0.697
0.687
0.674
0.661
0.646
0.63
0.613
0.596
0.579
0.562
0.545
0.529
0.514
0.5
0.498
0.497
0.498
0.5
0.503
0.507
0.513
0.52
0.528
0.537
0.546
0.557
0.569
0.581
0.594
0.608
0.623
0.638
0.654
0.67
0.686
0.703
0.721
0.738
0.756
0.774
0.792
0.81
0.829
0.847
0.865
0.883
0.901
0.918
0.935
0.952
0.969
0.985
1.0
1.008
1.016
1.024
1.031
1.037
1.043
1.048
1.053
1.058
1.062
1.065
1.069
1.071
1.074
1.076
1.077
1.079
1.08
1.08
1.08
1.08
1.08
1.08
1.079
1.078
1.077
1.075
1.073
1.071
1.069
1.067
1.065
1.062
1.06
1.057
1.054
1.051
1.048
1.045
1.042
1.039
1.036
1.033
1.03
1.027
1.024
1.021
1.018
1.015
1.012
1.009
1.007
1.004
1.002
1.0
0.998
0.996
0.995
0.993
0.992
0.991
0.99
0.989
0.988
0.988
0.987
0.987
0.986
0.986
0.986
0.986
0.986
0.987
0.987
0.987
0.988
0.988
0.989
0.99
0.99
0.991
0.992
0.993
0.994
0.994
0.995
0.996
0.997
0.998
0.999
1.0
1.001
1.002
1.003
1.004
1.005
1.005
1.006
1.007
1.008
1.009
1.009
1.01
1.011
1.011
1.012
1.012
1.013
1.013
1.013
1.013
1.014
1.014
1.014
1.014
1.014
1.014
1.013
1.013
1.013
1.012
1.012
1.011
1.01
1.009
1.008
1.007
1.006
1.005
1.003
1.002
1.0
0.996
0.992
0.988
0.984
0.98
0.976
0.972
0.967
0.963
0.958
0.954
0.949
0.944
0.94
0.935
0.93
0.925
0.921
0.916
0.911
0.906
0.901
0.897
0.892
0.887
0.883
0.878
0.874
0.869
0.865
0.86
0.856
0.852
0.848
0.844
0.84
0.836
0.833
0.829
0.826
0.823
0.82
0.817
0.814
0.812
0.809
0.807
0.805
0.803
0.801
0.8
0.803
0.806
0.81
0.813
0.817
0.821
0.825
0.829
0.834
0.838
0.843
0.848
0.853
0.857
0.863
0.868
0.873
0.878
0.883
0.888
0.894
0.899
0.904
0.91
0.915
0.92
0.926
0.931
0.936
0.941
0.946
0.951
0.956
0.96
0.965
0.97
0.974
0.978
0.982
0.986
0.99
0.993
0.997
1.0
0.996
0.992
0.987
0.983
0.978
0.973
0.968
0.962
0.956
0.951
0.945
0.938
0.932
0.925
0.918
0.911
0.904
0.896
0.888
0.88
0.872
0.864
0.855
0.847
0.838
0.828
0.819
0.809
0.799
0.789
0.779
0.769
0.758
0.747
0.736
0.725
0.713
0.701
0.689
0.677
0.665
0.652
0.64
0.627
0.613
0.6
0.586
0.572
0.558
0.544
0.53
0.515
0.5
0.495
0.491
0.486
0.481
0.476
0.472
0.467
0.463
0.459
0.456
0.453
0.45
0.448
0.447
0.447
0.447
0.448
0.45
0.453
0.457
0.462
0.469
0.477
0.486
0.496
0.508
0.522
0.537
0.553
0.572
0.592
0.614
0.638
0.664
0.692
0.723
0.755
0.79
0.827
0.866
0.908
0.953
1.0
1.044
1.09
1.137
1.185
1.233
1.281
1.327
1.371
1.413
1.452
1.487
1.517
1.543
1.562
1.576
1.582
1.58
1.571
1.552
1.523
1.485
1.435
1.374
1.3
1.214
1.114
1.0
0.739
0.47
0.2
0.07
-0.055
-0.174
-0.287
-0.396
-0.499
-0.597
-0.689
-0.777
-0.86
-0.938
-1.012
-1.081
-1.145
-1.205
-1.26
-1.311
-1.358
-1.4
-1.439
-1.474
-1.505
-1.532
-1.555
-1.575
-1.591
-1.604
-1.613
-1.619
-1.622
-1.622
-1.619
-1.612
-1.603
-1.592
-1.577
-1.56
-1.54
-1.518
-1.494
-1.468
-1.439
-1.408
-1.375
-1.34
-1.304
-1.265
-1.225
-1.184
-1.141
-1.096
-1.051
-1.004
-0.955
-0.906
-0.856
-0.805
-0.753
-0.701
-0.647
-0.594
-0.539
-0.485
-0.43
-0.375
-0.319
-0.264
-0.209
-0.154
-0.099
-0.044
0.01
0.063
0.117
0.169
0.221
0.272
0.322
0.371
0.419
0.466
0.511
0.556
0.599
0.641
0.682
0.722
0.76
0.797
0.832
0.866
0.899
0.931
0.961
0.991
1.018
1.045
1.071
1.095
1.118
1.14
1.161
1.181
1.2
1.217
1.234
1.249
1.264
1.277
1.29
1.301
1.312
1.321
1.33
1.337
1.344
1.35
1.355
1.359
1.362
1.365
1.367
1.367
1.367
1.367
1.365
1.363
1.36
1.357
1.352
1.347
1.342
1.335
1.329
1.321
1.313
1.304
1.295
1.285
1.275
1.264
1.253
1.241
1.229
1.216
1.203
1.19
1.176
1.161
1.147
1.131
1.116
1.1
1.084
1.068
1.051
1.034
1.017
1.0
0.959
0.919
0.878
0.837
0.796
0.755
0.715
0.674
0.634
0.595
0.556
0.533
0.51
0.488
0.467
0.446
0.426
0.406
0.387
0.369
0.351
0.334
0.317
0.301
0.286
0.271
0.257
0.244
0.231
0.219
0.208
0.198
0.188
0.179
0.171
0.163
0.156
0.15
0.145
0.14
0.137
0.134
0.132
0.131
0.13
0.131
0.132
0.134
0.138
0.142
0.146
0.152
0.159
0.167
0.196
0.227
0.258
0.291
0.323
0.357
0.391
0.425
0.459
0.494
0.529
0.565
0.6
0.635
0.67
0.705
0.74
0.774
0.808
0.842
0.875
0.907
0.939
0.97
1.0
1.013
1.024
1.035
1.045
1.054
1.063
1.07
1.077
1.083
1.089
1.093
1.098
1.101
1.104
1.106
1.108
1.109
1.11
1.11
1.11
1.11
1.109
1.107
1.105
1.103
1.101
1.098
1.095
1.092
1.089
1.085
1.081
1.077
1.073
1.069
1.065
1.06
1.056
1.052
1.047
1.043
1.039
1.035
1.031
1.027
1.023
1.02
1.016
1.013
1.01
1.008
1.006
1.004
1.002
1.001
1.0
1.0
1.0
1.0
1.001
1.001
1.003
1.004
1.005
1.007
1.009
1.011
1.012
1.014
1.016
1.018
1.019
1.02
1.021
1.022
1.023
1.023
1.023
1.023
1.022
1.02
1.018
1.016
1.013
1.009
1.005
1.0
0.987
0.972
0.958
0.942
0.927
0.911
0.895
0.878
0.862
0.845
0.829
0.812
0.796
0.781
0.765
0.75
0.742
0.735
0.728
0.721
0.715
0.709
0.704
0.699
0.695
0.691
0.687
0.684
0.681
0.678
0.675
0.673
0.671
0.669
0.668
0.666
0.665
0.664
0.663
0.662
0.661
0.661
0.66
0.66
0.659
0.659
0.658
0.658
0.657
0.656
0.656
0.655
0.654
0.653
0.652
0.651
0.649
0.647
0.646
0.643
0.641
0.639
0.636
0.632
0.629
0.625
0.619
0.612
0.606
0.599
0.592
0.584
0.577
0.569
0.561
0.553
0.545
0.537
0.529
0.522
0.514
0.506
0.499
0.492
0.485
0.478
0.471
0.465
0.459
0.454
0.449
0.444
0.44
0.436
0.433
0.431
0.429
0.437
0.446
0.456
0.466
0.477
0.488
0.5
0.512
0.524
0.537
0.55
0.564
0.578
0.592
0.606
0.621
0.636
0.651
0.666
0.681
0.697
0.712
0.727
0.743
0.758
0.773
0.789
0.804
0.819
0.834
0.848
0.863
0.877
0.891
0.905
0.918
0.931
0.944
0.956
0.968
0.979
0.99
1.0
1.003
1.006
1.008
1.009
1.01
1.011
1.011
1.011
1.01
1.009
1.008
1.006
1.003
1.001
0.998
0.995
0.991
0.987
0.983
0.978
0.974
0.969
0.963
0.958
0.952
0.947
0.941
0.934
0.928
0.922
0.915
0.909
0.902
0.895
0.888
0.881
0.875
0.868
0.861
0.854
0.847
0.84
0.833
0.826
0.82
0.813
0.807
0.801
0.794
0.788
0.783
0.777
0.771
0.766
0.761
0.756
0.752
0.748
0.744
0.74
0.737
0.734
0.731
0.729
0.727
0.725
0.724
0.723
0.723
0.723
0.723
0.724
0.726
0.728
0.73
0.733
0.737
0.741
0.746
0.751
0.757
0.763
0.77
0.778
0.786
0.795
0.805
0.816
0.827
0.838
0.851
0.864
0.879
0.893
0.909
0.926
0.943
0.961
0.98
1.0
1.021
1.042
1.065
1.087
1.111
1.135
1.159
1.184
1.209
1.234
1.26
1.285
1.311
1.336
1.361
1.386
1.41
1.434
1.458
1.481
1.503
1.525
1.546
1.566
1.585
1.603
1.62
1.636
1.65
1.663
1.675
1.685
1.694
1.701
1.707
1.71
1.712
1.712
1.71
1.706
1.699
1.691
1.68
1.666
1.65
1.632
1.611
1.587
1.561
1.532
1.5
1.464
1.426
1.385
1.34
1.292
1.241
1.186
1.128
1.066
1.0
0.881
0.762
0.644
0.533
0.429
0.337
0.26
0.2
0.26
0.337
0.429
0.532
0.644
0.762
0.881
1.0
1.066
1.128
1.186
1.241
1.292
1.34
1.385
1.427
1.465
1.5
1.533
1.562
1.589
1.612
1.633
1.652
1.668
1.681
1.692
1.701
1.708
1.712
1.714
1.715
1.713
1.709
1.704
1.697
1.688
1.678
1.667
1.653
1.639
1.623
1.606
1.588
1.569
1.549
1.529
1.507
1.485
1.462
1.438
1.414
1.389
1.364
1.339
1.314
1.288
1.263
1.237
1.212
1.187
1.162
1.137
1.113
1.089
1.066
1.043
1.021
1.0
0.98
0.96
0.942
0.924
0.907
0.891
0.875
0.861
0.847
0.834
0.821
0.81
0.799
0.789
0.779
0.77
0.762
0.754
0.747
0.741
0.735
0.73
0.726
0.722
0.718
0.716
0.713
0.712
0.71
0.71
0.709
0.71
0.71
0.711
0.713
0.715
0.717
0.72
0.724
0.727
0.731
0.736
0.74
0.745
0.751
0.756
0.762
0.768
0.775
0.782
0.789
0.796
0.803
0.811
0.819
0.827
0.835
0.844
0.852
0.861
0.87
0.879
0.888
0.897
0.906
0.916
0.925
0.934
0.944
0.953
0.963
0.972
0.981
0.991
1.0
1.009
1.018
1.028
1.037
1.046
1.055
1.063
1.072
1.081
1.089
1.098
1.106
1.115
1.123
1.131
1.139
1.147
1.154
1.162
1.169
1.177
1.184
1.191
1.198
1.204
1.211
1.217
1.224
1.23
1.236
1.241
1.247
1.252
1.257
1.262
1.267
1.272
1.276
1.28
1.284
1.288
1.292
1.295
1.298
1.301
1.303
1.306
1.308
1.31
1.311
1.313
1.314
1.315
1.315
1.316
1.316
1.315
1.315
1.314
1.313
1.312
1.31
1.308
1.306
1.303
1.3
1.297
1.293
1.289
1.285
1.28
1.275
1.27
1.265
1.259
1.252
1.246
1.239
1.231
1.223
1.215
1.207
1.198
1.189
1.179
1.169
1.158
1.147
1.136
1.124
1.112
1.1
1.087
1.073
1.06
1.045
1.031
1.016
1.0
0.981
0.962
0.943
0.924
0.904
0.884
0.864
0.844
0.824
0.804
0.784
0.765
0.746
0.727
0.708
0.69
0.673
0.656
0.639
0.624
0.609
0.595
0.582
0.57
0.558
0.548
0.539
0.532
0.525
0.52
0.516
0.513
0.513
0.513
0.515
0.519
0.525
0.532
0.542
0.553
0.566
0.581
0.599
0.618
0.64
0.664
0.69
0.719
0.75
0.817
0.883
0.945
1.0
0.996
0.983
0.961
0.932
0.897
0.858
0.814
0.768
0.72
0.673
0.626
0.581
0.539
0.502
0.47
0.444
0.465
0.493
0.527
0.566
0.61
0.656
0.705
0.756
0.807
0.858
0.908
0.955
1.0
1.02
1.036
1.049
1.058
1.065
1.07
1.072
1.071
1.07
1.066
1.061
1.056
1.049
1.042
1.035
1.028
1.021
1.014
1.008
1.003
1.0
0.998
0.997
0.997
0.998
1.0
1.001
1.003
1.004
1.005
1.004
1.003
1.0
0.984
0.966
0.947
0.927
0.905
0.882
0.859
0.835
0.81
0.785
0.759
0.733
0.707
0.681
0.655
0.629
0.604
0.579
0.556
0.547
0.539
0.532
0.526
0.521
0.516
0.512
0.509
0.507
0.505
0.503
0.503
0.503
0.503
0.505
0.506
0.509
0.511
0.515
0.519
0.523
0.528
0.533
0.538
0.544
0.551
0.558
0.565
0.572
0.58
0.588
0.597
0.606
0.615
0.624
0.633
0.643
0.653
0.663
0.673
0.683
0.694
0.704
0.715
0.726
0.737
0.748
0.758
0.769
0.78
0.791
0.802
0.813
0.823
0.834
0.844
0.855
0.865
0.875
0.885
0.894
0.904
0.913
0.922
0.931
0.939
0.947
0.955
0.963
0.97
0.977
0.983
0.989
0.995
1.0
1.002
1.003
1.004
1.005
1.005
1.005
1.005
1.005
1.004
1.004
1.003
1.003
1.002
1.001
1.001
1.0
1.0
1.0
1.0
1.0
1.001
1.001
1.003
1.004
1.005
1.007
1.009
1.011
1.013
1.016
1.018
1.021
1.024
1.026
1.029
1.032
1.035
1.037
1.04
1.043
1.045
1.048
1.05
1.052
1.054
1.056
1.058
1.06
1.061
1.062
1.063
1.064
1.064
1.064
1.064
1.063
1.062
1.061
1.059
1.057
1.054
1.051
1.047
1.043
1.039
1.034
1.028
1.022
1.015
1.008
1.0
0.983
0.965
0.946
0.927
0.909
0.89
0.871
0.852
0.834
0.816
0.798
0.781
0.765
0.75
0.745
0.74
0.737
0.734
0.732
0.73
0.729
0.729
0.729
0.73
0.731
0.732
0.734
0.736
0.737
0.739
0.741
0.743
0.745
0.747
0.748
0.749
0.75
0.75
0.744
0.738
0.732
0.725
0.717
0.709
0.701
0.692
0.683
0.674
0.664
0.655
0.644
0.634
0.623
0.612
0.601
0.589
0.578
0.566
0.554
0.541
0.529
0.517
0.504
0.492
0.479
0.466
0.453
0.44
0.427
0.414
0.402
0.389
0.376
0.363
0.351
0.338
0.326
0.313
0.301
0.289
0.277
0.265
0.254
0.243
0.232
0.221
0.21
0.2
0.198
0.196
0.195
0.194
0.193
0.192
0.192
0.192
0.192
0.192
0.193
0.194
0.195
0.197
0.198
0.2
0.202
0.205
0.207
0.21
0.213
0.216
0.22
0.224
0.227
0.231
0.236
0.24
0.245
0.25
0.255
0.26
0.265
0.271
0.276
0.282
0.288
0.294
0.301
0.307
0.314
0.32
0.327
0.334
0.341
0.349
0.356
0.363
0.371
0.379
0.387
0.394
0.402
0.411
0.419
0.427
0.435
0.444
0.452
0.461
0.469
0.478
0.487
0.496
0.504
0.513
0.522
0.531
0.54
0.549
0.558
0.568
0.577
0.586
0.595
0.604
0.613
0.622
0.632
0.641
0.65
0.659
0.668
0.677
0.686
0.695
0.704
0.713
0.722
0.731
0.74
0.749
0.757
0.766
0.775
0.783
0.792
0.8
0.808
0.817
0.825
0.833
0.841
0.849
0.857
0.864
0.872
0.879
0.887
0.894
0.901
0.908
0.915
0.921
0.928
0.934
0.94
0.947
0.953
0.958
0.964
0.969
0.975
0.98
0.985
0.99
0.994
0.999
1.003
1.007
1.011
1.014
1.018
1.021
1.024
1.027
1.029
1.032
1.034
1.035
1.037
1.038
1.04
1.04
1.041
1.041
1.042
1.041
1.041
1.04
1.039
1.038
1.037
1.035
1.033
1.03
1.028
1.025
1.021
1.018
1.014
1.009
1.005
1.0
0.982
0.964
0.946
0.927
0.908
0.889
0.87
0.85
0.83
0.81
0.789
0.769
0.748
0.727
0.706
0.685
0.664
0.642
0.621
0.599
0.577
0.556
0.542
0.528
0.515
0.501
0.487
0.473
0.46
0.446
0.432
0.418
0.405
0.391
0.378
0.364
0.35
0.337
0.324
0.31
0.297
0.284
0.271
0.258
0.245
0.233
0.22
0.208
0.196
0.184
0.172
0.16
0.149
0.138
0.127
0.116
0.105
0.095
0.084
0.075
0.065
0.056
0.046
0.038
0.029
0.021
0.013
0.005
-0.002
-0.009
-0.016
-0.022
-0.028
-0.034
-0.039
-0.044
-0.048
-0.052
-0.056
-0.059
-0.062
-0.065
-0.067
-0.068
-0.069
-0.07
-0.07
-0.07
-0.069
-0.068
-0.066
-0.064
-0.061
-0.058
-0.054
-0.05
-0.045
-0.039
-0.033
-0.026
-0.019
-0.011
-0.003
0.006
0.016
0.026
0.037
0.048
0.06
0.073
0.087
0.101
0.115
0.131
0.147
0.164
0.182
0.2
0.24
0.28
0.321
0.363
0.404
0.446
0.488
0.529
0.571
0.612
0.652
0.692
0.731
0.769
0.806
0.842
0.876
0.91
0.941
0.972
1.0
1.008
1.013
1.017
1.02
1.021
1.021
1.02
1.017
1.014
1.01
1.005
1.0
0.984
0.968
0.951
0.933
0.916
0.898
0.879
0.86
0.841
0.822
0.802
0.782
0.761
0.741
0.72
0.699
0.677
0.655
0.633
0.611
0.589
0.567
0.544
0.521
0.498
0.475
0.452
0.429
0.415
0.402
0.389
0.376
0.362
0.349
0.335
0.322
0.309
0.295
0.282
0.269
0.256
0.242
0.229
0.217
0.204
0.191
0.179
0.166
0.154
0.142
0.131
0.119
0.108
0.097
0.086
0.075
0.065
0.055
0.045
0.036
0.027
0.018
0.01
0.002
-0.005
-0.012
-0.019
-0.025
-0.031
-0.037
-0.042
-0.046
-0.05
-0.054
-0.057
-0.059
-0.061
-0.062
-0.063
-0.063
-0.063
-0.062
-0.06
-0.058
-0.055
-0.051
-0.047
-0.042
-0.036
-0.03
-0.023
-0.015
-0.007
0.003
0.013
0.024
0.036
0.048
0.061
0.076
0.091
0.107
0.123
0.141
0.16
0.179
0.2
0.221
0.244
0.267
0.291
0.317
0.343
0.371
0.399
0.429
