0.0
0.01
0.02
0.03
0.04
0.049
0.059
0.068
0.078
0.087
0.096
0.106
0.115
0.124
0.132
0.141
0.15
0.159
0.167
0.176
0.184
0.192
0.2
0.209
0.217
0.225
0.232
0.24
0.248
0.255
0.263
0.27
0.278
0.285
0.292
0.299
0.307
0.314
0.32
0.327
0.334
0.341
0.347
0.354
0.36
0.367
0.373
0.379
0.385
0.391
0.397
0.403
0.409
0.415
0.421
0.426
0.432
0.437
0.443
0.448
0.453
0.458
0.464
0.469
0.474
0.479
0.483
0.488
0.493
0.498
0.502
0.507
0.511
0.516
0.52
0.524
0.528
0.533
0.537
0.541
0.545
0.549
0.552
0.556
0.56
0.564
0.567
0.571
0.574
0.578
0.581
0.584
0.588
0.591
0.594
0.597
0.6
0.603
0.606
0.609
0.612
0.614
0.617
0.62
0.622
0.625
0.627
0.63
0.632
0.634
0.637
0.639
0.641
0.643
0.645
0.647
0.649
0.651
0.653
0.655
0.657
0.659
0.66
0.662
0.664
0.665
0.667
0.668
0.67
0.671
0.672
0.674
0.675
0.676
0.677
0.678
0.68
0.681
0.682
0.683
0.684
0.684
0.685
0.686
0.687
0.688
0.688
0.689
0.69
0.69
0.691
0.692
0.692
0.692
0.693
0.693
0.694
0.694
0.694
0.695
0.695
0.695
0.695
0.695
0.696
0.696
0.696
0.696
0.696
0.696
0.696
0.696
0.696
0.695
0.695
0.695
0.695
0.695
0.694
0.694
0.694
0.694
0.693
0.693
0.693
0.692
0.692
0.691
0.691
0.69
0.69
0.689
0.689
0.688
0.688
0.687
0.686
0.686
0.685
0.684
0.684
0.683
0.682
0.682
0.681
0.68
0.679
0.678
0.678
0.677
0.676
0.675
0.674
0.674
0.673
0.672
0.671
0.67
0.669
0.668
0.667
0.666
0.665
0.664
0.664
0.663
0.662
0.661
0.66
0.659
0.658
0.657
0.656
0.655
0.654
0.653
0.652
0.651
0.65
0.649
0.648
0.647
0.646
0.645
0.644
0.643
0.642
0.641
0.64
0.639
0.638
0.637
0.636
0.635
0.634
0.633
0.632
0.631
0.63
0.629
0.628
0.627
0.626
0.626
0.625
0.624
0.623
0.622
0.621
0.62
0.619
0.619
0.618
0.617
0.616
0.615
0.615
0.614
0.613
0.613
0.612
0.611
0.61
0.61
0.609
0.609
0.608
0.607
0.607
0.606
0.606
0.605
0.605
0.604
0.604
0.603
0.603
0.603
0.602
0.602
0.602
0.601
0.601
0.601
0.601
0.6
0.6
0.6
0.6
0.6
0.6
0.6
0.599
0.599
0.599
0.599
0.599
0.599
0.598
0.598
0.598
0.597
0.597
0.596
0.595
0.595
0.594
0.593
0.591
0.59
0.589
0.587
0.585
0.583
0.581
0.579
0.577
0.574
0.571
0.568
0.565
0.562
0.558
0.554
0.551
0.546
0.542
0.538
0.533
0.528
0.523
0.518
0.512
0.507
0.501
0.495
0.489
0.483
0.477
0.47
0.464
0.457
0.45
0.443
0.436
0.428
0.421
0.413
0.406
0.398
0.39
0.382
0.374
0.366
0.357
0.349
0.34
0.332
0.323
0.314
0.305
0.296
0.287
0.278
0.269
0.259
0.25
0.24
0.231
0.221
0.211
0.202
0.192
0.182
0.172
0.162
0.152
0.142
0.132
0.122
0.112
0.102
0.092
0.082
0.071
0.061
0.051
0.041
0.03
0.02
0.01
-0.001
-0.011
-0.021
-0.032
-0.042
-0.052
-0.062
-0.073
-0.083
-0.093
-0.103
-0.113
-0.123
-0.134
-0.144
-0.154
-0.164
-0.173
-0.183
-0.193
-0.203
-0.213
-0.222
-0.232
-0.241
-0.251
-0.26
-0.27
-0.279
-0.288
-0.297
-0.306
-0.315
-0.324
-0.333
-0.341
-0.35
-0.358
-0.366
-0.375
-0.383
-0.391
-0.399
-0.406
-0.414
-0.422
-0.429
-0.436
-0.443
-0.45
-0.457
-0.464
-0.471
-0.477
-0.483
-0.49
-0.495
-0.501
-0.507
-0.513
-0.518
-0.523
-0.528
-0.533
-0.538
-0.542
-0.546
-0.55
-0.554
-0.558
-0.562
-0.565
-0.568
-0.571
-0.574
-0.576
-0.579
-0.581
-0.583
-0.584
-0.586
-0.587
-0.588
-0.589
-0.589
-0.59
-0.59
-0.59
-0.589
-0.589
-0.588
-0.586
-0.585
-0.583
-0.581
-0.579
-0.577
-0.574
-0.571
-0.568
-0.564
-0.56
-0.556
-0.552
-0.547
-0.542
-0.537
-0.532
-0.526
-0.52
-0.513
-0.506
-0.499
-0.492
-0.484
-0.476
-0.468
-0.459
-0.45
-0.441
-0.431
-0.421
-0.411
-0.4
-0.389
-0.378
-0.366
-0.354
-0.341
-0.329
-0.316
-0.302
-0.288
-0.274
-0.259
-0.244
-0.229
-0.213
-0.197
-0.181
-0.164
-0.146
-0.129
-0.111
-0.092
-0.073
-0.054
-0.034
-0.014
0.006
0.027
0.049
0.07
0.093
0.115
0.138
0.162
0.186
0.21
0.235
0.26
0.286
0.312
0.338
0.365
0.392
0.418
0.445
0.471
0.497
0.523
0.547
0.571
0.595
0.617
0.638
0.659
0.679
0.698
0.716
0.734
0.75
0.766
0.781
0.796
0.809
0.822
0.835
0.846
0.857
0.867
0.877
0.886
0.894
0.902
0.909
0.916
0.921
0.927
0.932
0.936
0.94
0.943
0.946
0.948
0.95
0.951
0.952
0.952
0.952
0.951
0.95
0.949
0.947
0.945
0.943
0.94
0.937
0.933
0.93
0.926
0.921
0.917
0.912
0.906
0.901
0.895
0.889
0.883
0.877
0.871
0.864
0.857
0.85
0.843
0.836
0.829
0.821
0.814
0.806
0.799
0.791
0.783
0.776
0.768
0.76
0.752
0.745
0.737
0.729
0.722
0.714
0.707
0.7
0.692
0.685
0.678
0.671
0.664
0.657
0.65
0.644
0.637
0.63
0.624
0.618
0.611
0.605
0.599
0.593
0.587
0.581
0.575
0.569
0.564
0.558
0.552
0.547
0.541
0.536
0.531
0.526
0.52
0.515
0.51
0.505
0.501
0.496
0.491
0.486
0.482
0.477
0.473
0.469
0.464
0.46
0.456
0.452
0.448
0.444
0.44
0.436
0.432
0.428
0.425
0.421
0.418
0.414
0.411
0.407
0.404
0.401
0.398
0.395
0.392
0.389
0.386
0.383
0.38
0.377
0.375
0.372
0.369
0.367
0.364
0.362
0.36
0.357
0.355
0.353
0.351
0.349
0.346
0.345
0.343
0.341
0.339
0.337
0.335
0.334
0.332
0.33
0.329
0.327
0.326
0.325
0.323
0.322
0.321
0.319
0.318
0.317
0.316
0.315
0.314
0.313
0.312
0.311
0.311
0.31
0.309
0.309
0.308
0.307
0.307
0.306
0.306
0.305
0.305
0.305
0.304
0.304
0.304
0.304
0.303
0.303
0.303
0.303
0.303
0.303
0.303
0.303
0.303
0.304
0.304
0.304
0.304
0.305
0.305
0.305
0.306
0.306
0.306
0.307
0.307
0.308
0.309
0.309
0.31
0.31
0.311
0.312
0.312
0.313
0.314
0.315
0.316
0.317
0.317
0.318
0.319
0.32
0.321
0.322
0.323
0.324
0.325
0.326
0.328
0.329
0.33
0.331
0.332
0.333
0.335
0.336
0.337
0.338
0.34
0.341
0.342
0.344
0.345
0.346
0.348
0.349
0.351
0.352
0.354
0.355
0.357
0.358
0.36
0.361
0.363
0.364
0.366
0.367
0.369
0.37
0.372
0.374
0.375
0.377
0.378
0.38
0.382
0.383
0.385
0.387
0.388
0.39
0.392
0.393
0.395
0.397
0.398
0.4
0.402
0.403
0.405
0.407
0.408
0.41
0.412
0.413
0.415
0.417
0.419
0.42
0.422
0.424
0.425
0.427
0.429
0.43
0.432
0.434
0.435
0.437
0.439
0.44
0.442
0.444
0.445
0.447
0.448
0.45
0.452
0.453
0.455
0.456
0.458
0.459
0.461
0.462
0.464
0.465
0.467
0.468
0.47
0.471
0.473
0.474
0.476
0.477
0.478
0.48
0.481
0.482
0.484
0.485
0.486
0.487
0.489
0.49
0.491
0.492
0.493
0.495
0.496
0.497
0.498
0.499
0.5
0.501
0.502
0.503
0.504
0.505
0.506
0.507
0.508
0.508
0.509
0.51
0.511
0.512
0.512
0.513
0.514
0.515
0.515
0.516
0.517
0.518
0.518
0.519
0.52
0.52
0.521
0.522
0.522
0.523
0.524
0.524
0.525
0.525
0.526
0.527
0.527
0.528
0.529
0.529
0.53
0.53
0.531
0.532
0.532
0.533
0.534
0.534
0.535
0.536
0.536
0.537
0.538
0.538
0.539
0.54
0.541
0.541
0.542
0.543
0.544
0.544
0.545
0.546
0.547
0.548
0.549
0.55
0.551
0.552
0.553
0.554
0.555
0.556
0.557
0.558
0.559
0.56
0.561
0.562
0.563
0.565
0.566
0.567
0.569
0.57
0.571
0.573
0.574
0.576
0.577
0.579
0.58
0.582
0.584
0.585
0.587
0.589
0.59
0.592
0.594
0.596
0.598
0.6
0.602
0.604
0.606
0.608
0.61
0.613
0.615
0.617
0.619
0.621
0.624
0.626
0.628
0.63
0.632
0.635
0.637
0.639
0.641
0.643
0.645
0.647
0.649
0.651
0.653
0.654
0.656
0.658
0.659
0.661
0.662
0.663
0.665
0.666
0.667
0.668
0.668
0.669
0.67
0.67
0.671
0.671
0.671
0.672
0.672
0.672
0.671
0.671
0.671
0.671
0.67
0.67
0.669
0.668
0.668
0.667
0.666
0.665
0.664
0.663
0.661
0.66
0.659
0.657
0.656
0.654
0.653
0.651
0.649
0.647
0.645
0.644
0.642
0.639
0.637
0.635
0.633
0.631
0.628
0.626
0.624
0.621
0.619
0.616
0.613
0.611
0.608
0.605
0.602
0.6
0.597
0.594
0.591
0.588
0.585
0.582
0.579
0.576
0.573
0.569
0.566
0.563
0.56
0.556
0.553
0.55
0.546
0.543
0.54
0.536
0.533
0.53
0.526
0.523
0.519
0.516
0.512
0.509
0.505
0.502
0.498
0.495
0.491
0.488
0.484
0.481
0.477
0.474
0.47
0.467
0.463
0.46
0.456
0.453
0.449
0.446
0.442
0.439
0.435
0.432
0.429
0.425
0.422
0.419
0.415
0.412
0.409
0.405
0.402
0.399
0.396
0.393
0.389
0.386
0.383
0.38
0.377
0.374
0.371
0.368
0.365
0.362
0.359
0.356
0.353
0.35
0.347
0.344
0.341
0.338
0.336
0.333
0.33
0.327
0.325
0.322
0.319
0.316
0.314
0.311
0.308
0.306
0.303
0.301
0.298
0.295
0.293
0.29
0.288
0.285
0.283
0.281
0.278
0.276
0.273
0.271
0.269
0.266
0.264
0.262
0.26
0.257
0.255
0.253
0.251
0.249
0.246
0.244
0.242
0.24
0.238
0.236
0.234
0.232
0.23
0.228
0.226
0.224
0.222
0.22
0.218
0.216
0.215
0.213
0.211
0.209
0.207
0.206
0.204
0.202
0.201
0.199
0.197
0.196
0.194
0.193
0.191
0.189
0.188
0.186
0.185
0.183
0.182
0.181
0.179
0.178
0.176
0.175
0.174
0.172
0.171
0.17
0.169
0.167
0.166
0.165
0.164
0.163
0.162
0.16
0.159
0.158
0.157
0.156
0.155
0.154
0.153
0.152
0.151
0.151
0.15
0.149
0.148
0.147
0.146
0.146
0.145
0.144
0.143
0.143
0.142
0.141
0.141
0.14
0.139
0.139
0.138
0.138
0.137
0.137
0.136
0.136
0.135
0.135
0.134
0.134
0.134
0.133
0.133
0.133
0.132
0.132
0.132
0.132
0.132
0.131
0.131
0.131
0.131
0.131
0.131
0.131
0.131
0.131
0.131
0.131
0.131
0.131
0.131
0.131
0.131
0.132
0.132
0.132
0.132
0.132
0.133
0.133
0.133
0.134
0.134
0.134
0.135
0.135
0.136
0.136
0.136
0.137
0.138
0.138
0.139
0.139
0.14
0.14
0.141
0.142
0.142
0.143
0.144
0.145
0.145
0.146
0.147
0.148
0.149
0.15
0.151
0.151
0.152
0.153
0.154
0.155
0.156
0.157
0.159
0.16
0.161
0.162
0.163
0.164
0.165
0.167
0.168
0.169
0.17
0.172
0.173
0.174
0.176
0.177
0.179
0.18
0.182
0.183
0.185
0.186
0.188
0.189
0.191
0.192
0.194
0.196
0.197
0.199
0.201
0.203
0.204
0.206
0.208
0.21
0.212
0.214
0.216
0.217
0.219
0.221
0.223
0.225
0.227
0.229
0.232
0.234
0.236
0.238
0.24
0.242
0.245
0.247
0.249
0.251
0.254
0.256
0.258
0.261
0.263
0.266
0.268
0.27
0.273
0.275
0.278
0.28
0.283
0.286
0.288
0.291
0.294
0.296
0.299
0.302
0.304
0.307
0.31
0.313
0.316
0.319
0.322
0.324
0.327
0.33
0.333
0.336
0.339
0.342
0.346
0.349
0.352
0.355
0.358
0.361
0.364
0.368
0.371
0.374
0.378
0.381
0.384
0.388
0.391
0.394
0.398
0.401
0.405
0.408
0.412
0.415
0.419
0.423
0.426
0.43
0.434
0.437
0.441
0.445
0.449
0.452
0.456
0.46
0.464
0.468
0.472
0.476
0.48
0.484
0.488
0.492
0.496
0.5
0.504
0.508
0.512
0.516
0.52
0.525
0.529
0.533
0.537
0.542
0.546
0.55
0.555
0.559
0.564
0.568
0.573
0.577
0.582
0.586
0.591
0.595
0.6
0.605
0.609
0.614
0.619
0.623
0.628
0.633
0.638
0.643
0.647
0.652
0.657
0.662
0.667
0.672
0.676
0.681
0.686
0.691
0.696
0.701
0.706
0.711
0.715
0.72
0.725
0.73
0.735
0.74
0.745
0.75
0.755
0.76
0.765
0.769
0.774
0.779
0.784
0.789
0.794
0.799
0.804
0.809
0.813
0.818
0.823
0.828
0.833
0.838
0.842
0.847
0.852
0.857
0.862
0.866
0.871
0.876
0.881
0.885
0.89
0.895
0.9
0.904
0.909
0.913
0.918
0.923
0.927
0.932
0.936
0.941
0.946
0.95
0.955
0.959
0.963
0.968
0.972
0.977
0.981
0.985
0.99
0.994
0.998
1.003
1.007
1.011
1.015
1.019
1.023
1.028
1.032
1.036
1.04
1.044
1.048
1.052
1.056
1.059
1.063
1.067
1.071
1.075
1.078
1.082
1.086
1.089
1.093
1.096
1.1
1.103
1.107
1.11
1.114
1.117
1.12
1.123
1.127
1.13
1.133
1.136
1.139
1.142
1.145
1.148
1.151
1.154
1.157
1.159
1.162
1.165
1.167
1.17
1.173
1.175
1.178
1.18
1.182
1.185
1.187
1.189
1.191
1.193
1.196
1.198
1.199
1.201
1.203
1.205
1.207
1.209
1.21
1.212
1.213
1.215
1.216
1.218
1.219
1.22
1.221
1.223
1.224
1.225
1.226
1.227
1.228
1.228
1.229
1.23
1.23
1.231
1.231
1.232
1.232
1.232
1.233
1.233
1.233
1.233
1.233
1.233
1.233
1.233
1.232
1.232
1.232
1.231
1.23
1.23
1.229
1.228
1.228
1.227
1.226
1.225
1.223
1.222
1.221
1.22
1.218
1.217
1.215
1.213
1.212
1.21
1.208
1.206
1.204
1.202
1.2
1.197
1.195
1.193
1.19
1.188
1.185
1.182
1.179
1.176
1.173
1.17
1.167
1.164
1.16
1.157
1.153
1.15
1.146
1.142
1.139
1.135
1.131
1.126
1.122
1.118
1.113
1.109
1.104
1.1
1.095
1.09
1.085
1.08
1.075
1.07
1.064
1.059
1.053
1.048
1.042
1.036
1.03
1.024
1.018
1.012
1.006
0.999
0.993
0.986
0.98
0.973
0.966
0.959
0.952
0.944
0.937
0.93
0.922
0.915
0.907
0.899
0.891
0.883
0.875
0.867
0.858
0.85
0.841
0.832
0.824
0.815
0.806
0.796
0.787
0.778
0.768
0.759
0.749
0.739
0.729
0.719
0.709
0.699
0.689
0.679
0.669
0.658
0.648
0.638
0.627
0.617
0.606
0.596
0.585
0.575
0.564
0.554
0.544
0.533
0.523
0.513
0.502
0.492
0.482
0.472
0.462
0.452
0.442
0.433
0.423
0.413
0.404
0.395
0.386
0.376
0.368
0.359
0.35
0.342
0.333
0.325
0.317
0.309
0.302
0.294
0.287
0.28
0.273
0.266
0.259
0.252
0.246
0.24
0.234
0.228
0.222
0.216
0.211
0.205
0.2
0.195
0.19
0.185
0.181
0.176
0.172
0.168
0.164
0.16
0.156
0.152
0.149
0.145
0.142
0.139
0.136
0.133
0.13
0.127
0.125
0.122
0.12
0.118
0.116
0.114
0.112
0.111
0.109
0.108
0.106
0.105
0.104
0.103
0.102
0.101
0.101
0.1
0.099
0.099
0.099
0.099
0.099
0.099
0.099
0.099
0.099
0.1
0.1
0.101
0.102
0.103
0.103
0.104
0.106
0.107
0.108
0.109
0.111
0.112
0.114
0.116
0.117
0.119
0.121
0.123
0.125
0.127
0.13
0.132
0.134
0.137
0.139
0.142
0.144
0.147
0.15
0.153
0.156
0.159
0.162
0.165
0.168
0.171
0.174
0.178
0.181
0.184
0.188
0.191
0.195
0.199
0.202
0.206
0.21
0.214
0.218
0.221
0.225
0.229
0.233
0.238
0.242
0.246
0.25
0.254
0.259
0.263
0.267
0.272
0.276
0.28
0.285
0.289
0.294
0.298
0.303
0.307
0.312
0.317
0.321
0.326
0.331
0.335
0.34
0.345
0.349
0.354
0.359
0.364
0.369
0.373
0.378
0.383
0.388
0.393
0.397
0.402
0.407
0.412
0.417
0.421
0.426
0.431
0.436
0.441
0.445
0.45
0.455
0.46
0.464
0.469
0.474
0.479
0.483
0.488
0.493
0.497
0.502
0.506
0.511
0.516
0.52
0.525
0.529
0.534
0.538
0.542
0.547
0.551
0.555
0.56
0.564
0.568
0.572
0.576
0.58
0.584
0.588
0.592
0.596
0.6
0.604
0.608
0.611
0.615
0.619
0.622
0.626
0.629
0.633
0.636
0.639
0.643
0.646
0.649
0.652
0.655
0.658
0.661
0.664
0.667
0.669
0.672
0.675
0.677
0.679
0.682
0.684
0.686
0.688
0.691
0.693
0.694
0.696
0.698
0.7
0.701
0.703
0.704
0.706
0.707
0.708
0.709
0.71
0.711
0.712
0.712
0.713
0.714
0.714
0.714
0.715
0.715
0.715
0.715
0.715
0.714
0.714
0.714
0.713
0.713
0.712
0.711
0.71
0.709
0.708
0.707
0.706
0.705
0.704
0.703
0.701
0.7
0.698
0.697
0.695
0.693
0.691
0.69
0.688
0.686
0.684
0.682
0.68
0.678
0.675
0.673
0.671
0.669
0.666
0.664
0.662
0.659
0.657
0.654
0.652
0.649
0.646
0.644
0.641
0.638
0.636
0.633
0.63
0.628
0.625
0.622
0.619
0.617
0.614
0.611
0.608
0.605
0.602
0.6
0.597
0.594
0.591
0.588
0.586
0.583
0.58
0.577
0.574
0.572
0.569
0.566
0.564
0.561
0.558
0.556
0.553
0.55
0.548
0.545
0.543
0.54
0.538
0.536
0.533
0.531
0.529
0.526
0.524
0.522
0.52
0.518
0.516
0.514
0.512
0.51
0.508
0.507
0.505
0.503
0.502
0.5
0.499
0.497
0.496
0.495
0.494
0.493
0.492
0.491
0.49
0.489
0.488
0.488
0.487
0.487
0.486
0.486
0.486
0.486
0.486
0.486
0.486
0.486
0.487
0.487
0.488
0.489
0.489
0.49
0.491
0.492
0.494
0.495
0.496
0.498
0.5
0.501
0.503
0.505
0.507
0.51
0.512
0.515
0.517
0.52
0.523
0.526
0.529
0.533
0.536
0.54
0.543
0.547
0.551
0.556
0.56
0.564
0.569
0.574
0.579
0.584
0.589
0.594
0.6
0.606
0.612
0.618
0.624
0.63
0.637
0.643
0.65
0.657
0.664
0.671
0.678
0.685
0.692
0.7
0.707
0.715
0.723
0.73
0.738
0.746
0.754
0.762
0.77
0.778
0.786
0.794
0.803
0.811
0.819
0.827
0.835
0.844
0.852
0.86
0.868
0.876
0.884
0.893
0.901
0.909
0.917
0.925
0.932
0.94
0.948
0.956
0.963
0.971
0.978
0.986
0.993
1.0
1.007
1.014
1.021
1.028
1.034
1.041
1.047
1.053
1.059
1.065
1.071
1.076
1.082
1.087
1.092
1.097
1.102
1.106
1.11
1.115
1.118
1.122
1.126
1.129
1.132
1.135
1.137
1.14
1.142
1.144
1.145
1.146
1.147
1.148
1.149
1.149
1.149
1.149
1.148
1.147
1.146
1.144
1.142
1.14
1.137
1.135
1.131
1.128
1.124
1.12
1.115
1.11
1.105
1.099
1.093
1.087
1.08
1.073
1.065
1.057
1.048
1.04
1.03
1.021
1.011
1.0
0.989
0.978
0.966
0.954
0.942
0.929
0.916
0.904
0.891
0.878
0.865
0.852
0.839
0.827
0.814
0.802
0.79
0.778
0.767
0.756
0.745
0.735
0.725
0.716
0.708
0.7
0.693
0.687
0.681
0.676
0.673
0.67
0.668
0.667
0.667
0.668
0.67
0.672
0.676
0.68
0.685
0.691
0.697
0.704
0.711
0.718
0.726
0.734
0.742
0.75
0.758
0.767
0.775
0.783
0.792
0.8
0.809
0.817
0.826
0.834
0.842
0.851
0.859
0.868
0.876
0.884
0.892
0.9
0.908
0.916
0.924
0.932
0.94
0.947
0.955
0.962
0.969
0.977
0.984
0.99
0.997
1.003
1.01
1.016
1.022
1.028
1.033
1.039
1.044
1.049
1.053
1.058
1.062
1.066
1.07
1.074
1.077
1.08
1.082
1.085
1.087
1.089
1.09
1.092
1.092
1.093
1.093
1.093
1.093
1.092
1.091
1.089
1.087
1.085
1.082
1.079
1.076
1.072
1.067
1.063
1.058
1.052
1.046
1.039
1.032
1.025
1.017
1.009
1.0
0.991
0.981
0.971
0.96
0.949
0.938
0.926
0.914
0.902
0.889
0.877
0.864
0.851
0.838
0.825
0.812
0.798
0.785
0.772
0.759
0.746
0.733
0.72
0.708
0.695
0.683
0.671
0.66
0.648
0.638
0.627
0.617
0.607
0.598
0.589
0.581
0.574
0.567
0.56
0.554
0.549
0.545
0.541
0.538
0.536
0.535
0.535
0.535
0.536
0.539
0.542
0.546
0.551
0.558
0.565
0.574
0.583
0.594
0.606
0.619
0.634
0.65
0.667
0.685
0.705
0.725
0.747
0.769
0.792
0.815
0.839
0.863
0.887
0.91
0.933
0.956
0.979
1.0
1.021
1.04
1.059
1.077
1.094
1.111
1.126
1.141
1.154
1.167
1.18
1.191
1.202
1.212
1.221
1.23
1.238
1.245
1.251
1.257
1.262
1.267
1.27
1.274
1.276
1.278
1.28
1.281
1.281
1.281
1.28
1.279
1.277
1.275
1.272
1.269
1.265
1.261
1.256
1.251
1.246
1.24
1.234
1.228
1.221
1.213
1.206
1.198
1.19
1.181
1.173
1.163
1.154
1.145
1.135
1.125
1.115
1.104
1.094
1.083
1.072
1.061
1.05
1.038
1.027
1.015
1.004
0.992
0.98
0.968
0.957
0.945
0.933
0.921
0.909
0.897
0.886
0.874
0.862
0.851
0.839
0.828
0.816
0.805
0.794
0.783
0.773
0.762
0.752
0.742
0.732
0.722
0.712
0.703
0.694
0.686
0.677
0.669
0.661
0.654
0.647
0.64
0.634
0.628
0.622
0.617
0.612
0.607
0.604
0.6
0.597
0.594
0.592
0.59
0.589
0.588
0.587
0.587
0.586
0.586
0.587
0.587
0.588
0.589
0.59
0.591
0.593
0.594
0.595
0.597
0.598
0.6
0.601
0.603
0.604
0.606
0.607
0.609
0.61
0.611
0.613
0.614
0.615
0.616
0.618
0.619
0.62
0.621
0.622
0.623
0.624
0.625
0.626
0.627
0.628
0.629
0.63
0.631
0.632
0.633
0.634
0.634
0.635
0.636
0.637
0.638
0.638
0.639
0.64
0.64
0.641
0.642
0.642
0.643
0.643
0.644
0.644
0.645
0.645
0.646
0.646
0.647
0.647
0.647
0.648
0.648
0.648
0.649
0.649
0.649
0.65
0.65
0.65
0.65
0.65
0.651
0.651
0.651
0.651
0.651
0.651
0.651
0.651
0.651
0.651
0.651
0.651
0.651
0.651
0.651
0.651
0.651
0.651
0.651
0.651
0.651
0.651
0.65
0.65
0.65
0.65
0.65
0.649
0.649
0.649
0.649
0.648
0.648
0.648
0.647
0.647
0.647
0.646
0.646
0.646
0.645
0.645
0.644
0.644
0.644
0.643
0.643
0.642
0.642
0.641
0.641
0.64
0.64
0.639
0.639
0.638
0.637
0.637
0.636
0.636
0.635
0.634
0.634
0.633
0.633
0.632
0.631
0.631
0.63
0.629
0.629
0.628
0.627
0.627
0.626
0.625
0.624
0.624
0.623
0.622
0.621
0.621
0.62
0.619
0.618
0.618
0.617
0.616
0.615
0.614
0.614
0.613
0.612
0.611
0.61
0.609
0.609
0.608
0.607
0.606
0.605
0.604
0.603
0.603
0.602
0.601
0.6
0.599
0.598
0.597
0.596
0.596
0.595
0.594
0.593
0.592
0.591
0.59
0.589
0.588
0.588
0.587
0.586
0.585
0.584
0.583
0.582
0.581
0.58
0.579
0.578
0.578
0.577
0.576
0.575
0.574
0.573
0.572
0.571
0.57
0.569
0.569
0.568
0.567
0.566
0.565
0.564
0.563
0.562
0.561
0.561
0.56
0.559
0.558
0.557
0.556
0.555
0.555
0.554
0.553
0.552
0.551
0.55
0.55
0.549
0.548
0.547
0.546
0.546
0.545
0.544
0.543
0.542
0.542
0.541
0.54
0.539
0.539
0.538
0.537
0.536
0.536
0.535
0.534
0.533
0.533
0.532
0.531
0.531
0.53
0.529
0.529
0.528
0.528
0.527
0.526
0.526
0.525
0.525
0.524
0.523
0.523
0.522
0.522
0.521
0.521
0.52
0.52
0.519
0.519
0.518
0.518
0.517
0.517
0.517
0.516
0.516
0.515
0.515
0.515
0.514
0.514
0.514
0.513
0.513
0.513
0.512
0.512
0.512
0.512
0.511
0.511
0.511
0.511
0.511
0.51
0.51
0.51
0.51
0.51
0.51
0.51
0.51
0.51
0.51
0.51
0.51
0.51
0.51
0.51
0.51
0.51
0.51
0.51
0.51
0.51
0.511
0.511
0.511
0.511
0.512
0.512
0.512
0.512
0.513
0.513
0.513
0.514
0.514
0.514
0.515
0.515
0.516
0.516
0.517
0.517
0.518
0.518
0.519
0.519
0.52
0.521
0.521
0.522
0.523
0.523
0.524
0.525
0.526
0.526
0.527
0.528
0.529
0.53
0.531
0.532
0.533
0.534
0.535
0.536
0.537
0.538
0.539
0.54
0.541
0.542
0.543
0.544
0.546
0.547
0.548
0.549
0.551
0.552
0.554
0.555
0.556
0.558
0.559
0.561
0.562
0.564
0.565
0.567
0.569
0.57
0.572
0.574
0.575
0.577
0.579
0.581
0.582
0.584
0.586
0.588
0.59
0.592
0.594
0.596
0.598
0.6
