0.0
0.019
0.038
0.057
0.075
0.094
0.113
0.132
0.151
0.17
0.189
0.208
0.226
0.245
0.264
0.283
0.302
0.321
0.34
0.358
0.377
0.396
0.415
0.434
0.453
0.472
0.491
0.509
0.528
0.547
0.566
0.585
0.604
0.623
0.642
0.66
0.679
0.698
0.717
0.736
0.755
0.774
0.792
0.811
0.83
0.849
0.868
0.887
0.906
0.925
0.943
0.962
0.981
1.0
0.997
0.993
0.99
0.986
0.983
0.98
0.976
0.973
0.97
0.966
0.963
0.959
0.956
0.953
0.949
0.946
0.943
0.939
0.936
0.932
0.929
0.926
0.922
0.919
0.916
0.912
0.909
0.905
0.902
0.899
0.895
0.892
0.889
0.885
0.882
0.878
0.875
0.84
0.805
0.77
0.736
0.701
0.666
0.631
0.596
0.561
0.526
0.491
0.457
0.422
0.387
0.352
0.317
0.282
0.247
0.213
0.178
0.143
0.145
0.146
0.148
0.15
0.152
0.153
0.155
0.157
0.158
0.16
0.162
0.164
0.165
0.167
0.169
0.171
0.172
0.174
0.176
0.177
0.179
0.181
0.183
0.184
0.186
0.188
0.19
0.191
0.193
0.195
0.197
0.198
0.2
0.229
0.257
0.286
0.314
0.343
0.371
0.4
0.429
0.457
0.486
0.514
0.543
0.571
0.6
0.629
0.657
0.686
0.714
0.743
0.771
0.8
0.829
0.857
0.886
0.914
0.943
0.971
1.0
0.984
0.969
0.953
0.938
0.922
0.906
0.891
0.875
0.859
0.844
0.828
0.812
0.797
0.781
0.766
0.75
1.0
1.0
1.0
1.0
1.0
1.0
1.0
1.0
1.0
1.0
1.0
1.0
1.0
1.0
1.0
1.0
1.0
1.0
1.0
1.0
1.0
1.0
1.0
1.0
1.0
1.0
1.0
1.0
1.0
1.0
1.0
1.0
1.0
1.0
1.0
1.0
1.0
1.0
1.0
1.0
1.0
1.0
1.0
1.0
1.0
1.0
1.0
1.0
1.0
1.0
1.0
1.0
0.833
0.667
0.5
0.514
0.527
0.541
0.554
0.568
0.581
0.595
0.608
0.622
0.635
0.649
0.662
0.676
0.689
0.703
0.716
0.73
0.743
0.757
0.77
0.784
0.797
0.811
0.824
0.838
0.851
0.865
0.878
0.892
0.905
0.919
0.932
0.946
0.959
0.973
0.986
1.0
0.925
0.85
0.775
0.7
0.625
0.55
0.475
0.4
0.407
0.414
0.421
0.429
0.436
0.443
0.45
0.457
0.464
0.471
0.479
0.486
0.493
0.5
0.511
0.521
0.532
0.543
0.553
0.564
0.574
0.585
0.596
0.606
0.617
0.628
0.638
0.649
0.66
0.67
0.681
0.691
0.702
0.713
0.723
0.734
0.745
0.755
0.766
0.777
0.787
0.798
0.809
0.819
0.83
0.84
0.851
0.862
0.872
0.883
0.894
0.904
0.915
0.926
0.936
0.947
0.957
0.968
0.979
0.989
1.0
1.0
1.0
1.0
1.0
1.0
1.0
1.0
1.0
1.0
1.0
1.0
1.0
1.0
1.0
1.0
1.0
1.0
1.0
1.0
1.0
1.0
1.0
1.0
1.0
1.0
1.0
1.0
1.0
1.0
1.0
1.0
1.0
1.0
1.0
1.0
1.0
1.0
1.0
1.0
1.0
1.0
1.0
1.0
1.0
1.0
1.0
1.0
1.0
1.0
1.0
1.0
1.0
1.0
1.0
1.0
1.0
1.0
1.0
1.0
1.0
1.0
1.0
1.0
1.0
0.998
0.996
0.994
0.992
0.989
0.987
0.985
0.983
0.981
0.979
0.977
0.975
0.973
0.97
0.968
0.966
0.964
0.962
0.96
0.958
0.956
0.953
0.951
0.949
0.947
0.945
0.943
0.941
0.939
0.937
0.934
0.932
0.93
0.928
0.926
0.924
0.922
0.92
0.918
0.915
0.913
0.911
0.909
0.884
0.859
0.834
0.809
0.784
0.759
0.734
0.709
0.684
0.659
0.634
0.609
0.584
0.559
0.534
0.509
0.484
0.458
0.433
0.408
0.383
0.358
0.333
0.339
0.345
0.35
0.356
0.362
0.367
0.373
0.379
0.384
0.39
0.396
0.401
0.407
0.413
0.418
0.424
0.43
0.435
0.441
0.447
0.452
0.458
0.464
0.47
0.475
0.481
0.487
0.492
0.498
0.504
0.509
0.515
0.521
0.526
0.532
0.538
0.543
0.549
0.555
0.56
0.566
0.572
0.577
0.583
0.589
0.594
0.6
0.596
0.591
0.587
0.583
0.579
0.574
0.57
0.566
0.561
0.557
0.553
0.548
0.544
0.54
0.536
0.531
0.527
0.523
0.518
0.514
0.51
0.505
0.501
0.497
0.493
0.488
0.484
0.48
0.475
0.471
0.467
0.462
0.458
0.454
0.45
0.445
0.441
0.437
0.432
0.428
0.424
0.42
0.415
0.411
0.407
0.402
0.398
0.394
0.389
0.385
0.381
0.377
0.372
0.368
0.364
0.37
0.377
0.384
0.391
0.397
0.404
0.411
0.418
0.424
0.431
0.438
0.445
0.452
0.458
0.465
0.472
0.479
0.485
0.492
0.499
0.506
0.512
0.519
0.526
0.533
0.539
0.546
0.553
0.56
0.566
0.573
0.58
0.587
0.593
0.6
0.607
0.614
0.621
0.627
0.634
0.641
0.648
0.654
0.661
0.668
0.675
0.681
0.688
0.695
0.702
0.708
0.715
0.722
0.729
0.735
0.742
0.749
0.756
0.762
0.769
0.776
0.783
0.79
0.796
0.803
0.81
0.817
0.823
0.83
0.837
0.844
0.85
0.857
0.855
0.853
0.851
0.848
0.846
0.844
0.842
0.84
0.837
0.835
0.833
0.831
0.829
0.826
0.824
0.822
0.82
0.818
0.815
0.813
0.811
0.809
0.807
0.804
0.802
0.8
0.803
0.806
0.809
0.812
0.814
0.817
0.82
0.823
0.826
0.829
0.832
0.835
0.838
0.841
0.843
0.846
0.849
0.852
0.855
0.858
0.861
0.864
0.867
0.87
0.872
0.875
0.878
0.881
0.884
0.887
0.89
0.893
0.896
0.899
0.901
0.904
0.907
0.91
0.913
0.916
0.919
0.922
0.925
0.928
0.93
0.933
0.936
0.939
0.942
0.945
0.948
0.951
0.954
0.957
0.959
0.962
0.965
0.968
0.971
0.974
0.977
0.98
0.983
0.986
0.988
0.991
0.994
0.997
1.0
0.896
0.792
0.688
0.583
0.479
0.375
0.458
0.542
0.625
0.611
0.597
0.583
0.568
0.554
0.54
0.526
0.512
0.498
0.484
0.469
0.455
0.441
0.427
0.413
0.399
0.385
0.371
0.356
0.342
0.328
0.314
0.3
0.286
0.288
0.291
0.294
0.296
0.299
0.301
0.304
0.307
0.309
0.312
0.315
0.317
0.32
0.322
0.325
0.328
0.33
0.333
0.336
0.338
0.341
0.343
0.346
0.349
0.351
0.354
0.357
0.359
0.362
0.364
0.367
0.37
0.372
0.375
0.417
0.458
0.5
0.542
0.583
0.625
0.667
0.708
0.75
0.792
0.833
0.875
0.849
0.823
0.798
0.772
0.746
0.72
0.694
0.669
0.643
0.617
0.591
0.565
0.54
0.514
0.488
0.462
0.437
0.411
0.385
0.359
0.333
0.349
0.365
0.381
0.397
0.413
0.429
0.444
0.46
0.476
0.492
0.508
0.524
0.54
0.556
0.571
0.587
0.603
0.619
0.635
0.651
0.667
0.683
0.698
0.714
0.73
0.746
0.762
0.778
0.794
0.81
0.825
0.841
0.857
0.873
0.889
0.905
0.921
0.937
0.952
0.968
0.984
1.0
0.996
0.992
0.988
0.984
0.98
0.976
0.972
0.968
0.964
0.96
0.956
0.952
0.948
0.944
0.94
0.937
0.933
0.929
0.925
0.921
0.917
0.913
0.909
0.905
0.901
0.897
0.893
0.889
0.885
0.881
0.877
0.873
0.869
0.865
0.861
0.857
0.846
0.836
0.825
0.814
0.804
0.793
0.782
0.771
0.761
0.75
0.739
0.729
0.718
0.707
0.696
0.686
0.675
0.664
0.654
0.643
0.632
0.621
0.611
0.6
0.633
0.667
0.7
0.733
0.767
0.8
0.833
0.867
0.9
0.933
0.967
1.0
1.0
1.0
1.0
1.0
1.0
1.0
1.0
1.0
1.0
1.0
1.0
1.0
1.0
1.0
1.0
1.0
1.0
1.0
1.0
1.0
1.0
1.0
1.0
1.0
1.0
1.0
1.0
1.0
1.0
1.0
1.0
1.0
1.0
1.0
1.0
1.0
1.0
1.0
1.0
1.0
1.0
1.0
1.0
1.0
0.96
0.92
0.88
0.84
0.8
0.76
0.72
0.68
0.64
0.6
0.606
0.612
0.618
0.624
0.63
0.636
0.642
0.648
0.654
0.66
0.666
0.672
0.678
0.684
0.69
0.696
0.702
0.708
0.714
0.72
0.726
0.732
0.738
0.744
0.75
0.756
0.762
0.768
0.774
0.779
0.785
0.791
0.797
0.803
0.809
0.815
0.821
0.827
0.833
0.835
0.836
0.837
0.838
0.84
0.841
0.842
0.844
0.845
0.846
0.847
0.849
0.85
0.851
0.853
0.854
0.855
0.856
0.858
0.859
0.86
0.862
0.863
0.864
0.865
0.867
0.868
0.869
0.871
0.872
0.873
0.874
0.876
0.877
0.878
0.879
0.881
0.882
0.883
0.885
0.886
0.887
0.888
0.89
0.891
0.892
0.894
0.895
0.896
0.897
0.899
0.9
0.889
0.878
0.867
0.856
0.844
0.833
0.822
0.811
0.8
0.789
0.778
0.767
0.756
0.744
0.733
0.722
0.711
0.7
0.689
0.678
0.667
0.656
0.644
0.633
0.622
0.611
0.6
0.7
0.8
0.9
1.0
0.998
0.995
0.993
0.99
0.988
0.985
0.983
0.98
0.978
0.976
0.973
0.971
0.968
0.966
0.963
0.961
0.959
0.956
0.954
0.951
0.949
0.946
0.944
0.941
0.939
0.937
0.934
0.932
0.929
0.927
0.924
0.922
0.92
0.917
0.915
0.912
0.91
0.907
0.905
0.902
0.9
0.892
0.884
0.876
0.868
0.861
0.853
0.845
0.837
0.829
0.821
0.813
0.805
0.797
0.789
0.782
0.774
0.766
0.758
0.75
0.742
0.734
0.726
0.718
0.711
0.703
0.695
0.687
0.679
0.671
0.663
0.655
0.647
0.639
0.632
0.624
0.616
0.608
0.6
0.597
0.594
0.592
0.589
0.586
0.583
0.581
0.578
0.575
0.572
0.569
0.567
0.564
0.561
0.558
0.556
0.553
0.55
0.547
0.544
0.542
0.539
0.536
0.533
0.531
0.528
0.525
0.522
0.519
0.517
0.514
0.511
0.508
0.506
0.503
0.5
0.527
0.554
0.58
0.607
0.634
0.661
0.688
0.714
0.741
0.768
0.795
0.821
0.848
0.875
1.0
0.957
0.914
0.871
0.829
0.786
0.743
0.7
0.657
0.614
0.571
0.583
0.594
0.605
0.617
0.628
0.639
0.65
0.662
0.673
0.684
0.695
0.707
0.718
0.729
0.741
0.752
0.763
0.774
0.786
0.797
0.808
0.82
0.831
0.842
0.853
0.865
0.876
0.887
0.898
0.91
0.921
0.932
0.944
0.955
0.966
0.977
0.989
1.0
1.0
1.0
1.0
1.0
1.0
1.0
1.0
1.0
1.0
1.0
1.0
1.0
1.0
1.0
1.0
1.0
1.0
1.0
1.0
1.0
1.0
1.0
1.0
1.0
1.0
1.0
1.0
1.0
1.0
1.0
1.0
1.0
1.0
1.0
1.0
1.0
1.0
1.0
1.0
1.0
1.0
1.0
1.0
1.0
1.0
1.0
1.0
1.0
1.0
1.0
1.0
1.0
1.0
1.0
1.0
1.0
1.0
1.0
1.0
1.0
1.0
1.0
1.0
1.0
0.993
0.986
0.98
0.973
0.966
0.959
0.952
0.946
0.939
0.932
0.925
0.918
0.912
0.905
0.898
0.891
0.884
0.878
0.871
0.864
0.857
0.866
0.874
0.882
0.891
0.899
0.908
0.916
0.924
0.933
0.941
0.95
0.958
0.966
0.975
0.983
0.992
1.0
0.833
0.667
0.5
0.333
0.405
0.476
0.548
0.619
0.69
0.762
0.833
0.832
0.832
0.831
0.83
0.829
0.828
0.828
0.827
0.826
0.825
0.824
0.823
0.822
0.822
0.821
0.82
0.819
0.818
0.818
0.817
0.816
0.815
0.814
0.813
0.812
0.812
0.811
0.81
0.809
0.808
0.808
0.807
0.806
0.805
0.804
0.803
0.802
0.802
0.801
0.8
0.802
0.804
0.805
0.807
0.809
0.811
0.812
0.814
0.816
0.818
0.819
0.821
0.823
0.825
0.826
0.828
0.83
0.832
0.833
0.833
0.833
0.833
0.833
0.833
0.833
0.833
0.833
0.833
0.833
0.833
0.833
0.833
0.833
0.833
0.833
0.833
0.833
0.833
0.833
0.833
0.833
0.833
0.833
0.833
0.835
0.836
0.838
0.839
0.841
0.842
0.844
0.845
0.846
0.848
0.849
0.851
0.852
0.854
0.855
0.857
0.858
0.86
0.861
0.863
0.864
0.865
0.867
0.868
0.87
0.871
0.873
0.874
0.876
0.877
0.879
0.88
0.882
0.883
0.885
0.886
0.887
0.889
0.89
0.892
0.893
0.895
0.896
0.898
0.899
0.901
0.902
0.904
0.905
0.906
0.908
0.909
0.911
0.912
0.914
0.915
0.917
0.918
0.92
0.921
0.923
0.924
0.925
0.927
0.928
0.93
0.931
0.933
0.934
0.936
0.937
0.939
0.94
0.942
0.943
0.944
0.946
0.947
0.949
0.95
0.952
0.953
0.955
0.956
0.958
0.959
0.961
0.962
0.963
0.965
0.966
0.968
0.969
0.971
0.972
0.974
0.975
0.977
0.978
0.98
0.981
0.982
0.984
0.985
0.987
0.988
0.99
0.991
0.993
0.994
0.996
0.997
0.999
1.0
1.0
1.0
1.0
1.0
1.0
1.0
1.0
1.0
1.0
1.0
1.0
1.0
1.0
1.0
1.0
1.0
1.0
1.0
1.0
1.0
1.0
1.0
1.0
1.0
1.0
1.0
1.0
1.0
1.0
1.0
1.0
1.0
1.0
1.0
1.0
1.0
0.992
0.984
0.976
0.968
0.96
0.952
0.944
0.935
0.927
0.919
0.911
0.903
0.895
0.887
0.879
0.871
0.863
0.855
0.847
0.839
0.831
0.823
0.815
0.806
0.798
0.79
0.782
0.774
0.766
0.758
0.75
0.757
0.763
0.77
0.776
0.783
0.789
0.796
0.803
0.809
0.816
0.822
0.829
0.836
0.842
0.849
0.855
0.862
0.868
0.875
0.882
0.888
0.895
0.901
0.908
0.914
0.921
0.928
0.934
0.941
0.947
0.954
0.961
0.967
0.974
0.98
0.987
0.993
1.0
0.992
0.983
0.975
0.967
0.958
0.95
0.942
0.933
0.925
0.917
0.908
0.9
0.892
0.883
0.875
0.867
0.858
0.85
0.842
0.833
0.821
0.81
0.798
0.786
0.774
0.762
0.75
0.739
0.727
0.715
0.703
0.691
0.679
0.668
0.656
0.644
0.632
0.62
0.608
0.597
0.585
0.573
0.561
0.549
0.537
0.526
0.514
0.502
0.49
0.478
0.466
0.455
0.469
0.483
0.497
0.51
0.524
0.538
0.552
0.566
0.58
0.594
0.608
0.622
0.636
0.65
0.664
0.678
0.692
0.706
0.72
0.734
0.748
0.762
0.776
0.79
0.804
0.818
0.832
0.846
0.86
0.874
0.888
0.902
0.916
0.93
0.944
0.958
0.972
0.986
1.0
0.976
0.951
0.927
0.902
0.878
0.853
0.829
0.804
0.78
0.755
0.731
0.706
0.682
0.657
0.633
0.608
0.584
0.559
0.535
0.51
0.486
0.461
0.437
0.412
0.388
0.363
0.339
0.314
0.29
0.265
0.241
0.216
0.192
0.167
0.143
0.164
0.185
0.206
0.226
0.247
0.268
0.289
0.31
0.331
0.352
0.373
0.394
0.415
0.436
0.456
0.477
0.498
0.519
0.54
0.561
0.582
0.603
0.624
0.645
0.666
0.686
0.707
0.728
0.749
0.77
0.791
0.812
0.833
0.854
0.875
0.895
0.916
0.937
0.958
0.979
1.0
0.982
0.965
0.947
0.929
0.912
0.894
0.876
0.859
0.841
0.824
0.806
0.788
0.771
0.753
0.735
0.718
0.7
0.682
0.665
0.647
0.629
0.612
0.594
0.576
0.559
0.541
0.524
0.506
0.488
0.471
0.453
0.435
0.418
0.4
0.4
0.4
0.4
0.4
0.4
0.4
0.4
0.4
0.4
0.4
0.4
0.4
0.4
0.4
0.4
0.4
0.4
0.4
0.4
0.4
0.4
0.4
0.4
0.4
0.4
0.4
0.4
0.4
0.4
0.4
0.4
0.4
0.4
0.4
0.4
0.4
0.4
0.4
0.4
0.4
0.4
0.4
0.4
0.4
0.4
0.4
0.4
0.4
0.4
0.4
0.4
0.4
0.4
0.4
0.4
0.4
0.4
0.4
0.4
0.4
0.4
0.426
0.452
0.478
0.504
0.53
0.557
0.583
0.609
0.635
0.661
0.687
0.713
0.739
0.765
0.791
0.817
0.843
0.87
0.896
0.922
0.948
0.974
1.0
1.0
1.0
1.0
1.0
1.0
1.0
1.0
1.0
1.0
1.0
1.0
1.0
1.0
1.0
1.0
1.0
1.0
1.0
1.0
1.0
1.0
1.0
1.0
1.0
1.0
0.98
0.959
0.939
0.918
0.898
0.877
0.857
0.836
0.816
0.795
0.775
0.754
0.734
0.713
0.693
0.673
0.652
0.632
0.611
0.591
0.57
0.55
0.529
0.509
0.488
0.468
0.447
0.427
0.406
0.386
0.365
0.345
0.325
0.304
0.284
0.263
0.243
0.222
0.244
0.267
0.289
0.311
0.333
0.356
0.378
0.4
0.422
0.444
0.467
0.489
0.511
0.533
0.556
0.578
0.6
0.622
0.644
0.667
0.689
0.711
0.733
0.756
0.778
0.8
0.822
0.844
0.867
0.889
0.892
0.895
0.897
0.9
0.903
0.906
0.909
0.912
0.915
0.917
0.92
0.923
0.926
0.929
0.932
0.934
0.937
0.94
0.943
0.946
0.949
0.952
0.954
0.957
0.96
0.963
0.966
0.969
0.972
0.974
0.977
0.98
0.983
0.986
0.989
0.991
0.994
0.997
1.0
0.964
0.927
0.891
0.855
0.818
0.782
0.745
0.709
0.673
0.636
0.6
0.564
0.527
0.491
0.455
0.477
0.5
0.523
0.545
0.568
0.591
0.614
0.636
0.659
0.682
0.705
0.727
0.75
0.773
0.795
0.818
0.82
0.822
0.823
0.825
0.827
0.828
0.83
0.832
0.834
0.835
0.837
0.839
0.84
0.842
0.844
0.846
0.847
0.849
0.851
0.852
0.854
0.856
0.858
0.859
0.861
0.863
0.864
0.866
0.868
0.87
0.871
0.873
0.875
0.877
0.878
0.88
0.882
0.883
0.885
0.887
0.889
0.89
0.892
0.894
0.895
0.897
0.899
0.901
0.902
0.904
0.906
0.907
0.909
0.911
0.913
0.914
0.916
0.918
0.919
0.921
0.923
0.925
0.926
0.928
0.93
0.931
0.933
0.935
0.937
0.938
0.94
0.942
0.943
0.945
0.947
0.949
0.95
0.952
0.954
0.955
0.957
0.959
0.961
0.962
0.964
0.966
0.967
0.969
0.971
0.973
0.974
0.976
0.978
0.979
0.981
0.983
0.985
0.986
0.988
0.99
0.991
0.993
0.995
0.997
0.998
1.0
0.994
0.989
0.983
0.978
0.972
0.967
0.961
0.956
0.95
0.944
0.939
0.933
0.928
0.922
0.917
0.911
0.906
0.9
0.902
0.905
0.907
0.909
0.911
0.914
0.916
0.918
0.92
0.923
0.925
0.927
0.93
0.932
0.934
0.936
0.939
0.941
0.943
0.945
0.948
0.95
0.952
0.955
0.957
0.959
0.961
0.964
0.966
0.968
0.97
0.973
0.975
0.977
0.98
0.982
0.984
0.986
0.989
0.991
0.993
0.995
0.998
1.0
0.99
0.981
0.971
0.962
0.952
0.943
0.933
0.924
0.914
0.905
0.895
0.886
0.876
0.867
0.857
0.857
0.856
0.856
0.855
0.855
0.855
0.854
0.854
0.853
0.853
0.852
0.852
0.852
0.851
0.851
0.85
0.85
0.849
0.849
0.849
0.848
0.848
0.847
0.847
0.847
0.846
0.846
0.845
0.845
0.844
0.844
0.844
0.843
0.843
0.842
0.842
0.841
0.841
0.841
0.84
0.84
0.839
0.839
0.838
0.838
0.838
0.837
0.837
0.836
0.836
0.835
0.835
0.835
0.834
0.834
0.833
0.832
0.831
0.83
0.829
0.828
0.826
0.825
0.824
0.823
0.822
0.821
0.819
0.818
0.817
0.816
0.815
0.814
0.812
0.811
0.81
0.809
0.808
0.807
0.806
0.804
0.803
0.802
0.801
0.8
0.799
0.797
0.796
0.795
0.794
0.793
0.792
0.791
0.789
0.788
0.787
0.786
0.785
0.784
0.782
0.781
0.78
0.779
0.778
0.741
0.704
0.667
0.63
0.593
0.556
0.519
0.481
0.444
0.407
0.37
0.333
0.341
0.348
0.355
0.363
0.37
0.377
0.385
0.392
0.399
0.407
0.414
0.421
0.429
0.436
0.443
0.451
0.458
0.465
0.473
0.48
0.487
0.495
0.502
0.509
0.516
0.524
0.531
0.538
0.546
0.553
0.56
0.568
0.575
0.582
0.59
0.597
0.604
0.612
0.619
0.626
0.634
0.641
0.648
0.656
0.663
0.67
0.678
0.685
0.692
0.7
0.707
0.714
0.722
0.729
0.736
0.744
0.751
0.758
0.766
0.773
0.78
0.788
0.795
0.802
0.81
0.817
0.824
0.832
0.839
0.846
0.853
0.861
0.868
0.875
0.883
0.89
0.897
0.905
0.912
0.919
0.927
0.934
0.941
0.949
0.956
0.963
0.971
0.978
0.985
0.993
1.0
0.996
0.992
0.988
0.984
0.98
0.976
0.972
0.968
0.964
0.96
0.956
0.952
0.948
0.944
0.94
0.937
0.933
0.929
0.925
0.921
0.917
0.913
0.909
0.905
0.901
0.897
0.893
0.889
0.885
0.881
0.877
0.873
0.869
0.865
0.861
0.857
0.853
0.849
0.845
0.841
0.837
0.833
0.833
0.833
0.833
0.833
0.833
0.833
0.833
0.833
0.833
0.833
0.833
0.833
0.833
0.833
0.833
0.833
0.833
0.833
0.833
0.833
0.833
0.833
0.833
0.833
0.833
0.833
0.833
0.833
0.833
0.833
0.833
0.833
0.833
0.833
0.833
0.833
0.833
0.833
0.833
0.833
0.833
0.833
0.833
0.833
0.833
0.832
0.831
0.829
0.828
0.827
0.825
0.824
0.823
0.821
0.82
0.819
0.817
0.816
0.815
0.813
0.812
0.811
0.81
0.808
0.807
0.806
0.804
0.803
0.802
0.8
0.799
0.798
0.796
0.795
0.794
0.792
0.791
0.79
0.788
0.787
0.786
0.784
0.783
0.782
0.78
0.779
0.778
0.776
0.775
0.774
0.772
0.771
0.77
0.769
0.767
0.766
0.765
0.763
0.762
0.761
0.759
0.758
0.757
0.755
0.754
0.753
0.751
0.75
0.749
0.747
0.746
0.745
0.743
0.742
0.741
0.739
0.738
0.737
0.735
0.734
0.733
0.731
0.73
0.729
0.728
0.726
0.725
0.724
0.722
0.721
0.72
0.718
0.717
0.716
0.714
0.726
0.738
0.75
0.762
0.774
0.786
0.798
0.81
0.821
0.833
0.845
0.857
0.869
0.881
0.893
0.905
0.917
0.929
0.94
0.952
0.964
0.976
0.988
1.0
0.912
0.825
0.738
0.65
0.562
0.475
0.388
0.3
0.4
0.436
0.471
0.507
0.543
0.579
0.614
0.65
0.686
0.721
0.757
0.793
0.829
0.864
0.9
0.883
0.866
0.849
0.832
0.814
0.797
0.78
0.763
0.746
0.729
0.712
0.695
0.678
0.661
0.643
0.626
0.609
0.592
0.575
0.558
0.541
0.524
0.507
0.489
0.472
0.455
0.438
0.421
0.404
0.387
0.37
0.353
0.336
0.318
0.301
0.284
0.267
0.25
0.26
0.27
0.28
0.291
0.301
0.311
0.321
0.331
0.341
0.351
0.361
0.372
0.382
0.392
0.402
0.412
0.422
0.432
0.443
0.453
0.463
0.473
0.483
0.493
0.503
0.514
0.524
0.534
0.544
0.554
0.564
0.574
0.584
0.595
0.605
0.615
0.625
0.635
0.645
0.655
0.666
0.676
0.686
0.696
0.706
0.716
0.726
0.736
0.747
0.757
0.767
0.777
0.787
0.797
0.807
0.818
0.828
0.838
0.848
0.858
0.868
0.878
0.889
0.899
0.909
0.919
0.929
0.939
0.949
0.959
0.97
0.98
0.99
1.0
1.0
1.0
1.0
1.0
1.0
1.0
1.0
1.0
1.0
1.0
1.0
1.0
1.0
1.0
1.0
1.0
1.0
1.0
1.0
1.0
1.0
1.0
1.0
1.0
1.0
1.0
1.0
1.0
1.0
1.0
1.0
1.0
1.0
1.0
1.0
1.0
1.0
1.0
1.0
1.0
1.0
1.0
1.0
1.0
1.0
1.0
1.0
1.0
1.0
1.0
1.0
0.996
0.992
0.988
0.985
0.981
0.977
0.973
0.969
0.965
0.961
0.958
0.954
0.95
0.946
0.942
0.938
0.934
0.931
0.927
0.923
0.919
0.915
0.911
0.907
0.903
0.9
0.896
0.892
0.888
0.884
0.88
0.876
0.873
0.869
0.865
0.861
0.857
0.853
0.849
0.846
0.842
0.838
0.834
0.83
0.826
0.822
0.819
0.815
0.811
0.807
0.803
0.799
0.795
0.792
0.788
0.784
0.78
0.776
0.772
0.768
0.764
0.761
0.757
0.753
0.749
0.745
0.741
0.737
0.734
0.73
0.726
0.722
0.718
0.714
0.716
0.718
0.72
0.722
0.724
0.726
0.728
0.729
0.731
0.733
0.735
0.737
0.739
0.741
0.743
0.745
0.746
0.748
0.75
0.752
0.754
0.756
0.758
0.76
0.762
0.763
0.765
0.767
0.769
0.771
0.773
0.775
0.777
0.779
0.781
0.782
0.784
0.786
0.788
0.79
0.792
0.794
0.796
0.798
0.799
0.801
0.803
0.805
0.807
0.809
0.811
0.813
0.815
0.816
0.818
0.82
0.822
0.824
0.826
0.828
0.83
0.832
0.833
0.835
0.837
0.839
0.841
0.843
0.845
0.847
0.849
0.851
0.852
0.854
0.856
0.858
0.86
0.862
0.864
0.866
0.868
0.869
0.871
0.873
0.875
0.877
0.879
0.881
0.883
0.885
0.886
0.888
0.89
0.892
0.894
0.896
0.898
0.9
0.902
0.904
0.905
0.907
0.909
0.911
0.913
0.915
0.917
0.919
0.921
0.922
0.924
0.926
0.928
0.93
0.932
0.934
0.936
0.938
0.939
0.941
0.943
0.945
0.947
0.949
0.951
0.953
0.955
0.956
0.958
0.96
0.962
0.964
0.966
0.968
0.97
0.972
0.974
0.975
0.977
0.979
0.981
0.983
0.985
0.987
0.989
0.991
0.992
0.994
0.996
0.998
1.0
0.981
0.963
0.944
0.926
0.907
0.889
0.87
0.852
0.833
0.815
0.796
0.778
0.759
0.741
0.722
0.704
0.685
0.667
0.648
0.63
0.611
0.593
0.574
0.556
0.537
0.519
0.5
0.481
0.463
0.444
0.426
0.407
0.389
0.37
0.352
0.333
0.375
0.417
0.458
0.5
0.542
0.583
0.625
0.667
0.708
0.75
0.792
0.833
0.842
0.85
0.858
0.867
0.875
0.883
0.892
0.9
0.908
0.917
0.925
0.933
0.942
0.95
0.958
0.967
0.975
0.983
0.992
1.0
1.0
1.0
1.0
1.0
1.0
1.0
1.0
1.0
1.0
1.0
1.0
1.0
1.0
1.0
1.0
1.0
1.0
1.0
1.0
1.0
1.0
1.0
1.0
1.0
1.0
1.0
1.0
1.0
1.0
1.0
1.0
1.0
1.0
1.0
1.0
1.0
1.0
1.0
1.0
1.0
1.0
1.0
1.0
1.0
1.0
1.0
1.0
1.0
1.0
1.0
1.0
1.0
1.0
1.0
1.0
1.0
1.0
1.0
1.0
1.0
1.0
1.0
1.0
1.0
1.0
1.0
1.0
1.0
1.0
1.0
1.0
1.0
1.0
1.0
1.0
1.0
1.0
1.0
1.0
1.0
1.0
1.0
1.0
1.0
1.0
1.0
1.0
1.0
1.0
1.0
1.0
1.0
1.0
1.0
1.0
1.0
1.0
1.0
1.0
1.0
1.0
1.0
1.0
1.0
1.0
1.0
1.0
1.0
1.0
1.0
1.0
0.978
0.956
0.933
0.911
0.889
0.867
0.844
0.822
0.8
0.771
0.743
0.714
0.686
0.657
0.629
0.6
0.571
0.543
0.514
0.486
0.457
0.429
0.4
0.406
0.412
0.417
0.423
0.429
0.435
0.44
0.446
0.452
0.458
0.463
0.469
0.475
0.481
0.486
0.492
0.498
0.504
0.509
0.515
0.521
0.527
0.533
0.538
0.544
0.55
0.556
0.574
0.593
0.611
0.63
0.648
0.667
0.685
0.704
0.722
0.741
0.759
0.778
0.773
0.769
0.764
0.76
0.755
0.75
0.746
0.741
0.737
0.732
0.728
0.723
0.719
0.714
0.709
0.705
0.7
0.696
0.691
0.687
0.682
0.677
0.673
0.668
0.664
0.659
0.655
0.65
0.646
0.641
0.636
0.632
0.627
0.623
0.618
0.614
0.609
0.605
0.6
0.607
0.614
0.621
0.628
0.635
0.642
0.649
0.656
0.663
0.67
0.677
0.684
0.691
0.698
0.705
0.712
0.719
0.726
0.733
0.74
0.747
0.754
0.761
0.768
0.775
0.782
0.789
0.796
0.804
0.811
0.818
0.825
0.832
0.839
0.846
0.853
0.86
0.867
0.874
0.881
0.888
0.895
0.902
0.909
0.916
0.923
0.93
0.937
0.944
0.951
0.958
0.965
0.972
0.979
0.986
0.993
1.0
1.0
1.0
1.0
1.0
1.0
1.0
1.0
1.0
1.0
1.0
0.9
0.8
0.7
0.6
0.5
0.4
0.3
0.2
0.21
0.221
0.231
0.242
0.252
0.263
0.273
0.283
0.294
0.304
0.315
0.325
0.336
0.346
0.356
0.367
0.377
0.388
0.398
0.409
0.419
0.429
0.44
0.45
0.461
0.471
0.482
0.492
0.502
0.513
0.523
0.534
0.544
0.555
0.565
0.576
0.586
0.596
0.607
0.617
0.628
0.638
0.649
0.659
0.669
0.68
0.69
0.701
0.711
0.722
0.732
0.742
0.753
0.763
0.774
0.784
0.795
0.805
0.815
0.826
0.836
0.847
0.857
0.86
0.863
0.865
0.868
0.871
0.873
0.876
0.879
0.881
0.884
0.887
0.889
0.892
0.895
0.898
0.9
0.903
0.906
0.908
0.911
0.914
0.916
0.919
0.922
0.925
0.927
0.93
0.933
0.935
0.938
0.941
0.943
0.946
0.949
0.951
0.954
0.957
0.96
0.962
0.965
0.968
0.97
0.973
0.976
0.978
0.981
0.984
0.987
0.989
0.992
0.995
0.997
1.0
0.989
0.977
0.966
0.954
0.943
0.931
0.92
0.909
0.897
0.886
0.874
0.863
0.851
0.84
0.829
0.817
0.806
0.794
0.783
0.771
0.76
0.749
0.737
0.726
0.714
0.685
0.655
0.626
0.596
0.567
0.537
0.508
0.478
0.449
0.419
0.39
0.36
0.331
0.301
0.272
0.242
0.213
0.183
0.154
0.165
0.176
0.187
0.198
0.209
0.22
0.231
0.242
0.253
0.264
0.275
0.286
0.297
0.308
0.319
0.33
0.341
0.352
0.363
0.374
0.385
0.396
0.407
0.418
0.429
0.44
0.451
0.462
0.473
0.484
0.495
0.505
0.516
0.527
0.538
0.549
0.56
0.571
0.582
0.593
0.604
0.615
0.626
0.637
0.648
0.659
0.67
0.681
0.692
0.703
0.714
0.712
0.71
0.708
0.706
0.704
0.702
0.7
0.698
0.696
0.694
0.692
0.69
0.688
0.687
0.685
0.683
0.681
0.679
0.677
0.675
0.673
0.671
0.669
0.667
0.665
0.663
0.661
0.659
0.657
0.655
0.653
0.651
0.649
0.647
0.645
0.643
0.641
0.639
0.637
0.635
0.633
0.631
0.629
0.627
0.625
0.623
0.621
0.619
0.617
0.615
0.613
0.611
0.609
0.607
0.605
0.603
0.601
0.599
0.597
0.595
0.593
0.591
0.589
0.587
0.585
0.583
0.581
0.579
0.577
0.575
0.573
0.571
0.569
0.567
0.565
0.563
0.562
0.56
0.558
0.556
0.603
0.651
0.698
0.746
0.794
0.841
0.889
0.879
0.87
0.86
0.85
0.841
0.831
0.821
0.812
0.802
0.793
0.783
0.773
0.764
0.754
0.744
0.735
0.725
0.716
0.706
0.696
0.687
0.677
0.667
0.658
0.648
0.639
0.629
0.619
0.61
0.6
0.584
0.568
0.552
0.536
0.52
0.505
0.489
0.473
0.457
0.441
0.425
0.409
0.393
0.377
0.361
0.345
0.33
0.314
0.298
0.282
0.266
0.25
0.281
0.312
0.344
0.375
0.406
0.438
0.469
0.5
0.514
0.529
0.543
0.557
0.571
0.586
0.6
0.614
0.629
0.643
0.657
0.671
0.686
0.7
0.714
0.729
0.743
0.757
0.771
0.786
0.8
0.814
0.829
0.843
0.857
0.871
0.886
0.9
0.914
0.929
0.943
0.957
0.971
0.986
1.0
1.0
1.0
1.0
1.0
1.0
1.0
1.0
1.0
1.0
1.0
1.0
1.0
1.0
1.0
1.0
1.0
1.0
1.0
1.0
1.0
1.0
1.0
1.0
1.0
1.0
1.0
1.0
1.0
0.986
0.971
0.957
0.942
0.928
0.913
0.899
0.885
0.87
0.856
0.841
0.827
0.812
0.798
0.784
0.769
0.755
0.74
0.726
0.712
0.697
0.683
0.668
0.654
0.639
0.625
0.611
0.596
0.582
0.567
0.553
0.538
0.524
0.51
0.495
0.481
0.466
0.452
0.438
0.423
0.409
0.394
0.38
0.365
0.351
0.337
0.322
0.308
0.293
0.279
0.264
0.25
0.5
0.75
0.753
0.756
0.759
0.763
0.766
0.769
0.772
0.775
0.778
0.782
0.785
0.788
0.791
0.794
0.797
0.801
0.804
0.807
0.81
0.813
0.816
0.819
0.823
0.826
0.829
0.832
0.835
0.838
0.842
0.845
0.848
0.851
0.854
0.857
0.86
0.864
0.867
0.87
0.873
0.876
0.879
0.883
0.886
0.889
0.898
0.907
0.917
0.926
0.935
0.944
0.954
0.963
0.972
0.981
0.991
1.0
1.0
1.0
1.0
1.0
1.0
1.0
1.0
1.0
1.0
1.0
1.0
1.0
1.0
1.0
1.0
1.0
1.0
1.0
1.0
1.0
1.0
1.0
1.0
1.0
1.0
1.0
1.0
1.0
1.0
1.0
1.0
1.0
1.0
1.0
1.0
1.0
1.0
1.0
1.0
1.0
1.0
1.0
1.0
1.0
1.0
1.0
1.0
1.0
1.0
1.0
1.0
1.0
1.0
1.0
1.0
1.0
1.0
1.0
1.0
1.0
1.0
1.0
1.0
1.0
1.0
1.0
1.0
1.0
0.833
0.667
0.5
0.495
0.49
0.485
0.48
0.475
0.47
0.465
0.46
0.455
0.45
0.445
0.44
0.435
0.43
0.425
0.42
0.415
0.41
0.405
0.4
0.404
0.408
0.412
0.416
0.42
0.424
0.428
0.432
0.436
0.44
0.444
0.448
0.452
0.456
0.46
0.464
0.468
0.472
0.476
0.48
0.484
0.489
0.493
0.497
0.501
0.505
0.509
0.513
0.517
0.521
0.525
0.529
0.533
0.537
0.541
0.545
0.549
0.553
0.557
0.561
0.565
0.569
0.573
0.577
0.581
0.585
0.589
0.593
0.597
0.601
0.605
0.609
0.613
0.617
0.621
0.625
0.629
0.633
0.637
0.641
0.645
0.649
0.653
0.657
0.661
0.666
0.67
0.674
0.678
0.682
0.686
0.69
0.694
0.698
0.702
0.706
0.71
0.714
0.718
0.722
0.726
0.73
0.734
0.738
0.742
0.746
0.75
0.758
0.767
0.775
0.783
0.792
0.8
0.808
0.817
0.825
0.833
0.842
0.85
0.858
0.867
0.875
0.883
0.892
0.9
0.908
0.917
0.925
0.933
0.942
0.95
0.958
0.967
0.975
0.983
0.992
1.0
0.762
0.524
0.286
0.31
0.333
0.357
0.381
0.405
0.429
0.452
0.476
0.5
0.524
0.548
0.571
0.595
0.619
0.643
0.667
0.69
0.714
0.738
0.762
0.786
0.81
0.833
0.857
0.869
0.881
0.893
0.905
0.917
0.929
0.94
0.952
0.964
0.976
0.988
1.0
0.997
0.994
0.991
0.988
0.985
0.983
0.98
0.977
0.974
0.971
0.968
0.965
0.962
0.959
0.956
0.953
0.951
0.948
0.945
0.942
0.939
0.936
0.933
0.93
0.927
0.924
0.922
0.919
0.916
0.913
0.91
0.907
0.904
0.901
0.898
0.895
0.892
0.89
0.887
0.884
0.881
0.878
0.875
0.868
0.862
0.855
0.848
0.842
0.835
0.828
0.822
0.815
0.808
0.802
0.795
0.788
0.782
0.775
0.768
0.762
0.755
0.749
0.742
0.735
0.729
0.722
0.715
0.709
0.702
0.695
0.689
0.682
0.675
0.669
0.662
0.655
0.649
0.642
0.635
0.629
0.622
0.615
0.62
0.625
0.63
0.634
0.639
0.644
0.649
0.653
0.658
0.663
0.668
0.672
0.677
0.682
0.686
0.691
0.696
0.701
0.705
0.71
0.715
0.72
0.724
0.729
0.734
0.739
0.743
0.748
0.753
0.758
0.762
0.767
0.772
0.776
0.781
0.786
0.791
0.795
0.8
0.805
0.81
0.814
0.819
0.824
0.829
0.833
0.83
0.827
0.824
0.821
0.818
0.815
0.812
0.809
0.806
0.802
0.799
0.796
0.793
0.79
0.787
0.784
0.781
0.778
0.775
0.772
0.769
0.765
0.762
0.759
0.756
0.753
0.75
0.758
0.766
0.774
0.782
0.79
0.798
0.806
0.815
0.823
0.831
0.839
0.847
0.855
0.863
0.871
0.879
0.887
0.895
0.903
0.911
0.919
0.927
0.935
0.944
0.952
0.96
0.968
0.976
0.984
0.992
1.0
0.25
0.375
0.5
0.625
0.75
0.875
1.0
0.98
0.961
0.941
0.922
0.902
0.882
0.863
0.843
0.824
0.804
0.784
0.765
0.745
0.725
0.706
0.686
0.667
0.683
0.698
0.714
0.73
0.746
0.762
0.778
0.794
0.81
0.825
0.841
0.857
0.873
0.889
0.905
0.921
0.937
0.952
0.968
0.984
1.0
0.143
0.164
0.186
0.207
0.229
0.25
0.271
0.293
0.314
0.336
0.357
0.379
0.4
0.421
0.443
0.464
0.486
0.507
0.529
0.55
0.571
0.593
0.614
0.636
0.657
0.679
0.7
0.721
0.743
0.764
0.786
0.807
0.829
0.85
0.871
0.893
0.914
0.936
0.957
0.979
1.0
0.833
0.667
0.5
0.475
0.45
0.425
0.4
0.375
0.35
0.325
0.3
0.275
0.25
0.225
0.2
0.175
0.15
0.125
0.1
0.2
0.3
0.302
0.304
0.306
0.307
0.309
0.311
0.313
0.315
0.317
0.319
0.32
0.322
0.324
0.326
0.328
0.33
0.331
0.333
0.335
0.337
0.339
0.341
0.343
0.344
0.346
0.348
0.35
0.352
0.354
0.356
0.357
0.359
0.361
0.363
0.365
0.367
0.369
0.37
0.372
0.374
0.376
0.378
0.38
0.381
0.383
0.385
0.387
0.389
0.391
0.393
0.394
0.396
0.398
0.4
0.402
0.404
0.406
0.407
0.409
0.411
0.413
0.415
0.417
0.419
0.42
0.422
0.424
0.426
0.428
0.43
0.431
0.433
0.435
0.437
0.439
0.441
0.443
0.444
0.446
0.448
0.45
0.452
0.454
0.456
0.457
0.459
0.461
0.463
0.465
0.467
0.469
0.47
0.472
0.474
0.476
0.478
0.48
0.481
0.483
0.485
0.487
0.489
0.491
0.493
0.494
0.496
0.498
0.5
0.75
0.704
0.657
0.611
0.564
0.518
0.471
0.425
0.379
0.332
0.286
0.313
0.34
0.367
0.395
0.422
0.449
0.476
0.503
0.531
0.558
0.585
0.612
0.639
0.667
0.694
0.721
0.748
0.776
0.803
0.83
0.857
0.854
0.85
0.846
0.843
0.839
0.836
0.832
0.829
0.825
0.821
0.818
0.814
0.811
0.807
0.804
0.8
0.796
0.793
0.789
0.786
0.782
0.779
0.775
0.771
0.768
0.764
0.761
0.757
0.754
0.75
0.75
0.75
0.75
0.75
0.75
0.75
0.75
0.75
0.75
0.75
0.75
0.75
0.75
0.75
0.757
0.765
0.772
0.779
0.787
0.794
0.801
0.809
0.816
0.824
0.831
0.838
0.846
0.853
0.86
0.868
0.875
0.882
0.89
0.897
0.904
0.912
0.919
0.926
0.934
0.941
0.949
0.956
0.963
0.971
0.978
0.985
0.993
1.0
0.987
0.974
0.962
0.949
0.936
0.923
0.91
0.897
0.885
0.872
0.859
0.846
0.833
0.821
0.808
0.795
0.782
0.769
0.756
0.744
0.731
0.718
0.705
0.692
0.679
0.667
0.654
0.641
0.628
0.615
0.602
0.589
0.576
0.563
0.549
0.536
0.523
0.51
0.497
0.483
0.47
0.457
0.444
0.431
0.417
0.404
0.391
0.378
0.365
0.351
0.338
0.325
0.312
0.299
0.285
0.272
0.259
0.246
0.233
0.219
0.206
0.193
0.18
0.167
0.183
0.199
0.216
0.232
0.248
0.265
0.281
0.297
0.314
0.33
0.346
0.363
0.379
0.395
0.412
0.428
0.444
0.461
0.477
0.493
0.51
0.526
0.542
0.559
0.575
0.592
0.608
0.624
0.641
0.657
0.673
0.69
0.706
0.722
0.739
0.755
0.771
0.788
0.804
0.82
0.837
0.853
0.869
0.886
0.902
0.918
0.935
0.951
0.967
0.984
1.0
0.833
0.667
0.5
0.498
0.496
0.494
0.492
0.49
0.488
0.486
0.484
0.482
0.48
0.478
0.476
0.475
0.473
0.471
0.469
0.467
0.465
0.463
0.461
0.459
0.457
0.455
0.453
0.451
0.449
0.447
0.445
0.443
0.441
0.439
0.437
0.435
0.433
0.431
0.429
0.427
0.425
0.424
0.422
0.42
0.418
0.416
0.414
0.412
0.41
0.408
0.406
0.404
0.402
0.4
0.6
0.8
0.792
0.784
0.776
0.768
0.759
0.751
0.743
0.735
0.727
0.719
0.711
0.703
0.695
0.686
0.678
0.67
0.662
0.654
0.646
0.638
0.63
0.622
0.614
0.605
0.597
0.589
0.581
0.573
0.565
0.557
0.549
0.541
0.532
0.524
0.516
0.508
0.5
0.514
0.527
0.541
0.554
0.568
0.581
0.595
0.608
0.622
0.635
0.649
0.662
0.676
0.689
0.703
0.716
0.73
0.743
0.757
0.77
0.784
0.797
0.811
0.824
0.838
0.851
0.865
0.878
0.892
0.905
0.919
0.932
0.946
0.959
0.973
0.986
1.0
0.983
0.967
0.95
0.933
0.917
0.9
0.883
0.867
0.85
0.833
0.83
0.827
0.824
0.821
0.818
0.815
0.812
0.809
0.806
0.802
0.799
0.796
0.793
0.79
0.787
0.784
0.781
0.778
0.775
0.772
0.769
0.765
0.762
0.759
0.756
0.753
0.75
0.752
0.754
0.757
0.759
0.761
0.763
0.765
0.767
0.77
0.772
0.774
0.776
0.778
0.78
0.783
0.785
0.787
0.789
0.791
0.793
0.796
0.798
0.8
0.771
0.743
0.714
0.686
0.657
0.629
0.6
0.571
0.543
0.514
0.486
0.457
0.429
0.4
0.396
0.392
0.389
0.385
0.381
0.377
0.373
0.37
0.366
0.362
0.358
0.354
0.35
0.347
0.343
0.339
0.335
0.331
0.328
0.324
0.32
0.316
0.312
0.309
0.305
0.301
0.297
0.293
0.29
0.286
0.304
0.322
0.341
0.359
0.377
0.396
0.414
0.432
0.451
0.469
0.487
0.505
0.524
0.542
0.56
0.579
0.597
0.615
0.634
0.652
0.67
0.689
0.707
0.725
0.744
0.762
0.78
0.799
0.817
0.835
0.853
0.872
0.89
0.908
0.927
0.945
0.963
0.982
1.0
1.0
1.0
1.0
1.0
1.0
1.0
1.0
1.0
1.0
1.0
1.0
1.0
1.0
1.0
1.0
1.0
1.0
1.0
1.0
1.0
1.0
1.0
1.0
1.0
1.0
1.0
1.0
1.0
1.0
1.0
1.0
1.0
1.0
1.0
1.0
1.0
1.0
1.0
1.0
1.0
1.0
1.0
1.0
1.0
0.982
0.964
0.945
0.927
0.909
0.891
0.873
0.855
0.836
0.818
0.8
0.745
0.69
0.636
0.581
0.526
0.471
0.417
0.362
0.307
0.252
0.198
0.143
0.151
0.159
0.166
0.174
0.182
0.19
0.198
0.206
0.214
0.221
0.229
0.237
0.245
0.253
0.261
0.269
0.277
0.284
0.292
0.3
0.308
0.316
0.324
0.332
0.339
0.347
0.355
0.363
0.371
0.379
0.387
0.394
0.402
0.41
0.418
0.426
0.434
0.442
0.45
0.457
0.465
0.473
0.481
0.489
0.497
0.505
0.512
0.52
0.528
0.536
0.544
0.552
0.56
0.567
0.575
0.583
0.591
0.599
0.607
0.615
0.623
0.63
0.638
0.646
0.654
0.662
0.67
0.678
0.685
0.693
0.701
0.709
0.717
0.725
0.733
0.74
0.748
0.756
0.764
0.772
0.78
0.788
0.796
0.803
0.811
0.819
0.827
0.835
0.843
0.851
0.858
0.866
0.874
0.882
0.89
0.898
0.906
0.913
0.921
0.929
0.937
0.945
0.953
0.961
0.969
0.976
0.984
0.992
1.0
0.981
0.962
0.942
0.923
0.904
0.885
0.865
0.846
0.827
0.808
0.788
0.769
0.75
0.764
0.778
0.792
0.806
0.819
0.833
0.847
0.861
0.875
0.889
0.903
0.917
0.931
0.944
0.958
0.972
0.986
1.0
0.973
0.946
0.92
0.893
0.866
0.839
0.812
0.786
0.759
0.732
0.705
0.679
0.652
0.625
0.598
0.571
0.563
0.556
0.548
0.54
0.532
0.524
0.516
0.508
0.5
0.509
0.517
0.526
0.534
0.543
0.552
0.56
0.569
0.578
0.586
0.595
0.603
0.612
0.621
0.629
0.638
0.647
0.655
0.664
0.672
0.681
0.69
0.698
0.707
0.716
0.724
0.733
0.741
0.75
0.759
0.767
0.776
0.784
0.793
0.802
0.81
0.819
0.828
0.836
0.845
0.853
0.862
0.871
0.879
0.888
0.897
0.905
0.914
0.922
0.931
0.94
0.948
0.957
0.966
0.974
0.983
0.991
1.0
1.0
1.0
1.0
1.0
1.0
1.0
1.0
1.0
1.0
1.0
1.0
1.0
1.0
1.0
1.0
1.0
1.0
1.0
1.0
1.0
1.0
1.0
1.0
1.0
1.0
1.0
1.0
1.0
1.0
1.0
1.0
1.0
1.0
1.0
1.0
1.0
1.0
1.0
1.0
1.0
1.0
1.0
1.0
1.0
1.0
1.0
1.0
1.0
1.0
1.0
1.0
1.0
1.0
1.0
1.0
1.0
1.0
1.0
1.0
1.0
1.0
1.0
1.0
1.0
1.0
1.0
1.0
1.0
1.0
1.0
1.0
1.0
1.0
1.0
1.0
1.0
1.0
1.0
1.0
1.0
1.0
1.0
1.0
1.0
1.0
1.0
1.0
1.0
1.0
1.0
1.0
1.0
1.0
1.0
1.0
1.0
1.0
1.0
0.992
0.983
0.975
0.966
0.958
0.95
0.941
0.933
0.924
0.916
0.908
0.899
0.891
0.882
0.874
0.866
0.857
0.849
0.84
0.832
0.824
0.815
0.807
0.798
0.79
0.782
0.773
0.765
0.756
0.748
0.739
0.731
0.723
0.714
0.706
0.697
0.689
0.681
0.672
0.664
0.655
0.647
0.639
0.63
0.622
0.613
0.605
0.597
0.588
0.58
0.571
0.575
0.579
0.583
0.587
0.591
0.595
0.599
0.603
0.607
0.611
0.615
0.619
0.623
0.627
0.631
0.635
0.639
0.643
0.647
0.651
0.655
0.659
0.663
0.667
0.671
0.675
0.679
0.683
0.687
0.69
0.694
0.698
0.702
0.706
0.71
0.714
0.718
0.722
0.726
0.73
0.734
0.738
0.742
0.746
0.75
0.754
0.758
0.762
0.766
0.77
0.774
0.778
0.782
0.786
0.79
0.794
0.798
0.802
0.806
0.81
0.813
0.817
0.821
0.825
0.829
0.833
0.837
0.841
0.845
0.849
0.853
0.857
0.861
0.865
0.869
0.873
0.877
0.881
0.885
0.889
0.893
0.897
0.901
0.905
0.909
0.913
0.917
0.921
0.925
0.929
0.933
0.937
0.94
0.944
0.948
0.952
0.956
0.96
0.964
0.968
0.972
0.976
0.98
0.984
0.988
0.992
0.996
1.0
0.143
0.164
0.186
0.207
0.229
0.25
0.271
0.293
0.314
0.336
0.357
0.379
0.4
0.421
0.443
0.464
0.486
0.507
0.529
0.55
0.571
0.593
0.614
0.636
0.657
0.679
0.7
0.721
0.743
0.764
0.786
0.807
0.829
0.85
0.871
0.893
0.914
0.936
0.957
0.979
1.0
0.996
0.992
0.989
0.985
0.981
0.977
0.973
0.97
0.966
0.962
0.958
0.955
0.951
0.947
0.943
0.939
0.936
0.932
0.928
0.924
0.92
0.917
0.913
0.909
0.905
0.902
0.898
0.894
0.89
0.886
0.883
0.879
0.875
0.871
0.867
0.864
0.86
0.856
0.852
0.848
0.845
0.841
0.837
0.833
0.83
0.826
0.822
0.818
0.814
0.811
0.807
0.803
0.799
0.795
0.792
0.788
0.784
0.78
0.777
0.773
0.769
0.765
0.761
0.758
0.754
0.75
0.728
0.706
0.684
0.662
0.64
0.618
0.596
0.574
0.552
0.53
0.508
0.486
0.464
0.442
0.42
0.398
0.376
0.354
0.332
0.31
0.288
0.266
0.244
0.222
0.2
0.4
0.6
0.613
0.626
0.639
0.652
0.665
0.677
0.69
0.703
0.716
0.729
0.742
0.755
0.768
0.781
0.794
0.806
0.819
0.832
0.845
0.858
0.871
0.884
0.897
0.91
0.923
0.935
0.948
0.961
0.974
0.987
1.0
0.975
0.95
0.925
0.9
0.875
0.85
0.825
0.8
0.775
0.75
0.723
0.696
0.669
0.642
0.615
0.588
0.562
0.535
0.508
0.481
0.454
0.427
0.4
0.423
0.447
0.47
0.493
0.517
0.54
0.563
0.587
0.61
0.633
0.657
0.68
0.703
0.727
0.75
0.74
0.73
0.72
0.711
0.701
0.691
0.681
0.671
0.661
0.651
0.642
0.632
0.622
0.612
0.602
0.592
0.582
0.573
0.563
0.553
0.543
0.533
0.523
0.513
0.504
0.494
0.484
0.474
0.464
0.454
0.444
0.452
0.46
0.467
0.475
0.483
0.49
0.498
0.506
0.513
0.521
0.529
0.536
0.544
0.551
0.559
0.567
0.574
0.582
0.59
0.597
0.605
0.613
0.62
0.628
0.636
0.643
0.651
0.658
0.666
0.674
0.681
0.689
0.697
0.704
0.712
0.72
0.727
0.735
0.743
0.75
0.758
0.765
0.773
0.781
0.788
0.796
0.804
0.811
0.819
0.827
0.834
0.842
0.85
0.857
0.862
0.867
0.872
0.878
0.883
0.888
0.893
0.898
0.903
0.908
0.913
0.918
0.923
0.929
0.934
0.939
0.944
0.949
0.954
0.959
0.964
0.969
0.974
0.98
0.985
0.99
0.995
1.0
0.967
0.933
0.9
0.867
0.833
0.8
0.745
0.69
0.636
0.581
0.526
0.471
0.417
0.362
0.307
0.252
0.198
0.143
0.166
0.189
0.212
0.236
0.259
0.282
0.305
0.328
0.351
0.375
0.398
0.421
0.444
0.467
0.49
0.514
0.537
0.56
0.583
0.606
0.629
0.653
0.676
0.699
0.722
0.745
0.768
0.792
0.815
0.838
0.861
0.884
0.907
0.931
0.954
0.977
1.0
0.833
0.667
0.5
0.538
0.577
0.615
0.654
0.692
0.731
0.769
0.808
0.846
0.885
0.923
0.962
1.0
0.995
0.99
0.984
0.979
0.974
0.969
0.964
0.958
0.953
0.948
0.943
0.938
0.932
0.927
0.922
0.917
0.912
0.906
0.901
0.896
0.891
0.886
0.881
0.875
0.87
0.865
0.86
0.855
0.849
0.844
0.839
0.834
0.829
0.823
0.818
0.813
0.808
0.803
0.797
0.792
0.787
0.782
0.777
0.771
0.766
0.761
0.756
0.751
0.745
0.74
0.735
0.73
0.725
0.719
0.714
0.709
0.704
0.699
0.694
0.688
0.683
0.678
0.673
0.668
0.662
0.657
0.652
0.647
0.642
0.636
0.631
0.626
0.621
0.616
0.61
0.605
0.6
0.601
0.601
0.602
0.603
0.603
0.604
0.605
0.605
0.606
0.607
0.607
0.608
0.608
0.609
0.61
0.61
0.611
0.612
0.612
0.613
0.614
0.614
0.615
0.616
0.616
0.617
0.618
0.618
0.619
0.62
0.62
0.621
0.622
0.622
0.623
0.624
0.624
0.625
0.625
0.626
0.627
0.627
0.628
0.629
0.629
0.63
0.631
0.631
0.632
0.633
0.633
0.634
0.635
0.635
0.636
0.637
0.637
0.638
0.639
0.639
0.64
0.641
0.641
0.642
0.642
0.643
0.644
0.644
0.645
0.646
0.646
0.647
0.648
0.648
0.649
0.65
0.65
0.651
0.652
0.652
0.653
0.654
0.654
0.655
0.656
0.656
0.657
0.658
0.658
0.659
0.659
0.66
0.661
0.661
0.662
0.663
0.663
0.664
0.665
0.665
0.666
0.667
0.69
0.714
0.738
0.762
0.786
0.81
0.833
0.857
0.881
0.905
0.929
0.952
0.976
1.0
0.996
0.991
0.987
0.982
0.978
0.973
0.969
0.964
0.96
0.956
0.951
0.947
0.942
0.938
0.933
0.929
0.924
0.92
0.916
0.911
0.907
0.902
0.898
0.893
0.889
0.884
0.88
0.876
0.871
0.867
0.862
0.858
0.853
0.849
0.844
0.84
0.836
0.831
0.827
0.822
0.818
0.813
0.809
0.804
0.8
0.774
0.748
0.722
0.696
0.67
0.643
0.617
0.591
0.565
0.539
0.513
0.487
0.461
0.435
0.409
0.383
0.357
0.33
0.304
0.278
0.252
0.226
0.2
0.26
0.32
0.38
0.44
0.5
0.504
0.508
0.513
0.517
0.521
0.525
0.53
0.534
0.538
0.542
0.547
0.551
0.555
0.559
0.564
0.568
0.572
0.576
0.581
0.585
0.589
0.593
0.597
0.602
0.606
0.61
0.614
0.619
0.623
0.627
0.631
0.636
0.64
0.644
0.648
0.653
0.657
0.661
0.665
0.669
0.674
0.678
0.682
0.686
0.691
0.695
0.699
0.703
0.708
0.712
0.716
0.72
0.725
0.729
0.733
0.737
0.742
0.746
0.75
0.754
0.758
0.763
0.767
0.771
0.775
0.78
0.784
0.788
0.792
0.797
0.801
0.805
0.809
0.814
0.818
0.822
0.826
0.831
0.835
0.839
0.843
0.847
0.852
0.856
0.86
0.864
0.869
0.873
0.877
0.881
0.886
0.89
0.894
0.898
0.903
0.907
0.911
0.915
0.919
0.924
0.928
0.932
0.936
0.941
0.945
0.949
0.953
0.958
0.962
0.966
0.97
0.975
0.979
0.983
0.987
0.992
0.996
1.0
0.833
0.667
0.5
0.518
0.536
0.554
0.571
0.589
0.607
0.625
0.643
0.661
0.679
0.696
0.714
0.732
0.75
0.768
0.786
0.804
0.821
0.839
0.857
0.875
0.893
0.911
0.929
0.946
0.964
0.982
1.0
0.938
0.875
0.812
0.75
0.688
0.625
0.562
0.5
0.516
0.531
0.547
0.562
0.578
0.594
0.609
0.625
0.641
0.656
0.672
0.688
0.703
0.719
0.734
0.75
0.763
0.776
0.789
0.803
0.816
0.829
0.842
0.855
0.868
0.882
0.895
0.908
0.921
0.934
0.947
0.961
0.974
0.987
1.0
0.143
0.164
0.186
0.207
0.229
0.25
0.271
0.293
0.314
0.336
0.357
0.379
0.4
0.421
0.443
0.464
0.486
0.507
0.529
0.55
0.571
0.593
0.614
0.636
0.657
0.679
0.7
0.721
0.743
0.764
0.786
0.807
0.829
0.85
0.871
0.893
0.914
0.936
0.957
0.979
1.0
0.833
0.667
0.5
0.473
0.446
0.42
0.393
0.366
0.339
0.312
0.286
0.357
0.429
0.5
0.571
0.643
0.714
0.786
0.857
0.838
0.819
0.8
0.781
0.762
0.743
0.724
0.705
0.686
0.667
0.648
0.629
0.61
0.59
0.571
0.552
0.533
0.514
0.495
0.476
0.457
0.438
0.419
0.4
0.381
0.362
0.343
0.324
0.305
0.286
0.306
0.327
0.347
0.367
0.388
0.408
0.429
0.449
0.469
0.49
0.51
0.531
0.551
0.571
0.592
0.612
0.633
0.653
0.673
0.694
0.714
0.735
0.755
0.776
0.796
0.816
0.837
0.857
0.878
0.898
0.918
0.939
0.959
0.98
1.0
1.0
1.0
1.0
1.0
1.0
1.0
1.0
1.0
1.0
1.0
1.0
1.0
1.0
1.0
1.0
1.0
1.0
1.0
1.0
1.0
1.0
0.988
0.976
0.964
0.952
0.94
0.929
0.917
0.905
0.893
0.881
0.869
0.857
0.845
0.833
0.821
0.81
0.798
0.786
0.774
0.762
0.75
0.738
0.726
0.714
0.702
0.69
0.679
0.667
0.655
0.643
0.631
0.619
0.607
0.595
0.583
0.571
0.56
0.548
0.536
0.524
0.512
0.5
0.75
0.75
0.75
0.75
0.75
0.75
0.75
0.75
0.75
0.75
0.75
0.75
0.75
0.75
0.75
0.75
0.75
0.75
0.75
0.75
0.75
0.75
0.75
0.75
0.75
0.75
0.75
0.75
0.75
0.75
0.75
0.75
0.75
0.75
0.75
0.75
0.75
0.75
0.75
0.75
0.75
0.75
0.75
0.75
0.75
0.732
0.714
0.696
0.678
0.66
0.642
0.624
0.606
0.588
0.569
0.551
0.533
0.515
0.497
0.479
0.461
0.443
0.425
0.407
0.389
0.371
0.353
0.335
0.317
0.299
0.281
0.262
0.244
0.226
0.208
0.19
0.172
0.154
0.136
0.118
0.1
0.2
0.3
0.31
0.32
0.33
0.341
0.351
0.361
0.371
0.381
0.391
0.401
0.412
0.422
0.432
0.442
0.452
0.462
0.472
0.483
0.493
0.503
0.513
0.523
0.533
0.543
0.554
0.564
0.574
0.584
0.594
0.604
0.614
0.625
0.635
0.645
0.655
0.665
0.675
0.686
0.696
0.706
0.716
0.726
0.736
0.746
0.757
0.767
0.777
0.787
0.797
0.807
0.817
0.828
0.838
0.848
0.858
0.868
0.878
0.888
0.899
0.909
0.919
0.929
0.939
0.949
0.959
0.97
0.98
0.99
1.0
0.983
0.967
0.95
0.933
0.917
0.9
0.883
0.867
0.85
0.833
0.83
0.827
0.824
0.821
0.818
0.815
0.812
0.809
0.806
0.802
0.799
0.796
0.793
0.79
0.787
0.784
0.781
0.778
0.775
0.772
0.769
0.765
0.762
0.759
0.756
0.753
0.75
0.737
0.724
0.711
0.697
0.684
0.671
0.658
0.645
0.632
0.618
0.605
0.592
0.579
0.566
0.553
0.539
0.526
0.513
0.5
0.518
0.536
0.554
0.571
0.589
0.607
0.625
0.643
0.661
0.679
0.696
0.714
0.732
0.75
0.758
0.766
0.773
0.781
0.789
0.797
0.805
0.812
0.82
0.828
0.836
0.844
0.852
0.859
0.867
0.875
0.883
0.891
0.898
0.906
0.914
0.922
0.93
0.938
0.945
0.953
0.961
0.969
0.977
0.984
0.992
1.0
0.944
0.889
0.833
0.778
0.722
0.667
0.611
0.556
0.5
0.444
0.472
0.5
0.528
0.556
0.583
0.611
0.639
0.667
0.694
0.722
0.75
0.778
0.806
0.833
0.861
0.889
0.896
0.903
0.91
0.917
0.924
0.931
0.938
0.944
0.951
0.958
0.965
0.972
0.979
0.986
0.993
1.0
0.833
0.667
0.5
0.528
0.556
0.583
0.611
0.639
0.667
0.694
0.722
0.75
0.778
0.806
0.833
0.861
0.889
0.917
0.944
0.972
1.0
0.143
0.164
0.186
0.207
0.229
0.25
0.271
0.293
0.314
0.336
0.357
0.379
0.4
0.421
0.443
0.464
0.486
0.507
0.529
0.55
0.571
0.593
0.614
0.636
0.657
0.679
0.7
0.721
0.743
0.764
0.786
0.807
0.829
0.85
0.871
0.893
0.914
0.936
0.957
0.979
1.0
0.996
0.992
0.989
0.985
0.981
0.977
0.974
0.97
0.966
0.962
0.958
0.955
0.951
0.947
0.943
0.94
0.936
0.932
0.928
0.925
0.921
0.917
0.913
0.909
0.906
0.902
0.898
0.894
0.891
0.887
0.883
0.879
0.875
0.872
0.868
0.864
0.86
0.857
0.853
0.849
0.845
0.842
0.838
0.834
0.83
0.826
0.823
0.819
0.815
0.811
0.808
0.804
0.8
0.794
0.789
0.783
0.777
0.771
0.766
0.76
0.754
0.748
0.743
0.737
0.731
0.725
0.72
0.714
0.708
0.702
0.697
0.691
0.685
0.679
0.674
0.668
0.662
0.656
0.651
0.645
0.639
0.633
0.628
0.622
0.616
0.611
0.605
0.599
0.593
0.588
0.582
0.576
0.57
0.565
0.559
0.553
0.547
0.542
0.536
0.53
0.524
0.519
0.513
0.507
0.501
0.496
0.49
0.484
0.478
0.473
0.467
0.461
0.456
0.45
0.444
0.438
0.433
0.427
0.421
0.415
0.41
0.404
0.398
0.392
0.387
0.381
0.375
0.369
0.364
0.37
0.376
0.382
0.388
0.394
0.4
0.406
0.412
0.418
0.424
0.43
0.436
0.442
0.448
0.454
0.46
0.466
0.472
0.478
0.484
0.49
0.496
0.502
0.509
0.515
0.521
0.527
0.533
0.539
0.545
0.551
0.557
0.563
0.569
0.575
0.581
0.587
0.593
0.599
0.605
0.611
0.617
0.623
0.629
0.635
0.641
0.647
0.653
0.659
0.665
0.672
0.678
0.684
0.69
0.696
0.702
0.708
0.714
0.72
0.726
0.732
0.738
0.744
0.75
0.746
0.743
0.74
0.736
0.732
0.729
0.726
0.722
0.718
0.715
0.712
0.708
0.704
0.701
0.698
0.694
0.69
0.687
0.684
0.68
0.676
0.673
0.67
0.666
0.662
0.659
0.656
0.652
0.648
0.645
0.642
0.638
0.635
0.631
0.628
0.624
0.62
0.617
0.614
0.61
0.606
0.603
0.6
0.596
0.592
0.589
0.586
0.582
0.578
0.575
0.572
0.568
0.564
0.561
0.558
0.554
0.55
0.547
0.544
0.54
0.536
0.533
0.53
0.526
0.522
0.519
0.516
0.512
0.509
0.505
0.502
0.498
0.495
0.491
0.488
0.484
0.481
0.477
0.474
0.47
0.466
0.463
0.46
0.456
0.452
0.449
0.446
0.442
0.439
0.435
0.432
0.428
0.425
0.421
0.418
0.414
0.411
0.407
0.404
0.4
0.411
0.422
0.432
0.443
0.454
0.465
0.476
0.487
0.498
0.508
0.519
0.53
0.541
0.552
0.562
0.573
0.584
0.595
0.606
0.617
0.628
0.638
0.649
0.66
0.671
0.682
0.692
0.703
0.714
0.725
0.736
0.747
0.758
0.768
0.779
0.79
0.801
0.812
0.822
0.833
0.836
0.839
0.842
0.844
0.847
0.85
0.852
0.855
0.858
0.861
0.863
0.866
0.869
0.872
0.874
0.877
0.88
0.883
0.885
0.888
0.891
0.893
0.896
0.899
0.902
0.904
0.907
0.91
0.913
0.915
0.918
0.921
0.923
0.926
0.929
0.932
0.934
0.937
0.94
0.943
0.945
0.948
0.951
0.954
0.956
0.959
0.962
0.964
0.967
0.97
0.973
0.975
0.978
0.981
0.984
0.986
0.989
0.992
0.995
0.997
1.0
0.833
0.667
0.5
0.51
0.521
0.531
0.542
0.552
0.562
0.573
0.583
0.594
0.604
0.615
0.625
0.635
0.646
0.656
0.667
0.677
0.688
0.698
0.708
0.719
0.729
0.74
0.75
0.76
0.771
0.781
0.792
0.802
0.812
0.823
0.833
0.844
0.854
0.865
0.875
0.885
0.896
0.906
0.917
0.927
0.938
0.948
0.958
0.969
0.979
0.99
1.0
0.987
0.973
0.96
0.947
0.933
0.92
0.907
0.893
0.88
0.867
0.853
0.84
0.827
0.813
0.8
0.745
0.69
0.636
0.581
0.526
0.471
0.417
0.362
0.307
0.252
0.198
0.143
0.159
0.175
0.191
0.208
0.224
0.24
0.256
0.272
0.288
0.305
0.321
0.337
0.353
0.369
0.385
0.402
0.418
0.434
0.45
0.466
0.482
0.499
0.515
0.531
0.547
0.563
0.58
0.596
0.612
0.628
0.644
0.66
0.677
0.693
0.709
0.725
0.741
0.757
0.774
0.79
0.806
0.822
0.838
0.854
0.871
0.887
0.903
0.919
0.935
0.951
0.968
0.984
1.0
1.0
1.0
1.0
1.0
1.0
1.0
1.0
1.0
1.0
1.0
1.0
1.0
1.0
1.0
1.0
1.0
1.0
1.0
1.0
1.0
1.0
1.0
0.969
0.938
0.908
0.877
0.846
0.815
0.785
0.754
0.723
0.692
0.662
0.631
0.6
0.603
0.606
0.61
0.613
0.616
0.619
0.622
0.626
0.629
0.632
0.635
0.638
0.641
0.645
0.648
0.651
0.654
0.657
0.661
0.664
0.667
0.67
0.673
0.677
0.68
0.683
0.686
0.689
0.693
0.696
0.699
0.702
0.705
0.709
0.712
0.715
0.718
0.721
0.724
0.728
0.731
0.734
0.737
0.74
0.744
0.747
0.75
0.755
0.76
0.765
0.77
0.775
0.78
0.785
0.79
0.795
0.8
0.805
0.81
0.815
0.82
0.825
0.83
0.835
0.84
0.845
0.85
0.855
0.86
0.865
0.87
0.875
0.88
0.885
0.89
0.895
0.9
0.905
0.91
0.915
0.92
0.925
0.93
0.935
0.94
0.945
0.95
0.955
0.96
0.965
0.97
0.975
0.98
0.985
0.99
0.995
1.0
0.996
0.993
0.989
0.986
0.982
0.979
0.975
0.972
0.968
0.965
0.961
0.957
0.954
0.95
0.947
0.943
0.94
0.936
0.933
0.929
0.926
0.922
0.918
0.915
0.911
0.908
0.904
0.901
0.897
0.894
0.89
0.887
0.883
0.879
0.876
0.872
0.869
0.865
0.862
0.858
0.855
0.851
0.848
0.844
0.84
0.837
0.833
0.815
0.797
0.779
0.762
0.744
0.726
0.708
0.69
0.672
0.654
0.636
0.618
0.6
0.633
0.667
0.7
0.733
0.767
0.8
0.833
0.867
0.9
0.933
0.967
1.0
0.995
0.991
0.986
0.982
0.977
0.973
0.968
0.964
0.959
0.955
0.95
0.946
0.941
0.937
0.932
0.928
0.923
0.919
0.914
0.91
0.905
0.901
0.896
0.892
0.887
0.883
0.878
0.874
0.869
0.865
0.86
0.856
0.851
0.847
0.842
0.838
0.833
0.835
0.837
0.838
0.84
0.842
0.843
0.845
0.847
0.848
0.85
0.852
0.853
0.855
0.857
0.858
0.86
0.862
0.863
0.865
0.867
0.868
0.87
0.872
0.873
0.875
0.877
0.878
0.88
0.882
0.883
0.885
0.887
0.888
0.89
0.892
0.893
0.895
0.897
0.898
0.9
0.902
0.903
0.905
0.907
0.908
0.91
0.912
0.913
0.915
0.917
0.918
0.92
0.922
0.923
0.925
0.927
0.928
0.93
0.932
0.933
0.935
0.937
0.938
0.94
0.942
0.943
0.945
0.947
0.948
0.95
0.952
0.953
0.955
0.957
0.958
0.96
0.962
0.963
0.965
0.967
0.968
0.97
0.972
0.973
0.975
0.977
0.978
0.98
0.982
0.983
0.985
0.987
0.988
0.99
0.992
0.993
0.995
0.997
0.998
1.0
0.985
0.971
0.956
0.941
0.926
0.912
0.897
0.882
0.868
0.853
0.838
0.824
0.809
0.794
0.779
0.765
0.75
0.735
0.721
0.706
0.691
0.676
0.662
0.647
0.632
0.618
0.603
0.588
0.574
0.559
0.544
0.529
0.515
0.5
0.5
0.5
0.5
0.5
0.5
