0.0
0.005
0.011
0.016
0.022
0.027
0.033
0.038
0.043
0.049
0.054
0.06
0.065
0.071
0.076
0.082
0.087
0.092
0.098
0.103
0.109
0.114
0.12
0.125
0.13
0.136
0.141
0.147
0.152
0.158
0.163
0.168
0.174
0.179
0.185
0.19
0.196
0.201
0.207
0.212
0.217
0.223
0.228
0.234
0.239
0.245
0.25
0.255
0.261
0.266
0.272
0.277
0.283
0.288
0.293
0.299
0.304
0.31
0.315
0.321
0.326
0.332
0.337
0.342
0.348
0.353
0.359
0.364
0.37
0.375
0.375
0.374
0.374
0.374
0.373
0.373
0.373
0.372
0.372
0.371
0.371
0.371
0.37
0.37
0.37
0.369
0.369
0.369
0.368
0.368
0.368
0.367
0.367
0.366
0.366
0.366
0.365
0.365
0.365
0.364
0.364
0.364
0.363
0.363
0.363
0.362
0.362
0.361
0.361
0.361
0.36
0.36
0.36
0.359
0.359
0.359
0.358
0.358
0.358
0.357
0.357
0.356
0.356
0.356
0.355
0.355
0.355
0.354
0.354
0.354
0.353
0.353
0.353
0.352
0.352
0.351
0.351
0.351
0.35
0.35
0.35
0.349
0.349
0.349
0.348
0.348
0.348
0.347
0.347
0.347
0.346
0.346
0.345
0.345
0.345
0.344
0.344
0.344
0.343
0.343
0.343
0.342
0.342
0.342
0.341
0.341
0.34
0.34
0.34
0.339
0.339
0.339
0.338
0.338
0.338
0.337
0.337
0.337
0.336
0.336
0.335
0.335
0.335
0.334
0.334
0.334
0.333
0.331
0.329
0.326
0.324
0.322
0.319
0.317
0.315
0.312
0.31
0.308
0.306
0.303
0.301
0.299
0.296
0.294
0.292
0.289
0.287
0.285
0.282
0.28
0.278
0.275
0.273
0.271
0.269
0.266
0.264
0.262
0.259
0.257
0.255
0.252
0.25
0.248
0.245
0.243
0.241
0.238
0.236
0.234
0.231
0.229
0.227
0.225
0.222
0.228
0.234
0.24
0.247
0.253
0.259
0.265
0.271
0.277
0.283
0.289
0.295
0.301
0.307
0.313
0.32
0.326
0.332
0.338
0.344
0.35
0.356
0.362
0.368
0.374
0.38
0.386
0.393
0.399
0.405
0.411
0.417
0.423
0.429
0.435
0.441
0.447
0.453
0.459
0.465
0.472
0.478
0.484
0.49
0.496
0.502
0.508
0.514
0.52
0.526
0.532
0.538
0.545
0.551
0.557
0.563
0.569
0.575
0.581
0.587
0.593
0.599
0.605
0.611
0.618
0.624
0.63
0.636
0.642
0.648
0.654
0.66
0.666
0.672
0.678
0.684
0.691
0.697
0.703
0.709
0.715
0.721
0.727
0.733
0.739
0.745
0.751
0.757
0.764
0.77
0.776
0.782
0.788
0.794
0.8
0.794
0.788
0.782
0.776
0.77
0.764
0.758
0.752
0.746
0.74
0.734
0.728
0.722
0.716
0.71
0.704
0.698
0.692
0.686
0.68
0.674
0.668
0.662
0.656
0.65
0.644
0.638
0.632
0.626
0.62
0.614
0.608
0.602
0.596
0.59
0.584
0.578
0.572
0.566
0.56
0.554
0.548
0.542
0.536
0.53
0.524
0.518
0.512
0.506
0.5
0.499
0.497
0.496
0.494
0.493
0.492
0.49
0.489
0.488
0.486
0.485
0.483
0.482
0.481
0.479
0.478
0.476
0.475
0.474
0.472
0.471
0.469
0.468
0.467
0.465
0.464
0.462
0.461
0.46
0.458
0.457
0.456
0.454
0.453
0.451
0.45
0.449
0.447
0.446
0.444
0.443
0.442
0.44
0.439
0.438
0.436
0.435
0.433
0.432
0.431
0.429
0.428
0.426
0.425
0.424
0.422
0.421
0.419
0.418
0.417
0.415
0.414
0.412
0.411
0.41
0.408
0.407
0.406
0.404
0.403
0.401
0.4
0.399
0.397
0.396
0.394
0.393
0.392
0.39
0.389
0.388
0.386
0.385
0.383
0.382
0.381
0.379
0.378
0.376
0.375
0.374
0.372
0.371
0.369
0.368
0.367
0.365
0.364
0.362
0.361
0.36
0.358
0.357
0.356
0.354
0.353
0.351
0.35
0.349
0.347
0.346
0.344
0.343
0.342
0.34
0.339
0.338
0.336
0.335
0.333
0.332
0.331
0.329
0.328
0.326
0.325
0.324
0.322
0.321
0.319
0.318
0.317
0.315
0.314
0.312
0.311
0.31
0.308
0.307
0.306
0.304
0.303
0.301
0.3
0.299
0.297
0.296
0.294
0.293
0.292
0.29
0.289
0.288
0.286
0.285
0.283
0.282
0.281
0.279
0.278
0.276
0.275
0.274
0.272
0.271
0.269
0.268
0.267
0.265
0.264
0.262
0.261
0.26
0.258
0.257
0.256
0.254
0.253
0.251
0.25
0.249
0.247
0.246
0.244
0.243
0.242
0.24
0.239
0.238
0.236
0.235
0.233
0.232
0.231
0.229
0.228
0.226
0.225
0.224
0.222
0.221
0.219
0.218
0.217
0.215
0.214
0.212
0.211
0.21
0.208
0.207
0.206
0.204
0.203
0.201
0.2
0.218
0.236
0.253
0.271
0.289
0.307
0.324
0.342
0.36
0.378
0.396
0.413
0.431
0.449
0.467
0.484
0.502
0.52
0.538
0.556
0.573
0.591
0.609
0.627
0.644
0.662
0.68
0.698
0.716
0.733
0.751
0.769
0.787
0.804
0.822
0.84
0.858
0.876
0.893
0.911
0.929
0.947
0.964
0.982
1.0
1.0
1.0
1.0
1.0
1.0
1.0
1.0
1.0
1.0
1.0
1.0
1.0
1.0
1.0
1.0
1.0
1.0
1.0
1.0
1.0
1.0
1.0
1.0
1.0
1.0
1.0
1.0
1.0
1.0
1.0
1.0
1.0
1.0
1.0
1.0
1.0
1.0
1.0
1.0
1.0
0.992
0.983
0.975
0.966
0.958
0.949
0.941
0.932
0.924
0.915
0.907
0.899
0.89
0.882
0.873
0.865
0.856
0.848
0.839
0.831
0.822
0.814
0.805
0.797
0.789
0.78
0.772
0.763
0.755
0.746
0.738
0.729
0.721
0.712
0.704
0.696
0.687
0.679
0.67
0.662
0.653
0.645
0.636
0.636
0.635
0.635
0.634
0.634
0.634
0.633
0.633
0.632
0.632
0.631
0.631
0.63
0.63
0.629
0.629
0.628
0.628
0.627
0.627
0.626
0.626
0.626
0.625
0.625
0.624
0.624
0.623
0.623
0.622
0.622
0.621
0.621
0.62
0.62
0.619
0.619
0.618
0.618
0.617
0.617
0.617
0.616
0.616
0.615
0.615
0.614
0.614
0.613
0.613
0.612
0.612
0.611
0.611
0.61
0.61
0.609
0.609
0.609
0.608
0.608
0.607
0.607
0.606
0.606
0.605
0.605
0.604
0.604
0.603
0.603
0.602
0.602
0.601
0.601
0.6
0.6
0.599
0.598
0.597
0.596
0.594
0.593
0.592
0.591
0.59
0.589
0.588
0.587
0.586
0.584
0.583
0.582
0.581
0.58
0.579
0.578
0.577
0.576
0.574
0.573
0.572
0.571
0.57
0.569
0.568
0.567
0.566
0.564
0.563
0.562
0.561
0.56
0.559
0.558
0.557
0.556
0.548
0.541
0.533
0.525
0.518
0.51
0.503
0.495
0.488
0.48
0.473
0.465
0.458
0.45
0.443
0.435
0.428
0.42
0.413
0.405
0.398
0.39
0.383
0.375
0.382
0.39
0.397
0.404
0.412
0.419
0.426
0.434
0.441
0.449
0.456
0.463
0.471
0.478
0.485
0.493
0.5
0.507
0.515
0.522
0.529
0.537
0.544
0.551
0.559
0.566
0.574
0.581
0.588
0.596
0.603
0.61
0.618
0.625
0.632
0.64
0.647
0.654
0.662
0.669
0.676
0.684
0.691
0.699
0.706
0.713
0.721
0.728
0.735
0.743
0.75
0.738
0.725
0.712
0.7
0.688
0.675
0.662
0.65
0.638
0.625
0.612
0.6
0.588
0.575
0.562
0.55
0.538
0.525
0.512
0.5
0.488
0.475
0.462
0.45
0.438
0.425
0.413
0.4
0.407
0.415
0.422
0.43
0.437
0.444
0.452
0.459
0.467
0.474
0.481
0.489
0.496
0.504
0.511
0.519
0.526
0.533
0.541
0.548
0.556
0.563
0.57
0.578
0.585
0.593
0.6
0.607
0.615
0.622
0.63
0.637
0.644
0.652
0.659
0.667
0.674
0.681
0.689
0.696
0.704
0.711
0.719
0.726
0.733
0.741
0.748
0.756
0.763
0.77
0.778
0.785
0.793
0.8
0.801
0.803
0.804
0.806
0.807
0.809
0.81
0.812
0.813
0.815
0.816
0.818
0.819
0.821
0.822
0.823
0.825
0.826
0.828
0.829
0.831
0.832
0.834
0.835
0.837
0.838
0.84
0.841
0.842
0.844
0.845
0.847
0.848
0.85
0.851
0.853
0.854
0.856
0.857
0.854
0.85
0.846
0.843
0.839
0.835
0.832
0.828
0.825
0.821
0.817
0.814
0.81
0.806
0.803
0.799
0.796
0.792
0.788
0.785
0.781
0.777
0.774
0.77
0.767
0.763
0.759
0.756
0.752
0.748
0.745
0.741
0.738
0.734
0.73
0.727
0.723
0.719
0.716
0.712
0.709
0.705
0.701
0.698
0.694
0.69
0.687
0.683
0.68
0.676
0.672
0.669
0.665
0.661
0.658
0.654
0.651
0.647
0.643
0.64
0.636
0.632
0.629
0.625
0.622
0.618
0.614
0.611
0.607
0.603
0.6
0.596
0.593
0.589
0.585
0.582
0.578
0.574
0.571
0.567
0.564
0.56
0.556
0.553
0.549
0.545
0.542
0.538
0.535
0.531
0.527
0.524
0.52
0.516
0.513
0.509
0.506
0.502
0.498
0.495
0.491
0.487
0.484
0.48
0.477
0.473
0.469
0.466
0.462
0.458
0.455
0.451
0.448
0.444
0.44
0.437
0.433
0.429
0.426
0.422
0.419
0.415
0.411
0.408
0.404
0.4
0.397
0.393
0.39
0.386
0.382
0.379
0.375
0.376
0.377
0.378
0.379
0.38
0.381
0.382
0.383
0.384
0.385
0.386
0.388
0.389
0.39
0.391
0.392
0.393
0.394
0.395
0.396
0.397
0.398
0.399
0.4
0.401
0.402
0.403
0.404
0.405
0.406
0.407
0.408
0.409
0.41
0.412
0.413
0.414
0.415
0.416
0.417
0.418
0.419
0.42
0.421
0.422
0.423
0.424
0.425
0.426
0.427
0.428
0.429
0.43
0.431
0.432
0.433
0.434
0.436
0.437
0.438
0.439
0.44
0.441
0.442
0.443
0.444
0.445
0.446
0.447
0.448
0.449
0.45
0.451
0.452
0.453
0.454
0.455
0.456
0.457
0.458
0.46
0.461
0.462
0.463
0.464
0.465
0.466
0.467
0.468
0.469
0.47
0.471
0.472
0.473
0.474
0.475
0.476
0.477
0.478
0.479
0.48
0.481
0.482
0.484
0.485
0.486
0.487
0.488
0.489
0.49
0.491
0.492
0.493
0.494
0.495
0.496
0.497
0.498
0.499
0.5
0.501
0.502
0.503
0.504
0.505
0.507
0.508
0.509
0.51
0.511
0.512
0.513
0.514
0.515
0.516
0.517
0.518
0.519
0.52
0.521
0.522
0.523
0.524
0.525
0.526
0.527
0.528
0.529
0.531
0.532
0.533
0.534
0.535
0.536
0.537
0.538
0.539
0.54
0.541
0.542
0.543
0.544
0.545
0.546
0.547
0.548
0.549
0.55
0.551
0.552
0.553
0.555
0.556
0.55
0.545
0.54
0.535
0.53
0.525
0.52
0.515
0.51
0.505
0.5
0.495
0.49
0.484
0.479
0.474
0.469
0.464
0.459
0.454
0.449
0.444
0.439
0.434
0.429
0.423
0.418
0.413
0.408
0.403
0.398
0.393
0.388
0.383
0.378
0.373
0.368
0.363
0.357
0.352
0.347
0.342
0.337
0.332
0.327
0.322
0.317
0.312
0.307
0.302
0.297
0.291
0.286
0.281
0.276
0.271
0.266
0.261
0.256
0.251
0.246
0.241
0.236
0.23
0.225
0.22
0.215
0.21
0.205
0.2
0.205
0.209
0.214
0.219
0.224
0.228
0.233
0.238
0.243
0.247
0.252
0.257
0.261
0.266
0.271
0.276
0.28
0.285
0.29
0.295
0.299
0.304
0.309
0.313
0.318
0.323
0.328
0.332
0.337
0.342
0.347
0.351
0.356
0.361
0.365
0.37
0.375
0.38
0.384
0.389
0.394
0.399
0.403
0.408
0.413
0.417
0.422
0.427
0.432
0.436
0.441
0.446
0.45
0.455
0.46
0.465
0.469
0.474
0.479
0.484
0.488
0.493
0.498
0.502
0.507
0.512
0.517
0.521
0.526
0.531
0.536
0.54
0.545
0.55
0.554
0.559
0.564
0.569
0.573
0.578
0.583
0.588
0.592
0.597
0.602
0.606
0.611
0.616
0.621
0.625
0.63
0.635
0.64
0.644
0.649
0.654
0.658
0.663
0.668
0.673
0.677
0.682
0.687
0.692
0.696
0.701
0.706
0.71
0.715
0.72
0.725
0.729
0.734
0.739
0.744
0.748
0.753
0.758
0.762
0.767
0.772
0.777
0.781
0.786
0.791
0.796
0.8
0.805
0.81
0.814
0.819
0.824
0.829
0.833
0.834
0.834
0.834
0.835
0.835
0.835
0.836
0.836
0.836
0.837
0.837
0.837
0.838
0.838
0.838
0.839
0.839
0.839
0.84
0.84
0.84
0.841
0.841
0.841
0.841
0.842
0.842
0.842
0.843
0.843
0.843
0.844
0.844
0.844
0.845
0.845
0.845
0.846
0.846
0.846
0.847
0.847
0.847
0.848
0.848
0.848
0.849
0.849
0.849
0.85
0.85
0.85
0.851
0.851
0.851
0.852
0.852
0.852
0.853
0.853
0.853
0.854
0.854
0.854
0.855
0.855
0.855
0.856
0.856
0.856
0.856
0.857
0.857
0.848
0.838
0.829
0.819
0.81
0.8
0.79
0.781
0.771
0.762
0.752
0.743
0.733
0.724
0.714
0.705
0.695
0.686
0.676
0.667
0.657
0.648
0.638
0.629
0.619
0.61
0.6
0.599
0.599
0.598
0.597
0.597
0.596
0.595
0.595
0.594
0.593
0.593
0.592
0.591
0.591
0.59
0.589
0.589
0.588
0.588
0.587
0.586
0.586
0.585
0.584
0.584
0.583
0.582
0.582
0.581
0.58
0.58
0.579
0.578
0.578
0.577
0.576
0.576
0.575
0.574
0.574
0.573
0.572
0.572
0.571
0.57
0.57
0.569
0.568
0.568
0.567
0.566
0.566
0.565
0.564
0.564
0.563
0.562
0.562
0.561
0.561
0.56
0.559
0.559
0.558
0.557
0.557
0.556
0.555
0.555
0.554
0.553
0.553
0.552
0.551
0.551
0.55
0.549
0.549
0.548
0.547
0.547
0.546
0.545
0.545
0.544
0.543
0.543
0.542
0.541
0.541
0.54
0.539
0.539
0.538
0.538
0.537
0.536
0.536
0.535
0.534
0.534
0.533
0.532
0.532
0.531
0.53
0.53
0.529
0.528
0.528
0.527
0.526
0.526
0.525
0.524
0.524
0.523
0.522
0.522
0.521
0.52
0.52
0.519
0.518
0.518
0.517
0.516
0.516
0.515
0.514
0.514
0.513
0.512
0.512
0.511
0.511
0.51
0.509
0.509
0.508
0.507
0.507
0.506
0.505
0.505
0.504
0.503
0.503
0.502
0.501
0.501
0.5
0.502
0.503
0.505
0.506
0.508
0.509
0.511
0.512
0.514
0.515
0.517
0.518
0.52
0.521
0.523
0.525
0.526
0.528
0.529
0.531
0.532
0.534
0.535
0.537
0.538
0.54
0.541
0.543
0.544
0.546
0.547
0.549
0.551
0.552
0.554
0.555
0.557
0.558
0.56
0.561
0.563
0.564
0.566
0.567
0.569
0.57
0.572
0.574
0.575
0.577
0.578
0.58
0.581
0.583
0.584
0.586
0.587
0.589
0.59
0.592
0.593
0.595
0.597
0.598
0.6
0.601
0.603
0.604
0.606
0.607
0.609
0.61
0.612
0.613
0.615
0.616
0.618
0.62
0.621
0.623
0.624
0.626
0.627
0.629
0.63
0.632
0.633
0.635
0.636
0.635
0.633
0.631
0.629
0.627
0.626
0.624
0.622
0.62
0.619
0.617
0.615
0.613
0.611
0.61
0.608
0.606
0.604
0.603
0.601
0.599
0.597
0.595
0.594
0.592
0.59
0.588
0.587
0.585
0.583
0.581
0.579
0.578
0.576
0.574
0.572
0.571
0.569
0.567
0.565
0.563
0.562
0.56
0.558
0.556
0.555
0.553
0.551
0.549
0.548
0.546
0.544
0.542
0.54
0.539
0.537
0.535
0.533
0.532
0.53
0.528
0.526
0.524
0.523
0.521
0.519
0.517
0.516
0.514
0.512
0.51
0.508
0.507
0.505
0.503
0.501
0.5
0.498
0.496
0.494
0.492
0.491
0.489
0.487
0.485
0.484
0.482
0.48
0.478
0.476
0.475
0.473
0.471
0.469
0.468
0.466
0.464
0.462
0.46
0.459
0.457
0.455
0.453
0.452
0.45
0.448
0.446
0.444
0.443
0.441
0.439
0.437
0.436
0.434
0.432
0.43
0.428
0.427
0.425
0.423
0.421
0.42
0.418
0.416
0.414
0.412
0.411
0.409
0.407
0.405
0.404
0.402
0.4
0.4
0.4
0.4
0.401
0.401
0.401
0.401
0.401
0.401
0.402
0.402
0.402
0.402
0.402
0.402
0.403
0.403
0.403
0.403
0.403
0.403
0.404
0.404
0.404
0.404
0.404
0.404
0.404
0.405
0.405
0.405
0.405
0.405
0.405
0.406
0.406
0.406
0.406
0.406
0.406
0.407
0.407
0.407
0.407
0.407
0.407
0.408
0.408
0.408
0.408
0.408
0.408
0.408
0.409
0.409
0.409
0.409
0.409
0.409
0.41
0.41
0.41
0.41
0.41
0.41
0.411
0.411
0.411
0.411
0.411
0.411
0.411
0.412
0.412
0.412
0.412
0.412
0.412
0.413
0.413
0.413
0.413
0.413
0.413
0.414
0.414
0.414
0.414
0.414
0.414
0.415
0.415
0.415
0.415
0.415
0.415
0.415
0.416
0.416
0.416
0.416
0.416
0.416
0.417
0.417
0.417
0.417
0.417
0.417
0.418
0.418
0.418
0.418
0.418
0.418
0.419
0.419
0.419
0.419
0.419
0.419
0.419
0.42
0.42
0.42
0.42
0.42
0.42
0.421
0.421
0.421
0.421
0.421
0.421
0.422
0.422
0.422
0.422
0.422
0.422
0.423
0.423
0.423
0.423
0.423
0.423
0.423
0.424
0.424
0.424
0.424
0.424
0.424
0.425
0.425
0.425
0.425
0.425
0.425
0.426
0.426
0.426
0.426
0.426
0.426
0.426
0.427
0.427
0.427
0.427
0.427
0.427
0.428
0.428
0.428
0.428
0.428
0.428
0.429
0.426
0.423
0.42
0.417
0.414
0.411
0.408
0.405
0.402
0.399
0.396
0.393
0.39
0.387
0.384
0.381
0.378
0.376
0.373
0.37
0.367
0.364
0.361
0.358
0.355
0.352
0.349
0.346
0.343
0.34
0.337
0.334
0.331
0.328
0.325
0.322
0.32
0.317
0.314
0.311
0.308
0.305
0.302
0.299
0.296
0.293
0.29
0.287
0.284
0.281
0.278
0.275
0.272
0.269
0.266
0.263
0.261
0.258
0.255
0.252
0.249
0.246
0.243
0.24
0.237
0.234
0.231
0.228
0.225
0.222
0.226
0.229
0.232
0.235
0.239
0.242
0.245
0.249
0.252
0.255
0.259
0.262
0.265
0.268
0.272
0.275
0.278
0.282
0.285
0.288
0.292
0.295
0.298
0.301
0.305
0.308
0.311
0.315
0.318
0.321
0.325
0.328
0.331
0.334
0.338
0.341
0.344
0.348
0.351
0.354
0.358
0.361
0.364
0.367
0.371
0.374
0.377
0.381
0.384
0.387
0.391
0.394
0.397
0.4
0.404
0.407
0.41
0.414
0.417
0.42
0.424
0.427
0.43
0.433
0.437
0.44
0.443
0.447
0.45
0.453
0.457
0.46
0.463
0.466
0.47
0.473
0.476
0.48
0.483
0.486
0.49
0.493
0.496
0.499
0.503
0.506
0.509
0.513
0.516
0.519
0.523
0.526
0.529
0.532
0.536
0.539
0.542
0.546
0.549
0.552
0.556
0.555
0.555
0.554
0.553
0.553
0.552
0.552
0.551
0.551
0.55
0.55
0.549
0.549
0.548
0.548
0.547
0.547
0.546
0.546
0.545
0.545
0.544
0.544
0.543
0.542
0.542
0.541
0.541
0.54
0.54
0.539
0.539
0.538
0.538
0.537
0.537
0.536
0.536
0.535
0.535
0.534
0.534
0.533
0.532
0.532
0.531
0.531
0.53
0.53
0.529
0.529
0.528
0.528
0.527
0.527
0.526
0.526
0.525
0.525
0.524
0.524
0.523
0.523
0.522
0.521
0.521
0.52
0.52
0.519
0.519
0.518
0.518
0.517
0.517
0.516
0.516
0.515
0.515
0.514
0.514
0.513
0.513
0.512
0.512
0.511
0.51
0.51
0.509
0.509
0.508
0.508
0.507
0.507
0.506
0.506
0.505
0.505
0.504
0.504
0.503
0.503
0.502
0.502
0.501
0.501
0.5
0.498
0.497
0.495
0.493
0.492
0.49
0.488
0.487
0.485
0.483
0.482
0.48
0.478
0.477
0.475
0.473
0.472
0.47
0.468
0.467
0.465
0.463
0.462
0.46
0.458
0.457
0.455
0.453
0.452
0.45
0.448
0.447
0.445
0.443
0.442
0.44
0.438
0.437
0.435
0.433
0.432
0.43
0.428
0.427
0.425
0.423
0.422
0.42
0.418
0.417
0.415
0.413
0.412
0.41
0.408
0.407
0.405
0.403
0.402
0.4
0.398
0.397
0.395
0.393
0.392
0.39
0.388
0.387
0.385
0.383
0.382
0.38
0.378
0.377
0.375
0.381
0.386
0.392
0.397
0.403
0.409
0.414
0.42
0.425
0.431
0.437
0.442
0.448
0.453
0.459
0.464
0.47
0.476
0.481
0.487
0.492
0.498
0.504
0.509
0.515
0.52
0.526
0.532
0.537
0.543
0.548
0.554
0.56
0.565
0.571
0.576
0.582
0.588
0.593
0.599
0.604
0.61
0.615
0.621
0.627
0.632
0.638
0.643
0.649
0.655
0.66
0.666
0.671
0.677
0.683
0.688
0.694
0.699
0.705
0.711
0.716
0.722
0.727
0.733
0.738
0.744
0.75
0.755
0.761
0.766
0.772
0.778
0.783
0.789
0.794
0.8
0.793
0.787
0.78
0.773
0.766
0.76
0.753
0.746
0.739
0.733
0.726
0.719
0.712
0.706
0.699
0.692
0.685
0.679
0.672
0.665
0.658
0.652
0.645
0.638
0.631
0.625
0.618
0.611
0.604
0.598
0.591
0.584
0.577
0.571
0.564
0.557
0.55
0.544
0.537
0.53
0.523
0.517
0.51
0.503
0.496
0.49
0.483
0.476
0.469
0.463
0.456
0.449
0.442
0.436
0.429
0.422
0.415
0.409
0.402
0.395
0.388
0.382
0.375
0.368
0.36
0.353
0.345
0.338
0.33
0.323
0.315
0.308
0.3
0.293
0.285
0.278
0.27
0.263
0.255
0.248
0.24
0.233
0.225
0.218
0.21
0.203
0.195
0.188
0.18
0.173
0.165
0.158
0.15
0.143
0.155
0.167
0.18
0.192
0.204
0.216
0.229
0.241
0.253
0.265
0.278
0.29
0.302
0.314
0.327
0.339
0.351
0.363
0.376
0.388
0.4
0.412
0.424
0.437
0.449
0.461
0.473
0.486
0.498
0.51
0.522
0.535
0.547
0.559
0.571
0.584
0.596
0.608
0.62
0.633
0.645
0.657
0.669
0.682
0.694
0.706
0.718
0.731
0.743
0.755
0.767
0.78
0.792
0.804
0.816
0.829
0.841
0.853
0.865
0.878
0.89
0.902
0.914
0.927
0.939
0.951
0.963
0.976
0.988
1.0
0.982
0.964
0.946
0.928
0.91
0.892
0.875
0.857
0.839
0.821
0.803
0.785
0.767
0.749
0.731
0.713
0.695
0.677
0.659
0.642
0.624
0.606
0.588
0.57
0.552
0.534
0.516
0.498
0.48
0.462
0.444
0.44
0.435
0.43
0.425
0.42
0.416
0.411
0.406
0.401
0.397
0.392
0.387
0.382
0.377
0.373
0.368
0.363
0.358
0.353
0.349
0.344
0.339
0.334
0.33
0.325
0.32
0.315
0.31
0.306
0.301
0.296
0.291
0.286
0.282
0.277
0.272
0.267
0.262
0.258
0.253
0.248
0.243
0.239
0.234
0.229
0.224
0.219
0.215
0.21
0.205
0.2
0.195
0.191
0.186
0.181
0.176
0.171
0.167
0.174
0.181
0.188
0.195
0.202
0.209
0.216
0.224
0.231
0.238
0.245
0.252
0.259
0.266
0.273
0.28
0.288
0.295
0.302
0.309
0.316
0.323
0.33
0.337
0.344
0.352
0.359
0.366
0.373
0.38
0.387
0.394
0.401
0.408
0.416
0.423
0.43
0.437
0.444
0.451
0.458
0.465
0.472
0.48
0.487
0.494
0.501
0.508
0.515
0.522
0.529
0.536
0.544
0.551
0.558
0.565
0.572
0.579
0.586
0.593
0.6
0.608
0.615
0.622
0.629
0.636
0.643
0.65
0.657
0.665
0.672
0.679
0.686
0.693
0.7
0.707
0.714
0.7
0.686
0.672
0.658
0.644
0.63
0.616
0.602
0.588
0.574
0.56
0.546
0.532
0.518
0.504
0.49
0.476
0.462
0.448
0.434
0.42
0.406
0.392
0.378
0.364
0.35
0.336
0.322
0.308
0.294
0.28
0.266
0.252
0.238
0.224
0.21
0.196
0.182
0.2
0.218
0.236
0.255
0.273
0.291
0.309
0.327
0.345
0.364
0.382
0.4
0.418
0.436
0.455
0.471
0.488
0.505
0.522
0.539
0.556
0.572
0.589
0.606
0.623
0.64
0.657
0.673
0.69
0.707
0.724
0.741
0.758
0.774
0.791
0.808
0.825
0.842
0.859
0.875
0.892
0.909
0.882
0.854
0.827
0.799
0.772
0.744
0.717
0.689
0.662
0.634
0.607
0.579
0.552
0.524
0.497
0.469
0.442
0.414
0.387
0.359
0.332
0.304
0.277
0.249
0.222
0.194
0.167
0.168
0.169
0.171
0.172
0.173
0.175
0.176
0.177
0.179
0.18
0.181
0.183
0.184
0.185
0.187
0.188
0.189
0.191
0.192
0.193
0.195
0.196
0.197
0.199
0.2
0.201
0.203
0.204
0.205
0.207
0.208
0.209
0.211
0.212
0.213
0.215
0.216
0.217
0.219
0.22
0.221
0.223
0.224
0.225
0.227
0.228
0.229
0.231
0.232
0.234
0.235
0.236
0.238
0.239
0.24
0.242
0.243
0.244
0.246
0.247
0.248
0.25
0.251
0.252
0.254
0.255
0.256
0.258
0.259
0.26
0.262
0.263
0.264
0.266
0.267
0.268
0.27
0.271
0.272
0.274
0.275
0.276
0.278
0.279
0.28
0.282
0.283
0.284
0.286
0.287
0.288
0.29
0.291
0.292
0.294
0.295
0.296
0.298
0.299
0.3
0.302
0.303
0.304
0.306
0.307
0.308
0.31
0.311
0.312
0.314
0.315
0.316
0.318
0.319
0.32
0.322
0.323
0.324
0.326
0.327
0.328
0.33
0.331
0.332
0.334
0.335
0.336
0.338
0.339
0.34
0.342
0.343
0.344
0.346
0.347
0.348
0.35
0.351
0.352
0.354
0.355
0.356
0.358
0.359
0.36
0.362
0.363
0.364
0.366
0.367
0.369
0.37
0.371
0.373
0.374
0.375
0.377
0.378
0.379
0.381
0.382
0.383
0.385
0.386
0.387
0.389
0.39
0.391
0.393
0.394
0.395
0.397
0.398
0.399
0.401
0.402
0.403
0.405
0.406
0.407
0.409
0.41
0.411
0.413
0.414
0.415
0.417
0.418
0.419
0.421
0.422
0.423
0.425
0.426
0.427
0.429
0.43
0.431
0.433
0.434
0.435
0.437
0.438
0.439
0.441
0.442
0.443
0.445
0.446
0.447
0.449
0.45
0.451
0.453
0.454
0.455
0.457
0.458
0.459
0.461
0.462
0.463
0.465
0.466
0.467
0.469
0.47
0.471
0.473
0.474
0.475
0.477
0.478
0.479
0.481
0.482
0.483
0.485
0.486
0.487
0.489
0.49
0.491
0.493
0.494
0.495
0.497
0.498
0.499
0.501
0.502
0.504
0.505
0.506
0.508
0.509
0.51
0.512
0.513
0.514
0.516
0.517
0.518
0.52
0.521
0.522
0.524
0.525
0.526
0.528
0.529
0.53
0.532
0.533
0.534
0.536
0.537
0.538
0.54
0.541
0.542
0.544
0.545
0.546
0.548
0.549
0.55
0.552
0.553
0.554
0.556
0.557
0.558
0.56
0.561
0.562
0.564
0.565
0.566
0.568
0.569
0.57
0.572
0.573
0.574
0.576
0.577
0.578
0.58
0.581
0.582
0.584
0.585
0.586
0.588
0.589
0.59
0.592
0.593
0.594
0.596
0.597
0.598
0.6
0.601
0.602
0.604
0.605
0.606
0.608
0.609
0.61
0.612
0.613
0.614
0.616
0.617
0.618
0.62
0.621
0.622
0.624
0.625
0.626
0.628
0.629
0.63
0.632
0.633
0.635
0.636
0.637
0.639
0.64
0.641
0.643
0.644
0.645
0.647
0.648
0.649
0.651
0.652
0.653
0.655
0.656
0.657
0.659
0.66
0.661
0.663
0.664
0.665
0.667
0.668
0.669
0.671
0.672
0.673
0.675
0.676
0.677
0.679
0.68
0.681
0.683
0.684
0.685
0.687
0.688
0.689
0.691
0.692
0.693
0.695
0.696
0.697
0.699
0.7
0.689
0.678
0.667
0.656
0.645
0.635
0.624
0.613
0.602
0.591
0.58
0.569
0.558
0.547
0.536
0.526
0.515
0.504
0.493
0.482
0.471
0.46
0.449
0.438
0.427
0.417
0.406
0.395
0.384
0.373
0.362
0.351
0.34
0.329
0.318
0.308
0.297
0.286
0.299
0.312
0.325
0.338
0.351
0.364
0.377
0.39
0.403
0.416
0.429
0.414
0.4
0.385
0.371
0.356
0.342
0.328
0.313
0.299
0.284
0.27
0.255
0.241
0.227
0.212
0.198
0.183
0.169
0.154
0.14
0.126
0.111
0.124
0.137
0.15
0.163
0.176
0.188
0.201
0.214
0.227
0.24
0.253
0.266
0.279
0.291
0.304
0.317
0.33
0.343
0.356
0.369
0.382
0.395
0.407
0.42
0.433
0.446
0.459
0.472
0.485
0.498
0.51
0.523
0.536
0.549
0.562
0.575
0.588
0.601
0.614
0.626
0.639
0.652
0.665
0.678
0.691
0.704
0.717
0.729
0.742
0.755
0.768
0.781
0.794
0.807
0.82
0.833
0.845
0.858
0.871
0.884
0.897
0.91
0.923
0.936
0.948
0.961
0.974
0.987
1.0
1.0
1.0
1.0
1.0
1.0
1.0
1.0
1.0
1.0
1.0
1.0
1.0
1.0
1.0
1.0
1.0
1.0
1.0
1.0
1.0
1.0
1.0
1.0
1.0
1.0
1.0
1.0
1.0
1.0
1.0
1.0
1.0
1.0
1.0
1.0
1.0
1.0
1.0
1.0
1.0
1.0
1.0
1.0
1.0
1.0
1.0
1.0
1.0
1.0
1.0
1.0
1.0
1.0
1.0
1.0
1.0
1.0
1.0
1.0
1.0
1.0
1.0
1.0
1.0
1.0
1.0
1.0
1.0
1.0
1.0
1.0
1.0
1.0
1.0
1.0
1.0
1.0
1.0
1.0
1.0
1.0
1.0
1.0
1.0
1.0
1.0
1.0
1.0
1.0
1.0
1.0
1.0
1.0
1.0
1.0
1.0
1.0
1.0
1.0
1.0
1.0
1.0
1.0
1.0
1.0
1.0
1.0
1.0
1.0
1.0
1.0
1.0
1.0
1.0
1.0
1.0
1.0
1.0
1.0
1.0
1.0
1.0
1.0
1.0
1.0
1.0
1.0
1.0
1.0
1.0
1.0
1.0
1.0
1.0
0.94
0.879
0.819
0.758
0.698
0.637
0.577
0.516
0.456
0.396
0.335
0.275
0.214
0.154
0.155
0.156
0.157
0.158
0.16
0.161
0.162
0.163
0.164
0.165
0.167
0.168
0.169
0.17
0.171
0.172
0.173
0.175
0.176
0.177
0.178
0.179
0.18
0.182
0.183
0.184
0.185
0.186
0.187
0.188
0.19
0.191
0.192
0.193
0.194
0.195
0.197
0.198
0.199
0.2
0.201
0.202
0.203
0.205
0.206
0.207
0.208
0.209
0.21
0.212
0.213
0.214
0.215
0.216
0.217
0.218
0.22
0.221
0.222
0.223
0.224
0.225
0.227
0.228
0.229
0.23
0.231
0.232
0.233
0.235
0.236
0.237
0.238
0.239
0.24
0.242
0.243
0.244
0.245
0.246
0.247
0.248
0.25
0.251
0.252
0.253
0.254
0.255
0.257
0.258
0.259
0.26
0.261
0.262
0.263
0.265
0.266
0.267
0.268
0.269
0.27
0.272
0.273
0.279
0.285
0.291
0.297
0.303
0.309
0.315
0.321
0.327
0.333
0.339
0.344
0.35
0.356
0.362
0.368
0.374
0.38
0.386
0.392
0.398
0.404
0.41
0.416
0.422
0.428
0.434
0.44
0.446
0.452
0.458
0.464
0.47
0.476
0.482
0.488
0.494
0.5
0.514
0.529
0.543
0.557
0.571
0.586
0.6
0.614
0.629
0.643
0.657
0.671
0.686
0.7
0.714
0.729
0.743
0.757
0.771
0.786
0.8
0.814
0.829
0.843
0.857
0.871
0.886
0.9
0.914
0.929
0.943
0.957
0.971
0.986
1.0
0.986
0.972
0.958
0.944
0.931
0.917
0.903
0.889
0.875
0.861
0.847
0.833
0.819
0.806
0.792
0.778
0.764
0.75
0.736
0.722
0.708
0.694
0.681
0.667
0.653
0.639
0.625
0.611
0.597
0.583
0.569
0.556
0.542
0.528
0.514
0.5
0.486
0.472
0.458
0.444
0.431
0.417
0.403
0.389
0.375
0.361
0.347
0.333
0.319
0.306
0.292
0.278
0.264
0.25
0.236
0.222
0.208
0.194
0.181
0.167
0.18
0.193
0.207
0.22
0.233
0.246
0.26
0.273
0.286
0.299
0.313
0.326
0.339
0.353
0.366
0.379
0.392
0.406
0.419
0.432
0.446
0.459
0.472
0.485
0.499
0.512
0.525
0.538
0.552
0.565
0.578
0.592
0.605
0.618
0.631
0.645
0.658
0.671
0.685
0.698
0.711
0.724
0.738
0.751
0.764
0.777
0.791
0.804
0.817
0.831
0.844
0.857
0.854
0.851
0.849
0.846
0.843
0.84
0.837
0.834
0.831
0.828
0.826
0.823
0.82
0.817
0.814
0.811
0.808
0.805
0.802
0.8
0.797
0.794
0.791
0.788
0.785
0.782
0.779
0.777
0.774
0.771
0.768
0.765
0.762
0.759
0.756
0.754
0.751
0.748
0.745
0.742
0.739
0.736
0.733
0.731
0.728
0.725
0.722
0.719
0.716
0.713
0.71
0.708
0.705
0.702
0.699
0.696
0.693
0.69
0.687
0.685
0.682
0.679
0.676
0.673
0.67
0.667
0.664
0.662
0.659
0.656
0.653
0.65
0.647
0.644
0.641
0.639
0.636
0.633
0.63
0.627
0.624
0.621
0.618
0.616
0.613
0.61
0.607
0.604
0.601
0.598
0.595
0.593
0.59
0.587
0.584
0.581
0.578
0.575
0.572
0.57
0.567
0.564
0.561
0.558
0.555
0.552
0.549
0.547
0.544
0.541
0.538
0.535
0.532
0.529
0.526
0.523
0.521
0.518
0.515
0.512
0.509
0.506
0.503
0.5
0.498
0.495
0.492
0.489
0.486
0.483
0.48
0.477
0.475
0.472
0.469
0.466
0.463
0.46
0.457
0.454
0.452
0.449
0.446
0.443
0.44
0.437
0.434
0.431
0.429
0.431
0.432
0.434
0.436
0.438
0.44
0.442
0.444
0.446
0.448
0.45
0.452
0.454
0.456
0.458
0.459
0.461
0.463
0.465
0.467
0.469
0.471
0.473
0.475
0.477
0.479
0.481
0.483
0.485
0.486
0.488
0.49
0.492
0.494
0.496
0.498
0.5
0.514
0.529
0.543
0.557
0.571
0.586
0.6
0.614
0.629
0.643
0.657
0.671
0.686
0.7
0.714
0.729
0.743
0.757
0.771
0.786
0.8
0.814
0.829
0.843
0.857
0.871
0.886
0.9
0.914
0.929
0.943
0.957
0.971
0.986
1.0
1.0
1.0
1.0
1.0
1.0
1.0
1.0
1.0
1.0
1.0
1.0
1.0
1.0
1.0
1.0
1.0
1.0
1.0
1.0
0.996
0.992
0.988
0.983
0.979
0.975
0.971
0.967
0.963
0.959
0.954
0.95
0.946
0.942
0.938
0.934
0.93
0.925
0.921
0.917
0.913
0.909
0.905
0.901
0.896
0.892
0.888
0.884
0.88
0.876
0.872
0.867
0.863
0.859
0.855
0.851
0.847
0.843
0.838
0.834
0.83
0.826
0.822
0.818
0.814
0.809
0.805
0.801
0.797
0.793
0.789
0.785
0.78
0.776
0.772
0.768
0.764
0.76
0.756
0.751
0.747
0.743
0.739
0.735
0.731
0.727
0.722
0.718
0.714
0.71
0.706
0.702
0.698
0.693
0.689
0.685
0.681
0.677
0.673
0.669
0.664
0.66
0.656
0.652
0.648
0.644
0.64
0.635
0.631
0.627
0.623
0.619
0.615
0.61
0.606
0.602
0.598
0.594
0.59
0.586
0.581
0.577
0.573
0.569
0.565
0.561
0.557
0.552
0.548
0.544
0.54
0.536
0.532
0.528
0.523
0.519
0.515
0.511
0.507
0.503
0.499
0.494
0.49
0.486
0.482
0.478
0.474
0.47
0.465
0.461
0.457
0.453
0.449
0.445
0.441
0.436
0.432
0.428
0.424
0.42
0.416
0.412
0.407
0.403
0.399
0.395
0.391
0.387
0.383
0.378
0.374
0.37
0.366
0.362
0.358
0.354
0.349
0.345
0.341
0.337
0.333
0.329
0.325
0.32
0.316
0.312
0.308
0.304
0.3
0.296
0.291
0.287
0.283
0.279
0.275
0.271
0.267
0.262
0.258
0.254
0.25
0.265
0.279
0.294
0.308
0.323
0.338
0.352
0.367
0.381
0.396
0.41
0.425
0.44
0.454
0.469
0.483
0.498
0.512
0.527
0.542
0.556
0.571
0.585
0.6
0.615
0.629
0.644
0.658
0.673
0.688
0.702
0.717
0.731
0.746
0.76
0.775
0.79
0.804
0.819
0.833
0.827
0.82
0.813
0.806
0.799
0.793
0.786
0.779
0.772
0.766
0.759
0.752
0.745
0.739
0.732
0.725
0.718
0.711
0.705
0.698
0.691
0.684
0.678
0.671
0.664
0.657
0.651
0.644
0.637
0.63
0.623
0.617
0.61
0.603
0.596
0.59
0.583
0.576
0.569
0.562
0.556
0.549
0.542
0.535
0.529
0.522
0.515
0.508
0.502
0.495
0.488
0.481
0.474
0.468
0.461
0.454
0.447
0.441
0.434
0.427
0.42
0.414
0.407
0.4
0.408
0.417
0.425
0.434
0.442
0.451
0.459
0.468
0.476
0.485
0.493
0.502
0.51
0.519
0.527
0.535
0.544
0.552
0.561
0.569
0.578
0.586
0.595
0.603
0.612
0.62
0.629
0.637
0.646
0.654
0.662
0.671
0.679
0.688
0.696
0.705
0.713
0.722
0.73
0.739
0.747
0.756
0.764
0.772
0.781
0.789
0.798
0.806
0.815
0.823
0.832
0.84
0.849
0.857
0.851
0.845
0.838
0.832
0.826
0.819
0.813
0.807
0.8
0.794
0.788
0.782
0.775
0.769
0.763
0.756
0.75
0.75
0.751
0.751
0.752
0.752
0.753
0.753
0.754
0.754
0.755
0.755
0.756
0.756
0.757
0.757
0.758
0.758
0.759
0.759
0.76
0.76
0.76
0.761
0.761
0.762
0.762
0.763
0.763
0.764
0.764
0.765
0.765
0.766
0.766
0.767
0.767
0.768
0.768
0.769
0.769
0.77
0.77
0.77
0.771
0.771
0.772
0.772
0.773
0.773
0.774
0.774
0.775
0.775
0.776
0.776
0.777
0.777
0.778
0.778
0.779
0.779
0.78
0.78
0.78
0.781
0.781
0.782
0.782
0.783
0.783
0.784
0.784
0.785
0.785
0.786
0.786
0.787
0.787
0.788
0.788
0.789
0.789
0.79
0.79
0.79
0.791
0.791
0.792
0.792
0.793
0.793
0.794
0.794
0.795
0.795
0.796
0.796
0.797
0.797
0.798
0.798
0.799
0.799
0.8
0.8
0.8
0.801
0.801
0.802
0.802
0.803
0.803
0.804
0.804
0.805
0.805
0.806
0.806
0.807
0.807
0.808
0.808
0.809
0.809
0.81
0.81
0.81
0.811
0.811
0.812
0.812
0.813
0.813
0.814
0.814
0.815
0.815
0.816
0.816
0.817
0.817
0.818
0.818
0.819
0.819
0.82
0.82
0.82
0.821
0.821
0.822
0.822
0.823
0.823
0.824
0.824
0.825
0.825
0.826
0.826
0.827
0.827
0.828
0.828
0.829
0.829
0.83
0.83
0.83
0.831
0.831
0.832
0.832
0.833
0.833
0.805
0.776
0.747
0.719
0.69
0.661
0.633
0.604
0.576
0.547
0.518
0.49
0.461
0.432
0.404
0.375
0.375
0.376
0.376
0.376
0.377
0.377
0.377
0.378
0.378
0.378
0.379
0.379
0.38
0.38
0.38
0.381
0.381
0.381
0.382
0.382
0.382
0.383
0.383
0.383
0.384
0.384
0.384
0.385
0.385
0.385
0.386
0.386
0.386
0.387
0.387
0.388
0.388
0.388
0.389
0.389
0.389
0.39
0.39
0.39
0.391
0.391
0.391
0.392
0.392
0.392
0.393
0.393
0.393
0.394
0.394
0.394
0.395
0.395
0.395
0.396
0.396
0.397
0.397
0.397
0.398
0.398
0.398
0.399
0.399
0.399
0.4
0.4
0.411
0.423
0.434
0.445
0.457
0.468
0.479
0.491
0.502
0.513
0.525
0.536
0.547
0.558
0.57
0.581
0.592
0.604
0.615
0.626
0.638
0.649
0.66
0.672
0.683
0.694
0.706
0.717
0.728
0.74
0.751
0.762
0.774
0.785
0.796
0.808
0.819
0.83
0.842
0.853
0.864
0.875
0.887
0.898
0.909
0.921
0.932
0.943
0.955
0.966
0.977
0.989
1.0
0.991
0.981
0.972
0.962
0.953
0.944
0.934
0.925
0.916
0.906
0.897
0.888
0.878
0.869
0.859
0.85
0.841
0.831
0.822
0.812
0.803
0.794
0.784
0.775
0.766
0.756
0.747
0.738
0.728
0.719
0.709
0.7
0.691
0.681
0.672
0.663
0.653
0.644
0.634
0.625
0.616
0.606
0.597
0.588
0.578
0.569
0.559
0.55
0.541
0.531
0.522
0.512
0.503
0.494
0.484
0.475
0.466
0.456
0.447
0.438
0.428
0.419
0.409
0.4
0.409
0.418
0.426
0.435
0.444
0.453
0.462
0.471
0.479
0.488
0.497
0.506
0.515
0.524
0.532
0.541
0.55
0.559
0.568
0.576
0.585
0.594
0.603
0.612
0.621
0.629
0.638
0.647
0.656
0.665
0.674
0.682
0.691
0.7
0.709
0.718
0.726
0.735
0.744
0.753
0.762
0.771
0.779
0.788
0.797
0.806
0.815
0.824
0.832
0.841
0.85
0.859
0.868
0.876
0.885
0.894
0.903
0.912
0.921
0.929
0.938
0.947
0.956
0.965
0.974
0.982
0.991
1.0
0.982
0.964
0.945
0.927
0.909
0.891
0.873
0.855
0.836
0.818
0.8
0.782
0.764
0.745
0.727
0.709
0.691
0.673
0.655
0.636
0.618
0.6
0.582
0.564
0.545
0.527
0.509
0.491
0.473
0.455
0.454
0.454
0.454
0.454
0.453
0.453
0.453
0.453
0.453
0.452
0.452
0.452
0.452
0.452
0.451
0.451
0.451
0.451
0.45
0.45
0.45
0.45
0.45
0.449
0.449
0.449
0.449
0.449
0.448
0.448
0.448
0.448
0.447
0.447
0.447
0.447
0.447
0.446
0.446
0.446
0.446
0.446
0.445
0.445
0.445
0.445
0.444
0.444
0.444
0.444
0.444
0.443
0.443
0.443
0.443
0.442
0.442
0.442
0.442
0.442
0.441
0.441
0.441
0.441
0.441
0.44
0.44
0.44
0.44
0.439
0.439
0.439
0.439
0.439
0.438
0.438
0.438
0.438
0.438
0.437
0.437
0.437
0.437
0.436
0.436
0.436
0.436
0.436
0.435
0.435
0.435
0.435
0.435
0.434
0.434
0.434
0.434
0.433
0.433
0.433
0.433
0.433
0.432
0.432
0.432
0.432
0.432
0.431
0.431
0.431
0.431
0.43
0.43
0.43
0.43
0.43
0.429
0.429
0.429
0.429
0.429
0.428
0.428
0.428
0.428
0.427
0.427
0.427
0.427
0.427
0.426
0.426
0.426
0.426
0.425
0.425
0.425
0.425
0.425
0.424
0.424
0.424
0.424
0.424
0.423
0.423
0.423
0.423
0.422
0.422
0.422
0.422
0.422
0.421
0.421
0.421
0.421
0.421
0.42
0.42
0.42
0.42
0.419
0.419
0.419
0.419
0.419
0.418
0.418
0.418
0.418
0.418
0.417
0.417
0.417
0.417
0.433
0.449
0.465
0.481
0.498
0.514
0.53
0.546
0.562
0.579
0.595
0.611
0.627
0.644
0.66
0.676
0.692
0.708
0.725
0.741
0.757
0.773
0.789
0.806
0.822
0.838
0.854
0.87
0.887
0.903
0.919
0.935
0.951
0.968
0.984
1.0
0.999
0.999
0.998
0.997
0.996
0.996
0.995
0.994
0.994
0.993
0.992
0.991
0.991
0.99
0.989
0.989
0.988
0.987
0.987
0.986
0.985
0.984
0.984
0.983
0.982
0.982
0.981
0.98
0.979
0.979
0.978
0.977
0.977
0.976
0.975
0.974
0.974
0.973
0.972
0.972
0.971
0.97
0.969
0.969
0.968
0.967
0.967
0.966
0.965
0.964
0.964
0.963
0.962
0.962
0.961
0.96
0.96
0.959
0.958
0.957
0.957
0.956
0.955
0.955
0.954
0.953
0.952
0.952
0.951
0.95
0.95
0.949
0.948
0.947
0.947
0.946
0.945
0.945
0.944
0.943
0.942
0.942
0.941
0.94
0.94
0.939
0.938
0.938
0.937
0.936
0.935
0.935
0.934
0.933
0.933
0.932
0.931
0.93
0.93
0.929
0.928
0.928
0.927
0.926
0.925
0.925
0.924
0.923
0.923
0.922
0.921
0.92
0.92
0.919
0.918
0.918
0.917
0.916
0.915
0.915
0.914
0.913
0.913
0.912
0.911
0.911
0.91
0.909
0.908
0.908
0.907
0.906
0.906
0.905
0.904
0.903
0.903
0.902
0.901
0.901
0.9
0.899
0.898
0.898
0.897
0.896
0.896
0.895
0.894
0.893
0.893
0.892
0.891
0.891
0.89
0.889
0.888
0.888
0.887
0.886
0.886
0.885
0.884
0.884
0.883
0.882
0.881
0.881
0.88
0.879
0.879
0.878
0.877
0.876
0.876
0.875
0.874
0.874
0.873
0.872
0.871
0.871
0.87
0.869
0.869
0.868
0.867
0.866
0.866
0.865
0.864
0.864
0.863
0.862
0.862
0.861
0.86
0.859
0.859
0.858
0.857
0.857
0.856
0.855
0.854
0.854
0.853
0.852
0.852
0.851
0.85
0.849
0.849
0.848
0.847
0.847
0.846
0.845
0.844
0.844
0.843
0.842
0.842
0.841
0.84
0.839
0.839
0.838
0.837
0.837
0.836
0.835
0.835
0.834
0.833
0.832
0.832
0.831
0.83
0.83
0.829
0.828
0.827
0.827
0.826
0.825
0.825
0.824
0.823
0.822
0.822
0.821
0.82
0.82
0.819
0.818
0.817
0.817
0.816
0.815
0.815
0.814
0.813
0.812
0.812
0.811
0.81
0.81
0.809
0.808
0.808
0.807
0.806
0.805
0.805
0.804
0.803
0.803
0.802
0.801
0.8
0.8
0.799
0.798
0.798
0.797
0.796
0.795
0.795
0.794
0.793
0.793
0.792
0.791
0.79
0.79
0.789
0.788
0.788
0.787
0.786
0.786
0.785
0.784
0.783
0.783
0.782
0.781
0.781
0.78
0.779
0.778
0.778
0.777
0.776
0.776
0.775
0.774
0.773
0.773
0.772
0.771
0.771
0.77
0.769
0.768
0.768
0.767
0.766
0.766
0.765
0.764
0.763
0.763
0.762
0.761
0.761
0.76
0.759
0.759
0.758
0.757
0.756
0.756
0.755
0.754
0.754
0.753
0.752
0.751
0.751
0.75
0.737
0.723
0.71
0.696
0.683
0.669
0.656
0.642
0.629
0.616
0.602
0.589
0.575
0.562
0.548
0.535
0.522
0.508
0.495
0.481
0.468
0.454
0.441
0.427
0.414
0.401
0.387
0.374
0.36
0.347
0.333
0.335
0.336
0.337
0.338
0.34
0.341
0.342
0.343
0.345
0.346
0.347
0.348
0.35
0.351
0.352
0.353
0.355
0.356
0.357
0.358
0.36
0.361
0.362
0.364
0.365
0.366
0.367
0.369
0.37
0.371
0.372
0.374
0.375
0.376
0.377
0.379
0.38
0.381
0.382
0.384
0.385
0.386
0.387
0.389
0.39
0.391
0.392
0.394
0.395
0.396
0.397
0.399
0.4
0.397
0.395
0.392
0.39
0.387
0.385
0.382
0.379
0.377
0.374
0.372
0.369
0.367
0.364
0.362
0.359
0.356
0.354
0.351
0.349
0.346
0.344
0.341
0.338
0.336
0.333
0.331
0.328
0.326
0.323
0.321
0.318
0.315
0.313
0.31
0.308
0.305
0.303
0.3
0.297
0.295
0.292
0.29
0.287
0.285
0.282
0.279
0.277
0.274
0.272
0.269
0.267
0.264
0.262
0.259
0.256
0.254
0.251
0.249
0.246
0.244
0.241
0.238
0.236
0.233
0.231
0.228
0.226
0.223
0.221
0.218
0.215
0.213
0.21
0.208
0.205
0.203
0.2
0.207
0.214
0.221
0.228
0.234
0.241
0.248
0.255
0.262
0.269
0.276
0.283
0.289
0.296
0.303
0.31
0.317
0.324
0.331
0.338
0.344
0.351
0.358
0.365
0.372
0.379
0.386
0.393
0.399
0.406
0.413
0.42
0.427
0.434
0.441
0.448
0.454
0.461
0.468
0.475
0.482
0.489
0.496
0.503
0.509
0.516
0.523
0.53
0.537
0.544
0.551
0.558
0.564
0.571
0.578
0.585
0.592
0.599
0.606
0.612
0.619
0.626
0.633
0.64
0.647
0.654
0.661
0.668
0.674
0.681
0.688
0.695
0.702
0.709
0.716
0.723
0.729
0.736
0.743
0.75
0.751
0.752
0.753
0.754
0.756
0.757
0.758
0.759
0.76
0.761
0.762
0.763
0.764
0.766
0.767
0.768
0.769
0.77
0.771
0.772
0.773
0.774
0.776
0.777
0.778
0.779
0.78
0.781
0.782
0.783
0.784
0.786
0.787
0.788
0.789
0.79
0.791
0.792
0.793
0.794
0.796
0.797
0.798
0.799
0.8
0.801
0.802
0.803
0.804
0.806
0.807
0.808
0.809
0.81
0.811
0.812
0.813
0.814
0.816
0.817
0.818
0.819
0.82
0.821
0.822
0.823
0.824
0.826
0.827
0.828
0.829
0.83
0.831
0.832
0.833
0.832
0.831
0.829
0.828
0.826
0.825
0.824
0.822
0.821
0.819
0.818
0.817
0.815
0.814
0.812
0.811
0.81
0.808
0.807
0.806
0.804
0.803
0.801
0.8
0.799
0.797
0.796
0.794
0.793
0.792
0.79
0.789
0.788
0.786
0.785
0.783
0.782
0.781
0.779
0.778
0.776
0.775
0.774
0.772
0.771
0.769
0.768
0.767
0.765
0.764
0.762
0.761
0.76
0.758
0.757
0.756
0.754
0.753
0.751
0.75
0.747
0.743
0.74
0.736
0.733
0.729
0.726
0.722
0.719
0.716
0.712
0.709
0.705
0.702
0.698
0.695
0.692
0.688
0.685
0.681
0.678
0.674
0.671
0.667
0.664
0.661
0.657
0.654
0.65
0.647
0.643
0.64
0.636
0.633
0.63
0.626
0.623
0.619
0.616
0.612
0.609
0.606
0.602
0.599
0.595
0.592
0.588
0.585
0.581
0.578
0.575
0.571
0.568
0.564
0.561
0.557
0.554
0.55
0.547
0.544
0.54
0.537
0.533
0.53
0.526
0.523
0.519
0.516
0.513
0.509
0.506
0.502
0.499
0.495
0.492
0.489
0.485
0.482
0.478
0.475
0.471
0.468
0.464
0.461
0.458
0.454
0.451
0.447
0.444
0.44
0.437
0.433
0.43
0.427
0.423
0.42
0.416
0.413
0.409
0.406
0.403
0.399
0.396
0.392
0.389
0.385
0.382
0.378
0.375
0.378
0.382
0.385
0.388
0.392
0.395
0.399
0.402
0.405
0.409
0.412
0.415
0.419
0.422
0.425
0.429
0.432
0.435
0.439
0.442
0.446
0.449
0.452
0.456
0.459
0.462
0.466
0.469
0.472
0.476
0.479
0.482
0.486
0.489
0.493
0.496
0.499
0.503
0.506
0.509
0.513
0.516
0.519
0.523
0.526
0.529
0.533
0.536
0.54
0.543
0.546
0.55
0.553
0.556
0.56
0.563
0.566
0.57
0.573
0.576
0.58
0.583
0.587
0.59
0.593
0.597
0.6
0.582
0.563
0.545
0.527
0.509
0.49
0.472
0.454
0.435
0.417
0.399
0.381
0.362
0.344
0.326
0.307
0.289
0.271
0.253
0.234
0.216
0.198
0.179
0.161
0.143
0.171
0.2
0.229
0.257
0.286
0.314
0.343
0.371
0.4
0.429
0.457
0.486
0.514
0.543
0.571
0.6
0.629
0.657
0.686
0.714
0.743
0.771
0.8
0.829
0.857
0.799
0.741
0.682
0.624
0.566
0.508
0.449
0.391
0.333
0.275
0.216
0.158
0.1
0.107
0.114
0.122
0.129
0.136
0.143
0.151
0.158
0.165
0.172
0.179
0.187
0.194
0.201
0.208
0.216
0.223
0.23
0.237
0.245
0.252
0.259
0.266
0.273
0.281
0.288
0.295
0.302
0.31
0.317
0.324
0.331
0.338
0.346
0.353
0.36
0.367
0.375
0.382
0.389
0.396
0.404
0.411
0.418
0.425
0.432
0.44
0.447
0.454
0.461
0.469
0.476
0.483
0.49
0.497
0.505
0.512
0.519
0.526
0.534
0.541
0.548
0.555
0.563
0.57
0.577
0.584
0.591
0.599
0.606
0.613
0.62
0.628
0.635
0.642
0.649
0.656
0.664
0.671
0.678
0.685
0.693
0.7
0.707
0.714
0.718
0.722
0.726
0.73
0.734
0.738
0.742
0.746
0.75
0.754
0.758
0.762
0.766
0.77
0.774
0.778
0.782
0.786
0.79
0.794
0.798
0.802
0.806
0.81
0.813
0.817
0.821
0.825
0.829
0.833
0.787
0.741
0.695
0.649
0.603
0.557
0.511
0.465
0.419
0.373
0.327
0.281
0.235
0.189
0.143
0.149
0.155
0.161
0.167
0.174
0.18
0.186
0.192
0.198
0.204
0.21
0.217
0.223
0.229
0.235
0.241
0.247
0.253
0.26
0.266
0.272
0.278
0.284
0.29
0.296
0.303
0.309
0.315
0.321
0.327
0.333
0.339
0.346
0.352
0.358
0.364
0.37
0.376
0.382
0.389
0.395
0.401
0.407
0.413
0.419
0.425
0.432
0.438
0.444
0.45
0.456
0.462
0.469
0.475
0.481
0.487
0.493
0.499
0.505
0.512
0.518
0.524
0.53
0.536
0.542
0.548
0.555
0.561
0.567
0.573
0.579
0.585
0.591
0.598
0.604
0.61
0.616
0.622
0.628
0.634
0.641
0.647
0.653
0.659
0.665
0.671
0.677
0.684
0.69
0.696
0.702
0.708
0.714
0.706
0.698
0.69
0.681
0.673
0.665
0.657
0.648
0.64
0.632
0.624
0.615
0.607
0.599
0.591
0.582
0.574
0.566
0.558
0.549
0.541
0.533
0.525
0.516
0.508
0.5
0.506
0.512
0.518
0.524
0.53
0.536
0.542
0.548
0.554
0.56
0.565
0.571
0.577
0.583
0.589
0.595
0.601
0.607
0.613
0.619
0.625
0.631
0.637
0.643
0.649
0.655
0.661
0.667
0.673
0.679
0.685
0.69
0.696
0.702
0.708
0.714
0.72
0.726
0.732
0.738
0.744
0.75
0.756
0.762
0.768
0.774
0.78
0.786
0.792
0.798
0.804
0.81
0.815
0.821
0.827
0.833
0.839
0.845
0.851
0.857
0.863
0.869
0.875
0.881
0.887
0.893
0.899
0.905
0.911
0.917
0.923
0.929
0.935
0.94
0.946
0.952
0.958
0.964
0.97
0.976
0.982
0.988
0.994
1.0
1.0
1.0
1.0
1.0
1.0
1.0
1.0
1.0
1.0
1.0
1.0
1.0
1.0
1.0
1.0
1.0
1.0
1.0
1.0
1.0
1.0
1.0
1.0
1.0
1.0
1.0
1.0
1.0
1.0
1.0
1.0
1.0
1.0
1.0
1.0
1.0
1.0
1.0
1.0
1.0
1.0
1.0
1.0
1.0
1.0
1.0
1.0
1.0
1.0
1.0
1.0
1.0
1.0
1.0
1.0
1.0
1.0
1.0
1.0
1.0
1.0
1.0
1.0
1.0
1.0
1.0
1.0
1.0
1.0
1.0
1.0
1.0
1.0
1.0
1.0
1.0
1.0
1.0
1.0
1.0
1.0
1.0
1.0
1.0
1.0
0.997
0.994
0.991
0.988
0.984
0.981
0.978
0.975
0.972
0.969
0.966
0.963
0.96
0.956
0.953
0.95
0.947
0.944
0.941
0.938
0.935
0.931
0.928
0.925
0.922
0.919
0.916
0.913
0.91
0.907
0.903
0.9
0.897
0.894
0.891
0.888
0.885
0.882
0.879
0.875
0.872
0.869
0.866
0.863
0.86
0.857
0.854
0.85
0.847
0.844
0.841
0.838
0.835
0.832
0.829
0.826
0.822
0.819
0.816
0.813
0.81
0.807
0.804
0.801
0.798
0.794
0.791
0.788
0.785
0.782
0.779
0.776
0.773
0.769
0.766
0.763
0.76
0.757
0.754
0.751
0.748
0.745
0.741
0.738
0.735
0.732
0.729
0.726
0.723
0.72
0.717
0.713
0.71
0.707
0.704
0.701
0.698
0.695
0.692
0.688
0.685
0.682
0.679
0.676
0.673
0.67
0.667
0.66
0.653
0.647
0.64
0.633
0.627
0.62
0.613
0.607
0.6
0.593
0.587
0.58
0.573
0.567
0.56
0.553
0.547
0.54
0.533
0.527
0.52
0.513
0.507
0.5
0.503
0.505
0.508
0.511
0.514
0.516
0.519
0.522
0.524
0.527
0.53
0.532
0.535
0.538
0.541
0.543
0.546
0.549
0.551
0.554
0.557
0.559
0.562
0.565
0.568
0.57
0.573
0.576
0.578
0.581
0.584
0.586
0.589
0.592
0.595
0.597
0.6
0.599
0.598
0.597
0.596
0.595
0.594
0.593
0.592
0.591
0.59
0.589
0.589
0.588
0.587
0.586
0.585
0.584
0.583
0.582
0.581
0.58
0.579
0.578
0.577
0.576
0.575
0.574
0.573
0.572
0.571
0.57
0.569
0.568
0.568
0.567
0.566
0.565
0.564
0.563
0.562
0.561
0.56
0.559
0.558
0.557
0.556
0.555
0.554
0.553
0.552
0.551
0.55
0.549
0.548
0.547
0.546
0.546
0.545
0.544
0.543
0.542
0.541
0.54
0.539
0.538
0.537
0.536
0.535
0.534
0.533
0.532
0.531
0.53
0.529
0.528
0.527
0.526
0.525
0.524
0.524
0.523
0.522
0.521
0.52
0.519
0.518
0.517
0.516
0.515
0.514
0.513
0.512
0.511
0.51
0.509
0.508
0.507
0.506
0.505
0.504
0.503
0.503
0.502
0.501
0.5
0.499
0.498
0.497
0.496
0.495
0.494
0.493
0.492
0.491
0.49
0.489
0.488
0.487
0.486
0.485
0.484
0.483
0.482
0.481
0.481
0.48
0.479
0.478
0.477
0.476
0.475
0.474
0.473
0.472
0.471
0.47
0.469
0.468
0.467
0.466
0.465
0.464
0.463
0.462
0.461
0.46
0.459
0.459
0.458
0.457
0.456
0.455
0.454
0.453
0.452
0.451
0.45
0.449
0.448
0.447
0.446
0.445
0.444
0.443
0.442
0.441
0.44
0.439
0.438
0.438
0.437
0.436
0.435
0.434
0.433
0.432
0.431
0.43
0.429
0.428
0.427
0.426
0.425
0.424
0.423
0.422
0.421
0.42
0.419
0.418
0.417
0.416
0.416
0.415
0.414
0.413
0.412
0.411
0.41
0.409
0.408
0.407
0.406
0.405
0.404
0.403
0.402
0.401
0.4
0.399
0.398
0.397
0.396
0.395
0.395
0.394
0.393
0.392
0.391
0.39
0.389
0.388
0.387
0.386
0.385
0.384
0.383
0.382
0.381
0.38
0.379
0.378
0.377
0.376
0.375
0.374
0.373
0.373
0.372
0.371
0.37
0.369
0.368
0.367
0.366
0.365
0.364
0.363
0.362
0.361
0.36
0.359
0.358
0.357
0.356
0.355
0.354
0.353
0.352
0.351
0.351
0.35
0.349
0.348
0.347
0.346
0.345
0.344
0.343
0.342
0.341
0.34
0.339
0.338
0.337
0.336
0.335
0.334
0.333
0.338
0.342
0.346
0.351
0.355
0.359
0.363
0.368
0.372
0.376
0.381
0.385
0.389
0.394
0.398
0.402
0.406
0.411
0.415
0.419
0.424
0.428
0.432
0.437
0.441
0.445
0.449
0.454
0.458
0.462
0.467
0.471
0.475
0.48
0.484
0.488
0.492
0.497
0.501
0.505
0.51
0.514
0.518
0.523
0.527
0.531
0.535
0.54
0.544
0.548
0.553
0.557
0.561
0.566
0.57
0.574
0.578
0.583
0.587
0.591
0.596
0.6
0.604
0.609
0.613
0.617
0.622
0.626
0.63
0.634
0.639
0.643
0.647
0.652
0.656
0.66
0.665
0.669
0.673
0.677
0.682
0.686
0.69
0.695
0.699
0.703
0.708
0.712
0.716
0.72
0.725
0.729
0.733
0.738
0.742
0.746
0.751
0.755
0.759
0.763
0.768
0.772
0.776
0.781
0.785
0.789
0.794
0.798
0.802
0.806
0.811
0.815
0.819
0.824
0.828
0.832
0.837
0.841
0.845
0.849
0.854
0.858
0.862
0.867
0.871
0.875
0.88
0.884
0.888
0.892
0.897
0.901
0.905
0.91
0.914
0.918
0.923
0.927
0.931
0.935
0.94
0.944
0.948
0.953
0.957
0.961
0.966
0.97
0.974
0.978
0.983
0.987
0.991
0.996
1.0
0.994
0.989
0.983
0.977
0.972
0.966
0.96
0.955
0.949
0.944
0.938
0.932
0.927
0.921
0.915
0.91
0.904
0.898
0.893
0.887
0.881
0.876
0.87
0.864
0.859
0.853
0.847
0.842
0.836
0.831
0.825
0.819
0.814
0.808
0.802
0.797
0.791
0.785
0.78
0.774
0.768
0.763
0.757
0.751
0.746
0.74
0.734
0.729
0.723
0.718
0.712
0.706
0.701
0.695
0.689
0.684
0.678
0.672
0.667
0.664
0.662
0.66
0.658
0.655
0.653
0.651
0.649
0.646
0.644
0.642
0.64
0.637
0.635
0.633
0.631
0.628
0.626
0.624
0.622
0.619
0.617
0.615
0.613
0.61
0.608
0.606
0.604
0.601
0.599
0.597
0.595
0.592
0.59
0.588
0.586
0.583
0.581
0.579
0.577
0.574
0.572
0.57
0.568
0.565
0.563
0.561
0.559
0.556
0.554
0.552
0.55
0.547
0.545
0.543
0.541
0.538
0.536
0.534
0.532
0.529
0.527
0.525
0.523
0.52
0.518
0.516
0.514
0.511
0.509
0.507
0.505
0.502
0.5
0.519
0.538
0.558
0.577
0.596
0.615
0.635
0.654
0.673
0.692
0.712
0.731
0.75
0.769
0.788
0.808
0.827
0.846
0.865
0.885
0.904
0.923
0.942
0.962
0.981
1.0
0.993
0.987
0.98
0.974
0.967
0.96
0.954
0.947
0.94
0.934
0.927
0.921
0.914
0.907
0.901
0.894
0.888
0.881
0.874
0.868
0.861
0.854
0.848
0.841
0.835
0.828
0.821
0.815
0.808
0.802
0.795
0.788
0.782
0.775
0.769
0.762
0.755
0.749
0.742
0.735
0.729
0.722
0.716
0.709
0.702
0.696
0.689
0.683
0.676
0.669
0.663
0.656
0.649
0.643
0.636
0.63
0.623
0.616
0.61
0.603
0.597
0.59
0.583
0.577
0.57
0.563
0.557
0.55
0.544
0.537
0.53
0.524
0.517
0.511
0.504
0.497
0.491
0.484
0.478
0.471
0.464
0.458
0.451
0.444
0.443
0.442
0.441
0.44
0.439
0.438
0.437
0.436
0.435
0.434
0.433
0.432
0.431
0.43
0.429
0.427
0.426
0.425
0.424
0.423
0.422
0.421
0.42
0.419
0.418
0.417
0.416
0.415
0.414
0.413
0.412
0.411
0.409
0.408
0.407
0.406
0.405
0.404
0.403
0.402
0.401
0.4
0.399
0.398
0.397
0.396
0.395
0.394
0.393
0.391
0.39
0.389
0.388
0.387
0.386
0.385
0.384
0.383
0.382
0.381
0.38
0.379
0.378
0.377
0.376
0.374
0.373
0.372
0.371
0.37
0.369
0.368
0.367
0.366
0.365
0.364
0.363
0.362
0.361
0.36
0.359
0.358
0.356
0.355
0.354
0.353
0.352
0.351
0.35
0.349
0.348
0.347
0.346
0.345
0.344
0.343
0.342
0.341
0.34
0.338
0.337
0.336
0.335
0.334
0.333
0.332
0.331
0.33
0.329
0.328
0.327
0.326
0.325
0.324
0.323
0.321
0.32
0.319
0.318
0.317
0.316
0.315
0.314
0.313
0.312
0.311
0.31
0.309
0.308
0.307
0.306
0.305
0.303
0.302
0.301
0.3
0.299
0.298
0.297
0.296
0.295
0.294
0.293
0.292
0.291
0.29
0.289
0.288
0.287
0.285
0.284
0.283
0.282
0.281
0.28
0.279
0.278
0.277
0.276
0.275
0.274
0.273
0.276
0.28
0.283
0.287
0.29
0.294
0.297
0.301
0.304
0.308
0.311
0.315
0.318
0.322
0.325
0.329
0.332
0.336
0.339
0.343
0.346
0.35
0.353
0.357
0.36
0.364
0.367
0.371
0.374
0.378
0.381
0.385
0.388
0.392
0.395
0.399
0.402
0.406
0.409
0.413
0.416
0.42
0.423
0.427
0.43
0.434
0.437
0.441
0.444
0.448
0.451
0.455
0.458
0.462
0.465
0.469
0.472
0.476
0.479
0.483
0.486
0.49
0.493
0.497
0.5
0.502
0.505
0.507
0.51
0.512
0.515
0.517
0.52
0.522
0.525
0.527
0.53
0.532
0.535
0.537
0.54
0.542
0.545
0.547
0.55
0.552
0.555
0.557
0.56
0.562
0.565
0.567
0.57
0.572
0.575
0.577
0.58
0.582
0.585
0.587
0.59
0.592
0.595
0.597
0.6
0.602
0.604
0.607
0.609
0.612
0.614
0.617
0.619
0.622
0.624
0.627
0.629
0.632
0.634
0.637
0.639
0.642
0.644
0.647
0.649
0.652
0.654
0.657
0.659
0.662
0.664
0.667
0.668
0.669
0.67
0.671
0.672
0.673
0.674
0.675
0.676
0.677
0.679
0.68
0.681
0.682
0.683
0.684
0.685
0.686
0.687
0.688
0.689
0.69
0.692
0.693
0.694
0.695
0.696
0.697
0.698
0.699
0.7
0.701
0.702
0.703
0.705
0.706
0.707
0.708
0.709
0.71
0.711
0.712
0.713
0.714
0.715
0.716
0.718
0.719
0.72
0.721
0.722
0.723
0.724
0.725
0.726
0.727
0.728
0.729
0.731
0.732
0.733
0.734
0.735
0.736
0.737
0.738
0.739
0.74
0.741
0.742
0.744
0.745
0.746
0.747
0.748
0.749
0.75
0.751
0.752
0.753
0.754
0.755
0.756
0.758
0.759
0.76
0.761
0.762
0.763
0.764
0.765
0.766
0.767
0.768
0.769
0.771
0.772
0.773
0.774
0.775
0.776
0.777
0.778
0.779
0.78
0.781
0.782
0.784
0.785
0.786
0.787
0.788
0.789
0.79
0.791
0.792
0.793
0.794
0.795
0.797
0.798
0.799
0.8
0.801
0.802
0.803
0.804
0.805
0.806
0.807
0.808
0.81
0.811
0.812
0.813
0.814
0.815
0.816
0.817
0.818
0.819
0.82
0.821
0.823
0.824
0.825
0.826
0.827
0.828
0.829
0.83
0.831
0.832
0.833
0.834
0.835
0.837
0.838
0.839
0.84
0.841
0.842
0.843
0.844
0.845
0.846
0.847
0.848
0.85
0.851
0.852
0.853
0.854
0.855
0.856
0.857
0.858
0.859
0.86
0.861
0.863
0.864
0.865
0.866
0.867
0.868
0.869
0.87
0.871
0.872
0.873
0.874
0.876
0.877
0.878
0.879
0.88
0.881
0.882
0.883
0.884
0.885
0.886
0.887
0.889
0.89
0.891
0.892
0.893
0.894
0.895
0.896
0.897
0.898
0.899
0.9
0.902
0.903
0.904
0.905
0.906
0.907
0.908
0.909
0.91
0.911
0.912
0.913
0.915
0.916
0.917
0.918
0.919
0.92
0.921
0.922
0.923
0.924
0.925
0.926
0.927
0.929
0.93
0.931
0.932
0.933
0.934
0.935
0.936
0.937
0.938
0.939
0.94
0.942
0.943
0.944
0.945
0.946
0.947
0.948
0.949
0.95
0.951
0.952
0.953
0.955
0.956
0.957
0.958
0.959
0.96
0.961
0.962
0.963
0.964
0.965
0.966
0.968
0.969
0.97
0.971
0.972
0.973
0.974
0.975
0.976
0.977
0.978
0.979
0.981
0.982
0.983
0.984
0.985
0.986
0.987
0.988
0.989
0.99
0.991
0.992
0.994
0.995
0.996
0.997
0.998
0.999
1.0
1.0
1.0
1.0
1.0
1.0
1.0
1.0
1.0
1.0
1.0
1.0
1.0
1.0
1.0
1.0
1.0
1.0
1.0
1.0
0.991
0.983
0.974
0.966
0.957
0.949
0.94
0.932
0.923
0.915
0.906
0.898
0.889
0.881
0.872
0.864
0.855
0.847
0.838
0.83
0.821
0.813
0.804
0.796
0.787
0.779
0.77
0.762
0.753
0.745
0.736
0.728
0.719
0.711
0.702
0.694
0.685
0.677
0.668
0.66
0.651
0.643
0.634
0.626
0.617
0.609
0.6
0.591
0.583
0.574
0.566
0.557
0.549
0.54
0.532
0.523
0.515
0.506
0.498
0.489
0.481
0.472
0.464
0.455
0.447
0.438
0.43
0.421
0.413
0.404
0.396
0.387
0.379
0.37
0.362
0.353
0.345
0.336
0.328
0.319
0.311
0.302
0.294
0.285
0.277
0.268
0.26
0.251
0.243
0.234
0.226
0.217
0.209
0.2
0.197
0.195
0.192
0.189
0.186
0.184
0.181
0.178
0.176
0.173
0.17
0.167
0.165
0.162
0.159
0.157
0.154
0.151
0.148
0.146
0.143
0.14
0.138
0.135
0.132
0.129
0.127
0.124
0.121
0.119
0.116
0.113
0.11
0.108
0.105
0.102
0.1
0.097
0.094
0.091
0.089
0.086
0.083
0.09
0.097
0.104
0.111
0.118
0.125
0.132
0.139
0.146
0.153
0.16
0.167
0.174
0.181
0.188
0.194
0.201
0.208
0.215
0.222
0.229
0.236
0.243
0.25
0.257
0.264
0.271
0.278
0.285
0.292
0.299
0.306
0.312
0.319
0.326
0.333
0.34
0.347
0.354
0.361
0.368
0.375
0.382
0.389
0.396
0.403
0.41
0.417
0.424
0.431
0.437
0.444
0.451
0.458
0.465
0.472
0.479
0.486
0.493
0.5
0.507
0.514
0.521
0.528
0.535
0.542
0.549
0.556
0.562
0.569
0.576
0.583
0.59
0.597
0.604
0.611
0.618
0.625
0.632
0.639
0.646
0.653
0.66
0.667
0.674
0.681
0.688
0.694
0.701
0.708
0.715
0.722
0.729
0.736
0.743
0.75
0.751
0.752
0.753
0.754
0.755
0.757
0.758
0.759
0.76
0.761
0.762
0.763
0.764
0.765
0.766
0.768
0.769
0.77
0.771
0.772
0.773
0.774
0.775
0.776
0.777
0.779
0.78
0.781
0.782
0.783
0.784
0.785
0.786
0.787
0.788
0.789
0.791
0.792
0.793
0.794
0.795
0.796
0.797
0.798
0.799
0.8
0.802
0.803
0.804
0.805
0.806
0.807
0.808
0.809
0.81
0.811
0.812
0.814
0.815
0.816
0.817
0.818
0.819
0.82
0.821
0.822
0.823
0.825
0.826
0.827
0.828
0.829
0.83
0.831
0.832
0.833
0.834
0.836
0.837
0.838
0.839
0.84
0.841
0.842
0.843
0.844
0.846
0.847
0.848
0.849
0.85
0.851
0.852
0.853
0.854
0.856
0.857
0.858
0.859
0.86
0.861
0.862
0.863
0.864
0.866
0.867
0.868
0.869
0.87
0.871
0.872
0.873
0.874
0.876
0.877
0.878
0.879
0.88
0.881
0.882
0.883
0.884
0.886
0.887
0.888
0.889
0.89
0.891
0.892
0.893
0.894
0.896
0.897
0.898
0.899
0.9
0.901
0.902
0.903
0.904
0.906
0.907
0.908
0.909
0.91
0.911
0.912
0.913
0.914
0.916
0.917
0.918
0.919
0.92
0.921
0.922
0.923
0.924
0.926
0.927
0.928
0.929
0.93
0.931
0.932
0.933
0.934
0.936
0.937
0.938
0.939
0.94
0.941
0.942
0.943
0.944
0.946
0.947
0.948
0.949
0.95
0.951
0.952
0.953
0.954
0.956
0.957
0.958
0.959
0.96
0.961
0.962
0.963
0.964
0.966
0.967
0.968
0.969
0.97
0.971
0.972
0.973
0.974
0.976
0.977
0.978
0.979
0.98
0.981
0.982
0.983
0.984
0.986
0.987
0.988
0.989
0.99
0.991
0.992
0.993
0.994
0.996
0.997
0.998
0.999
1.0
1.0
1.0
1.0
1.0
1.0
1.0
1.0
1.0
1.0
1.0
1.0
1.0
1.0
1.0
1.0
1.0
1.0
1.0
1.0
0.996
0.993
0.989
0.986
0.982
0.979
0.975
0.971
0.968
0.964
0.961
0.957
0.954
0.95
0.946
0.943
0.939
0.936
0.932
0.929
0.925
0.921
0.918
0.914
0.911
0.907
0.904
0.9
0.896
0.893
0.889
0.886
0.882
0.879
0.875
0.871
0.868
0.864
0.861
0.857
0.854
0.85
0.846
0.843
0.839
0.836
0.832
0.829
0.825
0.821
0.818
0.814
0.811
0.807
0.804
0.8
0.796
0.793
0.789
0.786
0.782
0.779
0.775
0.771
0.768
0.764
0.761
0.757
0.754
0.75
0.751
0.752
0.754
0.755
0.756
0.757
0.759
0.76
0.761
0.762
0.763
0.765
0.766
0.767
0.768
0.769
0.771
0.772
0.773
0.774
0.776
0.777
0.778
0.779
0.78
0.782
0.783
0.784
0.785
0.787
0.788
0.789
0.79
0.791
0.793
0.794
0.795
0.796
0.797
0.799
0.8
0.801
0.802
0.804
0.805
0.806
0.807
0.808
0.81
0.811
0.812
0.813
0.815
0.816
0.817
0.818
0.819
0.821
0.822
0.823
0.824
0.825
0.827
0.828
0.829
0.83
0.832
0.833
0.834
0.835
0.836
0.838
0.839
0.84
0.841
0.843
0.844
0.845
0.846
0.847
0.849
0.85
0.851
0.852
0.853
0.855
0.856
0.857
0.851
0.845
0.839
0.833
0.827
0.821
0.815
0.808
0.802
0.796
0.79
0.784
0.778
0.772
0.766
0.76
0.754
0.748
0.741
0.735
0.729
0.723
0.717
0.711
0.705
0.699
0.693
0.687
0.681
0.674
0.668
0.662
0.656
0.65
0.644
0.638
0.632
0.626
0.62
0.614
0.607
0.601
0.595
0.589
0.583
0.577
0.571
0.565
0.559
0.553
0.547
0.54
0.534
0.528
0.522
0.516
0.51
0.504
0.498
0.492
0.486
0.48
0.473
0.467
0.461
0.455
0.449
0.443
0.437
0.431
0.425
0.419
0.413
0.406
0.4
0.394
0.388
0.382
0.376
0.37
0.364
0.358
0.352
0.346
0.339
0.333
0.334
0.334
0.335
0.335
0.336
0.336
0.336
0.337
0.337
0.338
0.338
0.339
0.339
0.34
0.34
0.34
0.341
0.341
0.342
0.342
0.343
0.343
0.344
0.344
0.345
0.345
0.345
0.346
0.346
0.347
0.347
0.348
0.348
0.349
0.349
0.349
0.35
0.35
0.351
0.351
0.352
0.352
0.353
0.353
0.353
0.354
0.354
0.355
0.355
0.356
0.356
0.357
0.357
0.357
0.358
0.358
0.359
0.359
0.36
0.36
0.361
0.361
0.362
0.362
0.362
0.363
0.363
0.364
0.364
0.365
0.365
0.366
0.366
0.366
0.367
0.367
0.368
0.368
0.369
0.369
0.37
0.37
0.37
0.371
0.371
0.372
0.372
0.373
0.373
0.374
0.374
0.374
0.375
0.375
0.376
0.376
0.377
0.377
0.378
0.378
0.378
0.379
0.379
0.38
0.38
0.381
0.381
0.382
0.382
0.383
0.383
0.383
0.384
0.384
0.385
0.385
0.386
0.386
0.387
0.387
0.387
0.388
0.388
0.389
0.389
0.39
0.39
0.391
0.391
0.391
0.392
0.392
0.393
0.393
0.394
0.394
0.395
0.395
0.395
0.396
0.396
0.397
0.397
0.398
0.398
0.399
0.399
0.4
0.4
0.4
0.401
0.401
0.402
0.402
0.403
0.403
0.404
0.404
0.404
0.405
0.405
0.406
0.406
0.407
0.407
0.408
0.408
0.408
0.409
0.409
0.41
0.41
0.411
0.411
0.412
0.412
0.412
0.413
0.413
0.414
0.414
0.415
0.415
0.416
0.416
0.416
0.417
0.417
0.418
0.418
0.419
0.419
0.42
0.42
0.421
0.421
0.421
0.422
0.422
0.423
0.423
0.424
0.424
0.425
0.425
0.425
0.426
0.426
0.427
0.427
0.428
0.428
0.429
0.429
0.429
0.429
0.429
0.429
0.429
0.429
0.429
0.429
0.429
0.429
0.429
0.429
0.429
0.429
0.429
0.429
0.429
0.429
0.429
0.429
0.429
0.429
0.429
0.429
0.429
0.429
0.429
0.429
0.429
0.429
0.429
0.429
0.429
0.429
0.429
0.429
0.429
0.429
0.429
0.429
0.429
0.429
0.429
0.429
0.429
0.429
0.429
0.429
0.429
0.429
0.429
0.429
0.429
0.429
0.429
0.429
0.429
0.429
0.429
0.429
0.429
0.429
0.429
0.429
0.429
0.429
0.429
0.429
0.429
0.429
0.429
0.429
0.429
0.429
0.429
0.429
0.429
0.429
0.429
0.429
0.429
0.429
0.429
0.429
0.429
0.429
0.429
0.429
0.429
0.429
0.429
0.429
0.429
0.429
0.429
0.429
0.429
0.429
0.429
0.429
0.429
0.429
0.429
0.429
0.433
0.437
0.442
0.446
0.45
0.455
0.459
0.463
0.468
0.472
0.476
0.481
0.485
0.489
0.494
0.498
0.502
0.507
0.511
0.515
0.52
0.524
0.528
0.533
0.537
0.542
0.546
0.55
0.555
0.559
0.563
0.568
0.572
0.576
0.581
0.585
0.589
0.594
0.598
0.602
0.607
0.611
0.615
0.62
0.624
0.628
0.633
0.637
0.641
0.646
0.65
0.654
0.659
0.663
0.667
0.672
0.676
0.681
0.685
0.689
0.694
0.698
0.702
0.707
0.711
0.715
0.72
0.724
0.728
0.733
0.737
0.741
0.746
0.75
0.745
0.739
0.734
0.728
0.723
0.718
0.712
0.707
0.702
0.696
0.691
0.685
0.68
0.675
0.669
0.664
0.658
0.653
0.648
0.642
0.637
0.632
0.626
0.621
0.615
0.61
0.605
0.599
0.594
0.588
0.583
0.578
0.572
0.567
0.562
0.556
0.551
0.545
0.54
0.535
0.529
0.524
0.518
0.513
0.508
0.502
0.497
0.492
0.486
0.481
0.475
0.47
0.465
0.459
0.454
0.448
0.443
0.438
0.432
0.427
0.422
0.416
0.411
0.405
0.4
0.403
0.406
0.409
0.413
0.416
0.419
0.422
0.425
0.428
0.431
0.434
0.438
0.441
0.444
0.447
0.45
0.453
0.456
0.459
0.462
0.466
0.469
0.472
0.475
0.478
0.481
0.484
0.488
0.491
0.494
0.497
0.5
0.504
0.508
0.512
0.516
0.52
0.524
0.528
0.532
0.536
0.54
0.544
0.548
0.552
0.556
0.56
0.564
0.568
0.572
0.576
0.58
0.584
0.588
0.592
0.596
0.6
0.591
0.582
0.573
0.564
0.555
0.546
0.537
0.528
0.519
0.51
0.501
0.492
0.483
0.475
0.466
0.457
0.448
0.439
0.43
0.421
0.412
0.403
0.394
0.385
0.376
0.367
0.358
0.349
0.34
0.331
0.322
0.313
0.304
0.295
0.286
0.277
0.268
0.259
0.25
0.241
0.232
0.224
0.215
0.206
0.197
0.188
0.179
0.17
0.161
0.152
0.143
0.144
0.145
0.146
0.147
0.148
0.149
0.15
0.151
0.152
0.153
0.155
0.156
0.157
0.158
0.159
0.16
0.161
0.162
0.163
0.164
0.165
0.166
0.167
0.168
0.169
0.17
0.171
0.173
0.174
0.175
0.176
0.177
0.178
0.179
0.18
0.181
0.182
0.183
0.184
0.185
0.186
0.187
0.188
0.19
0.191
0.192
0.193
0.194
0.195
0.196
0.197
0.198
0.199
0.2
0.201
0.202
0.203
0.204
0.205
0.207
0.208
0.209
0.21
0.211
0.212
0.213
0.214
0.215
0.216
0.217
0.218
0.219
0.22
0.221
0.222
0.223
0.225
0.226
0.227
0.228
0.229
0.23
0.231
0.232
0.233
0.234
0.235
0.236
0.237
0.238
0.239
0.24
0.242
0.243
0.244
0.245
0.246
0.247
0.248
0.249
0.25
0.256
0.262
0.269
0.275
0.281
0.288
0.294
0.3
0.306
0.312
0.319
0.325
0.331
0.338
0.344
0.35
0.356
0.362
0.369
0.375
0.381
0.388
0.394
0.401
0.407
0.414
0.42
0.427
0.433
0.44
0.446
0.453
0.459
0.466
0.472
0.478
0.485
0.491
0.498
0.504
0.511
0.517
0.524
0.53
0.537
0.543
0.55
0.556
0.562
0.569
0.575
0.582
0.588
0.595
0.601
0.608
0.614
0.621
0.627
0.634
0.64
0.647
0.653
0.659
0.666
0.672
0.679
0.685
0.692
0.698
0.705
0.711
0.718
0.724
0.731
0.737
0.744
0.75
0.749
0.748
0.747
0.745
0.744
0.743
0.742
0.741
0.74
0.739
0.737
0.736
0.735
0.734
0.733
0.732
0.731
0.729
0.728
0.727
0.726
0.725
0.724
0.723
0.721
0.72
0.719
0.718
0.717
0.716
0.715
0.713
0.712
0.711
0.71
0.709
0.708
0.707
0.705
0.704
0.703
0.702
0.701
0.7
0.699
0.697
0.696
0.695
0.694
0.693
0.692
0.691
0.689
0.688
0.687
0.686
0.685
0.684
0.683
0.682
0.68
0.679
0.678
0.677
0.676
0.675
0.674
0.672
0.671
0.67
0.669
0.668
0.667
0.663
0.66
0.656
0.653
0.649
0.645
0.642
0.638
0.635
0.631
0.628
0.624
0.621
0.617
0.614
0.61
0.607
0.603
0.599
0.596
0.592
0.589
0.585
0.582
0.578
0.575
0.571
0.568
0.564
0.561
0.557
0.554
0.55
0.546
0.543
0.539
0.536
0.532
0.529
0.525
0.522
0.518
0.515
0.511
0.508
0.504
0.501
0.497
0.493
0.49
0.486
0.483
0.479
0.476
0.472
0.469
0.465
0.462
0.458
0.455
0.456
0.458
0.46
0.462
0.464
0.466
0.468
0.47
0.471
0.473
0.475
0.477
0.479
0.481
0.483
0.485
0.487
0.488
0.49
0.492
0.494
0.496
0.498
0.5
0.502
0.503
0.505
0.507
0.509
0.511
0.513
0.515
0.517
0.519
0.52
0.522
0.524
0.526
0.528
0.53
0.532
0.534
0.535
0.537
0.539
0.541
0.543
0.545
0.547
0.549
0.551
0.552
0.554
0.556
0.558
0.56
0.562
0.564
0.566
0.567
0.569
0.571
0.573
0.575
0.577
0.579
0.581
0.583
0.584
0.586
0.588
0.59
0.592
0.594
0.596
0.598
0.599
0.601
0.603
0.605
0.607
0.609
0.611
0.613
0.615
0.616
0.618
0.62
0.622
0.624
0.626
0.628
0.63
0.631
0.633
0.635
0.637
0.639
0.641
0.643
0.645
0.646
0.648
0.65
0.652
0.654
0.656
0.658
0.66
0.662
0.663
0.665
0.667
0.669
0.671
0.673
0.675
0.677
0.678
0.68
0.682
0.684
0.686
0.688
0.69
0.692
0.694
0.695
0.697
0.699
0.701
0.703
0.705
0.707
0.709
0.71
0.712
0.714
0.716
0.718
0.72
0.722
0.724
0.726
0.727
0.729
0.731
0.733
0.735
0.737
0.739
0.741
0.742
0.744
0.746
0.748
0.75
0.751
0.751
0.752
0.752
0.753
0.753
0.754
0.755
0.755
0.756
0.756
0.757
0.758
0.758
0.759
0.759
0.76
0.76
0.761
0.762
0.762
0.763
0.763
0.764
0.764
0.765
0.766
0.766
0.767
0.767
0.768
0.769
0.769
0.77
0.77
0.771
0.771
0.772
0.773
0.773
0.774
0.774
0.775
0.775
0.776
0.777
0.777
0.778
0.778
0.779
0.78
0.78
0.781
0.781
0.782
0.782
0.783
0.784
0.784
0.785
0.785
0.786
0.786
0.787
0.788
0.788
0.789
0.789
0.79
0.791
0.791
0.792
0.792
0.793
0.793
0.794
0.795
0.795
0.796
0.796
0.797
0.797
0.798
0.799
0.799
0.8
0.8
0.801
0.802
0.802
0.803
0.803
0.804
0.804
0.805
0.806
0.806
0.807
0.807
0.808
0.808
0.809
0.81
0.81
0.811
0.811
0.812
0.812
0.813
0.814
0.814
0.815
0.815
0.816
0.817
0.817
0.818
0.818
0.819
0.819
0.82
0.821
0.821
0.822
0.822
0.823
0.823
0.824
0.825
0.825
0.826
0.826
0.827
0.828
0.828
0.829
0.829
0.83
0.83
0.831
0.832
0.832
0.833
0.833
0.802
0.771
0.74
0.708
0.677
0.646
0.615
0.583
0.552
0.521
0.49
0.458
0.427
0.396
0.365
0.333
0.343
0.352
0.361
0.37
0.38
0.389
0.398
0.407
0.417
0.426
0.435
0.444
0.454
0.463
0.472
0.481
0.491
0.5
0.509
0.519
0.528
0.537
0.546
0.556
0.565
0.574
0.583
0.593
0.602
0.611
0.62
0.63
0.639
0.648
0.657
0.667
0.652
0.637
0.622
0.607
0.592
0.577
0.562
0.548
0.533
0.518
0.503
0.488
0.473
0.458
0.443
0.429
0.422
0.415
0.408
0.401
0.395
0.388
0.381
0.374
0.367
0.361
0.354
0.347
0.34
0.333
0.327
0.32
0.313
0.306
0.299
0.293
0.286
0.286
0.286
0.286
0.286
0.286
0.286
0.286
0.286
0.286
0.286
0.286
0.286
0.286
0.286
0.286
0.286
0.286
0.286
0.286
0.286
0.286
0.286
0.286
0.286
0.286
0.286
0.286
0.286
0.286
0.286
0.286
0.286
0.286
0.286
0.286
0.286
0.286
0.286
0.286
0.286
0.286
0.286
0.286
0.286
0.286
0.286
0.286
0.286
0.286
0.286
0.286
0.286
0.286
0.286
0.286
0.286
0.286
0.286
0.286
0.286
0.286
0.286
0.286
0.286
0.286
0.286
0.286
0.286
0.286
0.286
0.286
0.286
0.286
0.286
0.286
0.286
0.286
0.286
0.286
0.286
0.286
0.286
0.286
0.286
0.286
0.286
0.286
0.286
0.286
0.286
0.286
0.286
0.286
0.286
0.286
0.286
0.286
0.286
0.286
0.286
0.286
0.286
0.294
0.302
0.31
0.318
0.326
0.334
0.343
0.351
0.359
0.367
0.375
0.383
0.391
0.399
0.407
0.416
0.424
0.432
0.44
0.448
0.456
0.464
0.472
0.481
0.489
0.497
0.505
0.513
0.521
0.529
0.537
0.545
0.554
0.562
0.57
0.578
0.586
0.594
0.602
0.61
0.619
0.627
0.635
0.643
0.651
0.659
0.667
0.675
0.683
0.692
0.7
0.708
0.716
0.724
0.732
0.74
0.748
0.756
0.765
0.773
0.781
0.789
0.797
0.805
0.813
0.821
0.83
0.838
0.846
0.854
0.862
0.87
0.878
0.886
0.894
0.903
0.911
0.919
0.927
0.935
0.943
0.951
0.959
0.968
0.976
0.984
0.992
1.0
0.984
0.968
0.951
0.935
0.919
0.903
0.886
0.87
0.854
0.838
0.821
0.805
0.789
0.773
0.756
0.74
0.724
0.708
0.692
0.675
0.659
0.643
0.627
0.61
0.594
0.578
0.562
0.545
0.529
0.513
0.497
0.481
0.464
0.448
0.432
0.416
0.399
0.383
0.367
0.351
0.334
0.318
0.302
0.286
0.29
0.295
0.299
0.304
0.309
0.313
0.318
0.322
0.327
0.331
0.336
0.34
0.345
0.35
0.354
0.359
0.363
0.368
0.372
0.377
0.381
0.386
0.391
0.395
0.4
0.404
0.409
0.413
0.418
0.422
0.427
0.432
0.436
0.441
0.445
0.45
0.454
0.459
0.464
0.468
0.473
0.477
0.482
0.486
0.491
0.495
0.5
0.5
0.5
0.5
0.5
0.5
0.5
0.5
0.5
0.5
0.5
0.5
0.5
0.5
0.5
0.5
0.5
0.5
0.5
0.5
0.5
0.5
0.5
0.5
0.5
0.5
0.5
0.5
0.5
0.5
0.5
