0.0
0.009
0.017
0.025
0.034
0.042
0.05
0.058
0.066
0.073
0.081
0.089
0.096
0.104
0.111
0.118
0.125
0.132
0.139
0.146
0.153
0.16
0.167
0.17
0.173
0.177
0.18
0.183
0.186
0.189
0.192
0.195
0.197
0.2
0.203
0.205
0.208
0.21
0.213
0.215
0.217
0.219
0.221
0.223
0.225
0.227
0.229
0.231
0.233
0.235
0.236
0.238
0.24
0.241
0.243
0.244
0.245
0.247
0.248
0.249
0.251
0.252
0.253
0.254
0.255
0.256
0.257
0.258
0.259
0.26
0.261
0.262
0.262
0.263
0.264
0.265
0.265
0.266
0.267
0.267
0.268
0.268
0.269
0.269
0.27
0.27
0.271
0.271
0.272
0.272
0.273
0.273
0.273
0.274
0.274
0.274
0.275
0.275
0.275
0.276
0.276
0.276
0.277
0.277
0.277
0.278
0.278
0.278
0.279
0.279
0.279
0.28
0.28
0.28
0.281
0.281
0.282
0.282
0.282
0.283
0.283
0.284
0.284
0.285
0.285
0.286
0.285
0.285
0.285
0.285
0.284
0.284
0.284
0.284
0.284
0.283
0.283
0.283
0.283
0.283
0.283
0.283
0.282
0.282
0.282
0.282
0.282
0.282
0.281
0.281
0.281
0.281
0.281
0.28
0.28
0.28
0.28
0.279
0.279
0.279
0.278
0.278
0.278
0.277
0.277
0.276
0.276
0.275
0.274
0.274
0.273
0.272
0.272
0.271
0.27
0.269
0.268
0.267
0.266
0.265
0.264
0.263
0.262
0.26
0.259
0.258
0.256
0.255
0.253
0.252
0.25
0.25
0.249
0.249
0.248
0.248
0.247
0.246
0.246
0.245
0.244
0.243
0.243
0.242
0.241
0.24
0.239
0.238
0.238
0.237
0.236
0.235
0.234
0.234
0.233
0.232
0.232
0.231
0.23
0.23
0.229
0.229
0.229
0.228
0.228
0.228
0.228
0.228
0.228
0.228
0.229
0.229
0.23
0.23
0.231
0.232
0.233
0.234
0.235
0.236
0.238
0.24
0.241
0.243
0.245
0.247
0.25
0.252
0.255
0.258
0.261
0.264
0.268
0.271
0.275
0.279
0.283
0.288
0.292
0.297
0.302
0.307
0.313
0.319
0.325
0.331
0.337
0.344
0.351
0.358
0.365
0.373
0.381
0.389
0.398
0.406
0.416
0.425
0.435
0.444
0.463
0.482
0.502
0.521
0.541
0.561
0.58
0.6
0.62
0.641
0.661
0.681
0.701
0.72
0.74
0.76
0.779
0.798
0.817
0.835
0.854
0.871
0.889
0.893
0.897
0.9
0.903
0.905
0.907
0.909
0.91
0.911
0.912
0.912
0.912
0.911
0.911
0.909
0.908
0.906
0.904
0.902
0.899
0.896
0.893
0.889
0.885
0.881
0.876
0.872
0.867
0.862
0.856
0.85
0.844
0.838
0.832
0.825
0.819
0.812
0.804
0.797
0.789
0.782
0.774
0.766
0.757
0.749
0.74
0.732
0.723
0.714
0.705
0.695
0.686
0.676
0.667
0.657
0.647
0.638
0.628
0.618
0.608
0.598
0.587
0.577
0.567
0.556
0.546
0.536
0.525
0.515
0.505
0.494
0.484
0.473
0.463
0.453
0.442
0.432
0.422
0.411
0.401
0.391
0.381
0.371
0.361
0.351
0.341
0.332
0.322
0.313
0.303
0.294
0.285
0.276
0.267
0.259
0.25
0.245
0.239
0.234
0.229
0.224
0.219
0.215
0.21
0.206
0.202
0.198
0.194
0.19
0.186
0.183
0.179
0.176
0.173
0.17
0.167
0.164
0.161
0.159
0.156
0.154
0.152
0.15
0.148
0.146
0.144
0.142
0.14
0.139
0.137
0.136
0.135
0.134
0.132
0.131
0.131
0.13
0.129
0.128
0.128
0.127
0.127
0.126
0.126
0.126
0.125
0.125
0.125
0.125
0.125
0.125
0.125
0.126
0.126
0.126
0.127
0.127
0.127
0.128
0.128
0.129
0.13
0.13
0.131
0.132
0.132
0.133
0.134
0.135
0.136
0.137
0.137
0.138
0.139
0.14
0.141
0.142
0.143
0.144
0.145
0.146
0.147
0.148
0.149
0.15
0.151
0.152
0.153
0.154
0.155
0.156
0.157
0.158
0.159
0.159
0.16
0.161
0.162
0.163
0.163
0.164
0.165
0.165
0.166
0.167
0.168
0.168
0.169
0.17
0.171
0.172
0.172
0.173
0.174
0.174
0.175
0.175
0.176
0.176
0.177
0.177
0.177
0.178
0.178
0.178
0.179
0.179
0.179
0.179
0.179
0.179
0.18
0.18
0.18
0.18
0.18
0.18
0.18
0.18
0.179
0.179
0.179
0.179
0.179
0.179
0.179
0.178
0.178
0.178
0.178
0.177
0.177
0.177
0.177
0.176
0.176
0.176
0.175
0.175
0.174
0.174
0.174
0.173
0.173
0.173
0.172
0.172
0.171
0.171
0.17
0.17
0.17
0.169
0.169
0.168
0.168
0.168
0.167
0.167
0.166
0.165
0.164
0.163
0.162
0.161
0.16
0.159
0.158
0.157
0.156
0.155
0.154
0.153
0.152
0.151
0.15
0.149
0.148
0.147
0.146
0.145
0.144
0.143
0.142
0.141
0.14
0.139
0.137
0.136
0.135
0.134
0.133
0.131
0.13
0.129
0.128
0.126
0.125
0.124
0.123
0.123
0.122
0.121
0.12
0.119
0.119
0.118
0.117
0.116
0.115
0.114
0.113
0.112
0.111
0.11
0.109
0.108
0.107
0.106
0.105
0.104
0.103
0.102
0.102
0.101
0.1
0.099
0.098
0.097
0.096
0.095
0.094
0.093
0.092
0.092
0.091
0.09
0.089
0.088
0.088
0.087
0.086
0.086
0.085
0.084
0.084
0.083
0.083
0.082
0.082
0.081
0.081
0.08
0.08
0.08
0.08
0.079
0.079
0.079
0.079
0.079
0.079
0.079
0.079
0.079
0.079
0.08
0.08
0.08
0.081
0.081
0.082
0.082
0.083
0.083
0.084
0.085
0.086
0.087
0.088
0.089
0.09
0.091
0.092
0.094
0.095
0.097
0.098
0.1
0.102
0.103
0.105
0.107
0.109
0.111
0.113
0.116
0.118
0.12
0.123
0.125
0.128
0.131
0.134
0.137
0.14
0.143
0.148
0.153
0.159
0.164
0.17
0.175
0.181
0.187
0.193
0.198
0.204
0.21
0.217
0.223
0.229
0.235
0.242
0.248
0.254
0.261
0.267
0.274
0.281
0.287
0.294
0.301
0.307
0.314
0.321
0.328
0.334
0.341
0.348
0.355
0.362
0.369
0.376
0.382
0.389
0.396
0.403
0.41
0.417
0.423
0.43
0.437
0.444
0.45
0.457
0.464
0.47
0.477
0.483
0.49
0.496
0.503
0.509
0.515
0.522
0.528
0.534
0.54
0.546
0.552
0.558
0.563
0.569
0.575
0.58
0.586
0.591
0.596
0.602
0.607
0.612
0.617
0.621
0.626
0.631
0.635
0.639
0.644
0.648
0.652
0.656
0.66
0.663
0.667
0.67
0.673
0.676
0.679
0.682
0.685
0.687
0.69
0.692
0.694
0.696
0.698
0.699
0.701
0.702
0.703
0.704
0.705
0.705
0.706
0.706
0.706
0.706
0.705
0.705
0.704
0.703
0.702
0.7
0.699
0.697
0.695
0.693
0.69
0.687
0.685
0.681
0.678
0.675
0.671
0.667
0.652
0.638
0.623
0.608
0.593
0.577
0.562
0.546
0.53
0.514
0.498
0.482
0.466
0.449
0.433
0.416
0.399
0.383
0.366
0.349
0.333
0.316
0.299
0.283
0.266
0.249
0.233
0.216
0.2
0.192
0.184
0.175
0.167
0.159
0.152
0.144
0.136
0.129
0.121
0.114
0.107
0.099
0.092
0.085
0.078
0.072
0.065
0.058
0.052
0.045
0.039
0.032
0.026
0.02
0.014
0.008
0.002
-0.004
-0.009
-0.015
-0.02
-0.026
-0.031
-0.037
-0.042
-0.047
-0.052
-0.057
-0.062
-0.067
-0.072
-0.076
-0.081
-0.085
-0.09
-0.094
-0.098
-0.103
-0.107
-0.111
-0.115
-0.119
-0.123
-0.126
-0.13
-0.134
-0.137
-0.141
-0.144
-0.147
-0.151
-0.154
-0.157
-0.16
-0.163
-0.166
-0.169
-0.171
-0.174
-0.177
-0.179
-0.182
-0.184
-0.187
-0.189
-0.191
-0.194
-0.196
-0.198
-0.2
-0.202
-0.203
-0.205
-0.207
-0.209
-0.21
-0.212
-0.213
-0.215
-0.216
-0.218
-0.219
-0.22
-0.221
-0.222
-0.223
-0.224
-0.225
-0.226
-0.227
-0.228
-0.228
-0.229
-0.23
-0.23
-0.231
-0.231
-0.232
-0.232
-0.232
-0.233
-0.233
-0.233
-0.233
-0.233
-0.233
-0.233
-0.233
-0.233
-0.232
-0.232
-0.232
-0.232
-0.231
-0.231
-0.23
-0.23
-0.229
-0.229
-0.228
-0.227
-0.227
-0.226
-0.225
-0.224
-0.223
-0.222
-0.221
-0.22
-0.219
-0.218
-0.217
-0.216
-0.215
-0.213
-0.212
-0.211
-0.21
-0.208
-0.207
-0.205
-0.204
-0.202
-0.201
-0.199
-0.198
-0.196
-0.194
-0.192
-0.191
-0.189
-0.187
-0.185
-0.183
-0.181
-0.18
-0.178
-0.176
-0.174
-0.172
-0.169
-0.167
-0.165
-0.163
-0.161
-0.159
-0.157
-0.154
-0.152
-0.15
-0.147
-0.145
-0.143
-0.14
-0.138
-0.136
-0.133
-0.131
-0.128
-0.126
-0.123
-0.121
-0.118
-0.116
-0.113
-0.11
-0.108
-0.105
-0.102
-0.1
-0.097
-0.094
-0.092
-0.089
-0.086
-0.083
-0.081
-0.078
-0.075
-0.072
-0.069
-0.067
-0.064
-0.061
-0.058
-0.055
-0.052
-0.05
-0.047
-0.044
-0.041
-0.038
-0.035
-0.032
-0.029
-0.026
-0.023
-0.02
-0.018
-0.015
-0.012
-0.009
-0.006
-0.003
0.0
0.003
0.006
0.009
0.012
0.015
0.018
0.021
0.024
0.027
0.03
0.033
0.036
0.038
0.041
0.044
0.047
0.05
0.053
0.056
0.059
0.062
0.065
0.067
0.07
0.073
0.076
0.079
0.082
0.084
0.087
0.09
0.093
0.096
0.098
0.101
0.104
0.107
0.109
0.112
0.115
0.117
0.12
0.123
0.125
0.128
0.13
0.133
0.135
0.138
0.14
0.143
0.145
0.148
0.15
0.153
0.155
0.157
0.16
0.162
0.164
0.167
0.17
0.173
0.176
0.179
0.182
0.185
0.188
0.191
0.193
0.196
0.199
0.202
0.205
0.207
0.21
0.213
0.216
0.218
0.221
0.223
0.226
0.229
0.231
0.234
0.236
0.238
0.241
0.243
0.246
0.248
0.25
0.253
0.255
0.257
0.259
0.261
0.264
0.266
0.268
0.27
0.272
0.274
0.276
0.278
0.28
0.281
0.283
0.285
0.287
0.289
0.29
0.292
0.294
0.295
0.297
0.298
0.3
0.302
0.303
0.304
0.306
0.307
0.309
0.31
0.311
0.312
0.314
0.315
0.316
0.317
0.318
0.319
0.32
0.321
0.322
0.323
0.324
0.325
0.326
0.326
0.327
0.328
0.329
0.329
0.33
0.33
0.331
0.331
0.332
0.332
0.333
0.333
0.333
0.334
0.334
0.334
0.334
0.334
0.334
0.335
0.335
0.335
0.334
0.334
0.334
0.334
0.334
0.334
0.333
0.331
0.328
0.325
0.322
0.319
0.316
0.313
0.31
0.307
0.304
0.301
0.298
0.294
0.291
0.288
0.285
0.281
0.278
0.275
0.271
0.268
0.264
0.261
0.258
0.254
0.251
0.247
0.244
0.24
0.236
0.233
0.229
0.226
0.222
0.218
0.215
0.211
0.207
0.204
0.2
0.196
0.193
0.189
0.185
0.182
0.178
0.174
0.17
0.167
0.165
0.163
0.162
0.16
0.158
0.157
0.155
0.153
0.152
0.15
0.148
0.147
0.145
0.144
0.142
0.14
0.139
0.137
0.136
0.134
0.133
0.131
0.13
0.128
0.127
0.126
0.124
0.123
0.122
0.12
0.119
0.118
0.117
0.115
0.114
0.113
0.112
0.111
0.11
0.109
0.108
0.107
0.106
0.106
0.105
0.104
0.103
0.103
0.102
0.102
0.101
0.101
0.1
0.1
0.099
0.099
0.099
0.099
0.099
0.099
0.099
0.099
0.099
0.099
0.099
0.099
0.1
0.1
0.101
0.101
0.102
0.102
0.103
0.104
0.105
0.106
0.107
0.108
0.109
0.11
0.112
0.113
0.114
0.116
0.117
0.119
0.121
0.123
0.125
0.127
0.129
0.131
0.133
0.136
0.138
0.14
0.143
0.146
0.149
0.151
0.154
0.157
0.161
0.164
0.167
0.171
0.174
0.178
0.181
0.185
0.189
0.193
0.197
0.202
0.206
0.21
0.215
0.22
0.224
0.229
0.234
0.239
0.245
0.25
0.261
0.272
0.283
0.294
0.306
0.317
0.329
0.34
0.352
0.364
0.376
0.388
0.4
0.412
0.424
0.436
0.448
0.46
0.472
0.484
0.496
0.508
0.521
0.533
0.545
0.557
0.569
0.581
0.593
0.606
0.618
0.629
0.641
0.653
0.665
0.677
0.688
0.7
0.712
0.723
0.734
0.745
0.757
0.768
0.779
0.789
0.8
0.805
0.809
0.813
0.818
0.822
0.826
0.83
0.833
0.837
0.841
0.844
0.847
0.85
0.853
0.856
0.859
0.862
0.865
0.867
0.869
0.872
0.874
0.876
0.878
0.88
0.881
0.883
0.885
0.886
0.887
0.888
0.89
0.891
0.892
0.892
0.893
0.894
0.894
0.895
0.895
0.895
0.896
0.896
0.896
0.896
0.895
0.895
0.895
0.894
0.894
0.893
0.893
0.892
0.891
0.89
0.889
0.888
0.887
0.886
0.884
0.883
0.882
0.88
0.879
0.877
0.875
0.873
0.872
0.87
0.868
0.866
0.864
0.861
0.859
0.857
0.854
0.852
0.85
0.847
0.844
0.842
0.839
0.836
0.834
0.831
0.828
0.825
0.822
0.819
0.816
0.813
0.809
0.806
0.803
0.8
0.796
0.793
0.789
0.786
0.782
0.779
0.775
0.772
0.768
0.764
0.761
0.757
0.753
0.749
0.745
0.742
0.738
0.734
0.73
0.726
0.722
0.718
0.714
0.71
0.706
0.701
0.697
0.693
0.689
0.685
0.681
0.676
0.672
0.668
0.664
0.659
0.655
0.651
0.647
0.642
0.638
0.634
0.629
0.625
0.621
0.617
0.612
0.608
0.604
0.599
0.595
0.591
0.586
0.582
0.578
0.574
0.569
0.565
0.561
0.557
0.552
0.548
0.544
0.54
0.536
0.532
0.527
0.523
0.519
0.515
0.511
0.507
0.503
0.499
0.495
0.491
0.487
0.484
0.48
0.476
0.472
0.468
0.465
0.461
0.457
0.454
0.45
0.447
0.443
0.44
0.436
0.433
0.429
0.426
0.423
0.42
0.416
0.413
0.41
0.407
0.404
0.401
0.398
0.395
0.393
0.39
0.387
0.385
0.382
0.379
0.377
0.375
0.372
0.37
0.368
0.366
0.363
0.361
0.359
0.358
0.356
0.354
0.352
0.351
0.349
0.348
0.346
0.345
0.343
0.342
0.341
0.34
0.339
0.338
0.337
0.337
0.336
0.335
0.335
0.334
0.334
0.334
0.334
0.334
0.334
0.334
0.334
0.334
0.335
0.335
0.336
0.336
0.337
0.338
0.339
0.34
0.341
0.342
0.343
0.345
0.346
0.348
0.35
0.352
0.354
0.356
0.358
0.36
0.363
0.365
0.368
0.37
0.373
0.376
0.379
0.382
0.386
0.389
0.393
0.396
0.4
0.404
0.408
0.412
0.416
0.421
0.425
0.43
0.435
0.439
0.444
0.45
0.455
0.46
0.466
0.471
0.477
0.483
0.489
0.495
0.502
0.508
0.515
0.522
0.529
0.536
0.543
0.55
0.558
0.565
0.573
0.581
0.589
0.597
0.606
0.614
0.623
0.632
0.641
0.65
0.659
0.669
0.678
0.688
0.698
0.708
0.718
0.729
0.739
0.75
0.76
0.769
0.779
0.789
0.799
0.809
0.819
0.829
0.839
0.848
0.858
0.867
0.876
0.885
0.894
0.902
0.91
0.917
0.925
0.931
0.937
0.943
0.948
0.953
0.957
0.96
0.962
0.964
0.965
0.966
0.965
0.964
0.962
0.959
0.955
0.95
0.944
0.937
0.929
0.92
0.91
0.899
0.886
0.872
0.857
0.841
0.823
0.804
0.784
0.762
0.739
0.714
0.688
0.66
0.631
0.6
0.536
0.471
0.405
0.339
0.273
0.207
0.143
0.116
0.09
0.066
0.043
0.021
0.001
-0.018
-0.036
-0.052
-0.068
-0.082
-0.095
-0.107
-0.118
-0.128
-0.136
-0.144
-0.15
-0.156
-0.16
-0.163
-0.166
-0.167
-0.168
-0.167
-0.166
-0.164
-0.161
-0.157
-0.153
-0.147
-0.141
-0.134
-0.126
-0.117
-0.108
-0.098
-0.088
-0.077
-0.065
-0.052
-0.039
-0.025
-0.011
0.003
0.019
0.034
0.051
0.067
0.084
0.102
0.12
0.138
0.157
0.176
0.195
0.215
0.235
0.255
0.276
0.296
0.317
0.338
0.36
0.381
0.403
0.424
0.446
0.468
0.49
0.512
0.534
0.556
0.578
0.599
0.621
0.643
0.665
0.686
0.708
0.729
0.75
0.766
0.782
0.798
0.814
0.83
0.845
0.86
0.875
0.89
0.905
0.919
0.934
0.948
0.961
0.975
0.989
1.002
1.015
1.028
1.041
1.054
1.066
1.079
1.091
1.103
1.114
1.126
1.137
1.149
1.16
1.171
1.181
1.192
1.202
1.213
1.223
1.233
1.243
1.252
1.262
1.271
1.28
1.289
1.298
1.306
1.315
1.323
1.331
1.339
1.347
1.355
1.362
1.37
1.377
1.384
1.391
1.398
1.405
1.411
1.417
1.424
1.43
1.436
1.441
1.447
1.452
1.458
1.463
1.468
1.473
1.478
1.482
1.487
1.491
1.495
1.5
1.504
1.507
1.511
1.515
1.518
1.521
1.525
1.528
1.531
1.533
1.536
1.539
1.541
1.543
1.545
1.547
1.549
1.551
1.553
1.554
1.556
1.557
1.558
1.559
1.56
1.561
1.562
1.563
1.563
1.564
1.564
1.564
1.564
1.564
1.564
1.564
1.563
1.563
1.562
1.562
1.561
1.56
1.559
1.558
1.557
1.555
1.554
1.553
1.551
1.549
1.548
1.546
1.544
1.542
1.539
1.537
1.535
1.532
1.53
1.527
1.525
1.522
1.519
1.516
1.513
1.51
1.507
1.503
1.5
1.497
1.493
1.489
1.486
1.482
1.478
1.474
1.47
1.466
1.462
1.458
1.453
1.449
1.444
1.44
1.435
1.431
1.426
1.421
1.416
1.411
1.406
1.401
1.396
1.391
1.386
1.38
1.375
1.37
1.364
1.359
1.353
1.347
1.342
1.336
1.33
1.324
1.318
1.312
1.306
1.3
1.294
1.288
1.281
1.275
1.269
1.262
1.256
1.249
1.243
1.236
1.23
1.223
1.216
1.21
1.203
1.196
1.189
1.182
1.175
1.168
1.161
1.154
1.147
1.14
1.133
1.126
1.119
1.111
1.104
1.097
1.089
1.082
1.075
1.067
1.06
1.052
1.045
1.037
1.03
1.022
1.015
1.007
1.0
0.992
0.984
0.977
0.969
0.962
0.954
0.946
0.938
0.931
0.923
0.915
0.907
0.9
0.892
0.884
0.876
0.869
0.861
0.853
0.845
0.837
0.83
0.822
0.814
0.806
0.798
0.791
0.783
0.775
0.767
0.759
0.752
0.744
0.736
0.728
0.72
0.713
0.705
0.697
0.69
0.682
0.674
0.667
0.659
0.651
0.644
0.636
0.628
0.621
0.613
0.606
0.598
0.591
0.583
0.576
0.568
0.561
0.554
0.546
0.539
0.532
0.524
0.517
0.51
0.503
0.496
0.489
0.481
0.474
0.467
0.46
0.454
0.447
0.44
0.433
0.426
0.419
0.413
0.406
0.399
0.393
0.386
0.38
0.373
0.367
0.361
0.354
0.348
0.342
0.336
0.33
0.324
0.318
0.312
0.306
0.3
0.294
0.288
0.283
0.277
0.272
0.266
0.261
0.255
0.25
0.245
0.24
0.234
0.229
0.224
0.219
0.215
0.21
0.205
0.2
0.196
0.191
0.187
0.182
0.178
0.174
0.17
0.166
0.162
0.158
0.154
0.15
0.146
0.143
0.139
0.136
0.132
0.129
0.126
0.123
0.12
0.117
0.114
0.111
0.11
0.109
0.108
0.107
0.107
0.106
0.106
0.105
0.105
0.104
0.104
0.104
0.104
0.104
0.105
0.105
0.105
0.106
0.106
0.107
0.108
0.108
0.109
0.11
0.111
0.113
0.114
0.115
0.117
0.118
0.12
0.122
0.123
0.125
0.127
0.13
0.132
0.134
0.136
0.139
0.142
0.144
0.147
0.15
0.153
0.156
0.159
0.162
0.166
0.169
0.173
0.176
0.18
0.184
0.188
0.192
0.196
0.2
0.206
0.212
0.218
0.224
0.229
0.235
0.239
0.243
0.247
0.25
0.245
0.24
0.233
0.227
0.219
0.211
0.203
0.194
0.184
0.175
0.165
0.155
0.144
0.134
0.123
0.112
0.102
0.091
0.085
0.079
0.074
0.068
0.063
0.057
0.052
0.047
0.042
0.037
0.032
0.027
0.022
0.018
0.013
0.009
0.004
0.0
-0.004
-0.008
-0.012
-0.016
-0.02
-0.024
-0.027
-0.031
-0.034
-0.038
-0.041
-0.045
-0.048
-0.051
-0.054
-0.057
-0.06
-0.062
-0.065
-0.068
-0.07
-0.073
-0.075
-0.078
-0.08
-0.082
-0.084
-0.086
-0.088
-0.09
-0.092
-0.094
-0.095
-0.097
-0.098
-0.1
-0.101
-0.103
-0.104
-0.105
-0.106
-0.107
-0.108
-0.109
-0.11
-0.111
-0.112
-0.112
-0.113
-0.114
-0.114
-0.115
-0.115
-0.115
-0.116
-0.116
-0.116
-0.116
-0.116
-0.116
-0.116
-0.116
-0.116
-0.116
-0.115
-0.115
-0.115
-0.114
-0.114
-0.113
-0.112
-0.112
-0.111
-0.11
-0.11
-0.109
-0.108
-0.107
-0.106
-0.105
-0.104
-0.103
-0.102
-0.1
-0.099
-0.098
-0.097
-0.095
-0.094
-0.092
-0.091
-0.089
-0.088
-0.086
-0.085
-0.083
-0.081
-0.079
-0.078
-0.076
-0.074
-0.072
-0.07
-0.068
-0.066
-0.064
-0.062
-0.06
-0.058
-0.056
-0.054
-0.051
-0.049
-0.047
-0.045
-0.042
-0.04
-0.038
-0.035
-0.033
-0.03
-0.028
-0.026
-0.023
-0.021
-0.018
-0.015
-0.013
-0.01
-0.008
-0.005
-0.002
0.0
0.003
0.006
0.009
0.011
0.014
0.017
0.02
0.022
0.025
0.028
0.031
0.034
0.037
0.039
0.042
0.045
0.048
0.051
0.054
0.057
0.06
0.063
0.066
0.069
0.072
0.075
0.078
0.08
0.083
0.086
0.089
0.092
0.095
0.098
0.101
0.104
0.107
0.11
0.113
0.116
0.119
0.122
0.125
0.128
0.131
0.134
0.137
0.139
0.142
0.145
0.148
0.151
0.154
0.157
0.16
0.162
0.165
0.168
0.171
0.174
0.176
0.179
0.182
0.185
0.187
0.19
0.193
0.195
0.198
0.201
0.203
0.206
0.208
0.211
0.213
0.216
0.218
0.221
0.223
0.225
0.228
0.23
0.232
0.235
0.237
0.239
0.241
0.244
0.246
0.248
0.25
0.252
0.254
0.256
0.258
0.26
0.262
0.264
0.266
0.268
0.27
0.271
0.273
0.275
0.277
0.278
0.28
0.282
0.283
0.285
0.286
0.288
0.289
0.291
0.292
0.294
0.295
0.296
0.298
0.299
0.3
0.302
0.303
0.304
0.305
0.306
0.307
0.309
0.31
0.311
0.312
0.313
0.314
0.315
0.316
0.316
0.317
0.318
0.319
0.32
0.321
0.322
0.322
0.323
0.324
0.324
0.325
0.326
0.326
0.327
0.328
0.328
0.329
0.329
0.33
0.33
0.331
0.331
0.332
0.332
0.332
0.333
0.333
0.333
0.334
0.334
0.334
0.335
0.335
0.335
0.335
0.335
0.336
0.336
0.336
0.336
0.336
0.336
0.336
0.336
0.336
0.336
0.336
0.336
0.336
0.336
0.336
0.336
0.336
0.336
0.336
0.336
0.336
0.336
0.336
0.335
0.335
0.335
0.335
0.335
0.334
0.334
0.334
0.334
0.333
0.332
0.33
0.329
0.327
0.325
0.324
0.322
0.321
0.319
0.317
0.316
0.314
0.312
0.311
0.309
0.307
0.305
0.304
0.302
0.3
0.299
0.297
0.295
0.293
0.291
0.29
0.288
0.286
0.284
0.283
0.281
0.279
0.277
0.275
0.273
0.272
0.27
0.268
0.266
0.264
0.262
0.26
0.259
0.257
0.255
0.253
0.251
0.249
0.247
0.245
0.244
0.242
0.24
0.238
0.236
0.234
0.232
0.23
0.228
0.227
0.225
0.223
0.221
0.219
0.217
0.215
0.213
0.211
0.209
0.208
0.206
0.204
0.202
0.2
0.198
0.196
0.194
0.193
0.191
0.189
0.187
0.185
0.183
0.181
0.179
0.178
0.176
0.174
0.172
0.17
0.168
0.167
0.166
0.165
0.164
0.163
0.162
0.161
0.16
0.16
0.159
0.158
0.157
0.156
0.155
0.155
0.154
0.153
0.152
0.151
0.151
0.15
0.149
0.148
0.148
0.147
0.146
0.146
0.145
0.144
0.144
0.143
0.142
0.142
0.141
0.14
0.14
0.139
0.139
0.138
0.137
0.137
0.136
0.136
0.135
0.135
0.134
0.134
0.133
0.133
0.133
0.132
0.132
0.131
0.131
0.131
0.13
0.13
0.13
0.13
0.129
0.129
0.129
0.129
0.128
0.128
0.128
0.128
0.128
0.128
0.128
0.128
0.128
0.127
0.127
0.127
0.127
0.128
0.128
0.128
0.128
0.128
0.128
0.128
0.128
0.129
0.129
0.129
0.129
0.13
0.13
0.13
0.131
0.131
0.131
0.132
0.132
0.133
0.133
0.134
0.134
0.135
0.135
0.136
0.137
0.137
0.138
0.139
0.14
0.14
0.141
0.142
0.143
0.144
0.144
0.145
0.146
0.147
0.148
0.149
0.15
0.151
0.153
0.154
0.155
0.156
0.157
0.159
0.16
0.161
0.162
0.164
0.165
0.167
