0.0
0.143
0.286
0.304
0.322
0.341
0.359
0.377
0.396
0.414
0.432
0.451
0.469
0.487
0.505
0.524
0.542
0.56
0.579
0.597
0.615
0.634
0.652
0.67
0.689
0.707
0.725
0.744
0.762
0.78
0.799
0.817
0.835
0.853
0.872
0.89
0.908
0.927
0.945
0.963
0.982
1.0
0.94
0.881
0.821
0.762
0.702
0.643
0.583
0.524
0.464
0.405
0.345
0.286
0.343
0.4
0.457
0.514
0.571
0.629
0.686
0.743
0.8
0.857
0.856
0.856
0.855
0.854
0.854
0.853
0.852
0.852
0.851
0.85
0.85
0.849
0.848
0.848
0.847
0.846
0.846
0.845
0.844
0.844
0.843
0.842
0.842
0.841
0.84
0.84
0.839
0.838
0.838
0.837
0.836
0.836
0.835
0.834
0.834
0.833
0.832
0.832
0.831
0.83
0.83
0.829
0.828
0.828
0.827
0.826
0.826
0.825
0.824
0.824
0.823
0.822
0.822
0.821
0.82
0.819
0.819
0.818
0.817
0.817
0.816
0.815
0.815
0.814
0.813
0.813
0.812
0.811
0.811
0.81
0.809
0.809
0.808
0.807
0.807
0.806
0.805
0.805
0.804
0.803
0.803
0.802
0.801
0.801
0.8
0.817
0.833
0.85
0.867
0.883
0.9
0.917
0.933
0.95
0.967
0.983
1.0
1.0
1.0
1.0
1.0
1.0
1.0
1.0
1.0
1.0
1.0
1.0
1.0
1.0
1.0
1.0
1.0
1.0
1.0
1.0
1.0
1.0
1.0
1.0
1.0
1.0
1.0
1.0
1.0
1.0
1.0
1.0
1.0
1.0
1.0
1.0
1.0
1.0
1.0
1.0
1.0
1.0
1.0
1.0
1.0
1.0
1.0
1.0
1.0
1.0
1.0
1.0
1.0
1.0
1.0
1.0
1.0
1.0
1.0
1.0
1.0
1.0
1.0
1.0
1.0
1.0
1.0
1.0
1.0
1.0
1.0
1.0
1.0
1.0
1.0
0.98
0.961
0.941
0.921
0.901
0.882
0.862
0.842
0.822
0.803
0.783
0.763
0.743
0.724
0.704
0.684
0.664
0.645
0.625
0.708
0.792
0.875
0.868
0.861
0.854
0.846
0.839
0.832
0.825
0.818
0.811
0.804
0.796
0.789
0.782
0.775
0.768
0.761
0.754
0.746
0.739
0.732
0.725
0.718
0.711
0.704
0.696
0.689
0.682
0.675
0.668
0.661
0.654
0.646
0.639
0.632
0.625
0.618
0.611
0.604
0.596
0.589
0.582
0.575
0.568
0.561
0.554
0.546
0.539
0.532
0.525
0.518
0.511
0.504
0.496
0.489
0.482
0.475
0.468
0.461
0.454
0.446
0.439
0.432
0.425
0.418
0.411
0.404
0.396
0.389
0.382
0.375
0.378
0.382
0.385
0.389
0.392
0.395
0.399
0.402
0.406
0.409
0.412
0.416
0.419
0.423
0.426
0.43
0.433
0.436
0.44
0.443
0.447
0.45
0.453
0.457
0.46
0.464
0.467
0.47
0.474
0.477
0.481
0.484
0.487
0.491
0.494
0.498
0.501
0.504
0.508
0.511
0.515
0.518
0.521
0.525
0.528
0.532
0.535
0.539
0.542
0.545
0.549
0.552
0.556
0.574
0.593
0.611
0.63
0.648
0.667
0.685
0.704
0.722
0.741
0.759
0.778
0.789
0.8
0.811
0.822
0.833
0.844
0.856
0.867
0.878
0.889
0.9
0.911
0.922
0.933
0.944
0.956
0.967
0.978
0.989
1.0
0.998
0.996
0.994
0.991
0.989
0.987
0.985
0.983
0.981
0.978
0.976
0.974
0.972
0.97
0.968
0.965
0.963
0.961
0.959
0.957
0.955
0.952
0.95
0.948
0.946
0.944
0.942
0.939
0.937
0.935
0.933
0.931
0.929
0.926
0.924
0.922
0.92
0.918
0.916
0.913
0.911
0.909
0.907
0.905
0.903
0.9
0.898
0.896
0.894
0.892
0.89
0.887
0.885
0.883
0.881
0.879
0.877
0.874
0.872
0.87
0.868
0.866
0.864
0.861
0.859
0.857
0.841
0.825
0.81
0.794
0.778
0.762
0.746
0.73
0.714
0.698
0.683
0.667
0.675
0.683
0.692
0.7
0.708
0.717
0.725
0.733
0.742
0.75
0.765
0.779
0.794
0.809
0.824
0.838
0.853
0.868
0.882
0.897
0.912
0.926
0.941
0.956
0.971
0.985
1.0
0.978
0.956
0.933
0.911
0.889
0.867
0.844
0.822
0.8
0.801
0.803
0.804
0.805
0.806
0.808
0.809
0.81
0.812
0.813
0.814
0.815
0.817
0.818
0.819
0.821
0.822
0.823
0.824
0.826
0.827
0.828
0.829
0.831
0.832
0.833
0.811
0.789
0.767
0.744
0.722
0.7
0.678
0.656
0.633
0.611
0.589
0.567
0.544
0.522
0.5
0.75
0.763
0.776
0.789
0.803
0.816
0.829
0.842
0.855
0.868
0.882
0.895
0.908
0.921
0.934
0.947
0.961
0.974
0.987
1.0
1.0
1.0
1.0
1.0
1.0
1.0
1.0
1.0
1.0
1.0
1.0
1.0
1.0
1.0
1.0
1.0
1.0
1.0
1.0
1.0
1.0
1.0
1.0
1.0
1.0
1.0
1.0
1.0
1.0
1.0
1.0
1.0
1.0
1.0
1.0
1.0
1.0
1.0
1.0
1.0
1.0
1.0
1.0
1.0
1.0
1.0
1.0
1.0
1.0
0.963
0.926
0.889
0.852
0.815
0.778
0.741
0.704
0.667
0.63
0.593
0.556
0.575
0.594
0.614
0.633
0.652
0.671
0.691
0.71
0.729
0.749
0.768
0.787
0.807
0.826
0.845
0.865
0.884
0.903
0.923
0.942
0.961
0.981
1.0
0.997
0.993
0.99
0.987
0.983
0.98
0.976
0.973
0.97
0.966
0.963
0.96
0.956
0.953
0.949
0.946
0.943
0.939
0.936
0.933
0.929
0.926
0.923
0.919
0.916
0.912
0.909
0.906
0.902
0.899
0.896
0.892
0.889
0.896
0.903
0.91
0.917
0.924
0.931
0.938
0.944
0.951
0.958
0.965
0.972
0.979
0.986
0.993
1.0
0.994
0.987
0.981
0.975
0.969
0.962
0.956
0.95
0.944
0.937
0.931
0.925
0.918
0.912
0.906
0.9
0.893
0.887
0.881
0.875
0.868
0.862
0.856
0.85
0.843
0.837
0.831
0.824
0.818
0.826
0.835
0.843
0.851
0.86
0.868
0.876
0.884
0.893
0.901
0.909
0.917
0.926
0.934
0.942
0.95
0.959
0.967
0.975
0.983
0.992
1.0
0.992
0.984
0.977
0.969
0.961
0.953
0.945
0.938
0.93
0.922
0.914
0.906
0.898
0.891
0.883
0.875
0.867
0.859
0.852
0.844
0.836
0.828
0.82
0.812
0.805
0.797
0.789
0.781
0.773
0.766
0.758
0.75
0.771
0.792
0.812
0.833
0.854
0.875
0.896
0.917
0.938
0.958
0.979
1.0
0.988
0.976
0.964
0.952
0.94
0.929
0.917
0.905
0.893
0.881
0.869
0.857
0.845
0.833
0.821
0.81
0.798
0.786
0.774
0.762
0.75
0.738
0.726
0.714
0.702
0.69
0.679
0.667
0.655
0.643
0.631
0.619
0.607
0.595
0.583
0.571
0.56
0.548
0.536
0.524
0.512
0.5
0.529
0.559
0.588
0.618
0.647
0.676
0.706
0.735
0.765
0.794
0.824
0.853
0.882
0.912
0.941
0.971
1.0
1.0
1.0
1.0
1.0
1.0
1.0
1.0
1.0
1.0
1.0
1.0
1.0
1.0
1.0
1.0
1.0
1.0
1.0
1.0
1.0
1.0
1.0
1.0
1.0
1.0
1.0
1.0
1.0
1.0
1.0
1.0
0.986
0.971
0.957
0.942
0.928
0.913
0.899
0.884
0.87
0.855
0.841
0.826
0.812
0.797
0.783
0.768
0.754
0.739
0.725
0.71
0.696
0.681
0.667
0.671
0.675
0.68
0.684
0.688
0.693
0.697
0.701
0.706
0.71
0.714
0.719
0.723
0.727
0.732
0.736
0.74
0.745
0.749
0.753
0.758
0.762
0.766
0.771
0.775
0.779
0.784
0.788
0.792
0.797
0.801
0.805
0.81
0.814
0.818
0.823
0.827
0.831
0.835
0.84
0.844
0.848
0.853
0.857
0.861
0.866
0.87
0.874
0.879
0.883
0.887
0.892
0.896
0.9
0.905
0.909
0.913
0.918
0.922
0.926
0.931
0.935
0.939
0.944
0.948
0.952
0.957
0.961
0.965
0.97
0.974
0.978
0.983
0.987
0.991
0.996
1.0
0.991
0.982
0.973
0.964
0.955
0.946
0.938
0.929
0.92
0.911
0.902
0.893
0.884
0.875
0.866
0.857
0.848
0.839
0.83
0.821
0.812
0.804
0.795
0.786
0.777
0.768
0.759
0.75
0.694
0.639
0.583
0.528
0.472
0.417
0.361
0.306
0.25
0.268
0.286
0.304
0.321
0.339
0.357
0.375
0.393
0.411
0.429
0.446
0.464
0.482
0.5
0.518
0.536
0.554
0.571
0.589
0.607
0.625
0.643
0.661
0.679
0.696
0.714
0.732
0.75
0.768
0.786
0.804
0.821
0.839
0.857
0.875
0.893
0.911
0.929
0.946
0.964
0.982
1.0
1.0
1.0
1.0
1.0
1.0
1.0
1.0
1.0
1.0
1.0
1.0
1.0
1.0
1.0
1.0
1.0
1.0
1.0
1.0
1.0
1.0
1.0
1.0
1.0
1.0
1.0
1.0
1.0
1.0
1.0
1.0
1.0
1.0
1.0
1.0
1.0
1.0
1.0
1.0
1.0
1.0
1.0
1.0
1.0
1.0
1.0
1.0
1.0
1.0
1.0
1.0
1.0
1.0
1.0
1.0
1.0
1.0
1.0
1.0
1.0
1.0
1.0
1.0
1.0
1.0
1.0
1.0
1.0
1.0
1.0
1.0
1.0
1.0
1.0
1.0
1.0
1.0
1.0
1.0
1.0
1.0
1.0
1.0
1.0
1.0
1.0
1.0
1.0
1.0
1.0
1.0
1.0
1.0
1.0
1.0
1.0
1.0
1.0
1.0
1.0
1.0
1.0
1.0
1.0
1.0
1.0
1.0
1.0
1.0
1.0
1.0
1.0
1.0
1.0
1.0
1.0
1.0
1.0
1.0
1.0
1.0
1.0
1.0
1.0
1.0
1.0
1.0
1.0
1.0
1.0
1.0
1.0
1.0
1.0
1.0
1.0
1.0
1.0
1.0
1.0
1.0
1.0
1.0
1.0
1.0
1.0
1.0
0.988
0.976
0.964
0.952
0.939
0.927
0.915
0.903
0.891
0.879
0.867
0.855
0.842
0.83
0.818
0.806
0.794
0.782
0.77
0.758
0.745
0.733
0.721
0.709
0.697
0.685
0.673
0.661
0.648
0.636
0.624
0.612
0.6
0.588
0.576
0.564
0.552
0.539
0.527
0.515
0.503
0.491
0.479
0.467
0.455
0.442
0.43
0.418
0.406
0.394
0.382
0.37
0.358
0.345
0.333
0.405
0.476
0.548
0.619
0.69
0.762
0.833
0.837
0.841
0.846
0.85
0.854
0.858
0.862
0.866
0.87
0.874
0.878
0.882
0.886
0.89
0.894
0.898
0.902
0.907
0.911
0.915
0.919
0.923
0.927
0.931
0.935
0.939
0.943
0.947
0.951
0.955
0.959
0.963
0.967
0.972
0.976
0.98
0.984
0.988
0.992
0.996
1.0
1.0
1.0
1.0
1.0
1.0
1.0
1.0
1.0
1.0
1.0
1.0
1.0
1.0
1.0
1.0
1.0
1.0
1.0
1.0
1.0
1.0
1.0
1.0
1.0
1.0
1.0
1.0
1.0
1.0
1.0
1.0
1.0
1.0
1.0
1.0
1.0
1.0
1.0
1.0
1.0
1.0
1.0
1.0
1.0
1.0
1.0
1.0
1.0
1.0
1.0
1.0
1.0
1.0
1.0
0.778
0.556
0.333
0.417
0.5
0.583
0.667
0.671
0.676
0.68
0.685
0.689
0.694
0.698
0.703
0.707
0.712
0.716
0.721
0.725
0.729
0.734
0.738
0.743
0.747
0.752
0.756
0.761
0.765
0.77
0.774
0.779
0.783
0.788
0.792
0.797
0.801
0.806
0.81
0.815
0.819
0.824
0.828
0.833
0.837
0.842
0.846
0.851
0.855
0.86
0.864
0.869
0.873
0.878
0.882
0.887
0.891
0.896
0.9
0.901
0.902
0.904
0.905
0.906
0.908
0.909
0.91
0.911
0.912
0.914
0.915
0.916
0.918
0.919
0.92
0.921
0.922
0.924
0.925
0.926
0.928
0.929
0.93
0.931
0.932
0.934
0.935
0.936
0.938
0.939
0.94
0.941
0.942
0.944
0.945
0.946
0.948
0.949
0.95
0.951
0.952
0.954
0.955
0.956
0.958
0.959
0.96
0.961
0.962
0.964
0.965
0.966
0.968
0.969
0.97
0.971
0.972
0.974
0.975
0.976
0.978
0.979
0.98
0.981
0.982
0.984
0.985
0.986
0.988
0.989
0.99
0.991
0.992
0.994
0.995
0.996
0.998
0.999
1.0
0.967
0.933
0.9
0.867
0.833
0.8
0.767
0.733
0.7
0.667
0.633
0.6
0.567
0.533
0.5
0.667
0.778
0.889
1.0
0.973
0.946
0.92
0.893
0.866
0.839
0.812
0.786
0.759
0.732
0.705
0.679
0.652
0.625
0.598
0.571
0.555
0.539
0.522
0.506
0.49
0.473
0.457
0.44
0.424
0.408
0.391
0.375
0.392
0.41
0.427
0.444
0.462
0.479
0.497
0.514
0.531
0.549
0.566
0.583
0.601
0.618
0.635
0.653
0.67
0.688
0.705
0.722
0.74
0.757
0.774
0.792
0.809
0.826
0.844
0.861
0.878
0.896
0.913
0.931
0.948
0.965
0.983
1.0
0.99
0.98
0.971
0.961
0.951
0.941
0.931
0.922
0.912
0.902
0.892
0.882
0.873
0.863
0.853
0.843
0.833
0.824
0.814
0.804
0.794
0.784
0.775
0.765
0.755
0.745
0.735
0.725
0.716
0.706
0.696
0.686
0.676
0.667
0.672
0.676
0.681
0.686
0.691
0.696
0.701
0.705
0.71
0.715
0.72
0.725
0.73
0.734
0.739
0.744
0.749
0.754
0.759
0.764
0.768
0.773
0.778
0.783
0.788
0.793
0.797
0.802
0.807
0.812
0.817
0.822
0.827
0.831
0.836
0.841
0.846
0.851
0.856
0.86
0.865
0.87
0.875
0.852
0.83
0.807
0.785
0.762
0.74
0.717
0.694
0.672
0.649
0.627
0.604
0.582
0.559
0.536
0.514
0.491
0.469
0.446
0.424
0.401
0.378
0.356
0.333
0.341
0.348
0.355
0.363
0.37
0.377
0.385
0.392
0.4
0.407
0.414
0.422
0.429
0.436
0.444
0.451
0.458
0.466
0.473
0.48
0.488
0.495
0.502
0.51
0.517
0.525
0.532
0.539
0.547
0.554
0.561
0.569
0.576
0.583
0.591
0.598
0.605
0.613
0.62
0.627
0.635
0.642
0.65
0.657
0.664
0.672
0.679
0.686
0.694
0.701
0.708
0.716
0.723
0.73
0.738
0.745
0.752
0.76
0.767
0.775
0.782
0.789
0.797
0.804
0.811
0.819
0.826
0.833
0.835
0.837
0.839
0.841
0.843
0.845
0.846
0.848
0.85
0.852
0.854
0.856
0.858
0.86
0.861
0.863
0.865
0.867
0.869
0.871
0.873
0.875
0.876
0.878
0.88
0.882
0.884
0.886
0.888
0.89
0.891
0.893
0.895
0.897
0.899
0.901
0.903
0.904
0.906
0.908
0.91
0.912
0.914
0.916
0.918
0.919
0.921
0.923
0.925
0.927
0.929
0.931
0.933
0.934
0.936
0.938
0.94
0.942
0.944
0.946
0.948
0.949
0.951
0.953
0.955
0.957
0.959
0.961
0.963
0.964
0.966
0.968
0.97
0.972
0.974
0.976
0.978
0.979
0.981
0.983
0.985
0.987
0.989
0.991
0.993
0.994
0.996
0.998
1.0
0.984
0.968
0.952
0.935
0.919
0.903
0.887
0.871
0.855
0.839
0.823
0.806
0.79
0.774
0.758
0.742
0.726
0.71
0.694
0.677
0.661
0.645
0.629
0.613
0.597
0.581
0.565
0.548
0.532
0.516
0.5
0.75
0.763
0.776
0.789
0.803
0.816
0.829
0.842
0.855
0.868
0.882
0.895
0.908
0.921
0.934
0.947
0.961
0.974
0.987
1.0
1.0
1.0
1.0
1.0
1.0
1.0
1.0
1.0
1.0
1.0
1.0
1.0
1.0
1.0
1.0
1.0
1.0
1.0
1.0
1.0
1.0
1.0
1.0
1.0
1.0
1.0
1.0
1.0
1.0
1.0
1.0
1.0
1.0
1.0
1.0
1.0
1.0
1.0
1.0
1.0
1.0
1.0
1.0
1.0
1.0
1.0
1.0
1.0
1.0
1.0
1.0
1.0
1.0
1.0
1.0
1.0
1.0
1.0
1.0
1.0
1.0
1.0
1.0
1.0
1.0
1.0
1.0
1.0
1.0
1.0
1.0
1.0
1.0
1.0
1.0
1.0
1.0
1.0
1.0
1.0
1.0
0.971
0.943
0.914
0.886
0.857
0.829
0.8
0.771
0.743
0.714
0.686
0.657
0.629
0.6
0.571
0.557
0.543
0.528
0.514
0.499
0.485
0.47
0.456
0.442
0.427
0.413
0.398
0.384
0.369
0.355
0.341
0.326
0.312
0.297
0.283
0.268
0.254
0.24
0.225
0.211
0.196
0.182
0.201
0.221
0.24
0.26
0.279
0.299
0.318
0.338
0.357
0.377
0.396
0.416
0.435
0.455
0.474
0.494
0.513
0.532
0.552
0.571
0.591
0.61
0.63
0.649
0.669
0.688
0.708
0.727
0.747
0.766
0.786
0.805
0.825
0.844
0.864
0.883
0.903
0.922
0.942
0.961
0.981
1.0
1.0
1.0
1.0
1.0
1.0
1.0
1.0
1.0
1.0
1.0
0.993
0.986
0.978
0.971
0.964
0.957
0.949
0.942
0.935
0.928
0.92
0.913
0.906
0.899
0.891
0.884
0.877
0.87
0.862
0.855
0.848
0.841
0.833
0.837
0.841
0.845
0.849
0.853
0.857
0.86
0.864
0.868
0.872
0.876
0.88
0.884
0.888
0.891
0.895
0.899
0.903
0.907
0.911
0.915
0.919
0.922
0.926
0.93
0.934
0.938
0.942
0.946
0.95
0.953
0.957
0.961
0.965
0.969
0.973
0.977
0.981
0.984
0.988
0.992
0.996
1.0
1.0
1.0
1.0
1.0
1.0
1.0
1.0
1.0
1.0
1.0
1.0
1.0
1.0
1.0
1.0
1.0
1.0
1.0
1.0
1.0
0.946
0.893
0.839
0.786
0.732
0.679
0.625
0.571
0.572
0.573
0.574
0.575
0.576
0.577
0.578
0.579
0.58
0.581
0.582
0.583
0.584
0.585
0.586
0.587
0.588
0.589
0.59
0.591
0.592
0.593
0.594
0.595
0.596
0.597
0.598
0.599
0.6
0.633
0.667
0.7
0.733
0.767
0.8
0.833
0.867
0.9
0.933
0.967
1.0
0.971
0.943
0.914
0.886
0.857
0.829
0.8
0.771
0.743
0.714
0.686
0.657
0.629
0.6
0.598
0.596
0.594
0.593
0.591
0.589
0.587
0.585
0.583
0.581
0.58
0.578
0.576
0.574
0.572
0.57
0.569
0.567
0.565
0.563
0.561
0.559
0.557
0.556
0.574
0.593
0.611
0.63
0.648
0.667
0.685
0.704
0.722
0.741
0.759
0.778
0.773
0.769
0.765
0.76
0.756
0.752
0.747
0.743
0.739
0.734
0.73
0.726
0.721
0.717
0.713
0.708
0.704
0.7
0.695
0.691
0.687
0.682
0.678
0.674
0.669
0.665
0.661
0.656
0.652
0.648
0.643
0.639
0.635
0.63
0.626
0.622
0.617
0.613
0.609
0.604
0.6
0.614
0.627
0.641
0.654
0.668
0.681
0.695
0.708
0.722
0.735
0.749
0.762
0.776
0.789
0.803
0.817
0.83
0.844
0.857
0.839
0.821
0.804
0.786
0.768
0.75
0.762
0.775
0.788
0.8
0.812
0.825
0.838
0.85
0.862
0.875
0.888
0.9
0.912
0.925
0.938
0.95
0.962
0.975
0.988
1.0
0.988
0.975
0.962
0.95
0.938
0.925
0.912
0.9
0.888
0.875
0.862
0.85
0.838
0.825
0.812
0.8
0.788
0.775
0.762
0.75
0.732
0.715
0.698
0.68
0.662
0.645
0.628
0.61
0.592
0.575
0.558
0.54
0.522
0.505
0.488
0.47
0.452
0.435
0.418
0.4
0.435
0.471
0.506
0.541
0.576
0.612
0.647
0.682
0.718
0.753
0.788
0.824
0.859
0.894
0.929
0.965
1.0
0.995
0.989
0.984
0.979
0.974
0.968
0.963
0.958
0.952
0.947
0.942
0.937
0.931
0.926
0.921
0.915
0.91
0.905
0.899
0.894
0.889
0.884
0.878
0.873
0.868
0.862
0.857
0.85
0.842
0.835
0.827
0.82
0.812
0.805
0.797
0.79
0.782
0.775
0.767
0.76
0.752
0.745
0.737
0.73
0.722
0.715
0.707
0.7
0.692
0.685
0.677
0.67
0.662
0.655
0.647
0.64
0.632
0.625
0.617
0.61
0.602
0.595
0.587
0.58
0.572
0.565
0.557
0.55
0.542
0.535
0.527
0.52
0.512
0.505
0.497
0.49
0.482
0.475
0.467
0.46
0.452
0.445
0.437
0.43
0.422
0.415
0.407
0.4
0.392
0.385
0.377
0.37
0.362
0.355
0.347
0.34
0.332
0.325
0.317
0.31
0.302
0.295
0.287
0.28
0.272
0.265
0.257
0.25
0.255
0.26
0.265
0.27
0.275
0.279
0.284
0.289
0.294
0.299
0.304
0.309
0.314
0.319
0.324
0.328
0.333
0.338
0.343
0.348
0.353
0.358
0.363
0.368
0.373
0.377
0.382
0.387
0.392
0.397
0.402
0.407
0.412
0.417
0.422
0.426
0.431
0.436
0.441
0.446
0.451
0.456
0.461
0.466
0.471
0.475
0.48
0.485
0.49
0.495
0.5
0.505
0.51
0.515
0.52
0.525
0.529
0.534
0.539
0.544
0.549
0.554
0.559
0.564
0.569
0.574
0.578
0.583
0.588
0.593
0.598
0.603
0.608
0.613
0.618
0.623
0.627
0.632
0.637
0.642
0.647
0.652
0.657
0.662
0.667
0.672
0.677
0.682
0.688
0.693
0.698
0.703
0.708
0.714
0.719
0.724
0.729
0.734
0.74
0.745
0.75
0.755
0.76
0.766
0.771
0.776
0.781
0.786
0.792
0.797
0.802
0.807
0.812
0.818
0.823
0.828
0.833
0.839
0.844
0.849
0.854
0.859
0.865
0.87
0.875
0.88
0.885
0.891
0.896
0.901
0.906
0.911
0.917
0.922
0.927
0.932
0.938
0.943
0.948
0.953
0.958
0.964
0.969
0.974
0.979
0.984
0.99
0.995
1.0
0.997
0.994
0.99
0.987
0.984
0.981
0.977
0.974
0.971
0.968
0.965
0.961
0.958
0.955
0.952
0.948
0.945
0.942
0.939
0.935
0.932
0.929
0.926
0.923
0.919
0.916
0.913
0.91
0.906
0.903
0.9
0.908
0.915
0.923
0.931
0.938
0.946
0.954
0.962
0.969
0.977
0.985
0.992
1.0
1.0
1.0
1.0
1.0
1.0
1.0
1.0
1.0
1.0
1.0
0.992
0.983
0.975
0.967
0.958
0.95
0.942
0.933
0.925
0.917
0.908
0.9
0.892
0.883
0.875
0.867
0.858
0.85
0.842
0.833
0.825
0.817
0.808
0.8
0.792
0.783
0.775
0.767
0.758
0.75
0.742
0.733
0.725
0.717
0.708
0.7
0.692
0.683
0.675
0.667
0.658
0.65
0.642
0.633
0.625
0.637
0.649
0.661
0.673
0.685
0.698
0.71
0.722
0.734
0.746
0.758
0.77
0.782
0.794
0.806
0.819
0.831
0.843
0.855
0.867
0.879
0.891
0.903
0.915
0.927
0.94
0.952
0.964
0.976
0.988
1.0
0.99
0.979
0.969
0.958
0.948
0.938
0.927
0.917
0.906
0.896
0.885
0.875
0.865
0.854
0.844
0.833
0.823
0.812
0.802
0.792
0.781
0.771
0.76
0.75
0.74
0.729
0.719
0.708
0.698
0.688
0.677
0.667
0.668
0.67
0.672
0.674
0.676
0.678
0.679
0.681
0.683
0.685
0.687
0.689
0.69
0.692
0.694
0.696
0.698
0.7
0.701
0.703
0.705
0.707
0.709
0.711
0.712
0.714
0.688
0.662
0.636
0.61
0.584
0.558
0.532
0.506
0.481
0.455
0.429
0.403
0.377
0.351
0.325
0.299
0.273
0.247
0.221
0.195
0.169
0.143
0.117
0.091
0.111
0.132
0.152
0.173
0.194
0.214
0.235
0.255
0.276
0.296
0.317
0.337
0.358
0.378
0.399
0.419
0.44
0.46
0.481
0.501
0.522
0.543
0.563
0.584
0.604
0.625
0.645
0.666
0.686
0.707
0.727
0.742
0.758
0.773
0.788
0.803
0.818
0.833
0.848
0.864
0.879
0.894
0.909
0.916
0.922
0.929
0.935
0.942
0.948
0.955
0.961
0.968
0.974
0.981
0.987
0.994
1.0
0.991
0.983
0.974
0.965
0.957
0.948
0.939
0.93
0.922
0.913
0.904
0.896
0.887
0.878
0.87
0.861
0.852
0.843
0.835
0.826
0.817
0.809
0.8
0.791
0.783
0.774
0.765
0.757
0.748
0.739
0.73
0.722
0.713
0.704
0.696
0.687
0.678
0.67
0.661
0.652
0.643
0.635
0.626
0.617
0.609
0.6
0.606
0.612
0.617
0.623
0.629
0.635
0.641
0.646
0.652
0.658
0.664
0.67
0.675
0.681
0.687
0.693
0.699
0.704
0.71
0.716
0.722
0.728
0.733
0.739
0.745
0.751
0.757
0.762
0.768
0.774
0.78
0.786
0.791
0.797
0.803
0.809
0.814
0.82
0.826
0.832
0.838
0.843
0.849
0.855
0.861
0.867
0.872
0.878
0.884
0.89
0.896
0.901
0.907
0.913
0.919
0.925
0.93
0.936
0.942
0.948
0.954
0.959
0.965
0.971
0.977
0.983
0.988
0.994
1.0
0.821
0.643
0.464
0.286
0.347
0.408
0.469
0.531
0.592
0.653
0.714
0.857
0.857
0.857
0.857
0.857
0.857
0.857
0.857
0.857
0.857
0.857
0.857
0.857
0.857
0.857
0.857
0.857
0.857
0.857
0.857
0.857
0.857
0.857
0.857
0.857
0.857
0.857
0.857
0.857
0.857
0.857
0.858
0.86
0.861
0.862
0.864
0.865
0.866
0.867
0.869
0.87
0.871
0.873
0.874
0.875
0.876
0.878
0.879
0.88
0.882
0.883
0.884
0.885
0.887
0.888
0.889
0.891
0.892
0.893
0.894
0.896
0.897
0.898
0.9
0.901
0.902
0.903
0.905
0.906
0.907
0.909
0.91
0.911
0.912
0.914
0.915
0.916
0.918
0.919
0.92
0.921
0.923
0.924
0.925
0.927
0.928
0.929
0.931
0.932
0.933
0.934
0.936
0.937
0.938
0.94
0.941
0.942
0.943
0.945
0.946
0.947
0.949
0.95
0.951
0.952
0.954
0.955
0.956
0.958
0.959
0.96
0.961
0.963
0.964
0.965
0.967
0.968
0.969
0.97
0.972
0.973
0.974
0.976
0.977
0.978
0.979
0.981
0.982
0.983
0.985
0.986
0.987
0.988
0.99
0.991
0.992
0.994
0.995
0.996
0.997
0.999
1.0
1.0
1.0
1.0
1.0
1.0
1.0
1.0
1.0
1.0
1.0
1.0
1.0
1.0
1.0
1.0
1.0
1.0
1.0
1.0
1.0
1.0
1.0
1.0
1.0
1.0
1.0
1.0
1.0
1.0
1.0
1.0
1.0
1.0
1.0
1.0
1.0
1.0
1.0
1.0
1.0
1.0
1.0
1.0
1.0
1.0
1.0
1.0
1.0
1.0
1.0
1.0
1.0
1.0
1.0
1.0
1.0
1.0
1.0
1.0
1.0
1.0
1.0
1.0
1.0
1.0
1.0
1.0
1.0
1.0
1.0
1.0
1.0
1.0
1.0
1.0
1.0
1.0
1.0
1.0
1.0
0.997
0.994
0.99
0.987
0.984
0.981
0.977
0.974
0.971
0.968
0.965
0.961
0.958
0.955
0.952
0.948
0.945
0.942
0.939
0.935
0.932
0.929
0.926
0.923
0.919
0.916
0.913
0.91
0.906
0.903
0.9
0.897
0.894
0.89
0.887
0.884
0.881
0.877
0.874
0.871
0.868
0.865
0.861
0.858
0.855
0.852
0.848
0.845
0.842
0.839
0.835
0.832
0.829
0.826
0.823
0.819
0.816
0.813
0.81
0.806
0.803
0.8
0.806
0.812
0.819
0.825
0.831
0.838
0.844
0.85
0.856
0.862
0.869
0.875
0.881
0.888
0.894
0.9
0.906
0.912
0.919
0.925
0.931
0.938
0.944
0.95
0.956
0.962
0.969
0.975
0.981
0.988
0.994
1.0
0.988
0.977
0.965
0.954
0.942
0.931
0.919
0.907
0.896
0.884
0.873
0.861
0.85
0.838
0.826
0.815
0.803
0.792
0.78
0.769
0.757
0.745
0.734
0.722
0.711
0.699
0.688
0.676
0.664
0.653
0.641
0.63
0.618
0.606
0.595
0.583
0.572
0.56
0.549
0.537
0.525
0.514
0.502
0.491
0.479
0.468
0.456
0.444
0.45
0.455
0.461
0.466
0.472
0.477
0.483
0.488
0.494
0.499
0.505
0.51
0.516
0.521
0.527
0.532
0.538
0.543
0.549
0.554
0.56
0.566
0.571
0.577
0.582
0.588
0.593
0.599
0.604
0.61
0.615
0.621
0.626
0.632
0.637
0.643
0.648
0.654
0.659
0.665
0.67
0.676
0.681
0.687
0.692
0.698
0.703
0.709
0.714
0.72
0.725
0.731
0.736
0.742
0.747
0.753
0.758
0.764
0.769
0.775
0.78
0.786
0.791
0.797
0.802
0.808
0.813
0.819
0.824
0.83
0.835
0.841
0.846
0.852
0.857
0.86
0.863
0.867
0.87
0.873
0.876
0.879
0.883
0.886
0.889
0.892
0.895
0.898
0.902
0.905
0.908
0.911
0.914
0.917
0.921
0.924
0.927
0.93
0.933
0.937
0.94
0.943
0.946
0.949
0.952
0.956
0.959
0.962
0.965
0.968
0.971
0.975
0.978
0.981
0.984
0.987
0.99
0.994
0.997
1.0
1.0
1.0
1.0
1.0
1.0
1.0
1.0
1.0
1.0
1.0
1.0
1.0
1.0
1.0
1.0
1.0
1.0
1.0
1.0
0.963
0.926
0.889
0.852
0.815
0.778
0.741
0.704
0.667
0.63
0.593
0.556
0.519
0.481
0.444
0.407
0.37
0.333
0.458
0.583
0.708
0.833
0.825
0.816
0.807
0.798
0.79
0.781
0.772
0.763
0.755
0.746
0.737
0.729
0.72
0.711
0.702
0.694
0.685
0.676
0.667
0.659
0.65
0.641
0.633
0.624
0.615
0.606
0.598
0.589
0.58
0.571
0.607
0.643
0.679
0.714
0.75
0.786
0.821
0.857
0.893
0.929
0.964
1.0
0.875
0.75
0.625
0.5
0.75
0.749
0.747
0.746
0.744
0.743
0.741
0.74
0.739
0.737
0.736
0.734
0.733
0.731
0.73
0.729
0.727
0.726
0.724
0.723
0.721
0.72
0.719
0.717
0.716
0.714
0.729
0.743
0.757
0.771
0.786
0.8
0.814
0.829
0.843
0.857
0.871
0.886
0.9
0.914
0.929
0.943
0.957
0.971
0.986
1.0
0.917
0.833
0.75
0.667
0.583
0.5
0.504
0.507
0.511
0.515
0.518
0.522
0.526
0.529
0.533
0.537
0.54
0.544
0.548
0.551
0.555
0.559
0.562
0.566
0.57
0.574
0.577
0.581
0.585
0.588
0.592
0.596
0.599
0.603
0.607
0.61
0.614
0.618
0.621
0.625
0.629
0.632
0.636
0.64
0.643
0.647
0.651
0.654
0.658
0.662
0.665
0.669
0.673
0.676
0.68
0.684
0.688
0.691
0.695
0.699
0.702
0.706
0.71
0.713
0.717
0.721
0.724
0.728
0.732
0.735
0.739
0.743
0.746
0.75
0.754
0.757
0.761
0.765
0.768
0.772
0.776
0.779
0.783
0.787
0.79
0.794
0.798
0.801
0.805
0.809
0.812
0.816
0.82
0.824
0.827
0.831
0.835
0.838
0.842
0.846
0.849
0.853
0.857
0.86
0.864
0.868
0.871
0.875
0.879
0.882
0.886
0.89
0.893
0.897
0.901
0.904
0.908
0.912
0.915
0.919
0.923
0.926
0.93
0.934
0.938
0.941
0.945
0.949
0.952
0.956
0.96
0.963
0.967
0.971
0.974
0.978
0.982
0.985
0.989
0.993
0.996
1.0
0.778
0.556
0.333
0.417
0.5
0.583
0.667
0.679
0.69
0.702
0.714
0.726
0.738
0.75
0.762
0.774
0.786
0.798
0.81
0.821
0.833
0.845
0.857
0.869
0.881
0.893
0.905
0.917
0.929
0.94
0.952
0.964
0.976
0.988
1.0
0.917
0.833
0.75
0.667
0.671
0.675
0.68
0.684
0.688
0.692
0.697
0.701
0.705
0.71
0.714
0.718
0.723
0.727
0.731
0.735
0.74
0.744
0.748
0.753
0.757
0.761
0.766
0.77
0.774
0.778
0.783
0.787
0.791
0.796
0.8
0.79
0.78
0.77
0.76
0.75
0.74
0.73
0.72
0.71
0.7
0.69
0.68
0.67
0.66
0.65
0.64
0.63
0.62
0.61
0.6
0.612
0.624
0.635
0.647
0.659
0.671
0.682
0.694
0.706
0.718
0.729
0.741
0.753
0.765
0.776
0.788
0.8
0.805
0.811
0.816
0.822
0.827
0.832
0.838
0.843
0.849
0.854
0.859
0.865
0.87
0.876
0.881
0.886
0.892
0.897
0.903
0.908
0.914
0.919
0.924
0.93
0.935
0.941
0.946
0.951
0.957
0.962
0.968
0.973
0.978
0.984
0.989
0.995
1.0
0.985
0.97
0.956
0.941
0.926
0.911
0.896
0.881
0.867
0.852
0.837
0.822
0.807
0.793
0.778
0.763
0.748
0.733
0.719
0.704
0.689
0.674
0.659
0.644
0.63
0.615
0.6
0.8
0.802
0.803
0.805
0.806
0.808
0.809
0.811
0.812
0.814
0.815
0.817
0.818
0.82
0.821
0.823
0.824
0.826
0.827
0.829
0.83
0.832
0.833
0.844
0.856
0.867
0.878
0.889
0.9
0.911
0.922
0.933
0.944
0.956
0.967
0.978
0.989
1.0
0.996
0.992
0.987
0.983
0.979
0.975
0.971
0.966
0.962
0.958
0.954
0.95
0.945
0.941
0.937
0.933
0.929
0.924
0.92
0.916
0.912
0.908
0.903
0.899
0.895
0.891
0.887
0.882
0.878
0.874
0.87
0.866
0.861
0.857
0.849
0.841
0.832
0.824
0.816
0.808
0.8
0.791
0.783
0.775
0.767
0.759
0.75
0.742
0.734
0.726
0.717
0.709
0.701
0.693
0.685
0.676
0.668
0.66
0.652
0.644
0.635
0.627
0.619
0.611
0.602
0.594
0.586
0.578
0.57
0.561
0.553
0.545
0.537
0.528
0.52
0.512
0.504
0.496
0.487
0.479
0.471
0.463
0.455
0.49
0.524
0.559
0.594
0.629
0.664
0.699
0.734
0.769
0.804
0.839
0.874
0.909
0.905
0.902
0.898
0.894
0.89
0.887
0.883
0.879
0.875
0.871
0.868
0.864
0.86
0.856
0.853
0.849
0.845
0.841
0.838
0.834
0.83
0.826
0.823
0.819
0.815
0.811
0.808
0.804
0.8
0.795
0.79
0.785
0.779
0.774
0.769
0.764
0.759
0.754
0.749
0.744
0.738
0.733
0.728
0.723
0.718
0.713
0.708
0.703
0.697
0.692
0.687
0.682
0.677
0.672
0.667
0.662
0.656
0.651
0.646
0.641
0.636
0.631
0.626
0.621
0.615
0.61
0.605
0.6
0.633
0.667
0.7
0.733
0.767
0.8
0.833
0.867
0.9
0.933
0.967
1.0
1.0
1.0
1.0
1.0
1.0
1.0
1.0
1.0
1.0
1.0
1.0
1.0
1.0
1.0
1.0
1.0
1.0
1.0
1.0
1.0
1.0
1.0
1.0
1.0
1.0
1.0
1.0
1.0
1.0
1.0
1.0
1.0
1.0
1.0
1.0
1.0
1.0
1.0
1.0
1.0
1.0
1.0
1.0
1.0
1.0
0.99
0.981
0.971
0.962
0.952
0.942
0.933
0.923
0.913
0.904
0.894
0.885
0.875
0.865
0.856
0.846
0.837
0.827
0.817
0.808
0.798
0.788
0.779
0.769
0.76
0.75
0.74
0.731
0.721
0.712
0.702
0.692
0.683
0.673
0.663
0.654
0.644
0.635
0.625
0.615
0.606
0.596
0.587
0.577
0.567
0.558
0.548
0.538
0.529
0.519
0.51
0.5
0.502
0.504
0.507
0.509
0.511
0.513
0.515
0.517
0.52
0.522
0.524
0.526
0.528
0.53
0.533
0.535
0.537
0.539
0.541
0.543
0.546
0.548
0.55
0.552
0.554
0.557
0.559
0.561
0.563
0.565
0.567
0.57
0.572
0.574
0.576
0.578
0.58
0.583
0.585
0.587
0.589
0.591
0.593
0.596
0.598
0.6
0.604
0.609
0.613
0.617
0.621
0.626
0.63
0.634
0.639
0.643
0.647
0.651
0.656
0.66
0.664
0.669
0.673
0.677
0.681
0.686
0.69
0.694
0.699
0.703
0.707
0.711
0.716
0.72
0.724
0.729
0.733
0.737
0.741
0.746
0.75
0.754
0.759
0.763
0.767
0.771
0.776
0.78
0.784
0.789
0.793
0.797
0.801
0.806
0.81
0.814
0.819
0.823
0.827
0.831
0.836
0.84
0.844
0.849
0.853
0.857
0.861
0.866
0.87
0.874
0.879
0.883
0.887
0.891
0.896
0.9
0.886
0.873
0.859
0.845
0.832
0.818
0.805
0.791
0.777
0.764
0.75
0.736
0.723
0.709
0.695
0.682
0.668
0.655
0.641
0.627
0.614
0.6
0.591
0.582
0.573
0.564
0.555
0.545
0.536
0.527
0.518
0.509
0.5
0.491
0.482
0.473
0.464
0.455
0.445
0.436
0.427
0.418
0.409
0.4
0.402
0.404
0.406
0.408
0.41
0.413
0.415
0.417
0.419
0.421
0.423
0.425
0.427
0.429
0.431
0.433
0.435
0.438
0.44
0.442
0.444
0.446
0.448
0.45
0.452
0.454
0.456
0.458
0.46
0.462
0.465
0.467
0.469
0.471
0.473
0.475
0.477
0.479
0.481
0.483
0.485
0.488
0.49
0.492
0.494
0.496
0.498
0.5
0.583
0.667
0.717
0.767
0.817
0.867
0.917
0.694
0.472
0.25
0.25
0.25
0.25
0.25
0.25
0.25
0.25
0.25
0.25
0.25
0.25
0.25
0.25
0.25
0.25
0.25
0.25
0.25
0.25
0.25
0.25
0.25
0.25
0.25
0.25
0.25
0.25
0.25
0.25
0.25
0.25
0.25
0.25
0.25
0.25
0.25
0.25
0.25
0.333
0.417
0.5
0.534
0.568
0.602
0.636
0.67
0.705
0.739
0.773
0.807
0.841
0.875
0.877
0.879
0.881
0.883
0.885
0.887
0.888
0.89
0.892
0.894
0.896
0.898
0.9
0.902
0.904
0.906
0.908
0.91
0.912
0.913
0.915
0.917
0.919
0.921
0.923
0.925
0.927
0.929
0.931
0.933
0.935
0.937
0.938
0.94
0.942
0.944
0.946
0.948
0.95
0.952
0.954
0.956
0.958
0.96
0.962
0.963
0.965
0.967
0.969
0.971
0.973
0.975
0.977
0.979
0.981
0.983
0.985
0.987
0.988
0.99
0.992
0.994
0.996
0.998
1.0
0.778
0.556
0.333
0.417
0.5
0.583
0.667
0.671
0.676
0.681
0.686
0.69
0.695
0.7
0.705
0.71
0.714
0.719
0.724
0.729
0.733
0.738
0.743
0.748
0.752
0.757
0.762
0.767
0.771
0.776
0.781
0.786
0.79
0.795
0.8
0.805
0.81
0.814
0.819
0.824
0.829
0.833
0.838
0.843
0.848
0.852
0.857
0.862
0.867
0.872
0.878
0.883
0.888
0.893
0.898
0.903
0.908
0.913
0.918
0.923
0.929
0.934
0.939
0.944
0.949
0.954
0.959
0.964
0.969
0.974
0.98
0.985
0.99
0.995
1.0
0.978
0.956
0.933
0.911
0.889
0.867
0.844
0.822
0.8
0.801
0.803
0.804
0.805
0.806
0.808
0.809
0.81
0.812
0.813
0.814
0.815
0.817
0.818
0.819
0.821
0.822
0.823
0.824
0.826
0.827
0.828
0.829
0.831
0.832
0.833
0.839
0.844
0.849
0.854
0.859
0.865
0.87
0.875
0.88
0.885
0.891
0.896
0.901
0.906
0.911
0.917
0.922
0.927
0.932
0.938
0.943
0.948
0.953
0.958
0.964
0.969
0.974
0.979
0.984
0.99
0.995
1.0
0.99
0.979
0.969
0.958
0.948
0.938
0.927
0.917
0.906
0.896
0.885
0.875
0.865
0.854
0.844
0.833
0.823
0.812
0.802
0.792
0.781
0.771
0.76
0.75
0.74
0.729
0.719
0.708
0.698
0.688
0.677
0.667
1.0
0.762
0.524
0.286
0.298
0.311
0.323
0.335
0.348
0.36
0.373
0.385
0.398
0.41
0.423
0.435
0.448
0.46
0.472
0.485
0.497
0.51
0.522
0.535
0.547
0.56
0.572
0.584
0.597
0.609
0.622
0.634
0.647
0.659
0.672
0.684
0.696
0.709
0.721
0.734
0.746
0.759
0.771
0.784
0.796
0.808
0.821
0.833
0.816
0.799
0.782
0.765
0.748
0.731
0.714
0.696
0.679
0.662
0.645
0.628
0.611
0.594
0.577
0.56
0.542
0.525
0.508
0.491
0.474
0.457
0.44
0.423
0.406
0.388
0.371
0.354
0.337
0.32
0.303
0.286
0.347
0.408
0.469
0.531
0.592
0.653
0.714
0.857
0.824
0.79
0.756
0.723
0.689
0.655
0.622
0.588
0.555
0.521
0.487
0.454
0.42
0.387
0.353
0.319
0.286
0.357
0.429
0.5
0.571
0.571
0.571
0.571
0.571
0.571
0.571
0.571
0.571
0.571
0.571
0.571
0.571
0.571
0.571
0.571
0.571
0.571
0.571
0.571
