0.0
0.171
0.328
0.47
0.598
0.713
0.815
0.905
0.983
1.05
1.106
1.152
1.189
1.216
1.235
1.247
1.25
1.247
1.238
1.223
1.202
1.177
1.148
1.115
1.079
1.041
1.0
0.958
0.915
0.872
0.829
0.786
0.745
0.706
0.668
0.634
0.603
0.576
0.554
0.537
0.525
0.519
0.52
0.528
0.543
0.567
0.6
0.642
0.692
0.749
0.813
0.883
0.956
1.033
1.113
1.194
1.275
1.356
1.435
1.512
1.585
1.654
1.717
1.774
1.824
1.865
1.896
1.917
1.927
1.924
1.908
1.878
1.832
1.77
1.691
1.593
1.476
1.339
1.181
1.0
0.801
0.605
0.44
0.333
0.304
0.343
0.434
0.562
0.709
0.861
1.0
1.114
1.201
1.265
1.307
1.329
1.335
1.326
1.304
1.273
1.233
1.188
1.14
1.091
1.044
1.0
0.962
0.929
0.902
0.881
0.864
0.852
0.844
0.841
0.842
0.846
0.853
0.864
0.878
0.894
0.913
0.933
0.956
0.98
1.005
1.032
1.059
1.086
1.114
1.142
1.17
1.197
1.223
1.248
1.272
1.294
1.315
1.333
1.349
1.362
1.373
1.38
1.384
1.384
1.38
1.372
1.359
1.342
1.319
1.291
1.258
1.219
1.174
1.123
1.065
1.0
0.928
0.852
0.771
0.69
0.609
0.53
0.455
0.386
0.326
0.275
0.236
0.21
0.2
0.208
0.234
0.282
0.353
0.449
0.571
0.714
0.846
0.958
1.053
1.132
1.195
1.244
1.279
1.302
1.315
1.317
1.311
1.296
1.276
1.249
1.218
1.184
1.147
1.11
1.072
1.035
1.0
0.968
0.939
0.914
0.891
0.87
0.852
0.837
0.824
0.813
0.803
0.796
0.791
0.786
0.784
0.783
0.782
0.783
0.785
0.788
0.791
0.795
0.799
0.803
0.807
0.811
0.816
0.819
0.823
0.825
0.827
0.828
0.829
0.828
0.825
0.822
0.817
0.81
0.801
0.79
0.778
0.763
0.746
0.727
0.707
0.685
0.661
0.637
0.611
0.584
0.557
0.528
0.5
0.471
0.442
0.413
0.385
0.356
0.329
0.301
0.275
0.25
0.226
0.203
0.183
0.164
0.147
0.134
0.123
0.115
0.111
0.111
0.115
0.123
0.134
0.149
0.166
0.187
0.21
0.236
0.264
0.294
0.325
0.357
0.391
0.426
0.461
0.496
0.532
0.567
0.602
0.637
0.67
0.702
0.733
0.763
0.79
0.815
0.838
0.858
0.875
0.889
0.899
0.907
0.911
0.913
0.912
0.909
0.904
0.897
0.889
0.879
0.868
0.856
0.844
0.831
0.818
0.805
0.793
0.781
0.769
0.759
0.75
0.742
0.736
0.731
0.727
0.725
0.724
0.724
0.725
0.727
0.73
0.733
0.738
0.744
0.75
0.757
0.765
0.773
0.782
0.791
0.8
0.81
0.821
0.831
0.842
0.853
0.864
0.875
0.887
0.898
0.909
0.919
0.93
0.94
0.95
0.96
0.969
0.978
0.986
0.993
1.0
1.006
1.012
1.016
1.02
1.024
1.027
1.029
1.031
1.032
1.032
1.033
1.032
1.031
1.03
1.028
1.025
1.023
1.02
1.016
1.012
1.008
1.003
0.998
0.993
0.988
0.982
0.976
0.97
0.964
0.957
0.95
0.943
0.936
0.929
0.922
0.915
0.907
0.9
0.893
0.885
0.878
0.87
0.863
0.856
0.849
0.842
0.835
0.828
0.821
0.815
0.808
0.802
0.797
0.791
0.786
0.781
0.776
0.772
0.767
0.764
0.76
0.757
0.755
0.753
0.751
0.75
0.749
0.749
0.75
0.75
0.752
0.754
0.756
0.76
0.763
0.768
0.773
0.779
0.785
0.793
0.801
0.809
0.819
0.829
0.84
0.852
0.865
0.879
0.893
0.909
0.925
0.942
0.961
0.98
1.0
1.021
1.043
1.064
1.085
1.104
1.122
1.137
1.149
1.158
1.163
1.163
1.157
1.146
1.129
1.104
1.072
1.032
0.983
0.925
0.857
0.779
0.694
0.604
0.512
0.42
0.332
0.251
0.178
0.117
0.07
0.041
0.031
0.045
0.084
0.151
0.25
0.375
0.499
0.616
0.725
0.827
0.922
1.01
1.091
1.166
1.234
1.296
1.353
1.403
1.448
1.487
1.522
1.551
1.575
1.595
1.61
1.621
1.628
1.631
1.63
1.625
1.617
1.606
1.592
1.575
1.555
1.533
1.509
1.482
1.453
1.423
1.391
1.358
1.324
1.288
1.252
1.215
1.178
1.14
1.102
1.065
1.027
0.99
0.954
0.918
0.884
0.851
0.819
0.788
0.76
0.733
0.708
0.686
0.666
0.649
0.634
0.623
0.615
0.61
0.609
0.611
0.617
0.628
0.643
0.662
0.686
0.715
0.749
0.788
0.832
0.882
0.938
1.0
1.067
1.134
1.196
1.247
1.281
1.293
1.276
1.226
1.136
1.0
0.819
0.619
0.431
0.286
0.208
0.195
0.235
0.318
0.433
0.568
0.714
0.857
0.977
1.072
1.144
1.194
1.224
1.237
1.233
1.216
1.187
1.147
1.1
1.046
0.988
0.927
0.866
0.806
0.75
0.698
0.652
0.61
0.572
0.539
0.51
0.484
0.462
0.444
0.428
0.415
0.405
0.397
0.391
0.387
0.385
0.384
0.384
0.385
0.388
0.392
0.397
0.404
0.411
0.419
0.429
0.439
0.45
0.463
0.476
0.489
0.504
0.519
0.535
0.552
0.569
0.587
0.605
0.624
0.643
0.662
0.682
0.702
0.723
0.744
0.764
0.785
0.807
0.828
0.849
0.87
0.892
0.913
0.934
0.955
0.975
0.996
1.016
1.035
1.055
1.074
1.092
1.11
1.128
1.145
1.161
1.177
1.192
1.206
1.219
1.232
1.244
1.254
1.264
1.273
1.281
1.288
1.294
1.299
1.302
1.304
1.305
1.305
1.304
1.301
1.296
1.29
1.283
1.274
1.263
1.251
1.238
1.222
1.205
1.186
1.165
1.142
1.118
1.091
1.063
1.032
0.999
0.965
0.928
0.889
0.848
0.805
0.761
0.718
0.674
0.632
0.592
0.554
0.52
0.489
0.463
0.442
0.427
0.419
0.418
0.425
0.44
0.465
0.5
0.545
0.597
0.655
0.714
0.773
0.827
0.875
0.914
0.943
0.965
0.979
0.986
0.987
0.983
0.975
0.963
0.948
0.931
0.912
0.893
0.873
0.855
0.838
0.823
0.811
0.803
0.8
0.802
0.808
0.819
0.834
0.853
0.875
0.899
0.926
0.955
0.986
1.017
1.049
1.082
1.114
1.145
1.176
1.205
1.232
1.257
1.279
1.298
1.314
1.325
1.332
1.335
1.332
1.323
1.308
1.287
1.259
1.224
1.18
1.129
1.069
1.0
0.922
0.837
0.747
0.656
0.564
0.475
0.391
0.315
0.249
0.195
0.156
0.134
0.132
0.151
0.196
0.267
0.368
0.5
0.667
0.869
1.103
1.363
1.643
1.939
2.243
2.552
2.859
3.158
3.445
3.714
3.958
4.174
4.354
4.494
4.588
4.63
4.616
4.538
4.393
4.173
3.875
3.492
3.018
2.449
1.778
1.0
0.25
0.041
0.294
0.75
1.191
1.575
1.905
2.185
2.417
2.602
2.745
2.848
2.913
2.943
2.941
2.91
2.851
2.769
2.664
2.541
2.402
2.249
2.086
1.914
1.736
1.556
1.376
1.198
1.025
0.861
0.706
0.565
0.44
0.333
0.247
0.181
0.133
0.101
0.086
0.084
0.094
0.115
0.146
0.185
0.231
0.282
0.336
0.393
0.45
0.507
0.561
0.612
0.658
0.697
0.728
0.75
0.761
0.762
0.754
0.736
0.711
0.679
0.64
0.595
0.546
0.492
0.434
0.374
0.312
0.249
0.185
0.121
0.059
-0.002
-0.061
-0.116
-0.168
-0.214
-0.255
-0.29
-0.319
-0.339
-0.351
-0.354
-0.347
-0.329
-0.3
-0.259
-0.204
-0.137
-0.055
0.043
0.156
0.286
0.429
0.568
0.7
0.824
0.941
1.051
1.152
1.247
1.333
1.412
1.484
1.548
1.604
1.653
1.694
1.728
1.754
1.772
1.783
1.787
1.782
1.77
1.751
1.723
1.688
1.646
1.596
1.538
1.473
1.399
1.319
1.23
1.134
1.031
0.919
0.8
0.674
0.546
0.42
0.302
0.196
0.109
0.045
0.009
0.006
0.042
0.122
0.25
0.424
0.606
0.75
0.821
0.824
0.776
0.691
0.585
0.475
0.375
0.302
0.271
0.299
0.4
0.58
0.8
1.019
1.23
1.432
1.625
1.81
1.987
2.155
2.316
2.468
2.613
2.75
2.879
3.001
3.116
3.224
3.325
3.419
3.506
3.586
3.66
3.728
3.789
3.845
3.894
3.938
3.976
4.008
4.035
4.056
4.073
4.084
4.09
4.092
4.089
4.081
4.069
4.053
4.033
4.008
3.98
3.948
3.912
3.873
3.831
3.785
3.736
3.684
3.63
3.572
3.512
3.45
3.385
3.318
3.249
3.178
3.106
3.031
2.956
2.878
2.8
2.72
2.639
2.558
2.475
2.392
2.309
2.225
2.141
2.056
1.972
1.888
1.804
1.721
1.638
1.556
1.475
1.394
1.315
1.237
1.16
1.084
1.011
0.939
0.868
0.8
0.734
0.67
0.608
0.548
0.49
0.433
0.379
0.327
0.277
0.229
0.182
0.137
0.094
0.053
0.014
-0.024
-0.06
-0.094
-0.126
-0.157
-0.187
-0.214
-0.241
-0.265
-0.288
-0.31
-0.33
-0.349
-0.366
-0.382
-0.397
-0.41
-0.422
-0.433
-0.442
-0.45
-0.457
-0.463
-0.468
-0.471
-0.473
-0.475
-0.475
-0.474
-0.472
-0.469
-0.465
-0.46
-0.455
-0.448
-0.441
-0.432
-0.423
-0.413
-0.403
-0.391
-0.379
-0.366
-0.352
-0.338
-0.323
-0.308
-0.292
-0.275
-0.258
-0.241
-0.223
-0.204
-0.185
-0.166
-0.146
-0.126
-0.106
-0.085
-0.064
-0.043
-0.022
-0.0
0.022
0.044
0.066
0.088
0.11
0.133
0.155
0.177
0.2
0.222
0.244
0.266
0.288
0.31
0.332
0.354
0.375
0.396
0.417
0.437
0.458
0.477
0.497
0.516
0.535
0.553
0.571
0.588
0.605
0.621
0.637
0.652
0.667
0.681
0.694
0.706
0.719
0.73
0.741
0.751
0.761
0.771
0.779
0.788
0.796
0.803
0.81
0.816
0.822
0.828
0.833
0.838
0.843
0.847
0.851
0.854
0.858
0.86
0.863
0.865
0.868
0.87
0.871
0.873
0.874
0.875
0.876
0.877
0.877
0.878
0.878
0.878
0.878
0.878
0.878
0.877
0.877
0.876
0.875
0.874
0.873
0.872
0.871
0.869
0.868
0.866
0.864
0.862
0.861
0.858
0.856
0.854
0.852
0.849
0.847
0.844
0.842
0.839
0.836
0.833
0.83
0.828
0.824
0.821
0.818
0.815
0.812
0.809
0.805
0.802
0.799
0.795
0.792
0.788
0.785
0.781
0.778
0.774
0.771
0.767
0.764
0.76
0.757
0.753
0.749
0.746
0.742
0.739
0.736
0.732
0.729
0.725
0.722
0.719
0.715
0.712
0.709
0.706
0.703
0.7
0.697
0.694
0.691
0.688
0.685
0.683
0.68
0.678
0.675
0.673
0.671
0.668
0.666
0.664
0.662
0.661
0.659
0.657
0.656
0.655
0.653
0.652
0.651
0.65
0.65
0.649
0.649
0.648
0.648
0.648
0.648
0.648
0.649
0.649
0.65
0.651
0.652
0.653
0.655
0.656
0.658
0.66
0.662
0.664
0.667
0.669
0.672
0.675
0.678
0.682
0.685
0.689
0.693
0.697
0.701
0.705
0.709
0.714
0.718
0.723
0.728
0.732
0.737
0.742
0.747
0.752
0.758
0.763
0.768
0.773
0.779
0.784
0.789
0.795
0.8
0.805
0.811
0.816
0.821
0.827
0.832
0.837
0.842
0.847
0.852
0.857
0.862
0.867
0.871
0.876
0.881
0.885
0.889
0.894
0.898
0.902
0.906
0.91
0.913
0.917
0.92
0.924
0.927
0.93
0.933
0.936
0.938
0.941
0.943
0.946
0.948
0.95
0.952
0.953
0.955
0.956
0.957
0.958
0.959
0.96
0.96
0.961
0.961
0.961
0.96
0.96
0.959
0.958
0.957
0.956
0.955
0.953
0.951
0.949
0.947
0.944
0.941
0.938
0.935
0.932
0.928
0.924
0.92
0.916
0.911
0.906
0.901
0.895
0.89
0.884
0.878
0.871
0.864
0.857
0.85
0.842
0.834
0.826
0.818
0.809
0.8
0.791
0.781
0.771
0.761
0.751
0.74
0.73
0.719
0.708
0.698
0.687
0.676
0.665
0.654
0.643
0.633
0.622
0.612
0.602
0.592
0.582
0.573
0.563
0.554
0.546
0.538
0.53
0.523
0.516
0.509
0.503
0.498
0.493
0.489
0.485
0.482
0.479
0.478
0.477
0.476
0.477
0.478
0.48
0.483
0.487
0.492
0.497
0.504
0.512
0.52
0.53
0.54
0.552
0.565
0.579
0.594
0.61
0.628
0.647
0.667
0.688
0.71
0.734
0.758
0.783
0.808
0.833
0.859
0.885
0.91
0.935
0.959
0.983
1.005
1.027
1.047
1.066
1.083
1.098
1.112
1.123
1.132
1.139
1.143
1.144
1.142
1.137
1.129
1.117
1.102
1.082
1.059
1.032
1.0
0.964
0.921
0.872
0.814
0.746
0.667
0.576
0.478
0.378
0.281
0.193
0.118
0.062
0.031
0.028
0.061
0.133
0.25
0.411
0.589
0.75
0.867
0.94
0.972
0.971
0.941
0.888
0.817
0.733
0.642
0.55
0.461
0.381
0.316
0.27
0.25
0.259
0.292
0.344
0.41
0.483
0.557
0.626
0.686
0.729
0.75
0.745
0.717
0.672
0.614
0.548
0.48
0.415
0.357
0.313
0.286
0.28
0.294
0.324
0.365
0.414
0.467
0.521
0.571
0.615
0.652
0.683
0.708
0.727
0.741
0.75
0.755
0.756
0.753
0.747
0.739
0.727
0.714
0.699
0.683
0.667
0.649
0.632
0.615
0.597
0.581
0.565
0.551
0.538
0.526
0.516
0.508
0.503
0.5
0.5
0.502
0.507
0.514
0.523
0.533
0.544
0.556
0.569
0.583
0.596
0.61
0.623
0.636
0.647
0.658
0.667
0.674
0.68
0.684
0.687
0.688
0.688
0.686
0.684
0.68
0.675
0.669
0.662
0.654
0.646
0.636
0.626
0.615
0.604
0.592
0.58
0.568
0.555
0.542
0.529
0.515
0.502
0.489
0.475
0.462
0.449
0.437
0.425
0.413
0.402
0.392
0.382
0.372
0.364
0.356
0.35
0.344
0.339
0.336
0.333
0.332
0.332
0.333
0.336
0.339
0.344
0.349
0.355
0.363
0.371
0.38
0.389
0.399
0.41
0.422
0.434
0.447
0.46
0.474
0.488
0.502
0.517
0.532
0.547
0.563
0.578
0.594
0.61
0.625
0.641
0.656
0.672
0.687
0.702
0.717
0.731
0.745
0.759
0.772
0.785
0.797
0.809
0.82
0.83
0.839
0.848
0.856
0.863
0.87
0.875
0.879
0.883
0.885
0.887
0.888
0.888
0.888
0.887
0.885
0.883
0.88
0.877
0.873
0.869
0.865
0.861
0.856
0.851
0.846
0.841
0.836
0.831
0.827
0.822
0.818
0.813
0.809
0.806
0.803
0.8
0.798
0.796
0.795
0.794
0.795
0.796
0.797
0.8
0.803
0.808
0.813
0.819
0.826
0.833
0.841
0.85
0.86
0.87
0.881
0.892
0.904
0.917
0.93
0.943
0.957
0.972
0.987
1.002
1.017
1.033
1.049
1.066
1.082
1.099
1.116
1.133
1.151
1.168
1.186
1.203
1.221
1.238
1.256
1.273
1.291
1.308
1.325
1.342
1.359
1.376
1.392
1.408
1.424
1.439
1.454
1.469
1.483
1.497
1.511
1.524
1.536
1.548
1.559
1.57
1.58
1.589
1.598
1.606
1.614
1.62
1.626
1.631
1.635
1.638
1.641
1.642
1.643
1.642
1.641
1.639
1.635
1.63
1.625
1.618
1.61
1.601
1.59
1.579
1.566
1.552
1.536
1.519
1.501
1.481
1.46
1.438
1.414
1.388
1.361
1.332
1.302
1.27
1.237
1.202
1.165
1.126
1.086
1.044
1.0
0.954
0.907
0.859
0.809
0.759
0.709
0.659
0.609
0.56
0.512
0.465
0.42
0.377
0.336
0.297
0.262
0.229
0.2
0.175
0.154
0.137
0.125
0.118
0.116
0.12
0.13
0.147
0.169
0.199
0.236
0.281
0.333
0.394
0.461
0.533
0.609
0.688
0.768
0.848
0.925
1.0
1.07
1.136
1.197
1.254
1.307
1.356
1.401
1.441
1.478
1.511
1.541
1.567
1.589
1.608
1.624
1.636
1.646
1.652
1.655
1.656
1.654
1.649
1.642
1.632
1.62
1.605
1.589
1.57
1.549
1.526
1.502
1.476
1.448
1.418
1.387
1.355
1.322
1.287
1.251
1.215
1.177
1.138
1.099
1.06
1.019
0.979
0.937
0.896
0.855
0.813
0.772
0.73
0.689
0.648
0.608
0.568
0.528
0.49
0.452
0.414
0.378
0.343
0.309
0.276
0.245
0.215
0.186
0.159
0.134
0.111
0.089
0.07
0.052
0.037
0.023
0.013
0.004
-0.002
-0.005
-0.006
-0.003
0.002
0.01
0.021
0.035
0.053
0.074
0.098
0.126
0.158
0.193
0.232
0.275
0.322
0.373
0.429
0.488
0.55
0.614
0.678
0.741
0.801
0.857
0.908
0.955
0.996
1.033
1.064
1.092
1.115
1.134
1.149
1.161
1.168
1.173
1.174
1.171
1.166
1.158
1.148
1.135
1.119
1.102
1.082
1.061
1.038
1.013
0.988
0.961
0.933
0.904
0.874
0.844
0.814
0.783
0.753
0.722
0.692
0.663
0.634
0.606
0.578
0.552
0.527
0.504
0.482
0.462
0.444
0.429
0.415
0.403
0.393
0.385
0.379
0.374
0.372
0.371
0.371
0.373
0.377
0.382
0.389
0.396
0.406
0.416
0.427
0.44
0.454
0.468
0.484
0.501
0.518
0.536
0.555
0.575
0.595
0.616
0.637
0.659
0.681
0.703
0.726
0.749
0.772
0.795
0.819
0.842
0.865
0.888
0.911
0.934
0.957
0.979
1.001
1.022
1.043
1.064
1.083
1.103
1.121
1.139
1.156
1.172
1.187
1.201
1.214
1.226
1.236
1.246
1.254
1.261
1.267
1.271
1.274
1.275
1.275
1.272
1.269
1.263
1.256
1.247
1.235
1.222
1.207
1.19
1.17
1.149
1.125
1.099
1.07
1.039
1.006
0.97
0.931
0.89
0.846
0.799
0.75
0.698
0.644
0.588
0.532
0.476
0.422
0.37
0.32
0.274
0.232
0.195
0.165
0.141
0.125
0.117
0.117
0.124
0.138
0.158
0.184
0.215
0.25
0.289
0.332
0.378
0.425
0.475
0.526
0.577
0.628
0.679
0.729
0.777
0.823
0.866
0.906
0.942
0.973
1.0
1.021
1.037
1.049
1.055
1.058
1.058
1.054
1.047
1.037
1.026
1.013
0.998
0.983
0.966
0.95
0.934
0.918
0.903
0.89
0.878
0.869
0.862
0.857
0.856
0.857
0.862
0.868
0.876
0.886
0.897
0.909
0.921
0.934
0.946
0.958
0.97
0.98
0.988
0.995
1.0
1.002
1.003
1.0
0.996
0.991
0.983
0.974
0.963
0.952
0.939
0.925
0.911
0.895
0.88
0.864
0.848
0.832
0.816
0.8
0.785
0.77
0.756
0.742
0.729
0.716
0.704
0.692
0.681
0.671
0.662
0.653
0.645
0.637
0.631
0.625
0.62
0.616
0.613
0.61
0.609
0.608
0.609
0.61
0.613
0.616
0.621
0.627
0.633
0.641
0.651
0.661
0.672
0.685
0.699
0.714
0.731
0.748
0.767
0.786
0.806
0.827
0.848
0.868
0.889
0.909
0.929
0.948
0.966
0.984
1.0
1.015
1.028
1.041
1.052
1.062
1.07
1.078
1.084
1.09
1.095
1.098
1.101
1.103
1.104
1.104
1.104
1.102
1.101
1.098
1.095
1.092
1.088
1.084
1.079
1.074
1.068
1.063
1.057
1.05
1.044
1.038
1.031
1.025
1.019
1.012
1.006
1.0
0.994
0.988
0.983
0.978
0.972
0.967
0.962
0.958
0.953
0.949
0.945
0.94
0.936
0.933
0.929
0.925
0.922
0.918
0.915
0.912
0.908
0.905
0.902
0.899
0.896
0.894
0.891
0.888
0.885
0.883
0.88
0.878
0.875
0.872
0.87
0.867
0.865
0.862
0.86
0.857
0.855
0.852
0.849
0.847
0.844
0.841
0.839
0.836
0.833
0.831
0.828
0.825
0.822
0.82
0.817
0.814
0.811
0.809
0.806
0.803
0.8
0.798
0.795
0.792
0.79
0.787
0.784
0.782
0.779
0.776
0.774
0.771
0.769
0.766
0.764
0.761
0.759
0.757
0.754
0.752
0.75
0.747
0.745
0.743
0.741
0.739
0.737
0.735
0.733
0.731
0.729
0.727
0.725
0.724
0.722
0.72
0.719
0.717
0.716
0.715
0.713
0.712
0.711
0.71
0.709
0.708
0.707
0.706
0.706
0.705
0.705
0.704
0.704
0.703
0.703
0.703
0.703
0.703
0.703
0.703
0.703
0.704
0.704
0.705
0.706
0.706
0.707
0.708
0.709
0.711
0.712
0.713
0.715
0.716
0.718
0.72
0.722
0.724
0.726
0.729
0.731
0.734
0.736
0.739
0.742
0.745
0.748
0.752
0.755
0.759
0.762
0.766
0.77
0.774
0.779
0.783
0.788
0.792
0.797
0.802
0.808
0.813
0.818
0.824
0.83
0.836
0.842
0.848
0.854
0.861
0.868
0.875
0.882
0.889
0.896
0.904
0.912
0.919
0.927
0.936
0.944
0.952
0.961
0.969
0.978
0.987
0.995
1.004
1.013
1.022
1.031
1.04
1.049
1.058
1.067
1.076
1.085
1.094
1.103
1.112
1.121
1.13
1.139
1.148
1.156
1.165
1.173
1.182
1.19
1.198
1.206
1.214
1.222
1.229
1.237
1.244
1.251
1.258
1.265
1.271
1.277
1.283
1.289
1.295
1.3
1.305
1.31
1.315
1.319
1.323
1.327
1.33
1.333
1.336
1.339
1.341
1.342
1.344
1.345
1.346
1.346
1.346
1.346
1.345
1.344
1.342
1.34
1.337
1.334
1.331
1.327
1.323
1.318
1.313
1.307
1.301
1.294
1.287
1.279
1.27
1.262
1.252
1.242
1.232
1.221
1.209
1.197
1.184
1.17
1.156
1.141
1.126
1.11
1.093
1.076
1.058
1.039
1.02
1.0
0.979
0.958
0.936
0.915
0.893
0.871
0.849
0.828
0.807
0.787
0.768
0.75
0.733
0.717
0.702
0.689
0.676
0.664
0.653
0.644
0.635
0.627
0.62
0.614
0.608
0.603
0.6
0.596
0.594
0.592
0.591
0.59
0.59
0.591
0.592
0.593
0.595
0.598
0.601
0.604
0.608
0.611
0.616
0.62
0.625
0.629
0.635
0.64
0.645
0.65
0.656
0.661
0.667
0.672
0.677
0.683
0.688
0.693
0.699
0.704
0.709
0.714
0.719
0.724
0.728
0.733
0.738
0.742
0.746
0.751
0.755
0.759
0.763
0.767
0.77
0.774
0.777
0.78
0.783
0.786
0.789
0.792
0.794
0.796
0.798
0.8
0.802
0.803
0.804
0.806
0.806
0.807
0.808
0.808
0.809
0.809
0.809
0.809
0.809
0.809
0.809
0.809
0.808
0.808
0.807
0.807
0.806
0.806
0.805
0.805
0.804
0.803
0.803
0.802
0.802
0.801
0.801
0.8
0.8
0.8
0.8
0.799
0.799
0.8
0.8
0.8
0.8
0.801
0.802
0.803
0.805
0.808
0.811
0.815
0.819
0.825
0.832
0.84
0.849
0.859
0.871
0.884
0.899
0.915
0.934
0.954
0.976
1.0
1.026
1.054
1.083
1.112
1.141
1.169
1.196
1.221
1.244
1.264
1.281
1.293
1.301
1.304
1.3
1.291
1.274
1.251
1.219
1.178
1.129
1.07
1.0
0.921
0.838
0.757
0.686
0.632
0.6
0.596
0.618
0.659
0.716
0.783
0.856
0.93
1.0
1.062
1.115
1.16
1.197
1.227
1.249
1.264
1.272
1.274
1.27
1.259
1.243
1.222
1.196
1.165
1.129
1.09
1.046
0.999
0.949
0.896
0.84
0.781
0.721
0.659
0.595
0.53
0.464
0.398
0.331
0.264
0.197
0.131
0.066
0.001
-0.061
-0.122
-0.182
-0.238
-0.292
-0.344
-0.392
-0.437
-0.478
-0.514
-0.547
-0.575
-0.598
-0.616
-0.628
-0.634
-0.635
-0.628
-0.616
-0.596
-0.569
-0.534
-0.492
-0.441
-0.382
-0.315
-0.238
-0.152
-0.056
0.049
0.165
0.292
0.429
0.571
0.699
0.808
0.898
0.971
1.028
1.07
1.097
1.111
1.114
1.105
1.086
1.058
1.023
0.98
0.931
0.878
0.821
0.761
0.699
0.636
0.574
0.513
0.455
0.4
0.349
0.303
0.261
0.223
0.189
0.159
0.132
0.11
0.091
0.075
0.063
0.055
0.049
0.046
0.047
0.05
0.056
0.065
0.076
0.089
0.105
0.123
0.144
0.166
0.19
0.216
0.244
0.273
0.303
0.335
0.369
0.403
0.438
0.475
0.512
0.55
0.588
0.627
0.667
0.706
0.746
0.787
0.827
0.867
0.908
0.949
0.99
1.03
1.071
1.112
1.153
1.193
1.234
1.274
1.314
1.354
1.393
1.432
1.471
1.51
1.548
1.585
1.622
1.659
1.695
1.73
1.765
1.799
1.833
1.865
1.897
1.928
1.959
1.988
2.017
2.045
2.071
2.097
2.122
2.146
2.168
2.19
2.21
2.229
2.247
2.263
2.279
2.293
2.305
2.317
2.326
2.335
2.342
2.347
2.351
2.353
2.353
2.352
2.349
2.345
2.338
2.33
2.32
2.308
2.295
2.279
2.261
2.241
2.22
2.196
2.17
2.142
2.112
2.079
2.045
2.008
1.969
1.927
1.883
1.837
1.788
1.737
1.683
1.627
1.568
1.506
1.442
1.375
1.306
1.234
1.159
1.081
1.0
0.917
0.832
0.746
0.662
0.581
0.502
0.429
0.362
0.303
0.253
0.213
0.184
0.168
0.167
0.18
0.207
0.247
0.298
0.359
0.427
0.502
0.583
0.667
0.753
0.839
0.922
1.0
1.071
1.135
1.192
1.243
1.287
1.324
1.356
1.381
1.402
1.416
1.426
1.431
1.431
1.427
1.418
1.406
1.39
1.37
1.347
1.321
1.293
1.261
1.228
1.192
1.154
1.115
1.074
1.032
0.989
0.946
0.902
0.857
0.813
0.768
0.725
0.681
0.639
0.598
0.558
0.52
0.483
0.449
0.417
0.387
0.36
0.336
0.316
0.298
0.284
0.275
0.269
0.268
0.271
0.279
0.292
0.31
0.334
0.363
0.399
0.441
0.489
0.544
0.605
0.674
0.75
0.833
0.921
1.01
1.099
1.183
1.26
1.327
1.381
1.42
1.44
1.438
1.411
1.357
1.272
1.154
1.0
0.812
0.617
0.447
0.333
0.3
0.338
0.43
0.56
0.709
0.862
1.0
1.11
1.192
1.247
1.278
1.288
1.28
1.254
1.216
1.166
1.107
1.042
0.973
0.902
0.833
0.768
0.706
0.647
0.592
0.54
0.492
0.447
0.405
0.366
0.331
0.298
0.268
0.241
0.216
0.194
0.175
0.158
0.143
0.131
0.121
0.113
0.107
0.103
0.101
0.101
0.103
0.106
0.111
0.117
0.125
0.134
0.144
0.156
0.169
0.182
0.197
0.212
0.229
0.246
0.263
0.281
0.3
0.319
0.341
0.365
0.396
0.432
0.478
0.533
0.6
0.678
0.761
0.838
0.9
0.941
0.96
0.961
0.946
0.918
0.88
0.833
0.782
0.728
0.674
0.623
0.577
0.54
0.513
0.5
0.502
0.518
0.546
0.583
0.627
0.676
0.728
0.78
0.829
0.875
0.914
0.948
0.975
0.997
1.013
1.024
1.03
1.031
1.028
1.021
1.01
0.995
0.978
0.957
0.933
0.907
0.879
0.848
0.816
0.783
0.748
0.712
0.676
0.639
0.603
0.566
0.53
0.494
0.46
0.427
0.395
0.365
0.337
0.311
0.288
0.267
0.25
0.236
0.226
0.22
0.217
0.22
0.226
0.238
0.255
0.278
0.306
0.341
0.381
0.429
0.482
0.541
0.604
0.668
0.733
0.797
0.857
0.914
0.965
1.013
1.057
1.096
1.132
1.164
1.192
1.217
1.239
1.257
1.272
1.284
1.294
1.301
1.305
1.307
1.306
1.303
1.299
1.292
1.284
1.274
1.262
1.249
1.235
1.22
1.204
1.187
1.169
1.151
1.132
1.113
1.094
1.075
1.056
1.037
1.018
1.0
0.982
0.966
0.949
0.934
0.918
0.904
0.89
0.877
0.864
0.852
0.84
0.829
0.819
0.809
0.8
0.791
0.783
0.776
0.769
0.763
0.757
0.752
0.747
0.743
0.74
0.737
0.734
0.733
0.731
0.731
0.73
0.731
0.732
0.733
0.735
0.738
0.741
0.744
0.748
0.753
0.758
0.764
0.77
0.777
0.784
0.792
0.8
0.809
0.818
0.828
0.838
0.848
0.858
0.869
0.88
0.891
0.902
0.913
0.924
0.935
0.946
0.956
0.966
0.976
0.986
0.995
1.004
1.012
1.019
1.026
1.033
1.038
1.043
1.047
1.05
1.052
1.053
1.054
1.053
1.051
1.047
1.043
1.037
1.03
1.021
1.011
1.0
0.987
0.973
0.957
0.94
0.921
0.902
0.881
0.86
0.837
0.814
0.79
0.766
0.741
0.715
0.689
0.663
0.636
0.609
0.583
0.556
0.529
0.503
0.476
0.45
0.425
0.4
0.375
0.352
0.328
0.306
0.285
0.265
0.245
0.227
0.21
0.195
0.181
0.168
0.157
0.147
0.14
0.134
0.13
0.127
0.127
0.13
0.134
0.14
0.149
0.161
0.175
0.191
0.211
0.233
0.258
0.286
0.317
0.35
0.385
0.422
0.459
0.497
0.535
0.571
0.607
0.641
0.674
0.706
0.736
0.765
0.793
0.82
0.845
0.87
0.893
0.915
0.936
0.956
0.975
0.993
1.01
1.025
1.04
1.054
1.067
1.079
1.09
1.101
1.11
1.119
1.126
1.133
1.139
1.145
1.149
1.153
1.157
1.159
1.161
1.162
1.163
1.163
1.162
1.161
1.159
1.157
1.155
1.151
1.148
1.144
1.139
1.134
1.129
1.123
1.117
1.111
1.104
1.098
1.09
1.083
1.075
1.068
1.06
1.051
1.043
1.035
1.026
1.017
1.009
1.0
0.991
0.982
0.974
0.965
0.956
0.947
0.938
0.93
0.921
0.912
0.903
0.895
0.886
0.878
0.869
0.861
0.852
0.844
0.836
0.827
0.819
0.811
0.803
0.796
0.788
0.78
0.773
0.766
0.758
0.751
0.744
0.738
0.731
0.724
0.718
0.712
0.706
0.7
0.695
0.689
0.684
0.679
0.674
0.67
0.665
0.661
0.657
0.653
0.65
0.647
0.644
0.641
0.639
0.637
0.635
0.633
0.632
0.631
0.63
0.63
0.629
0.63
0.63
0.631
0.632
0.634
0.635
0.638
0.64
0.643
0.646
0.65
0.654
0.658
0.663
0.668
0.674
0.68
0.686
0.693
0.7
0.707
0.715
0.724
0.733
0.742
0.752
0.762
0.773
0.784
0.796
0.808
0.82
0.833
0.847
0.861
0.875
0.889
0.903
0.917
0.931
0.944
0.956
0.968
0.979
0.989
0.998
1.005
1.011
1.015
1.018
1.019
1.017
1.014
1.008
1.0
0.989
0.976
0.961
0.944
0.926
0.906
0.885
0.863
0.84
0.816
0.792
0.769
0.745
0.722
0.699
0.678
0.657
0.637
0.62
0.604
0.589
0.578
0.568
0.561
0.557
0.557
0.559
0.565
0.575
0.589
0.607
0.63
0.657
0.69
0.727
0.77
0.819
0.873
0.933
1.0
1.073
1.151
1.233
1.318
1.404
1.49
1.575
1.657
1.735
1.809
1.875
1.934
1.984
2.023
2.051
2.066
2.067
2.051
2.019
1.969
1.9
1.809
1.697
1.561
1.4
1.214
1.0
0.764
0.535
0.349
0.242
0.25
0.375
0.513
0.636
0.746
0.842
0.926
0.997
1.057
1.106
1.143
1.171
1.189
1.198
1.198
1.19
1.175
1.153
1.124
1.089
1.048
1.003
0.953
0.9
0.843
0.783
0.72
0.656
0.591
0.525
0.458
0.392
0.326
0.262
0.2
0.14
0.082
0.027
-0.027
-0.078
-0.127
-0.173
-0.218
-0.26
-0.301
-0.339
-0.376
-0.41
-0.442
-0.473
-0.502
-0.528
-0.553
-0.577
-0.598
-0.618
-0.636
-0.652
-0.667
-0.68
-0.691
-0.701
-0.71
-0.717
-0.722
-0.726
-0.729
-0.73
-0.73
-0.729
-0.726
-0.722
-0.717
-0.711
-0.703
-0.695
-0.685
-0.674
-0.662
-0.65
-0.636
-0.621
-0.605
-0.589
-0.572
-0.553
-0.534
-0.515
-0.494
-0.473
-0.451
-0.428
-0.405
-0.382
-0.357
-0.333
-0.307
-0.282
-0.255
-0.229
-0.202
-0.175
-0.147
-0.119
-0.091
-0.063
-0.034
-0.005
0.023
0.052
0.081
0.11
0.139
0.168
0.197
0.226
0.255
0.284
0.312
0.34
0.368
0.396
0.424
0.451
0.478
0.504
0.53
0.556
0.581
0.605
0.629
0.653
0.676
0.698
0.719
0.74
0.76
0.78
0.798
0.816
0.833
0.849
0.865
0.879
0.893
0.906
0.918
0.929
0.939
0.949
0.958
0.966
0.973
0.98
0.986
0.991
0.996
1.0
1.003
1.006
1.008
1.01
1.011
1.011
1.011
1.01
1.009
1.008
1.006
1.004
1.002
0.999
0.996
0.992
0.989
0.985
0.981
0.977
0.972
0.968
0.963
0.959
0.954
0.95
0.945
0.941
0.936
0.932
0.928
0.923
0.92
0.916
0.912
0.909
0.906
0.903
0.901
0.898
0.896
0.894
0.892
0.89
0.888
0.886
0.884
0.881
0.879
0.876
0.873
0.87
0.866
0.862
0.858
0.853
0.848
0.842
0.836
0.829
0.822
0.814
0.805
0.796
0.786
0.775
0.763
0.75
0.736
0.722
0.707
0.691
0.674
0.657
0.639
0.62
0.601
0.582
0.562
0.542
0.521
0.501
0.48
0.459
0.438
0.417
0.396
0.375
0.354
0.333
0.313
0.293
0.273
0.254
0.235
0.216
0.198
0.181
0.164
0.148
0.133
0.119
0.105
0.093
0.081
0.07
0.061
0.052
0.045
0.039
0.034
0.031
0.029
0.028
0.029
0.031
0.035
0.04
0.048
0.057
0.068
0.08
0.095
0.111
0.13
0.15
0.172
0.196
0.221
0.248
0.276
0.305
0.336
0.368
0.4
0.433
0.467
0.502
0.537
0.572
0.608
0.643
0.679
0.715
0.751
0.786
0.821
0.855
0.889
0.922
0.954
0.986
1.017
1.047
1.076
1.104
1.132
1.158
1.184
1.209
1.233
1.256
1.278
1.299
1.319
1.338
1.356
1.372
1.388
1.403
1.417
1.429
1.44
1.45
1.459
1.467
1.474
1.479
1.483
1.486
1.487
1.487
1.486
1.484
1.48
1.474
1.467
1.459
1.45
1.439
1.426
1.412
1.396
1.379
1.36
1.34
1.318
1.295
1.27
1.243
1.214
1.184
1.152
1.119
1.083
1.046
1.007
0.966
0.924
0.88
0.833
0.785
0.735
0.684
0.63
0.575
0.518
0.46
0.4
0.339
0.276
0.211
0.146
0.079
0.011
-0.059
-0.129
-0.201
-0.274
-0.347
-0.422
-0.498
-0.574
-0.652
-0.73
-0.809
-0.888
-0.968
-1.049
-1.131
-1.212
-1.295
-1.377
-1.46
-1.544
-1.627
-1.711
-1.795
-1.879
-1.963
-2.047
-2.131
-2.216
-2.299
-2.383
-2.467
-2.55
-2.633
-2.715
-2.798
-2.879
-2.961
-3.041
-3.121
-3.201
-3.279
-3.357
-3.434
-3.511
-3.586
-3.661
-3.734
-3.807
-3.878
-3.948
-4.017
-4.085
-4.152
-4.217
-4.281
-4.344
-4.405
-4.464
-4.522
-4.578
-4.633
-4.686
-4.738
-4.787
-4.835
-4.88
-4.924
-4.966
-5.006
-5.044
-5.079
-5.112
-5.144
-5.173
-5.199
-5.223
-5.245
-5.265
-5.281
-5.296
-5.307
-5.316
-5.323
-5.326
-5.327
-5.325
-5.32
-5.312
-5.301
-5.287
-5.27
-5.25
-5.227
-5.2
-5.17
-5.137
-5.101
-5.061
-5.017
-4.97
-4.92
-4.866
-4.808
-4.747
-4.682
-4.613
-4.54
-4.463
-4.382
-4.298
-4.209
-4.116
-4.019
-3.918
-3.813
-3.703
-3.59
-3.471
-3.349
-3.221
-3.09
-2.953
-2.813
-2.667
-2.517
-2.362
-2.202
-2.038
-1.868
-1.694
-1.514
-1.33
-1.14
-0.945
-0.745
-0.54
-0.33
-0.114
0.107
0.333
0.564
0.789
1.0
1.188
1.351
1.492
1.611
1.71
1.788
1.848
1.891
1.916
1.927
1.922
1.905
1.874
1.833
1.781
1.72
1.651
1.575
1.493
1.405
1.314
1.219
1.123
1.026
0.929
0.833
0.74
0.648
0.559
0.473
0.388
0.306
0.225
0.147
0.071
-0.003
-0.074
-0.144
-0.212
-0.277
-0.341
-0.403
-0.462
-0.52
-0.576
-0.63
-0.682
-0.732
-0.78
-0.827
-0.872
-0.915
-0.956
-0.995
-1.033
-1.069
-1.103
-1.136
-1.167
-1.197
-1.224
-1.251
-1.275
-1.299
-1.32
-1.341
-1.359
-1.377
-1.393
-1.407
-1.42
-1.432
-1.442
-1.451
-1.459
-1.465
-1.471
-1.475
-1.477
-1.479
-1.479
-1.478
-1.476
-1.473
-1.469
-1.464
-1.458
-1.45
-1.442
-1.432
-1.422
-1.411
-1.399
-1.385
-1.371
-1.357
-1.341
-1.324
-1.307
-1.289
-1.27
-1.25
-1.23
-1.208
-1.187
-1.164
-1.141
-1.117
-1.093
-1.068
-1.042
-1.016
-0.99
-0.963
-0.935
-0.907
-0.879
-0.85
-0.82
-0.791
-0.761
-0.73
-0.7
-0.669
-0.638
-0.606
-0.574
-0.542
-0.51
-0.478
-0.446
-0.413
-0.38
-0.348
-0.315
-0.282
-0.249
-0.216
-0.183
-0.15
-0.117
-0.085
-0.052
-0.019
0.013
0.045
0.077
0.109
0.141
0.172
0.204
0.234
0.265
0.295
0.325
0.355
0.384
0.413
0.441
0.469
0.496
0.523
0.55
0.576
0.601
0.626
0.65
0.673
0.696
0.719
0.74
0.761
0.781
0.801
0.82
0.838
0.855
0.871
0.887
0.901
0.915
0.928
0.94
0.951
0.961
0.97
0.978
0.985
0.991
0.996
1.0
1.003
1.005
1.006
1.006
1.006
1.005
1.004
1.002
1.001
1.0
0.999
0.998
0.998
0.997
0.997
0.997
0.997
0.997
0.997
0.997
0.998
0.998
0.999
0.999
1.0
1.0
1.001
1.001
1.002
1.002
1.002
1.003
1.003
1.003
1.002
1.002
1.002
1.001
1.0
0.999
0.998
0.996
0.994
0.992
0.99
0.987
0.984
0.981
0.977
0.973
0.969
0.964
0.958
0.953
0.947
0.94
0.933
0.926
0.918
0.909
0.9
0.89
0.88
0.869
0.858
0.846
0.833
0.82
0.806
0.792
0.778
0.764
0.75
0.737
0.724
0.712
0.7
0.69
0.681
0.673
0.667
0.663
0.661
0.66
0.662
0.667
0.674
0.683
0.694
0.707
0.721
0.736
0.752
0.769
0.786
0.802
0.818
0.834
0.848
0.861
0.872
0.882
0.889
0.893
0.895
0.893
0.888
0.879
0.866
0.849
0.827
0.8
0.768
0.732
0.692
0.651
0.609
0.567
0.526
0.488
0.454
0.424
0.4
0.383
0.372
0.367
0.368
0.375
0.386
0.401
0.421
0.444
0.471
0.5
0.531
0.565
0.6
0.636
0.673
0.71
0.747
0.783
0.818
0.852
0.885
0.915
0.942
0.966
0.987
1.004
1.016
1.024
1.027
1.024
1.015
1.0
0.978
0.95
0.917
0.879
0.838
0.793
0.747
0.698
0.649
0.6
0.552
0.504
0.458
0.413
0.37
0.329
0.29
0.254
0.22
0.189
0.161
0.137
0.116
0.1
0.087
0.079
0.075
0.076
0.082
0.094
0.111
0.134
0.162
0.194
0.23
0.27
0.311
0.355
0.399
0.444
0.489
0.534
0.578
0.623
0.667
0.71
0.754
0.796
0.837
0.877
0.915
0.95
0.983
1.014
1.041
1.064
1.084
1.099
1.11
1.116
1.117
1.112
1.101
1.084
1.061
1.03
0.993
0.948
0.895
0.834
0.764
0.685
0.597
0.5
0.394
0.285
0.181
0.09
0.017
-0.029
-0.041
-0.012
0.066
0.2
0.389
0.6
0.8
0.981
1.145
1.293
1.424
1.539
1.639
1.725
1.797
1.856
1.902
1.935
1.957
1.969
1.969
1.96
1.941
1.914
1.879
1.836
1.786
1.73
1.668
1.6
1.528
1.452
1.373
1.29
1.205
1.119
1.031
0.943
0.855
0.767
0.68
0.595
0.513
0.433
0.356
0.284
0.217
0.154
0.097
0.047
0.004
-0.032
-0.06
-0.079
-0.089
-0.089
-0.079
-0.058
-0.025
0.02
0.078
0.149
0.234
0.333
0.446
0.567
0.686
0.797
0.892
0.963
1.001
1.0
0.954
0.87
0.756
0.623
0.479
0.333
0.194
0.063
-0.06
-0.176
-0.285
-0.387
-0.482
-0.569
-0.651
-0.725
-0.794
-0.856
-0.912
-0.962
-1.007
-1.046
-1.08
-1.108
-1.132
-1.15
-1.164
-1.173
-1.178
-1.179
-1.175
-1.168
-1.157
-1.142
-1.124
-1.102
-1.078
-1.05
-1.02
-0.987
-0.951
-0.913
-0.873
-0.831
-0.787
-0.742
-0.695
-0.646
-0.597
-0.546
-0.494
-0.442
-0.389
-0.336
-0.283
-0.229
-0.176
-0.123
-0.07
-0.018
0.034
0.084
0.134
0.182
0.229
0.275
0.318
0.36
0.4
0.438
0.473
0.507
0.538
0.568
0.595
0.621
0.644
0.666
0.686
0.704
0.72
0.735
0.748
0.76
0.769
0.778
0.785
0.79
0.794
0.796
0.798
0.797
0.796
0.793
0.79
0.785
0.778
0.771
0.763
0.754
0.744
0.733
0.721
0.708
0.695
0.68
0.665
0.65
0.633
0.616
0.599
0.581
0.562
0.543
0.524
0.504
0.484
0.464
0.444
0.423
0.402
0.381
0.36
0.338
0.317
0.296
0.275
0.254
0.233
0.213
0.192
0.172
0.152
0.133
0.114
0.095
0.077
0.059
0.042
0.025
0.009
-0.006
-0.02
-0.034
-0.047
-0.06
-0.071
-0.082
-0.091
-0.1
-0.107
-0.114
-0.119
-0.123
-0.127
-0.128
-0.129
-0.128
-0.127
-0.123
-0.118
-0.112
-0.105
-0.095
-0.085
-0.072
-0.058
-0.042
-0.025
-0.006
0.015
0.038
0.063
0.09
0.118
0.149
0.181
0.216
0.253
0.292
0.333
0.377
0.421
0.467
0.512
0.556
0.598
0.638
0.676
0.711
0.745
0.775
0.804
0.829
0.852
0.872
0.889
0.903
0.914
0.922
0.927
0.929
0.93
0.928
0.923
0.917
0.908
0.898
0.886
0.873
0.858
0.842
0.824
0.806
0.786
0.766
0.745
0.724
0.702
0.68
0.657
0.635
0.613
0.591
0.569
0.548
0.528
0.508
0.489
0.471
0.454
0.439
0.424
0.412
0.401
0.391
0.383
0.377
0.372
0.368
0.366
0.365
0.365
0.367
0.37
0.373
0.378
0.384
0.391
0.399
0.407
0.417
0.427
0.438
0.45
0.462
0.475
0.488
0.502
0.516
0.531
0.546
0.561
0.576
0.592
0.608
0.624
0.64
0.656
0.672
0.688
0.704
0.719
0.734
0.749
0.764
0.778
0.792
0.805
0.818
0.831
0.842
0.853
0.863
0.873
0.882
0.889
0.896
0.902
0.907
0.911
0.914
0.915
0.916
0.915
0.913
0.909
0.904
0.898
0.89
0.881
0.87
0.857
0.843
0.827
0.81
0.792
0.772
0.752
0.732
0.71
0.689
0.667
0.645
0.623
0.602
0.581
0.561
0.542
0.524
0.507
0.492
0.477
0.465
0.455
0.446
0.44
0.435
0.432
0.431
0.432
0.434
0.438
0.443
0.449
0.457
0.466
0.477
0.488
0.5
0.514
0.528
0.543
0.559
0.575
0.592
0.61
0.628
0.646
0.665
0.683
0.702
0.721
0.74
0.759
0.778
0.797
0.815
0.833
0.851
0.868
0.884
0.9
0.915
0.929
0.942
0.955
0.966
0.976
0.986
0.993
1.0
1.005
1.009
1.012
1.013
1.014
1.013
1.011
1.009
1.005
1.001
0.996
0.991
0.985
0.978
0.971
0.964
0.957
0.949
0.941
0.933
0.925
0.917
0.909
0.902
0.895
0.888
0.881
0.875
0.869
0.864
0.86
0.856
0.853
0.85
0.847
0.845
0.843
0.842
0.841
0.84
0.84
0.84
0.841
0.841
0.842
0.844
0.845
0.847
0.849
0.851
0.853
0.856
0.858
0.861
0.864
0.867
0.87
0.873
0.876
0.879
0.883
0.886
0.889
0.892
0.895
0.898
0.901
0.904
0.906
0.909
0.911
0.913
0.915
0.917
0.919
0.92
0.921
0.922
0.922
0.923
0.922
0.922
0.921
0.92
0.918
0.916
0.914
0.911
0.907
0.904
0.899
0.894
0.889
