1, 0.0;
2, 0.002;
3, 0.003;
4, 0.005;
5, 0.006;
6, 0.008;
7, 0.009;
8, 0.011;
9, 0.012;
10, 0.014;
11, 0.015;
12, 0.017;
13, 0.019;
14, 0.02;
15, 0.022;
16, 0.023;
17, 0.025;
18, 0.026;
19, 0.028;
20, 0.029;
21, 0.031;
22, 0.032;
23, 0.034;
24, 0.035;
25, 0.037;
26, 0.038;
27, 0.04;
28, 0.041;
29, 0.043;
30, 0.044;
31, 0.046;
32, 0.047;
33, 0.048;
34, 0.05;
35, 0.051;
36, 0.053;
37, 0.054;
38, 0.056;
39, 0.057;
40, 0.059;
41, 0.06;
42, 0.062;
43, 0.063;
44, 0.064;
45, 0.066;
46, 0.067;
47, 0.069;
48, 0.07;
49, 0.072;
50, 0.073;
51, 0.074;
52, 0.076;
53, 0.077;
54, 0.079;
55, 0.08;
56, 0.081;
57, 0.083;
58, 0.084;
59, 0.086;
60, 0.087;
61, 0.088;
62, 0.09;
63, 0.091;
64, 0.093;
65, 0.094;
66, 0.095;
67, 0.097;
68, 0.098;
69, 0.099;
70, 0.101;
71, 0.102;
72, 0.103;
73, 0.105;
74, 0.106;
75, 0.108;
76, 0.109;
77, 0.11;
78, 0.112;
79, 0.113;
80, 0.114;
81, 0.116;
82, 0.117;
83, 0.118;
84, 0.12;
85, 0.121;
86, 0.122;
87, 0.123;
88, 0.125;
89, 0.126;
90, 0.127;
91, 0.129;
92, 0.13;
93, 0.131;
94, 0.133;
95, 0.134;
96, 0.135;
97, 0.136;
98, 0.138;
99, 0.139;
100, 0.14;
101, 0.142;
102, 0.143;
103, 0.144;
104, 0.145;
105, 0.147;
106, 0.148;
107, 0.149;
108, 0.151;
109, 0.152;
110, 0.153;
111, 0.154;
112, 0.156;
113, 0.157;
114, 0.158;
115, 0.159;
116, 0.161;
117, 0.162;
118, 0.163;
119, 0.164;
120, 0.165;
121, 0.167;
122, 0.168;
123, 0.169;
124, 0.17;
125, 0.172;
126, 0.173;
127, 0.174;
128, 0.175;
129, 0.176;
130, 0.178;
131, 0.179;
132, 0.18;
133, 0.181;
134, 0.182;
135, 0.184;
136, 0.185;
137, 0.186;
138, 0.187;
139, 0.188;
140, 0.189;
141, 0.191;
142, 0.192;
143, 0.193;
144, 0.194;
145, 0.195;
146, 0.197;
147, 0.198;
148, 0.199;
149, 0.2;
150, 0.2;
151, 0.201;
152, 0.201;
153, 0.202;
154, 0.202;
155, 0.203;
156, 0.203;
157, 0.204;
158, 0.204;
159, 0.204;
160, 0.205;
161, 0.205;
162, 0.206;
163, 0.206;
164, 0.207;
165, 0.207;
166, 0.207;
167, 0.208;
168, 0.208;
169, 0.209;
170, 0.209;
171, 0.209;
172, 0.21;
173, 0.21;
174, 0.211;
175, 0.211;
176, 0.211;
177, 0.212;
178, 0.212;
179, 0.213;
180, 0.213;
181, 0.213;
182, 0.214;
183, 0.214;
184, 0.215;
185, 0.215;
186, 0.215;
187, 0.216;
188, 0.216;
189, 0.216;
190, 0.217;
191, 0.217;
192, 0.217;
193, 0.218;
194, 0.218;
195, 0.219;
196, 0.219;
197, 0.219;
198, 0.22;
199, 0.22;
200, 0.22;
201, 0.221;
202, 0.221;
203, 0.221;
204, 0.222;
205, 0.222;
206, 0.222;
207, 0.223;
208, 0.223;
209, 0.223;
210, 0.224;
211, 0.224;
212, 0.224;
213, 0.224;
214, 0.225;
215, 0.225;
216, 0.225;
217, 0.226;
218, 0.226;
219, 0.226;
220, 0.227;
221, 0.227;
222, 0.227;
223, 0.227;
224, 0.228;
225, 0.228;
226, 0.228;
227, 0.229;
228, 0.229;
229, 0.229;
230, 0.229;
231, 0.23;
232, 0.23;
233, 0.23;
234, 0.23;
235, 0.231;
236, 0.231;
237, 0.231;
238, 0.232;
239, 0.232;
240, 0.232;
241, 0.232;
242, 0.233;
243, 0.233;
244, 0.233;
245, 0.233;
246, 0.234;
247, 0.234;
248, 0.234;
249, 0.234;
250, 0.234;
251, 0.235;
252, 0.235;
253, 0.235;
254, 0.235;
255, 0.236;
256, 0.236;
257, 0.236;
258, 0.236;
259, 0.236;
260, 0.237;
261, 0.237;
262, 0.237;
263, 0.237;
264, 0.238;
265, 0.238;
266, 0.238;
267, 0.238;
268, 0.238;
269, 0.239;
270, 0.239;
271, 0.239;
272, 0.239;
273, 0.239;
274, 0.239;
275, 0.24;
276, 0.24;
277, 0.24;
278, 0.24;
279, 0.24;
280, 0.241;
281, 0.241;
282, 0.241;
283, 0.241;
284, 0.241;
285, 0.241;
286, 0.242;
287, 0.242;
288, 0.242;
289, 0.242;
290, 0.242;
291, 0.242;
292, 0.243;
293, 0.243;
294, 0.243;
295, 0.243;
296, 0.243;
297, 0.243;
298, 0.243;
299, 0.244;
300, 0.244;
301, 0.244;
302, 0.244;
303, 0.244;
304, 0.244;
305, 0.244;
306, 0.245;
307, 0.245;
308, 0.245;
309, 0.245;
310, 0.245;
311, 0.245;
312, 0.245;
313, 0.245;
314, 0.245;
315, 0.246;
316, 0.246;
317, 0.246;
318, 0.246;
319, 0.246;
320, 0.246;
321, 0.246;
322, 0.246;
323, 0.246;
324, 0.247;
325, 0.247;
326, 0.247;
327, 0.247;
328, 0.247;
329, 0.247;
330, 0.247;
331, 0.247;
332, 0.247;
333, 0.247;
334, 0.247;
335, 0.247;
336, 0.248;
337, 0.248;
338, 0.248;
339, 0.248;
340, 0.248;
341, 0.248;
342, 0.248;
343, 0.248;
344, 0.248;
345, 0.248;
346, 0.248;
347, 0.248;
348, 0.248;
349, 0.248;
350, 0.248;
351, 0.249;
352, 0.249;
353, 0.249;
354, 0.249;
355, 0.249;
356, 0.249;
357, 0.249;
358, 0.249;
359, 0.249;
360, 0.249;
361, 0.249;
362, 0.249;
363, 0.249;
364, 0.249;
365, 0.249;
366, 0.249;
367, 0.249;
368, 0.249;
369, 0.249;
370, 0.249;
371, 0.249;
372, 0.249;
373, 0.249;
374, 0.249;
375, 0.249;
376, 0.249;
377, 0.249;
378, 0.249;
379, 0.249;
380, 0.249;
381, 0.249;
382, 0.249;
383, 0.249;
384, 0.249;
385, 0.249;
386, 0.249;
387, 0.249;
388, 0.249;
389, 0.249;
390, 0.249;
391, 0.249;
392, 0.249;
393, 0.249;
394, 0.249;
395, 0.249;
396, 0.249;
397, 0.249;
398, 0.249;
399, 0.249;
400, 0.249;
401, 0.249;
402, 0.249;
403, 0.249;
404, 0.249;
405, 0.249;
406, 0.249;
407, 0.249;
408, 0.249;
409, 0.249;
410, 0.249;
411, 0.249;
412, 0.249;
413, 0.249;
414, 0.249;
415, 0.249;
416, 0.249;
417, 0.249;
418, 0.249;
419, 0.249;
420, 0.249;
421, 0.249;
422, 0.249;
423, 0.249;
424, 0.248;
425, 0.248;
426, 0.248;
427, 0.248;
428, 0.248;
429, 0.248;
430, 0.248;
431, 0.248;
432, 0.248;
433, 0.248;
434, 0.248;
435, 0.248;
436, 0.248;
437, 0.248;
438, 0.248;
439, 0.248;
440, 0.247;
441, 0.247;
442, 0.247;
443, 0.247;
444, 0.247;
445, 0.247;
446, 0.247;
447, 0.247;
448, 0.247;
449, 0.247;
450, 0.247;
451, 0.247;
452, 0.247;
453, 0.246;
454, 0.246;
455, 0.246;
456, 0.246;
457, 0.246;
458, 0.246;
459, 0.246;
460, 0.246;
461, 0.246;
462, 0.246;
463, 0.246;
464, 0.245;
465, 0.245;
466, 0.245;
467, 0.245;
468, 0.245;
469, 0.245;
470, 0.245;
471, 0.245;
472, 0.245;
473, 0.245;
474, 0.244;
475, 0.244;
476, 0.244;
477, 0.244;
478, 0.244;
479, 0.244;
480, 0.244;
481, 0.244;
482, 0.244;
483, 0.243;
484, 0.243;
485, 0.243;
486, 0.243;
487, 0.243;
488, 0.243;
489, 0.243;
490, 0.243;
491, 0.242;
492, 0.242;
493, 0.242;
494, 0.242;
495, 0.242;
496, 0.242;
497, 0.242;
498, 0.242;
499, 0.241;
500, 0.241;
501, 0.241;
502, 0.241;
503, 0.241;
504, 0.241;
505, 0.241;
506, 0.24;
507, 0.24;
508, 0.24;
509, 0.24;
510, 0.24;
511, 0.24;
512, 0.24;
513, 0.239;
514, 0.239;
515, 0.239;
516, 0.239;
517, 0.239;
518, 0.239;
519, 0.239;
520, 0.238;
521, 0.238;
522, 0.238;
523, 0.238;
524, 0.238;
525, 0.238;
526, 0.237;
527, 0.237;
528, 0.237;
529, 0.237;
530, 0.237;
531, 0.237;
532, 0.237;
533, 0.236;
534, 0.236;
535, 0.236;
536, 0.236;
537, 0.236;
538, 0.236;
539, 0.235;
540, 0.235;
541, 0.235;
542, 0.235;
543, 0.235;
544, 0.235;
545, 0.234;
546, 0.234;
547, 0.234;
548, 0.234;
549, 0.234;
550, 0.233;
551, 0.233;
552, 0.233;
553, 0.233;
554, 0.233;
555, 0.233;
556, 0.232;
557, 0.232;
558, 0.232;
559, 0.232;
560, 0.232;
561, 0.231;
562, 0.231;
563, 0.231;
564, 0.231;
565, 0.231;
566, 0.231;
567, 0.23;
568, 0.23;
569, 0.23;
570, 0.23;
571, 0.23;
572, 0.229;
573, 0.229;
574, 0.229;
575, 0.229;
576, 0.229;
577, 0.228;
578, 0.228;
579, 0.228;
580, 0.228;
581, 0.228;
582, 0.227;
583, 0.227;
584, 0.227;
585, 0.227;
586, 0.227;
587, 0.226;
588, 0.226;
589, 0.226;
590, 0.226;
591, 0.226;
592, 0.225;
593, 0.225;
594, 0.225;
595, 0.225;
596, 0.225;
597, 0.224;
598, 0.224;
599, 0.224;
600, 0.224;
601, 0.224;
602, 0.223;
603, 0.223;
604, 0.223;
605, 0.223;
606, 0.223;
607, 0.222;
608, 0.222;
609, 0.222;
610, 0.222;
611, 0.222;
612, 0.221;
613, 0.221;
614, 0.221;
615, 0.221;
616, 0.22;
617, 0.22;
618, 0.22;
619, 0.22;
620, 0.22;
621, 0.219;
622, 0.219;
623, 0.219;
624, 0.219;
625, 0.219;
626, 0.218;
627, 0.218;
628, 0.218;
629, 0.218;
630, 0.217;
631, 0.217;
632, 0.217;
633, 0.217;
634, 0.217;
635, 0.216;
636, 0.216;
637, 0.216;
638, 0.216;
639, 0.215;
640, 0.215;
641, 0.215;
642, 0.215;
643, 0.215;
644, 0.214;
645, 0.214;
646, 0.214;
647, 0.214;
648, 0.213;
649, 0.213;
650, 0.213;
651, 0.213;
652, 0.212;
653, 0.212;
654, 0.212;
655, 0.212;
656, 0.212;
657, 0.211;
658, 0.211;
659, 0.211;
660, 0.211;
661, 0.21;
662, 0.21;
663, 0.21;
664, 0.21;
665, 0.209;
666, 0.209;
667, 0.209;
668, 0.209;
669, 0.209;
670, 0.208;
671, 0.208;
672, 0.208;
673, 0.208;
674, 0.207;
675, 0.207;
676, 0.207;
677, 0.207;
678, 0.206;
679, 0.206;
680, 0.206;
681, 0.206;
682, 0.206;
683, 0.205;
684, 0.205;
685, 0.205;
686, 0.205;
687, 0.204;
688, 0.204;
689, 0.204;
690, 0.204;
691, 0.203;
692, 0.203;
693, 0.203;
694, 0.203;
695, 0.202;
696, 0.202;
697, 0.202;
698, 0.202;
699, 0.202;
700, 0.201;
701, 0.201;
702, 0.201;
703, 0.201;
704, 0.2;
705, 0.2;
706, 0.2;
707, 0.2;
708, 0.199;
709, 0.199;
710, 0.199;
711, 0.199;
712, 0.198;
713, 0.198;
714, 0.198;
715, 0.198;
716, 0.197;
717, 0.197;
718, 0.197;
719, 0.197;
720, 0.197;
721, 0.196;
722, 0.196;
723, 0.196;
724, 0.196;
725, 0.195;
726, 0.195;
727, 0.195;
728, 0.195;
729, 0.194;
730, 0.194;
731, 0.194;
732, 0.194;
733, 0.193;
734, 0.193;
735, 0.193;
736, 0.193;
737, 0.192;
738, 0.192;
739, 0.192;
740, 0.192;
741, 0.192;
742, 0.191;
743, 0.191;
744, 0.191;
745, 0.191;
746, 0.19;
747, 0.19;
748, 0.19;
749, 0.19;
750, 0.189;
751, 0.189;
752, 0.189;
753, 0.189;
754, 0.188;
755, 0.188;
756, 0.188;
757, 0.188;
758, 0.188;
759, 0.187;
760, 0.187;
761, 0.187;
762, 0.187;
763, 0.186;
764, 0.186;
765, 0.186;
766, 0.186;
767, 0.185;
768, 0.185;
769, 0.185;
770, 0.185;
771, 0.184;
772, 0.184;
773, 0.184;
774, 0.184;
775, 0.184;
776, 0.183;
777, 0.183;
778, 0.183;
779, 0.183;
780, 0.182;
781, 0.182;
782, 0.182;
783, 0.182;
784, 0.181;
785, 0.181;
786, 0.181;
787, 0.181;
788, 0.181;
789, 0.18;
790, 0.18;
791, 0.18;
792, 0.18;
793, 0.179;
794, 0.179;
795, 0.179;
796, 0.179;
797, 0.178;
798, 0.178;
799, 0.178;
800, 0.178;
801, 0.178;
802, 0.177;
803, 0.177;
804, 0.177;
805, 0.177;
806, 0.176;
807, 0.176;
808, 0.176;
809, 0.176;
810, 0.176;
811, 0.175;
812, 0.175;
813, 0.175;
814, 0.175;
815, 0.174;
816, 0.174;
817, 0.174;
818, 0.174;
819, 0.174;
820, 0.173;
821, 0.173;
822, 0.173;
823, 0.173;
824, 0.173;
825, 0.172;
826, 0.172;
827, 0.172;
828, 0.172;
829, 0.171;
830, 0.171;
831, 0.171;
832, 0.171;
833, 0.171;
834, 0.17;
835, 0.17;
836, 0.17;
837, 0.17;
838, 0.17;
839, 0.169;
840, 0.169;
841, 0.169;
842, 0.169;
843, 0.169;
844, 0.168;
845, 0.168;
846, 0.168;
847, 0.168;
848, 0.167;
849, 0.167;
850, 0.167;
851, 0.167;
852, 0.167;
853, 0.167;
854, 0.166;
855, 0.166;
856, 0.166;
857, 0.166;
858, 0.166;
859, 0.166;
860, 0.165;
861, 0.165;
862, 0.165;
863, 0.165;
864, 0.165;
865, 0.165;
866, 0.164;
867, 0.164;
868, 0.164;
869, 0.164;
870, 0.164;
871, 0.164;
872, 0.164;
873, 0.163;
874, 0.163;
875, 0.163;
876, 0.163;
877, 0.163;
878, 0.163;
879, 0.163;
880, 0.162;
881, 0.162;
882, 0.162;
883, 0.162;
884, 0.162;
885, 0.162;
886, 0.162;
887, 0.161;
888, 0.161;
889, 0.161;
890, 0.161;
891, 0.161;
892, 0.161;
893, 0.161;
894, 0.16;
895, 0.16;
896, 0.16;
897, 0.16;
898, 0.16;
899, 0.16;
900, 0.16;
901, 0.159;
902, 0.159;
903, 0.159;
904, 0.159;
905, 0.159;
906, 0.159;
907, 0.159;
908, 0.159;
909, 0.158;
910, 0.158;
911, 0.158;
912, 0.158;
913, 0.158;
914, 0.158;
915, 0.158;
916, 0.158;
917, 0.157;
918, 0.157;
919, 0.157;
920, 0.157;
921, 0.157;
922, 0.157;
923, 0.157;
924, 0.157;
925, 0.156;
926, 0.156;
927, 0.156;
928, 0.156;
929, 0.156;
930, 0.156;
931, 0.156;
932, 0.156;
933, 0.155;
934, 0.155;
935, 0.155;
936, 0.155;
937, 0.155;
938, 0.155;
939, 0.155;
940, 0.155;
941, 0.155;
942, 0.154;
943, 0.154;
944, 0.154;
945, 0.154;
946, 0.154;
947, 0.154;
948, 0.154;
949, 0.154;
950, 0.154;
951, 0.153;
952, 0.153;
953, 0.153;
954, 0.153;
955, 0.153;
956, 0.153;
957, 0.153;
958, 0.153;
959, 0.153;
960, 0.152;
961, 0.152;
962, 0.152;
963, 0.152;
964, 0.152;
965, 0.152;
966, 0.152;
967, 0.152;
968, 0.152;
969, 0.152;
970, 0.151;
971, 0.151;
972, 0.151;
973, 0.151;
974, 0.151;
975, 0.151;
976, 0.151;
977, 0.151;
978, 0.151;
979, 0.151;
980, 0.151;
981, 0.15;
982, 0.15;
983, 0.15;
984, 0.15;
985, 0.15;
986, 0.15;
987, 0.15;
988, 0.15;
989, 0.15;
990, 0.15;
991, 0.15;
992, 0.149;
993, 0.149;
994, 0.149;
995, 0.149;
996, 0.149;
997, 0.149;
998, 0.149;
999, 0.149;
1000, 0.149;
1001, 0.149;
1002, 0.149;
1003, 0.148;
1004, 0.148;
1005, 0.148;
1006, 0.148;
1007, 0.148;
1008, 0.148;
1009, 0.148;
1010, 0.148;
1011, 0.148;
1012, 0.148;
1013, 0.148;
1014, 0.148;
1015, 0.148;
1016, 0.147;
1017, 0.147;
1018, 0.147;
1019, 0.147;
1020, 0.147;
1021, 0.147;
1022, 0.147;
1023, 0.147;
1024, 0.147;
1025, 0.147;
1026, 0.147;
1027, 0.147;
1028, 0.147;
1029, 0.147;
1030, 0.146;
1031, 0.146;
1032, 0.146;
1033, 0.146;
1034, 0.146;
1035, 0.146;
1036, 0.146;
1037, 0.146;
1038, 0.146;
1039, 0.146;
1040, 0.146;
1041, 0.146;
1042, 0.146;
1043, 0.146;
1044, 0.146;
1045, 0.145;
1046, 0.145;
1047, 0.145;
1048, 0.145;
1049, 0.145;
1050, 0.145;
1051, 0.145;
1052, 0.145;
1053, 0.145;
1054, 0.145;
1055, 0.145;
1056, 0.145;
1057, 0.145;
1058, 0.145;
1059, 0.145;
1060, 0.145;
1061, 0.145;
1062, 0.145;
1063, 0.144;
1064, 0.144;
1065, 0.144;
1066, 0.144;
1067, 0.144;
1068, 0.144;
1069, 0.144;
1070, 0.144;
1071, 0.144;
1072, 0.144;
1073, 0.144;
1074, 0.144;
1075, 0.144;
1076, 0.144;
1077, 0.144;
1078, 0.144;
1079, 0.144;
1080, 0.144;
1081, 0.144;
1082, 0.144;
1083, 0.143;
1084, 0.143;
1085, 0.143;
1086, 0.143;
1087, 0.143;
1088, 0.143;
1089, 0.143;
1090, 0.143;
1091, 0.143;
1092, 0.143;
1093, 0.143;
1094, 0.143;
1095, 0.143;
1096, 0.143;
1097, 0.143;
1098, 0.143;
1099, 0.143;
1100, 0.143;
1101, 0.143;
1102, 0.143;
1103, 0.143;
1104, 0.143;
1105, 0.143;
1106, 0.143;
1107, 0.143;
1108, 0.143;
1109, 0.142;
1110, 0.142;
1111, 0.142;
1112, 0.142;
1113, 0.142;
1114, 0.142;
1115, 0.142;
1116, 0.142;
1117, 0.142;
1118, 0.142;
1119, 0.142;
1120, 0.142;
1121, 0.142;
1122, 0.142;
1123, 0.142;
1124, 0.142;
1125, 0.142;
1126, 0.142;
1127, 0.142;
1128, 0.142;
1129, 0.142;
1130, 0.142;
1131, 0.142;
1132, 0.142;
1133, 0.142;
1134, 0.142;
1135, 0.142;
1136, 0.142;
1137, 0.142;
1138, 0.142;
1139, 0.142;
1140, 0.142;
1141, 0.142;
1142, 0.142;
1143, 0.142;
1144, 0.142;
1145, 0.142;
1146, 0.142;
1147, 0.142;
1148, 0.142;
1149, 0.142;
1150, 0.142;
1151, 0.141;
1152, 0.141;
1153, 0.141;
1154, 0.141;
1155, 0.141;
1156, 0.141;
1157, 0.141;
1158, 0.141;
1159, 0.141;
1160, 0.141;
1161, 0.141;
1162, 0.141;
1163, 0.141;
1164, 0.141;
1165, 0.141;
1166, 0.141;
1167, 0.141;
1168, 0.141;
1169, 0.141;
1170, 0.141;
1171, 0.141;
1172, 0.141;
1173, 0.141;
1174, 0.141;
1175, 0.141;
1176, 0.141;
1177, 0.141;
1178, 0.141;
1179, 0.141;
1180, 0.141;
1181, 0.141;
1182, 0.141;
1183, 0.141;
1184, 0.141;
1185, 0.141;
1186, 0.141;
1187, 0.141;
1188, 0.141;
1189, 0.141;
1190, 0.141;
1191, 0.141;
1192, 0.141;
1193, 0.141;
1194, 0.141;
1195, 0.141;
1196, 0.141;
1197, 0.141;
1198, 0.141;
1199, 0.141;
1200, 0.141;
1201, 0.141;
1202, 0.141;
1203, 0.141;
1204, 0.141;
1205, 0.141;
1206, 0.141;
1207, 0.141;
1208, 0.141;
1209, 0.141;
1210, 0.141;
1211, 0.141;
1212, 0.141;
1213, 0.141;
1214, 0.141;
1215, 0.141;
1216, 0.141;
1217, 0.141;
1218, 0.141;
1219, 0.141;
1220, 0.141;
1221, 0.141;
1222, 0.141;
1223, 0.141;
1224, 0.142;
1225, 0.142;
1226, 0.142;
1227, 0.142;
1228, 0.142;
1229, 0.142;
1230, 0.142;
1231, 0.142;
1232, 0.142;
1233, 0.142;
1234, 0.142;
1235, 0.142;
1236, 0.142;
1237, 0.142;
1238, 0.142;
1239, 0.142;
1240, 0.142;
1241, 0.142;
1242, 0.142;
1243, 0.142;
1244, 0.142;
1245, 0.142;
1246, 0.142;
1247, 0.142;
1248, 0.142;
1249, 0.142;
1250, 0.142;
1251, 0.142;
1252, 0.142;
1253, 0.142;
1254, 0.142;
1255, 0.142;
1256, 0.142;
1257, 0.142;
1258, 0.142;
1259, 0.142;
1260, 0.142;
1261, 0.142;
1262, 0.142;
1263, 0.142;
1264, 0.142;
1265, 0.142;
1266, 0.142;
1267, 0.142;
1268, 0.143;
1269, 0.143;
1270, 0.143;
1271, 0.143;
1272, 0.143;
1273, 0.143;
1274, 0.143;
1275, 0.143;
1276, 0.143;
1277, 0.143;
1278, 0.143;
1279, 0.143;
1280, 0.143;
1281, 0.143;
1282, 0.143;
1283, 0.143;
1284, 0.143;
1285, 0.143;
1286, 0.143;
1287, 0.143;
1288, 0.143;
1289, 0.143;
1290, 0.143;
1291, 0.143;
1292, 0.143;
1293, 0.143;
1294, 0.143;
1295, 0.144;
1296, 0.144;
1297, 0.144;
1298, 0.144;
1299, 0.144;
1300, 0.144;
1301, 0.144;
1302, 0.144;
1303, 0.144;
1304, 0.144;
1305, 0.144;
1306, 0.144;
1307, 0.144;
1308, 0.144;
1309, 0.144;
1310, 0.144;
1311, 0.144;
1312, 0.144;
1313, 0.144;
1314, 0.144;
1315, 0.144;
1316, 0.144;
1317, 0.144;
1318, 0.145;
1319, 0.145;
1320, 0.145;
1321, 0.145;
1322, 0.145;
1323, 0.145;
1324, 0.145;
1325, 0.145;
1326, 0.145;
1327, 0.145;
1328, 0.145;
1329, 0.145;
1330, 0.145;
1331, 0.145;
1332, 0.145;
1333, 0.145;
1334, 0.145;
1335, 0.145;
1336, 0.145;
1337, 0.146;
1338, 0.146;
1339, 0.146;
1340, 0.146;
1341, 0.146;
1342, 0.146;
1343, 0.146;
1344, 0.146;
1345, 0.146;
1346, 0.146;
1347, 0.146;
1348, 0.146;
1349, 0.146;
1350, 0.146;
1351, 0.146;
1352, 0.146;
1353, 0.146;
1354, 0.147;
1355, 0.147;
1356, 0.147;
1357, 0.147;
1358, 0.147;
1359, 0.147;
1360, 0.147;
1361, 0.147;
1362, 0.147;
1363, 0.147;
1364, 0.147;
1365, 0.147;
1366, 0.147;
1367, 0.147;
1368, 0.147;
1369, 0.147;
1370, 0.148;
1371, 0.148;
1372, 0.148;
1373, 0.148;
1374, 0.148;
1375, 0.148;
1376, 0.148;
1377, 0.148;
1378, 0.148;
1379, 0.148;
1380, 0.148;
1381, 0.148;
1382, 0.148;
1383, 0.148;
1384, 0.149;
1385, 0.149;
1386, 0.149;
1387, 0.149;
1388, 0.149;
1389, 0.149;
1390, 0.149;
1391, 0.149;
1392, 0.149;
1393, 0.149;
1394, 0.149;
1395, 0.149;
1396, 0.149;
1397, 0.149;
1398, 0.15;
1399, 0.15;
1400, 0.15;
1401, 0.15;
1402, 0.15;
1403, 0.15;
1404, 0.15;
1405, 0.15;
1406, 0.15;
1407, 0.15;
1408, 0.15;
1409, 0.15;
1410, 0.15;
1411, 0.151;
1412, 0.151;
1413, 0.151;
1414, 0.151;
1415, 0.151;
1416, 0.151;
1417, 0.151;
1418, 0.151;
1419, 0.151;
1420, 0.151;
1421, 0.151;
1422, 0.151;
1423, 0.152;
1424, 0.152;
1425, 0.152;
1426, 0.152;
1427, 0.152;
1428, 0.152;
1429, 0.152;
1430, 0.152;
1431, 0.152;
1432, 0.152;
1433, 0.152;
1434, 0.152;
1435, 0.153;
1436, 0.153;
1437, 0.153;
1438, 0.153;
1439, 0.153;
1440, 0.153;
1441, 0.153;
1442, 0.153;
1443, 0.153;
1444, 0.153;
1445, 0.153;
1446, 0.154;
1447, 0.154;
1448, 0.154;
1449, 0.154;
1450, 0.154;
1451, 0.154;
1452, 0.154;
1453, 0.154;
1454, 0.154;
1455, 0.154;
1456, 0.154;
1457, 0.155;
1458, 0.155;
1459, 0.155;
1460, 0.155;
1461, 0.155;
1462, 0.155;
1463, 0.155;
1464, 0.155;
1465, 0.155;
1466, 0.155;
1467, 0.155;
1468, 0.156;
1469, 0.156;
1470, 0.156;
1471, 0.156;
1472, 0.156;
1473, 0.156;
1474, 0.156;
1475, 0.156;
1476, 0.156;
1477, 0.156;
1478, 0.157;
1479, 0.157;
1480, 0.157;
1481, 0.157;
1482, 0.157;
1483, 0.157;
1484, 0.157;
1485, 0.157;
1486, 0.157;
1487, 0.157;
1488, 0.158;
1489, 0.158;
1490, 0.158;
1491, 0.158;
1492, 0.158;
1493, 0.158;
1494, 0.158;
1495, 0.158;
1496, 0.158;
1497, 0.158;
1498, 0.159;
1499, 0.159;
1500, 0.159;
1501, 0.159;
1502, 0.159;
1503, 0.159;
1504, 0.159;
1505, 0.159;
1506, 0.159;
1507, 0.159;
1508, 0.16;
1509, 0.16;
1510, 0.16;
1511, 0.16;
1512, 0.16;
1513, 0.16;
1514, 0.16;
1515, 0.16;
1516, 0.16;
1517, 0.161;
1518, 0.161;
1519, 0.161;
1520, 0.161;
1521, 0.161;
1522, 0.161;
1523, 0.161;
1524, 0.161;
1525, 0.161;
1526, 0.162;
1527, 0.162;
1528, 0.162;
1529, 0.162;
1530, 0.162;
1531, 0.162;
1532, 0.162;
1533, 0.162;
1534, 0.162;
1535, 0.163;
1536, 0.163;
1537, 0.163;
1538, 0.163;
1539, 0.163;
1540, 0.163;
1541, 0.163;
1542, 0.163;
1543, 0.163;
1544, 0.164;
1545, 0.164;
1546, 0.164;
1547, 0.164;
1548, 0.164;
1549, 0.164;
1550, 0.164;
1551, 0.164;
1552, 0.165;
1553, 0.165;
1554, 0.165;
1555, 0.165;
1556, 0.165;
1557, 0.165;
1558, 0.165;
1559, 0.165;
1560, 0.165;
1561, 0.166;
1562, 0.166;
1563, 0.166;
1564, 0.166;
1565, 0.166;
1566, 0.166;
1567, 0.166;
1568, 0.166;
1569, 0.167;
1570, 0.167;
1571, 0.167;
1572, 0.167;
1573, 0.167;
1574, 0.167;
1575, 0.167;
1576, 0.167;
1577, 0.168;
1578, 0.168;
1579, 0.168;
1580, 0.168;
1581, 0.168;
1582, 0.168;
1583, 0.168;
1584, 0.168;
1585, 0.169;
1586, 0.169;
1587, 0.169;
1588, 0.169;
1589, 0.169;
1590, 0.169;
1591, 0.169;
1592, 0.169;
1593, 0.17;
1594, 0.17;
1595, 0.17;
1596, 0.17;
1597, 0.17;
1598, 0.17;
1599, 0.17;
1600, 0.17;
1601, 0.171;
1602, 0.171;
1603, 0.171;
1604, 0.171;
1605, 0.171;
1606, 0.171;
1607, 0.171;
1608, 0.171;
1609, 0.172;
1610, 0.172;
1611, 0.172;
1612, 0.172;
1613, 0.172;
1614, 0.172;
1615, 0.172;
1616, 0.173;
1617, 0.173;
1618, 0.173;
1619, 0.173;
1620, 0.173;
1621, 0.173;
1622, 0.173;
1623, 0.173;
1624, 0.174;
1625, 0.174;
1626, 0.174;
1627, 0.174;
1628, 0.174;
1629, 0.174;
1630, 0.174;
1631, 0.175;
1632, 0.175;
1633, 0.175;
1634, 0.175;
1635, 0.175;
1636, 0.175;
1637, 0.175;
1638, 0.175;
1639, 0.176;
1640, 0.176;
1641, 0.176;
1642, 0.176;
1643, 0.176;
1644, 0.176;
1645, 0.176;
1646, 0.177;
1647, 0.177;
1648, 0.177;
1649, 0.177;
1650, 0.177;
1651, 0.177;
1652, 0.177;
1653, 0.178;
1654, 0.178;
1655, 0.178;
1656, 0.178;
1657, 0.178;
1658, 0.178;
1659, 0.178;
1660, 0.179;
1661, 0.179;
1662, 0.179;
1663, 0.179;
1664, 0.179;
1665, 0.179;
1666, 0.179;
1667, 0.179;
1668, 0.18;
1669, 0.18;
1670, 0.18;
1671, 0.18;
1672, 0.18;
1673, 0.18;
1674, 0.18;
1675, 0.181;
1676, 0.181;
1677, 0.181;
1678, 0.181;
1679, 0.181;
1680, 0.181;
1681, 0.182;
1682, 0.182;
1683, 0.182;
1684, 0.182;
1685, 0.182;
1686, 0.182;
1687, 0.182;
1688, 0.183;
1689, 0.183;
1690, 0.183;
1691, 0.183;
1692, 0.183;
1693, 0.183;
1694, 0.183;
1695, 0.184;
1696, 0.184;
1697, 0.184;
1698, 0.184;
1699, 0.184;
1700, 0.184;
1701, 0.184;
1702, 0.185;
1703, 0.185;
1704, 0.185;
1705, 0.185;
1706, 0.185;
1707, 0.185;
1708, 0.185;
1709, 0.186;
1710, 0.186;
1711, 0.186;
1712, 0.186;
1713, 0.186;
1714, 0.186;
1715, 0.187;
1716, 0.187;
1717, 0.187;
1718, 0.187;
1719, 0.187;
1720, 0.187;
1721, 0.187;
1722, 0.188;
1723, 0.188;
1724, 0.188;
1725, 0.188;
1726, 0.188;
1727, 0.188;
1728, 0.188;
1729, 0.189;
1730, 0.189;
1731, 0.189;
1732, 0.189;
1733, 0.189;
1734, 0.189;
1735, 0.19;
1736, 0.19;
1737, 0.19;
1738, 0.19;
1739, 0.19;
1740, 0.19;
1741, 0.19;
1742, 0.191;
1743, 0.191;
1744, 0.191;
1745, 0.191;
1746, 0.191;
1747, 0.191;
1748, 0.192;
1749, 0.192;
1750, 0.192;
1751, 0.192;
1752, 0.192;
1753, 0.192;
1754, 0.192;
1755, 0.193;
1756, 0.193;
1757, 0.193;
1758, 0.193;
1759, 0.193;
1760, 0.193;
1761, 0.194;
1762, 0.194;
1763, 0.194;
1764, 0.194;
1765, 0.194;
1766, 0.194;
1767, 0.195;
1768, 0.195;
1769, 0.195;
1770, 0.195;
1771, 0.195;
1772, 0.195;
1773, 0.195;
1774, 0.196;
1775, 0.196;
1776, 0.196;
1777, 0.196;
1778, 0.196;
1779, 0.196;
1780, 0.197;
1781, 0.197;
1782, 0.197;
1783, 0.197;
1784, 0.197;
1785, 0.197;
1786, 0.198;
1787, 0.198;
1788, 0.198;
1789, 0.198;
1790, 0.198;
1791, 0.198;
1792, 0.199;
1793, 0.199;
1794, 0.199;
1795, 0.199;
1796, 0.199;
1797, 0.199;
1798, 0.2;
1799, 0.2;
1800, 0.2;
1801, 0.2;
1802, 0.2;
1803, 0.2;
1804, 0.2;
1805, 0.201;
1806, 0.201;
1807, 0.201;
1808, 0.201;
1809, 0.201;
1810, 0.201;
1811, 0.201;
1812, 0.202;
1813, 0.202;
1814, 0.202;
1815, 0.202;
1816, 0.202;
1817, 0.202;
1818, 0.202;
1819, 0.203;
1820, 0.203;
1821, 0.203;
1822, 0.203;
1823, 0.203;
1824, 0.203;
1825, 0.204;
1826, 0.204;
1827, 0.204;
1828, 0.204;
1829, 0.204;
1830, 0.204;
1831, 0.204;
1832, 0.205;
1833, 0.205;
1834, 0.205;
1835, 0.205;
1836, 0.205;
1837, 0.205;
1838, 0.205;
1839, 0.206;
1840, 0.206;
1841, 0.206;
1842, 0.206;
1843, 0.206;
1844, 0.206;
1845, 0.207;
1846, 0.207;
1847, 0.207;
1848, 0.207;
1849, 0.207;
1850, 0.207;
1851, 0.207;
1852, 0.208;
1853, 0.208;
1854, 0.208;
1855, 0.208;
1856, 0.208;
1857, 0.208;
1858, 0.208;
1859, 0.209;
1860, 0.209;
1861, 0.209;
1862, 0.209;
1863, 0.209;
1864, 0.209;
1865, 0.21;
1866, 0.21;
1867, 0.21;
1868, 0.21;
1869, 0.21;
1870, 0.21;
1871, 0.21;
1872, 0.211;
1873, 0.211;
1874, 0.211;
1875, 0.211;
1876, 0.211;
1877, 0.211;
1878, 0.212;
1879, 0.212;
1880, 0.212;
1881, 0.212;
1882, 0.212;
1883, 0.212;
1884, 0.212;
1885, 0.213;
1886, 0.213;
1887, 0.213;
1888, 0.213;
1889, 0.213;
1890, 0.213;
1891, 0.214;
1892, 0.214;
1893, 0.214;
1894, 0.214;
1895, 0.214;
1896, 0.214;
1897, 0.214;
1898, 0.215;
1899, 0.215;
1900, 0.215;
1901, 0.215;
1902, 0.215;
1903, 0.215;
1904, 0.216;
1905, 0.216;
1906, 0.216;
1907, 0.216;
1908, 0.216;
1909, 0.216;
1910, 0.216;
1911, 0.217;
1912, 0.217;
1913, 0.217;
1914, 0.217;
1915, 0.217;
1916, 0.217;
1917, 0.218;
1918, 0.218;
1919, 0.218;
1920, 0.218;
1921, 0.218;
1922, 0.218;
1923, 0.219;
1924, 0.219;
1925, 0.219;
1926, 0.219;
1927, 0.219;
1928, 0.219;
1929, 0.219;
1930, 0.22;
1931, 0.22;
1932, 0.22;
1933, 0.22;
1934, 0.22;
1935, 0.22;
1936, 0.221;
1937, 0.221;
1938, 0.221;
1939, 0.221;
1940, 0.221;
1941, 0.221;
1942, 0.222;
1943, 0.222;
1944, 0.222;
1945, 0.222;
1946, 0.222;
1947, 0.222;
1948, 0.222;
1949, 0.223;
1950, 0.223;
1951, 0.223;
1952, 0.223;
1953, 0.223;
1954, 0.223;
1955, 0.224;
1956, 0.224;
1957, 0.224;
1958, 0.224;
1959, 0.224;
1960, 0.224;
1961, 0.225;
1962, 0.225;
1963, 0.225;
1964, 0.225;
1965, 0.225;
1966, 0.225;
1967, 0.225;
1968, 0.226;
1969, 0.226;
1970, 0.226;
1971, 0.226;
1972, 0.226;
1973, 0.226;
1974, 0.227;
1975, 0.227;
1976, 0.227;
1977, 0.227;
1978, 0.227;
1979, 0.227;
1980, 0.228;
1981, 0.228;
1982, 0.228;
1983, 0.228;
1984, 0.228;
1985, 0.228;
1986, 0.229;
1987, 0.229;
1988, 0.229;
1989, 0.229;
1990, 0.229;
1991, 0.229;
1992, 0.23;
1993, 0.23;
1994, 0.23;
1995, 0.23;
1996, 0.23;
1997, 0.23;
1998, 0.23;
1999, 0.231;
2000, 0.231;
2001, 0.231;
2002, 0.231;
2003, 0.231;
2004, 0.231;
2005, 0.232;
2006, 0.232;
2007, 0.232;
2008, 0.232;
2009, 0.232;
2010, 0.232;
2011, 0.233;
2012, 0.233;
2013, 0.233;
2014, 0.233;
2015, 0.233;
2016, 0.233;
2017, 0.234;
2018, 0.234;
2019, 0.234;
2020, 0.234;
2021, 0.234;
2022, 0.234;
2023, 0.235;
2024, 0.235;
2025, 0.235;
2026, 0.235;
2027, 0.235;
2028, 0.235;
2029, 0.235;
2030, 0.236;
2031, 0.236;
2032, 0.236;
2033, 0.236;
2034, 0.236;
2035, 0.236;
2036, 0.237;
2037, 0.237;
2038, 0.237;
2039, 0.237;
2040, 0.237;
2041, 0.237;
2042, 0.238;
2043, 0.238;
2044, 0.238;
2045, 0.238;
2046, 0.238;
2047, 0.238;
2048, 0.239;
2049, 0.239;
2050, 0.239;
2051, 0.239;
2052, 0.239;
2053, 0.239;
2054, 0.24;
2055, 0.24;
2056, 0.24;
2057, 0.24;
2058, 0.24;
2059, 0.24;
2060, 0.241;
2061, 0.241;
2062, 0.241;
2063, 0.241;
2064, 0.241;
2065, 0.241;
2066, 0.241;
2067, 0.242;
2068, 0.242;
2069, 0.242;
2070, 0.242;
2071, 0.242;
2072, 0.242;
2073, 0.243;
2074, 0.243;
2075, 0.243;
2076, 0.243;
2077, 0.243;
2078, 0.243;
2079, 0.244;
2080, 0.244;
2081, 0.244;
2082, 0.244;
2083, 0.244;
2084, 0.244;
2085, 0.245;
2086, 0.245;
2087, 0.245;
2088, 0.245;
2089, 0.245;
2090, 0.245;
2091, 0.246;
2092, 0.246;
2093, 0.246;
2094, 0.246;
2095, 0.246;
2096, 0.246;
2097, 0.247;
2098, 0.247;
2099, 0.247;
2100, 0.247;
2101, 0.247;
2102, 0.247;
2103, 0.248;
2104, 0.248;
2105, 0.248;
2106, 0.248;
2107, 0.248;
2108, 0.248;
2109, 0.248;
2110, 0.249;
2111, 0.249;
2112, 0.249;
2113, 0.249;
2114, 0.249;
2115, 0.249;
2116, 0.25;
2117, 0.25;
2118, 0.25;
2119, 0.25;
2120, 0.25;
2121, 0.25;
2122, 0.251;
2123, 0.251;
2124, 0.251;
2125, 0.251;
2126, 0.251;
2127, 0.251;
2128, 0.252;
2129, 0.252;
2130, 0.252;
2131, 0.252;
2132, 0.252;
2133, 0.252;
2134, 0.253;
2135, 0.253;
2136, 0.253;
2137, 0.253;
2138, 0.253;
2139, 0.253;
2140, 0.254;
2141, 0.254;
2142, 0.254;
2143, 0.254;
2144, 0.254;
2145, 0.254;
2146, 0.254;
2147, 0.255;
2148, 0.255;
2149, 0.255;
2150, 0.255;
2151, 0.255;
2152, 0.255;
2153, 0.256;
2154, 0.256;
2155, 0.256;
2156, 0.256;
2157, 0.256;
2158, 0.256;
2159, 0.257;
2160, 0.257;
2161, 0.257;
2162, 0.257;
2163, 0.257;
2164, 0.257;
2165, 0.258;
2166, 0.258;
2167, 0.258;
2168, 0.258;
2169, 0.258;
2170, 0.258;
2171, 0.259;
2172, 0.259;
2173, 0.259;
2174, 0.259;
2175, 0.259;
2176, 0.259;
2177, 0.259;
2178, 0.26;
2179, 0.26;
2180, 0.26;
2181, 0.26;
2182, 0.26;
2183, 0.26;
2184, 0.261;
2185, 0.261;
2186, 0.261;
2187, 0.261;
2188, 0.261;
2189, 0.261;
2190, 0.262;
2191, 0.262;
2192, 0.262;
2193, 0.262;
2194, 0.262;
2195, 0.262;
2196, 0.263;
2197, 0.263;
2198, 0.263;
2199, 0.263;
2200, 0.263;
2201, 0.263;
2202, 0.263;
2203, 0.264;
2204, 0.264;
2205, 0.264;
2206, 0.264;
2207, 0.264;
2208, 0.264;
2209, 0.265;
2210, 0.265;
2211, 0.265;
2212, 0.265;
2213, 0.265;
2214, 0.265;
2215, 0.266;
2216, 0.266;
2217, 0.266;
2218, 0.266;
2219, 0.266;
2220, 0.266;
2221, 0.266;
2222, 0.267;
2223, 0.267;
2224, 0.267;
2225, 0.267;
2226, 0.267;
2227, 0.267;
2228, 0.268;
2229, 0.268;
2230, 0.268;
2231, 0.268;
2232, 0.268;
2233, 0.268;
2234, 0.269;
2235, 0.269;
2236, 0.269;
2237, 0.269;
2238, 0.269;
2239, 0.269;
2240, 0.269;
2241, 0.27;
2242, 0.27;
2243, 0.27;
2244, 0.27;
2245, 0.27;
2246, 0.27;
2247, 0.271;
2248, 0.271;
2249, 0.271;
2250, 0.271;
2251, 0.271;
2252, 0.271;
2253, 0.272;
2254, 0.272;
2255, 0.272;
2256, 0.272;
2257, 0.272;
2258, 0.272;
2259, 0.272;
2260, 0.273;
2261, 0.273;
2262, 0.273;
2263, 0.273;
2264, 0.273;
2265, 0.273;
2266, 0.274;
2267, 0.274;
2268, 0.274;
2269, 0.274;
2270, 0.274;
2271, 0.274;
2272, 0.274;
2273, 0.275;
2274, 0.275;
2275, 0.275;
2276, 0.275;
2277, 0.275;
2278, 0.275;
2279, 0.276;
2280, 0.276;
2281, 0.276;
2282, 0.276;
2283, 0.276;
2284, 0.276;
2285, 0.276;
2286, 0.277;
2287, 0.277;
2288, 0.277;
2289, 0.277;
2290, 0.277;
2291, 0.277;
2292, 0.278;
2293, 0.278;
2294, 0.278;
2295, 0.278;
2296, 0.278;
2297, 0.278;
2298, 0.278;
2299, 0.279;
2300, 0.279;
2301, 0.279;
2302, 0.279;
2303, 0.279;
2304, 0.279;
2305, 0.279;
2306, 0.28;
2307, 0.28;
2308, 0.28;
2309, 0.28;
2310, 0.28;
2311, 0.28;
2312, 0.281;
2313, 0.281;
2314, 0.281;
2315, 0.281;
2316, 0.281;
2317, 0.281;
2318, 0.281;
2319, 0.282;
2320, 0.282;
2321, 0.282;
2322, 0.282;
2323, 0.282;
2324, 0.282;
2325, 0.282;
2326, 0.283;
2327, 0.283;
2328, 0.283;
2329, 0.283;
2330, 0.283;
2331, 0.283;
2332, 0.284;
2333, 0.284;
2334, 0.284;
2335, 0.284;
2336, 0.284;
2337, 0.284;
2338, 0.284;
2339, 0.285;
2340, 0.285;
2341, 0.285;
2342, 0.285;
2343, 0.285;
2344, 0.285;
2345, 0.285;
2346, 0.286;
2347, 0.286;
2348, 0.286;
2349, 0.286;
2350, 0.286;
2351, 0.286;
2352, 0.286;
2353, 0.287;
2354, 0.287;
2355, 0.287;
2356, 0.287;
2357, 0.287;
2358, 0.287;
2359, 0.287;
2360, 0.288;
2361, 0.288;
2362, 0.288;
2363, 0.288;
2364, 0.288;
2365, 0.288;
2366, 0.288;
2367, 0.289;
2368, 0.289;
2369, 0.289;
2370, 0.289;
2371, 0.289;
2372, 0.289;
2373, 0.289;
2374, 0.29;
2375, 0.29;
2376, 0.29;
2377, 0.29;
2378, 0.29;
2379, 0.29;
2380, 0.29;
2381, 0.291;
2382, 0.291;
2383, 0.291;
2384, 0.291;
2385, 0.291;
2386, 0.291;
2387, 0.291;
2388, 0.292;
2389, 0.292;
2390, 0.292;
2391, 0.292;
2392, 0.292;
2393, 0.292;
2394, 0.292;
2395, 0.293;
2396, 0.293;
2397, 0.293;
2398, 0.293;
2399, 0.293;
2400, 0.293;
2401, 0.293;
2402, 0.294;
2403, 0.294;
2404, 0.294;
2405, 0.294;
2406, 0.294;
2407, 0.294;
2408, 0.294;
2409, 0.295;
2410, 0.295;
2411, 0.295;
2412, 0.295;
2413, 0.295;
2414, 0.295;
2415, 0.295;
2416, 0.296;
2417, 0.296;
2418, 0.296;
2419, 0.296;
2420, 0.296;
2421, 0.296;
2422, 0.296;
2423, 0.296;
2424, 0.297;
2425, 0.297;
2426, 0.297;
2427, 0.297;
2428, 0.297;
2429, 0.297;
2430, 0.297;
2431, 0.298;
2432, 0.298;
2433, 0.298;
2434, 0.298;
2435, 0.298;
2436, 0.298;
2437, 0.298;
2438, 0.298;
2439, 0.299;
2440, 0.299;
2441, 0.299;
2442, 0.299;
2443, 0.299;
2444, 0.299;
2445, 0.299;
2446, 0.3;
2447, 0.3;
2448, 0.3;
2449, 0.3;
2450, 0.3;
2451, 0.3;
2452, 0.3;
2453, 0.3;
2454, 0.301;
2455, 0.301;
2456, 0.301;
2457, 0.301;
2458, 0.301;
2459, 0.301;
2460, 0.301;
2461, 0.302;
2462, 0.302;
2463, 0.302;
2464, 0.302;
2465, 0.302;
2466, 0.302;
2467, 0.302;
2468, 0.302;
2469, 0.303;
2470, 0.303;
2471, 0.303;
2472, 0.303;
2473, 0.303;
2474, 0.303;
2475, 0.303;
2476, 0.303;
2477, 0.304;
2478, 0.304;
2479, 0.304;
2480, 0.304;
2481, 0.304;
2482, 0.304;
2483, 0.304;
2484, 0.304;
2485, 0.305;
2486, 0.305;
2487, 0.305;
2488, 0.305;
2489, 0.305;
2490, 0.305;
2491, 0.305;
2492, 0.305;
2493, 0.306;
2494, 0.306;
2495, 0.306;
2496, 0.306;
2497, 0.306;
2498, 0.306;
2499, 0.306;
2500, 0.306;
2501, 0.307;
2502, 0.307;
2503, 0.307;
2504, 0.307;
2505, 0.307;
2506, 0.307;
2507, 0.307;
2508, 0.307;
2509, 0.308;
2510, 0.308;
2511, 0.308;
2512, 0.308;
2513, 0.308;
2514, 0.308;
2515, 0.308;
2516, 0.308;
2517, 0.308;
2518, 0.309;
2519, 0.309;
2520, 0.309;
2521, 0.309;
2522, 0.309;
2523, 0.309;
2524, 0.309;
2525, 0.309;
2526, 0.31;
2527, 0.31;
2528, 0.31;
2529, 0.31;
2530, 0.31;
2531, 0.31;
2532, 0.31;
2533, 0.31;
2534, 0.31;
2535, 0.311;
2536, 0.311;
2537, 0.311;
2538, 0.311;
2539, 0.311;
2540, 0.311;
2541, 0.311;
2542, 0.311;
2543, 0.312;
2544, 0.312;
2545, 0.312;
2546, 0.312;
2547, 0.312;
2548, 0.312;
2549, 0.312;
2550, 0.312;
2551, 0.312;
2552, 0.313;
2553, 0.313;
2554, 0.313;
2555, 0.313;
2556, 0.313;
2557, 0.313;
2558, 0.313;
2559, 0.313;
2560, 0.313;
2561, 0.314;
2562, 0.314;
2563, 0.314;
2564, 0.314;
2565, 0.314;
2566, 0.314;
2567, 0.314;
2568, 0.314;
2569, 0.314;
2570, 0.315;
2571, 0.315;
2572, 0.315;
2573, 0.315;
2574, 0.315;
2575, 0.315;
2576, 0.315;
2577, 0.315;
2578, 0.315;
2579, 0.315;
2580, 0.316;
2581, 0.316;
2582, 0.316;
2583, 0.316;
2584, 0.316;
2585, 0.316;
2586, 0.316;
2587, 0.316;
2588, 0.316;
2589, 0.317;
2590, 0.317;
2591, 0.317;
2592, 0.317;
2593, 0.317;
2594, 0.317;
2595, 0.317;
2596, 0.317;
2597, 0.317;
2598, 0.317;
2599, 0.318;
2600, 0.318;
2601, 0.318;
2602, 0.318;
2603, 0.318;
2604, 0.318;
2605, 0.318;
2606, 0.318;
2607, 0.318;
2608, 0.318;
2609, 0.319;
2610, 0.319;
2611, 0.319;
2612, 0.319;
2613, 0.319;
2614, 0.319;
2615, 0.319;
2616, 0.319;
2617, 0.319;
2618, 0.319;
2619, 0.32;
2620, 0.32;
2621, 0.32;
2622, 0.32;
2623, 0.32;
2624, 0.32;
2625, 0.32;
2626, 0.32;
2627, 0.32;
2628, 0.32;
2629, 0.32;
2630, 0.321;
2631, 0.321;
2632, 0.321;
2633, 0.321;
2634, 0.321;
2635, 0.321;
2636, 0.321;
2637, 0.321;
2638, 0.321;
2639, 0.321;
2640, 0.321;
2641, 0.322;
2642, 0.322;
2643, 0.322;
2644, 0.322;
2645, 0.322;
2646, 0.322;
2647, 0.322;
2648, 0.322;
2649, 0.322;
2650, 0.322;
2651, 0.322;
2652, 0.323;
2653, 0.323;
2654, 0.323;
2655, 0.323;
2656, 0.323;
2657, 0.323;
2658, 0.323;
2659, 0.323;
2660, 0.323;
2661, 0.323;
2662, 0.323;
2663, 0.324;
2664, 0.324;
2665, 0.324;
2666, 0.324;
2667, 0.324;
2668, 0.324;
2669, 0.324;
2670, 0.324;
2671, 0.324;
2672, 0.324;
2673, 0.324;
2674, 0.324;
2675, 0.325;
2676, 0.325;
2677, 0.325;
2678, 0.325;
2679, 0.325;
2680, 0.325;
2681, 0.325;
2682, 0.325;
2683, 0.325;
2684, 0.325;
2685, 0.325;
2686, 0.325;
2687, 0.325;
2688, 0.326;
2689, 0.326;
2690, 0.326;
2691, 0.326;
2692, 0.326;
2693, 0.326;
2694, 0.326;
2695, 0.326;
2696, 0.326;
2697, 0.326;
2698, 0.326;
2699, 0.326;
2700, 0.326;
2701, 0.327;
2702, 0.327;
2703, 0.327;
2704, 0.327;
2705, 0.327;
2706, 0.327;
2707, 0.327;
2708, 0.327;
2709, 0.327;
2710, 0.327;
2711, 0.327;
2712, 0.327;
2713, 0.327;
2714, 0.328;
2715, 0.328;
2716, 0.328;
2717, 0.328;
2718, 0.328;
2719, 0.328;
2720, 0.328;
2721, 0.328;
2722, 0.328;
2723, 0.328;
2724, 0.328;
2725, 0.328;
2726, 0.328;
2727, 0.328;
2728, 0.328;
2729, 0.329;
2730, 0.329;
2731, 0.329;
2732, 0.329;
2733, 0.329;
2734, 0.329;
2735, 0.329;
2736, 0.329;
2737, 0.329;
2738, 0.329;
2739, 0.329;
2740, 0.329;
2741, 0.329;
2742, 0.329;
2743, 0.329;
2744, 0.33;
2745, 0.33;
2746, 0.33;
2747, 0.33;
2748, 0.33;
2749, 0.33;
2750, 0.33;
2751, 0.33;
2752, 0.33;
2753, 0.33;
2754, 0.33;
2755, 0.33;
2756, 0.33;
2757, 0.33;
2758, 0.33;
2759, 0.33;
2760, 0.33;
2761, 0.331;
2762, 0.331;
2763, 0.331;
2764, 0.331;
2765, 0.331;
2766, 0.331;
2767, 0.331;
2768, 0.331;
2769, 0.331;
2770, 0.331;
2771, 0.331;
2772, 0.331;
2773, 0.331;
2774, 0.331;
2775, 0.331;
2776, 0.331;
2777, 0.331;
2778, 0.331;
2779, 0.332;
2780, 0.332;
2781, 0.332;
2782, 0.332;
2783, 0.332;
2784, 0.332;
2785, 0.332;
2786, 0.332;
2787, 0.332;
2788, 0.332;
2789, 0.332;
2790, 0.332;
2791, 0.332;
2792, 0.332;
2793, 0.332;
2794, 0.332;
2795, 0.332;
2796, 0.332;
2797, 0.332;
2798, 0.332;
2799, 0.332;
2800, 0.333;
2801, 0.333;
2802, 0.333;
2803, 0.333;
2804, 0.333;
2805, 0.333;
2806, 0.333;
2807, 0.333;
2808, 0.333;
2809, 0.333;
2810, 0.333;
2811, 0.333;
2812, 0.333;
2813, 0.333;
2814, 0.333;
2815, 0.333;
2816, 0.333;
2817, 0.333;
2818, 0.333;
2819, 0.333;
2820, 0.333;
2821, 0.333;
2822, 0.333;
2823, 0.333;
2824, 0.333;
2825, 0.334;
2826, 0.334;
2827, 0.334;
2828, 0.334;
2829, 0.334;
2830, 0.334;
2831, 0.334;
2832, 0.334;
2833, 0.334;
2834, 0.334;
2835, 0.334;
2836, 0.334;
2837, 0.334;
2838, 0.334;
2839, 0.334;
2840, 0.334;
2841, 0.334;
2842, 0.334;
2843, 0.334;
2844, 0.334;
2845, 0.334;
2846, 0.334;
2847, 0.334;
2848, 0.334;
2849, 0.334;
2850, 0.334;
2851, 0.334;
2852, 0.334;
2853, 0.334;
2854, 0.334;
2855, 0.334;
2856, 0.334;
2857, 0.335;
2858, 0.335;
2859, 0.335;
2860, 0.335;
2861, 0.335;
2862, 0.335;
2863, 0.335;
2864, 0.335;
2865, 0.335;
2866, 0.335;
2867, 0.335;
2868, 0.335;
2869, 0.335;
2870, 0.335;
2871, 0.335;
2872, 0.335;
2873, 0.335;
2874, 0.335;
2875, 0.335;
2876, 0.335;
2877, 0.335;
2878, 0.335;
2879, 0.335;
2880, 0.335;
2881, 0.335;
2882, 0.335;
2883, 0.335;
2884, 0.335;
2885, 0.335;
2886, 0.335;
2887, 0.335;
2888, 0.335;
2889, 0.335;
2890, 0.335;
2891, 0.335;
2892, 0.335;
2893, 0.335;
2894, 0.335;
2895, 0.335;
2896, 0.335;
2897, 0.335;
2898, 0.335;
2899, 0.335;
2900, 0.335;
2901, 0.335;
2902, 0.335;
2903, 0.335;
2904, 0.335;
2905, 0.335;
2906, 0.335;
2907, 0.335;
2908, 0.335;
2909, 0.335;
2910, 0.335;
2911, 0.335;
2912, 0.335;
2913, 0.335;
2914, 0.335;
2915, 0.335;
2916, 0.335;
2917, 0.335;
2918, 0.335;
2919, 0.335;
2920, 0.335;
2921, 0.335;
2922, 0.335;
2923, 0.335;
2924, 0.335;
2925, 0.335;
2926, 0.335;
2927, 0.335;
2928, 0.335;
2929, 0.335;
2930, 0.335;
2931, 0.335;
2932, 0.335;
2933, 0.335;
2934, 0.335;
2935, 0.335;
2936, 0.335;
2937, 0.335;
2938, 0.335;
2939, 0.335;
2940, 0.335;
2941, 0.335;
2942, 0.335;
2943, 0.335;
2944, 0.335;
2945, 0.335;
2946, 0.335;
2947, 0.335;
2948, 0.335;
2949, 0.335;
2950, 0.335;
2951, 0.335;
2952, 0.335;
2953, 0.335;
2954, 0.335;
2955, 0.335;
2956, 0.335;
2957, 0.335;
2958, 0.335;
2959, 0.335;
2960, 0.335;
2961, 0.335;
2962, 0.335;
2963, 0.335;
2964, 0.335;
2965, 0.335;
2966, 0.335;
2967, 0.335;
2968, 0.335;
2969, 0.335;
2970, 0.335;
2971, 0.335;
2972, 0.335;
2973, 0.335;
2974, 0.335;
2975, 0.335;
2976, 0.335;
2977, 0.335;
2978, 0.335;
2979, 0.335;
2980, 0.335;
2981, 0.335;
2982, 0.335;
2983, 0.335;
2984, 0.335;
2985, 0.335;
2986, 0.335;
2987, 0.335;
2988, 0.335;
2989, 0.335;
2990, 0.335;
2991, 0.335;
2992, 0.335;
2993, 0.335;
2994, 0.334;
2995, 0.334;
2996, 0.334;
2997, 0.334;
2998, 0.334;
2999, 0.334;
3000, 0.334;
3001, 0.334;
3002, 0.334;
3003, 0.334;
3004, 0.334;
3005, 0.334;
3006, 0.334;
3007, 0.334;
3008, 0.334;
3009, 0.334;
3010, 0.334;
3011, 0.334;
3012, 0.334;
3013, 0.334;
3014, 0.334;
3015, 0.334;
3016, 0.334;
3017, 0.334;
3018, 0.334;
3019, 0.334;
3020, 0.334;
3021, 0.334;
3022, 0.334;
3023, 0.334;
3024, 0.333;
3025, 0.333;
3026, 0.333;
3027, 0.333;
3028, 0.333;
3029, 0.333;
3030, 0.333;
3031, 0.333;
3032, 0.333;
3033, 0.333;
3034, 0.333;
3035, 0.333;
3036, 0.333;
3037, 0.333;
3038, 0.333;
3039, 0.333;
3040, 0.333;
3041, 0.333;
3042, 0.333;
3043, 0.333;
3044, 0.333;
3045, 0.333;
3046, 0.332;
3047, 0.332;
3048, 0.332;
3049, 0.332;
3050, 0.332;
3051, 0.332;
3052, 0.332;
3053, 0.332;
3054, 0.332;
3055, 0.332;
3056, 0.332;
3057, 0.332;
3058, 0.332;
3059, 0.332;
3060, 0.332;
3061, 0.332;
3062, 0.332;
3063, 0.332;
3064, 0.332;
3065, 0.331;
3066, 0.331;
3067, 0.331;
3068, 0.331;
3069, 0.331;
3070, 0.331;
3071, 0.331;
3072, 0.331;
3073, 0.331;
3074, 0.331;
3075, 0.331;
3076, 0.331;
3077, 0.331;
3078, 0.331;
3079, 0.331;
3080, 0.331;
3081, 0.33;
3082, 0.33;
3083, 0.33;
3084, 0.33;
3085, 0.33;
3086, 0.33;
3087, 0.33;
3088, 0.33;
3089, 0.33;
3090, 0.33;
3091, 0.33;
3092, 0.33;
3093, 0.33;
3094, 0.33;
3095, 0.33;
3096, 0.329;
3097, 0.329;
3098, 0.329;
3099, 0.329;
3100, 0.329;
3101, 0.329;
3102, 0.329;
3103, 0.329;
3104, 0.329;
3105, 0.329;
3106, 0.329;
3107, 0.329;
3108, 0.329;
3109, 0.328;
3110, 0.328;
3111, 0.328;
3112, 0.328;
3113, 0.328;
3114, 0.328;
3115, 0.328;
3116, 0.328;
3117, 0.328;
3118, 0.328;
3119, 0.328;
3120, 0.328;
3121, 0.328;
3122, 0.327;
3123, 0.327;
3124, 0.327;
3125, 0.327;
3126, 0.327;
3127, 0.327;
3128, 0.327;
3129, 0.327;
3130, 0.327;
3131, 0.327;
3132, 0.327;
3133, 0.326;
3134, 0.326;
3135, 0.326;
3136, 0.326;
3137, 0.326;
3138, 0.326;
3139, 0.326;
3140, 0.326;
3141, 0.326;
3142, 0.326;
3143, 0.326;
3144, 0.325;
3145, 0.325;
3146, 0.325;
3147, 0.325;
3148, 0.325;
3149, 0.325;
3150, 0.325;
3151, 0.325;
3152, 0.325;
3153, 0.325;
3154, 0.325;
3155, 0.324;
3156, 0.324;
3157, 0.324;
3158, 0.324;
3159, 0.324;
3160, 0.324;
3161, 0.324;
3162, 0.324;
3163, 0.324;
3164, 0.323;
3165, 0.323;
3166, 0.323;
3167, 0.323;
3168, 0.323;
3169, 0.323;
3170, 0.323;
3171, 0.323;
3172, 0.323;
3173, 0.323;
3174, 0.322;
3175, 0.322;
3176, 0.322;
3177, 0.322;
3178, 0.322;
3179, 0.322;
3180, 0.322;
3181, 0.322;
3182, 0.322;
3183, 0.321;
3184, 0.321;
3185, 0.321;
3186, 0.321;
3187, 0.321;
3188, 0.321;
3189, 0.321;
3190, 0.321;
3191, 0.32;
3192, 0.32;
3193, 0.32;
3194, 0.32;
3195, 0.32;
3196, 0.32;
3197, 0.32;
3198, 0.32;
3199, 0.32;
3200, 0.319;
3201, 0.319;
3202, 0.319;
3203, 0.319;
3204, 0.319;
3205, 0.319;
3206, 0.319;
3207, 0.319;
3208, 0.318;
3209, 0.318;
3210, 0.318;
3211, 0.318;
3212, 0.318;
3213, 0.318;
3214, 0.318;
3215, 0.318;
3216, 0.317;
3217, 0.317;
3218, 0.317;
3219, 0.317;
3220, 0.317;
3221, 0.317;
3222, 0.317;
3223, 0.316;
3224, 0.316;
3225, 0.316;
3226, 0.316;
3227, 0.316;
3228, 0.316;
3229, 0.316;
3230, 0.316;
3231, 0.315;
3232, 0.315;
3233, 0.315;
3234, 0.315;
3235, 0.315;
3236, 0.315;
3237, 0.315;
3238, 0.314;
3239, 0.314;
3240, 0.314;
3241, 0.314;
3242, 0.314;
3243, 0.314;
3244, 0.314;
3245, 0.313;
3246, 0.313;
3247, 0.313;
3248, 0.313;
3249, 0.313;
3250, 0.313;
3251, 0.313;
3252, 0.312;
3253, 0.312;
3254, 0.312;
3255, 0.312;
3256, 0.312;
3257, 0.312;
3258, 0.311;
3259, 0.311;
3260, 0.311;
3261, 0.311;
3262, 0.311;
3263, 0.311;
3264, 0.311;
3265, 0.31;
3266, 0.31;
3267, 0.31;
3268, 0.31;
3269, 0.31;
3270, 0.31;
3271, 0.309;
3272, 0.309;
3273, 0.309;
3274, 0.309;
3275, 0.309;
3276, 0.309;
3277, 0.308;
3278, 0.308;
3279, 0.308;
3280, 0.308;
3281, 0.308;
3282, 0.308;
3283, 0.307;
3284, 0.307;
3285, 0.307;
3286, 0.307;
3287, 0.307;
3288, 0.307;
3289, 0.306;
3290, 0.306;
3291, 0.306;
3292, 0.306;
3293, 0.306;
3294, 0.306;
3295, 0.305;
3296, 0.305;
3297, 0.305;
3298, 0.305;
3299, 0.305;
3300, 0.305;
3301, 0.304;
3302, 0.304;
3303, 0.304;
3304, 0.304;
3305, 0.304;
3306, 0.303;
3307, 0.303;
3308, 0.303;
3309, 0.303;
3310, 0.303;
3311, 0.303;
3312, 0.302;
3313, 0.302;
3314, 0.302;
3315, 0.302;
3316, 0.302;
3317, 0.301;
3318, 0.301;
3319, 0.301;
3320, 0.301;
3321, 0.301;
3322, 0.301;
3323, 0.3;
3324, 0.3;
3325, 0.3;
3326, 0.3;
3327, 0.3;
3328, 0.299;
3329, 0.299;
3330, 0.299;
3331, 0.299;
3332, 0.299;
3333, 0.298;
3334, 0.298;
3335, 0.298;
3336, 0.298;
3337, 0.298;
3338, 0.297;
3339, 0.297;
3340, 0.297;
3341, 0.297;
3342, 0.297;
3343, 0.297;
3344, 0.296;
3345, 0.296;
3346, 0.296;
3347, 0.296;
3348, 0.295;
3349, 0.295;
3350, 0.295;
3351, 0.295;
3352, 0.295;
3353, 0.294;
3354, 0.294;
3355, 0.294;
3356, 0.294;
3357, 0.294;
3358, 0.293;
3359, 0.293;
3360, 0.293;
3361, 0.293;
3362, 0.293;
3363, 0.292;
3364, 0.292;
3365, 0.292;
3366, 0.292;
3367, 0.292;
3368, 0.291;
3369, 0.291;
3370, 0.291;
3371, 0.291;
3372, 0.29;
3373, 0.29;
3374, 0.29;
3375, 0.29;
3376, 0.29;
3377, 0.289;
3378, 0.289;
3379, 0.289;
3380, 0.289;
3381, 0.288;
3382, 0.288;
3383, 0.288;
3384, 0.288;
3385, 0.288;
3386, 0.287;
3387, 0.287;
3388, 0.287;
3389, 0.287;
3390, 0.286;
3391, 0.286;
3392, 0.286;
3393, 0.286;
3394, 0.286;
3395, 0.285;
3396, 0.285;
3397, 0.285;
3398, 0.285;
3399, 0.284;
3400, 0.284;
3401, 0.284;
3402, 0.284;
3403, 0.283;
3404, 0.283;
3405, 0.283;
3406, 0.283;
3407, 0.283;
3408, 0.282;
3409, 0.282;
3410, 0.282;
3411, 0.282;
3412, 0.281;
3413, 0.281;
3414, 0.281;
3415, 0.281;
3416, 0.28;
3417, 0.28;
3418, 0.28;
3419, 0.28;
3420, 0.279;
3421, 0.279;
3422, 0.279;
3423, 0.279;
3424, 0.278;
3425, 0.278;
3426, 0.278;
3427, 0.278;
3428, 0.277;
3429, 0.277;
3430, 0.277;
3431, 0.277;
3432, 0.276;
3433, 0.276;
3434, 0.276;
3435, 0.276;
3436, 0.275;
3437, 0.275;
3438, 0.275;
3439, 0.275;
3440, 0.274;
3441, 0.274;
3442, 0.274;
3443, 0.274;
3444, 0.273;
3445, 0.273;
3446, 0.273;
3447, 0.273;
3448, 0.272;
3449, 0.272;
3450, 0.272;
3451, 0.272;
3452, 0.271;
3453, 0.271;
3454, 0.271;
3455, 0.27;
3456, 0.27;
3457, 0.27;
3458, 0.27;
3459, 0.269;
3460, 0.269;
3461, 0.269;
3462, 0.269;
3463, 0.268;
3464, 0.268;
3465, 0.268;
3466, 0.267;
3467, 0.267;
3468, 0.267;
3469, 0.267;
3470, 0.266;
3471, 0.266;
3472, 0.266;
3473, 0.266;
3474, 0.265;
3475, 0.265;
3476, 0.265;
3477, 0.264;
3478, 0.264;
3479, 0.264;
3480, 0.264;
3481, 0.263;
3482, 0.263;
3483, 0.263;
3484, 0.262;
3485, 0.262;
3486, 0.262;
3487, 0.262;
3488, 0.261;
3489, 0.261;
3490, 0.261;
3491, 0.26;
3492, 0.26;
3493, 0.26;
3494, 0.26;
3495, 0.259;
3496, 0.259;
3497, 0.259;
3498, 0.258;
3499, 0.258;
3500, 0.258;
3501, 0.258;
3502, 0.257;
3503, 0.257;
3504, 0.257;
3505, 0.256;
3506, 0.256;
3507, 0.256;
3508, 0.255;
3509, 0.255;
3510, 0.255;
3511, 0.255;
3512, 0.254;
3513, 0.254;
3514, 0.254;
3515, 0.253;
3516, 0.253;
3517, 0.253;
3518, 0.252;
3519, 0.252;
3520, 0.252;
3521, 0.251;
3522, 0.251;
3523, 0.251;
3524, 0.251;
3525, 0.25;
3526, 0.25;
3527, 0.25;
3528, 0.249;
3529, 0.249;
3530, 0.249;
3531, 0.248;
3532, 0.248;
3533, 0.248;
3534, 0.247;
3535, 0.247;
3536, 0.247;
3537, 0.246;
3538, 0.246;
3539, 0.246;
3540, 0.245;
3541, 0.245;
3542, 0.245;
3543, 0.245;
3544, 0.244;
3545, 0.244;
3546, 0.244;
3547, 0.243;
3548, 0.243;
3549, 0.243;
3550, 0.242;
3551, 0.242;
3552, 0.242;
3553, 0.241;
3554, 0.241;
3555, 0.241;
3556, 0.24;
3557, 0.24;
3558, 0.24;
3559, 0.239;
3560, 0.239;
3561, 0.239;
3562, 0.238;
3563, 0.238;
3564, 0.238;
3565, 0.237;
3566, 0.237;
3567, 0.237;
3568, 0.236;
3569, 0.236;
3570, 0.236;
3571, 0.235;
3572, 0.235;
3573, 0.235;
3574, 0.234;
3575, 0.234;
3576, 0.233;
3577, 0.233;
3578, 0.233;
3579, 0.232;
3580, 0.232;
3581, 0.232;
3582, 0.231;
3583, 0.231;
3584, 0.231;
3585, 0.23;
3586, 0.23;
3587, 0.23;
3588, 0.229;
3589, 0.229;
3590, 0.229;
3591, 0.228;
3592, 0.228;
3593, 0.228;
3594, 0.227;
3595, 0.227;
3596, 0.226;
3597, 0.226;
3598, 0.226;
3599, 0.225;
3600, 0.225;
3601, 0.225;
3602, 0.224;
3603, 0.224;
3604, 0.224;
3605, 0.223;
3606, 0.223;
3607, 0.222;
3608, 0.222;
3609, 0.222;
3610, 0.221;
3611, 0.221;
3612, 0.221;
3613, 0.22;
3614, 0.22;
3615, 0.219;
3616, 0.219;
3617, 0.219;
3618, 0.218;
3619, 0.218;
3620, 0.218;
3621, 0.217;
3622, 0.217;
3623, 0.216;
3624, 0.216;
3625, 0.216;
3626, 0.215;
3627, 0.215;
3628, 0.215;
3629, 0.214;
3630, 0.214;
3631, 0.213;
3632, 0.213;
3633, 0.213;
3634, 0.212;
3635, 0.212;
3636, 0.212;
3637, 0.211;
3638, 0.211;
3639, 0.21;
3640, 0.21;
3641, 0.21;
3642, 0.209;
3643, 0.209;
3644, 0.208;
3645, 0.208;
3646, 0.208;
3647, 0.207;
3648, 0.207;
3649, 0.206;
3650, 0.206;
3651, 0.206;
3652, 0.205;
3653, 0.205;
3654, 0.204;
3655, 0.204;
3656, 0.204;
3657, 0.203;
3658, 0.203;
3659, 0.202;
3660, 0.202;
3661, 0.202;
3662, 0.201;
3663, 0.201;
3664, 0.2;
3665, 0.2;
3666, 99999;
