0.0
0.04
0.079
0.116
0.152
0.187
0.22
0.252
0.283
0.313
0.341
0.368
0.394
0.418
0.442
0.464
0.486
0.506
0.525
0.543
0.56
0.576
0.591
0.605
0.618
0.63
0.641
0.651
0.661
0.669
0.677
0.684
0.69
0.696
0.7
0.704
0.708
0.71
0.712
0.714
0.714
0.714
0.714
0.713
0.711
0.709
0.707
0.703
0.7
0.696
0.692
0.687
0.682
0.677
0.671
0.665
0.658
0.652
0.645
0.638
0.631
0.623
0.616
0.608
0.6
0.592
0.584
0.576
0.568
0.56
0.552
0.545
0.537
0.53
0.523
0.516
0.51
0.504
0.498
0.493
0.489
0.485
0.481
0.479
0.476
0.475
0.474
0.474
0.475
0.477
0.48
0.483
0.488
0.493
0.5
0.508
0.517
0.526
0.537
0.549
0.561
0.574
0.588
0.603
0.618
0.634
0.651
0.668
0.685
0.703
0.721
0.739
0.758
0.776
0.795
0.814
0.833
0.852
0.87
0.889
0.907
0.926
0.943
0.961
0.978
0.995
1.011
1.026
1.041
1.055
1.069
1.082
1.094
1.105
1.115
1.124
1.132
1.14
1.146
1.15
1.154
1.156
1.157
1.157
1.155
1.151
1.146
1.14
1.131
1.122
1.11
1.096
1.081
1.064
1.045
1.023
1.0
0.975
0.947
0.918
0.888
0.857
0.824
0.791
0.757
0.723
0.689
0.655
0.621
0.588
0.556
0.525
0.495
0.467
0.441
0.417
0.394
0.375
0.358
0.344
0.333
0.325
0.321
0.321
0.325
0.333
0.346
0.362
0.381
0.402
0.423
0.445
0.465
0.484
0.5
0.512
0.522
0.527
0.53
0.53
0.528
0.523
0.517
0.508
0.498
0.487
0.475
0.461
0.448
0.433
0.419
0.405
0.391
0.377
0.365
0.353
0.343
0.334
0.327
0.321
0.318
0.318
0.32
0.325
0.333
0.345
0.359
0.376
0.395
0.415
0.436
0.457
0.479
0.5
0.52
0.54
0.558
0.576
0.593
0.609
0.625
0.64
0.654
0.669
0.682
0.696
0.709
0.722
0.735
0.748
0.761
0.774
0.788
0.801
0.814
0.828
0.842
0.857
0.872
0.888
0.904
0.92
0.937
0.954
0.972
0.99
1.008
1.027
1.045
1.064
1.084
1.103
1.123
1.143
1.163
1.183
1.203
1.223
1.244
1.264
1.284
1.305
1.325
1.346
1.366
1.386
1.406
1.426
1.446
1.466
1.485
1.504
1.523
1.542
1.561
1.579
1.597
1.614
1.632
1.649
1.665
1.681
1.697
1.712
1.726
1.74
1.754
1.767
1.78
1.792
1.803
1.813
1.824
1.833
1.842
1.849
1.857
1.863
1.869
1.874
1.878
1.881
1.883
1.885
1.885
1.885
1.884
1.882
1.878
1.874
1.869
1.863
1.855
1.847
1.837
1.826
1.814
1.801
1.787
1.772
1.755
1.737
1.718
1.697
1.675
1.652
1.628
1.602
1.574
1.546
1.515
1.484
1.451
1.416
1.38
1.342
1.302
1.262
1.219
1.175
1.129
1.081
1.032
0.981
0.929
0.874
0.819
0.763
0.707
0.652
0.599
0.548
0.5
0.455
0.414
0.376
0.341
0.31
0.282
0.256
0.234
0.215
0.199
0.185
0.175
0.167
0.161
0.158
0.158
0.159
0.163
0.168
0.175
0.184
0.194
0.205
0.218
0.231
0.245
0.26
0.276
0.291
0.307
0.324
0.34
0.355
0.371
0.386
0.4
0.413
0.426
0.438
0.449
0.46
0.47
0.479
0.488
0.496
0.503
0.51
0.517
0.523
0.529
0.534
0.539
0.544
0.548
0.553
0.557
0.561
0.564
0.568
0.571
0.575
0.578
0.582
0.585
0.588
0.592
0.595
0.598
0.601
0.604
0.607
0.61
0.613
0.616
0.618
0.621
0.624
0.627
0.629
0.632
0.634
0.637
0.639
0.641
0.643
0.646
0.648
0.65
0.652
0.654
0.656
0.658
0.659
0.661
0.663
0.665
0.666
0.668
0.669
0.67
0.672
0.673
0.674
0.675
0.677
0.678
0.678
0.679
0.68
0.681
0.682
0.682
0.683
0.683
0.684
0.684
0.685
0.685
0.685
0.685
0.685
0.685
0.685
0.685
0.685
0.685
0.684
0.684
0.683
0.683
0.682
0.681
0.681
0.68
0.679
0.678
0.677
0.676
0.675
0.673
0.672
0.67
0.669
0.667
0.666
0.664
0.662
0.66
0.658
0.656
0.654
0.652
0.65
0.648
0.645
0.643
0.64
0.637
0.635
0.632
0.629
0.626
0.623
0.62
0.617
0.613
0.61
0.606
0.603
0.599
0.596
0.592
0.588
0.584
0.58
0.576
0.571
0.567
0.563
0.558
0.554
0.549
0.544
0.54
0.535
0.53
0.525
0.521
0.516
0.511
0.506
0.501
0.496
0.491
0.486
0.482
0.477
0.472
0.467
0.463
0.458
0.453
0.449
0.444
0.44
0.436
0.432
0.427
0.423
0.42
0.416
0.412
0.408
0.405
0.402
0.399
0.396
0.393
0.39
0.388
0.385
0.383
0.381
0.379
0.378
0.376
0.375
0.374
0.373
0.373
0.372
0.372
0.372
0.373
0.374
0.374
0.376
0.377
0.379
0.381
0.383
0.386
0.389
0.392
0.396
0.399
0.404
0.408
0.413
0.418
0.424
0.43
0.436
0.443
0.45
0.457
0.465
0.473
0.482
0.491
0.5
0.51
0.52
0.531
0.542
0.553
0.565
0.578
0.591
0.604
0.618
0.632
0.647
0.662
0.678
0.694
0.711
0.728
0.746
0.764
0.783
0.802
0.822
0.842
0.863
0.884
0.906
0.929
0.952
0.976
1.0
1.025
1.05
1.075
1.1
1.125
1.149
1.172
1.194
1.215
1.234
1.251
1.266
1.279
1.289
1.296
1.3
1.301
1.299
1.292
1.282
1.267
1.247
1.223
1.194
1.16
1.12
1.074
1.022
0.964
0.899
0.828
0.75
0.665
0.577
0.49
0.407
0.333
0.271
0.221
0.182
0.153
0.133
0.122
0.119
0.123
0.133
0.149
0.169
0.193
0.22
0.25
0.281
0.313
0.344
0.375
0.404
0.432
0.458
0.482
0.505
0.526
0.546
0.564
0.581
0.597
0.611
0.625
0.636
0.647
0.657
0.665
0.673
0.679
0.685
0.689
0.693
0.696
0.698
0.699
0.699
0.699
0.698
0.696
0.694
0.691
0.688
0.685
0.68
0.676
0.671
0.666
0.661
0.655
0.649
0.643
0.637
0.631
0.625
0.619
0.613
0.607
0.601
0.595
0.59
0.585
0.58
0.575
0.571
0.567
0.564
0.561
0.558
0.557
0.556
0.555
0.555
0.556
0.557
0.559
0.561
0.564
0.567
0.571
0.575
0.58
0.585
0.59
0.596
0.602
0.608
0.614
0.621
0.628
0.635
0.642
0.649
0.656
0.664
0.671
0.678
0.686
0.693
0.701
0.708
0.715
0.722
0.729
0.735
0.742
0.748
0.754
0.76
0.765
0.77
0.774
0.779
0.782
0.786
0.789
0.791
0.793
0.794
0.795
0.795
0.795
0.793
0.792
0.789
0.786
0.782
0.777
0.772
0.765
0.758
0.75
0.741
0.731
0.721
0.71
0.698
0.686
0.673
0.661
0.648
0.635
0.622
0.609
0.596
0.584
0.572
0.561
0.55
0.539
0.53
0.521
0.513
0.507
0.501
0.496
0.493
0.491
0.491
0.492
0.495
0.5
0.506
0.514
0.523
0.532
0.542
0.551
0.559
0.566
0.571
0.574
0.575
0.573
0.567
0.557
0.543
0.524
0.5
0.471
0.437
0.401
0.364
0.328
0.294
0.264
0.24
0.222
0.213
0.211
0.217
0.229
0.247
0.271
0.298
0.33
0.365
0.402
0.44
0.48
0.52
0.56
0.599
0.636
0.67
0.702
0.729
0.753
0.771
0.783
0.789
0.787
0.778
0.76
0.735
0.702
0.664
0.621
0.573
0.522
0.469
0.415
0.359
0.304
0.25
0.198
0.148
0.099
0.053
0.009
-0.034
-0.075
-0.114
-0.151
-0.186
-0.219
-0.251
-0.281
-0.31
-0.337
-0.362
-0.385
-0.407
-0.428
-0.446
-0.464
-0.48
-0.494
-0.507
-0.519
-0.529
-0.538
-0.545
-0.551
-0.556
-0.56
-0.562
-0.563
-0.563
-0.562
-0.56
-0.557
-0.552
-0.546
-0.54
-0.532
-0.524
-0.514
-0.503
-0.492
-0.48
-0.467
-0.452
-0.438
-0.422
-0.406
-0.388
-0.37
-0.352
-0.333
-0.313
-0.292
-0.271
-0.249
-0.227
-0.204
-0.181
-0.157
-0.133
-0.109
-0.084
-0.058
-0.032
-0.006
0.02
0.047
0.074
0.101
0.128
0.156
0.183
0.211
0.239
0.267
0.295
0.323
0.351
0.379
0.407
0.435
0.463
0.491
0.518
0.546
0.573
0.6
0.627
0.653
0.68
0.705
0.731
0.756
0.781
0.805
0.829
0.853
0.875
0.898
0.919
0.941
0.961
0.981
1.0
1.018
1.036
1.053
1.07
1.085
1.1
1.114
1.128
1.141
1.154
1.165
1.176
1.187
1.197
1.206
1.215
1.223
1.231
1.238
1.244
1.25
1.255
1.26
1.264
1.268
1.272
1.274
1.277
1.278
1.28
1.281
1.281
1.281
1.281
1.28
1.279
1.277
1.275
1.272
1.27
1.266
1.263
1.259
1.254
1.25
1.245
1.24
1.234
1.228
1.222
1.215
1.208
1.201
1.194
1.186
1.179
1.17
1.162
1.154
1.145
1.136
1.127
1.117
1.108
1.098
1.088
1.078
1.068
1.058
1.047
1.037
1.026
1.015
1.005
0.994
0.983
0.971
0.96
0.949
0.938
0.927
0.915
0.904
0.893
0.881
0.87
0.859
0.847
0.836
0.825
0.814
0.802
0.791
0.78
0.769
0.759
0.748
0.737
0.727
0.717
0.706
0.696
0.686
0.677
0.667
0.658
0.648
0.639
0.63
0.622
0.613
0.605
0.597
0.59
0.582
0.575
0.568
0.562
0.555
0.549
0.543
0.538
0.533
0.528
0.524
0.52
0.516
0.512
0.51
0.507
0.505
0.503
0.501
0.5
0.5
0.5
0.5
0.501
0.502
0.503
0.505
0.508
0.51
0.513
0.517
0.52
0.524
0.528
0.532
0.537
0.541
0.546
0.551
0.556
0.561
0.566
0.571
0.577
0.582
0.587
0.592
0.597
0.603
0.608
0.613
0.618
0.623
0.628
0.634
0.639
0.644
0.649
0.653
0.658
0.663
0.668
0.672
0.677
0.682
0.686
0.69
0.695
0.699
0.703
0.707
0.711
0.714
0.718
0.721
0.725
0.728
0.731
0.734
0.737
0.739
0.742
0.744
0.746
0.748
0.75
0.752
0.753
0.754
0.756
0.756
0.757
0.758
0.758
0.758
0.758
0.757
0.757
0.756
0.755
0.753
0.752
0.75
0.748
0.746
0.743
0.74
0.737
0.734
0.73
0.727
0.723
0.719
0.714
0.71
0.705
0.701
0.696
0.69
0.685
0.68
0.674
0.668
0.662
0.656
0.65
0.644
0.638
0.631
0.625
0.618
0.612
0.605
0.598
0.591
0.584
0.577
0.57
0.563
0.556
0.549
0.542
0.535
0.528
0.521
0.514
0.507
0.5
0.493
0.486
0.479
0.472
0.465
0.458
0.452
0.445
0.438
0.432
0.426
0.419
0.413
0.407
0.401
0.395
0.39
0.384
0.379
0.374
0.368
0.363
0.359
0.354
0.35
0.346
0.341
0.338
0.334
0.331
0.327
0.324
0.322
0.319
0.317
0.315
0.313
0.312
0.311
0.31
0.309
0.309
0.309
0.309
0.309
0.31
0.312
0.313
0.315
0.317
0.32
0.322
0.326
0.329
0.333
0.338
0.342
0.347
0.353
0.358
0.364
0.369
0.375
0.381
0.387
0.393
0.398
0.404
0.409
0.415
0.42
0.424
0.429
0.433
0.436
0.439
0.442
0.445
0.447
0.449
0.45
0.452
0.453
0.454
0.454
0.454
0.454
0.454
0.454
0.453
0.453
0.452
0.45
0.449
0.448
0.446
0.445
0.443
0.441
0.439
0.437
0.435
0.433
0.431
0.429
0.427
0.425
0.423
0.421
0.419
0.417
0.415
0.413
0.411
0.41
0.408
0.407
0.405
0.404
0.403
0.402
0.402
0.401
0.401
0.401
0.401
0.401
0.402
0.403
0.404
0.405
0.407
0.409
0.412
0.414
0.417
0.421
0.424
0.429
0.433
0.438
0.443
0.448
0.452
0.457
0.461
0.465
0.468
0.47
0.472
0.472
0.472
0.47
0.467
0.462
0.456
0.448
0.438
0.426
0.412
0.396
0.378
0.357
0.333
0.307
0.278
0.247
0.213
0.177
0.138
0.098
0.055
0.01
-0.036
-0.085
-0.135
-0.186
-0.239
-0.294
-0.35
-0.407
-0.465
-0.524
-0.585
-0.646
-0.708
-0.77
-0.833
-0.897
-0.96
-1.025
-1.089
-1.153
-1.218
-1.282
-1.346
-1.41
-1.474
-1.537
-1.599
-1.661
-1.722
-1.783
-1.842
-1.9
-1.957
-2.013
-2.068
-2.121
-2.173
-2.223
-2.272
-2.318
-2.363
-2.406
-2.447
-2.485
-2.522
-2.556
-2.588
-2.617
-2.643
-2.667
-2.688
-2.706
-2.721
-2.733
-2.741
-2.747
-2.749
-2.748
-2.743
-2.734
-2.722
-2.705
-2.685
-2.661
-2.633
-2.6
-2.564
-2.522
-2.477
-2.426
-2.371
-2.311
-2.247
-2.177
-2.102
-2.022
-1.937
-1.847
-1.751
-1.65
-1.542
-1.43
-1.311
-1.187
-1.056
-0.919
-0.777
-0.627
-0.472
-0.31
-0.142
0.034
0.216
0.404
0.6
0.8
0.993
1.178
1.353
1.519
1.677
1.826
1.967
2.099
2.224
2.34
2.449
2.55
2.644
2.73
2.81
2.882
2.948
3.007
3.059
3.105
3.145
3.179
3.207
3.23
3.247
3.258
3.265
3.266
3.262
3.254
3.241
3.224
3.202
3.177
3.147
3.114
3.077
3.036
2.992
2.945
2.895
2.843
2.787
2.729
2.669
2.607
2.542
2.476
2.408
2.338
2.267
2.195
2.121
2.047
1.972
1.896
1.82
1.744
1.667
1.591
1.514
1.438
1.363
1.288
1.214
1.141
1.069
0.999
0.93
0.862
0.796
0.733
0.671
0.611
0.554
0.5
0.448
0.4
0.355
0.314
0.278
0.248
0.222
0.203
0.189
0.181
0.178
0.18
0.186
0.197
0.212
0.231
0.253
0.279
0.307
0.338
0.371
0.407
0.444
0.482
0.522
0.563
0.605
0.646
0.688
0.73
0.771
0.812
0.851
0.889
0.925
0.96
0.993
1.025
1.055
1.084
1.111
1.137
1.161
1.184
1.205
1.225
1.244
1.262
1.278
1.293
1.306
1.319
1.33
1.34
1.349
1.356
1.363
1.369
1.373
1.377
1.379
1.381
1.381
1.381
1.38
1.377
1.374
1.37
1.366
1.36
1.354
1.347
1.339
1.331
1.322
1.312
1.302
1.291
1.279
1.267
1.254
1.241
1.228
1.214
1.199
1.184
1.169
1.153
1.137
1.121
1.105
1.088
1.071
1.053
1.036
1.018
1.0
0.983
0.965
0.946
0.928
0.91
0.892
0.874
0.856
0.838
0.82
0.802
0.784
0.767
0.75
0.732
0.716
0.699
0.683
0.667
0.651
0.636
0.621
0.606
0.592
0.578
0.564
0.551
0.538
0.526
0.514
0.503
0.491
0.481
0.47
0.46
0.451
0.442
0.433
0.425
0.418
0.41
0.404
0.397
0.392
0.386
0.382
0.377
0.373
0.37
0.368
0.365
0.364
0.362
0.362
0.362
0.362
0.364
0.365
0.367
0.37
0.374
0.378
0.382
0.388
0.393
0.4
0.407
0.415
0.423
0.432
0.442
0.452
0.463
0.475
0.487
0.5
0.514
0.528
0.543
0.558
0.574
0.591
0.607
0.624
0.642
0.659
0.677
0.695
0.712
0.73
0.748
0.765
0.783
0.8
0.817
0.833
0.85
0.865
0.881
0.895
0.909
0.923
0.935
0.947
0.959
0.969
0.978
0.986
0.994
1.0
1.005
1.009
1.012
1.014
1.015
1.015
1.013
1.012
1.009
1.005
1.0
0.995
0.989
0.983
0.975
0.967
0.958
0.949
0.94
0.929
0.919
0.907
0.896
0.884
0.872
0.859
0.846
0.833
0.82
0.807
0.793
0.779
0.766
0.752
0.738
0.724
0.711
0.697
0.684
0.671
0.657
0.645
0.632
0.62
0.608
0.596
0.585
0.575
0.564
0.555
0.546
0.537
0.529
0.522
0.515
0.509
0.504
0.499
0.496
0.493
0.491
0.49
0.49
0.491
0.493
0.496
0.5
0.505
0.511
0.519
0.527
0.536
0.547
0.558
0.57
0.583
0.596
0.611
0.626
0.642
0.659
0.676
0.694
0.713
0.732
0.752
0.772
0.793
0.814
0.835
0.857
0.879
0.902
0.923
0.944
0.964
0.983
1.0
1.015
1.028
1.038
1.047
1.054
1.059
1.063
1.064
1.064
1.062
1.059
1.054
1.048
1.04
1.031
1.021
1.009
0.997
0.983
0.968
0.952
0.935
0.917
0.898
0.879
0.858
0.837
0.816
0.793
0.771
0.747
0.724
0.7
0.675
0.651
0.626
0.601
0.575
0.55
0.525
0.5
0.475
0.45
0.425
0.401
0.376
0.352
0.327
0.303
0.279
0.255
0.231
0.207
0.184
0.16
0.137
0.114
0.091
0.068
0.045
0.022
-0.0
-0.023
-0.045
-0.067
-0.089
-0.111
-0.133
-0.154
-0.176
-0.197
-0.218
-0.239
-0.26
-0.281
-0.301
-0.322
-0.342
-0.362
-0.382
-0.402
-0.422
-0.441
-0.461
-0.48
-0.499
-0.518
-0.537
-0.555
-0.574
-0.592
-0.61
-0.628
-0.646
-0.663
-0.681
-0.698
-0.715
-0.732
-0.749
-0.766
-0.782
-0.798
-0.814
-0.83
-0.846
-0.862
-0.877
-0.892
-0.907
-0.922
-0.937
-0.951
-0.965
-0.979
-0.993
-1.007
-1.021
-1.034
-1.047
-1.06
-1.073
-1.085
-1.098
-1.11
-1.122
-1.134
-1.145
-1.157
-1.168
-1.179
-1.19
-1.2
-1.211
-1.221
-1.231
-1.241
-1.25
-1.259
-1.269
-1.277
-1.286
-1.295
-1.303
-1.311
-1.319
-1.326
-1.334
-1.341
-1.348
-1.355
-1.361
-1.368
-1.374
-1.38
-1.385
-1.391
-1.396
-1.401
-1.405
-1.41
-1.414
-1.418
-1.422
-1.425
-1.429
-1.432
-1.435
-1.437
-1.44
-1.442
-1.444
-1.445
-1.447
-1.448
-1.449
-1.449
-1.45
-1.45
-1.45
-1.449
-1.449
-1.448
-1.447
-1.445
-1.444
-1.442
-1.44
-1.437
-1.435
-1.432
-1.429
-1.425
-1.421
-1.417
-1.413
-1.409
-1.404
-1.399
-1.394
-1.388
-1.382
-1.376
-1.369
-1.363
-1.356
-1.349
-1.341
-1.333
-1.325
-1.317
-1.308
-1.299
-1.29
-1.281
-1.271
-1.261
-1.25
-1.24
-1.229
-1.218
-1.206
-1.194
-1.182
-1.17
-1.157
-1.144
-1.131
-1.117
-1.103
-1.089
-1.075
-1.06
-1.045
-1.029
-1.014
-0.998
-0.981
-0.965
-0.948
-0.93
-0.913
-0.895
-0.877
-0.858
-0.839
-0.82
-0.801
-0.781
-0.761
-0.74
-0.72
-0.699
-0.677
-0.656
-0.633
-0.611
-0.588
-0.565
-0.542
-0.518
-0.494
-0.47
-0.445
-0.42
-0.395
-0.369
-0.343
-0.317
-0.29
-0.263
-0.236
-0.208
-0.18
-0.151
-0.123
-0.094
-0.064
-0.034
-0.004
0.026
0.057
0.089
0.12
0.152
0.184
0.217
0.25
0.283
0.317
0.351
0.384
0.418
0.451
0.484
0.517
0.549
0.58
0.61
0.64
0.668
0.696
0.722
0.746
0.769
0.791
0.81
0.828
0.843
0.857
0.868
0.877
0.884
0.888
0.889
0.887
0.883
0.875
0.864
0.85
0.834
0.815
0.794
0.772
0.747
0.721
0.694
0.667
0.638
0.61
0.581
0.553
0.526
0.5
0.476
0.453
0.433
0.415
0.4
0.388
0.379
0.374
0.37
0.37
0.371
0.375
0.381
0.388
0.397
0.408
0.419
0.432
0.445
0.459
0.474
0.488
0.503
0.518
0.533
0.546
0.56
0.572
0.584
0.594
0.603
0.61
0.615
0.619
0.62
0.619
0.615
0.609
0.6
0.588
0.573
0.555
0.535
0.513
0.49
0.465
0.438
0.411
0.383
0.354
0.325
0.297
0.268
0.241
0.214
0.188
0.164
0.141
0.12
0.101
0.085
0.072
0.061
0.054
0.05
0.05
0.054
0.062
0.075
0.092
0.115
0.143
0.176
0.214
0.256
0.301
0.348
0.396
0.444
0.492
0.538
0.581
0.622
0.658
0.689
0.714
0.733
0.745
0.751
0.752
0.748
0.739
0.726
0.709
0.689
0.667
0.642
0.615
0.587
0.559
0.529
0.5
0.471
0.443
0.415
0.389
0.363
0.338
0.315
0.293
0.273
0.254
0.237
0.222
0.209
0.198
0.189
0.182
0.177
0.173
0.171
0.171
0.173
0.176
0.181
0.187
0.195
0.204
0.214
0.226
0.239
0.253
0.269
0.285
0.303
0.322
0.341
0.362
0.383
0.405
0.428
0.452
0.476
0.502
0.527
0.553
0.58
0.607
0.634
0.662
0.69
0.719
0.747
0.776
0.804
0.833
0.862
0.891
0.919
0.948
0.976
1.004
1.032
1.059
1.086
1.113
1.139
1.164
1.189
1.213
1.237
1.26
1.282
1.303
1.324
1.343
1.361
1.379
1.395
1.41
1.424
1.437
1.449
1.459
1.468
1.475
1.481
1.486
1.489
1.49
1.489
1.487
1.483
1.478
1.47
1.461
1.449
1.436
1.42
1.403
1.383
1.361
1.337
1.311
1.282
1.251
1.217
1.181
1.142
1.101
1.057
1.011
0.961
0.909
0.854
0.798
0.742
0.686
0.633
0.583
0.539
0.5
0.469
0.444
0.426
0.414
0.407
0.405
0.408
0.414
0.424
0.437
0.452
0.469
0.487
0.507
0.526
0.545
0.564
0.582
0.6
0.616
0.632
0.648
0.663
0.677
0.69
0.703
0.716
0.728
0.739
0.75
0.76
0.769
0.778
0.787
0.795
0.802
0.809
0.816
0.822
0.827
0.832
0.837
0.841
0.845
0.848
0.851
0.854
0.856
0.857
0.859
0.859
0.86
0.86
0.86
0.86
0.859
0.858
0.856
0.854
0.852
0.85
0.847
0.845
0.841
0.838
0.834
0.831
0.827
0.822
0.818
0.813
0.808
0.803
0.798
0.793
0.787
0.782
0.776
0.77
0.764
0.758
0.752
0.745
0.739
0.733
0.726
0.72
0.713
0.706
0.7
0.693
0.686
0.68
0.673
0.667
0.66
0.654
0.647
0.641
0.634
0.628
0.622
0.615
0.609
0.603
0.597
0.59
0.584
0.578
0.572
0.566
0.56
0.555
0.549
0.543
0.537
0.532
0.526
0.52
0.515
0.509
0.504
0.499
0.493
0.488
0.483
0.478
0.473
0.468
0.463
0.458
0.453
0.449
0.444
0.439
0.435
0.43
0.426
0.421
0.417
0.413
0.409
0.405
0.401
0.397
0.393
0.389
0.386
0.382
0.379
0.375
0.372
0.368
0.365
0.362
0.359
0.356
0.353
0.35
0.348
0.345
0.343
0.34
0.338
0.336
0.333
0.331
0.329
0.327
0.326
0.324
0.322
0.321
0.319
0.318
0.317
0.316
0.315
0.314
0.313
0.313
0.312
0.311
0.311
0.311
0.311
0.311
0.311
0.311
0.311
0.311
0.312
0.313
0.313
0.314
0.315
0.316
0.317
0.319
0.32
0.322
0.323
0.325
0.327
0.329
0.331
0.334
0.336
0.339
0.341
0.344
0.347
0.35
0.353
0.357
0.36
0.364
0.368
0.372
0.376
0.38
0.384
0.388
0.393
0.398
0.403
0.408
0.413
0.418
0.423
0.429
0.435
0.44
0.446
0.453
0.459
0.465
0.472
0.479
0.486
0.493
0.5
0.507
0.515
0.523
0.53
0.538
0.546
0.555
0.563
0.572
0.58
0.589
0.598
0.607
0.616
0.625
0.635
0.644
0.653
0.663
0.673
0.683
0.692
0.702
0.713
0.723
0.733
0.743
0.754
0.764
0.774
0.785
0.796
0.806
0.817
0.828
0.838
0.849
0.86
0.871
0.882
0.893
0.904
0.915
0.926
0.937
0.948
0.959
0.97
0.981
0.992
1.003
1.014
1.025
1.036
1.047
1.057
1.068
1.079
1.09
1.101
1.112
1.122
1.133
1.144
1.154
1.165
1.175
1.185
1.196
1.206
1.216
1.226
1.236
1.246
1.256
1.266
1.276
1.285
1.295
1.304
1.313
1.322
1.332
1.34
1.349
1.358
1.367
1.375
1.383
1.391
1.4
1.407
1.415
1.423
1.43
1.438
1.445
1.452
1.459
1.465
1.472
1.478
1.484
1.49
1.496
1.501
1.507
1.512
1.517
1.522
1.527
1.531
1.535
1.539
1.543
1.546
1.55
1.553
1.556
1.558
1.561
1.563
1.565
1.567
1.568
1.569
1.57
1.571
1.571
1.571
1.571
1.571
1.57
1.569
1.568
1.566
1.565
1.563
1.56
1.557
1.554
1.551
1.548
1.544
1.539
1.535
1.53
1.525
1.519
1.514
1.507
1.501
1.494
1.487
1.479
1.471
1.463
1.455
1.446
1.436
1.427
1.417
1.406
1.396
1.384
1.373
1.361
1.349
1.336
1.323
1.309
1.295
1.281
1.266
1.251
1.236
1.22
1.203
1.186
1.169
1.152
1.133
1.115
1.096
1.077
1.057
1.036
1.016
0.994
0.973
0.951
0.928
0.905
0.881
0.857
0.833
0.808
0.782
0.756
0.73
0.703
0.675
0.647
0.619
0.59
0.561
0.531
0.5
0.469
0.438
0.406
0.375
0.343
0.312
0.282
0.252
0.223
0.195
0.168
0.143
0.119
0.097
0.076
0.057
0.039
0.023
0.008
-0.005
-0.017
-0.027
-0.036
-0.043
-0.049
-0.053
-0.056
-0.057
-0.057
-0.056
-0.053
-0.049
-0.044
-0.037
-0.028
-0.019
-0.008
0.005
0.019
0.034
0.05
0.068
0.087
0.107
0.129
0.152
0.176
0.202
0.228
0.256
0.286
0.316
0.348
0.38
0.413
0.446
0.48
0.513
0.546
0.579
0.61
0.641
0.671
0.699
0.726
0.751
0.774
0.794
0.812
0.827
0.84
0.849
0.855
0.857
0.856
0.851
0.843
0.832
0.818
0.802
0.784
0.765
0.744
0.722
0.699
0.676
0.653
0.63
0.608
0.586
0.565
0.546
0.529
0.513
0.5
0.49
0.482
0.478
0.478
0.481
0.488
0.5
0.517
0.537
0.562
0.589
0.62
0.652
0.685
0.72
0.755
0.789
0.823
0.856
0.887
0.915
0.94
0.962
0.979
0.992
1.0
1.002
0.999
0.991
0.978
0.961
0.941
0.918
0.891
0.863
0.832
0.8
0.767
0.734
0.7
0.666
0.633
0.602
0.571
0.543
0.517
0.492
0.47
0.449
0.43
0.412
0.396
0.382
0.369
0.358
0.349
0.34
0.333
0.328
0.323
0.32
0.318
0.317
0.318
0.319
0.321
0.325
0.329
0.334
0.339
0.346
0.353
0.361
0.369
0.378
0.388
0.398
0.408
0.419
0.43
0.442
0.453
0.465
0.477
0.489
0.501
0.513
0.525
0.537
0.549
0.561
0.572
0.583
0.594
0.604
0.614
0.624
0.633
0.641
0.649
0.656
0.662
0.668
0.673
0.677
0.68
0.682
0.683
0.683
0.682
0.68
0.677
0.672
0.667
0.66
0.651
0.642
0.632
0.621
0.609
0.597
0.585
0.572
0.559
0.547
0.534
0.522
0.511
0.5
0.49
0.48
0.472
0.464
0.457
0.45
0.444
0.439
0.434
0.43
0.426
0.423
0.42
0.418
0.417
0.415
0.415
0.414
0.414
0.414
0.415
0.416
0.417
0.419
0.42
0.422
0.424
0.427
0.429
0.432
0.434
0.437
0.44
0.443
0.445
0.448
0.451
0.454
0.456
0.459
0.461
0.464
0.466
0.468
0.469
0.471
0.472
0.473
0.473
0.474
0.473
0.473
0.472
0.471
0.469
0.467
0.464
0.461
0.457
0.453
0.448
0.443
0.437
0.43
0.423
0.415
0.406
0.396
0.386
0.375
0.363
0.351
0.338
0.324
0.31
0.296
0.282
0.269
0.255
0.241
0.228
0.216
0.204
0.194
0.184
0.175
0.167
0.161
0.156
0.153
0.152
0.152
0.155
0.159
0.166
0.175
0.186
0.2
0.217
0.236
0.257
0.281
0.307
0.334
0.364
0.394
0.426
0.459
0.493
0.527
0.562
0.597
0.633
0.668
0.703
0.738
0.772
0.805
0.838
0.869
0.899
0.927
0.954
0.979
1.002
1.022
1.04
1.056
1.068
1.078
1.084
1.087
1.087
1.083
1.075
1.063
1.046
1.025
1.0
0.97
0.935
0.897
0.857
0.813
0.769
0.723
0.676
0.63
0.585
0.542
0.5
0.461
0.425
0.391
0.36
0.332
0.305
0.282
0.26
0.241
0.223
0.208
0.195
0.183
0.174
0.166
0.16
0.155
0.153
0.151
0.151
0.152
0.155
0.158
0.163
0.169
0.176
0.184
0.192
0.202
0.212
0.222
0.233
0.245
0.257
0.269
0.282
0.295
0.308
0.32
0.333
0.346
0.359
0.371
0.384
0.396
0.409
0.421
0.433
0.445
0.457
0.469
0.48
0.492
0.503
0.515
0.526
0.537
0.548
0.559
0.57
0.581
0.592
0.602
0.613
0.623
0.634
0.644
0.654
0.664
0.674
0.684
0.694
0.703
0.713
0.722
0.732
0.741
0.75
0.759
0.768
0.777
0.786
0.795
0.803
0.812
0.82
0.829
0.837
0.845
0.853
0.861
0.869
0.877
0.885
0.892
0.9
0.907
0.915
0.922
0.929
0.936
0.943
0.95
0.957
0.964
0.971
0.977
0.984
0.99
0.996
1.003
1.009
1.015
1.021
1.027
1.033
1.038
1.044
1.05
1.055
1.061
1.066
1.071
1.076
1.081
1.087
1.091
1.096
1.101
1.106
1.11
1.115
1.119
1.124
1.128
1.132
1.136
1.14
1.144
1.148
1.152
1.156
1.16
1.163
1.167
1.17
1.174
1.177
1.18
1.183
1.186
1.189
1.192
1.195
1.198
1.201
1.203
1.206
1.208
1.211
1.213
1.215
1.217
1.22
1.222
1.224
1.226
1.227
1.229
1.231
1.233
1.234
1.236
1.237
1.238
1.24
1.241
1.242
1.243
1.244
1.245
1.246
1.247
1.248
1.248
1.249
1.25
1.25
1.25
1.251
1.251
1.251
1.252
1.252
1.252
1.252
1.252
1.251
1.251
1.251
1.251
1.25
1.25
1.249
1.249
1.248
1.248
1.247
1.246
1.245
1.244
1.243
1.242
1.241
1.24
1.239
1.237
1.236
1.235
1.233
1.232
1.23
1.229
1.227
1.225
1.223
1.222
1.22
1.218
1.216
1.214
1.212
1.21
1.207
1.205
1.203
1.2
1.198
1.195
1.193
1.19
1.188
1.185
1.182
1.18
1.177
1.174
1.171
1.168
1.165
1.162
1.159
1.156
1.152
1.149
1.146
1.142
1.139
1.136
1.132
1.129
1.125
1.121
1.118
1.114
1.11
1.106
1.103
1.099
1.095
1.091
1.087
1.083
1.078
1.074
1.07
1.066
1.062
1.057
1.053
1.048
1.044
1.04
1.035
1.03
1.026
1.021
1.016
1.012
1.007
1.002
0.997
0.992
0.988
0.983
0.978
0.973
0.967
0.962
0.957
0.952
0.947
0.942
0.936
0.931
0.926
0.92
0.915
0.909
0.904
0.898
0.893
0.887
0.882
0.876
0.87
0.865
0.859
0.853
0.847
0.841
0.836
0.83
0.824
0.818
0.812
0.806
0.8
0.794
0.788
0.781
0.775
0.769
0.763
0.757
0.75
0.744
0.738
0.731
0.725
0.719
0.712
0.706
0.699
0.693
0.686
0.68
0.673
0.667
0.66
0.653
0.647
0.64
0.633
0.627
0.62
0.613
0.607
0.6
0.593
0.586
0.58
0.573
0.566
0.559
0.553
0.546
0.539
0.533
0.526
0.519
0.513
0.506
0.499
0.493
0.486
0.48
0.473
0.467
0.461
0.454
0.448
0.442
0.435
0.429
0.423
0.417
0.411
0.405
0.399
0.393
0.387
0.381
0.376
0.37
0.364
0.359
0.353
0.348
0.343
0.337
0.332
0.327
0.322
0.317
0.312
0.308
0.303
0.298
0.294
0.29
0.285
0.281
0.277
0.273
0.269
0.265
0.262
0.258
0.255
0.251
0.248
0.245
0.242
0.239
0.237
0.234
0.232
0.229
0.227
0.225
0.223
0.221
0.22
0.218
0.217
0.215
0.214
0.213
0.213
0.212
0.211
0.211
0.211
0.211
0.211
0.211
0.212
0.212
0.213
0.214
0.215
0.217
0.218
0.22
0.222
0.224
0.226
0.229
0.231
0.234
0.237
0.24
0.244
0.247
0.251
0.255
0.259
0.264
0.268
0.273
0.278
0.283
0.289
0.295
0.3
0.307
0.313
0.319
0.326
0.333
0.341
0.348
0.356
0.364
0.372
0.38
0.389
0.397
0.406
0.415
0.424
0.433
0.442
0.452
0.461
0.471
0.481
0.49
0.5
0.51
0.52
0.53
0.54
0.55
0.56
0.57
0.58
0.59
0.6
0.61
0.62
0.629
0.639
0.648
0.657
0.666
0.675
0.683
0.69
0.697
0.704
0.71
0.716
0.72
0.725
0.728
0.731
0.733
0.734
0.734
0.733
0.731
0.729
0.725
0.72
0.714
0.706
0.698
0.688
0.677
0.664
0.651
0.635
0.618
0.6
0.58
0.56
0.539
0.519
0.5
0.483
0.469
0.456
0.445
0.436
0.429
0.424
0.42
0.418
0.417
0.418
0.42
0.424
0.429
0.435
0.442
0.451
0.46
0.47
0.482
0.494
0.507
0.52
0.535
0.549
0.565
0.581
0.597
0.614
0.63
0.648
0.665
0.682
0.699
0.717
0.734
0.751
0.767
0.784
0.8
0.816
0.831
0.846
0.86
0.874
0.888
0.901
0.914
0.926
0.938
0.95
0.961
0.972
0.982
0.992
1.002
1.011
1.02
1.028
1.037
1.044
1.052
1.059
1.066
1.072
1.078
1.084
1.089
1.094
1.099
1.104
1.108
1.111
1.115
1.118
1.121
1.123
1.126
1.128
1.129
1.13
1.131
1.132
1.133
1.133
1.133
1.132
1.132
1.131
1.13
1.128
1.127
1.125
1.122
1.12
1.117
1.114
1.111
1.108
1.104
1.1
1.096
1.092
1.087
1.083
1.078
1.073
1.067
1.062
1.056
1.05
1.044
1.038
1.031
1.024
1.018
1.011
1.003
0.996
0.988
0.981
0.973
0.965
0.957
0.949
0.94
0.931
0.923
0.914
0.905
0.896
0.887
0.877
0.868
0.858
0.848
0.839
0.829
0.819
0.809
0.798
0.788
0.778
0.767
0.757
0.746
0.735
0.725
0.714
0.703
0.692
0.681
0.67
0.659
0.648
0.637
0.625
0.614
0.603
0.591
0.58
0.569
0.557
0.546
0.534
0.523
0.511
0.5
0.488
0.477
0.465
0.454
0.443
0.431
0.42
0.408
0.397
0.386
0.374
0.363
0.352
0.341
0.33
0.319
0.308
0.297
0.286
0.275
0.264
0.253
0.243
0.233
0.222
0.212
0.203
0.193
0.184
0.175
0.166
0.158
0.15
0.142
0.135
0.129
0.122
0.116
0.111
0.106
0.102
0.098
0.095
0.093
0.091
0.09
0.089
0.089
0.09
0.092
0.094
0.097
0.101
0.106
0.112
0.118
0.126
0.134
0.144
0.154
0.165
0.178
0.191
0.205
0.221
0.237
0.255
0.274
0.294
0.315
0.338
0.362
0.387
0.413
0.441
0.47
0.5
0.532
0.565
0.599
0.633
0.669
0.705
0.742
0.779
0.817
0.854
0.891
0.928
0.964
1.0
1.035
1.069
1.103
1.136
1.168
1.2
1.23
1.26
1.29
1.318
1.346
1.373
1.4
1.426
1.451
1.476
1.5
1.523
1.545
1.567
1.589
1.609
1.629
1.649
1.668
1.686
1.704
1.721
1.737
1.753
1.768
1.783
1.797
1.81
1.823
1.836
1.847
1.859
1.87
1.88
1.889
1.899
1.907
1.915
1.923
1.93
1.937
1.943
1.949
1.954
1.959
1.963
1.966
1.97
1.973
1.975
1.977
1.979
1.98
1.98
1.98
1.98
1.98
1.979
1.977
1.975
1.973
1.971
1.968
1.964
1.961
1.957
1.952
1.947
1.942
1.937
1.931
1.925
1.919
1.912
1.905
1.897
1.89
1.882
1.873
1.865
1.856
1.847
1.837
1.828
1.818
1.807
1.797
1.786
1.775
1.764
1.753
1.741
1.729
1.717
1.705
1.693
1.68
1.667
1.654
1.641
1.627
1.614
1.6
1.586
1.572
1.558
1.544
1.529
1.515
1.5
1.485
1.47
1.455
1.44
1.425
1.409
1.394
1.378
1.363
1.347
1.331
1.315
1.3
1.284
1.268
1.252
1.236
1.22
1.203
1.187
1.171
1.155
1.139
1.123
1.107
1.09
1.074
1.058
1.042
1.026
1.01
0.994
0.978
0.963
0.947
0.931
0.915
0.9
0.884
0.869
0.854
0.839
0.824
0.809
0.794
0.779
0.764
0.75
0.736
0.721
0.707
0.693
0.68
0.666
0.653
0.64
0.626
0.614
0.601
0.588
0.576
0.564
0.552
0.541
0.529
0.518
0.507
0.496
0.486
0.476
0.466
0.456
0.447
0.437
0.428
0.42
0.412
0.404
0.396
0.388
0.381
0.374
0.368
0.362
0.356
0.35
0.345
0.341
0.336
0.332
0.328
0.325
0.322
0.319
0.317
0.315
0.314
0.313
0.312
0.312
0.312
0.313
0.314
0.315
0.317
0.319
0.322
0.325
0.329
0.333
0.338
0.343
0.349
0.354
0.36
0.367
0.373
0.38
0.387
0.394
0.402
0.409
0.416
0.423
0.43
0.437
0.444
0.451
0.457
0.463
0.469
0.474
0.479
0.484
0.488
0.492
0.495
0.497
0.499
0.5
0.5
0.5
0.499
0.497
0.494
0.491
0.487
0.482
0.477
0.471
0.464
0.457
0.449
0.44
0.431
0.422
0.412
0.401
0.391
0.379
0.367
0.355
0.343
0.33
0.317
0.303
0.289
0.275
0.261
0.246
0.232
0.217
0.202
0.186
0.171
0.155
0.14
0.124
0.109
0.093
0.077
0.062
0.046
0.031
0.015
0.0
-0.015
-0.03
-0.045
-0.059
-0.074
-0.088
-0.102
-0.116
-0.129
-0.142
-0.155
-0.167
-0.179
-0.19
-0.202
-0.212
-0.222
-0.232
-0.241
-0.25
-0.258
-0.266
-0.273
-0.279
-0.285
-0.29
-0.294
-0.298
-0.301
-0.303
-0.304
-0.305
-0.305
-0.304
-0.302
-0.299
-0.296
-0.291
-0.286
-0.279
-0.272
-0.264
-0.254
-0.244
-0.233
-0.22
-0.206
-0.192
-0.176
-0.159
-0.141
-0.121
-0.101
-0.079
-0.056
-0.031
-0.005
0.022
0.05
0.08
0.111
0.144
0.177
0.212
0.248
0.284
0.321
0.358
0.394
0.431
0.467
0.503
0.538
0.572
0.605
0.637
0.667
0.695
0.721
0.746
0.77
0.791
0.812
0.831
0.848
0.864
0.879
0.893
0.905
0.917
0.927
0.937
0.945
0.953
0.96
0.966
0.972
0.976
0.981
0.984
0.988
0.99
0.993
0.995
0.997
0.998
1.0
1.001
1.003
1.004
1.005
1.006
1.007
1.008
1.008
1.009
1.009
1.009
1.009
1.008
1.007
1.006
1.005
1.004
1.002
1.0
0.998
0.995
0.992
0.988
0.985
0.981
0.976
0.971
0.966
0.96
0.954
0.947
0.94
0.933
0.925
0.916
0.908
0.898
0.888
0.877
0.866
0.855
0.842
0.83
0.816
0.802
0.788
0.772
0.756
0.74
0.723
0.705
0.686
0.667
0.647
0.626
0.606
0.587
0.568
0.55
0.535
0.521
0.51
0.502
0.498
0.497
0.5
0.508
0.519
0.533
0.549
0.567
0.584
0.6
0.615
0.628
0.639
0.649
0.657
0.664
0.669
0.673
0.676
0.677
0.677
0.676
0.674
0.671
0.667
0.661
0.655
0.648
0.64
0.632
0.622
0.612
0.601
0.59
0.578
0.566
0.554
0.541
0.527
0.514
0.5
0.486
0.472
0.458
0.444
0.43
0.416
0.403
0.39
0.377
0.365
0.353
0.342
0.331
0.321
0.312
0.304
0.297
0.291
0.286
0.282
0.279
0.277
0.276
0.276
0.277
0.279
0.282
0.286
0.29
0.296
0.302
0.308
0.316
0.324
0.333
0.342
0.351
0.362
0.372
0.383
0.395
0.406
0.418
0.431
0.443
0.456
0.469
0.482
0.495
0.508
0.521
0.534
0.547
0.56
0.573
0.586
0.598
0.611
0.622
0.634
0.645
0.656
0.667
0.677
0.686
0.695
0.704
0.712
0.72
0.727
0.734
0.74
0.746
0.752
0.757
0.762
0.766
0.77
0.773
0.776
0.779
0.781
0.783
0.784
0.785
0.785
0.786
0.785
0.785
0.784
0.782
0.78
0.778
0.775
0.773
0.769
0.765
0.761
0.757
0.752
0.747
0.741
0.735
0.729
0.723
0.716
0.708
0.701
0.693
0.684
0.676
0.667
0.657
0.648
0.638
0.628
0.617
0.606
0.595
0.584
0.573
0.561
0.549
0.537
0.525
0.513
0.5
0.488
0.475
0.463
0.45
0.437
0.424
0.411
0.399
0.386
0.373
0.36
0.348
0.335
0.322
0.31
0.298
0.286
0.274
0.262
0.25
0.239
0.227
0.216
0.205
0.194
0.184
0.174
0.163
0.153
0.144
0.134
0.125
0.115
0.106
0.097
0.089
0.08
0.072
0.064
0.056
0.048
0.04
0.033
0.025
0.018
0.011
0.004
-0.002
-0.009
-0.015
-0.021
-0.027
-0.033
-0.039
-0.044
-0.05
-0.055
-0.06
-0.065
-0.07
-0.074
-0.079
-0.083
-0.087
-0.091
-0.095
-0.099
-0.102
-0.106
-0.109
-0.112
-0.115
-0.118
-0.121
-0.123
-0.126
-0.128
-0.13
-0.132
-0.134
-0.136
-0.138
-0.139
-0.141
-0.142
-0.143
-0.144
-0.145
-0.146
-0.146
-0.147
-0.147
-0.148
-0.148
-0.148
-0.148
-0.148
-0.147
-0.147
-0.146
-0.146
-0.145
-0.144
-0.143
-0.142
-0.141
-0.14
-0.138
-0.137
-0.135
-0.134
-0.132
-0.13
-0.128
-0.126
-0.124
-0.122
-0.119
-0.117
-0.114
-0.112
-0.109
-0.106
-0.103
-0.1
-0.097
-0.094
-0.091
-0.087
-0.084
-0.081
-0.077
-0.073
-0.07
-0.066
-0.062
-0.058
-0.054
-0.05
-0.046
-0.042
-0.037
-0.033
-0.029
-0.024
-0.02
-0.015
-0.01
-0.006
-0.001
0.004
0.009
0.014
0.019
0.024
0.029
0.034
0.039
0.045
0.05
0.055
0.061
0.066
0.072
0.077
0.083
0.089
0.094
0.1
0.106
0.112
0.118
0.124
0.129
0.135
0.141
0.147
0.153
0.16
0.166
0.172
0.178
0.184
0.19
0.197
0.203
0.209
0.216
0.222
0.228
0.235
0.241
0.247
0.254
0.26
0.267
0.273
0.28
0.286
0.293
0.299
0.306
0.312
0.319
0.325
0.332
0.338
0.345
0.351
0.358
0.364
0.371
0.377
0.384
0.39
0.397
0.403
0.41
0.416
0.422
0.429
0.435
0.442
0.448
0.454
0.461
0.467
0.473
0.48
0.486
0.492
0.498
0.505
0.511
0.517
0.523
0.529
0.535
0.541
0.547
0.553
0.559
0.565
0.571
0.577
0.582
0.588
0.594
0.599
0.605
0.611
0.616
0.622
0.627
0.632
0.638
0.643
0.648
0.653
0.658
0.664
0.669
0.673
0.678
0.683
0.688
0.693
0.697
0.702
0.706
0.711
0.715
0.72
0.724
0.728
0.732
0.736
0.74
0.744
0.748
0.752
0.755
0.759
0.763
0.766
0.769
0.773
0.776
0.779
0.782
0.785
0.788
0.791
0.793
0.796
0.799
0.801
0.803
0.806
0.808
0.81
0.812
0.814
0.815
0.817
0.818
0.82
0.821
0.823
0.824
0.825
0.826
0.826
0.827
0.828
0.828
0.829
0.829
0.829
0.829
0.829
0.829
0.829
0.828
0.828
0.827
0.826
0.825
0.824
0.823
0.822
0.82
0.819
0.817
0.815
0.813
0.811
0.809
0.807
0.804
0.801
0.799
0.796
0.793
0.79
0.786
0.783
0.779
0.776
0.772
0.768
0.763
0.759
0.755
0.75
0.745
0.74
0.735
0.73
0.724
0.719
0.713
0.707
0.701
0.695
0.689
0.682
0.675
0.669
0.661
0.654
0.647
0.639
0.632
0.624
0.616
0.608
0.599
0.591
0.582
0.573
0.564
0.554
0.545
0.535
0.526
0.515
0.505
0.495
0.484
0.474
0.463
0.451
0.44
0.429
0.417
0.405
0.393
0.381
0.369
0.357
0.346
0.334
0.323
0.312
0.301
0.291
0.281
0.272
0.264
0.256
0.248
0.242
0.236
0.231
0.227
0.224
0.222
0.222
0.222
0.223
0.226
0.23
0.235
0.242
0.25
0.26
0.272
0.285
0.299
0.316
0.334
0.354
0.376
0.4
0.426
0.454
0.483
0.514
0.545
0.578
0.611
0.644
0.678
0.711
0.744
0.776
0.808
0.838
0.867
0.895
0.92
0.944
0.965
0.984
1.0
1.013
1.023
1.031
1.035
1.038
1.038
1.036
1.032
1.026
1.018
1.009
0.998
0.986
0.973
0.958
0.943
0.927
0.911
0.894
0.877
0.86
0.842
0.825
0.808
0.792
0.776
0.761
0.746
0.733
0.721
0.71
0.7
0.692
0.686
0.681
0.679
0.679
0.681
0.685
0.692
0.702
0.714
0.73
0.748
0.768
0.789
0.812
0.836
0.859
0.883
0.905
0.927
0.947
0.964
0.979
0.991
1.0
1.005
1.006
1.003
0.997
0.988
0.977
0.963
0.947
0.928
0.908
0.887
0.864
0.84
0.815
0.79
0.765
0.739
0.714
0.69
0.665
0.642
0.618
0.595
0.573
0.551
0.53
0.509
0.489
0.469
0.45
0.432
0.413
0.396
0.379
0.362
0.346
0.331
0.316
0.302
0.288
0.275
0.263
0.251
0.24
0.229
0.219
0.209
0.2
0.192
0.184
0.177
0.171
0.165
0.16
0.156
0.152
0.149
0.146
0.144
0.143
0.143
0.143
0.144
0.145
0.148
0.151
0.154
0.159
0.164
0.17
0.176
0.183
0.191
0.2
0.209
0.22
0.23
0.242
0.254
0.266
0.28
0.293
0.307
0.321
0.336
0.351
0.366
0.382
0.398
0.414
0.43
0.446
0.462
0.478
0.494
0.51
0.526
0.542
0.558
0.573
0.588
0.603
0.617
0.632
0.645
0.658
0.671
0.683
0.695
0.706
0.716
0.726
0.735
0.743
0.75
0.756
0.762
0.767
0.77
0.773
0.775
0.775
0.775
0.773
0.77
0.766
0.761
0.754
0.746
0.736
0.725
0.713
0.699
0.684
0.667
0.648
0.628
0.606
0.582
0.556
0.529
0.5
0.469
0.437
0.403
0.37
0.336
0.303
0.271
0.24
0.212
0.186
0.163
0.144
0.128
0.117
0.111
0.111
0.116
0.128
0.147
0.173
0.207
0.25
0.301
0.359
0.423
0.489
0.557
0.625
0.691
0.754
0.815
0.874
0.931
0.986
1.039
1.089
1.138
1.184
1.229
1.271
1.312
1.35
1.387
1.422
1.455
1.486
1.516
1.543
1.569
1.594
1.616
1.637
1.657
1.674
1.691
1.705
1.719
1.73
1.741
1.75
1.757
1.763
1.768
1.772
1.774
1.775
1.775
1.773
1.771
1.767
1.762
1.756
1.749
1.741
1.732
1.722
1.711
1.7
1.687
1.673
1.659
1.644
1.628
1.611
1.594
1.576
1.557
1.538
1.518
1.497
1.476
1.454
1.432
1.41
1.386
1.363
1.339
1.315
1.29
1.266
1.241
1.215
1.19
1.164
1.138
1.112
1.086
1.06
1.033
1.007
0.981
0.955
0.928
0.902
0.876
0.851
0.825
0.8
0.774
0.749
0.725
0.7
0.676
0.653
0.63
0.607
0.584
0.562
0.541
0.52
0.5
0.48
0.461
0.443
0.425
0.408
0.391
0.375
0.36
0.345
0.331
0.318
0.306
0.294
0.283
0.272
0.263
0.254
0.245
0.238
0.231
0.225
0.22
0.216
0.212
0.21
0.208
0.207
0.207
0.207
0.209
0.211
0.214
0.218
0.223
0.229
0.236
0.244
0.252
0.262
0.273
0.284
0.296
0.31
0.324
0.34
0.356
0.374
0.392
0.412
0.432
0.454
0.476
0.5
0.525
0.55
0.576
0.602
0.627
0.652
0.676
0.698
0.719
0.737
0.753
0.766
0.777
0.783
0.786
0.784
0.778
0.767
0.751
0.729
0.701
0.667
0.626
0.58
0.531
0.481
0.43
0.381
0.335
0.294
0.26
0.234
0.218
0.213
0.222
0.245
0.286
0.343
0.413
0.491
0.571
0.647
0.714
0.769
0.811
0.843
0.866
0.883
0.894
0.903
0.911
0.92
0.931
0.947
0.969
1.0
1.035
1.046
1.0
0.873
0.682
0.456
0.222
0.004
-0.193
-0.372
-0.532
-0.673
-0.798
-0.906
-0.997
-1.073
-1.134
-1.181
-1.215
-1.236
-1.244
-1.241
-1.226
-1.202
-1.167
-1.124
-1.072
-1.012
-0.945
-0.872
-0.793
-0.708
-0.619
-0.526
-0.43
-0.331
-0.23
-0.127
-0.024
0.079
0.182
0.284
0.384
0.482
0.576
0.667
0.753
0.835
0.913
0.987
1.057
1.123
1.185
1.243
1.298
1.349
1.396
1.439
1.48
1.517
1.55
1.581
1.608
1.632
1.654
1.672
1.688
1.701
1.711
1.718
1.724
1.726
1.727
1.725
1.721
1.714
1.706
1.696
1.683
1.669
1.654
1.636
1.617
1.597
1.575
1.552
1.527
1.501
1.474
1.446
1.417
1.388
1.357
1.326
1.294
1.261
1.228
1.194
1.16
1.126
1.092
1.057
1.022
0.988
0.953
0.919
0.885
0.851
0.818
0.785
0.753
0.721
0.69
0.66
0.631
0.602
0.575
0.549
0.524
0.5
0.478
0.456
0.436
0.418
0.4
0.383
0.368
0.354
0.34
0.328
0.317
0.307
0.298
0.29
0.283
0.276
0.271
0.267
0.264
0.262
0.26
0.26
0.26
0.262
0.264
0.267
0.271
0.276
0.282
0.288
0.296
0.304
0.313
0.323
0.333
0.345
0.357
0.369
0.383
0.397
0.412
0.428
0.444
0.461
0.479
0.497
0.516
0.536
0.556
0.577
0.599
0.621
0.643
0.667
0.69
0.715
0.739
0.765
0.79
0.816
0.842
0.868
0.894
0.921
0.947
0.973
1.0
1.026
1.052
1.078
1.103
1.128
1.153
1.177
1.201
1.224
1.247
1.269
1.29
1.311
1.33
1.349
1.367
1.384
1.4
1.414
1.428
1.441
1.452
1.462
1.47
1.477
1.483
1.487
1.49
1.491
1.491
1.488
1.484
1.478
1.47
1.461
1.449
1.435
1.419
1.401
1.381
1.359
1.334
1.307
1.278
1.246
1.211
1.175
1.135
1.093
1.048
1.0
0.95
0.898
0.846
0.796
0.748
0.705
0.667
0.635
0.611
0.592
0.58
0.573
0.571
0.574
0.581
0.593
0.608
0.626
0.648
0.672
0.698
0.727
0.757
0.788
0.82
0.852
0.885
0.917
0.949
0.98
1.009
1.037
1.063
1.086
1.107
1.125
1.139
1.149
1.155
1.157
1.153
1.145
1.13
1.11
1.084
1.05
1.01
0.962
0.907
0.843
0.771
0.69
0.6
0.5
0.391
0.278
0.167
0.061
-0.037
-0.129
-0.214
-0.293
-0.366
-0.432
-0.492
-0.547
-0.596
-0.639
-0.677
-0.71
-0.737
-0.76
-0.778
-0.792
-0.801
-0.805
-0.806
-0.802
-0.795
-0.784
-0.77
-0.752
-0.731
-0.707
-0.68
-0.65
-0.618
-0.583
-0.546
-0.507
-0.466
-0.423
-0.379
-0.332
-0.285
-0.236
-0.187
-0.136
-0.085
-0.033
0.019
0.072
0.125
0.177
0.23
0.282
0.333
0.384
0.435
0.484
0.533
0.582
0.629
0.676
0.723
0.769
0.814
0.859
0.902
0.946
0.989
1.031
1.072
1.113
1.153
1.193
1.232
1.27
1.308
1.346
1.382
1.418
1.454
1.489
1.523
1.557
1.59
1.623
1.655
1.687
1.718
1.748
1.778
1.807
1.836
1.864
1.892
1.919
1.946
1.972
1.997
2.022
2.047
2.071
2.094
2.117
2.14
2.162
2.183
2.204
2.225
2.245
2.264
2.283
2.301
2.319
2.337
2.354
2.371
2.387
2.402
2.418
2.432
2.446
2.46
2.474
2.487
2.499
2.511
2.523
2.534
2.544
2.555
2.564
2.574
2.583
2.591
2.599
2.607
2.615
2.621
2.628
2.634
2.64
2.645
2.65
2.654
2.659
2.662
2.666
2.669
2.671
2.674
2.675
2.677
2.678
2.679
2.679
2.679
2.679
2.678
2.677
2.676
2.674
2.672
2.67
2.667
2.664
2.661
2.658
2.654
2.649
2.645
2.64
2.635
2.629
2.623
2.617
2.611
2.604
2.597
2.59
2.583
2.575
2.567
2.558
2.55
2.541
2.532
2.522
2.512
2.502
2.492
2.482
2.471
2.46
2.449
2.438
2.426
2.414
2.402
2.39
2.377
2.364
2.351
2.338
2.325
2.311
2.297
2.283
2.269
2.255
2.24
2.225
2.21
2.195
2.18
2.164
2.148
2.133
2.117
2.1
2.084
2.067
2.051
2.034
2.017
2.0
1.982
1.965
1.947
1.93
1.912
1.894
1.876
1.858
1.839
1.821
1.802
1.784
1.765
1.746
1.727
1.708
1.689
1.669
1.65
1.63
1.611
1.591
1.572
1.552
1.532
1.512
1.492
1.472
1.452
1.432
1.411
1.391
1.371
1.35
1.33
1.31
1.289
1.268
1.248
1.227
1.207
1.186
1.165
1.145
1.124
1.103
1.083
1.062
1.041
1.02
1.0
0.979
0.958
0.938
0.917
0.896
0.876
0.855
0.835
0.814
0.794
0.773
0.753
0.732
0.712
0.692
0.672
0.651
0.631
0.611
0.591
0.571
0.552
0.532
0.512
0.493
0.473
0.454
0.434
0.415
0.396
0.377
0.358
0.339
0.321
0.302
0.284
0.266
0.248
0.23
0.212
0.194
0.177
0.16
0.143
0.126
0.109
0.093
0.076
0.06
0.044
0.029
0.013
-0.002
-0.017
-0.032
-0.047
-0.061
-0.075
-0.089
-0.103
-0.116
-0.129
-0.142
-0.154
-0.167
-0.179
-0.19
-0.202
-0.213
-0.224
-0.234
-0.245
-0.255
-0.264
-0.273
-0.282
-0.291
-0.299
-0.307
-0.315
-0.322
-0.329
-0.335
-0.341
-0.347
-0.353
-0.358
-0.362
-0.366
-0.37
-0.374
-0.377
-0.379
-0.382
-0.383
-0.385
-0.386
-0.386
-0.386
-0.386
-0.385
-0.384
-0.382
-0.38
-0.377
-0.374
-0.371
-0.366
-0.362
-0.357
-0.351
-0.345
-0.339
-0.332
-0.324
-0.316
-0.307
-0.298
-0.288
-0.278
-0.268
-0.256
-0.244
-0.232
-0.219
-0.205
-0.191
-0.177
-0.161
-0.145
-0.129
-0.112
-0.094
-0.076
-0.057
-0.038
-0.018
0.003
0.024
0.046
0.069
0.092
0.116
0.141
0.166
0.192
0.218
0.246
0.273
0.302
0.331
0.361
0.392
0.423
0.455
0.488
0.521
0.556
0.59
0.626
0.662
0.699
0.737
0.775
0.814
0.853
0.893
0.934
0.975
1.017
1.059
1.101
1.145
1.188
1.232
1.276
1.321
1.366
1.411
1.457
1.503
1.55
1.596
1.643
1.69
1.737
1.785
1.833
1.88
1.928
1.977
2.025
2.073
2.121
2.17
2.218
2.267
2.315
2.363
2.412
2.46
2.508
2.556
2.604
2.652
2.7
2.747
2.794
2.841
2.888
2.935
2.981
3.027
3.073
3.118
3.163
3.208
3.252
3.296
3.339
3.382
3.425
3.467
3.508
3.549
3.59
3.629
3.669
3.707
3.745
3.783
3.82
3.856
3.891
3.926
3.96
3.993
4.026
4.058
4.088
4.119
4.148
4.176
4.204
4.23
4.256
4.281
4.305
4.327
4.349
4.37
4.39
4.409
4.426
4.443
4.458
4.473
4.486
4.498
4.509
4.519
4.527
4.534
4.54
4.545
4.548
4.551
4.551
4.551
4.549
4.545
4.541
4.535
4.527
4.518
4.507
4.495
4.482
4.466
4.45
4.432
4.412
4.39
4.367
4.342
4.316
4.288
4.258
4.227
4.193
4.158
4.121
4.083
4.042
4.0
3.956
3.91
3.862
3.812
3.76
3.706
3.651
3.593
3.533
3.472
3.408
3.342
3.274
3.204
3.132
3.058
2.981
2.903
2.822
2.739
2.653
2.566
2.476
2.384
2.289
2.193
2.094
1.992
1.888
1.782
1.673
1.562
1.449
1.333
1.214
1.093
0.969
0.843
0.714
0.583
0.449
0.314
0.177
0.039
-0.1
-0.239
-0.378
-0.517
-0.655
-0.792
-0.928
-1.062
-1.194
-1.323
-1.45
-1.573
-1.692
-1.808
-1.919
-2.026
-2.127
-2.224
-2.314
-2.398
-2.476
-2.546
-2.61
-2.666
-2.714
-2.753
-2.784
-2.806
-2.818
-2.82
-2.813
-2.795
-2.766
-2.725
-2.673
-2.609
-2.533
-2.444
-2.342
-2.226
-2.097
-1.953
-1.795
-1.622
-1.434
-1.23
-1.01
-0.773
-0.52
-0.25
0.038
0.343
0.667
1.0
1.308
1.583
1.826
2.039
2.223
2.379
2.508
2.611
2.691
2.748
2.783
2.798
2.794
2.772
2.734
2.681
2.614
2.534
2.443
2.342
2.232
2.115
1.991
1.863
1.731
1.596
1.46
1.325
1.191
1.06
0.932
0.81
0.695
0.587
0.488
0.4
0.323
0.257
0.202
0.157
0.122
0.096
0.079
0.069
0.068
0.073
0.086
0.104
0.128
0.157
0.191
0.229
0.271
0.316
0.364
0.413
0.465
0.518
0.571
0.625
0.678
0.73
0.781
0.831
0.878
0.922
0.963
1.0
1.033
1.062
1.087
1.108
1.125
1.139
1.149
1.156
1.16
1.161
1.16
1.156
1.149
1.14
1.129
1.116
1.101
1.084
1.066
1.047
1.026
1.004
0.981
0.958
0.934
0.909
0.884
0.859
0.834
0.809
0.785
0.761
0.737
0.714
0.692
0.672
0.651
0.632
0.614
0.597
0.58
0.564
0.549
0.535
0.522
0.509
0.497
0.486
0.475
0.466
0.457
0.448
0.441
0.434
0.427
0.421
0.416
0.411
0.407
0.404
0.401
0.398
0.397
0.395
0.394
0.394
0.394
0.394
0.395
0.396
0.398
0.4
0.402
0.405
0.408
0.412
0.416
0.42
0.424
0.428
0.433
0.438
0.444
0.449
0.455
0.461
0.467
0.473
0.479
0.486
0.492
0.499
0.506
0.513
0.52
0.526
0.533
0.54
0.547
0.554
0.561
0.568
0.574
0.581
0.587
0.594
0.6
0.606
0.612
0.618
0.624
0.629
0.634
0.639
0.644
0.649
0.653
0.657
0.66
0.664
0.667
0.669
0.672
0.674
0.675
0.676
0.677
0.678
0.678
0.678
0.677
0.677
0.675
0.674
0.672
0.67
0.667
0.664
0.661
0.657
0.653
0.649
0.644
0.639
0.634
0.628
0.622
0.616
0.609
0.602
0.594
0.586
0.578
0.57
0.561
0.552
0.542
0.532
0.522
0.511
0.5
0.489
0.477
0.465
0.453
0.44
0.427
0.414
0.401
0.388
0.374
0.36
0.347
0.333
0.319
0.305
0.291
0.277
0.263
0.249
0.235
0.222
0.208
0.195
0.181
0.168
0.156
0.143
0.131
0.119
0.107
0.095
0.084
0.074
0.063
0.053
0.044
0.035
0.026
0.018
0.011
0.004
-0.002
-0.008
-0.013
-0.018
-0.021
-0.024
-0.027
-0.028
-0.029
-0.029
-0.029
-0.027
-0.025
-0.021
-0.017
-0.012
-0.006
0.001
0.009
0.018
0.028
0.039
0.051
0.064
0.079
0.094
0.111
0.129
0.148
0.168
0.189
0.211
0.234
0.258
0.282
0.307
0.333
0.359
0.385
0.412
0.44
0.467
0.495
0.523
0.551
0.579
0.607
0.634
0.662
0.689
0.716
0.742
0.768
0.794
0.819
0.843
0.866
0.889
0.911
0.931
0.951
0.971
0.989
1.006
1.023
1.039
1.054
1.068
1.082
1.095
1.107
1.118
1.128
1.138
1.147
1.156
1.163
1.17
1.177
1.183
1.188
1.192
1.196
1.199
1.202
1.204
1.205
1.206
1.207
1.206
1.206
1.204
1.203
1.2
1.198
1.194
1.191
1.186
1.182
1.177
1.171
1.165
1.159
1.152
1.145
1.138
1.13
1.122
1.113
1.104
1.095
1.086
1.076
1.066
1.056
1.045
1.034
1.023
1.012
1.0
0.988
0.976
0.964
0.952
0.94
0.927
0.914
0.901
0.888
0.875
0.862
0.848
0.835
0.821
0.808
0.794
0.781
0.767
0.753
0.739
0.726
0.712
0.698
0.685
0.671
0.658
0.644
0.631
0.618
0.604
0.591
0.578
0.566
0.553
0.54
0.528
0.516
0.504
0.492
0.481
0.469
0.458
0.447
0.437
0.427
0.416
0.407
0.397
0.388
0.379
0.371
0.362
0.355
0.347
0.34
0.333
0.327
0.321
0.316
0.311
0.306
0.302
0.298
0.295
0.292
0.289
0.288
0.286
0.285
0.285
0.285
0.286
0.288
0.289
0.292
0.295
0.299
0.303
0.308
0.313
0.319
0.326
0.333
0.341
0.35
0.359
0.369
0.379
0.39
0.401
0.412
0.423
0.435
0.447
0.459
0.471
0.483
0.494
0.506
0.518
0.529
0.54
0.551
0.561
0.571
0.581
0.59
0.599
0.607
0.614
0.622
0.628
0.635
0.641
0.646
0.651
0.656
0.66
0.664
0.667
0.671
0.673
0.676
0.678
0.679
0.681
0.682
0.682
0.683
0.683
0.682
0.682
0.681
0.679
0.678
0.676
0.674
0.671
0.669
0.666
0.663
0.659
0.656
0.652
0.648
0.643
0.639
0.634
0.629
0.624
0.619
0.613
0.608
0.602
0.596
0.59
0.583
0.577
0.57
0.564
0.557
0.55
0.543
0.535
0.528
0.521
0.513
0.506
0.498
0.491
0.483
0.475
0.467
0.459
0.451
0.444
0.436
0.428
0.42
0.412
0.404
0.396
0.388
0.38
0.372
0.364
0.356
0.349
0.341
0.333
0.326
0.318
0.311
0.304
0.296
0.289
0.282
0.276
0.269
0.262
0.256
0.25
0.244
0.238
0.233
0.227
0.222
0.217
0.213
0.208
0.204
0.2
0.197
0.193
0.19
0.188
0.185
0.183
0.181
0.18
0.179
0.178
0.178
0.178
0.179
0.18
0.181
0.183
0.185
0.188
0.191
0.194
0.198
0.203
0.208
0.213
0.219
0.226
0.233
0.24
0.249
0.257
0.267
0.276
0.287
0.298
0.31
0.322
0.335
0.348
0.362
0.377
0.393
0.409
0.426
0.443
0.461
0.48
0.5
0.52
0.54
0.56
0.577
0.592
0.604
0.611
0.614
0.61
0.6
0.583
0.559
0.531
0.499
0.465
0.43
0.395
0.362
0.332
0.306
0.286
0.272
0.264
0.263
0.266
0.274
0.287
0.302
0.321
0.343
0.366
0.391
0.417
0.443
0.468
0.493
0.517
0.539
0.558
0.575
0.588
0.596
0.601
0.6
0.593
0.581
0.561
0.535
0.5
0.457
0.409
0.357
0.303
0.25
0.2
0.153
0.109
0.069
0.031
-0.004
-0.036
-0.065
-0.092
-0.116
-0.138
-0.157
-0.174
-0.189
-0.201
-0.212
-0.22
-0.226
-0.231
-0.233
-0.234
-0.234
-0.231
-0.227
-0.222
-0.215
-0.207
-0.198
-0.187
-0.176
-0.163
-0.15
-0.135
-0.12
-0.104
-0.088
-0.071
-0.054
-0.036
-0.017
0.001
0.02
0.038
0.057
0.076
0.095
0.113
0.131
0.149
0.167
0.184
0.2
0.216
0.232
0.247
0.262
0.276
0.29
0.303
0.316
0.329
0.341
0.353
0.365
0.376
0.387
0.397
0.407
0.417
0.427
0.436
0.445
0.454
0.463
0.471
0.479
0.487
0.494
0.501
0.509
0.516
0.522
0.529
0.535
0.542
0.548
0.554
0.56
0.565
0.571
0.577
0.582
0.588
0.593
0.598
0.604
0.609
0.614
0.619
0.624
0.629
0.635
0.64
0.645
0.65
0.656
0.661
0.667
0.672
0.678
0.684
0.689
0.695
0.701
0.707
0.713
0.719
0.726
0.732
0.738
0.745
0.751
0.757
0.764
0.771
0.777
0.784
0.79
0.797
0.804
0.811
0.817
0.824
0.831
0.838
0.845
0.852
0.859
0.866
0.872
0.879
0.886
0.893
0.9
0.907
0.914
0.921
0.928
0.934
0.941
0.948
0.955
0.962
0.968
0.975
0.982
0.988
0.995
1.002
1.008
1.014
1.021
1.027
1.034
1.04
1.046
1.052
1.058
1.064
1.07
1.076
1.082
1.088
1.093
1.099
1.104
1.11
1.115
1.12
1.125
1.13
1.135
1.14
1.145
1.149
1.154
1.158
1.162
1.167
1.171
1.175
1.178
1.182
1.186
1.189
1.192
1.195
1.198
1.201
1.204
1.207
1.209
1.211
1.213
1.215
1.217
1.219
1.22
1.222
1.223
1.224
1.225
1.225
1.226
1.226
1.226
1.226
1.226
1.225
1.225
1.224
1.223
1.221
1.22
1.218
1.216
1.214
1.212
1.209
1.207
1.204
1.201
1.197
1.194
1.19
1.186
1.181
1.177
1.172
1.167
1.162
1.156
1.15
1.144
1.138
1.132
1.125
1.118
1.11
1.103
1.095
1.087
1.078
1.07
1.061
1.051
1.042
1.032
1.022
1.012
1.001
0.99
0.979
0.967
0.955
0.943
0.93
0.917
0.904
0.891
0.877
0.863
0.848
0.834
0.819
0.803
0.787
0.771
0.755
0.738
0.721
0.704
0.686
0.668
0.649
0.63
0.611
0.591
0.571
0.551
0.531
0.51
0.489
0.468
0.446
0.425
0.405
0.384
0.363
0.343
0.323
0.304
0.286
0.267
0.25
0.233
0.218
0.203
0.189
0.176
0.165
0.155
0.146
0.139
0.133
0.129
0.127
0.126
0.128
0.132
0.138
0.146
0.156
0.169
0.185
0.203
0.224
0.248
0.274
0.304
0.336
0.372
0.411
0.454
0.5
0.549
0.602
0.657
0.713
0.771
0.829
0.887
0.944
1.0
1.054
1.106
1.156
1.205
1.251
1.296
1.339
1.38
1.419
1.456
1.492
1.526
1.558
1.589
1.618
1.646
1.671
1.696
1.718
1.74
1.759
1.777
1.794
1.809
1.823
1.836
1.847
1.857
1.865
1.872
1.878
1.883
1.886
1.888
1.889
1.889
1.888
1.886
1.882
1.877
1.872
1.865
1.857
1.849
1.839
1.829
1.817
1.805
1.792
1.777
1.763
1.747
1.73
1.713
1.695
1.676
1.657
1.637
1.616
1.595
1.573
1.551
1.528
1.504
1.48
1.455
1.43
1.405
1.379
1.353
1.326
1.299
1.272
1.244
1.216
1.188
1.16
1.131
1.102
1.073
1.044
1.015
0.986
0.956
0.927
0.897
0.868
0.838
0.809
0.779
0.75
0.721
0.692
0.663
0.635
0.607
0.579
0.552
0.526
0.5
0.475
0.451
0.428
0.405
0.383
0.362
0.342
0.322
0.304
0.285
0.268
0.251
0.235
0.22
0.205
0.191
0.177
0.165
0.152
0.141
0.13
0.12
0.11
0.101
0.092
0.084
0.076
0.07
0.063
0.057
0.052
0.047
0.043
0.039
0.036
0.033
0.03
0.028
0.027
0.026
0.025
0.025
0.025
0.026
0.027
0.028
0.03
0.032
0.034
0.037
0.041
0.044
0.048
0.052
0.056
0.061
0.066
0.072
0.077
0.083
0.089
0.095
0.102
0.109
0.116
0.123
0.131
0.138
0.146
0.154
0.162
0.17
0.179
0.187
0.196
0.205
0.214
0.223
0.232
0.241
0.25
0.26
0.269
0.278
0.288
0.297
0.307
0.316
0.326
0.335
0.345
0.354
0.364
0.373
0.382
0.392
0.401
0.41
0.419
0.428
0.437
0.445
0.454
0.463
0.471
0.479
0.487
0.495
0.502
0.51
0.517
0.524
0.531
0.538
0.544
0.55
0.556
0.562
0.567
0.572
0.577
0.582
0.586
0.59
0.593
0.596
0.599
0.602
0.604
0.606
0.607
0.608
0.609
0.609
0.609
0.609
0.608
0.606
0.604
0.602
0.599
0.596
0.592
0.588
0.583
0.578
0.572
0.566
0.56
0.553
0.547
0.54
0.533
0.526
0.519
0.512
0.506
0.499
0.493
0.488
0.483
0.479
0.475
0.472
0.469
0.467
0.467
0.467
0.468
0.47
0.474
0.478
0.484
0.491
0.5
0.51
0.521
0.534
0.547
0.561
0.576
0.591
0.606
0.622
0.637
0.652
0.667
0.681
0.694
0.707
0.719
0.73
0.741
0.751
0.76
0.769
0.777
0.785
0.792
0.798
0.804
0.808
0.813
0.816
0.819
0.822
0.823
0.824
0.825
0.825
0.824
0.822
0.82
0.817
0.813
0.809
0.804
0.799
0.793
0.786
0.778
0.77
0.761
0.752
0.742
0.731
0.719
0.707
0.694
0.681
0.667
0.652
0.636
0.621
0.604
0.588
0.571
0.554
0.537
0.52
0.503
0.486
0.47
0.453
0.438
0.423
0.408
0.395
0.382
0.37
0.358
0.348
0.34
0.332
0.326
0.321
0.317
0.316
0.315
0.317
0.321
0.326
0.333
0.343
0.354
0.368
0.383
0.399
0.417
0.437
0.457
0.479
0.502
0.525
0.55
0.575
0.6
0.626
0.652
0.678
0.704
0.73
0.756
0.781
0.806
0.831
0.855
0.879
0.902
0.923
0.944
0.964
0.983
1.0
1.016
1.031
1.044
1.056
1.067
1.076
1.084
1.092
1.098
1.103
1.106
1.109
1.111
1.112
1.112
1.111
1.109
1.106
1.102
1.098
1.093
1.087
1.08
1.073
1.065
1.056
1.047
1.038
1.027
1.017
1.006
0.994
0.982
0.97
0.957
0.944
0.931
0.918
0.904
0.89
0.877
0.862
0.848
0.834
0.82
0.806
0.792
0.778
0.764
0.75
0.736
0.723
0.71
0.697
0.684
0.672
0.66
0.648
0.637
0.626
0.616
0.606
0.597
0.589
0.581
0.573
0.567
0.561
0.555
0.551
0.547
0.544
0.542
0.541
0.54
0.541
0.543
0.545
0.549
0.554
0.56
0.567
0.575
0.584
0.595
0.607
0.62
0.634
0.65
0.667
0.686
0.706
0.727
0.75
