0.0
0.019
0.037
0.056
0.074
0.093
0.111
0.13
0.148
0.167
0.185
0.204
0.222
0.241
0.259
0.278
0.296
0.315
0.333
0.352
0.37
0.389
0.407
0.426
0.444
0.463
0.481
0.5
0.519
0.537
0.556
0.574
0.593
0.611
0.63
0.648
0.667
0.722
0.778
0.833
0.889
0.944
1.0
0.975
0.95
0.925
0.9
0.875
0.85
0.825
0.8
0.775
0.75
0.725
0.7
0.675
0.65
0.625
0.6
0.575
0.55
0.525
0.5
0.475
0.45
0.425
0.4
0.433
0.467
0.5
0.533
0.567
0.6
0.633
0.667
0.7
0.733
0.767
0.8
0.833
0.867
0.9
0.933
0.967
1.0
0.981
0.962
0.943
0.924
0.905
0.886
0.867
0.848
0.829
0.81
0.79
0.771
0.752
0.733
0.714
0.695
0.676
0.657
0.638
0.619
0.6
0.581
0.562
0.543
0.524
0.505
0.486
0.467
0.448
0.429
0.41
0.39
0.371
0.352
0.333
0.37
0.407
0.444
0.481
0.519
0.556
0.593
0.63
0.667
0.619
0.571
0.524
0.476
0.429
0.381
0.333
0.394
0.455
0.515
0.576
0.636
0.697
0.758
0.818
0.879
0.939
1.0
0.996
0.992
0.989
0.985
0.981
0.977
0.973
0.97
0.966
0.962
0.958
0.955
0.951
0.947
0.943
0.939
0.936
0.932
0.928
0.924
0.92
0.917
0.913
0.909
0.905
0.902
0.898
0.894
0.89
0.886
0.883
0.879
0.875
0.871
0.867
0.864
0.86
0.856
0.852
0.848
0.845
0.841
0.837
0.833
0.83
0.826
0.822
0.818
0.814
0.811
0.807
0.803
0.799
0.795
0.792
0.788
0.784
0.78
0.777
0.773
0.769
0.765
0.761
0.758
0.754
0.75
0.704
0.657
0.611
0.565
0.519
0.472
0.426
0.38
0.333
0.336
0.34
0.343
0.346
0.349
0.352
0.355
0.358
0.361
0.364
0.367
0.37
0.373
0.377
0.38
0.383
0.386
0.389
0.392
0.395
0.398
0.401
0.404
0.407
0.41
0.414
0.417
0.42
0.423
0.426
0.429
0.432
0.435
0.438
0.441
0.444
0.448
0.451
0.454
0.457
0.46
0.463
0.466
0.469
0.472
0.475
0.478
0.481
0.485
0.488
0.491
0.494
0.497
0.5
0.501
0.503
0.504
0.505
0.507
0.508
0.509
0.511
0.512
0.513
0.515
0.516
0.517
0.519
0.52
0.521
0.523
0.524
0.525
0.527
0.528
0.529
0.531
0.532
0.533
0.535
0.536
0.537
0.539
0.54
0.541
0.543
0.544
0.545
0.547
0.548
0.549
0.551
0.552
0.553
0.555
0.556
0.557
0.559
0.56
0.561
0.563
0.564
0.565
0.567
0.568
0.569
0.571
0.572
0.573
0.575
0.576
0.577
0.579
0.58
0.581
0.583
0.584
0.585
0.587
0.588
0.589
0.591
0.592
0.593
0.595
0.596
0.597
0.599
0.6
0.554
0.509
0.463
0.417
0.371
0.326
0.28
0.234
0.189
0.143
0.15
0.158
0.166
0.173
0.181
0.188
0.196
0.204
0.211
0.219
0.226
0.234
0.242
0.249
0.257
0.264
0.272
0.28
0.287
0.295
0.302
0.31
0.318
0.325
0.333
0.34
0.348
0.356
0.363
0.371
0.378
0.386
0.394
0.401
0.409
0.416
0.424
0.432
0.439
0.447
0.454
0.462
0.47
0.477
0.485
0.492
0.5
0.417
0.333
0.25
0.167
0.25
0.333
0.417
0.5
0.583
0.667
0.664
0.661
0.658
0.655
0.652
0.649
0.647
0.644
0.641
0.638
0.635
0.632
0.629
0.626
0.624
0.621
0.618
0.615
0.612
0.609
0.606
0.603
0.601
0.598
0.595
0.592
0.589
0.586
0.583
0.58
0.578
0.575
0.572
0.569
0.566
0.563
0.56
0.557
0.555
0.552
0.549
0.546
0.543
0.54
0.537
0.534
0.532
0.529
0.526
0.523
0.52
0.517
0.514
0.511
0.509
0.506
0.503
0.5
0.485
0.47
0.455
0.439
0.424
0.409
0.394
0.379
0.364
0.348
0.333
0.361
0.389
0.417
0.444
0.472
0.5
0.528
0.556
0.583
0.611
0.639
0.667
0.694
0.722
0.75
0.708
0.667
0.625
0.583
0.542
0.5
0.501
0.503
0.504
0.505
0.507
0.508
0.51
0.511
0.512
0.514
0.515
0.516
0.518
0.519
0.521
0.522
0.523
0.525
0.526
0.527
0.529
0.53
0.532
0.533
0.534
0.536
0.537
0.538
0.54
0.541
0.543
0.544
0.545
0.547
0.548
0.549
0.551
0.552
0.554
0.555
0.556
0.558
0.559
0.56
0.562
0.563
0.565
0.566
0.567
0.569
0.57
0.571
0.573
0.574
0.576
0.577
0.578
0.58
0.581
0.582
0.584
0.585
0.587
0.588
0.589
0.591
0.592
0.593
0.595
0.596
0.598
0.599
0.6
0.602
0.603
0.604
0.606
0.607
0.609
0.61
0.611
0.613
0.614
0.615
0.617
0.618
0.62
0.621
0.622
0.624
0.625
0.625
0.626
0.626
0.627
0.627
0.627
0.628
0.628
0.629
0.629
0.63
0.63
0.63
0.631
0.631
0.632
0.632
0.632
0.633
0.633
0.634
0.634
0.634
0.635
0.635
0.636
0.636
0.637
0.637
0.637
0.638
0.638
0.639
0.639
0.639
0.64
0.64
0.641
0.641
0.642
0.642
0.642
0.643
0.643
0.644
0.644
0.644
0.645
0.645
0.646
0.646
0.646
0.647
0.647
0.648
0.648
0.649
0.649
0.649
0.65
0.65
0.651
0.651
0.651
0.652
0.652
0.653
0.653
0.653
0.654
0.654
0.655
0.655
0.656
0.656
0.656
0.657
0.657
0.658
0.658
0.658
0.659
0.659
0.66
0.66
0.66
0.661
0.661
0.662
0.662
0.663
0.663
0.663
0.664
0.664
0.665
0.665
0.665
0.666
0.666
0.667
0.722
0.778
0.833
0.889
0.944
1.0
1.0
1.0
1.0
1.0
1.0
1.0
1.0
1.0
1.0
1.0
1.0
1.0
1.0
1.0
1.0
1.0
1.0
1.0
1.0
1.0
1.0
1.0
1.0
1.0
1.0
1.0
0.975
0.95
0.925
0.9
0.875
0.85
0.825
0.8
0.775
0.75
0.725
0.7
0.675
0.65
0.625
0.6
0.575
0.55
0.525
0.5
0.508
0.517
0.525
0.533
0.542
0.55
0.558
0.567
0.575
0.583
0.592
0.6
0.608
0.617
0.625
0.633
0.642
0.65
0.658
0.667
0.675
0.683
0.692
0.7
0.708
0.717
0.725
0.733
0.742
0.75
0.758
0.767
0.775
0.783
0.792
0.8
0.808
0.817
0.825
0.833
0.842
0.85
0.858
0.867
0.875
0.883
0.892
0.9
0.908
0.917
0.925
0.933
0.942
0.95
0.958
0.967
0.975
0.983
0.992
1.0
0.992
0.984
0.976
0.968
0.96
0.952
0.944
0.937
0.929
0.921
0.913
0.905
0.897
0.889
0.881
0.873
0.865
0.857
0.849
0.841
0.833
0.828
0.824
0.819
0.814
0.809
0.804
0.799
0.794
0.789
0.784
0.779
0.775
0.77
0.765
0.76
0.755
0.75
0.721
0.691
0.662
0.632
0.603
0.574
0.544
0.515
0.485
0.456
0.426
0.397
0.368
0.338
0.309
0.279
0.25
0.255
0.26
0.265
0.27
0.276
0.281
0.286
0.291
0.296
0.301
0.306
0.311
0.317
0.322
0.327
0.332
0.337
0.342
0.347
0.352
0.358
0.363
0.368
0.373
0.378
0.383
0.388
0.393
0.399
0.404
0.409
0.414
0.419
0.424
0.429
0.434
0.44
0.445
0.45
0.455
0.46
0.465
0.47
0.475
0.481
0.486
0.491
0.496
0.501
0.506
0.511
0.516
0.522
0.527
0.532
0.537
0.542
0.547
0.552
0.557
0.562
0.568
0.573
0.578
0.583
0.588
0.593
0.598
0.603
0.609
0.614
0.619
0.624
0.629
0.634
0.639
0.644
0.65
0.655
0.66
0.665
0.67
0.675
0.68
0.685
0.691
0.696
0.701
0.706
0.711
0.716
0.721
0.726
0.732
0.737
0.742
0.747
0.752
0.757
0.762
0.767
0.773
0.778
0.783
0.788
0.793
0.798
0.803
0.808
0.814
0.819
0.824
0.829
0.834
0.839
0.844
0.849
0.855
0.86
0.865
0.87
0.875
0.866
0.858
0.849
0.84
0.831
0.823
0.814
0.805
0.797
0.788
0.779
0.77
0.762
0.753
0.744
0.735
0.727
0.718
0.709
0.701
0.692
0.683
0.674
0.666
0.657
0.648
0.64
0.631
0.622
0.613
0.605
0.596
0.587
0.578
0.57
0.561
0.552
0.544
0.535
0.526
0.517
0.509
0.5
0.516
0.531
0.547
0.562
0.578
0.594
0.609
0.625
0.641
0.656
0.672
0.688
0.703
0.719
0.734
0.75
0.74
0.729
0.719
0.708
0.698
0.688
0.677
0.667
0.656
0.646
0.635
0.625
0.615
0.604
0.594
0.583
0.573
0.562
0.552
0.542
0.531
0.521
0.51
0.5
0.479
0.458
0.438
0.417
0.396
0.375
0.354
0.333
0.312
0.292
0.271
0.25
0.253
0.257
0.26
0.263
0.267
0.27
0.273
0.277
0.28
0.283
0.287
0.29
0.293
0.297
0.3
0.303
0.307
0.31
0.313
0.317
0.32
0.323
0.327
0.33
0.333
0.336
0.339
0.342
0.344
0.347
0.35
0.352
0.355
0.358
0.361
0.363
0.366
0.369
0.372
0.374
0.377
0.38
0.383
0.385
0.388
0.391
0.393
0.396
0.399
0.402
0.404
0.407
0.41
0.413
0.415
0.418
0.421
0.423
0.426
0.429
0.432
0.434
0.437
0.44
0.443
0.445
0.448
0.451
0.454
0.456
0.459
0.462
0.464
0.467
0.47
0.473
0.475
0.478
0.481
0.484
0.486
0.489
0.492
0.495
0.497
0.5
0.485
0.47
0.455
0.439
0.424
0.409
0.394
0.379
0.364
0.348
0.333
0.341
0.349
0.357
0.365
0.373
0.381
0.388
0.396
0.404
0.412
0.42
0.428
0.436
0.443
0.451
0.459
0.467
0.475
0.483
0.491
0.498
0.506
0.514
0.522
0.53
0.538
0.546
0.553
0.561
0.569
0.577
0.585
0.593
0.601
0.608
0.616
0.624
0.632
0.64
0.648
0.656
0.664
0.671
0.679
0.687
0.695
0.703
0.711
0.719
0.726
0.734
0.742
0.75
0.742
0.735
0.727
0.72
0.712
0.704
0.697
0.689
0.682
0.674
0.666
0.659
0.651
0.644
0.636
0.628
0.621
0.613
0.605
0.598
0.59
0.583
0.575
0.567
0.56
0.552
0.545
0.537
0.529
0.522
0.514
0.507
0.499
0.491
0.484
0.476
0.469
0.461
0.453
0.446
0.438
0.431
0.423
0.415
0.408
0.4
0.393
0.385
0.377
0.37
0.362
0.354
0.347
0.339
0.332
0.324
0.316
0.309
0.301
0.294
0.286
0.278
0.271
0.263
0.256
0.248
0.24
0.233
0.225
0.218
0.21
0.202
0.195
0.187
0.18
0.172
0.164
0.157
0.149
0.142
0.134
0.126
0.119
0.111
0.136
0.16
0.185
0.21
0.235
0.259
0.284
0.309
0.333
0.358
0.383
0.407
0.432
0.457
0.481
0.506
0.531
0.556
0.58
0.605
0.63
0.654
0.679
0.704
0.728
0.753
0.778
0.81
0.841
0.873
0.905
0.937
0.968
1.0
0.994
0.988
0.982
0.976
0.97
0.963
0.957
0.951
0.945
0.939
0.933
0.927
0.921
0.915
0.909
0.902
0.896
0.89
0.884
0.878
0.872
0.866
0.86
0.854
0.848
0.841
0.835
0.829
0.823
0.817
0.811
0.805
0.799
0.793
0.787
0.78
0.774
0.768
0.762
0.756
0.75
0.746
0.742
0.738
0.733
0.729
0.725
0.721
0.717
0.712
0.708
0.704
0.7
0.696
0.692
0.688
0.683
0.679
0.675
0.671
0.667
0.662
0.658
0.654
0.65
0.646
0.642
0.638
0.633
0.629
0.625
0.621
0.617
0.612
0.608
0.604
0.6
0.596
0.592
0.588
0.583
0.579
0.575
0.571
0.567
0.562
0.558
0.554
0.55
0.546
0.542
0.538
0.533
0.529
0.525
0.521
0.517
0.512
0.508
0.504
0.5
0.485
0.47
0.455
0.439
0.424
0.409
0.394
0.379
0.364
0.348
0.333
0.341
0.349
0.356
0.364
0.371
0.379
0.387
0.394
0.402
0.41
0.417
0.425
0.432
0.44
0.448
0.455
0.463
0.47
0.478
0.486
0.493
0.501
0.509
0.516
0.524
0.531
0.539
0.547
0.554
0.562
0.57
0.577
0.585
0.592
0.6
0.65
0.7
0.75
0.8
0.85
0.9
0.879
0.859
0.838
0.817
0.797
0.776
0.756
0.735
0.714
0.694
0.673
0.652
0.632
0.611
0.591
0.57
0.549
0.529
0.508
0.487
0.467
0.446
0.426
0.405
0.384
0.364
0.384
0.404
0.424
0.444
0.465
0.485
0.505
0.525
0.545
0.566
0.586
0.606
0.626
0.646
0.667
0.687
0.707
0.727
0.703
0.678
0.653
0.629
0.604
0.58
0.555
0.53
0.506
0.481
0.456
0.432
0.407
0.383
0.358
0.333
0.342
0.35
0.358
0.367
0.375
0.383
0.392
0.4
0.408
0.417
0.425
0.433
0.442
0.45
0.458
0.467
0.475
0.483
0.492
0.5
0.5
0.5
0.5
0.5
0.5
0.5
0.5
0.5
0.5
0.5
0.5
0.5
0.5
0.5
0.5
0.5
0.5
0.5
0.5
0.5
0.5
0.5
0.5
0.5
0.5
0.5
0.5
0.5
0.5
0.5
0.5
0.5
0.5
0.5
0.5
0.5
0.5
0.5
0.5
0.5
0.5
0.5
0.5
0.5
0.5
0.5
0.5
0.5
0.5
0.5
0.5
0.5
0.5
0.5
0.5
0.5
0.5
0.5
0.5
0.5
0.5
0.5
0.5
0.5
0.5
0.5
0.5
0.5
0.5
0.5
0.5
0.5
0.5
0.5
0.5
0.5
0.5
0.5
0.5
0.5
0.5
0.5
0.5
0.5
0.5
0.5
0.5
0.5
0.5
0.5
0.5
0.5
0.5
0.5
0.5
0.5
0.5
0.503
0.506
0.51
0.513
0.516
0.519
0.522
0.526
0.529
0.532
0.535
0.538
0.542
0.545
0.548
0.551
0.554
0.558
0.561
0.564
0.567
0.571
0.574
0.577
0.58
0.583
0.587
0.59
0.593
0.596
0.599
0.603
0.606
0.609
0.612
0.615
0.619
0.622
0.625
0.628
0.631
0.635
0.638
0.641
0.644
0.647
0.651
0.654
0.657
0.66
0.663
0.667
0.583
0.5
0.417
0.333
0.354
0.375
0.396
0.417
0.438
0.458
0.479
0.5
0.521
0.542
0.562
0.583
0.604
0.625
0.646
0.667
0.688
0.708
0.729
0.75
0.736
0.722
0.708
0.694
0.681
0.667
0.653
0.639
0.625
0.611
0.597
0.583
0.569
0.556
0.542
0.528
0.514
0.5
0.486
0.472
0.458
0.444
0.431
0.417
0.403
0.389
0.375
0.361
0.347
0.333
0.331
0.329
0.327
0.325
0.323
0.321
0.319
0.316
0.314
0.312
0.31
0.308
0.306
0.304
0.302
0.3
0.298
0.295
0.293
0.291
0.289
0.287
0.285
0.283
0.281
0.279
0.277
0.274
0.272
0.27
0.268
0.266
0.264
0.262
0.26
0.258
0.255
0.253
0.251
0.249
0.247
0.245
0.243
0.241
0.239
0.237
0.234
0.232
0.23
0.228
0.226
0.224
0.222
0.22
0.218
0.215
0.213
0.211
0.209
0.207
0.205
0.203
0.201
0.199
0.197
0.194
0.192
0.19
0.188
0.186
0.184
0.182
0.18
0.178
0.176
0.173
0.171
0.169
0.167
0.165
0.163
0.161
0.159
0.157
0.154
0.152
0.15
0.148
0.146
0.144
0.142
0.14
0.138
0.136
0.133
0.131
0.129
0.127
0.125
0.141
0.156
0.172
0.188
0.203
0.219
0.234
0.25
0.266
0.281
0.297
0.312
0.328
0.344
0.359
0.375
0.391
0.406
0.422
0.438
0.453
0.469
0.484
0.5
0.504
0.508
0.511
0.515
0.519
0.523
0.527
0.53
0.534
0.538
0.542
0.546
0.549
0.553
0.557
0.561
0.565
0.568
0.572
0.576
0.58
0.584
0.587
0.591
0.595
0.599
0.603
0.606
0.61
0.614
0.618
0.622
0.625
0.629
0.633
0.637
0.641
0.644
0.648
0.652
0.656
0.66
0.663
0.667
0.671
0.675
0.679
0.682
0.686
0.69
0.694
0.698
0.701
0.705
0.709
0.713
0.717
0.72
0.724
0.728
0.732
0.736
0.739
0.743
0.747
0.751
0.755
0.758
0.762
0.766
0.77
0.774
0.777
0.781
0.785
0.789
0.793
0.796
0.8
0.804
0.808
0.812
0.815
0.819
0.823
0.827
0.831
0.834
0.838
0.842
0.846
0.85
0.853
0.857
0.726
0.595
0.464
0.333
0.333
0.333
0.333
0.333
0.333
0.333
0.333
0.333
0.333
0.333
0.333
0.333
0.333
0.333
0.333
0.333
0.333
0.333
0.333
0.333
0.333
0.333
0.332
0.331
0.33
0.328
0.327
0.326
0.325
0.324
0.322
0.321
0.32
0.319
0.317
0.316
0.315
0.314
0.312
0.311
0.31
0.309
0.308
0.306
0.305
0.304
0.303
0.301
0.3
0.299
0.298
0.297
0.295
0.294
0.293
0.292
0.29
0.289
0.288
0.287
0.286
0.284
0.283
0.282
0.281
0.279
0.278
0.277
0.276
0.275
0.273
0.272
0.271
0.27
0.268
0.267
0.266
0.265
0.263
0.262
0.261
0.26
0.259
0.257
0.256
0.255
0.254
0.252
0.251
0.25
0.25
0.25
0.25
0.25
0.25
0.25
0.25
0.25
0.25
0.25
0.25
0.25
0.25
0.25
0.25
0.25
0.25
0.25
0.25
0.25
0.25
0.25
0.25
0.25
0.25
0.25
0.25
0.25
0.25
0.25
0.25
0.25
0.25
0.25
0.25
0.25
0.25
0.25
0.251
0.251
0.252
0.252
0.253
0.253
0.254
0.254
0.255
0.256
0.256
0.257
0.257
0.258
0.258
0.259
0.259
0.26
0.261
0.261
0.262
0.262
0.263
0.263
0.264
0.265
0.265
0.266
0.266
0.267
0.267
0.268
0.268
0.269
0.27
0.27
0.271
0.271
0.272
0.272
0.273
0.273
0.274
0.275
0.275
0.276
0.276
0.277
0.277
0.278
0.278
0.279
0.28
0.28
0.281
0.281
0.282
0.282
0.283
0.283
0.284
0.285
0.285
0.286
0.286
0.286
0.286
0.286
0.286
0.286
0.286
0.286
0.286
0.286
0.286
0.286
0.286
0.286
0.286
0.286
0.286
0.286
0.286
0.286
0.286
0.286
0.286
0.286
0.286
0.286
0.286
0.286
0.286
0.286
0.286
0.286
0.286
0.286
0.286
0.286
0.286
0.286
0.286
0.286
0.286
0.286
0.286
0.286
0.286
0.286
0.286
0.286
0.286
0.286
0.286
0.286
0.286
0.286
0.286
0.286
0.286
0.286
0.286
0.286
0.286
0.286
0.286
0.286
0.286
0.286
0.286
0.286
0.286
0.286
0.286
0.286
0.286
0.286
0.286
0.286
0.286
0.286
0.286
0.286
0.286
0.286
0.286
0.286
0.286
0.286
0.286
0.286
0.286
0.286
0.286
0.286
0.286
0.286
0.286
0.286
0.286
0.286
0.286
0.286
0.286
0.286
0.286
0.286
0.286
0.286
0.286
0.286
0.286
0.286
0.286
0.286
0.286
0.286
0.286
0.286
0.286
0.286
0.286
0.286
0.286
0.286
0.286
0.286
0.286
0.286
0.286
0.286
0.286
0.286
0.286
0.286
0.286
0.286
0.286
0.286
0.286
0.286
0.286
0.286
0.286
0.286
0.286
0.286
0.286
0.286
0.286
0.286
0.286
0.286
0.286
0.286
0.286
0.286
0.286
0.291
0.296
0.301
0.306
0.311
0.316
0.321
0.326
0.331
0.336
0.341
0.346
0.352
0.357
0.362
0.367
0.372
0.377
0.382
0.387
0.392
0.397
0.402
0.407
0.412
0.417
0.422
0.428
0.433
0.438
0.443
0.448
0.453
0.458
0.463
0.468
0.473
0.478
0.483
0.488
0.493
0.498
0.503
0.509
0.514
0.519
0.524
0.529
0.534
0.539
0.544
0.549
0.554
0.559
0.564
0.569
0.574
0.579
0.584
0.59
0.595
0.6
0.605
0.61
0.615
0.62
0.625
0.623
0.622
0.62
0.618
0.616
0.615
0.613
0.611
0.609
0.608
0.606
0.604
0.602
0.601
0.599
0.597
0.595
0.594
0.592
0.59
0.589
0.587
0.585
0.583
0.582
0.58
0.578
0.576
0.575
0.573
0.571
0.569
0.568
0.566
0.564
0.562
0.561
0.559
0.557
0.556
0.554
0.552
0.55
0.549
0.547
0.545
0.543
0.542
0.54
0.538
0.536
0.535
0.533
0.531
0.53
0.528
0.526
0.524
0.523
0.521
0.519
0.517
0.516
0.514
0.512
0.51
0.509
0.507
0.505
0.503
0.502
0.5
0.497
0.493
0.49
0.487
0.483
0.48
0.477
0.473
0.47
0.467
0.463
0.46
0.457
0.453
0.45
0.447
0.443
0.44
0.437
0.433
0.43
0.427
0.423
0.42
0.417
0.413
0.41
0.407
0.403
0.4
0.422
0.444
0.467
0.489
0.511
0.533
0.556
0.578
0.6
0.622
0.644
0.667
0.689
0.711
0.733
0.756
0.778
0.8
0.791
0.782
0.773
0.764
0.756
0.747
0.738
0.729
0.72
0.711
0.702
0.693
0.684
0.676
0.667
0.667
0.667
0.667
0.667
0.667
0.667
0.667
0.667
0.667
0.667
0.667
0.667
0.667
0.667
0.667
0.667
0.667
0.667
0.667
0.667
0.667
0.667
0.667
0.667
0.667
0.667
0.667
0.667
0.667
0.667
0.667
0.667
0.667
0.667
0.667
0.667
0.667
0.667
0.667
0.667
0.667
0.667
0.658
0.65
0.642
0.633
0.625
0.617
0.608
0.6
0.592
0.583
0.575
0.567
0.558
0.55
0.542
0.533
0.525
0.517
0.508
0.5
0.518
0.536
0.554
0.571
0.589
0.607
0.625
0.643
0.661
0.679
0.696
0.714
0.732
0.75
0.768
0.786
0.804
0.821
0.839
0.857
0.875
0.893
0.911
0.929
0.946
0.964
0.982
1.0
0.996
0.992
0.987
0.983
0.979
0.975
0.971
0.966
0.962
0.958
0.954
0.95
0.945
0.941
0.937
0.933
0.929
0.925
0.92
0.916
0.912
0.908
0.904
0.899
0.895
0.891
0.887
0.883
0.878
0.874
0.87
0.866
0.862
0.857
0.853
0.849
0.845
0.841
0.836
0.832
0.828
0.824
0.82
0.816
0.811
0.807
0.803
0.799
0.795
0.79
0.786
0.782
0.778
0.772
0.767
0.761
0.756
0.75
0.744
0.739
0.733
0.728
0.722
0.717
0.711
0.706
0.7
0.694
0.689
0.683
0.678
0.672
0.667
0.661
0.656
0.65
0.644
0.639
0.633
0.628
0.622
0.617
0.611
0.606
0.6
0.595
0.591
0.586
0.582
0.577
0.573
0.568
0.564
0.559
0.555
0.55
0.545
0.541
0.536
0.532
0.527
0.523
0.518
0.514
0.509
0.505
0.5
0.5
0.5
0.5
0.5
0.5
0.5
0.5
0.5
0.5
0.5
0.5
0.5
0.496
0.493
0.489
0.486
0.482
0.478
0.475
0.471
0.467
0.464
0.46
0.457
0.453
0.449
0.446
0.442
0.438
0.435
0.431
0.428
0.424
0.42
0.417
0.413
0.409
0.406
0.402
0.399
0.395
0.391
0.388
0.384
0.38
0.377
0.373
0.37
0.366
0.362
0.359
0.355
0.351
0.348
0.344
0.341
0.337
0.333
0.346
0.359
0.372
0.385
0.397
0.41
0.423
0.436
0.449
0.462
0.474
0.487
0.5
0.503
0.506
0.508
0.511
0.514
0.517
0.519
0.522
0.525
0.528
0.531
0.533
0.536
0.539
0.542
0.544
0.547
0.55
0.553
0.556
0.558
0.561
0.564
0.567
0.569
0.572
0.575
0.578
0.581
0.583
0.586
0.589
0.592
0.594
0.597
0.6
0.603
0.606
0.608
0.611
0.614
0.617
0.619
0.622
0.625
0.628
0.631
0.633
0.636
0.639
0.642
0.644
0.647
0.65
0.653
0.656
0.658
0.661
0.664
0.667
0.722
0.778
0.833
0.889
0.944
1.0
0.667
0.333
0.333
0.333
0.333
0.333
0.333
0.333
0.333
0.333
0.333
0.333
0.333
0.333
0.333
0.333
0.333
0.333
0.333
0.333
0.333
0.333
0.333
0.333
0.333
0.333
0.333
0.333
0.333
0.333
0.333
0.333
0.333
0.333
0.333
0.333
0.333
0.333
0.333
0.333
0.333
0.333
0.333
0.333
0.333
0.333
0.333
0.333
0.333
0.333
0.333
0.333
0.333
0.333
0.333
0.333
0.333
0.333
0.333
0.333
0.333
0.333
0.333
0.333
0.333
0.333
0.333
0.333
0.333
0.333
0.333
0.333
0.333
0.333
0.333
0.333
0.333
0.333
0.333
0.333
0.333
0.333
0.333
0.333
0.333
0.333
0.333
0.333
0.333
0.333
0.333
0.333
0.333
0.333
0.333
0.333
0.333
0.333
0.333
0.333
0.333
0.333
0.333
0.333
0.333
0.333
0.333
0.333
0.333
0.333
0.333
0.333
0.333
0.333
0.333
0.333
0.333
0.333
0.333
0.333
0.333
0.333
0.333
0.333
0.333
0.333
0.333
0.333
0.333
0.333
0.333
0.333
0.333
0.333
0.333
0.333
0.333
0.333
0.333
0.333
0.333
0.333
0.333
0.333
0.333
0.333
0.333
0.333
0.333
0.333
0.311
0.289
0.267
0.245
0.223
0.201
0.179
0.157
0.135
0.113
0.091
0.096
0.101
0.106
0.111
0.116
0.121
0.126
0.131
0.136
0.141
0.146
0.151
0.156
0.161
0.166
0.171
0.176
0.181
0.186
0.191
0.196
0.201
0.206
0.211
0.216
0.221
0.226
0.231
0.236
0.241
0.246
0.251
0.256
0.261
0.266
0.271
0.275
0.28
0.285
0.29
0.295
0.3
0.305
0.31
0.315
0.32
0.325
0.33
0.335
0.34
0.345
0.35
0.355
0.36
0.365
0.37
0.375
0.38
0.385
0.39
0.395
0.4
0.405
0.41
0.415
0.42
0.425
0.43
0.435
0.44
0.445
0.45
0.455
0.46
0.465
0.47
0.475
0.48
0.485
0.49
0.495
0.5
0.495
0.49
0.484
0.479
0.474
0.469
0.464
0.458
0.453
0.448
0.443
0.438
0.432
0.427
0.422
0.417
0.411
0.406
0.401
0.396
0.391
0.385
0.38
0.375
0.37
0.365
0.359
0.354
0.349
0.344
0.339
0.333
0.337
0.341
0.345
0.349
0.353
0.356
0.36
0.364
0.368
0.372
0.376
0.379
0.383
0.387
0.391
0.395
0.399
0.402
0.406
0.41
0.414
0.418
0.422
0.425
0.429
0.433
0.437
0.441
0.445
0.449
0.452
0.456
0.46
0.464
0.468
0.472
0.475
0.479
0.483
0.487
0.491
0.495
0.498
0.502
0.506
0.51
0.514
0.518
0.522
0.525
0.529
0.533
0.537
0.541
0.545
0.548
0.552
0.556
0.56
0.564
0.568
0.571
0.572
0.572
0.572
0.573
0.573
0.573
0.573
0.574
0.574
0.574
0.574
0.575
0.575
0.575
0.576
0.576
0.576
0.576
0.577
0.577
0.577
0.578
0.578
0.578
0.578
0.579
0.579
0.579
0.579
0.58
0.58
0.58
0.581
0.581
0.581
0.581
0.582
0.582
0.582
0.583
0.583
0.583
0.583
0.584
0.584
0.584
0.584
0.585
0.585
0.585
0.586
0.586
0.586
0.586
0.587
0.587
0.587
0.588
0.588
0.588
0.588
0.589
0.589
0.589
0.589
0.59
0.59
0.59
0.591
0.591
0.591
0.591
0.592
0.592
0.592
0.593
0.593
0.593
0.593
0.594
0.594
0.594
0.594
0.595
0.595
0.595
0.596
0.596
0.596
0.596
0.597
0.597
0.597
0.598
0.598
0.598
0.598
0.599
0.599
0.599
0.599
0.6
0.6
0.65
0.7
0.75
0.8
0.85
0.9
0.843
0.786
0.729
0.671
0.614
0.557
0.5
0.497
0.494
0.492
0.489
0.486
0.483
0.48
0.477
0.475
0.472
0.469
0.466
0.463
0.46
0.458
0.455
0.452
0.449
0.446
0.443
0.441
0.438
0.435
0.432
0.429
0.426
0.424
0.421
0.418
0.415
0.412
0.409
0.407
0.404
0.401
0.398
0.395
0.392
0.39
0.387
0.384
0.381
0.378
0.375
0.373
0.37
0.367
0.364
0.361
0.358
0.356
0.353
0.35
0.347
0.344
0.342
0.339
0.336
0.333
0.33
0.327
0.325
0.322
0.319
0.316
0.313
0.31
0.308
0.305
0.302
0.299
0.296
0.293
0.291
0.288
0.285
0.282
0.279
0.276
0.274
0.271
0.268
0.265
0.262
0.259
0.257
0.254
0.251
0.248
0.245
0.242
0.24
0.237
0.234
0.231
0.228
0.225
0.223
0.22
0.217
0.214
0.211
0.208
0.206
0.203
0.2
0.202
0.205
0.207
0.21
0.212
0.215
0.217
0.22
0.222
0.225
0.227
0.23
0.232
0.235
0.237
0.24
0.242
0.245
0.247
0.25
0.252
0.255
0.257
0.26
0.262
0.264
0.267
0.269
0.272
0.274
0.277
0.279
0.282
0.284
0.287
0.289
0.292
0.294
0.297
0.299
0.302
0.304
0.307
0.309
0.312
0.314
0.317
0.319
0.321
0.324
0.326
0.329
0.331
0.334
0.336
0.339
0.341
0.344
0.346
0.349
0.351
0.354
0.356
0.359
0.361
0.364
0.366
0.369
0.371
0.374
0.376
0.379
0.381
0.383
0.386
0.388
0.391
0.393
0.396
0.398
0.401
0.403
0.406
0.408
0.411
0.413
0.416
0.418
0.421
0.423
0.426
0.428
0.431
0.433
0.436
0.438
0.44
0.443
0.445
0.448
0.45
0.453
0.455
0.458
0.46
0.463
0.465
0.468
0.47
0.473
0.475
0.478
0.48
0.483
0.485
0.488
0.49
0.493
0.495
0.498
0.5
0.507
0.515
0.522
0.53
0.537
0.545
0.552
0.56
0.567
0.575
0.582
0.59
0.597
0.604
0.612
0.619
0.627
0.634
0.642
0.649
0.657
0.664
0.672
0.679
0.687
0.694
0.701
0.709
0.716
0.724
0.731
0.739
0.746
0.754
0.761
0.769
0.776
0.784
0.791
0.799
0.806
0.813
0.821
0.828
0.836
0.843
0.851
0.858
0.866
0.873
0.881
0.888
0.896
0.903
0.91
0.918
0.925
0.933
0.94
0.948
0.955
0.963
0.97
0.978
0.985
0.993
1.0
1.0
1.0
1.0
1.0
1.0
1.0
1.0
1.0
1.0
1.0
1.0
1.0
1.0
1.0
1.0
1.0
1.0
1.0
1.0
1.0
1.0
1.0
1.0
1.0
1.0
1.0
1.0
1.0
1.0
1.0
0.857
0.714
0.571
0.429
0.286
0.284
0.283
0.282
0.281
0.279
0.278
0.277
0.276
0.274
0.273
0.272
0.271
0.269
0.268
0.267
0.265
0.264
0.263
0.262
0.26
0.259
0.258
0.257
0.255
0.254
0.253
0.252
0.25
0.249
0.248
0.246
0.245
0.244
0.243
0.241
0.24
0.239
0.238
0.236
0.235
0.234
0.233
0.231
0.23
0.229
0.228
0.226
0.225
0.224
0.222
0.221
0.22
0.219
0.217
0.216
0.215
0.214
0.212
0.211
0.21
0.209
0.207
0.206
0.205
0.203
0.202
0.201
0.2
0.198
0.197
0.196
0.195
0.193
0.192
0.191
0.19
0.188
0.187
0.186
0.184
0.183
0.182
0.181
0.179
0.178
0.177
0.176
0.174
0.173
0.172
0.171
0.169
0.168
0.167
0.165
0.164
0.163
0.162
0.16
0.159
0.158
0.157
0.155
0.154
0.153
0.152
0.15
0.149
0.148
0.147
0.145
0.144
0.143
0.141
0.14
0.139
0.138
0.136
0.135
0.134
0.133
0.131
0.13
0.129
0.128
0.126
0.125
0.158
0.191
0.224
0.257
0.289
0.322
0.355
0.388
0.421
0.454
0.487
0.52
0.553
0.586
0.618
0.651
0.684
0.717
0.75
0.745
0.741
0.736
0.731
0.726
0.722
0.717
0.712
0.708
0.703
0.698
0.693
0.689
0.684
0.679
0.675
0.67
0.665
0.66
0.656
0.651
0.646
0.642
0.637
0.632
0.627
0.623
0.618
0.613
0.608
0.604
0.599
0.594
0.59
0.585
0.58
0.575
0.571
0.566
0.561
0.557
0.552
0.547
0.542
0.538
0.533
0.528
0.524
0.519
0.514
0.509
0.505
0.5
0.496
0.492
0.488
0.484
0.48
0.476
0.472
0.468
0.464
0.46
0.456
0.452
0.448
0.444
0.44
0.437
0.433
0.429
0.425
0.421
0.417
0.413
0.409
0.405
0.401
0.397
0.393
0.389
0.385
0.381
0.377
0.373
0.369
0.365
0.361
0.357
0.353
0.349
0.345
0.341
0.337
0.333
0.329
0.325
0.321
0.317
0.313
0.31
0.306
0.302
0.298
0.294
0.29
0.286
0.282
0.278
0.274
0.27
0.266
0.262
0.258
0.254
0.25
0.252
0.254
0.255
0.257
0.259
0.261
0.263
0.264
0.266
0.268
0.27
0.272
0.274
0.275
0.277
0.279
0.281
0.283
0.284
0.286
0.288
0.29
0.292
0.293
0.295
0.297
0.299
0.301
0.303
0.304
0.306
0.308
0.31
0.312
0.313
0.315
0.317
0.319
0.321
0.322
0.324
0.326
0.328
0.33
0.332
0.333
0.335
0.337
0.339
0.341
0.342
0.344
0.346
0.348
0.35
0.351
0.353
0.355
0.357
0.359
0.361
0.362
0.364
0.366
0.368
0.37
0.371
0.373
0.375
0.377
0.379
0.38
0.382
0.384
0.386
0.388
0.389
0.391
0.393
0.395
0.397
0.399
0.4
0.402
0.404
0.406
0.408
0.409
0.411
0.413
0.415
0.417
0.418
0.42
0.422
0.424
0.426
0.428
0.429
0.431
0.433
0.435
0.437
0.438
0.44
0.442
0.444
0.446
0.447
0.449
0.451
0.453
0.455
0.457
0.458
0.46
0.462
0.464
0.466
0.467
0.469
0.471
0.473
0.475
0.476
0.478
0.48
0.482
0.484
0.486
0.487
0.489
0.491
0.493
0.495
0.496
0.498
0.5
0.477
0.454
0.431
0.408
0.385
0.362
0.338
0.315
0.292
0.269
0.246
0.223
0.2
0.206
0.213
0.219
0.225
0.232
0.238
0.244
0.25
0.257
0.263
0.269
0.276
0.282
0.288
0.295
0.301
0.307
0.314
0.32
0.326
0.332
0.339
0.345
0.351
0.358
0.364
0.37
0.377
0.383
0.389
0.395
0.402
0.408
0.414
0.421
0.427
0.433
0.44
0.446
0.452
0.459
0.465
0.471
0.477
0.484
0.49
0.496
0.503
0.509
0.515
0.522
0.528
0.534
0.541
0.547
0.553
0.559
0.566
0.572
0.578
0.585
0.591
0.597
0.604
0.61
0.616
0.623
0.629
0.635
0.641
0.648
0.654
0.66
0.667
0.651
0.635
0.619
0.603
0.587
0.571
0.556
0.54
0.524
0.508
0.492
0.476
0.46
0.444
0.429
0.413
0.397
0.381
0.365
0.349
0.333
0.332
0.332
0.331
0.33
0.329
0.328
0.327
0.326
0.325
0.325
0.324
0.323
0.322
0.321
0.32
0.319
0.318
0.318
0.317
0.316
0.315
0.314
0.313
0.312
0.311
0.311
0.31
0.309
0.308
0.307
0.306
0.305
0.304
0.304
0.303
0.302
0.301
0.3
0.299
0.298
0.297
0.296
0.296
0.295
0.294
0.293
0.292
0.291
0.29
0.289
0.289
0.288
0.287
0.286
0.285
0.284
0.283
0.282
0.282
0.281
0.28
0.279
0.278
0.277
0.276
0.275
0.275
0.274
0.273
0.272
0.271
0.27
0.269
0.268
0.268
0.267
0.266
0.265
0.264
0.263
0.262
0.261
0.261
0.26
0.259
0.258
0.257
0.256
0.255
0.254
0.254
0.253
0.252
0.251
0.25
0.254
0.258
0.262
0.266
0.27
0.274
0.278
0.282
0.286
0.29
0.294
0.298
0.302
0.306
0.31
0.313
0.317
0.321
0.325
0.329
0.333
0.332
0.331
0.329
0.328
0.326
0.325
0.324
0.322
0.321
0.319
0.318
0.317
0.315
0.314
0.312
0.311
0.31
0.308
0.307
0.306
0.304
0.303
0.301
0.3
0.3
0.3
0.301
0.301
0.301
0.301
0.302
0.302
0.302
0.302
0.303
0.303
0.303
0.303
0.303
0.304
0.304
0.304
0.304
0.305
0.305
0.305
0.305
0.306
0.306
0.306
0.306
0.307
0.307
0.307
0.307
0.307
0.308
0.308
0.308
0.308
0.309
0.309
0.309
0.309
0.31
0.31
0.31
0.31
0.31
0.311
0.311
0.311
0.311
0.312
0.312
0.312
0.312
0.313
0.313
0.313
0.313
0.314
0.314
0.314
0.314
0.314
0.315
0.315
0.315
0.315
0.316
0.316
0.316
0.316
0.317
0.317
0.317
0.317
0.317
0.318
0.318
0.318
0.318
0.319
0.319
0.319
0.319
0.32
0.32
0.32
0.32
0.321
0.321
0.321
0.321
0.321
0.322
0.322
0.322
0.322
0.323
0.323
0.323
0.323
0.324
0.324
0.324
0.324
0.324
0.325
0.325
0.325
0.325
0.326
0.326
0.326
0.326
0.327
0.327
0.327
0.327
0.328
0.328
0.328
0.328
0.328
0.329
0.329
0.329
0.329
0.33
0.33
0.33
0.33
0.331
0.331
0.331
0.331
0.331
0.332
0.332
0.332
0.332
0.333
0.333
0.333
0.333
0.336
0.338
0.341
0.343
0.346
0.348
0.351
0.353
0.356
0.358
0.361
0.363
0.366
0.368
0.371
0.373
0.376
0.378
0.381
0.383
0.386
0.388
0.391
0.393
0.396
0.398
0.401
0.403
0.406
0.408
0.411
0.413
0.416
0.418
0.421
0.423
0.426
0.428
0.431
0.433
0.436
0.438
0.44
0.443
0.445
0.448
0.45
0.453
0.455
0.458
0.46
0.463
0.465
0.468
0.47
0.473
0.475
0.478
0.48
0.483
0.485
0.488
0.49
0.493
0.495
0.498
0.5
0.503
0.505
0.508
0.51
0.513
0.515
0.518
0.52
0.523
0.525
0.528
0.53
0.533
0.535
0.538
0.54
0.543
0.545
0.548
0.55
0.553
0.555
0.558
0.56
0.563
0.565
0.568
0.57
0.573
0.575
0.578
0.58
0.583
0.585
0.588
0.59
0.593
0.595
0.598
0.6
0.554
0.509
0.463
0.417
0.371
0.326
0.28
0.234
0.189
0.143
0.154
0.165
0.175
0.186
0.197
0.208
0.219
0.23
0.24
0.251
0.262
0.273
0.284
0.295
0.305
0.316
0.327
0.338
0.349
0.36
0.371
0.381
0.392
0.403
0.414
0.425
0.436
0.446
0.457
0.468
0.479
0.49
0.501
0.511
0.522
0.533
0.544
0.555
0.566
0.577
0.587
0.598
0.609
0.62
0.631
0.642
0.652
0.663
0.674
0.685
0.696
0.707
0.717
0.728
0.739
0.75
0.748
0.746
0.744
0.742
0.741
0.739
0.737
0.735
0.733
0.731
0.729
0.728
0.726
0.724
0.722
0.72
0.718
0.716
0.714
0.712
0.711
0.709
0.707
0.705
0.703
0.701
0.699
0.698
0.696
0.694
0.692
0.69
0.688
0.686
0.684
0.682
0.681
0.679
0.677
0.675
0.673
0.671
0.669
0.668
0.666
0.664
0.662
0.66
0.658
0.656
0.654
0.652
0.651
0.649
0.647
0.645
0.643
0.641
0.639
0.638
0.636
0.634
0.632
0.63
0.628
0.626
0.624
0.622
0.621
0.619
0.617
0.615
0.613
0.611
0.609
0.607
0.606
0.604
0.602
0.6
0.64
0.68
0.72
0.76
0.8
0.798
0.796
0.794
0.791
0.789
0.787
0.785
0.783
0.781
0.779
0.777
0.774
0.772
0.77
0.768
0.766
0.764
0.762
0.759
0.757
0.755
0.753
0.751
0.749
0.747
0.745
0.742
0.74
0.738
0.736
0.734
0.732
0.73
0.727
0.725
0.723
0.721
0.719
0.717
0.715
0.713
0.71
0.708
0.706
0.704
0.702
0.7
0.698
0.696
0.693
0.691
0.689
0.687
0.685
0.683
0.681
0.678
0.676
0.674
0.672
0.67
0.668
0.666
0.664
0.661
0.659
0.657
0.655
0.653
0.651
0.649
0.646
0.644
0.642
0.64
0.638
0.636
0.634
0.632
0.629
0.627
0.625
0.623
0.621
0.619
0.617
0.614
0.612
0.61
0.608
0.606
0.604
0.602
0.6
0.597
0.595
0.593
0.591
0.589
0.587
0.585
0.582
0.58
0.578
0.576
0.574
0.572
0.57
0.568
0.565
0.563
0.561
0.559
0.557
0.555
0.553
0.551
0.548
0.546
0.544
0.542
0.54
0.538
0.536
0.533
0.531
0.529
0.527
0.525
0.523
0.521
0.519
0.516
0.514
0.512
0.51
0.508
0.506
0.504
0.501
0.499
0.497
0.495
0.493
0.491
0.489
0.487
0.484
0.482
0.48
0.478
0.476
0.474
0.472
0.469
0.467
0.465
0.463
0.461
0.459
0.457
0.455
0.453
0.452
0.45
0.449
0.448
0.446
0.445
0.444
0.442
0.441
0.439
0.438
0.437
0.435
0.434
0.433
0.431
0.43
0.428
0.427
0.426
0.424
0.423
0.422
0.42
0.419
0.417
0.416
0.415
0.413
0.412
0.411
0.409
0.408
0.406
0.405
0.404
0.402
0.401
0.4
0.398
0.397
0.396
0.394
0.393
0.391
0.39
0.389
0.387
0.386
0.385
0.383
0.382
0.38
0.379
0.378
0.376
0.375
0.374
0.372
0.371
0.369
0.368
0.367
0.365
0.364
0.363
0.361
0.36
0.358
0.357
0.356
0.354
0.353
0.352
0.35
0.349
0.347
0.346
0.345
0.343
0.342
0.341
0.339
0.338
0.336
0.335
0.334
0.332
0.331
0.33
0.328
0.327
0.326
0.324
0.323
0.321
0.32
0.319
0.317
0.316
0.315
0.313
0.312
0.31
0.309
0.308
0.306
0.305
0.304
0.302
0.301
0.299
0.298
0.297
0.295
0.294
0.293
0.291
0.29
0.288
0.287
0.286
0.284
0.283
0.282
0.28
0.279
0.277
0.276
0.275
0.273
0.272
0.271
0.269
0.268
0.266
0.265
0.264
0.262
0.261
0.26
0.258
0.257
0.255
0.254
0.253
0.251
0.25
0.297
0.344
0.391
0.438
0.484
0.531
0.578
0.625
0.656
0.688
0.719
0.75
0.781
0.812
0.844
0.875
0.906
0.938
0.969
1.0
0.944
0.889
0.833
0.778
0.722
0.667
0.667
0.667
0.667
0.667
0.667
0.667
0.667
0.667
0.667
0.667
0.667
0.667
0.667
0.667
0.667
0.667
0.667
0.667
0.667
0.667
0.667
0.667
0.667
0.667
0.667
0.667
0.667
0.667
0.722
0.778
0.833
0.889
0.944
1.0
0.989
0.977
0.966
0.954
0.943
0.931
0.92
0.908
0.897
0.885
0.874
0.862
0.851
0.839
0.828
0.816
0.805
0.793
0.782
0.77
0.759
0.747
0.736
0.724
0.713
0.701
0.69
0.678
0.667
0.655
0.644
0.632
0.621
0.609
0.598
0.586
0.575
0.563
0.552
0.54
0.529
0.517
0.506
0.494
0.483
0.471
0.46
0.448
0.437
0.425
0.414
0.402
0.391
0.379
0.368
0.356
0.345
0.333
0.333
0.333
0.333
0.333
0.333
0.333
0.333
0.333
0.333
0.333
0.333
0.333
0.333
0.333
0.333
0.333
0.333
0.333
0.333
0.333
0.333
0.333
0.333
0.333
0.333
0.333
0.333
0.333
0.333
0.333
0.333
0.333
0.333
0.333
0.333
0.333
0.333
0.333
0.333
0.333
0.333
0.333
0.333
0.333
0.333
0.333
0.333
0.333
0.333
0.333
0.333
0.333
0.333
0.333
0.333
0.333
0.333
0.333
0.333
0.333
0.333
0.333
0.333
0.333
0.333
0.333
0.333
0.333
0.333
0.333
0.333
0.333
0.333
0.333
0.333
0.333
0.333
0.333
0.333
0.333
0.333
0.333
0.333
0.333
0.333
0.333
0.333
0.333
0.333
0.333
0.333
0.333
0.333
0.333
0.333
0.333
0.333
0.333
0.333
0.333
0.333
0.333
0.333
0.333
0.333
0.333
0.333
0.333
0.333
0.333
0.333
0.333
0.333
0.333
0.333
0.333
0.333
0.333
0.333
0.333
0.333
0.333
0.333
0.333
0.333
0.333
0.333
0.333
0.333
0.333
0.333
0.333
0.333
0.333
0.333
0.333
0.333
0.333
0.333
0.333
0.333
0.333
0.333
0.333
0.333
0.333
0.333
0.333
0.333
0.333
0.333
0.333
0.333
0.333
0.333
0.333
0.333
0.333
0.333
0.333
0.333
0.333
0.333
0.333
0.333
0.333
0.333
0.333
0.333
0.333
0.333
0.333
0.333
0.333
0.333
0.333
0.333
0.333
0.333
0.333
0.333
0.333
0.333
0.333
0.333
0.333
0.333
0.333
0.333
0.333
0.333
0.333
0.333
0.333
0.333
0.333
0.333
0.333
0.333
0.333
0.333
0.333
0.333
0.333
0.333
0.333
0.333
0.333
0.333
0.333
0.333
0.333
0.333
0.333
0.333
0.333
0.333
0.333
0.333
0.333
0.333
0.333
0.333
0.333
0.333
0.333
0.333
0.333
0.333
0.333
0.333
0.333
0.333
0.333
0.333
0.333
0.333
0.333
0.333
0.333
0.333
0.333
0.333
0.333
0.333
0.333
0.333
0.335
0.338
0.34
0.342
0.344
0.346
0.348
0.35
0.352
0.354
0.356
0.358
0.361
0.363
0.365
0.367
0.369
0.371
0.373
0.375
0.377
0.379
0.382
0.384
0.386
0.388
0.39
0.392
0.394
0.396
0.398
0.4
0.403
0.405
0.407
0.409
0.411
0.413
0.415
0.417
0.419
0.421
0.423
0.426
0.428
0.43
0.432
0.434
0.436
0.438
0.44
0.442
0.444
0.447
0.449
0.451
0.453
0.455
0.457
0.459
0.461
0.463
0.465
0.468
0.47
0.472
0.474
0.476
0.478
0.48
0.482
0.484
0.486
0.488
0.491
0.493
0.495
0.497
0.499
0.501
0.503
0.505
0.507
0.509
0.512
0.514
0.516
0.518
0.52
0.522
0.524
0.526
0.528
0.53
0.532
0.535
0.537
0.539
0.541
0.543
0.545
0.547
0.549
0.551
0.553
0.556
0.558
0.56
0.562
0.564
0.566
0.568
0.57
0.572
0.574
0.577
0.579
0.581
0.583
0.585
0.587
0.589
0.591
0.593
0.595
0.597
0.6
0.602
0.604
0.606
0.608
0.61
0.612
0.614
0.616
0.618
0.621
0.623
0.625
0.627
0.629
0.631
0.633
0.635
0.637
0.639
0.642
0.644
0.646
0.648
0.65
0.652
0.654
0.656
0.658
0.66
0.662
0.665
0.667
0.662
0.657
0.652
0.648
0.643
0.638
0.633
0.628
0.624
0.619
0.614
0.609
0.605
0.6
0.595
0.59
0.585
0.581
0.576
0.571
0.566
0.561
0.557
0.552
0.547
0.542
0.538
0.533
0.528
0.523
0.518
0.514
0.509
0.504
0.499
0.495
0.49
0.485
0.48
0.475
0.471
0.466
0.461
0.456
0.452
0.447
0.442
0.437
0.432
0.428
0.423
0.418
0.413
0.408
0.404
0.399
0.394
0.389
0.385
0.38
0.375
0.374
0.373
0.372
0.371
0.37
0.369
0.368
0.367
0.366
0.366
0.365
0.364
0.363
0.362
0.361
0.36
0.359
0.358
0.357
0.356
0.355
0.354
0.353
0.352
0.351
0.35
0.349
0.348
0.348
0.347
0.346
0.345
0.344
0.343
0.342
0.341
0.34
0.339
0.338
0.337
0.336
0.335
0.334
0.333
0.333
0.332
0.331
0.331
0.33
0.329
0.329
0.328
0.327
0.327
0.326
0.325
0.325
0.324
0.323
0.323
0.322
0.321
0.321
0.32
0.32
0.319
0.318
0.318
0.317
0.316
0.316
0.315
0.314
0.314
0.313
0.312
0.312
0.311
0.31
0.31
0.309
0.308
0.308
0.307
0.306
0.306
0.305
0.304
0.304
0.303
0.302
0.302
0.301
0.3
0.3
0.299
0.298
0.298
0.297
0.297
0.296
0.295
0.295
0.294
0.293
0.293
0.292
0.291
0.291
0.29
0.289
0.289
0.288
0.287
0.287
0.286
0.285
0.285
0.284
0.283
0.283
0.282
0.281
0.281
0.28
0.279
0.279
0.278
0.277
0.277
0.276
0.275
0.275
0.274
0.274
0.273
0.272
0.272
0.271
0.27
0.27
0.269
0.268
0.268
0.267
0.266
0.266
0.265
0.264
0.264
0.263
0.262
0.262
0.261
0.26
0.26
0.259
0.258
0.258
0.257
0.256
0.256
0.255
0.254
0.254
0.253
0.252
0.252
0.251
0.25
0.25
0.249
0.249
0.248
0.247
0.247
0.246
0.245
0.245
0.244
0.243
0.243
0.242
0.241
0.241
0.24
0.239
0.239
0.238
0.237
0.237
0.236
0.235
0.235
0.234
0.233
0.233
0.232
0.231
0.231
0.23
0.229
0.229
0.228
0.227
0.227
0.226
0.226
0.225
0.224
0.224
0.223
0.222
0.239
0.256
0.274
0.291
0.308
0.325
0.342
0.359
0.376
0.393
0.41
0.427
0.444
0.5
0.556
0.611
0.667
0.722
0.778
0.833
0.889
0.883
0.877
0.871
0.866
0.86
0.854
0.848
0.842
0.837
0.831
0.825
0.819
0.813
0.808
0.802
0.796
0.79
0.784
0.779
0.773
0.767
0.761
0.755
0.75
0.744
0.738
0.732
0.726
0.721
0.715
0.709
0.703
0.697
0.692
0.686
0.68
0.674
0.668
0.663
0.657
0.651
0.645
0.639
0.634
0.628
0.622
0.616
0.611
0.605
0.599
0.593
0.587
0.582
0.576
0.57
0.564
0.558
0.553
0.547
0.541
0.535
0.529
0.524
0.518
0.512
0.506
0.5
0.495
0.489
0.483
0.477
0.471
0.466
0.46
0.454
0.448
0.442
0.437
0.431
0.425
0.419
0.413
0.408
0.402
0.396
0.39
0.384
0.379
0.373
0.367
0.361
0.355
0.35
0.344
0.338
0.332
0.326
0.321
0.315
0.309
0.303
0.297
0.292
0.286
0.297
0.308
0.32
0.331
0.342
0.354
0.365
0.376
0.388
0.399
0.41
0.422
0.433
0.444
0.456
0.467
0.478
0.49
0.501
0.512
0.524
0.535
0.546
0.558
0.569
0.58
0.592
0.603
0.615
0.626
0.637
0.649
0.66
0.671
0.683
0.694
0.705
0.717
0.728
0.739
0.751
0.762
0.773
0.785
0.796
0.807
0.819
0.83
0.841
0.853
0.864
0.875
0.887
0.898
0.909
0.921
0.932
0.943
0.955
0.966
0.977
0.989
1.0
0.993
0.985
0.978
0.97
0.963
0.956
0.948
0.941
0.933
0.926
0.919
0.911
0.904
0.896
0.889
0.881
0.874
0.867
0.859
0.852
0.844
0.837
0.83
0.822
0.815
0.807
0.8
0.793
0.785
0.778
0.77
0.763
0.756
0.748
0.741
0.733
0.726
0.719
0.711
0.704
0.696
0.689
0.681
0.674
0.667
0.659
0.652
0.644
0.637
0.63
0.622
0.615
0.607
0.6
0.593
0.585
0.578
0.57
0.563
0.556
0.558
0.561
0.564
0.567
0.57
0.573
0.575
0.578
0.581
0.584
0.587
0.59
0.593
0.595
0.598
0.601
0.604
0.607
0.61
0.613
0.615
0.618
0.621
0.624
0.627
0.63
0.632
0.635
0.638
0.641
0.644
0.647
0.65
0.652
0.655
0.658
0.661
0.664
0.667
0.659
0.652
0.644
0.637
0.629
0.622
0.615
0.607
0.6
0.592
0.585
0.577
0.57
0.562
0.555
0.548
0.54
0.533
0.525
0.518
0.51
0.503
0.496
0.488
0.481
0.473
0.466
0.458
0.451
0.443
0.436
0.429
0.451
0.473
0.495
0.516
0.538
0.56
0.582
0.604
0.626
0.648
0.67
0.692
0.714
0.736
0.758
0.78
0.802
0.824
0.846
0.868
0.89
0.912
0.934
0.956
0.978
1.0
0.987
0.973
0.96
0.946
0.933
0.92
0.906
0.893
0.879
0.866
0.853
0.839
0.826
0.812
0.799
0.786
0.772
0.759
0.746
0.732
0.719
0.705
0.692
0.679
0.665
0.652
0.638
0.625
0.624
0.623
0.622
0.622
0.621
0.62
0.619
0.618
0.617
0.617
0.616
0.615
0.614
0.613
0.612
0.612
0.611
0.61
0.609
0.608
0.607
0.607
0.606
0.605
0.604
0.603
0.602
0.602
0.601
0.6
0.597
0.594
0.591
0.588
0.585
0.582
0.579
0.576
0.574
0.571
0.568
0.565
0.562
0.559
0.556
0.553
0.55
0.547
0.544
0.541
0.538
0.535
0.532
0.529
0.526
0.524
0.521
0.518
0.515
0.512
0.509
0.506
0.503
0.5
0.497
0.494
0.491
0.488
0.485
0.482
0.479
0.476
0.474
0.471
0.468
0.465
0.462
0.459
0.456
0.453
0.45
0.447
0.444
0.441
0.438
0.435
0.432
0.429
0.426
0.424
0.421
0.418
0.415
0.412
0.409
0.406
0.403
0.4
0.397
0.394
0.391
0.388
0.385
0.382
0.379
0.376
0.374
0.371
0.368
0.365
0.362
0.359
0.356
0.353
0.35
0.347
0.344
0.341
0.338
0.335
0.332
0.329
0.326
0.324
0.321
0.318
0.315
0.312
0.309
0.306
0.303
0.3
0.297
0.294
0.291
0.288
0.285
0.282
0.279
0.276
0.274
0.271
0.268
0.265
0.262
0.259
0.256
0.253
0.25
0.256
0.261
0.267
0.272
0.278
0.283
0.289
0.294
0.3
0.306
0.311
0.317
0.322
0.328
0.333
0.339
0.344
0.35
0.356
0.361
0.367
0.372
0.378
0.383
0.389
0.394
0.4
0.395
0.39
0.386
0.381
0.376
0.371
0.367
0.362
0.357
0.352
0.348
0.343
0.338
0.333
0.333
0.333
0.333
0.333
0.333
0.333
0.333
0.333
0.333
0.333
0.333
0.333
0.333
0.333
0.333
0.333
0.333
0.333
0.333
0.333
0.333
0.333
0.333
0.333
0.333
0.333
0.333
0.333
0.333
0.333
0.333
0.333
0.333
0.333
0.333
0.333
0.333
0.333
0.333
0.333
0.333
0.333
0.333
0.333
0.333
0.333
0.333
0.333
0.333
0.333
0.333
0.333
0.333
0.333
0.333
0.333
0.333
0.333
0.333
0.333
0.333
0.333
0.333
0.333
0.333
0.333
0.333
0.333
0.333
0.333
0.333
0.333
0.333
