0.0
0.015
0.031
0.046
0.063
0.079
0.096
0.113
0.131
0.148
0.166
0.185
0.203
0.222
0.241
0.26
0.279
0.298
0.318
0.338
0.357
0.377
0.398
0.418
0.438
0.458
0.479
0.499
0.52
0.54
0.56
0.581
0.601
0.622
0.642
0.662
0.682
0.702
0.722
0.742
0.762
0.781
0.801
0.82
0.839
0.858
0.877
0.895
0.913
0.931
0.949
0.966
0.983
1.0
1.005
1.01
1.015
1.019
1.023
1.027
1.03
1.033
1.035
1.037
1.038
1.039
1.04
1.04
1.039
1.038
1.037
1.035
1.032
1.029
1.025
1.021
1.016
1.01
1.004
0.997
0.99
0.981
0.972
0.963
0.953
0.942
0.93
0.917
0.904
0.89
0.875
0.844
0.811
0.779
0.745
0.711
0.677
0.642
0.607
0.571
0.535
0.499
0.463
0.427
0.391
0.355
0.319
0.283
0.247
0.212
0.177
0.143
0.127
0.112
0.098
0.084
0.071
0.059
0.047
0.037
0.027
0.018
0.011
0.004
-0.002
-0.006
-0.009
-0.011
-0.011
-0.011
-0.008
-0.005
0.0
0.007
0.016
0.026
0.038
0.051
0.067
0.084
0.103
0.124
0.147
0.173
0.2
0.243
0.288
0.334
0.381
0.43
0.479
0.527
0.576
0.625
0.672
0.718
0.763
0.806
0.847
0.885
0.92
0.952
0.981
1.006
1.026
1.042
1.054
1.06
1.06
1.055
1.043
1.025
1.0
0.946
0.887
0.825
0.763
0.702
0.644
0.593
0.549
0.516
0.495
0.488
0.499
0.528
0.578
0.651
0.75
1.0
1.109
1.195
1.26
1.305
1.333
1.345
1.343
1.328
1.304
1.271
1.232
1.187
1.14
1.092
1.045
1.0
0.959
0.923
0.891
0.863
0.838
0.818
0.801
0.788
0.779
0.773
0.77
0.77
0.773
0.779
0.788
0.799
0.813
0.829
0.848
0.868
0.891
0.916
0.942
0.97
1.0
1.031
1.061
1.087
1.109
1.123
1.127
1.119
1.097
1.058
1.0
0.84
0.67
0.5
0.43
0.371
0.322
0.282
0.252
0.231
0.218
0.213
0.215
0.223
0.237
0.257
0.282
0.312
0.345
0.382
0.421
0.463
0.507
0.552
0.598
0.644
0.69
0.735
0.778
0.82
0.859
0.895
0.928
0.957
0.981
1.0
1.013
1.02
1.021
1.014
1.0
0.933
0.861
0.783
0.704
0.624
0.545
0.47
0.4
0.378
0.363
0.354
0.351
0.353
0.359
0.369
0.383
0.399
0.417
0.437
0.458
0.479
0.5
0.522
0.544
0.564
0.584
0.604
0.622
0.64
0.658
0.674
0.69
0.706
0.721
0.735
0.749
0.762
0.775
0.788
0.799
0.811
0.822
0.832
0.842
0.852
0.861
0.87
0.878
0.886
0.894
0.901
0.909
0.916
0.922
0.929
0.935
0.941
0.946
0.952
0.957
0.962
0.967
0.972
0.977
0.982
0.986
0.991
0.996
1.0
0.999
0.998
0.997
0.996
0.995
0.995
0.994
0.993
0.992
0.991
0.99
0.989
0.988
0.987
0.986
0.985
0.984
0.983
0.982
0.982
0.981
0.98
0.979
0.978
0.978
0.977
0.977
0.976
0.975
0.975
0.974
0.974
0.974
0.973
0.973
0.973
0.973
0.973
0.973
0.973
0.973
0.973
0.973
0.974
0.974
0.975
0.975
0.976
0.977
0.978
0.979
0.98
0.981
0.982
0.983
0.985
0.986
0.988
0.99
0.991
0.993
0.995
0.998
1.0
1.001
1.003
1.004
1.006
1.008
1.009
1.011
1.013
1.014
1.016
1.018
1.019
1.02
1.021
1.022
1.023
1.024
1.024
1.025
1.025
1.024
1.024
1.023
1.022
1.02
1.018
1.016
1.013
1.01
1.006
1.002
0.997
0.992
0.987
0.98
0.974
0.966
0.958
0.95
0.941
0.931
0.92
0.909
0.886
0.862
0.837
0.812
0.786
0.76
0.734
0.708
0.681
0.654
0.628
0.601
0.575
0.548
0.522
0.497
0.471
0.447
0.423
0.399
0.376
0.354
0.333
0.328
0.325
0.321
0.319
0.318
0.317
0.317
0.318
0.32
0.322
0.325
0.328
0.332
0.337
0.342
0.347
0.353
0.36
0.367
0.374
0.382
0.389
0.398
0.406
0.415
0.423
0.432
0.441
0.451
0.46
0.469
0.479
0.488
0.497
0.506
0.515
0.524
0.533
0.542
0.55
0.558
0.566
0.574
0.581
0.588
0.594
0.6
0.601
0.601
0.6
0.6
0.598
0.597
0.595
0.593
0.59
0.587
0.584
0.58
0.576
0.572
0.568
0.563
0.559
0.554
0.549
0.543
0.538
0.532
0.526
0.52
0.514
0.508
0.502
0.496
0.49
0.483
0.477
0.471
0.465
0.458
0.452
0.446
0.44
0.434
0.429
0.423
0.417
0.412
0.407
0.402
0.397
0.392
0.388
0.384
0.38
0.377
0.373
0.37
0.368
0.366
0.364
0.368
0.372
0.377
0.382
0.387
0.393
0.399
0.405
0.411
0.418
0.425
0.432
0.44
0.448
0.455
0.464
0.472
0.48
0.489
0.498
0.507
0.516
0.525
0.534
0.543
0.553
0.562
0.571
0.581
0.59
0.6
0.61
0.619
0.629
0.638
0.648
0.657
0.666
0.676
0.685
0.694
0.703
0.712
0.72
0.729
0.737
0.745
0.753
0.761
0.769
0.776
0.783
0.79
0.797
0.803
0.809
0.815
0.82
0.825
0.83
0.835
0.839
0.842
0.846
0.849
0.851
0.853
0.855
0.857
0.857
0.858
0.858
0.857
0.852
0.846
0.839
0.833
0.826
0.82
0.813
0.806
0.8
0.794
0.788
0.782
0.777
0.773
0.77
0.767
0.765
0.764
0.764
0.765
0.767
0.771
0.776
0.782
0.79
0.8
0.814
0.829
0.846
0.865
0.884
0.905
0.928
0.951
0.975
1.001
1.027
1.054
1.081
1.109
1.138
1.167
1.196
1.225
1.255
1.285
1.314
1.344
1.373
1.402
1.431
1.459
1.487
1.514
1.54
1.566
1.59
1.614
1.637
1.658
1.678
1.697
1.714
1.73
1.744
1.757
1.768
1.777
1.784
1.789
1.792
1.792
1.791
1.787
1.78
1.771
1.76
1.745
1.728
1.708
1.685
1.659
1.629
1.597
1.561
1.522
1.479
1.433
1.382
1.329
1.271
1.209
1.144
1.074
1.0
0.869
0.741
0.621
0.515
0.431
0.375
0.443
0.531
0.625
0.665
0.696
0.721
0.739
0.75
0.755
0.755
0.749
0.739
0.724
0.705
0.683
0.657
0.629
0.598
0.566
0.532
0.497
0.461
0.425
0.389
0.353
0.319
0.286
0.263
0.241
0.222
0.204
0.188
0.174
0.161
0.15
0.14
0.132
0.126
0.121
0.118
0.117
0.117
0.118
0.121
0.125
0.131
0.138
0.146
0.156
0.168
0.18
0.194
0.209
0.226
0.243
0.262
0.283
0.304
0.326
0.35
0.375
0.42
0.467
0.513
0.559
0.605
0.65
0.693
0.735
0.774
0.811
0.845
0.875
0.868
0.857
0.843
0.826
0.806
0.783
0.758
0.732
0.703
0.674
0.643
0.611
0.579
0.546
0.514
0.481
0.45
0.419
0.389
0.36
0.333
0.329
0.327
0.326
0.327
0.33
0.334
0.34
0.348
0.356
0.367
0.378
0.39
0.404
0.419
0.434
0.451
0.469
0.487
0.506
0.526
0.546
0.567
0.588
0.61
0.632
0.655
0.678
0.7
0.723
0.746
0.769
0.792
0.815
0.837
0.859
0.881
0.902
0.923
0.943
0.963
0.982
1.0
1.007
1.014
1.02
1.025
1.029
1.033
1.036
1.038
1.039
1.04
1.04
1.039
1.038
1.036
1.034
1.03
1.027
1.022
1.017
1.012
1.006
0.999
0.992
0.984
0.976
0.967
0.958
0.949
0.939
0.928
0.917
0.906
0.894
0.882
0.87
0.857
0.841
0.824
0.807
0.79
0.774
0.757
0.741
0.725
0.709
0.694
0.68
0.666
0.653
0.642
0.631
0.622
0.613
0.607
0.601
0.597
0.595
0.595
0.597
0.6
0.628
0.657
0.688
0.72
0.754
0.788
0.823
0.859
0.894
0.93
0.965
1.0
1.017
1.034
1.05
1.065
1.08
1.094
1.106
1.119
1.13
1.141
1.15
1.159
1.168
1.175
1.182
1.187
1.192
1.196
1.2
1.202
1.204
1.205
1.205
1.204
1.202
1.199
1.196
1.192
1.186
1.18
1.173
1.165
1.157
1.147
1.136
1.125
1.113
1.099
1.085
1.07
1.054
1.037
1.019
1.0
0.96
0.92
0.879
0.838
0.796
0.756
0.715
0.676
0.637
0.6
0.587
0.576
0.566
0.558
0.551
0.545
0.54
0.537
0.535
0.534
0.534
0.536
0.538
0.541
0.546
0.551
0.557
0.564
0.572
0.58
0.589
0.599
0.61
0.621
0.633
0.645
0.658
0.671
0.684
0.698
0.713
0.727
0.742
0.757
0.772
0.787
0.803
0.818
0.833
0.846
0.859
0.872
0.885
0.898
0.91
0.922
0.934
0.946
0.958
0.969
0.98
0.991
1.001
1.011
1.021
1.03
1.039
1.047
1.055
1.062
1.069
1.075
1.08
1.085
1.09
1.093
1.096
1.099
1.1
1.101
1.101
1.1
1.098
1.096
1.093
1.088
1.083
1.077
1.07
1.062
1.053
1.042
1.031
1.019
1.005
0.991
0.975
0.958
0.94
0.921
0.9
0.872
0.843
0.813
0.783
0.752
0.722
0.692
0.663
0.634
0.607
0.582
0.558
0.536
0.516
0.5
0.485
0.475
0.467
0.463
0.464
0.468
0.477
0.491
0.51
0.534
0.564
0.6
0.697
0.798
0.9
1.0
1.045
1.087
1.124
1.158
1.188
1.215
1.238
1.258
1.275
1.288
1.299
1.307
1.313
1.316
1.316
1.315
1.311
1.305
1.297
1.288
1.277
1.264
1.25
1.235
1.218
1.201
1.182
1.163
1.143
1.123
1.102
1.081
1.06
1.039
1.018
0.997
0.976
0.956
0.937
0.918
0.9
0.88
0.861
0.844
0.827
0.81
0.795
0.781
0.767
0.754
0.742
0.731
0.72
0.71
0.7
0.691
0.683
0.675
0.668
0.662
0.655
0.65
0.644
0.64
0.635
0.631
0.627
0.624
0.621
0.618
0.615
0.613
0.611
0.609
0.607
0.605
0.603
0.602
0.6
0.601
0.602
0.603
0.604
0.605
0.605
0.606
0.607
0.607
0.607
0.607
0.607
0.607
0.607
0.606
0.605
0.604
0.602
0.6
0.598
0.595
0.592
0.589
0.585
0.581
0.576
0.571
0.565
0.559
0.552
0.545
0.537
0.529
0.52
0.51
0.5
0.504
0.508
0.513
0.521
0.53
0.543
0.561
0.584
0.612
0.648
0.691
0.743
0.804
0.875
1.0
1.022
1.021
1.001
0.965
0.915
0.854
0.787
0.715
0.642
0.571
0.532
0.498
0.468
0.442
0.421
0.405
0.392
0.383
0.377
0.375
0.376
0.381
0.388
0.398
0.41
0.425
0.442
0.462
0.483
0.505
0.53
0.555
0.582
0.609
0.638
0.667
0.696
0.726
0.756
0.786
0.815
0.844
0.873
0.901
0.927
0.953
0.977
1.0
1.016
1.029
1.042
1.053
1.062
1.07
1.077
1.083
1.087
1.091
1.093
1.094
1.095
1.094
1.093
1.091
1.089
1.086
1.082
1.078
1.074
1.069
1.064
1.059
1.053
1.048
1.043
1.037
1.032
1.027
1.022
1.018
1.013
1.01
1.006
1.004
1.002
1.001
1.0
1.0
1.001
1.003
1.005
1.008
1.01
1.014
1.017
1.02
1.023
1.027
1.029
1.032
1.034
1.036
1.037
1.037
1.036
1.034
1.032
1.028
1.023
1.017
1.009
1.0
0.986
0.97
0.954
0.937
0.92
0.902
0.885
0.869
0.853
0.839
0.826
0.815
0.807
0.801
0.798
0.798
0.801
0.809
0.82
0.836
0.857
0.89
0.927
0.967
1.007
1.047
1.085
1.12
1.151
1.176
1.194
1.203
1.202
1.189
1.165
1.126
1.071
1.0
0.826
0.647
0.478
0.333
0.342
0.381
0.446
0.53
0.627
0.73
0.833
0.895
0.952
1.002
1.048
1.088
1.123
1.153
1.179
1.2
1.217
1.23
1.239
1.245
1.247
1.246
1.242
1.235
1.226
1.215
1.201
1.186
1.168
1.15
1.13
1.108
1.086
1.064
1.041
1.017
0.994
0.97
0.947
0.925
0.903
0.882
0.862
0.844
0.828
0.813
0.8
0.791
0.783
0.778
0.774
0.772
0.772
0.773
0.775
0.778
0.781
0.786
0.791
0.797
0.803
0.81
0.816
0.822
0.828
0.833
0.837
0.841
0.844
0.847
0.849
0.85
0.852
0.852
0.853
0.853
0.853
0.853
0.852
0.851
0.85
0.849
0.847
0.846
0.844
0.842
0.841
0.839
0.837
0.835
0.833
0.832
0.831
0.831
0.83
0.829
0.828
0.828
0.827
0.827
0.826
0.826
0.826
0.826
0.825
0.825
0.825
0.825
0.825
0.825
0.826
0.826
0.826
0.826
0.827
0.827
0.828
0.828
0.829
0.83
0.83
0.831
0.832
0.833
0.833
0.834
0.835
0.836
0.837
0.839
0.84
0.841
0.842
0.843
0.845
0.846
0.847
0.849
0.85
0.852
0.853
0.855
0.857
0.858
0.86
0.862
0.863
0.865
0.867
0.869
0.871
0.873
0.875
0.877
0.879
0.881
0.883
0.885
0.887
0.889
0.891
0.893
0.896
0.898
0.9
0.902
0.904
0.907
0.909
0.911
0.914
0.916
0.919
0.921
0.923
0.926
0.928
0.931
0.933
0.936
0.938
0.941
0.943
0.946
0.948
0.951
0.953
0.956
0.959
0.961
0.964
0.966
0.969
0.971
0.974
0.977
0.979
0.982
0.984
0.987
0.99
0.992
0.995
0.997
1.0
1.002
1.004
1.006
1.007
1.009
1.011
1.012
1.014
1.016
1.017
1.018
1.02
1.021
1.022
1.023
1.024
1.024
1.025
1.025
1.025
1.025
1.025
1.025
1.024
1.024
1.023
1.022
1.02
1.019
1.017
1.015
1.012
1.01
1.007
1.003
1.0
0.992
0.984
0.976
0.967
0.958
0.95
0.94
0.931
0.922
0.913
0.903
0.894
0.885
0.875
0.866
0.857
0.848
0.839
0.83
0.822
0.814
0.806
0.798
0.791
0.784
0.777
0.771
0.765
0.759
0.754
0.75
0.753
0.757
0.762
0.766
0.772
0.777
0.783
0.789
0.796
0.803
0.81
0.817
0.825
0.833
0.841
0.849
0.857
0.865
0.873
0.881
0.889
0.898
0.906
0.914
0.922
0.929
0.937
0.944
0.951
0.958
0.965
0.971
0.977
0.982
0.987
0.992
0.996
1.0
0.996
0.991
0.986
0.98
0.974
0.968
0.961
0.953
0.945
0.937
0.928
0.919
0.91
0.9
0.89
0.879
0.868
0.857
0.845
0.833
0.819
0.805
0.791
0.776
0.761
0.746
0.731
0.716
0.701
0.686
0.671
0.656
0.642
0.628
0.613
0.6
0.586
0.573
0.561
0.549
0.537
0.526
0.515
0.506
0.496
0.488
0.48
0.473
0.467
0.462
0.458
0.455
0.465
0.477
0.489
0.502
0.516
0.531
0.546
0.562
0.579
0.596
0.613
0.63
0.648
0.666
0.685
0.703
0.721
0.739
0.757
0.775
0.793
0.81
0.827
0.844
0.86
0.876
0.891
0.905
0.918
0.931
0.943
0.954
0.964
0.973
0.981
0.988
0.993
0.997
1.0
0.982
0.963
0.943
0.921
0.898
0.875
0.85
0.825
0.799
0.772
0.745
0.717
0.689
0.661
0.632
0.603
0.574
0.545
0.517
0.488
0.46
0.432
0.405
0.378
0.352
0.326
0.301
0.278
0.255
0.233
0.212
0.193
0.175
0.158
0.143
0.152
0.162
0.174
0.188
0.202
0.218
0.235
0.253
0.272
0.292
0.313
0.335
0.357
0.38
0.404
0.428
0.453
0.478
0.503
0.529
0.554
0.58
0.606
0.632
0.658
0.684
0.709
0.734
0.759
0.783
0.807
0.83
0.852
0.874
0.895
0.915
0.934
0.952
0.969
0.985
1.0
0.994
0.987
0.979
0.969
0.959
0.947
0.935
0.922
0.907
0.892
0.876
0.859
0.842
0.824
0.805
0.786
0.766
0.746
0.725
0.704
0.683
0.661
0.64
0.618
0.596
0.574
0.551
0.529
0.507
0.485
0.464
0.442
0.421
0.4
0.388
0.377
0.366
0.355
0.345
0.335
0.326
0.317
0.308
0.3
0.292
0.284
0.277
0.27
0.264
0.257
0.252
0.246
0.242
0.237
0.233
0.229
0.226
0.223
0.22
0.218
0.217
0.215
0.214
0.214
0.213
0.214
0.214
0.215
0.217
0.219
0.221
0.224
0.227
0.23
0.234
0.238
0.243
0.248
0.254
0.26
0.266
0.273
0.28
0.288
0.296
0.304
0.313
0.323
0.332
0.343
0.353
0.364
0.376
0.388
0.4
0.426
0.452
0.478
0.505
0.532
0.56
0.587
0.614
0.642
0.669
0.696
0.724
0.751
0.777
0.804
0.83
0.856
0.881
0.906
0.931
0.954
0.978
1.0
1.009
1.017
1.024
1.03
1.036
1.041
1.045
1.049
1.052
1.054
1.055
1.056
1.056
1.055
1.054
1.052
1.049
1.045
1.041
1.036
1.03
1.024
1.016
1.009
1.0
0.981
0.96
0.94
0.918
0.896
0.874
0.852
0.829
0.805
0.782
0.758
0.734
0.71
0.686
0.662
0.638
0.614
0.59
0.566
0.543
0.52
0.497
0.475
0.453
0.432
0.411
0.391
0.371
0.352
0.334
0.317
0.3
0.285
0.27
0.257
0.244
0.233
0.222
0.234
0.248
0.262
0.278
0.294
0.312
0.33
0.349
0.369
0.39
0.411
0.434
0.456
0.48
0.503
0.528
0.552
0.577
0.603
0.628
0.654
0.68
0.706
0.733
0.759
0.785
0.811
0.837
0.863
0.889
0.905
0.92
0.935
0.95
0.964
0.978
0.991
1.004
1.017
1.029
1.04
1.051
1.061
1.07
1.079
1.087
1.094
1.1
1.106
1.111
1.115
1.118
1.12
1.121
1.121
1.12
1.118
1.115
1.111
1.105
1.099
1.091
1.082
1.072
1.06
1.047
1.033
1.017
1.0
0.962
0.923
0.883
0.842
0.801
0.761
0.72
0.681
0.643
0.606
0.571
0.538
0.507
0.479
0.455
0.462
0.473
0.487
0.504
0.523
0.544
0.567
0.591
0.617
0.644
0.672
0.701
0.73
0.76
0.789
0.818
0.836
0.854
0.871
0.887
0.903
0.919
0.934
0.949
0.963
0.976
0.989
1.002
1.014
1.026
1.037
1.048
1.059
1.069
1.078
1.088
1.096
1.105
1.113
1.12
1.128
1.134
1.141
1.147
1.153
1.158
1.163
1.168
1.172
1.177
1.18
1.184
1.187
1.19
1.192
1.194
1.196
1.198
1.199
1.201
1.201
1.202
1.202
1.203
1.202
1.202
1.201
1.201
1.2
1.198
1.197
1.195
1.194
1.192
1.189
1.187
1.185
1.182
1.179
1.176
1.173
1.17
1.167
1.163
1.159
1.156
1.152
1.148
1.144
1.14
1.136
1.132
1.127
1.123
1.118
1.114
1.109
1.105
1.1
1.096
1.091
1.086
1.082
1.077
1.072
1.068
1.063
1.059
1.054
1.05
1.045
1.041
1.036
1.032
1.028
1.023
1.019
1.015
1.011
1.007
1.004
1.0
0.993
0.986
0.979
0.972
0.966
0.959
0.953
0.947
0.941
0.935
0.93
0.925
0.92
0.915
0.911
0.907
0.903
0.9
0.901
0.902
0.903
0.905
0.907
0.909
0.912
0.915
0.917
0.92
0.924
0.927
0.93
0.934
0.937
0.941
0.945
0.949
0.952
0.956
0.96
0.964
0.967
0.971
0.974
0.978
0.981
0.984
0.987
0.99
0.993
0.995
0.997
0.999
1.0
1.002
1.003
1.004
1.004
1.004
1.004
1.003
1.002
1.0
0.992
0.984
0.975
0.966
0.957
0.947
0.937
0.928
0.918
0.907
0.897
0.887
0.877
0.867
0.857
0.852
0.847
0.842
0.837
0.833
0.829
0.824
0.82
0.816
0.813
0.809
0.806
0.803
0.8
0.797
0.794
0.792
0.789
0.787
0.785
0.783
0.782
0.78
0.779
0.778
0.777
0.776
0.776
0.775
0.775
0.775
0.775
0.775
0.776
0.777
0.777
0.778
0.78
0.781
0.783
0.784
0.786
0.789
0.791
0.793
0.796
0.799
0.802
0.805
0.809
0.812
0.816
0.82
0.824
0.829
0.833
0.838
0.842
0.847
0.852
0.857
0.862
0.867
0.872
0.877
0.882
0.887
0.891
0.896
0.9
0.905
0.909
0.913
0.916
0.92
0.923
0.926
0.928
0.93
0.932
0.933
0.933
0.934
0.933
0.932
0.931
0.929
0.926
0.923
0.919
0.914
0.909
0.903
0.896
0.888
0.879
0.87
0.86
0.848
0.836
0.823
0.809
0.794
0.778
0.743
0.707
0.67
0.633
0.595
0.557
0.519
0.481
0.443
0.406
0.369
0.333
0.321
0.309
0.298
0.287
0.278
0.27
0.262
0.255
0.249
0.244
0.24
0.236
0.233
0.231
0.23
0.229
0.229
0.229
0.231
0.232
0.235
0.238
0.242
0.246
0.25
0.256
0.262
0.268
0.275
0.282
0.29
0.298
0.306
0.315
0.325
0.335
0.345
0.355
0.366
0.377
0.389
0.4
0.412
0.425
0.437
0.45
0.463
0.476
0.489
0.503
0.516
0.53
0.544
0.558
0.572
0.586
0.6
0.614
0.629
0.643
0.657
0.671
0.685
0.699
0.713
0.727
0.741
0.755
0.768
0.782
0.795
0.808
0.821
0.833
0.846
0.858
0.87
0.881
0.893
0.904
0.914
0.925
0.935
0.944
0.954
0.962
0.971
0.979
0.986
0.993
1.0
1.0
1.0
1.0
0.999
0.998
0.996
0.994
0.991
0.988
0.985
0.982
0.978
0.974
0.97
0.966
0.961
0.956
0.951
0.946
0.941
0.935
0.93
0.924
0.919
0.913
0.908
0.902
0.896
0.891
0.886
0.88
0.875
0.87
0.865
0.86
0.856
0.851
0.847
0.843
0.84
0.836
0.833
0.833
0.832
0.832
0.832
0.833
0.833
0.834
0.835
0.836
0.838
0.839
0.841
0.843
0.844
0.846
0.848
0.85
0.852
0.854
0.856
0.857
0.859
0.861
0.862
0.864
0.865
0.866
0.867
0.867
0.868
0.868
0.868
0.867
0.867
0.866
0.864
0.863
0.861
0.858
0.855
0.852
0.848
0.844
0.839
0.833
0.827
0.82
0.812
0.804
0.796
0.787
0.777
0.768
0.758
0.747
0.737
0.726
0.714
0.703
0.691
0.679
0.667
0.654
0.642
0.629
0.616
0.604
0.591
0.578
0.565
0.552
0.539
0.526
0.513
0.5
0.488
0.475
0.463
0.451
0.439
0.427
0.415
0.404
0.393
0.383
0.372
0.362
0.353
0.343
0.335
0.326
0.318
0.311
0.304
0.297
0.291
0.286
0.281
0.277
0.274
0.271
0.269
0.267
0.266
0.266
0.267
0.269
0.271
0.274
0.278
0.283
0.288
0.295
0.303
0.311
0.321
0.331
0.343
0.355
0.369
0.383
0.399
0.416
0.434
0.453
0.474
0.495
0.518
0.542
0.568
0.594
0.622
0.652
0.682
0.714
0.754
0.795
0.837
0.878
0.919
0.959
0.998
1.035
1.07
1.101
1.13
1.155
1.176
1.192
1.203
1.209
1.209
1.202
1.188
1.167
1.138
1.101
1.055
1.0
0.886
0.769
0.653
0.545
0.45
0.373
0.322
0.3
0.4
0.468
0.529
0.584
0.632
0.676
0.714
0.748
0.778
0.805
0.828
0.849
0.867
0.884
0.9
0.888
0.876
0.863
0.849
0.835
0.82
0.805
0.789
0.773
0.756
0.739
0.721
0.703
0.685
0.666
0.648
0.629
0.61
0.59
0.571
0.552
0.533
0.513
0.494
0.475
0.456
0.437
0.418
0.4
0.382
0.364
0.346
0.329
0.312
0.296
0.28
0.265
0.25
0.249
0.249
0.25
0.251
0.253
0.255
0.258
0.261
0.265
0.269
0.274
0.279
0.284
0.29
0.297
0.304
0.311
0.319
0.327
0.335
0.344
0.353
0.362
0.372
0.382
0.392
0.403
0.414
0.425
0.436
0.448
0.46
0.472
0.484
0.496
0.509
0.522
0.534
0.548
0.561
0.574
0.587
0.601
0.614
0.628
0.642
0.655
0.669
0.683
0.697
0.711
0.724
0.738
0.752
0.765
0.779
0.793
0.806
0.819
0.833
0.846
0.859
0.872
0.884
0.897
0.909
0.921
0.933
0.945
0.956
0.968
0.979
0.99
1.0
1.005
1.01
1.015
1.019
1.023
1.027
1.03
1.033
1.036
1.039
1.042
1.044
1.046
1.048
1.05
1.051
1.052
1.053
1.054
1.054
1.055
1.055
1.055
1.055
1.055
1.054
1.053
1.053
1.052
1.05
1.049
1.048
1.046
1.044
1.043
1.041
1.039
1.036
1.034
1.032
1.029
1.027
1.024
1.021
1.018
1.016
1.013
1.01
1.006
1.003
1.0
0.995
0.99
0.984
0.979
0.974
0.968
0.963
0.957
0.952
0.946
0.941
0.935
0.93
0.924
0.919
0.913
0.908
0.902
0.897
0.891
0.886
0.88
0.875
0.87
0.864
0.859
0.854
0.848
0.843
0.838
0.833
0.828
0.823
0.818
0.813
0.809
0.804
0.799
0.795
0.79
0.786
0.782
0.778
0.774
0.77
0.766
0.762
0.758
0.755
0.752
0.748
0.745
0.742
0.739
0.736
0.734
0.731
0.729
0.727
0.725
0.723
0.721
0.72
0.718
0.717
0.716
0.715
0.714
0.714
0.714
0.713
0.714
0.714
0.714
0.718
0.722
0.726
0.73
0.734
0.738
0.743
0.748
0.753
0.758
0.763
0.769
0.775
0.78
0.786
0.792
0.799
0.805
0.811
0.818
0.825
0.831
0.838
0.845
0.852
0.86
0.867
0.874
0.882
0.889
0.897
0.904
0.912
0.92
0.928
0.935
0.943
0.951
0.959
0.967
0.975
0.983
0.991
1.0
1.008
1.016
1.024
1.032
1.04
1.048
1.056
1.064
1.072
1.08
1.088
1.096
1.104
1.112
1.119
1.127
1.135
1.142
1.15
1.157
1.164
1.171
1.179
1.186
1.193
1.199
1.206
1.213
1.219
1.226
1.232
1.238
1.244
1.25
1.256
1.261
1.267
1.272
1.277
1.282
1.287
1.291
1.295
1.3
1.304
1.308
1.311
1.315
1.318
1.321
1.324
1.326
1.329
1.331
1.333
1.334
1.336
1.337
1.338
1.338
1.339
1.339
1.339
1.338
1.338
1.337
1.336
1.334
1.332
1.33
1.328
1.325
1.322
1.318
1.315
1.311
1.306
1.302
1.297
1.291
1.286
1.28
1.273
1.266
1.259
1.252
1.244
1.235
1.227
1.218
1.208
1.198
1.188
1.178
1.166
1.155
1.143
1.131
1.118
1.105
1.091
1.077
1.063
1.048
1.032
1.016
1.0
0.973
0.946
0.918
0.89
0.862
0.834
0.805
0.777
0.749
0.722
0.694
0.667
0.641
0.614
0.589
0.564
0.54
0.517
0.495
0.474
0.454
0.435
0.417
0.4
0.385
0.372
0.36
0.349
0.341
0.334
0.328
0.325
0.324
0.325
0.328
0.333
0.371
0.411
0.452
0.494
0.537
0.581
0.625
0.669
0.712
0.754
0.794
0.833
0.854
0.872
0.889
0.904
0.917
0.929
0.939
0.948
0.956
0.963
0.969
0.974
0.979
0.982
0.986
0.989
0.992
0.994
0.997
1.0
0.999
0.998
0.997
0.997
0.996
0.996
0.996
0.996
0.996
0.996
0.996
0.996
0.997
0.997
0.998
0.998
0.998
0.999
0.999
0.999
1.0
1.0
1.0
1.0
1.0
1.0
0.999
0.999
0.999
0.998
0.998
0.998
0.997
0.997
0.996
0.996
0.996
0.995
0.995
0.995
0.995
0.995
0.995
0.995
0.995
0.996
0.996
0.997
0.998
0.999
1.0
1.001
1.003
1.005
1.007
1.009
1.011
1.013
1.016
1.018
1.021
1.024
1.026
1.029
1.032
1.035
1.038
1.041
1.044
1.047
1.05
1.052
1.055
1.058
1.06
1.063
1.065
1.068
1.07
1.072
1.074
1.075
1.077
1.078
1.079
1.08
1.081
1.081
1.082
1.082
1.081
1.081
1.08
1.079
1.077
1.075
1.073
1.071
1.068
1.064
1.061
1.057
1.052
1.047
1.042
1.036
1.03
1.023
1.016
1.008
1.0
0.98
0.96
0.939
0.917
0.895
0.872
0.849
0.825
0.8
0.771
0.742
0.712
0.683
0.652
0.622
0.592
0.563
0.534
0.505
0.477
0.451
0.425
0.4
0.394
0.389
0.385
0.383
0.381
0.381
0.382
0.384
0.387
0.39
0.395
0.401
0.407
0.414
0.422
0.43
0.439
0.449
0.459
0.47
0.481
0.493
0.505
0.517
0.53
0.543
0.556
0.575
0.595
0.614
0.634
0.653
0.672
0.691
0.71
0.727
0.745
0.762
0.778
0.782
0.785
0.787
0.789
0.789
0.79
0.789
0.789
0.787
0.785
0.782
0.779
0.776
0.772
0.767
0.763
0.757
0.752
0.746
0.74
0.733
0.727
0.72
0.713
0.705
0.698
0.691
0.683
0.675
0.667
0.66
0.652
0.644
0.637
0.629
0.622
0.614
0.607
0.6
0.599
0.598
0.598
0.597
0.597
0.597
0.598
0.598
0.599
0.6
0.601
0.603
0.605
0.607
0.609
0.612
0.614
0.618
0.621
0.625
0.629
0.633
0.638
0.642
0.648
0.653
0.659
0.665
0.672
0.678
0.686
0.693
0.701
0.709
0.717
0.726
0.735
0.745
0.755
0.765
0.776
0.787
0.798
0.81
0.822
0.835
0.848
0.861
0.875
0.889
0.904
0.919
0.934
0.95
0.966
0.983
1.0
1.014
1.027
1.039
1.049
1.055
1.056
1.053
1.043
1.025
1.0
0.916
0.824
0.726
0.623
0.518
0.411
0.305
0.2
0.153
0.11
0.07
0.033
-0.001
-0.032
-0.06
-0.085
-0.108
-0.127
-0.145
-0.159
-0.171
-0.181
-0.188
-0.194
-0.196
-0.197
-0.196
-0.192
-0.187
-0.18
-0.171
-0.16
-0.148
-0.134
-0.119
-0.102
-0.084
-0.064
-0.044
-0.022
0.001
0.025
0.05
0.076
0.103
0.13
0.159
0.187
0.217
0.246
0.276
0.307
0.338
0.369
0.4
0.431
0.462
0.493
0.524
0.555
0.585
0.615
0.644
0.674
0.702
0.73
0.757
0.783
0.809
0.834
0.857
0.876
0.894
0.91
0.926
0.941
0.954
0.967
0.979
0.99
1.001
1.01
1.019
1.027
1.034
1.04
1.046
1.051
1.056
1.06
1.063
1.066
1.068
1.07
1.071
1.071
1.072
1.072
1.071
1.07
1.069
1.067
1.065
1.063
1.061
1.058
1.055
1.052
1.049
1.046
1.042
1.039
1.035
1.032
1.028
1.025
1.021
1.018
1.014
1.011
1.008
1.005
1.002
1.0
0.991
0.982
0.973
0.964
0.955
0.946
0.937
0.928
0.919
0.91
0.9
0.89
0.88
0.87
0.859
0.847
0.835
0.823
0.809
0.795
0.781
0.766
0.749
0.732
0.714
0.686
0.658
0.628
0.598
0.567
0.536
0.505
0.474
0.442
0.411
0.38
0.349
0.319
0.289
0.26
0.232
0.205
0.179
0.154
0.15
0.148
0.147
0.147
0.148
0.151
0.154
0.159
0.164
0.17
0.177
0.185
0.194
0.204
0.214
0.225
0.237
0.249
0.262
0.275
0.288
0.303
0.317
0.332
0.347
0.363
0.378
0.394
0.41
0.426
0.442
0.458
0.475
0.491
0.507
0.522
0.538
0.554
0.569
0.583
0.598
0.612
0.626
0.639
0.652
0.664
0.675
0.686
0.696
0.706
0.714
0.716
0.716
0.716
0.715
0.714
0.712
0.709
0.705
0.701
0.697
0.691
0.686
0.68
0.673
0.666
0.659
0.651
0.643
0.634
0.625
0.616
0.607
0.597
0.587
0.578
0.568
0.557
0.547
0.537
0.527
0.516
0.506
0.496
0.485
0.475
0.465
0.455
0.446
0.436
0.427
0.418
0.41
0.401
0.393
0.386
0.378
0.372
0.365
0.359
0.354
0.349
0.345
0.341
0.338
0.335
0.333
0.332
0.332
0.332
0.333
0.335
0.338
0.341
0.345
0.351
0.357
0.364
0.372
0.381
0.391
0.403
0.415
0.428
0.443
0.459
0.476
0.494
0.513
0.534
0.556
0.604
0.652
0.701
0.75
0.798
0.844
0.889
0.903
0.914
0.923
0.93
0.934
0.937
0.938
0.936
0.933
0.929
0.922
0.914
0.905
0.894
0.882
0.869
0.855
0.839
0.823
0.805
0.787
0.768
0.749
0.728
0.708
0.687
0.665
0.644
0.622
0.6
0.575
0.55
0.525
0.501
0.477
0.454
0.431
0.409
0.388
0.368
0.349
0.332
0.316
0.301
0.288
0.276
0.267
0.259
0.253
0.25
0.249
0.25
0.277
0.307
0.337
0.369
0.402
0.435
0.468
0.5
0.523
0.544
0.565
0.584
0.603
0.621
0.638
0.654
0.669
0.684
0.698
0.712
0.725
0.738
0.751
0.763
0.775
0.786
0.798
0.809
0.82
0.831
0.843
0.854
0.866
0.877
0.889
0.902
0.914
0.927
0.941
0.955
0.969
0.984
1.0
1.009
1.019
1.03
1.04
1.051
1.062
1.072
1.083
1.093
1.102
1.11
1.118
1.125
1.13
1.134
1.137
1.138
1.137
1.134
1.129
1.123
1.113
1.101
1.087
1.07
1.05
1.026
1.0
0.963
0.923
0.88
0.834
0.786
0.736
0.684
0.63
0.575
0.518
0.461
0.403
0.344
0.285
0.226
0.168
0.109
0.052
-0.005
-0.06
-0.114
-0.166
-0.216
-0.264
-0.31
-0.353
-0.393
-0.43
-0.463
-0.493
-0.519
-0.541
-0.559
-0.572
-0.58
-0.584
-0.581
-0.574
-0.56
-0.541
-0.515
-0.483
-0.444
-0.398
-0.345
-0.284
-0.216
-0.14
-0.055
0.038
0.139
0.25
0.5
0.75
0.868
0.976
1.074
1.164
1.244
1.316
1.379
1.435
1.483
1.524
1.558
1.585
1.606
1.621
1.631
1.635
1.634
1.628
1.618
1.604
1.586
1.565
1.54
1.513
1.484
1.452
1.419
1.384
1.348
1.311
1.274
1.236
1.199
1.162
1.126
1.091
1.057
1.025
0.995
0.968
0.943
0.922
0.903
0.889
0.881
0.877
0.877
0.88
0.886
0.896
0.908
0.922
0.939
0.957
0.978
1.0
1.019
1.039
1.061
1.084
1.107
1.132
1.158
1.184
1.212
1.239
1.268
1.297
1.326
1.356
1.385
1.415
1.445
1.475
1.505
1.534
1.563
1.592
1.621
1.648
1.675
1.702
1.727
1.752
1.776
1.798
1.82
1.84
1.858
1.876
1.892
1.906
1.918
1.929
1.938
1.945
1.95
1.953
1.953
1.952
1.948
1.941
1.932
1.92
1.906
1.889
1.869
1.845
1.819
1.79
1.757
1.722
1.682
1.639
1.593
1.543
1.489
1.431
1.37
1.304
1.235
1.161
1.083
1.0
0.831
0.662
0.5
0.429
0.37
0.32
0.281
0.25
0.228
0.213
0.205
0.203
0.207
0.216
0.229
0.245
0.264
0.285
0.308
0.332
0.355
0.378
0.4
0.424
0.447
0.467
0.486
0.503
0.518
0.532
0.544
0.554
0.563
0.571
0.577
0.581
0.585
0.587
0.588
0.587
0.586
0.584
0.58
0.576
0.571
0.565
0.558
0.55
0.542
0.533
0.523
0.513
0.502
0.491
0.48
0.468
0.456
0.444
0.431
0.419
0.406
0.393
0.381
0.368
0.356
0.343
0.331
0.319
0.308
0.297
0.286
0.276
0.266
0.257
0.249
0.241
0.234
0.228
0.222
0.218
0.214
0.212
0.21
0.21
0.21
0.212
0.215
0.22
0.226
0.233
0.241
0.252
0.263
0.277
0.292
0.308
0.327
0.347
0.369
0.393
0.419
0.447
0.477
0.509
0.544
0.58
0.619
0.66
0.704
0.75
0.801
0.853
0.907
0.962
1.017
1.072
1.126
1.18
1.231
1.281
1.327
1.37
1.41
1.445
1.476
1.501
1.52
1.533
1.539
1.538
1.528
1.51
1.483
1.447
1.401
1.344
1.276
1.196
1.104
1.0
0.761
0.52
0.286
0.199
0.13
0.077
0.039
0.015
0.004
0.005
0.017
0.039
0.07
0.109
0.155
0.206
0.262
0.322
0.385
0.449
0.514
0.578
0.641
0.701
0.758
0.81
0.857
0.891
0.92
0.942
0.96
0.974
0.984
0.991
0.995
0.998
0.999
1.0
1.0
0.993
0.987
0.982
0.977
0.972
0.967
0.963
0.96
0.956
0.953
0.951
0.948
0.946
0.944
0.942
0.94
0.939
0.937
0.936
0.934
0.933
0.932
0.931
0.93
0.929
0.927
0.926
0.924
0.923
0.921
0.919
0.917
0.915
0.912
0.909
0.906
0.903
0.899
0.895
0.891
0.886
0.881
0.875
0.867
0.859
0.85
0.841
0.831
0.821
0.811
0.801
0.791
0.781
0.77
0.76
0.749
0.739
0.729
0.719
0.709
0.699
0.689
0.68
0.671
0.663
0.655
0.647
0.64
0.634
0.628
0.622
0.618
0.614
0.61
0.608
0.606
0.605
0.605
0.606
0.608
0.611
0.615
0.626
0.638
0.651
0.664
0.679
0.694
0.709
0.725
0.742
0.759
0.776
0.793
0.81
0.827
0.844
0.861
0.877
0.893
0.909
0.924
0.939
0.952
0.965
0.977
0.988
0.998
1.007
1.014
1.02
1.025
1.028
1.03
1.029
1.027
1.024
1.018
1.01
1.0
0.988
0.973
0.957
0.937
0.915
0.891
0.863
0.833
0.796
0.757
0.716
0.674
0.632
0.589
0.547
0.506
0.468
0.431
0.397
0.368
0.342
0.321
0.305
0.295
0.292
0.296
0.308
0.328
0.357
0.395
0.444
0.503
0.573
0.655
0.75
0.863
0.987
1.12
1.261
1.407
1.557
1.709
1.86
2.01
2.156
2.296
2.428
2.551
2.663
2.761
2.844
2.91
2.957
2.984
2.988
2.967
2.92
2.845
2.74
2.602
2.431
2.224
1.979
1.695
1.369
1.0
0.25
0.099
0.117
0.26
0.483
0.745
1.0
1.142
1.239
1.296
1.319
1.311
1.279
1.226
1.158
1.08
0.996
0.911
0.831
0.76
0.704
0.666
0.652
0.667
0.731
0.824
0.94
1.074
1.221
1.375
1.531
1.684
1.829
1.96
2.072
2.16
2.219
2.243
2.227
2.166
2.055
1.887
1.66
1.365
1.0
0.143
-0.249
-0.595
-0.898
-1.16
-1.382
-1.566
-1.715
-1.829
-1.912
-1.965
-1.989
-1.988
-1.961
-1.913
-1.844
-1.756
-1.652
-1.532
-1.4
-1.257
-1.104
-0.945
-0.78
-0.611
-0.441
-0.272
-0.104
0.059
0.216
0.365
0.504
0.632
0.746
0.844
0.925
0.986
1.026
1.043
1.035
1.0
0.844
0.673
0.5
0.406
0.323
0.251
0.188
0.135
0.092
0.057
0.031
0.014
0.005
0.003
0.009
0.022
0.042
0.068
0.1
0.2
0.3
0.348
0.392
0.432
0.468
0.5
0.528
0.553
0.574
0.592
0.606
0.617
0.625
0.63
0.632
0.631
0.627
0.62
0.611
0.599
0.585
0.568
0.55
0.528
0.505
0.48
0.453
0.424
0.394
0.362
0.328
0.293
0.256
0.219
0.18
0.14
0.099
0.057
0.014
-0.029
-0.073
-0.118
-0.163
-0.208
-0.254
-0.299
-0.345
-0.391
-0.437
-0.482
-0.527
-0.572
-0.616
-0.66
-0.703
-0.745
-0.787
-0.827
-0.867
-0.905
-0.942
-0.978
-1.012
-1.045
-1.076
-1.106
-1.134
-1.16
-1.184
-1.206
-1.226
-1.244
-1.259
-1.272
-1.283
-1.291
-1.296
-1.298
-1.298
-1.295
-1.288
-1.279
-1.266
-1.25
-1.23
-1.207
-1.181
-1.15
-1.116
-1.078
-1.036
-0.99
-0.94
-0.886
-0.827
-0.764
-0.697
-0.624
-0.548
-0.466
-0.379
-0.288
-0.191
-0.089
0.018
0.13
0.248
0.371
0.5
0.75
0.815
0.84
0.83
0.791
0.73
0.652
0.562
0.467
0.373
0.286
0.246
0.218
0.201
0.194
0.196
0.206
0.224
0.25
0.281
0.318
0.359
0.404
0.453
0.503
0.555
0.608
0.661
0.713
0.764
0.812
0.857
0.883
0.906
0.924
0.94
0.952
0.962
0.968
0.972
0.974
0.973
0.97
0.965
0.959
0.951
0.941
0.931
0.919
0.906
0.893
0.879
0.865
0.85
0.836
0.822
0.808
0.794
0.782
0.77
0.759
0.75
0.744
0.739
0.735
0.733
0.731
0.73
0.731
0.732
0.734
0.736
0.739
0.742
0.746
0.75
0.758
0.766
0.774
0.782
0.79
0.798
0.807
0.815
0.824
0.832
0.841
0.849
0.858
0.866
0.874
0.883
0.891
0.899
0.907
0.914
0.922
0.93
0.937
0.944
0.951
0.957
0.964
0.97
0.976
0.981
0.986
0.991
0.996
1.0
0.994
0.987
0.98
0.973
0.965
0.956
0.948
0.939
0.929
0.919
0.909
0.898
0.886
0.875
0.862
0.85
0.836
0.823
0.808
0.793
0.778
0.762
0.746
0.729
0.711
0.693
0.675
0.656
0.636
0.615
0.594
0.573
0.551
0.528
0.506
0.483
0.46
0.437
0.415
0.392
0.37
0.349
0.328
0.307
0.287
0.268
0.25
0.233
0.217
0.202
0.188
0.176
0.165
0.156
0.148
0.142
0.138
0.135
0.135
0.137
0.141
0.147
0.156
0.167
0.195
0.226
0.259
0.293
0.33
0.369
0.409
0.45
0.492
0.536
0.58
0.625
0.67
0.715
0.761
0.807
0.852
0.897
0.941
0.985
1.027
1.069
1.109
1.148
1.185
1.22
1.253
1.284
1.313
1.339
1.363
1.384
1.401
1.416
1.427
1.434
1.438
1.438
1.433
1.425
1.412
1.394
1.372
1.345
1.312
1.275
1.231
1.182
1.128
1.067
1.0
0.836
0.668
0.5
0.416
0.335
0.257
0.181
0.108
0.038
-0.03
-0.095
-0.156
-0.215
-0.271
-0.324
-0.374
-0.421
-0.465
-0.505
-0.542
-0.576
-0.607
-0.635
-0.659
-0.679
-0.696
-0.71
-0.72
-0.726
-0.729
-0.729
-0.724
-0.716
-0.704
-0.688
-0.668
-0.644
-0.617
-0.585
-0.549
-0.509
-0.465
-0.417
-0.365
-0.308
-0.247
-0.182
-0.112
-0.038
0.04
0.123
0.211
0.303
0.4
0.601
0.8
0.886
0.963
1.031
1.09
1.14
1.183
1.218
1.246
1.266
1.281
1.289
1.291
1.288
1.279
1.266
1.249
1.227
1.202
1.174
1.142
1.108
1.072
1.033
0.994
0.953
0.911
0.869
0.826
0.784
0.743
0.702
0.663
0.626
0.59
0.557
0.527
0.5
0.487
0.478
0.471
0.468
0.467
0.47
0.474
0.481
0.491
0.502
0.515
0.53
0.547
0.565
0.584
0.604
0.625
0.647
0.67
0.693
0.716
0.74
0.763
0.787
0.809
0.832
0.854
0.875
0.895
0.913
0.931
0.947
0.962
0.974
0.985
0.994
1.0
0.989
0.976
0.961
0.945
0.927
0.909
0.89
0.871
0.852
0.833
0.822
0.812
0.803
0.794
0.786
0.778
0.772
0.766
0.76
0.755
0.751
0.748
0.744
0.742
0.74
0.738
0.737
0.737
0.737
0.737
0.738
0.739
0.74
0.742
0.745
0.747
0.75
0.756
0.762
0.768
0.774
0.781
0.787
0.793
0.798
0.804
0.809
0.813
0.817
0.82
0.823
0.825
0.825
0.825
0.824
0.822
0.818
0.814
0.808
0.8
0.776
0.75
0.723
0.695
0.666
0.637
0.607
0.577
0.547
0.517
0.487
0.457
0.428
0.4
0.385
0.371
0.358
0.345
0.334
0.323
0.313
0.304
0.296
0.289
0.282
0.276
0.271
0.267
0.263
0.26
0.258
0.256
0.255
0.255
0.256
0.257
0.258
0.26
0.263
0.267
0.271
0.275
0.28
0.286
0.303
0.32
0.338
0.357
0.376
0.395
0.414
0.434
0.454
0.474
0.494
0.515
0.535
0.556
0.577
0.597
0.618
0.639
0.659
0.68
0.7
0.72
0.74
0.759
0.779
0.798
0.816
0.835
0.852
0.87
0.887
0.903
0.919
0.934
0.949
0.962
0.976
0.988
1.0
1.002
1.003
1.004
1.004
1.003
1.003
1.002
1.001
1.001
1.0
1.0
0.999
0.999
1.0
1.0
1.0
1.001
1.002
1.002
1.003
1.004
1.005
1.006
1.007
1.008
1.009
1.01
1.011
1.011
1.012
1.013
1.013
1.013
1.013
1.013
1.013
1.012
1.011
1.01
1.009
1.007
1.005
1.003
1.0
0.988
0.975
0.962
0.947
0.931
0.914
0.895
0.875
0.852
0.827
0.8
0.752
0.701
0.649
0.595
0.539
0.483
0.426
0.368
0.311
0.254
0.198
0.143
0.12
0.099
0.08
0.061
0.044
0.028
0.014
0.001
-0.011
-0.022
-0.032
-0.04
-0.048
-0.054
-0.059
-0.063
-0.066
-0.068
-0.07
-0.07
-0.069
-0.067
-0.064
-0.061
-0.056
-0.051
-0.045
-0.038
-0.031
-0.023
-0.014
-0.004
0.007
0.018
0.029
0.042
0.054
0.068
0.082
0.096
0.111
0.126
0.142
0.158
0.175
0.192
0.209
0.227
0.245
0.263
0.282
0.3
0.319
0.338
0.358
0.377
0.397
0.416
0.436
0.456
0.475
0.495
0.515
0.535
0.554
0.574
0.593
0.612
0.632
0.65
0.669
0.688
0.706
0.724
0.742
0.759
0.776
0.793
0.809
0.825
0.84
0.855
0.869
0.883
0.897
0.91
0.922
0.934
0.945
0.955
0.965
0.974
0.982
0.99
0.997
1.003
1.008
1.013
1.016
1.019
1.021
1.021
1.021
1.02
1.018
1.015
1.011
1.006
1.0
0.979
0.958
0.935
0.913
0.891
0.869
0.848
0.827
0.808
0.791
0.775
0.761
0.75
0.758
0.768
0.781
0.795
0.81
0.827
0.845
0.863
0.881
0.899
0.917
0.933
0.949
0.963
0.976
0.986
0.995
1.0
0.982
0.962
0.939
0.914
0.888
0.86
0.83
0.801
0.77
0.74
0.709
0.68
0.651
0.623
0.596
0.571
0.558
0.547
0.537
0.528
0.521
0.515
0.509
0.505
0.5
0.504
0.508
0.512
0.516
0.521
0.526
0.53
0.535
0.54
0.545
0.551
0.556
0.562
0.568
0.574
0.58
0.586
0.593
0.599
0.606
0.613
0.62
0.627
0.635
0.642
0.65
0.658
0.666
0.675
0.683
0.692
0.701
0.71
0.719
0.728
0.738
0.748
0.758
0.768
0.778
0.789
0.8
0.811
0.822
0.833
0.845
0.856
0.868
0.881
0.893
0.906
0.918
0.931
0.945
0.958
0.972
0.986
1.0
1.01
1.02
1.031
1.041
1.052
1.063
1.074
1.086
1.097
1.108
1.12
1.132
1.143
1.155
1.167
1.179
1.191
1.203
1.214
1.226
1.238
1.25
1.261
1.273
1.285
1.296
1.307
1.318
1.329
1.34
1.351
1.362
1.372
1.382
1.392
1.402
1.411
1.42
1.429
1.438
1.446
1.454
1.461
1.469
1.476
1.482
1.489
1.494
1.5
1.505
1.509
1.514
1.517
1.521
1.523
1.526
1.527
1.529
1.529
1.529
1.529
1.528
1.526
1.524
1.521
1.518
1.514
1.509
1.504
1.498
1.491
1.484
1.475
1.466
1.457
1.446
1.435
1.423
1.411
1.397
1.383
1.367
1.351
1.334
1.317
1.298
1.278
1.258
1.237
1.214
1.191
1.167
1.141
1.115
1.088
1.06
1.03
1.0
0.964
0.928
0.891
0.853
0.814
0.775
0.736
0.696
0.657
0.617
0.578
0.539
0.5
0.462
0.425
0.388
0.352
0.318
0.284
0.252
0.222
0.192
0.165
0.139
0.115
0.093
0.074
0.056
0.041
0.029
0.019
0.012
0.008
0.007
0.009
0.015
0.023
0.036
0.051
0.071
0.095
0.122
0.154
0.19
0.23
0.275
0.325
0.379
0.438
0.502
0.571
0.652
0.738
0.828
0.924
1.023
1.128
1.236
1.348
1.464
1.584
1.707
1.833
1.962
2.095
2.229
2.367
2.506
2.648
2.792
2.937
3.084
3.233
3.382
3.533
3.684
3.836
3.989
4.142
4.295
4.448
4.6
4.752
4.904
5.055
5.204
5.353
5.5
5.646
5.79
5.931
6.071
6.209
6.344
6.476
6.606
6.732
6.856
6.975
7.092
7.204
7.313
7.417
7.518
7.613
7.704
7.79
7.872
7.947
8.018
8.083
8.142
8.195
8.242
8.282
8.316
8.344
8.364
8.377
8.384
8.382
8.373
8.356
8.332
8.299
8.257
8.208
8.149
8.082
8.005
7.919
7.824
7.719
7.604
7.479
7.344
7.199
7.043
6.876
6.698
6.51
6.31
6.098
5.875
5.64
5.392
5.133
4.861
4.577
4.28
3.97
3.646
3.31
2.96
2.596
2.218
1.826
1.42
1.0
0.143
-0.248
-0.603
-0.925
-1.215
-1.473
-1.7
-1.898
-2.067
-2.21
-2.326
-2.417
-2.484
-2.528
-2.55
-2.551
-2.533
-2.496
-2.442
-2.371
-2.285
-2.185
-2.071
-1.945
-1.808
-1.662
-1.506
-1.343
-1.172
-0.997
-0.816
-0.632
-0.446
-0.259
-0.071
0.116
0.301
0.483
0.661
0.834
1.0
1.147
1.286
1.419
1.544
1.663
1.774
1.88
1.978
2.071
2.157
2.237
2.311
2.379
2.442
2.498
2.55
2.595
2.636
2.671
2.702
2.727
2.748
2.764
2.775
2.782
2.785
2.783
2.778
2.768
2.755
2.738
2.717
2.693
2.666
2.635
2.602
2.565
2.525
2.483
2.438
2.391
2.341
2.289
2.235
2.179
2.121
2.061
1.999
1.936
1.872
1.806
1.739
1.672
1.603
1.533
1.463
1.392
1.321
1.249
1.178
1.106
1.034
0.963
0.891
0.82
0.75
0.671
0.594
0.518
0.444
0.372
0.304
0.239
0.178
0.121
0.07
0.023
-0.017
-0.051
-0.079
-0.099
-0.112
-0.116
-0.112
-0.098
-0.075
-0.042
0.001
0.056
0.122
0.2
0.399
0.6
0.699
0.788
0.868
0.939
1.001
1.056
1.102
1.142
1.175
1.201
1.221
1.236
1.245
1.25
1.25
1.247
1.24
1.229
1.216
1.201
1.184
1.165
1.146
1.126
1.105
1.085
1.065
1.046
1.029
1.013
1.0
0.97
0.943
0.917
0.893
0.869
0.846
0.823
0.8
0.776
0.75
0.722
0.693
0.662
0.632
0.601
0.57
0.54
0.512
0.485
0.46
0.437
0.417
0.4
0.412
0.427
0.445
0.465
0.488
0.512
0.538
0.565
0.592
0.62
0.647
0.675
0.701
0.726
0.75
0.755
0.759
0.761
0.761
0.759
0.756
0.752
0.747
0.74
0.732
0.723
0.713
0.702
0.69
0.677
0.664
0.651
0.636
0.622
0.607
0.592
0.576
0.561
0.545
0.53
0.515
0.5
0.485
0.471
0.458
0.444
0.441
0.438
0.435
0.434
0.432
0.432
0.432
0.433
0.434
0.436
0.438
0.441
0.444
0.448
0.452
0.457
0.462
0.468
0.474
0.48
0.487
0.494
0.502
0.51
0.519
0.527
0.536
0.546
0.555
0.565
0.576
0.586
0.597
0.608
0.619
0.631
0.642
0.654
0.666
0.678
0.69
0.703
0.715
0.728
0.741
0.753
0.766
0.779
0.792
0.805
0.818
0.831
0.844
0.857
0.869
0.88
0.892
0.903
0.914
0.925
0.935
0.945
0.955
0.964
0.973
0.981
0.989
0.996
1.002
1.008
1.012
1.016
1.019
1.021
1.023
1.023
1.022
1.02
1.017
1.012
1.007
1.0
0.973
0.943
0.912
0.878
0.841
0.8
0.745
0.687
0.627
0.565
0.504
0.443
0.384
0.327
0.273
0.224
0.18
0.143
0.151
0.166
0.187
0.213
0.245
0.281
0.321
0.365
0.413
0.462
0.514
0.568
0.623
0.678
0.734
0.789
0.844
0.897
0.948
0.997
1.043
1.086
1.125
1.16
1.191
1.215
1.234
1.247
1.253
1.252
1.243
1.226
1.2
1.165
1.121
1.066
1.0
0.83
0.66
0.5
0.462
0.443
0.442
0.457
0.486
0.527
0.578
0.638
0.705
0.776
0.85
0.925
1.0
1.051
1.099
1.145
1.188
1.229
1.268
1.304
1.338
1.37
1.4
1.428
1.454
1.477
1.499
1.519
1.537
1.552
1.567
1.579
1.589
1.598
1.605
1.611
1.615
1.617
1.618
1.618
1.616
1.612
1.608
1.602
1.594
1.586
1.576
1.565
1.553
1.54
1.526
1.511
1.495
1.478
1.46
1.442
1.422
1.402
1.381
1.36
1.337
1.315
1.291
1.267
1.243
1.218
1.193
1.168
1.142
1.116
1.09
1.063
1.037
1.01
0.983
0.956
0.929
0.903
0.876
0.849
0.823
0.797
0.771
0.745
0.72
0.695
0.671
0.647
0.623
0.6
0.58
0.561
0.543
0.525
0.508
0.491
0.475
0.459
0.444
0.429
0.415
0.402
0.389
0.376
0.364
0.352
0.341
0.331
0.321
0.311
0.302
0.293
0.285
0.277
0.27
0.263
0.256
0.25
0.245
0.24
0.235
0.23
0.227
0.223
0.22
0.217
0.215
0.213
0.211
0.21
0.21
0.209
0.209
0.209
0.21
0.211
0.212
0.214
0.216
0.218
0.221
0.224
0.227
0.231
0.235
0.239
0.243
0.248
0.253
0.258
0.264
0.27
0.276
0.282
0.289
0.296
0.303
0.31
0.318
0.326
0.334
0.342
0.351
0.359
0.368
0.377
0.387
0.396
0.406
0.416
0.426
0.436
0.446
0.457
0.467
0.478
0.489
0.5
0.511
0.523
0.534
0.546
0.557
0.569
0.581
0.593
0.605
0.617
0.629
0.642
0.654
0.667
0.691
0.715
0.739
0.763
0.787
0.812
0.836
0.86
0.883
0.907
0.931
0.954
0.977
1.0
1.009
1.017
1.025
1.033
1.04
1.047
1.053
1.06
1.065
1.071
1.076
1.08
1.084
1.087
1.09
1.092
1.094
1.094
1.095
1.094
1.093
1.091
1.089
1.086
1.082
1.077
1.071
1.064
1.057
1.048
1.039
1.029
1.018
1.006
0.992
0.978
0.963
0.947
0.929
0.91
0.891
0.87
0.848
0.825
0.8
0.763
0.726
0.688
0.649
0.61
0.571
0.533
0.496
0.459
0.423
0.39
0.357
0.327
0.299
0.274
0.252
0.233
0.217
0.205
0.197
0.194
0.194
0.2
0.254
0.311
0.372
0.435
0.5
0.537
0.575
0.613
0.651
0.69
0.729
0.768
0.807
0.847
0.886
0.926
0.966
1.007
1.047
1.087
1.127
1.168
1.208
1.248
1.289
1.329
1.369
1.409
1.449
1.488
1.528
1.567
1.606
1.644
1.683
1.721
1.758
1.795
1.832
1.869
1.905
1.94
1.975
2.01
2.044
2.077
2.11
2.142
2.173
2.204
2.234
2.264
2.292
2.32
2.347
2.374
2.399
2.424
2.448
2.47
2.492
2.513
2.533
2.552
2.57
2.587
2.602
2.617
2.63
2.643
2.654
2.664
2.672
2.68
2.686
2.691
2.694
2.697
2.697
2.697
2.695
2.691
2.686
2.68
2.672
2.662
2.651
2.639
2.624
2.608
2.591
2.571
2.55
2.528
2.503
2.477
2.449
2.419
2.387
2.353
2.317
2.28
2.24
2.199
2.155
2.11
2.062
2.012
1.961
1.907
1.85
1.792
1.732
1.669
1.604
1.537
1.467
1.395
1.321
1.244
1.165
1.084
1.0
0.829
0.661
0.5
0.443
0.399
0.365
0.343
0.33
0.326
0.33
0.342
0.36
0.385
0.415
0.449
0.487
0.528
0.571
0.616
0.662
0.708
0.753
0.796
0.837
0.875
0.91
0.94
0.965
0.983
0.995
1.0
0.956
0.906
0.848
0.786
0.719
0.648
0.575
0.5
0.464
0.428
0.394
0.364
0.339
0.319
0.307
0.303
0.31
0.328
0.359
0.403
0.464
0.541
0.636
0.75
0.883
1.031
1.19
1.355
1.52
1.68
1.83
1.965
2.08
2.17
2.229
2.253
2.237
2.175
2.062
1.893
1.663
1.367
1.0
0.143
-0.249
-0.594
-0.897
-1.158
-1.379
-1.562
-1.709
-1.823
-1.904
-1.955
-1.978
-1.975
-1.948
-1.897
-1.827
-1.738
-1.632
-1.511
-1.378
-1.233
-1.08
-0.919
-0.753
-0.584
-0.414
-0.244
-0.077
0.086
0.243
0.391
0.53
0.656
0.768
0.864
0.943
1.001
1.038
1.052
1.04
1.0
0.84
0.668
0.5
0.42
0.359
0.316
0.287
0.272
0.268
0.273
0.286
0.352
0.423
0.496
0.571
0.645
0.719
0.79
0.857
0.874
0.887
0.895
0.899
0.899
0.895
0.887
0.876
0.863
0.846
0.827
0.805
0.781
0.755
0.728
0.699
0.67
0.639
0.607
0.576
0.544
0.512
0.48
0.449
0.418
0.389
0.361
0.334
0.309
0.286
0.285
0.285
0.288
0.293
0.3
0.309
0.319
0.331
0.345
0.36
0.376
0.394
0.413
0.434
0.455
0.477
0.501
0.525
0.55
0.576
0.603
0.63
0.658
0.686
0.714
0.743
0.771
0.8
0.829
0.858
0.887
0.916
0.944
0.972
1.0
1.017
1.033
1.049
1.063
1.076
1.088
1.099
1.108
1.115
1.12
1.123
1.124
1.122
1.118
1.11
1.1
1.087
1.071
1.051
1.027
1.0
0.963
0.922
0.879
0.832
0.783
0.732
0.679
0.624
0.569
0.513
0.456
0.4
0.344
0.288
0.234
0.181
0.13
0.082
0.036
-0.008
-0.048
-0.084
-0.117
-0.145
-0.168
-0.187
-0.199
-0.207
-0.208
-0.202
-0.19
-0.17
-0.143
-0.108
-0.065
-0.013
0.048
0.118
0.198
0.288
0.389
0.5
0.75
0.869
0.98
1.082
1.175
1.261
1.338
1.408
1.471
1.526
1.575
1.616
1.651
1.68
1.703
1.72
1.732
1.738
1.739
1.736
1.727
1.715
1.698
1.677
1.653
1.625
1.594
1.56
1.523
1.483
1.442
1.398
1.353
1.306
1.257
1.208
1.157
1.106
1.055
1.003
0.951
0.9
0.849
0.799
0.75
0.693
0.637
0.583
0.531
0.479
0.43
0.382
0.336
0.292
0.249
0.209
0.171
0.135
0.101
0.07
0.041
0.015
-0.009
-0.03
-0.048
-0.064
-0.076
-0.086
-0.092
-0.096
-0.096
-0.093
-0.086
-0.076
-0.062
-0.045
-0.023
0.001
0.03
0.063
0.1
0.199
0.3
0.354
0.406
0.456
0.503
0.549
0.593
0.635
0.675
0.713
0.749
0.784
0.817
0.848
0.878
0.905
0.932
0.956
0.98
1.001
1.022
1.04
1.058
1.074
1.089
1.102
1.115
1.126
1.136
1.145
1.153
1.159
1.165
1.17
1.174
1.177
1.179
1.18
1.18
1.18
1.179
1.177
1.175
1.172
1.169
1.164
1.16
1.155
1.149
1.143
1.137
1.131
1.124
1.117
1.11
1.102
1.095
1.087
1.079
1.071
1.064
1.056
1.048
1.041
1.033
1.026
1.019
1.012
1.006
1.0
0.981
0.962
0.944
0.926
0.909
0.893
0.877
0.862
0.847
0.833
0.827
0.822
0.817
0.813
0.81
0.807
0.804
0.802
0.801
0.799
0.798
0.796
0.795
0.794
0.793
0.792
0.79
0.788
0.786
0.784
0.781
0.777
0.773
0.769
0.763
0.757
0.75
0.737
0.723
0.709
0.694
0.679
0.664
0.648
0.633
0.617
0.602
0.588
0.573
0.56
0.547
0.535
0.525
0.515
0.507
0.5
0.51
0.522
0.535
0.549
0.565
0.582
0.6
0.619
0.639
0.66
0.681
0.704
0.727
0.75
0.769
0.788
0.808
0.827
0.847
0.867
0.886
0.905
0.924
0.943
0.96
0.977
0.993
1.009
1.023
1.036
1.048
1.058
1.067
1.074
1.08
1.084
1.086
1.086
1.084
1.079
1.072
1.063
1.052
1.037
1.02
1.0
0.945
0.889
0.83
0.771
0.712
0.654
0.598
0.543
0.492
0.444
0.443
0.446
0.453
0.465
0.48
0.5
0.523
0.55
0.581
0.615
0.653
0.694
0.738
0.786
0.836
0.889
0.934
0.981
1.027
1.072
1.114
1.153
1.185
1.211
1.228
1.236
1.232
1.216
1.186
1.141
1.08
1.0
0.819
0.643
0.5
0.505
0.559
0.653
0.779
0.927
1.089
1.257
1.422
1.575
1.707
1.811
1.877
1.896
1.861
1.763
1.592
1.341
1.0
0.143
-0.26
-0.626
-0.957
-1.254
-1.517
-1.749
-1.95
-2.121
-2.264
-2.38
-2.469
-2.534
-2.575
-2.594
-2.591
-2.568
-2.526
-2.466
-2.389
-2.297
-2.19
-2.071
-1.939
-1.796
-1.644
-1.484
-1.316
-1.142
-0.963
-0.78
-0.594
-0.407
-0.22
-0.034
0.151
0.332
0.508
0.679
0.844
1.0
1.135
1.261
1.378
1.487
1.588
1.681
1.765
1.843
1.912
1.975
2.03
2.079
2.121
2.157
2.187
2.21
2.228
2.24
2.247
2.249
2.246
2.238
2.226
2.21
2.189
2.164
2.136
2.105
2.07
2.032
1.991
1.948
1.902
1.854
1.804
1.752
1.699
1.644
1.588
1.531
1.474
1.416
1.357
1.298
1.24
1.182
1.124
1.067
1.011
0.956
0.902
0.85
0.8
0.751
0.703
0.658
0.614
0.572
0.532
0.494
0.457
0.423
0.39
0.358
0.328
0.3
0.273
0.248
0.225
0.203
0.182
0.162
0.144
0.128
0.112
0.098
0.086
0.074
0.064
0.054
0.046
0.039
0.033
0.028
0.024
0.021
0.019
0.018
0.018
0.019
0.02
0.022
0.025
0.029
0.033
0.038
0.043
0.05
0.056
0.064
0.071
0.08
0.088
0.097
0.107
0.116
0.127
0.137
0.148
0.158
0.169
0.181
0.192
0.203
0.215
0.226
0.238
0.249
0.26
0.272
0.283
0.294
0.305
0.315
0.325
0.336
0.345
0.355
0.364
0.378
0.392
0.406
0.419
0.432
0.445
0.457
0.469
0.48
0.491
0.502
0.513
0.523
0.532
0.542
0.551
0.56
0.568
0.577
0.585
0.592
0.6
0.607
0.614
0.62
0.627
0.633
0.639
0.645
0.65
0.655
0.66
0.665
0.67
0.674
0.679
0.683
0.687
0.69
0.694
0.697
0.701
0.704
0.707
0.71
0.713
0.715
0.718
0.72
0.723
0.725
0.727
0.729
0.731
0.733
0.735
0.737
0.739
0.741
0.743
0.745
0.746
0.748
0.75
0.747
0.744
0.741
0.738
0.735
0.732
0.729
0.726
0.723
0.72
0.717
0.714
0.711
0.708
0.705
0.702
0.699
0.696
0.693
0.69
0.687
0.684
0.681
0.678
0.675
0.672
0.669
0.666
0.663
0.66
0.657
0.653
0.65
0.647
0.644
0.641
0.638
0.635
0.632
0.628
0.625
0.622
0.619
0.615
0.612
0.609
0.606
0.602
0.599
0.596
0.592
0.589
0.586
0.582
0.579
0.575
0.572
0.569
0.565
0.562
0.558
0.554
0.551
0.547
0.544
0.54
0.536
0.533
0.529
0.525
0.522
0.518
0.514
0.51
0.506
0.502
0.498
0.495
0.491
0.487
0.483
0.478
0.474
0.47
0.466
0.462
0.458
0.453
0.449
0.445
0.441
0.436
0.432
0.427
0.423
0.418
0.414
0.409
0.405
0.4
0.402
0.405
0.407
0.41
0.413
0.416
0.419
0.422
0.425
0.429
0.433
0.437
0.442
0.447
0.452
0.458
0.465
0.472
0.48
0.488
0.497
0.506
0.517
0.528
0.54
0.552
0.566
0.58
0.595
0.611
0.629
0.647
0.666
0.686
0.708
0.731
0.754
0.779
0.806
0.833
0.858
0.884
0.911
0.94
0.969
0.999
1.029
1.061
1.093
1.125
1.157
1.19
1.223
1.256
1.289
1.322
1.354
1.386
1.418
1.449
1.479
1.509
1.538
1.565
1.592
1.618
1.642
1.665
1.686
1.706
1.724
1.741
1.755
1.768
1.778
1.787
1.793
1.797
1.798
1.796
1.793
1.786
1.776
1.764
1.748
1.729
1.707
1.682
1.653
1.62
1.584
1.544
1.501
1.453
1.401
1.345
1.285
1.221
1.152
1.078
1.0
0.833
0.665
0.5
0.43
0.366
0.308
0.256
0.211
0.171
0.136
0.107
0.083
0.064
0.05
0.04
0.034
0.033
0.035
0.041
0.051
0.064
0.08
0.099
0.12
0.145
0.171
0.2
0.23
0.262
0.296
0.331
0.367
0.404
0.442
0.48
0.519
0.558
0.596
0.635
0.673
0.71
0.746
0.781
0.815
0.848
0.878
0.907
0.934
0.959
0.981
1.0
1.005
1.006
1.005
1.002
0.995
0.987
0.975
0.961
0.945
0.926
0.905
0.882
0.857
0.829
0.8
0.748
0.694
0.639
0.583
0.526
0.47
0.413
0.357
0.301
0.247
0.194
0.143
0.129
0.118
0.109
0.102
0.097
0.093
0.092
0.092
0.094
0.098
0.103
0.11
0.118
0.128
0.139
0.152
0.166
0.18
0.197
0.214
0.232
0.251
0.271
0.292
0.313
0.336
0.359
0.383
0.407
0.431
0.457
0.482
0.508
0.534
0.56
0.587
0.613
0.64
0.666
0.693
0.719
0.745
0.77
0.796
0.821
0.845
0.87
0.893
0.916
0.938
0.96
0.98
1.0
1.011
1.021
1.03
1.038
1.044
1.05
1.055
1.059
1.062
1.064
1.065
1.065
1.063
1.061
1.057
1.053
1.047
1.04
1.032
1.022
1.012
1.0
0.972
0.942
0.912
0.881
0.849
0.818
0.785
0.753
0.722
0.69
0.659
0.629
0.6
0.589
0.579
0.57
0.561
0.554
0.548
0.543
0.538
0.535
0.532
0.53
0.529
0.529
0.529
0.53
0.532
0.534
0.537
0.54
0.544
0.549
0.554
0.559
0.565
0.571
0.578
0.585
0.592
0.6
0.607
0.615
0.624
0.632
0.641
0.649
0.658
0.667
0.675
0.684
0.693
0.701
0.71
0.718
0.726
0.735
0.742
0.75
0.758
0.766
0.774
0.781
0.789
0.796
0.803
0.809
0.815
0.822
0.828
0.833
0.839
0.845
0.85
0.855
0.86
0.865
0.87
0.874
0.879
0.883
0.888
0.892
0.896
0.9
0.904
0.908
0.912
0.916
0.92
0.924
0.928
0.932
0.936
0.94
0.943
0.947
0.951
0.955
0.959
0.964
0.968
0.972
0.977
0.981
0.986
0.99
0.995
1.0
1.001
1.002
1.003
1.004
1.005
1.006
1.007
1.008
1.01
1.011
1.012
1.013
1.013
1.014
1.015
1.015
1.015
1.015
1.015
1.015
1.014
1.013
1.011
1.01
1.008
1.005
1.003
0.999
0.996
0.992
0.987
0.982
0.976
0.97
0.964
0.956
0.949
0.94
0.931
0.921
0.911
0.9
0.888
0.876
0.862
0.848
0.833
0.811
0.787
0.764
0.741
0.718
0.696
0.676
0.657
0.64
0.626
0.614
0.605
0.6
0.624
0.651
0.681
0.713
0.747
0.783
0.819
0.856
0.893
0.93
0.966
1.0
1.014
1.026
1.036
1.045
1.052
1.058
1.062
1.065
1.067
1.067
1.067
1.065
1.062
1.058
1.053
1.047
1.041
1.033
1.025
1.017
1.008
0.998
0.988
0.977
0.966
0.955
0.944
0.933
0.921
0.909
0.898
0.887
0.875
0.864
0.854
0.843
0.833
0.827
0.821
0.816
0.811
0.806
0.802
0.798
0.795
0.792
0.789
0.787
0.785
0.784
0.783
0.782
0.782
0.781
0.782
0.782
0.783
0.784
0.786
0.787
0.789
0.792
0.794
0.797
0.8
0.803
0.806
0.81
0.813
0.817
0.821
0.825
0.83
0.834
0.839
0.844
0.849
0.854
0.859
0.864
0.869
0.874
0.88
0.885
0.891
0.896
0.902
0.907
0.913
0.918
0.924
0.929
0.935
0.94
0.945
0.951
0.956
0.961
0.966
0.971
0.976
0.98
0.985
0.989
0.994
0.998
1.002
1.006
1.009
1.013
1.016
1.019
1.022
1.025
1.027
1.029
1.031
1.032
1.034
1.035
1.036
1.036
1.036
1.036
1.035
1.035
1.033
1.032
1.03
1.027
1.025
1.022
1.018
1.014
1.01
1.005
1.0
0.986
0.972
0.957
0.942
0.927
0.911
0.896
0.88
0.863
0.847
0.831
0.814
0.798
0.781
0.764
0.748
0.732
0.715
0.699
0.683
0.668
0.652
0.637
0.622
0.608
0.594
0.58
0.567
0.554
0.542
0.531
0.52
0.51
0.5
0.498
0.498
0.498
0.498
0.5
