0.0
0.072
0.142
0.209
0.275
0.338
0.399
0.458
0.514
0.569
0.622
0.672
0.721
0.768
0.812
0.855
0.896
0.935
0.973
1.008
1.042
1.074
1.104
1.132
1.159
1.184
1.207
1.229
1.249
1.268
1.285
1.301
1.315
1.328
1.339
1.349
1.358
1.365
1.37
1.375
1.378
1.38
1.381
1.381
1.379
1.376
1.372
1.367
1.361
1.354
1.346
1.337
1.327
1.316
1.304
1.291
1.277
1.263
1.247
1.231
1.214
1.196
1.178
1.159
1.139
1.119
1.098
1.076
1.054
1.031
1.008
0.984
0.96
0.936
0.911
0.885
0.859
0.833
0.807
0.78
0.753
0.726
0.699
0.671
0.644
0.616
0.588
0.56
0.532
0.504
0.476
0.448
0.42
0.392
0.364
0.336
0.309
0.281
0.254
0.227
0.201
0.174
0.148
0.122
0.097
0.072
0.047
0.023
-0.001
-0.024
-0.047
-0.069
-0.09
-0.111
-0.132
-0.152
-0.171
-0.189
-0.207
-0.224
-0.24
-0.255
-0.27
-0.284
-0.297
-0.309
-0.32
-0.33
-0.339
-0.347
-0.354
-0.36
-0.366
-0.369
-0.372
-0.374
-0.374
-0.374
-0.372
-0.369
-0.364
-0.358
-0.351
-0.343
-0.333
-0.322
-0.309
-0.295
-0.279
-0.262
-0.244
-0.223
-0.202
-0.178
-0.153
-0.127
-0.098
-0.068
-0.036
-0.003
0.033
0.07
0.109
0.15
0.193
0.237
0.284
0.332
0.383
0.436
0.49
0.547
0.606
0.667
0.73
0.795
0.861
0.929
0.997
1.067
1.136
1.206
1.276
1.345
1.413
1.48
1.546
1.61
1.672
1.732
1.789
1.843
1.894
1.942
1.986
2.026
2.061
2.092
2.118
2.139
2.154
2.163
2.167
2.164
2.154
2.137
2.113
2.081
2.041
1.993
1.937
1.872
1.798
1.714
1.621
1.518
1.405
1.281
1.146
1.0
0.844
0.684
0.526
0.379
0.25
0.144
0.061
0.0
-0.04
-0.061
-0.064
-0.05
-0.022
0.021
0.075
0.141
0.217
0.3
0.39
0.486
0.586
0.689
0.793
0.897
1.0
1.1
1.198
1.292
1.384
1.474
1.56
1.644
1.726
1.805
1.881
1.955
2.027
2.096
2.163
2.227
2.289
2.349
2.406
2.461
2.514
2.564
2.613
2.659
2.703
2.745
2.785
2.823
2.859
2.893
2.925
2.955
2.983
3.009
3.034
3.056
3.077
3.096
3.113
3.129
3.143
3.155
3.166
3.175
3.182
3.188
3.192
3.195
3.197
3.197
3.195
3.193
3.189
3.183
3.177
3.169
3.159
3.149
3.137
3.125
3.111
3.096
3.08
3.063
3.045
3.026
3.006
2.985
2.963
2.94
2.917
2.893
2.867
2.842
2.815
2.788
2.76
2.731
2.702
2.672
2.641
2.611
2.579
2.547
2.515
2.482
2.449
2.415
2.381
2.347
2.313
2.278
2.243
2.208
2.172
2.137
2.101
2.066
2.03
1.994
1.958
1.923
1.887
1.851
1.816
1.78
1.745
1.71
1.675
1.641
1.606
1.573
1.539
1.506
1.473
1.44
1.408
1.377
1.346
1.315
1.285
1.256
1.227
1.199
1.171
1.144
1.118
1.093
1.069
1.045
1.022
1.0
0.979
0.959
0.939
0.921
0.903
0.886
0.87
0.855
0.84
0.827
0.814
0.801
0.79
0.779
0.769
0.759
0.751
0.743
0.735
0.728
0.722
0.717
0.712
0.707
0.703
0.7
0.697
0.695
0.693
0.692
0.691
0.691
0.691
0.691
0.692
0.694
0.695
0.697
0.7
0.703
0.706
0.71
0.713
0.717
0.722
0.727
0.732
0.737
0.742
0.748
0.754
0.76
0.766
0.772
0.779
0.785
0.792
0.799
0.806
0.813
0.82
0.827
0.834
0.842
0.849
0.856
0.863
0.87
0.877
0.884
0.891
0.898
0.905
0.912
0.918
0.925
0.931
0.937
0.943
0.948
0.954
0.959
0.964
0.969
0.973
0.977
0.981
0.985
0.988
0.991
0.994
0.996
0.998
0.999
1.0
1.001
1.001
1.001
1.0
0.999
0.997
0.995
0.992
0.989
0.986
0.982
0.978
0.973
0.968
0.963
0.957
0.951
0.945
0.938
0.931
0.924
0.916
0.908
0.9
0.892
0.883
0.874
0.865
0.856
0.846
0.837
0.827
0.817
0.807
0.796
0.786
0.775
0.764
0.753
0.743
0.732
0.72
0.709
0.698
0.687
0.676
0.664
0.653
0.642
0.631
0.619
0.608
0.597
0.586
0.575
0.564
0.553
0.543
0.532
0.522
0.511
0.501
0.491
0.481
0.472
0.462
0.453
0.444
0.435
0.426
0.418
0.41
0.402
0.395
0.387
0.38
0.374
0.367
0.361
0.356
0.351
0.346
0.341
0.337
0.333
0.33
0.327
0.325
0.322
0.321
0.319
0.318
0.318
0.317
0.317
0.318
0.318
0.319
0.321
0.322
0.324
0.326
0.329
0.331
0.334
0.337
0.341
0.344
0.348
0.352
0.356
0.361
0.366
0.37
0.375
0.38
0.386
0.391
0.397
0.402
0.408
0.414
0.42
0.426
0.433
0.439
0.445
0.452
0.458
0.465
0.471
0.478
0.484
0.491
0.498
0.504
0.511
0.517
0.524
0.53
0.537
0.543
0.55
0.556
0.562
0.568
0.574
0.58
0.586
0.591
0.597
0.602
0.607
0.612
0.617
0.622
0.626
0.631
0.635
0.639
0.643
0.646
0.649
0.652
0.655
0.658
0.66
0.662
0.664
0.665
0.666
0.667
0.667
0.667
0.667
0.667
0.666
0.665
0.663
0.661
0.659
0.657
0.654
0.651
0.647
0.644
0.64
0.636
0.632
0.627
0.622
0.618
0.612
0.607
0.602
0.596
0.59
0.584
0.578
0.572
0.566
0.56
0.553
0.547
0.54
0.534
0.527
0.52
0.514
0.507
0.5
0.493
0.487
0.48
0.473
0.467
0.46
0.454
0.447
0.441
0.435
0.429
0.423
0.417
0.411
0.405
0.4
0.395
0.39
0.385
0.38
0.375
0.371
0.367
0.363
0.359
0.356
0.352
0.349
0.346
0.344
0.341
0.339
0.337
0.336
0.334
0.333
0.332
0.332
0.332
0.332
0.332
0.332
0.333
0.335
0.336
0.338
0.34
0.342
0.345
0.347
0.35
0.354
0.357
0.361
0.364
0.368
0.373
0.377
0.381
0.386
0.39
0.395
0.4
0.405
0.41
0.415
0.42
0.425
0.43
0.435
0.44
0.446
0.451
0.456
0.461
0.466
0.471
0.476
0.48
0.485
0.489
0.494
0.498
0.502
0.506
0.51
0.513
0.517
0.52
0.523
0.526
0.528
0.53
0.532
0.534
0.536
0.537
0.538
0.538
0.538
0.538
0.538
0.537
0.536
0.534
0.532
0.529
0.527
0.523
0.52
0.515
0.511
0.506
0.5
0.494
0.487
0.48
0.473
0.465
0.457
0.448
0.439
0.43
0.42
0.411
0.401
0.391
0.38
0.37
0.359
0.348
0.337
0.326
0.315
0.304
0.294
0.283
0.272
0.261
0.25
0.24
0.23
0.219
0.209
0.2
0.19
0.181
0.172
0.164
0.156
0.148
0.14
0.133
0.127
0.121
0.115
0.111
0.106
0.102
0.099
0.096
0.094
0.093
0.093
0.093
0.094
0.095
0.098
0.101
0.105
0.11
0.116
0.123
0.131
0.139
0.149
0.16
0.172
0.185
0.199
0.214
0.23
0.247
0.266
0.286
0.307
0.329
0.352
0.376
0.401
0.427
0.453
0.48
0.507
0.535
0.562
0.59
0.618
0.646
0.673
0.7
0.727
0.753
0.779
0.804
0.828
0.851
0.873
0.894
0.914
0.932
0.949
0.964
0.978
0.99
1.0
1.008
1.014
1.019
1.021
1.022
1.021
1.019
1.015
1.01
1.004
0.996
0.987
0.977
0.965
0.953
0.94
0.926
0.911
0.896
0.879
0.862
0.845
0.827
0.809
0.791
0.772
0.753
0.734
0.715
0.696
0.677
0.658
0.64
0.622
0.604
0.586
0.57
0.553
0.538
0.523
0.509
0.495
0.483
0.472
0.461
0.452
0.444
0.438
0.432
0.428
0.425
0.424
0.423
0.423
0.425
0.428
0.432
0.436
0.442
0.449
0.457
0.466
0.475
0.486
0.497
0.51
0.523
0.537
0.551
0.567
0.583
0.6
0.618
0.636
0.655
0.675
0.695
0.715
0.737
0.759
0.781
0.804
0.827
0.851
0.875
0.899
0.924
0.949
0.975
1.0
1.027
1.053
1.079
1.106
1.133
1.16
1.187
1.215
1.242
1.269
1.297
1.324
1.352
1.379
1.406
1.434
1.461
1.488
1.515
1.542
1.568
1.594
1.62
1.646
1.672
1.697
1.722
1.746
1.77
1.794
1.817
1.84
1.862
1.884
1.905
1.926
1.946
1.966
1.985
2.003
2.021
2.037
2.054
2.069
2.084
2.098
2.111
2.123
2.135
2.145
2.155
2.164
2.171
2.178
2.184
2.189
2.192
2.195
2.197
2.197
2.197
2.195
2.192
2.188
2.182
2.175
2.168
2.158
2.148
2.136
2.122
2.108
2.092
2.074
2.055
2.035
2.013
1.989
1.964
1.937
1.909
1.879
1.847
1.814
1.779
1.743
1.704
1.664
1.622
1.578
1.533
1.485
1.436
1.385
1.331
1.276
1.219
1.16
1.099
1.036
0.97
0.903
0.833
0.762
0.689
0.616
0.543
0.471
0.401
0.333
0.269
0.209
0.152
0.098
0.048
0.001
-0.043
-0.084
-0.121
-0.156
-0.188
-0.217
-0.243
-0.266
-0.287
-0.305
-0.321
-0.334
-0.345
-0.353
-0.359
-0.363
-0.364
-0.364
-0.361
-0.357
-0.35
-0.342
-0.332
-0.32
-0.306
-0.291
-0.274
-0.256
-0.237
-0.216
-0.193
-0.17
-0.145
-0.119
-0.092
-0.064
-0.036
-0.006
0.025
0.056
0.088
0.12
0.153
0.187
0.221
0.255
0.289
0.324
0.359
0.395
0.43
0.465
0.5
0.535
0.57
0.604
0.639
0.673
0.707
0.74
0.774
0.807
0.839
0.871
0.903
0.934
0.965
0.995
1.025
1.054
1.083
1.111
1.138
1.165
1.19
1.216
1.24
1.264
1.287
1.309
1.33
1.35
1.369
1.388
1.405
1.422
1.437
1.451
1.465
1.477
1.488
1.498
1.507
1.514
1.52
1.525
1.529
1.531
1.533
1.532
1.53
1.527
1.523
1.517
1.509
1.5
1.489
1.477
1.463
1.448
1.431
1.412
1.391
1.369
1.345
1.319
1.291
1.261
1.23
1.196
1.161
1.124
1.085
1.043
1.0
0.955
0.908
0.86
0.813
0.765
0.719
0.675
0.633
0.593
0.558
0.526
0.5
0.479
0.463
0.452
0.446
0.444
0.446
0.452
0.461
0.474
0.49
0.508
0.53
0.553
0.578
0.605
0.633
0.662
0.692
0.723
0.753
0.784
0.815
0.845
0.874
0.902
0.928
0.953
0.976
0.997
1.015
1.031
1.043
1.052
1.058
1.059
1.057
1.05
1.038
1.022
1.0
0.973
0.941
0.905
0.865
0.822
0.777
0.731
0.684
0.637
0.59
0.544
0.5
0.458
0.419
0.382
0.348
0.316
0.286
0.258
0.232
0.208
0.187
0.167
0.149
0.133
0.119
0.107
0.097
0.088
0.08
0.075
0.071
0.068
0.067
0.067
0.068
0.071
0.075
0.08
0.086
0.093
0.102
0.111
0.121
0.132
0.144
0.157
0.17
0.185
0.199
0.215
0.231
0.247
0.264
0.281
0.298
0.316
0.334
0.352
0.371
0.389
0.408
0.426
0.444
0.463
0.481
0.499
0.516
0.533
0.55
0.567
0.583
0.598
0.613
0.628
0.641
0.654
0.667
0.678
0.689
0.699
0.708
0.716
0.724
0.73
0.737
0.742
0.747
0.751
0.755
0.758
0.76
0.762
0.763
0.763
0.763
0.763
0.762
0.76
0.758
0.756
0.753
0.75
0.746
0.742
0.737
0.733
0.727
0.722
0.716
0.71
0.703
0.696
0.689
0.682
0.674
0.667
0.659
0.651
0.642
0.634
0.626
0.617
0.609
0.6
0.592
0.584
0.576
0.568
0.56
0.552
0.545
0.538
0.532
0.525
0.519
0.514
0.509
0.504
0.5
0.496
0.493
0.491
0.489
0.488
0.487
0.486
0.486
0.486
0.487
0.489
0.49
0.492
0.495
0.497
0.501
0.504
0.508
0.512
0.517
0.521
0.526
0.532
0.537
0.543
0.549
0.555
0.562
0.568
0.575
0.582
0.589
0.596
0.604
0.611
0.619
0.626
0.634
0.642
0.65
0.658
0.666
0.674
0.682
0.689
0.697
0.705
0.713
0.721
0.728
0.736
0.743
0.751
0.758
0.765
0.772
0.779
0.785
0.791
0.798
0.803
0.809
0.815
0.82
0.825
0.829
0.834
0.838
0.841
0.845
0.848
0.85
0.853
0.855
0.856
0.857
0.858
0.858
0.858
0.857
0.856
0.854
0.852
0.849
0.846
0.842
0.838
0.833
0.828
0.822
0.815
0.808
0.801
0.793
0.785
0.776
0.767
0.757
0.747
0.737
0.727
0.716
0.705
0.694
0.683
0.672
0.66
0.649
0.637
0.626
0.614
0.602
0.591
0.579
0.568
0.557
0.545
0.534
0.524
0.513
0.503
0.493
0.483
0.473
0.464
0.456
0.447
0.439
0.432
0.425
0.419
0.413
0.407
0.403
0.398
0.395
0.392
0.39
0.388
0.388
0.388
0.388
0.39
0.392
0.396
0.4
0.405
0.411
0.418
0.425
0.434
0.442
0.452
0.462
0.472
0.483
0.494
0.505
0.517
0.528
0.54
0.552
0.564
0.575
0.587
0.598
0.609
0.62
0.63
0.64
0.65
0.659
0.667
0.675
0.681
0.687
0.693
0.697
0.7
0.702
0.704
0.704
0.702
0.7
0.696
0.691
0.685
0.678
0.67
0.66
0.65
0.639
0.628
0.616
0.603
0.59
0.576
0.562
0.548
0.534
0.519
0.505
0.49
0.476
0.462
0.449
0.435
0.423
0.41
0.399
0.388
0.378
0.368
0.36
0.352
0.346
0.341
0.337
0.335
0.333
0.334
0.335
0.338
0.343
0.349
0.356
0.364
0.374
0.385
0.397
0.41
0.424
0.439
0.455
0.473
0.491
0.51
0.53
0.551
0.572
0.595
0.618
0.642
0.666
0.692
0.717
0.744
0.771
0.798
0.826
0.854
0.883
0.912
0.941
0.971
1.0
1.03
1.061
1.091
1.122
1.152
1.183
1.214
1.244
1.275
1.305
1.335
1.366
1.396
1.425
1.455
1.484
1.513
1.541
1.569
1.597
1.624
1.65
1.676
1.702
1.727
1.751
1.774
1.797
1.819
1.84
1.86
1.88
1.898
1.916
1.933
1.948
1.963
1.977
1.989
2.0
2.01
2.019
2.027
2.033
2.038
2.042
2.044
2.045
2.045
2.043
2.039
2.034
2.027
2.019
2.009
1.997
1.983
1.968
1.951
1.932
1.911
1.888
1.864
1.837
1.808
1.778
1.745
1.71
1.673
1.633
1.592
1.548
1.502
1.454
1.403
1.35
1.294
1.236
1.175
1.112
1.046
0.978
0.907
0.833
0.757
0.68
0.603
0.529
0.458
0.392
0.333
0.283
0.24
0.206
0.178
0.158
0.143
0.135
0.133
0.136
0.144
0.156
0.172
0.192
0.215
0.241
0.269
0.299
0.331
0.364
0.398
0.432
0.466
0.5
0.533
0.565
0.596
0.626
0.656
0.684
0.711
0.738
0.764
0.788
0.812
0.834
0.856
0.877
0.896
0.915
0.932
0.948
0.964
0.978
0.991
1.003
1.014
1.024
1.032
1.04
1.046
1.051
1.055
1.057
1.058
1.059
1.057
1.055
1.051
1.046
1.04
1.032
1.023
1.013
1.001
0.988
0.974
0.958
0.941
0.922
0.902
0.881
0.858
0.833
0.807
0.78
0.752
0.723
0.693
0.662
0.632
0.601
0.57
0.539
0.509
0.479
0.451
0.423
0.396
0.371
0.347
0.325
0.305
0.287
0.272
0.259
0.248
0.241
0.236
0.235
0.238
0.244
0.254
0.268
0.286
0.308
0.334
0.364
0.397
0.431
0.468
0.505
0.544
0.582
0.62
0.657
0.692
0.726
0.757
0.784
0.808
0.828
0.843
0.853
0.857
0.855
0.847
0.834
0.815
0.793
0.766
0.737
0.704
0.669
0.632
0.594
0.556
0.516
0.477
0.439
0.402
0.367
0.333
0.303
0.275
0.249
0.226
0.206
0.188
0.172
0.158
0.146
0.137
0.129
0.123
0.119
0.117
0.116
0.117
0.12
0.124
0.129
0.136
0.144
0.152
0.162
0.173
0.185
0.198
0.212
0.226
0.241
0.256
0.272
0.288
0.304
0.321
0.338
0.355
0.372
0.389
0.406
0.423
0.439
0.455
0.47
0.486
0.5
0.514
0.527
0.54
0.552
0.564
0.575
0.586
0.597
0.607
0.617
0.627
0.637
0.647
0.657
0.667
0.677
0.687
0.697
0.707
0.717
0.727
0.738
0.748
0.758
0.769
0.779
0.789
0.799
0.81
0.82
0.83
0.84
0.85
0.859
0.869
0.879
0.888
0.897
0.907
0.916
0.924
0.933
0.942
0.95
0.958
0.966
0.973
0.981
0.988
0.995
1.001
1.008
1.014
1.019
1.025
1.03
1.034
1.039
1.043
1.047
1.05
1.053
1.055
1.057
1.059
1.06
1.061
1.061
1.061
1.061
1.06
1.058
1.056
1.054
1.051
1.047
1.043
1.038
1.033
1.027
1.021
1.014
1.006
0.998
0.989
0.98
0.97
0.959
0.948
0.936
0.923
0.909
0.895
0.88
0.865
0.849
0.831
0.814
0.795
0.776
0.755
0.734
0.713
0.69
0.667
0.642
0.617
0.592
0.566
0.54
0.513
0.487
0.46
0.434
0.408
0.383
0.359
0.335
0.312
0.29
0.269
0.249
0.231
0.215
0.2
0.187
0.176
0.167
0.16
0.155
0.153
0.152
0.153
0.156
0.161
0.167
0.174
0.183
0.193
0.205
0.217
0.231
0.245
0.26
0.276
0.292
0.309
0.326
0.344
0.362
0.38
0.398
0.415
0.433
0.45
0.467
0.484
0.5
0.515
0.53
0.544
0.558
0.57
0.583
0.594
0.605
0.616
0.625
0.635
0.644
0.652
0.659
0.667
0.673
0.679
0.685
0.69
0.695
0.699
0.703
0.706
0.709
0.712
0.714
0.716
0.717
0.718
0.719
0.719
0.719
0.718
0.717
0.716
0.715
0.713
0.711
0.708
0.706
0.703
0.7
0.696
0.693
0.689
0.685
0.681
0.676
0.671
0.667
0.662
0.657
0.651
0.646
0.64
0.635
0.629
0.623
0.617
0.611
0.605
0.599
0.593
0.587
0.581
0.575
0.568
0.562
0.556
0.55
0.544
0.538
0.532
0.527
0.521
0.516
0.51
0.505
0.5
0.495
0.49
0.485
0.481
0.476
0.472
0.468
0.465
0.461
0.458
0.455
0.453
0.45
0.448
0.447
0.445
0.444
0.443
0.443
0.443
0.443
0.444
0.445
0.446
0.448
0.451
0.454
0.457
0.46
0.465
0.469
0.474
0.48
0.486
0.493
0.5
0.508
0.516
0.525
0.534
0.544
0.554
0.565
0.576
0.588
0.6
0.613
0.625
0.639
0.653
0.667
0.681
0.696
0.711
0.727
0.742
0.758
0.775
0.791
0.808
0.825
0.842
0.86
0.877
0.895
0.913
0.931
0.949
0.967
0.985
1.004
1.022
1.04
1.059
1.077
1.095
1.114
1.132
1.15
1.168
1.186
1.204
1.221
1.239
1.256
1.273
1.29
1.307
1.324
1.34
1.356
1.371
1.387
1.402
1.417
1.431
1.445
1.459
1.472
1.485
1.497
1.509
1.52
1.531
1.542
1.552
1.561
1.57
1.578
1.586
1.593
1.6
1.606
1.611
1.616
1.62
1.623
1.625
1.627
1.628
1.628
1.628
1.627
1.625
1.622
1.618
1.613
1.608
1.601
1.594
1.586
1.577
1.567
1.556
1.544
1.531
1.517
1.502
1.485
1.468
1.45
1.431
1.41
1.388
1.366
1.342
1.317
1.29
1.263
1.234
1.204
1.173
1.14
1.106
1.071
1.035
0.997
0.958
0.917
0.875
0.832
0.788
0.744
0.702
0.661
0.623
0.588
0.558
0.533
0.514
0.501
0.497
0.5
0.512
0.532
0.557
0.587
0.618
0.65
0.681
0.708
0.731
0.747
0.754
0.752
0.738
0.71
0.667
0.607
0.534
0.45
0.358
0.263
0.167
0.072
-0.02
-0.109
-0.196
-0.281
-0.364
-0.444
-0.522
-0.597
-0.671
-0.742
-0.811
-0.878
-0.942
-1.004
-1.065
-1.123
-1.179
-1.233
-1.285
-1.335
-1.382
-1.428
-1.472
-1.514
-1.554
-1.592
-1.628
-1.662
-1.695
-1.725
-1.754
-1.781
-1.806
-1.829
-1.851
-1.871
-1.889
-1.906
-1.921
-1.934
-1.946
-1.956
-1.964
-1.971
-1.976
-1.98
-1.982
-1.983
-1.983
-1.98
-1.977
-1.972
-1.966
-1.958
-1.949
-1.939
-1.927
-1.914
-1.9
-1.885
-1.868
-1.85
-1.831
-1.811
-1.789
-1.767
-1.743
-1.719
-1.693
-1.666
-1.638
-1.609
-1.58
-1.549
-1.517
-1.484
-1.451
-1.416
-1.381
-1.345
-1.308
-1.27
-1.231
-1.192
-1.152
-1.111
-1.069
-1.027
-0.984
-0.94
-0.896
-0.851
-0.806
-0.76
-0.713
-0.666
-0.619
-0.571
-0.522
-0.473
-0.423
-0.374
-0.323
-0.273
-0.222
-0.17
-0.119
-0.067
-0.015
0.038
0.091
0.144
0.197
0.25
0.303
0.357
0.41
0.462
0.513
0.564
0.613
0.66
0.705
0.748
0.789
0.826
0.861
0.893
0.921
0.945
0.966
0.982
0.993
1.0
1.002
0.999
0.991
0.98
0.964
0.945
0.923
0.899
0.871
0.842
0.811
0.778
0.744
0.709
0.674
0.638
0.603
0.568
0.533
0.5
0.468
0.438
0.408
0.381
0.354
0.329
0.305
0.283
0.261
0.241
0.222
0.205
0.188
0.173
0.158
0.145
0.133
0.122
0.112
0.104
0.096
0.089
0.083
0.078
0.074
0.071
0.069
0.068
0.068
0.068
0.07
0.072
0.075
0.079
0.083
0.088
0.094
0.101
0.109
0.117
0.125
0.135
0.145
0.155
0.166
0.178
0.19
0.203
0.216
0.23
0.244
0.258
0.273
0.289
0.304
0.32
0.337
0.354
0.371
0.388
0.406
0.424
0.442
0.46
0.479
0.498
0.516
0.535
0.555
0.574
0.593
0.613
0.632
0.651
0.671
0.69
0.71
0.729
0.748
0.767
0.786
0.805
0.824
0.843
0.861
0.88
0.898
0.915
0.933
0.95
0.967
0.984
1.0
1.016
1.032
1.047
1.062
1.076
1.09
1.104
1.117
1.13
1.143
1.155
1.167
1.179
1.19
1.201
1.211
1.221
1.231
1.24
1.249
1.257
1.265
1.273
1.28
1.287
1.293
1.299
1.305
1.31
1.315
1.319
1.323
1.327
1.33
1.333
1.335
1.337
1.338
1.339
1.34
1.34
1.339
1.339
1.337
1.336
1.334
1.331
1.328
1.325
1.321
1.316
1.311
1.306
1.3
1.294
1.287
1.28
1.273
1.265
1.256
1.247
1.237
1.227
1.217
1.206
1.194
1.182
1.17
1.157
1.144
1.13
1.115
1.1
1.085
1.069
1.052
1.035
1.018
1.0
0.981
0.963
0.943
0.924
0.904
0.883
0.863
0.843
0.823
0.802
0.782
0.762
0.742
0.723
0.704
0.685
0.667
0.649
0.632
0.616
0.6
0.586
0.572
0.559
0.547
0.536
0.526
0.518
0.511
0.505
0.5
0.497
0.495
0.495
0.497
0.5
0.505
0.512
0.52
0.529
0.539
0.55
0.563
0.575
0.588
0.602
0.615
0.629
0.642
0.654
0.667
0.678
0.689
0.699
0.709
0.717
0.725
0.733
0.74
0.746
0.752
0.757
0.762
0.766
0.769
0.772
0.775
0.777
0.779
0.78
0.781
0.782
0.782
0.781
0.781
0.78
0.779
0.777
0.775
0.773
0.771
0.768
0.765
0.762
0.759
0.756
0.752
0.749
0.745
0.741
0.737
0.733
0.729
0.725
0.721
0.717
0.713
0.709
0.705
0.701
0.697
0.693
0.69
0.686
0.683
0.68
0.677
0.674
0.671
0.669
0.667
0.665
0.663
0.662
0.661
0.66
0.659
0.658
0.658
0.658
0.658
0.658
0.658
0.658
0.659
0.659
0.66
0.66
0.661
0.662
0.662
0.663
0.664
0.664
0.665
0.666
0.666
0.667
0.667
0.667
0.668
0.668
0.668
0.668
0.667
0.667
0.667
0.666
0.666
0.665
0.665
0.664
0.663
0.662
0.661
0.66
0.659
0.658
0.657
0.655
0.654
0.652
0.65
0.649
0.647
0.645
0.643
0.641
0.639
0.637
0.634
0.632
0.629
0.627
0.624
0.622
0.619
0.616
0.613
0.61
0.607
0.604
0.601
0.597
0.594
0.59
0.587
0.583
0.58
0.576
0.572
0.568
0.564
0.56
0.556
0.551
0.547
0.543
0.538
0.534
0.529
0.525
0.52
0.515
0.51
0.505
0.5
0.495
0.49
0.485
0.479
0.474
0.469
0.464
0.46
0.455
0.451
0.447
0.443
0.44
0.437
0.434
0.432
0.43
0.428
0.427
0.427
0.427
0.428
0.43
0.432
0.435
0.438
0.443
0.448
0.454
0.461
0.469
0.477
0.487
0.498
0.509
0.522
0.536
0.551
0.567
0.585
0.603
0.623
0.644
0.667
0.69
0.715
0.742
0.769
0.796
0.825
0.854
0.883
0.913
0.942
0.972
1.002
1.031
1.059
1.088
1.115
1.141
1.167
1.191
1.214
1.236
1.256
1.274
1.29
1.305
1.317
1.327
1.334
1.339
1.342
1.341
1.338
1.331
1.321
1.308
1.291
1.271
1.247
1.218
1.186
1.149
1.108
1.063
1.013
0.958
0.898
0.833
0.764
0.69
0.615
0.54
0.467
0.398
0.333
0.276
0.225
0.181
0.143
0.111
0.084
0.064
0.048
0.038
0.033
0.032
0.035
0.043
0.054
0.069
0.087
0.108
0.133
0.159
0.188
0.22
0.253
0.287
0.323
0.36
0.398
0.437
0.476
0.515
0.553
0.592
0.63
0.667
0.703
0.737
0.77
0.801
0.83
0.857
0.881
0.903
0.922
0.939
0.953
0.966
0.976
0.984
0.99
0.994
0.996
0.997
0.996
0.993
0.988
0.983
0.975
0.967
0.957
0.946
0.934
0.921
0.907
0.893
0.877
0.861
0.844
0.826
0.808
0.79
0.771
0.752
0.733
0.713
0.694
0.675
0.655
0.636
0.618
0.599
0.581
0.564
0.547
0.53
0.515
0.5
0.486
0.473
0.461
0.449
0.439
0.429
0.42
0.412
0.405
0.399
0.394
0.389
0.385
0.382
0.38
0.379
0.379
0.379
0.381
0.383
0.386
0.39
0.394
0.4
0.406
0.413
0.421
0.43
0.44
0.45
0.461
0.473
0.486
0.5
0.514
0.53
0.546
0.562
0.579
0.596
0.613
0.63
0.648
0.665
0.682
0.699
0.716
0.732
0.747
0.762
0.776
0.789
0.801
0.812
0.822
0.831
0.838
0.844
0.848
0.851
0.852
0.851
0.848
0.843
0.836
0.826
0.814
0.8
0.783
0.764
0.743
0.721
0.697
0.672
0.647
0.621
0.596
0.571
0.546
0.522
0.5
0.479
0.46
0.443
0.426
0.412
0.399
0.387
0.376
0.367
0.359
0.352
0.346
0.341
0.338
0.335
0.333
0.332
0.332
0.333
0.335
0.337
0.34
0.343
0.348
0.352
0.357
0.363
0.369
0.375
0.382
0.389
0.396
0.403
0.41
0.418
0.425
0.432
0.44
0.447
0.454
0.461
0.467
0.474
0.48
0.485
0.49
0.495
0.499
0.502
0.505
0.507
0.509
0.51
0.509
0.508
0.507
0.504
0.5
0.495
0.489
0.483
0.475
0.467
0.457
0.448
0.437
0.426
0.415
0.403
0.39
0.378
0.365
0.352
0.338
0.325
0.311
0.298
0.285
0.272
0.259
0.246
0.234
0.222
0.21
0.199
0.189
0.179
0.17
0.161
0.154
0.147
0.141
0.137
0.133
0.13
0.129
0.128
0.129
0.132
0.136
0.141
0.147
0.156
0.166
0.177
0.191
0.206
0.223
0.242
0.263
0.286
0.311
0.339
0.368
0.4
0.434
0.47
0.508
0.547
0.588
0.628
0.67
0.711
0.752
0.792
0.831
0.869
0.905
0.939
0.971
1.0
1.026
1.049
1.07
1.087
1.103
1.115
1.126
1.134
1.14
1.144
1.146
1.147
1.146
1.143
1.139
1.134
1.127
1.119
1.111
1.102
1.092
1.081
1.07
1.058
1.047
1.035
1.023
1.011
1.0
0.989
0.978
0.968
0.957
0.948
0.938
0.929
0.92
0.911
0.903
0.895
0.887
0.88
0.872
0.865
0.859
0.852
0.846
0.84
0.834
0.828
0.823
0.818
0.813
0.808
0.803
0.799
0.794
0.79
0.786
0.782
0.779
0.775
0.772
0.768
0.765
0.762
0.759
0.756
0.753
0.75
0.748
0.745
0.743
0.74
0.738
0.735
0.733
0.731
0.728
0.726
0.724
0.722
0.719
0.717
0.715
0.712
0.71
0.708
0.705
0.703
0.7
0.698
0.695
0.692
0.689
0.686
0.683
0.68
0.677
0.674
0.67
0.667
0.663
0.659
0.655
0.651
0.647
0.643
0.638
0.634
0.629
0.625
0.62
0.616
0.611
0.606
0.601
0.597
0.592
0.587
0.582
0.578
0.573
0.569
0.564
0.559
0.555
0.551
0.546
0.542
0.538
0.534
0.53
0.527
0.523
0.52
0.516
0.513
0.51
0.507
0.505
0.502
0.5
0.498
0.496
0.495
0.493
0.492
0.491
0.49
0.489
0.489
0.488
0.488
0.488
0.488
0.489
0.489
0.489
0.49
0.491
0.492
0.493
0.494
0.495
0.496
0.498
0.499
0.501
0.502
0.504
0.506
0.508
0.509
0.511
0.513
0.515
0.517
0.52
0.522
0.524
0.526
0.528
0.53
0.532
0.535
0.537
0.539
0.541
0.543
0.545
0.547
0.549
0.551
0.553
0.555
0.556
0.558
0.56
0.561
0.563
0.564
0.565
0.566
0.567
0.568
0.569
0.57
0.57
0.571
0.571
0.571
0.571
0.571
0.571
0.571
0.57
0.57
0.569
0.568
0.567
0.566
0.565
0.564
0.562
0.561
0.559
0.558
0.556
0.555
0.553
0.551
0.549
0.547
0.545
0.543
0.541
0.539
0.537
0.535
0.533
0.531
0.529
0.527
0.525
0.523
0.52
0.518
0.516
0.514
0.512
0.51
0.509
0.507
0.505
0.503
0.502
0.5
0.498
0.497
0.496
0.494
0.493
0.492
0.491
0.49
0.489
0.488
0.487
0.486
0.486
0.485
0.484
0.484
0.483
0.483
0.482
0.482
0.482
0.482
0.481
0.481
0.481
0.481
0.481
0.481
0.481
0.482
0.482
0.482
0.482
0.483
0.483
0.484
0.484
0.484
0.485
0.486
0.486
0.487
0.487
0.488
0.489
0.49
0.49
0.491
0.492
0.493
0.494
0.495
0.496
0.497
0.498
0.499
0.5
0.501
0.502
0.503
0.504
0.505
0.506
0.507
0.509
0.51
0.511
0.512
0.513
0.514
0.516
0.517
0.518
0.519
0.52
0.522
0.523
0.524
0.525
0.526
0.528
0.529
0.53
0.531
0.532
0.534
0.535
0.536
0.537
0.538
0.539
0.541
0.542
0.543
0.544
0.545
0.546
0.547
0.548
0.549
0.55
0.551
0.552
0.552
0.553
0.554
0.555
0.556
0.556
0.557
0.558
0.558
0.559
0.56
0.56
0.561
0.561
0.562
0.562
0.562
0.563
0.563
0.563
0.563
0.563
0.564
0.564
0.564
0.563
0.563
0.563
0.563
0.563
0.562
0.562
0.562
0.561
0.561
0.56
0.559
0.559
0.558
0.557
0.556
0.555
0.554
0.553
0.552
0.551
0.55
0.548
0.547
0.545
0.544
0.542
0.54
0.538
0.537
0.535
0.533
0.531
0.528
0.526
0.524
0.521
0.519
0.516
0.514
0.511
0.508
0.505
0.502
0.499
0.496
0.492
0.489
0.485
0.482
0.478
0.474
0.471
0.467
0.462
0.458
0.454
0.45
0.445
0.441
0.436
0.431
0.426
0.421
0.416
0.411
0.406
0.4
0.395
0.389
0.383
0.377
0.371
0.365
0.359
0.352
0.346
0.339
0.332
0.326
0.319
0.312
0.304
0.297
0.289
0.282
0.274
0.266
0.258
0.25
0.242
0.233
0.225
0.216
0.207
0.199
0.19
0.181
0.172
0.163
0.153
0.144
0.135
0.126
0.116
0.107
0.098
0.089
0.079
0.07
0.061
0.052
0.042
0.033
0.024
0.015
0.007
-0.002
-0.011
-0.02
-0.028
-0.036
-0.045
-0.053
-0.061
-0.068
-0.076
-0.083
-0.091
-0.098
-0.105
-0.111
-0.118
-0.124
-0.13
-0.136
-0.142
-0.147
-0.152
-0.157
-0.161
-0.165
-0.169
-0.173
-0.176
-0.179
-0.182
-0.184
-0.186
-0.188
-0.189
-0.19
-0.191
-0.191
-0.191
-0.19
-0.189
-0.188
-0.186
-0.183
-0.181
-0.177
-0.174
-0.17
-0.165
-0.16
-0.154
-0.148
-0.142
-0.135
-0.127
-0.119
-0.11
-0.101
-0.091
-0.081
-0.07
-0.059
-0.047
-0.034
-0.021
-0.007
0.008
0.023
0.038
0.055
0.072
0.09
0.108
0.127
0.147
0.167
0.188
0.21
0.233
0.256
0.28
0.305
0.331
0.357
0.384
0.412
0.44
0.47
0.5
0.531
0.563
0.595
0.628
0.661
0.694
0.727
0.761
0.794
0.827
0.86
0.892
0.923
0.954
0.984
1.013
1.041
1.067
1.093
1.117
1.139
1.16
1.179
1.196
1.211
1.224
1.234
1.242
1.248
1.251
1.252
1.249
1.244
1.235
1.223
1.208
1.19
1.168
1.142
1.113
1.079
1.042
1.0
0.954
0.905
0.852
0.797
0.739
0.68
0.621
0.56
0.5
0.44
0.381
0.323
0.265
0.208
0.152
0.096
0.041
-0.014
-0.068
-0.121
-0.174
-0.226
-0.277
-0.328
-0.378
-0.427
-0.476
-0.525
-0.572
-0.62
-0.666
-0.712
-0.757
-0.802
-0.846
-0.89
-0.933
-0.975
-1.017
-1.058
-1.099
-1.139
-1.178
-1.217
-1.256
-1.293
-1.331
-1.367
-1.403
-1.439
-1.474
-1.509
-1.543
-1.576
-1.609
-1.641
-1.673
-1.704
-1.735
-1.765
-1.795
-1.824
-1.853
-1.881
-1.908
-1.935
-1.962
-1.988
-2.014
-2.039
-2.063
-2.087
-2.111
-2.134
-2.157
-2.179
-2.2
-2.222
-2.242
-2.262
-2.282
-2.301
-2.32
-2.339
-2.356
-2.374
-2.391
-2.407
-2.423
-2.439
-2.454
-2.469
-2.483
-2.497
-2.51
-2.523
-2.536
-2.548
-2.559
-2.571
-2.581
-2.592
-2.602
-2.611
-2.62
-2.629
-2.637
-2.645
-2.653
-2.66
-2.667
-2.673
-2.679
-2.684
-2.69
-2.694
-2.699
-2.703
-2.706
-2.71
-2.713
-2.715
-2.717
-2.719
-2.721
-2.722
-2.722
-2.723
-2.723
-2.722
-2.722
-2.721
-2.719
-2.718
-2.716
-2.713
-2.711
-2.708
-2.704
-2.701
-2.697
-2.692
-2.688
-2.683
-2.677
-2.672
-2.666
-2.66
-2.653
-2.647
-2.64
-2.632
-2.625
-2.617
-2.608
-2.6
-2.591
-2.582
-2.573
-2.563
-2.553
-2.543
-2.533
-2.522
-2.511
-2.5
-2.489
-2.477
-2.465
-2.453
-2.441
-2.428
-2.415
-2.402
-2.389
-2.375
-2.361
-2.347
-2.333
-2.318
-2.304
-2.289
-2.274
-2.258
-2.243
-2.227
-2.211
-2.195
-2.178
-2.162
-2.145
-2.128
-2.111
-2.094
-2.076
-2.059
-2.041
-2.023
-2.005
-1.986
-1.968
-1.949
-1.93
-1.911
-1.892
-1.873
-1.853
-1.834
-1.814
-1.794
-1.774
-1.754
-1.733
-1.713
-1.692
-1.671
-1.651
-1.63
-1.608
-1.587
-1.566
-1.544
-1.523
-1.501
-1.479
-1.458
-1.436
-1.414
-1.391
-1.369
-1.347
-1.324
-1.302
-1.279
-1.256
-1.234
-1.211
-1.188
-1.165
-1.142
-1.119
-1.096
-1.072
-1.049
-1.026
-1.002
-0.979
-0.955
-0.932
-0.908
-0.885
-0.861
-0.837
-0.814
-0.79
-0.766
-0.742
-0.718
-0.694
-0.671
-0.647
-0.623
-0.599
-0.575
-0.551
-0.527
-0.503
-0.479
-0.455
-0.432
-0.408
-0.384
-0.36
-0.336
-0.312
-0.289
-0.265
-0.241
-0.217
-0.194
-0.17
-0.147
-0.123
-0.099
-0.076
-0.053
-0.029
-0.006
0.017
0.04
0.064
0.087
0.11
0.132
0.155
0.178
0.201
0.223
0.246
0.268
0.291
0.313
0.335
0.357
0.379
0.401
0.423
0.444
0.466
0.487
0.509
0.53
0.551
0.572
0.592
0.612
0.633
0.652
0.672
0.691
0.71
0.729
0.747
0.765
0.783
0.8
0.817
0.834
0.85
0.865
0.88
0.895
0.909
0.923
0.936
0.948
0.96
0.972
0.983
0.993
1.003
1.012
1.02
1.028
1.035
1.041
1.047
1.051
1.055
1.059
1.061
1.063
1.064
1.064
1.063
1.062
1.059
1.056
1.052
1.047
1.041
1.033
1.025
1.016
1.006
0.995
0.983
0.97
0.956
0.941
0.924
0.907
0.888
0.868
0.847
0.825
0.802
0.777
0.751
0.724
0.696
0.667
0.636
0.604
0.572
0.539
0.506
0.473
0.441
0.41
0.38
0.351
0.324
0.299
0.277
0.257
0.24
0.227
0.217
0.211
0.209
0.212
0.219
0.232
0.25
0.274
0.302
0.336
0.373
0.413
0.456
0.502
0.548
0.596
0.644
0.691
0.737
0.782
0.825
0.865
0.901
0.933
0.961
0.983
1.0
1.01
1.015
1.013
1.007
0.996
0.981
0.962
0.939
0.914
0.887
0.857
0.827
0.795
0.762
0.73
0.698
0.667
0.637
0.608
0.58
0.554
0.529
0.506
0.483
0.462
0.443
0.424
0.407
0.391
0.376
0.363
0.351
0.34
0.33
0.322
0.314
0.309
0.304
0.301
0.299
0.298
0.298
0.3
0.303
0.307
0.312
0.319
0.327
0.336
0.346
0.358
0.371
0.385
0.4
0.417
0.434
0.453
0.473
0.493
0.515
0.537
0.56
0.583
0.607
0.632
0.657
0.682
0.707
0.733
0.758
0.783
0.809
0.834
0.859
0.883
0.907
0.931
0.953
0.976
0.997
1.018
1.037
1.056
1.074
1.09
1.106
1.119
1.132
1.143
1.153
1.161
1.167
1.171
1.174
1.174
1.173
1.169
1.163
1.155
1.145
1.132
1.117
1.099
1.078
1.055
1.029
1.0
0.968
0.934
0.897
0.86
0.821
0.782
0.743
0.704
0.667
0.631
0.597
0.564
0.533
0.503
0.475
0.448
0.423
0.399
0.376
0.355
0.336
0.317
0.3
0.284
0.269
0.256
0.243
0.232
0.222
0.213
0.205
0.199
0.193
0.188
0.184
0.181
0.18
0.179
0.178
0.179
0.181
0.183
0.186
0.19
0.195
0.2
0.206
0.213
0.22
0.228
0.236
0.245
0.254
0.264
0.275
0.286
0.297
0.309
0.321
0.333
0.346
0.359
0.372
0.386
0.399
0.413
0.427
0.441
0.456
0.47
0.485
0.499
0.514
0.528
0.543
0.557
0.571
0.585
0.599
0.613
0.627
0.64
0.654
0.667
0.679
0.692
0.704
0.716
0.727
0.738
0.749
0.76
0.77
0.78
0.79
0.8
0.809
0.818
0.827
0.835
0.844
0.852
0.859
0.867
0.874
0.881
0.888
0.894
0.9
0.906
0.912
0.918
0.923
0.928
0.933
0.938
0.942
0.946
0.95
0.954
0.957
0.961
0.964
0.967
0.969
0.972
0.974
0.976
0.978
0.98
0.981
0.982
0.983
0.984
0.985
0.986
0.986
0.986
0.986
0.986
0.986
0.985
0.984
0.984
0.983
0.981
0.98
0.979
0.977
0.975
0.973
0.971
0.969
0.967
0.964
0.962
0.959
0.956
0.953
0.95
0.946
0.943
0.939
0.936
0.932
0.928
0.924
0.92
0.916
0.911
0.907
0.902
0.898
0.893
0.888
0.883
0.878
0.873
0.868
0.862
0.857
0.852
0.846
0.84
0.835
0.829
0.823
0.817
0.811
0.805
0.799
0.793
0.787
0.78
0.774
0.768
0.761
0.755
0.748
0.742
0.735
0.729
0.722
0.715
0.709
0.702
0.695
0.688
0.681
0.675
0.668
0.661
0.654
0.647
0.64
0.633
0.626
0.619
0.613
0.606
0.599
0.592
0.585
0.578
0.571
0.564
0.558
0.551
0.544
0.537
0.53
0.524
0.517
0.51
0.504
0.497
0.491
0.484
0.478
0.471
0.465
0.459
0.453
0.446
0.44
0.434
0.428
0.422
0.416
0.411
0.405
0.399
0.394
0.388
0.383
0.377
0.372
0.367
0.362
0.357
0.352
0.347
0.342
0.338
0.333
0.329
0.325
0.32
0.316
0.312
0.309
0.305
0.301
0.298
0.294
0.291
0.288
0.285
0.282
0.279
0.276
0.273
0.271
0.268
0.266
0.264
0.262
0.26
0.258
0.256
0.255
0.253
0.252
0.251
0.25
0.249
0.248
0.247
0.247
0.246
0.246
0.246
0.246
0.246
0.246
0.246
0.247
0.247
0.248
0.249
0.25
0.251
0.252
0.254
0.255
0.257
0.259
0.261
0.263
0.265
0.267
0.269
0.272
0.275
0.277
0.28
0.283
0.286
0.289
0.292
0.295
0.299
0.302
0.306
0.309
0.313
0.317
0.321
0.324
0.328
0.332
0.337
0.341
0.345
0.349
0.353
0.358
0.362
0.367
0.371
0.376
0.38
0.385
0.39
0.394
0.399
0.404
0.408
0.413
0.418
0.423
0.428
0.432
0.437
0.442
0.447
0.452
0.457
0.462
0.466
0.471
0.476
0.481
0.486
0.49
0.495
0.5
0.505
0.509
0.514
0.519
0.523
0.528
0.532
0.537
0.541
0.546
0.55
0.555
0.559
0.563
0.568
0.572
0.576
0.58
0.585
0.589
0.593
0.597
0.601
0.605
0.609
0.613
0.617
0.621
0.624
0.628
0.632
0.636
0.639
0.643
0.646
0.65
0.653
0.657
0.66
0.663
0.667
0.67
0.673
0.676
0.679
0.682
0.685
0.688
0.691
0.694
0.697
0.7
0.702
0.705
0.708
0.71
0.713
0.715
0.717
0.72
0.722
0.724
0.726
0.729
0.731
0.733
0.734
0.736
0.738
0.74
0.742
0.743
0.745
0.746
0.748
0.749
0.75
0.752
0.753
0.754
0.755
0.756
0.757
0.758
0.758
0.759
0.76
0.76
0.761
0.761
0.762
0.762
0.762
0.762
0.762
0.762
0.762
0.762
0.762
0.762
0.761
0.761
0.76
0.76
0.759
0.758
0.758
0.757
0.756
0.755
0.753
0.752
0.751
0.749
0.748
0.746
0.745
0.743
0.741
0.739
0.737
0.735
0.733
0.731
0.728
0.726
0.724
0.721
0.718
0.715
0.713
0.71
0.707
0.703
0.7
0.697
0.693
0.69
0.686
0.683
0.679
0.675
0.671
0.667
