0.0
0.02
0.039
0.059
0.078
0.098
0.118
0.137
0.157
0.176
0.196
0.216
0.235
0.255
0.275
0.294
0.314
0.333
0.334
0.334
0.335
0.335
0.336
0.336
0.337
0.337
0.337
0.338
0.338
0.339
0.339
0.34
0.34
0.341
0.341
0.342
0.342
0.342
0.343
0.343
0.344
0.344
0.345
0.345
0.346
0.346
0.347
0.347
0.347
0.348
0.348
0.349
0.349
0.35
0.35
0.351
0.351
0.352
0.352
0.353
0.353
0.353
0.354
0.354
0.355
0.355
0.356
0.356
0.357
0.357
0.358
0.358
0.358
0.359
0.359
0.36
0.36
0.361
0.361
0.362
0.362
0.363
0.363
0.363
0.364
0.364
0.365
0.365
0.366
0.366
0.367
0.367
0.368
0.368
0.368
0.369
0.369
0.37
0.37
0.371
0.371
0.372
0.372
0.373
0.373
0.374
0.374
0.374
0.375
0.375
0.376
0.376
0.377
0.377
0.378
0.378
0.379
0.379
0.379
0.38
0.38
0.381
0.381
0.382
0.382
0.383
0.383
0.384
0.384
0.384
0.385
0.385
0.386
0.386
0.387
0.387
0.388
0.388
0.389
0.389
0.389
0.39
0.39
0.391
0.391
0.392
0.392
0.393
0.393
0.394
0.394
0.395
0.395
0.395
0.396
0.396
0.397
0.397
0.398
0.398
0.399
0.399
0.4
0.4
0.405
0.411
0.416
0.421
0.427
0.432
0.437
0.443
0.448
0.453
0.459
0.464
0.469
0.474
0.48
0.485
0.49
0.496
0.501
0.506
0.512
0.517
0.522
0.528
0.533
0.538
0.544
0.549
0.554
0.56
0.565
0.57
0.576
0.581
0.586
0.592
0.597
0.602
0.608
0.613
0.618
0.623
0.629
0.634
0.639
0.645
0.65
0.655
0.661
0.666
0.671
0.677
0.682
0.687
0.693
0.698
0.703
0.709
0.714
0.719
0.725
0.73
0.735
0.741
0.746
0.751
0.756
0.762
0.767
0.772
0.778
0.833
0.889
0.886
0.884
0.881
0.879
0.876
0.873
0.871
0.868
0.866
0.863
0.861
0.858
0.856
0.853
0.85
0.848
0.845
0.843
0.84
0.838
0.835
0.832
0.83
0.827
0.825
0.822
0.82
0.817
0.814
0.812
0.809
0.807
0.804
0.802
0.799
0.797
0.794
0.791
0.789
0.786
0.784
0.781
0.779
0.776
0.773
0.771
0.768
0.766
0.763
0.761
0.758
0.755
0.753
0.75
0.748
0.745
0.743
0.74
0.738
0.735
0.732
0.73
0.727
0.725
0.722
0.72
0.717
0.714
0.712
0.709
0.707
0.704
0.702
0.699
0.696
0.694
0.691
0.689
0.686
0.684
0.681
0.678
0.676
0.673
0.671
0.668
0.666
0.663
0.661
0.658
0.655
0.653
0.65
0.648
0.645
0.643
0.64
0.637
0.635
0.632
0.63
0.627
0.625
0.622
0.619
0.617
0.614
0.612
0.609
0.607
0.604
0.602
0.599
0.596
0.594
0.591
0.589
0.586
0.584
0.581
0.578
0.576
0.573
0.571
0.568
0.566
0.563
0.56
0.558
0.555
0.553
0.55
0.548
0.545
0.543
0.54
0.537
0.535
0.532
0.53
0.527
0.525
0.522
0.519
0.517
0.514
0.512
0.509
0.507
0.504
0.501
0.499
0.496
0.494
0.491
0.489
0.486
0.483
0.481
0.478
0.476
0.473
0.471
0.468
0.466
0.463
0.46
0.458
0.455
0.453
0.45
0.448
0.445
0.442
0.44
0.437
0.435
0.432
0.43
0.427
0.424
0.422
0.419
0.417
0.414
0.412
0.409
0.407
0.404
0.401
0.399
0.396
0.394
0.391
0.389
0.386
0.383
0.381
0.378
0.376
0.373
0.371
0.368
0.365
0.363
0.36
0.358
0.355
0.353
0.35
0.348
0.345
0.342
0.34
0.337
0.335
0.332
0.33
0.327
0.324
0.322
0.319
0.317
0.314
0.312
0.309
0.306
0.304
0.301
0.299
0.296
0.294
0.291
0.288
0.286
0.283
0.281
0.278
0.276
0.273
0.271
0.268
0.265
0.263
0.26
0.258
0.255
0.253
0.25
0.25
0.25
0.25
0.25
0.25
0.25
0.25
0.25
0.25
0.25
0.25
0.25
0.25
0.25
0.25
0.25
0.25
0.25
0.25
0.25
0.25
0.25
0.25
0.25
0.25
0.25
0.25
0.25
0.274
0.298
0.322
0.346
0.37
0.394
0.418
0.442
0.466
0.49
0.514
0.538
0.562
0.587
0.611
0.635
0.659
0.683
0.707
0.731
0.755
0.779
0.803
0.827
0.851
0.875
0.833
0.792
0.75
0.708
0.667
0.625
0.583
0.542
0.5
0.458
0.417
0.375
0.387
0.399
0.411
0.423
0.435
0.447
0.459
0.471
0.483
0.496
0.508
0.52
0.532
0.544
0.556
0.568
0.58
0.592
0.604
0.616
0.628
0.64
0.652
0.664
0.676
0.688
0.7
0.712
0.725
0.737
0.749
0.761
0.773
0.785
0.797
0.809
0.821
0.833
0.845
0.857
0.857
0.856
0.856
0.856
0.855
0.855
0.854
0.854
0.853
0.853
0.853
0.852
0.852
0.851
0.851
0.851
0.85
0.85
0.849
0.849
0.849
0.848
0.848
0.847
0.847
0.846
0.846
0.846
0.845
0.845
0.844
0.844
0.844
0.843
0.843
0.842
0.842
0.842
0.841
0.841
0.84
0.84
0.839
0.839
0.839
0.838
0.838
0.837
0.837
0.837
0.836
0.836
0.835
0.835
0.835
0.834
0.834
0.833
0.829
0.825
0.821
0.816
0.812
0.808
0.804
0.8
0.795
0.791
0.787
0.783
0.778
0.774
0.77
0.766
0.761
0.757
0.753
0.749
0.745
0.74
0.736
0.732
0.728
0.723
0.719
0.715
0.711
0.707
0.702
0.698
0.694
0.69
0.685
0.681
0.677
0.673
0.668
0.664
0.66
0.656
0.652
0.647
0.643
0.639
0.635
0.63
0.626
0.622
0.618
0.614
0.609
0.605
0.601
0.597
0.592
0.588
0.584
0.58
0.575
0.571
0.567
0.563
0.559
0.554
0.55
0.546
0.542
0.537
0.533
0.529
0.525
0.521
0.516
0.512
0.508
0.504
0.499
0.495
0.491
0.487
0.482
0.478
0.474
0.47
0.466
0.461
0.457
0.453
0.449
0.444
0.449
0.453
0.457
0.461
0.465
0.469
0.473
0.478
0.482
0.486
0.49
0.494
0.498
0.502
0.506
0.511
0.515
0.519
0.523
0.527
0.531
0.535
0.54
0.544
0.548
0.552
0.556
0.56
0.564
0.568
0.573
0.577
0.581
0.585
0.589
0.593
0.597
0.602
0.606
0.61
0.614
0.618
0.622
0.626
0.63
0.635
0.639
0.643
0.647
0.651
0.655
0.659
0.664
0.668
0.672
0.676
0.68
0.684
0.688
0.693
0.697
0.701
0.705
0.709
0.713
0.717
0.721
0.726
0.73
0.734
0.738
0.742
0.746
0.75
0.755
0.759
0.763
0.767
0.771
0.775
0.779
0.783
0.788
0.792
0.796
0.8
0.799
0.797
0.796
0.794
0.793
0.791
0.79
0.789
0.787
0.786
0.784
0.783
0.781
0.78
0.779
0.777
0.776
0.774
0.773
0.771
0.77
0.769
0.767
0.766
0.764
0.763
0.762
0.76
0.759
0.757
0.756
0.754
0.753
0.752
0.75
0.749
0.747
0.746
0.744
0.743
0.742
0.74
0.739
0.737
0.736
0.734
0.733
0.732
0.73
0.729
0.727
0.726
0.724
0.723
0.722
0.72
0.719
0.717
0.716
0.714
0.713
0.712
0.71
0.709
0.707
0.706
0.705
0.703
0.702
0.7
0.699
0.697
0.696
0.695
0.693
0.692
0.69
0.689
0.687
0.686
0.685
0.683
0.682
0.68
0.679
0.677
0.676
0.675
0.673
0.672
0.67
0.669
0.667
0.666
0.665
0.663
0.662
0.66
0.659
0.657
0.656
0.655
0.653
0.652
0.65
0.649
0.648
0.646
0.645
0.643
0.642
0.64
0.639
0.638
0.636
0.635
0.633
0.632
0.63
0.629
0.628
0.626
0.625
0.623
0.622
0.62
0.619
0.618
0.616
0.615
0.613
0.612
0.61
0.609
0.608
0.606
0.605
0.603
0.602
0.6
0.599
0.598
0.596
0.595
0.593
0.592
0.59
0.589
0.588
0.586
0.585
0.583
0.582
0.581
0.579
0.578
0.576
0.575
0.573
0.572
0.571
0.569
0.568
0.566
0.565
0.563
0.562
0.561
0.559
0.558
0.556
0.555
0.553
0.552
0.551
0.549
0.548
0.546
0.545
0.543
0.542
0.541
0.539
0.538
0.536
0.535
0.533
0.532
0.531
0.529
0.528
0.526
0.525
0.524
0.522
0.521
0.519
0.518
0.516
0.515
0.514
0.512
0.511
0.509
0.508
0.506
0.505
0.504
0.502
0.501
0.499
0.498
0.496
0.495
0.494
0.492
0.491
0.489
0.488
0.486
0.485
0.484
0.482
0.481
0.479
0.478
0.476
0.475
0.474
0.472
0.471
0.469
0.468
0.467
0.465
0.464
0.462
0.461
0.459
0.458
0.457
0.455
0.454
0.452
0.451
0.449
0.448
0.447
0.445
0.444
0.442
0.441
0.439
0.438
0.437
0.435
0.434
0.432
0.431
0.429
0.428
0.427
0.425
0.424
0.422
0.421
0.419
0.418
0.417
0.415
0.414
0.412
0.411
0.41
0.408
0.407
0.405
0.404
0.402
0.401
0.4
0.398
0.397
0.395
0.394
0.392
0.391
0.39
0.388
0.387
0.385
0.384
0.382
0.381
0.38
0.378
0.377
0.375
0.374
0.372
0.371
0.37
0.368
0.367
0.365
0.364
0.362
0.361
0.36
0.358
0.357
0.355
0.354
0.352
0.351
0.35
0.348
0.347
0.345
0.344
0.343
0.341
0.34
0.338
0.337
0.335
0.334
0.333
0.331
0.33
0.328
0.327
0.325
0.324
0.323
0.321
0.32
0.318
0.317
0.315
0.314
0.313
0.311
0.31
0.308
0.307
0.305
0.304
0.303
0.301
0.3
0.298
0.297
0.295
0.294
0.293
0.291
0.29
0.288
0.287
0.286
0.284
0.283
0.281
0.28
0.278
0.277
0.276
0.274
0.273
0.271
0.27
0.268
0.267
0.266
0.264
0.263
0.261
0.26
0.258
0.257
0.256
0.254
0.253
0.251
0.25
0.248
0.247
0.246
0.244
0.243
0.241
0.24
0.238
0.237
0.236
0.234
0.233
0.231
0.23
0.229
0.227
0.226
0.224
0.223
0.221
0.22
0.219
0.217
0.216
0.214
0.213
0.211
0.21
0.209
0.207
0.206
0.204
0.203
0.201
0.2
0.213
0.226
0.239
0.252
0.265
0.279
0.292
0.305
0.318
0.331
0.344
0.357
0.37
0.383
0.396
0.41
0.423
0.436
0.449
0.462
0.475
0.488
0.501
0.514
0.527
0.54
0.554
0.567
0.58
0.593
0.606
0.619
0.632
0.645
0.658
0.671
0.685
0.698
0.711
0.724
0.737
0.75
0.875
1.0
0.996
0.993
0.989
0.986
0.982
0.979
0.975
0.971
0.968
0.964
0.961
0.957
0.954
0.95
0.946
0.943
0.939
0.936
0.932
0.929
0.925
0.921
0.918
0.914
0.911
0.907
0.904
0.9
0.896
0.893
0.889
0.886
0.882
0.879
0.875
0.871
0.868
0.864
0.861
0.857
0.854
0.85
0.846
0.843
0.839
0.836
0.832
0.829
0.825
0.821
0.818
0.814
0.811
0.807
0.804
0.8
0.796
0.793
0.789
0.786
0.782
0.779
0.775
0.771
0.768
0.764
0.761
0.757
0.754
0.75
0.658
0.567
0.475
0.383
0.292
0.2
0.2
0.2
0.2
0.2
0.2
0.2
0.2
0.2
0.2
0.2
0.2
0.2
0.2
0.2
0.2
0.2
0.2
0.2
0.2
0.2
0.2
0.2
0.2
0.2
0.2
0.2
0.2
0.2
0.2
0.2
0.2
0.2
0.2
0.2
0.2
0.2
0.2
0.202
0.204
0.206
0.208
0.21
0.212
0.214
0.216
0.217
0.219
0.221
0.223
0.225
0.227
0.229
0.231
0.233
0.235
0.237
0.239
0.241
0.243
0.245
0.247
0.249
0.25
0.252
0.254
0.256
0.258
0.26
0.262
0.264
0.266
0.268
0.27
0.272
0.274
0.276
0.278
0.28
0.282
0.283
0.285
0.287
0.289
0.291
0.293
0.295
0.297
0.299
0.301
0.303
0.305
0.307
0.309
0.311
0.313
0.315
0.317
0.318
0.32
0.322
0.324
0.326
0.328
0.33
0.332
0.334
0.336
0.338
0.34
0.342
0.344
0.346
0.348
0.35
0.351
0.353
0.355
0.357
0.359
0.361
0.363
0.365
0.367
0.369
0.371
0.373
0.375
0.377
0.379
0.381
0.383
0.384
0.386
0.388
0.39
0.392
0.394
0.396
0.398
0.4
0.4
0.399
0.399
0.399
0.398
0.398
0.398
0.397
0.397
0.397
0.396
0.396
0.396
0.395
0.395
0.395
0.394
0.394
0.394
0.393
0.393
0.393
0.392
0.392
0.392
0.391
0.391
0.391
0.39
0.39
0.39
0.389
0.389
0.389
0.388
0.388
0.388
0.387
0.387
0.387
0.386
0.386
0.386
0.385
0.385
0.385
0.384
0.384
0.384
0.383
0.383
0.383
0.382
0.382
0.382
0.381
0.381
0.381
0.38
0.38
0.38
0.379
0.379
0.379
0.378
0.378
0.378
0.377
0.377
0.377
0.376
0.376
0.376
0.375
0.375
0.438
0.5
0.5
0.5
0.5
0.5
0.5
0.5
0.5
0.5
0.5
0.5
0.5
0.5
0.5
0.5
0.5
0.5
0.5
0.5
0.5
0.5
0.5
0.5
0.5
0.5
0.5
0.5
0.5
0.5
0.5
0.5
0.5
0.5
0.5
0.5
0.5
0.5
0.5
0.5
0.5
0.5
0.5
0.5
0.5
0.5
0.501
0.502
0.503
0.504
0.505
0.506
0.507
0.508
0.509
0.51
0.511
0.512
0.513
0.514
0.516
0.517
0.518
0.519
0.52
0.521
0.522
0.523
0.524
0.525
0.526
0.527
0.528
0.529
0.53
0.531
0.532
0.533
0.534
0.535
0.536
0.537
0.538
0.539
0.54
0.541
0.542
0.543
0.545
0.546
0.547
0.548
0.549
0.55
0.551
0.552
0.553
0.554
0.555
0.556
0.557
0.558
0.559
0.56
0.561
0.562
0.563
0.564
0.565
0.566
0.567
0.568
0.569
0.57
0.571
0.571
0.571
0.571
0.571
0.571
0.571
0.571
0.571
0.571
0.571
0.571
0.571
0.571
0.571
0.571
0.571
0.571
0.571
0.571
0.571
0.571
0.571
0.571
0.571
0.571
0.571
0.571
0.571
0.571
0.571
0.571
0.571
0.571
0.571
0.571
0.571
0.571
0.571
0.571
0.571
0.571
0.571
0.571
0.571
0.571
0.571
0.571
0.571
0.571
0.571
0.571
0.571
0.571
0.571
0.571
0.571
0.571
0.571
0.571
0.571
0.571
0.571
0.571
0.571
0.571
0.571
0.571
0.571
0.571
0.571
0.571
0.571
0.571
0.571
0.571
0.571
0.571
0.571
0.571
0.571
0.571
0.571
0.571
0.571
0.571
0.571
0.571
0.571
0.571
0.571
0.571
0.571
0.571
0.571
0.571
0.571
0.571
0.571
0.571
0.571
0.571
0.571
0.571
0.571
0.571
0.571
0.571
0.571
0.571
0.571
0.571
0.571
0.571
0.571
0.571
0.571
0.571
0.571
0.571
0.571
0.571
0.571
0.571
0.571
0.571
0.571
0.571
0.571
0.571
0.571
0.571
0.571
0.571
0.571
0.571
0.571
0.571
0.571
0.571
0.571
0.571
0.571
0.571
0.571
0.571
0.571
0.571
0.571
0.571
0.571
0.571
0.571
0.571
0.571
0.571
0.571
0.571
0.571
0.571
0.571
0.571
0.571
0.571
0.571
0.571
0.571
0.571
0.571
0.571
0.571
0.571
0.571
0.571
0.571
0.571
0.571
0.571
0.571
0.57
0.568
0.566
0.564
0.563
0.561
0.559
0.558
0.556
0.554
0.552
0.551
0.549
0.547
0.545
0.544
0.542
0.54
0.538
0.537
0.535
0.533
0.531
0.53
0.528
0.526
0.525
0.523
0.521
0.519
0.518
0.516
0.514
0.512
0.511
0.509
0.507
0.505
0.504
0.502
0.5
0.498
0.497
0.495
0.493
0.491
0.49
0.488
0.486
0.485
0.483
0.481
0.479
0.478
0.476
0.474
0.472
0.471
0.469
0.467
0.465
0.464
0.462
0.46
0.458
0.457
0.455
0.453
0.452
0.45
0.448
0.446
0.445
0.443
0.441
0.439
0.438
0.436
0.434
0.432
0.431
0.429
0.427
0.425
0.424
0.422
0.42
0.418
0.417
0.415
0.413
0.412
0.41
0.408
0.406
0.405
0.403
0.401
0.399
0.398
0.396
0.394
0.392
0.391
0.389
0.387
0.385
0.384
0.382
0.38
0.379
0.377
0.375
0.373
0.372
0.37
0.368
0.366
0.365
0.363
0.361
0.359
0.358
0.356
0.354
0.352
0.351
0.349
0.347
0.345
0.344
0.342
0.34
0.339
0.337
0.335
0.333
0.341
0.349
0.357
0.365
0.373
0.381
0.389
0.397
0.405
0.413
0.421
0.429
0.437
0.444
0.452
0.46
0.468
0.476
0.484
0.492
0.5
0.508
0.516
0.524
0.532
0.54
0.548
0.556
0.563
0.571
0.579
0.587
0.595
0.603
0.611
0.619
0.627
0.635
0.643
0.651
0.659
0.667
0.675
0.683
0.69
0.698
0.706
0.714
0.722
0.73
0.738
0.746
0.754
0.762
0.77
0.778
0.786
0.794
0.802
0.81
0.817
0.825
0.833
0.841
0.849
0.857
0.865
0.873
0.881
0.889
0.885
0.881
0.877
0.873
0.868
0.864
0.86
0.856
0.852
0.848
0.844
0.84
0.836
0.832
0.828
0.824
0.819
0.815
0.811
0.807
0.803
0.799
0.795
0.791
0.787
0.783
0.779
0.775
0.77
0.766
0.762
0.758
0.754
0.75
0.75
0.75
0.749
0.749
0.749
0.749
0.748
0.748
0.748
0.748
0.747
0.747
0.747
0.747
0.746
0.746
0.746
0.746
0.745
0.745
0.745
0.745
0.744
0.744
0.744
0.744
0.743
0.743
0.743
0.743
0.742
0.742
0.742
0.742
0.741
0.741
0.741
0.741
0.74
0.74
0.74
0.74
0.739
0.739
0.739
0.739
0.738
0.738
0.738
0.738
0.737
0.737
0.737
0.737
0.736
0.736
0.736
0.736
0.735
0.735
0.735
0.735
0.734
0.734
0.734
0.734
0.733
0.733
0.733
0.733
0.733
0.732
0.732
0.732
0.732
0.731
0.731
0.731
0.731
0.73
0.73
0.73
0.73
0.729
0.729
0.729
0.729
0.728
0.728
0.728
0.728
0.727
0.727
0.727
0.727
0.726
0.726
0.726
0.726
0.725
0.725
0.725
0.725
0.724
0.724
0.724
0.724
0.723
0.723
0.723
0.723
0.722
0.722
0.722
0.722
0.721
0.721
0.721
0.721
0.72
0.72
0.72
0.72
0.719
0.719
0.719
0.719
0.718
0.718
0.718
0.718
0.717
0.717
0.717
0.717
0.717
0.716
0.716
0.716
0.716
0.715
0.715
0.715
0.715
0.714
0.637
0.56
0.482
0.405
0.327
0.25
0.251
0.252
0.253
0.254
0.256
0.257
0.258
0.259
0.26
0.261
0.262
0.263
0.264
0.266
0.267
0.268
0.269
0.27
0.271
0.272
0.273
0.275
0.276
0.277
0.278
0.279
0.28
0.281
0.282
0.283
0.285
0.286
0.287
0.288
0.289
0.29
0.291
0.292
0.293
0.295
0.296
0.297
0.298
0.299
0.3
0.301
0.302
0.303
0.305
0.306
0.307
0.308
0.309
0.31
0.311
0.312
0.314
0.315
0.316
0.317
0.318
0.319
0.32
0.321
0.322
0.324
0.325
0.326
0.327
0.328
0.329
0.33
0.331
0.332
0.334
0.335
0.336
0.337
0.338
0.339
0.34
0.341
0.342
0.344
0.345
0.346
0.347
0.348
0.349
0.35
0.351
0.352
0.354
0.355
0.356
0.357
0.358
0.359
0.36
0.361
0.363
0.364
0.365
0.366
0.367
0.368
0.369
0.37
0.371
0.373
0.374
0.375
0.376
0.377
0.378
0.379
0.38
0.381
0.383
0.384
0.385
0.386
0.387
0.388
0.389
0.39
0.391
0.393
0.394
0.395
0.396
0.397
0.398
0.399
0.4
0.402
0.403
0.404
0.405
0.406
0.407
0.408
0.409
0.41
0.412
0.413
0.414
0.415
0.416
0.417
0.418
0.419
0.42
0.422
0.423
0.424
0.425
0.426
0.427
0.428
0.429
0.43
0.432
0.433
0.434
0.435
0.436
0.437
0.438
0.439
0.441
0.442
0.443
0.444
0.445
0.446
0.447
0.448
0.449
0.451
0.452
0.453
0.454
0.455
0.456
0.457
0.458
0.459
0.461
0.462
0.463
0.464
0.465
0.466
0.467
0.468
0.469
0.471
0.472
0.473
0.474
0.475
0.476
0.477
0.478
0.48
0.481
0.482
0.483
0.484
0.485
0.486
0.487
0.488
0.49
0.491
0.492
0.493
0.494
0.495
0.496
0.497
0.498
0.5
0.501
0.502
0.503
0.504
0.505
0.506
0.507
0.508
0.51
0.511
0.512
0.513
0.514
0.515
0.516
0.517
0.518
0.52
0.521
0.522
0.523
0.524
0.525
0.526
0.527
0.529
0.53
0.531
0.532
0.533
0.534
0.535
0.536
0.537
0.539
0.54
0.541
0.542
0.543
0.544
0.545
0.546
0.547
0.549
0.55
0.551
0.552
0.553
0.554
0.555
0.556
0.557
0.559
0.56
0.561
0.562
0.563
0.564
0.565
0.566
0.568
0.569
0.57
0.571
0.572
0.573
0.574
0.575
0.576
0.578
0.579
0.58
0.581
0.582
0.583
0.584
0.585
0.586
0.588
0.589
0.59
0.591
0.592
0.593
0.594
0.595
0.596
0.598
0.599
0.6
0.601
0.602
0.603
0.604
0.605
0.607
0.608
0.609
0.61
0.611
0.612
0.613
0.614
0.615
0.617
0.618
0.619
0.62
0.621
0.622
0.623
0.624
0.625
0.627
0.628
0.629
0.63
0.631
0.632
0.633
0.634
0.635
0.637
0.638
0.639
0.64
0.641
0.642
0.643
0.644
0.645
0.647
0.648
0.649
0.65
0.651
0.652
0.653
0.654
0.656
0.657
0.658
0.659
0.66
0.661
0.662
0.663
0.664
0.666
0.667
0.669
0.672
0.674
0.677
0.679
0.682
0.684
0.687
0.689
0.692
0.694
0.697
0.699
0.702
0.705
0.707
0.71
0.712
0.715
0.717
0.72
0.722
0.725
0.727
0.73
0.732
0.735
0.737
0.74
0.742
0.745
0.747
0.75
0.753
0.755
0.758
0.76
0.763
0.765
0.768
0.77
0.773
0.775
0.778
0.78
0.783
0.785
0.788
0.79
0.793
0.795
0.798
0.801
0.803
0.806
0.808
0.811
0.813
0.816
0.818
0.821
0.823
0.826
0.828
0.831
0.833
0.822
0.81
0.798
0.787
0.775
0.763
0.752
0.74
0.728
0.717
0.705
0.693
0.682
0.67
0.658
0.647
0.635
0.623
0.612
0.6
0.7
0.8
0.799
0.798
0.797
0.796
0.795
0.794
0.793
0.792
0.791
0.79
0.789
0.788
0.787
0.786
0.785
0.784
0.783
0.782
0.781
0.78
0.779
0.778
0.777
0.776
0.775
0.774
0.773
0.772
0.771
0.77
0.769
0.768
0.767
0.766
0.765
0.764
0.763
0.762
0.761
0.76
0.759
0.758
0.757
0.756
0.755
0.754
0.753
0.752
0.751
0.75
0.749
0.748
0.747
0.746
0.745
0.744
0.743
0.742
0.741
0.74
0.739
0.738
0.737
0.736
0.735
0.734
0.733
0.732
0.731
0.73
0.729
0.728
0.727
0.726
0.725
0.724
0.723
0.722
0.721
0.72
0.719
0.718
0.717
0.716
0.715
0.714
0.713
0.712
0.711
0.71
0.709
0.708
0.707
0.706
0.705
0.704
0.703
0.702
0.701
0.7
0.699
0.698
0.697
0.696
0.695
0.694
0.693
0.692
0.691
0.69
0.689
0.688
0.687
0.686
0.685
0.684
0.683
0.682
0.681
0.68
0.679
0.678
0.677
0.676
0.675
0.674
0.673
0.672
0.671
0.67
0.669
0.668
0.667
0.666
0.665
0.664
0.663
0.662
0.661
0.66
0.659
0.658
0.657
0.656
0.655
0.654
0.653
0.652
0.651
0.65
0.649
0.648
0.647
0.646
0.645
0.644
0.643
0.642
0.641
0.64
0.639
0.638
0.637
0.636
0.635
0.634
0.633
0.632
0.631
0.63
0.629
0.628
0.627
0.626
0.625
0.624
0.623
0.622
0.621
0.62
0.619
0.618
0.617
0.616
0.615
0.614
0.613
0.612
0.611
0.61
0.609
0.608
0.607
0.606
0.605
0.604
0.603
0.602
0.601
0.6
0.603
0.607
0.61
0.613
0.617
0.62
0.623
0.627
0.63
0.633
0.637
0.64
0.643
0.647
0.65
0.653
0.657
0.66
0.663
0.667
0.67
0.673
0.677
0.68
0.683
0.687
0.69
0.693
0.697
0.7
0.703
0.707
0.71
0.713
0.717
0.72
0.723
0.727
0.73
0.733
0.737
0.74
0.743
0.747
0.75
0.753
0.757
0.76
0.763
0.767
0.77
0.773
0.777
0.78
0.783
0.787
0.79
0.793
0.797
0.8
0.802
0.805
0.807
0.809
0.812
0.814
0.816
0.819
0.821
0.823
0.826
0.828
0.83
0.833
0.835
0.837
0.84
0.842
0.844
0.847
0.849
0.851
0.853
0.856
0.858
0.86
0.863
0.865
0.867
0.87
0.872
0.874
0.877
0.879
0.881
0.884
0.886
0.888
0.891
0.893
0.895
0.898
0.9
0.902
0.905
0.907
0.909
0.912
0.914
0.916
0.919
0.921
0.923
0.926
0.928
0.93
0.933
0.935
0.937
0.94
0.942
0.944
0.947
0.949
0.951
0.953
0.956
0.958
0.96
0.963
0.965
0.967
0.97
0.972
0.974
0.977
0.979
0.981
0.984
0.986
0.988
0.991
0.993
0.995
0.998
1.0
0.984
0.968
0.952
0.936
0.92
0.904
0.888
0.872
0.856
0.84
0.824
0.809
0.793
0.777
0.761
0.745
0.729
0.713
0.697
0.681
0.665
0.649
0.633
0.617
0.601
0.585
0.569
0.553
0.537
0.521
0.505
0.489
0.473
0.457
0.441
0.426
0.41
0.394
0.378
0.362
0.346
0.33
0.314
0.298
0.282
0.266
0.25
0.242
0.234
0.227
0.219
0.211
0.203
0.195
0.188
0.18
0.172
0.164
0.156
0.148
0.141
0.133
0.125
0.153
0.182
0.21
0.239
0.267
0.295
0.324
0.352
0.381
0.409
0.438
0.466
0.494
0.523
0.551
0.58
0.608
0.636
0.665
0.693
0.722
0.75
0.728
0.706
0.684
0.662
0.64
0.618
0.596
0.575
0.553
0.531
0.509
0.487
0.465
0.443
0.421
0.399
0.377
0.355
0.333
0.343
0.354
0.364
0.374
0.384
0.394
0.404
0.414
0.424
0.434
0.444
0.455
0.465
0.475
0.485
0.495
0.505
0.515
0.525
0.535
0.545
0.556
0.566
0.576
0.586
0.596
0.606
0.616
0.626
0.636
0.646
0.657
0.667
0.658
0.65
0.642
0.633
0.625
0.617
0.608
0.6
0.7
0.8
0.798
0.796
0.794
0.793
0.791
0.789
0.787
0.785
0.783
0.781
0.78
0.778
0.776
0.774
0.772
0.77
0.769
0.767
0.765
0.763
0.761
0.759
0.757
0.756
0.754
0.752
0.75
0.748
0.746
0.744
0.743
0.741
0.739
0.737
0.735
0.733
0.731
0.73
0.728
0.726
0.724
0.722
0.72
0.719
0.717
0.715
0.713
0.711
0.709
0.707
0.706
0.704
0.702
0.7
0.698
0.696
0.694
0.693
0.691
0.689
0.687
0.685
0.683
0.681
0.68
0.678
0.676
0.674
0.672
0.67
0.669
0.667
0.663
0.66
0.657
0.653
0.65
0.647
0.643
0.64
0.637
0.634
0.63
0.627
0.624
0.62
0.617
0.614
0.61
0.607
0.604
0.6
0.597
0.594
0.59
0.587
0.584
0.58
0.577
0.574
0.571
0.567
0.564
0.561
0.557
0.554
0.551
0.547
0.544
0.541
0.537
0.534
0.531
0.527
0.524
0.521
0.518
0.514
0.511
0.508
0.504
0.501
0.498
0.494
0.491
0.488
0.484
0.481
0.478
0.474
0.471
0.468
0.464
0.461
0.458
0.455
0.451
0.448
0.445
0.441
0.438
0.435
0.431
0.428
0.425
0.421
0.418
0.415
0.411
0.408
0.405
0.402
0.398
0.395
0.392
0.388
0.385
0.382
0.378
0.375
0.375
0.374
0.374
0.374
0.373
0.373
0.373
0.372
0.372
0.372
0.372
0.371
0.371
0.371
0.37
0.37
0.37
0.369
0.369
0.369
0.368
0.368
0.368
0.367
0.367
0.367
0.367
0.366
0.366
0.366
0.365
0.365
0.365
0.364
0.364
0.364
0.363
0.363
0.363
0.362
0.362
0.362
0.362
0.361
0.361
0.361
0.36
0.36
0.36
0.359
0.359
0.359
0.358
0.358
0.358
0.357
0.357
0.357
0.357
0.356
0.356
0.356
0.355
0.355
0.355
0.354
0.354
0.354
0.353
0.353
0.353
0.352
0.352
0.352
0.352
0.351
0.351
0.351
0.35
0.35
0.35
0.349
0.349
0.349
0.348
0.348
0.348
0.347
0.347
0.347
0.346
0.346
0.346
0.346
0.345
0.345
0.345
0.344
0.344
0.344
0.343
0.343
0.343
0.342
0.342
0.342
0.341
0.341
0.341
0.341
0.34
0.34
0.34
0.339
0.339
0.339
0.338
0.338
0.338
0.337
0.337
0.337
0.336
0.336
0.336
0.336
0.335
0.335
0.335
0.334
0.334
0.334
0.333
0.333
0.333
0.332
0.332
0.332
0.331
0.331
0.331
0.331
0.33
0.33
0.33
0.329
0.329
0.329
0.328
0.328
0.328
0.327
0.327
0.327
0.326
0.326
0.326
0.326
0.325
0.325
0.325
0.324
0.324
0.324
0.323
0.323
0.323
0.322
0.322
0.322
0.321
0.321
0.321
0.32
0.32
0.32
0.32
0.319
0.319
0.319
0.318
0.318
0.318
0.317
0.317
0.317
0.316
0.316
0.316
0.315
0.315
0.315
0.315
0.314
0.314
0.314
0.313
0.313
0.313
0.312
0.312
0.312
0.311
0.311
0.311
0.31
0.31
0.31
0.31
0.309
0.309
0.309
0.308
0.308
0.308
0.307
0.307
0.307
0.306
0.306
0.306
0.305
0.305
0.305
0.305
0.304
0.304
0.304
0.303
0.303
0.303
0.302
0.302
0.302
0.301
0.301
0.301
0.3
0.3
0.3
0.299
0.299
0.299
0.299
0.298
0.298
0.298
0.297
0.297
0.297
0.296
0.296
0.296
0.295
0.295
0.295
0.294
0.294
0.294
0.294
0.293
0.293
0.293
0.292
0.292
0.292
0.291
0.291
0.291
0.29
0.29
0.29
0.289
0.289
0.289
0.289
0.288
0.288
0.288
0.287
0.287
0.287
0.286
0.286
0.286
0.285
0.285
0.285
0.284
0.284
0.284
0.284
0.283
0.283
0.283
0.282
0.282
0.282
0.281
0.281
0.281
0.28
0.28
0.28
0.279
0.279
0.279
0.279
0.278
0.278
0.278
0.277
0.277
0.277
0.276
0.276
0.276
0.275
0.275
0.275
0.274
0.274
0.274
0.273
0.273
0.273
0.273
0.272
0.272
0.272
0.271
0.271
0.271
0.27
0.27
0.27
0.269
0.269
0.269
0.268
0.268
0.268
0.268
0.267
0.267
0.267
0.266
0.266
0.266
0.265
0.265
0.265
0.264
0.264
0.264
0.263
0.263
0.263
0.263
0.262
0.262
0.262
0.261
0.261
0.261
0.26
0.26
0.26
0.259
0.259
0.259
0.258
0.258
0.258
0.258
0.257
0.257
0.257
0.256
0.256
0.256
0.255
0.255
0.255
0.254
0.254
0.254
0.253
0.253
0.253
0.253
0.252
0.252
0.252
0.251
0.251
0.251
0.25
0.25
0.274
0.298
0.322
0.346
0.37
0.394
0.418
0.442
0.466
0.49
0.514
0.538
0.562
0.587
0.611
0.635
0.659
0.683
0.707
0.731
0.755
0.779
0.803
0.827
0.851
0.875
0.871
0.867
0.863
0.859
0.855
0.851
0.847
0.843
0.839
0.835
0.831
0.827
0.823
0.819
0.815
0.81
0.806
0.802
0.798
0.794
0.79
0.786
0.782
0.778
0.774
0.77
0.766
0.762
0.758
0.754
0.75
0.746
0.742
0.738
0.734
0.73
0.726
0.722
0.718
0.714
0.71
0.706
0.702
0.698
0.694
0.69
0.685
0.681
0.677
0.673
0.669
0.665
0.661
0.657
0.653
0.649
0.645
0.641
0.637
0.633
0.629
0.625
0.621
0.617
0.613
0.609
0.605
0.601
0.597
0.593
0.589
0.585
0.581
0.577
0.573
0.569
0.565
0.56
0.556
0.552
0.548
0.544
0.54
0.536
0.532
0.528
0.524
0.52
0.516
0.512
0.508
0.504
0.5
0.501
0.503
0.504
0.505
0.507
0.508
0.509
0.511
0.512
0.513
0.515
0.516
0.517
0.519
0.52
0.521
0.523
0.524
0.525
0.527
0.528
0.529
0.531
0.532
0.533
0.535
0.536
0.537
0.538
0.54
0.541
0.542
0.544
0.545
0.546
0.548
0.549
0.55
0.552
0.553
0.554
0.556
0.557
0.558
0.56
0.561
0.562
0.564
0.565
0.566
0.568
0.569
0.57
0.572
0.573
0.574
0.576
0.577
0.578
0.58
0.581
0.582
0.584
0.585
0.586
0.588
0.589
0.59
0.592
0.593
0.594
0.596
0.597
0.598
0.6
0.601
0.602
0.604
0.605
0.606
0.608
0.609
0.61
0.612
0.613
0.614
0.615
0.617
0.618
0.619
0.621
0.622
0.623
0.625
0.626
0.627
0.629
0.63
0.631
0.633
0.634
0.635
0.637
0.638
0.639
0.641
0.642
0.643
0.645
0.646
0.647
0.649
0.65
0.651
0.653
0.654
0.655
0.657
0.658
0.659
0.661
0.662
0.663
0.665
0.666
0.667
0.669
0.67
0.671
0.673
0.674
0.675
0.677
0.678
0.679
0.681
0.682
0.683
0.685
0.686
0.687
0.688
0.69
0.691
0.692
0.694
0.695
0.696
0.698
0.699
0.7
0.702
0.703
0.704
0.706
0.707
0.708
0.71
0.711
0.712
0.714
0.715
0.716
0.718
0.719
0.72
0.722
0.723
0.724
0.726
0.727
0.728
0.73
0.731
0.732
0.734
0.735
0.736
0.738
0.739
0.74
0.742
0.743
0.744
0.746
0.747
0.748
0.75
0.751
0.752
0.754
0.755
0.756
0.758
0.759
0.76
0.762
0.763
0.764
0.765
0.767
0.768
0.769
0.771
0.772
0.773
0.775
0.776
0.777
0.779
0.78
0.781
0.783
0.784
0.785
0.787
0.788
0.789
0.791
0.792
0.793
0.795
0.796
0.797
0.799
0.8
0.9
1.0
0.999
0.998
0.997
0.996
0.995
0.994
0.993
0.992
0.991
0.989
0.988
0.987
0.986
0.985
0.984
0.983
0.982
0.981
0.98
0.979
0.978
0.977
0.976
0.975
0.974
0.973
0.972
0.971
0.97
0.968
0.967
0.966
0.965
0.964
0.963
0.962
0.961
0.96
0.959
0.958
0.957
0.956
0.955
0.954
0.953
0.952
0.951
0.95
0.949
0.947
0.946
0.945
0.944
0.943
0.942
0.941
0.94
0.939
0.938
0.937
0.936
0.935
0.934
0.933
0.932
0.931
0.93
0.929
0.928
0.926
0.925
0.924
0.923
0.922
0.921
0.92
0.919
0.918
0.917
0.916
0.915
0.914
0.913
0.912
0.911
0.91
0.909
0.908
0.907
0.905
0.904
0.903
0.902
0.901
0.9
0.899
0.898
0.897
0.896
0.895
0.894
0.893
0.892
0.891
0.89
0.889
0.888
0.887
0.886
0.884
0.883
0.882
0.881
0.88
0.879
0.878
0.877
0.876
0.875
0.874
0.873
0.872
0.871
0.87
0.869
0.868
0.867
0.866
0.864
0.863
0.862
0.861
0.86
0.859
0.858
0.857
0.856
0.855
0.854
0.853
0.852
0.851
0.85
0.849
0.848
0.847
0.846
0.845
0.843
0.842
0.841
0.84
0.839
0.838
0.837
0.836
0.835
0.834
0.833
0.832
0.831
0.83
0.829
0.828
0.827
0.826
0.825
0.824
0.822
0.821
0.82
0.819
0.818
0.817
0.816
0.815
0.814
0.813
0.812
0.811
0.81
0.809
0.808
0.807
0.806
0.805
0.804
0.803
0.801
0.8
0.799
0.798
0.797
0.796
0.795
0.794
0.793
0.792
0.791
0.79
0.789
0.788
0.787
0.786
0.785
0.784
0.783
0.782
0.78
0.779
0.778
0.777
0.776
0.775
0.774
0.773
0.772
0.771
0.77
0.769
0.768
0.767
0.766
0.765
0.764
0.763
0.762
0.761
0.759
0.758
0.757
0.756
0.755
0.754
0.753
0.752
0.751
0.75
0.749
0.748
0.747
0.746
0.745
0.744
0.743
0.742
0.741
0.739
0.738
0.737
0.736
0.735
0.734
0.733
0.732
0.731
0.73
0.729
0.728
0.727
0.726
0.725
0.724
0.723
0.722
0.721
0.72
0.718
0.717
0.716
0.715
0.714
0.786
0.857
0.822
0.787
0.752
0.717
0.683
0.648
0.613
0.578
0.543
0.508
0.473
0.438
0.403
0.368
0.333
0.334
0.335
0.335
0.336
0.337
0.337
0.338
0.339
0.339
0.34
0.341
0.341
0.342
0.343
0.343
0.344
0.345
0.345
0.346
0.347
0.347
0.348
0.349
0.349
0.35
0.351
0.351
0.352
0.353
0.353
0.354
0.354
0.355
0.356
0.356
0.357
0.358
0.358
0.359
0.36
0.36
0.361
0.362
0.362
0.363
0.364
0.364
0.365
0.366
0.366
0.367
0.368
0.368
0.369
0.37
0.37
0.371
0.372
0.372
0.373
0.374
0.374
0.375
0.376
0.376
0.377
0.378
0.378
0.379
0.38
0.38
0.381
0.382
0.382
0.383
0.384
0.384
0.385
0.386
0.386
0.387
0.388
0.388
0.389
0.39
0.39
0.391
0.392
0.392
0.393
0.394
0.394
0.395
0.396
0.396
0.397
0.397
0.398
0.399
0.399
0.4
0.401
0.401
0.402
0.403
0.403
0.404
0.405
0.405
0.406
0.407
0.407
0.408
0.409
0.409
0.41
0.411
0.411
0.412
0.413
0.413
0.414
0.415
0.415
0.416
0.417
0.417
0.418
0.419
0.419
0.42
0.421
0.421
0.422
0.423
0.423
0.424
0.425
0.425
0.426
0.427
0.427
0.428
0.429
0.429
0.43
0.431
0.431
0.432
0.433
0.433
0.434
0.435
0.435
0.436
0.437
0.437
0.438
0.438
0.439
0.44
0.44
0.441
0.442
0.442
0.443
0.444
0.444
0.445
0.446
0.446
0.447
0.448
0.448
0.449
0.45
0.45
0.451
0.452
0.452
0.453
0.454
0.454
0.455
0.456
0.456
0.457
0.458
0.458
0.459
0.46
0.46
0.461
0.462
0.462
0.463
0.464
0.464
0.465
0.466
0.466
0.467
0.468
0.468
0.469
0.47
0.47
0.471
0.472
0.472
0.473
0.474
0.474
0.475
0.476
0.476
0.477
0.478
0.478
0.479
0.479
0.48
0.481
0.481
0.482
0.483
0.483
0.484
0.485
0.485
0.486
0.487
0.487
0.488
0.489
0.489
0.49
0.491
0.491
0.492
0.493
0.493
0.494
0.495
0.495
0.496
0.497
0.497
0.498
0.499
0.499
0.5
0.462
0.425
0.388
0.35
0.312
0.275
0.238
0.2
0.202
0.205
0.207
0.209
0.211
0.214
0.216
0.218
0.22
0.223
0.225
0.227
0.229
0.232
0.234
0.236
0.238
0.241
0.243
0.245
0.247
0.25
0.252
0.254
0.256
0.259
0.261
0.263
0.266
0.268
0.27
0.272
0.275
0.277
0.279
0.281
0.284
0.286
0.288
0.29
0.293
0.295
0.297
0.299
0.302
0.304
0.306
0.308
0.311
0.313
0.315
0.318
0.32
0.322
0.324
0.327
0.329
0.331
0.333
0.342
0.351
0.36
0.368
0.377
0.386
0.395
0.404
0.412
0.421
0.43
0.439
0.447
0.456
0.465
0.474
0.482
0.491
0.5
0.509
0.518
0.526
0.535
0.544
0.553
0.561
0.57
0.579
0.588
0.596
0.605
0.614
0.623
0.632
0.64
0.649
0.658
0.667
0.833
1.0
0.945
0.89
0.835
0.78
0.725
0.67
0.615
0.56
0.505
0.451
0.396
0.341
0.286
0.284
0.283
0.282
0.281
0.28
0.278
0.277
0.276
0.275
0.274
0.272
0.271
0.27
0.269
0.267
0.266
0.265
0.264
0.263
0.261
0.26
0.259
0.258
0.256
0.255
0.254
0.253
0.252
0.25
0.249
0.248
0.247
0.245
0.244
0.243
0.242
0.241
0.239
0.238
0.237
0.236
0.234
0.233
0.232
0.231
0.23
0.228
0.227
0.226
0.225
0.223
0.222
0.225
0.228
0.231
0.234
0.236
0.239
0.242
0.245
0.248
0.251
0.253
0.256
0.259
0.262
0.265
0.268
0.271
0.273
0.276
0.279
0.282
0.285
0.288
0.29
0.293
0.296
0.299
0.302
0.305
0.307
0.31
0.313
0.316
0.319
0.322
0.325
0.327
0.33
0.333
0.336
0.339
0.342
0.344
0.347
0.35
0.353
0.356
0.359
0.361
0.364
0.367
0.37
0.373
0.376
0.379
0.381
0.384
0.387
0.39
0.393
0.396
0.398
0.401
0.404
0.407
0.41
0.413
0.416
0.418
0.421
0.424
0.427
0.43
0.433
0.435
0.438
0.441
0.444
0.447
0.45
0.452
0.455
0.458
0.461
0.464
0.467
0.47
0.472
0.475
0.478
0.481
0.484
0.487
0.489
0.492
0.495
0.498
0.501
0.504
0.506
0.509
0.512
0.515
0.518
0.521
0.524
0.526
0.529
0.532
0.535
0.538
0.541
0.543
0.546
0.549
0.552
0.555
0.558
0.56
0.563
0.566
0.569
0.572
0.575
0.578
0.58
0.583
0.586
0.589
0.592
0.595
0.597
0.6
0.603
0.606
0.609
0.612
0.614
0.617
0.62
0.623
0.626
0.629
0.632
0.634
0.637
0.64
0.643
0.646
0.649
0.651
0.654
0.657
0.66
0.663
0.666
0.668
0.671
0.674
0.677
0.68
0.683
0.686
0.688
0.691
0.694
0.697
0.7
0.703
0.705
0.708
0.711
0.714
0.717
0.72
0.722
0.725
0.728
0.731
0.734
0.737
0.74
0.742
0.745
0.748
0.751
0.754
0.757
0.759
0.762
0.765
0.768
0.771
0.774
0.776
0.779
0.782
0.785
0.788
0.791
0.794
0.796
0.799
0.802
0.805
0.808
0.811
0.813
0.816
0.819
0.822
0.825
0.828
0.83
0.833
0.82
0.807
0.793
0.78
0.767
0.753
0.74
0.726
0.713
0.7
0.686
0.673
0.66
0.646
0.633
0.62
0.606
0.593
0.58
0.566
0.553
0.539
0.526
0.513
0.499
0.486
0.473
0.459
0.446
0.433
0.419
0.406
0.393
0.379
0.366
0.352
0.339
0.326
0.312
0.299
0.286
0.282
0.278
0.275
0.271
0.267
0.263
0.26
0.256
0.252
0.248
0.245
0.241
0.237
0.234
0.23
0.226
0.222
0.219
0.215
0.211
0.207
0.204
0.2
0.201
0.201
0.202
0.203
0.204
0.204
0.205
0.206
0.206
0.207
0.208
0.208
0.209
0.21
0.211
0.211
0.212
0.213
0.213
0.214
0.215
0.216
0.216
0.217
0.218
0.218
0.219
0.22
0.22
0.221
0.222
0.223
0.223
0.224
0.225
0.225
0.226
0.227
0.228
0.228
0.229
0.23
0.23
0.231
0.232
0.232
0.233
0.234
0.235
0.235
0.236
0.237
0.237
0.238
0.239
0.24
0.24
0.241
0.242
0.242
0.243
0.244
0.244
0.245
0.246
0.247
0.247
0.248
0.249
0.249
0.25
0.251
0.251
0.252
0.253
0.254
0.254
0.255
0.256
0.256
0.257
0.258
0.259
0.259
0.26
0.261
0.261
0.262
0.263
0.263
0.264
0.265
0.266
0.266
0.267
0.268
0.268
0.269
0.27
0.271
0.271
0.272
0.273
0.273
0.274
0.275
0.275
0.276
0.277
0.278
0.278
0.279
0.28
0.28
0.281
0.282
0.283
0.283
0.284
0.285
0.285
0.286
0.287
0.287
0.288
0.289
0.29
0.29
0.291
0.292
0.292
0.293
0.294
0.295
0.295
0.296
0.297
0.297
0.298
0.299
0.299
0.3
0.301
0.302
0.302
0.303
0.304
0.304
0.305
0.306
0.307
0.307
0.308
0.309
0.309
0.31
0.311
0.311
0.312
0.313
0.314
0.314
0.315
0.316
0.316
0.317
0.318
0.319
0.319
0.32
0.321
0.321
0.322
0.323
0.323
0.324
0.325
0.326
0.326
0.327
0.328
0.328
0.329
0.33
0.331
0.331
0.332
0.333
0.333
0.339
0.345
0.35
0.356
0.362
0.368
0.373
0.379
0.385
0.39
0.396
0.402
0.408
0.413
0.419
0.425
0.43
0.436
0.442
0.447
0.453
0.459
0.465
0.47
0.476
0.482
0.487
0.493
0.499
0.505
0.51
0.516
0.522
0.527
0.533
0.539
0.545
0.55
0.556
0.562
0.567
0.573
0.579
0.584
0.59
0.596
0.602
0.607
0.613
0.619
0.624
0.63
0.636
0.642
0.647
0.653
0.659
0.664
0.67
0.676
0.682
0.687
0.693
0.699
0.704
0.71
0.716
0.721
0.727
0.733
0.739
0.744
0.75
0.875
1.0
1.0
1.0
1.0
1.0
1.0
1.0
1.0
1.0
1.0
1.0
1.0
1.0
1.0
1.0
1.0
1.0
1.0
1.0
1.0
1.0
1.0
1.0
1.0
1.0
1.0
1.0
1.0
1.0
1.0
1.0
1.0
1.0
1.0
1.0
1.0
1.0
1.0
1.0
1.0
1.0
1.0
1.0
1.0
1.0
1.0
1.0
1.0
1.0
1.0
1.0
1.0
1.0
1.0
1.0
1.0
