1, 0.0;
2, -0.054;
3, -0.103;
4, -0.147;
5, -0.186;
6, -0.219;
7, -0.248;
8, -0.272;
9, -0.292;
10, -0.308;
11, -0.319;
12, -0.327;
13, -0.331;
14, -0.332;
15, -0.329;
16, -0.323;
17, -0.313;
18, -0.302;
19, -0.287;
20, -0.27;
21, -0.25;
22, -0.229;
23, -0.205;
24, -0.18;
25, -0.153;
26, -0.125;
27, -0.095;
28, -0.064;
29, -0.033;
30, -0.0;
31, 0.033;
32, 0.066;
33, 0.1;
34, 0.133;
35, 0.167;
36, 0.215;
37, 0.263;
38, 0.31;
39, 0.356;
40, 0.402;
41, 0.446;
42, 0.489;
43, 0.53;
44, 0.569;
45, 0.607;
46, 0.643;
47, 0.676;
48, 0.707;
49, 0.736;
50, 0.761;
51, 0.784;
52, 0.804;
53, 0.82;
54, 0.833;
55, 0.824;
56, 0.811;
57, 0.796;
58, 0.778;
59, 0.758;
60, 0.737;
61, 0.714;
62, 0.691;
63, 0.668;
64, 0.645;
65, 0.623;
66, 0.601;
67, 0.581;
68, 0.564;
69, 0.548;
70, 0.535;
71, 0.525;
72, 0.519;
73, 0.517;
74, 0.52;
75, 0.527;
76, 0.539;
77, 0.558;
78, 0.582;
79, 0.613;
80, 0.651;
81, 0.697;
82, 0.75;
83, 0.874;
84, 1.0;
85, 1.051;
86, 1.097;
87, 1.138;
88, 1.174;
89, 1.204;
90, 1.23;
91, 1.251;
92, 1.268;
93, 1.28;
94, 1.288;
95, 1.292;
96, 1.292;
97, 1.289;
98, 1.282;
99, 1.272;
100, 1.258;
101, 1.241;
102, 1.222;
103, 1.2;
104, 1.175;
105, 1.148;
106, 1.118;
107, 1.087;
108, 1.053;
109, 1.018;
110, 0.981;
111, 0.943;
112, 0.903;
113, 0.862;
114, 0.821;
115, 0.778;
116, 0.735;
117, 0.692;
118, 0.648;
119, 0.603;
120, 0.559;
121, 0.515;
122, 0.472;
123, 0.429;
124, 0.393;
125, 0.358;
126, 0.324;
127, 0.29;
128, 0.257;
129, 0.225;
130, 0.193;
131, 0.162;
132, 0.131;
133, 0.101;
134, 0.072;
135, 0.043;
136, 0.015;
137, -0.013;
138, -0.04;
139, -0.066;
140, -0.092;
141, -0.117;
142, -0.142;
143, -0.166;
144, -0.19;
145, -0.213;
146, -0.236;
147, -0.258;
148, -0.279;
149, -0.3;
150, -0.321;
151, -0.34;
152, -0.36;
153, -0.379;
154, -0.397;
155, -0.415;
156, -0.432;
157, -0.449;
158, -0.465;
159, -0.481;
160, -0.496;
161, -0.511;
162, -0.526;
163, -0.539;
164, -0.553;
165, -0.566;
166, -0.578;
167, -0.59;
168, -0.602;
169, -0.613;
170, -0.623;
171, -0.634;
172, -0.643;
173, -0.653;
174, -0.662;
175, -0.67;
176, -0.678;
177, -0.686;
178, -0.693;
179, -0.7;
180, -0.706;
181, -0.712;
182, -0.717;
183, -0.723;
184, -0.727;
185, -0.732;
186, -0.736;
187, -0.739;
188, -0.742;
189, -0.745;
190, -0.748;
191, -0.75;
192, -0.752;
193, -0.753;
194, -0.754;
195, -0.755;
196, -0.755;
197, -0.755;
198, -0.755;
199, -0.754;
200, -0.753;
201, -0.751;
202, -0.75;
203, -0.748;
204, -0.745;
205, -0.743;
206, -0.74;
207, -0.737;
208, -0.733;
209, -0.729;
210, -0.725;
211, -0.721;
212, -0.716;
213, -0.711;
214, -0.706;
215, -0.7;
216, -0.695;
217, -0.689;
218, -0.682;
219, -0.676;
220, -0.669;
221, -0.662;
222, -0.655;
223, -0.647;
224, -0.639;
225, -0.631;
226, -0.623;
227, -0.615;
228, -0.606;
229, -0.597;
230, -0.588;
231, -0.579;
232, -0.569;
233, -0.56;
234, -0.55;
235, -0.54;
236, -0.529;
237, -0.519;
238, -0.508;
239, -0.497;
240, -0.486;
241, -0.475;
242, -0.464;
243, -0.453;
244, -0.441;
245, -0.429;
246, -0.417;
247, -0.405;
248, -0.393;
249, -0.381;
250, -0.368;
251, -0.356;
252, -0.343;
253, -0.33;
254, -0.317;
255, -0.304;
256, -0.291;
257, -0.278;
258, -0.264;
259, -0.251;
260, -0.237;
261, -0.224;
262, -0.21;
263, -0.196;
264, -0.182;
265, -0.168;
266, -0.154;
267, -0.14;
268, -0.126;
269, -0.112;
270, -0.098;
271, -0.083;
272, -0.069;
273, -0.055;
274, -0.04;
275, -0.026;
276, -0.011;
277, 0.003;
278, 0.018;
279, 0.032;
280, 0.047;
281, 0.061;
282, 0.076;
283, 0.09;
284, 0.105;
285, 0.119;
286, 0.134;
287, 0.148;
288, 0.163;
289, 0.177;
290, 0.192;
291, 0.206;
292, 0.22;
293, 0.235;
294, 0.249;
295, 0.263;
296, 0.277;
297, 0.291;
298, 0.305;
299, 0.319;
300, 0.333;
301, 0.35;
302, 0.367;
303, 0.384;
304, 0.401;
305, 0.417;
306, 0.434;
307, 0.45;
308, 0.466;
309, 0.483;
310, 0.499;
311, 0.515;
312, 0.531;
313, 0.547;
314, 0.562;
315, 0.578;
316, 0.593;
317, 0.609;
318, 0.624;
319, 0.639;
320, 0.654;
321, 0.669;
322, 0.683;
323, 0.698;
324, 0.712;
325, 0.727;
326, 0.741;
327, 0.755;
328, 0.769;
329, 0.782;
330, 0.796;
331, 0.809;
332, 0.822;
333, 0.835;
334, 0.848;
335, 0.861;
336, 0.873;
337, 0.885;
338, 0.897;
339, 0.909;
340, 0.921;
341, 0.933;
342, 0.944;
343, 0.955;
344, 0.966;
345, 0.977;
346, 0.987;
347, 0.998;
348, 1.008;
349, 1.017;
350, 1.027;
351, 1.037;
352, 1.046;
353, 1.055;
354, 1.063;
355, 1.072;
356, 1.08;
357, 1.088;
358, 1.096;
359, 1.104;
360, 1.111;
361, 1.118;
362, 1.125;
363, 1.131;
364, 1.137;
365, 1.143;
366, 1.149;
367, 1.154;
368, 1.16;
369, 1.164;
370, 1.169;
371, 1.173;
372, 1.177;
373, 1.181;
374, 1.185;
375, 1.188;
376, 1.191;
377, 1.193;
378, 1.195;
379, 1.197;
380, 1.199;
381, 1.2;
382, 1.201;
383, 1.202;
384, 1.202;
385, 1.202;
386, 1.202;
387, 1.201;
388, 1.2;
389, 1.199;
390, 1.197;
391, 1.195;
392, 1.193;
393, 1.19;
394, 1.187;
395, 1.184;
396, 1.18;
397, 1.176;
398, 1.171;
399, 1.166;
400, 1.161;
401, 1.156;
402, 1.15;
403, 1.143;
404, 1.137;
405, 1.129;
406, 1.122;
407, 1.114;
408, 1.106;
409, 1.097;
410, 1.088;
411, 1.078;
412, 1.068;
413, 1.058;
414, 1.047;
415, 1.036;
416, 1.024;
417, 1.012;
418, 1.0;
419, 0.982;
420, 0.963;
421, 0.944;
422, 0.925;
423, 0.905;
424, 0.886;
425, 0.866;
426, 0.846;
427, 0.826;
428, 0.806;
429, 0.786;
430, 0.766;
431, 0.747;
432, 0.727;
433, 0.708;
434, 0.689;
435, 0.671;
436, 0.653;
437, 0.635;
438, 0.618;
439, 0.601;
440, 0.585;
441, 0.57;
442, 0.555;
443, 0.542;
444, 0.528;
445, 0.516;
446, 0.505;
447, 0.494;
448, 0.485;
449, 0.477;
450, 0.469;
451, 0.463;
452, 0.458;
453, 0.454;
454, 0.452;
455, 0.451;
456, 0.451;
457, 0.453;
458, 0.456;
459, 0.461;
460, 0.467;
461, 0.475;
462, 0.484;
463, 0.496;
464, 0.509;
465, 0.524;
466, 0.54;
467, 0.559;
468, 0.58;
469, 0.602;
470, 0.627;
471, 0.654;
472, 0.683;
473, 0.714;
474, 0.786;
475, 0.857;
476, 0.893;
477, 0.926;
478, 0.957;
479, 0.986;
480, 1.013;
481, 1.037;
482, 1.06;
483, 1.081;
484, 1.101;
485, 1.118;
486, 1.134;
487, 1.148;
488, 1.16;
489, 1.171;
490, 1.18;
491, 1.188;
492, 1.195;
493, 1.2;
494, 1.203;
495, 1.206;
496, 1.207;
497, 1.207;
498, 1.206;
499, 1.204;
500, 1.201;
501, 1.197;
502, 1.192;
503, 1.187;
504, 1.18;
505, 1.173;
506, 1.165;
507, 1.156;
508, 1.147;
509, 1.138;
510, 1.127;
511, 1.117;
512, 1.106;
513, 1.095;
514, 1.083;
515, 1.072;
516, 1.06;
517, 1.048;
518, 1.036;
519, 1.024;
520, 1.012;
521, 1.0;
522, 0.975;
523, 0.95;
524, 0.925;
525, 0.9;
526, 0.876;
527, 0.852;
528, 0.828;
529, 0.804;
530, 0.78;
531, 0.757;
532, 0.734;
533, 0.711;
534, 0.689;
535, 0.667;
536, 0.657;
537, 0.647;
538, 0.637;
539, 0.628;
540, 0.619;
541, 0.61;
542, 0.602;
543, 0.593;
544, 0.586;
545, 0.578;
546, 0.571;
547, 0.563;
548, 0.557;
549, 0.55;
550, 0.544;
551, 0.537;
552, 0.532;
553, 0.526;
554, 0.521;
555, 0.515;
556, 0.51;
557, 0.506;
558, 0.501;
559, 0.497;
560, 0.493;
561, 0.489;
562, 0.485;
563, 0.482;
564, 0.479;
565, 0.476;
566, 0.473;
567, 0.47;
568, 0.468;
569, 0.466;
570, 0.464;
571, 0.462;
572, 0.46;
573, 0.459;
574, 0.457;
575, 0.456;
576, 0.455;
577, 0.454;
578, 0.454;
579, 0.453;
580, 0.453;
581, 0.452;
582, 0.452;
583, 0.452;
584, 0.453;
585, 0.453;
586, 0.453;
587, 0.454;
588, 0.455;
589, 0.456;
590, 0.457;
591, 0.458;
592, 0.459;
593, 0.46;
594, 0.462;
595, 0.463;
596, 0.465;
597, 0.467;
598, 0.469;
599, 0.471;
600, 0.473;
601, 0.475;
602, 0.477;
603, 0.479;
604, 0.482;
605, 0.484;
606, 0.486;
607, 0.489;
608, 0.492;
609, 0.494;
610, 0.497;
611, 0.5;
612, 0.503;
613, 0.506;
614, 0.509;
615, 0.512;
616, 0.515;
617, 0.518;
618, 0.521;
619, 0.524;
620, 0.527;
621, 0.531;
622, 0.534;
623, 0.537;
624, 0.54;
625, 0.543;
626, 0.547;
627, 0.55;
628, 0.553;
629, 0.557;
630, 0.56;
631, 0.563;
632, 0.566;
633, 0.57;
634, 0.573;
635, 0.576;
636, 0.579;
637, 0.582;
638, 0.585;
639, 0.588;
640, 0.592;
641, 0.595;
642, 0.597;
643, 0.6;
644, 0.603;
645, 0.606;
646, 0.609;
647, 0.612;
648, 0.614;
649, 0.617;
650, 0.619;
651, 0.622;
652, 0.624;
653, 0.626;
654, 0.628;
655, 0.631;
656, 0.633;
657, 0.635;
658, 0.636;
659, 0.638;
660, 0.64;
661, 0.641;
662, 0.642;
663, 0.644;
664, 0.645;
665, 0.646;
666, 0.647;
667, 0.648;
668, 0.649;
669, 0.65;
670, 0.65;
671, 0.651;
672, 0.652;
673, 0.652;
674, 0.652;
675, 0.653;
676, 0.653;
677, 0.653;
678, 0.653;
679, 0.653;
680, 0.653;
681, 0.653;
682, 0.653;
683, 0.653;
684, 0.653;
685, 0.653;
686, 0.652;
687, 0.652;
688, 0.651;
689, 0.651;
690, 0.65;
691, 0.65;
692, 0.649;
693, 0.649;
694, 0.648;
695, 0.647;
696, 0.646;
697, 0.646;
698, 0.645;
699, 0.644;
700, 0.643;
701, 0.642;
702, 0.641;
703, 0.64;
704, 0.639;
705, 0.638;
706, 0.637;
707, 0.636;
708, 0.635;
709, 0.634;
710, 0.633;
711, 0.632;
712, 0.631;
713, 0.63;
714, 0.629;
715, 0.627;
716, 0.626;
717, 0.625;
718, 0.624;
719, 0.623;
720, 0.622;
721, 0.621;
722, 0.62;
723, 0.619;
724, 0.618;
725, 0.617;
726, 0.616;
727, 0.614;
728, 0.613;
729, 0.612;
730, 0.612;
731, 0.611;
732, 0.61;
733, 0.609;
734, 0.608;
735, 0.607;
736, 0.606;
737, 0.605;
738, 0.605;
739, 0.604;
740, 0.603;
741, 0.603;
742, 0.602;
743, 0.602;
744, 0.601;
745, 0.601;
746, 0.6;
747, 0.6;
748, 0.601;
749, 0.602;
750, 0.602;
751, 0.603;
752, 0.604;
753, 0.605;
754, 0.606;
755, 0.607;
756, 0.608;
757, 0.61;
758, 0.611;
759, 0.612;
760, 0.613;
761, 0.615;
762, 0.616;
763, 0.618;
764, 0.619;
765, 0.621;
766, 0.622;
767, 0.624;
768, 0.625;
769, 0.627;
770, 0.629;
771, 0.631;
772, 0.632;
773, 0.634;
774, 0.636;
775, 0.638;
776, 0.64;
777, 0.642;
778, 0.644;
779, 0.646;
780, 0.648;
781, 0.65;
782, 0.653;
783, 0.655;
784, 0.657;
785, 0.659;
786, 0.662;
787, 0.664;
788, 0.666;
789, 0.669;
790, 0.671;
791, 0.673;
792, 0.676;
793, 0.678;
794, 0.681;
795, 0.684;
796, 0.686;
797, 0.689;
798, 0.691;
799, 0.694;
800, 0.697;
801, 0.699;
802, 0.702;
803, 0.705;
804, 0.708;
805, 0.71;
806, 0.713;
807, 0.716;
808, 0.719;
809, 0.722;
810, 0.724;
811, 0.727;
812, 0.73;
813, 0.733;
814, 0.736;
815, 0.739;
816, 0.742;
817, 0.745;
818, 0.748;
819, 0.751;
820, 0.754;
821, 0.757;
822, 0.76;
823, 0.763;
824, 0.766;
825, 0.769;
826, 0.772;
827, 0.776;
828, 0.779;
829, 0.782;
830, 0.785;
831, 0.788;
832, 0.791;
833, 0.794;
834, 0.797;
835, 0.801;
836, 0.804;
837, 0.807;
838, 0.81;
839, 0.813;
840, 0.816;
841, 0.82;
842, 0.823;
843, 0.826;
844, 0.829;
845, 0.832;
846, 0.835;
847, 0.838;
848, 0.842;
849, 0.845;
850, 0.848;
851, 0.851;
852, 0.854;
853, 0.857;
854, 0.86;
855, 0.864;
856, 0.867;
857, 0.87;
858, 0.873;
859, 0.876;
860, 0.879;
861, 0.882;
862, 0.885;
863, 0.888;
864, 0.891;
865, 0.894;
866, 0.897;
867, 0.9;
868, 0.903;
869, 0.906;
870, 0.909;
871, 0.912;
872, 0.915;
873, 0.918;
874, 0.921;
875, 0.924;
876, 0.927;
877, 0.929;
878, 0.932;
879, 0.935;
880, 0.938;
881, 0.941;
882, 0.943;
883, 0.946;
884, 0.949;
885, 0.951;
886, 0.954;
887, 0.957;
888, 0.959;
889, 0.962;
890, 0.964;
891, 0.967;
892, 0.969;
893, 0.972;
894, 0.974;
895, 0.977;
896, 0.979;
897, 0.981;
898, 0.984;
899, 0.986;
900, 0.988;
901, 0.991;
902, 0.993;
903, 0.995;
904, 0.997;
905, 0.999;
906, 1.001;
907, 1.003;
908, 1.005;
909, 1.007;
910, 1.009;
911, 1.011;
912, 1.013;
913, 1.015;
914, 1.016;
915, 1.018;
916, 1.02;
917, 1.022;
918, 1.023;
919, 1.025;
920, 1.026;
921, 1.028;
922, 1.029;
923, 1.031;
924, 1.032;
925, 1.033;
926, 1.035;
927, 1.036;
928, 1.037;
929, 1.038;
930, 1.039;
931, 1.04;
932, 1.041;
933, 1.042;
934, 1.043;
935, 1.044;
936, 1.045;
937, 1.045;
938, 1.046;
939, 1.047;
940, 1.047;
941, 1.048;
942, 1.048;
943, 1.049;
944, 1.049;
945, 1.049;
946, 1.05;
947, 1.05;
948, 1.05;
949, 1.05;
950, 1.05;
951, 1.05;
952, 1.05;
953, 1.05;
954, 1.05;
955, 1.049;
956, 1.049;
957, 1.049;
958, 1.048;
959, 1.048;
960, 1.047;
961, 1.046;
962, 1.046;
963, 1.045;
964, 1.044;
965, 1.043;
966, 1.042;
967, 1.041;
968, 1.04;
969, 1.039;
970, 1.038;
971, 1.036;
972, 1.035;
973, 1.033;
974, 1.032;
975, 1.03;
976, 1.029;
977, 1.027;
978, 1.025;
979, 1.023;
980, 1.021;
981, 1.019;
982, 1.017;
983, 1.015;
984, 1.013;
985, 1.01;
986, 1.008;
987, 1.005;
988, 1.003;
989, 1.0;
990, 0.992;
991, 0.984;
992, 0.975;
993, 0.967;
994, 0.959;
995, 0.95;
996, 0.942;
997, 0.933;
998, 0.924;
999, 0.916;
1000, 0.907;
1001, 0.898;
1002, 0.889;
1003, 0.88;
1004, 0.871;
1005, 0.862;
1006, 0.853;
1007, 0.844;
1008, 0.835;
1009, 0.826;
1010, 0.817;
1011, 0.807;
1012, 0.798;
1013, 0.789;
1014, 0.779;
1015, 0.77;
1016, 0.761;
1017, 0.751;
1018, 0.742;
1019, 0.732;
1020, 0.723;
1021, 0.714;
1022, 0.704;
1023, 0.695;
1024, 0.685;
1025, 0.676;
1026, 0.666;
1027, 0.657;
1028, 0.647;
1029, 0.638;
1030, 0.629;
1031, 0.619;
1032, 0.61;
1033, 0.6;
1034, 0.591;
1035, 0.582;
1036, 0.572;
1037, 0.563;
1038, 0.554;
1039, 0.545;
1040, 0.535;
1041, 0.526;
1042, 0.517;
1043, 0.508;
1044, 0.499;
1045, 0.49;
1046, 0.481;
1047, 0.472;
1048, 0.463;
1049, 0.455;
1050, 0.446;
1051, 0.437;
1052, 0.429;
1053, 0.425;
1054, 0.421;
1055, 0.417;
1056, 0.413;
1057, 0.409;
1058, 0.406;
1059, 0.402;
1060, 0.399;
1061, 0.395;
1062, 0.392;
1063, 0.389;
1064, 0.385;
1065, 0.382;
1066, 0.379;
1067, 0.376;
1068, 0.373;
1069, 0.37;
1070, 0.367;
1071, 0.364;
1072, 0.361;
1073, 0.359;
1074, 0.356;
1075, 0.353;
1076, 0.351;
1077, 0.348;
1078, 0.346;
1079, 0.344;
1080, 0.341;
1081, 0.339;
1082, 0.337;
1083, 0.335;
1084, 0.333;
1085, 0.331;
1086, 0.329;
1087, 0.327;
1088, 0.325;
1089, 0.323;
1090, 0.322;
1091, 0.32;
1092, 0.318;
1093, 0.317;
1094, 0.315;
1095, 0.314;
1096, 0.313;
1097, 0.311;
1098, 0.31;
1099, 0.309;
1100, 0.308;
1101, 0.307;
1102, 0.306;
1103, 0.305;
1104, 0.304;
1105, 0.303;
1106, 0.302;
1107, 0.301;
1108, 0.301;
1109, 0.3;
1110, 0.299;
1111, 0.299;
1112, 0.298;
1113, 0.298;
1114, 0.297;
1115, 0.297;
1116, 0.297;
1117, 0.297;
1118, 0.296;
1119, 0.296;
1120, 0.296;
1121, 0.296;
1122, 0.296;
1123, 0.296;
1124, 0.297;
1125, 0.297;
1126, 0.297;
1127, 0.297;
1128, 0.298;
1129, 0.298;
1130, 0.299;
1131, 0.299;
1132, 0.3;
1133, 0.3;
1134, 0.301;
1135, 0.302;
1136, 0.302;
1137, 0.303;
1138, 0.304;
1139, 0.305;
1140, 0.306;
1141, 0.307;
1142, 0.308;
1143, 0.309;
1144, 0.31;
1145, 0.312;
1146, 0.313;
1147, 0.314;
1148, 0.315;
1149, 0.317;
1150, 0.318;
1151, 0.32;
1152, 0.321;
1153, 0.323;
1154, 0.325;
1155, 0.326;
1156, 0.328;
1157, 0.33;
1158, 0.332;
1159, 0.333;
1160, 0.335;
1161, 0.337;
1162, 0.339;
1163, 0.341;
1164, 0.343;
1165, 0.346;
1166, 0.348;
1167, 0.35;
1168, 0.352;
1169, 0.355;
1170, 0.357;
1171, 0.359;
1172, 0.362;
1173, 0.364;
1174, 0.367;
1175, 0.37;
1176, 0.372;
1177, 0.375;
1178, 0.378;
1179, 0.38;
1180, 0.383;
1181, 0.386;
1182, 0.389;
1183, 0.392;
1184, 0.395;
1185, 0.398;
1186, 0.401;
1187, 0.404;
1188, 0.407;
1189, 0.41;
1190, 0.414;
1191, 0.417;
1192, 0.42;
1193, 0.423;
1194, 0.427;
1195, 0.43;
1196, 0.434;
1197, 0.437;
1198, 0.441;
1199, 0.444;
1200, 0.452;
1201, 0.459;
1202, 0.467;
1203, 0.474;
1204, 0.482;
1205, 0.489;
1206, 0.497;
1207, 0.505;
1208, 0.512;
1209, 0.52;
1210, 0.528;
1211, 0.535;
1212, 0.543;
1213, 0.551;
1214, 0.559;
1215, 0.566;
1216, 0.574;
1217, 0.582;
1218, 0.59;
1219, 0.597;
1220, 0.605;
1221, 0.613;
1222, 0.621;
1223, 0.629;
1224, 0.637;
1225, 0.644;
1226, 0.652;
1227, 0.66;
1228, 0.668;
1229, 0.676;
1230, 0.683;
1231, 0.691;
1232, 0.699;
1233, 0.707;
1234, 0.714;
1235, 0.722;
1236, 0.73;
1237, 0.737;
1238, 0.745;
1239, 0.752;
1240, 0.76;
1241, 0.767;
1242, 0.775;
1243, 0.782;
1244, 0.79;
1245, 0.797;
1246, 0.804;
1247, 0.812;
1248, 0.819;
1249, 0.826;
1250, 0.833;
1251, 0.836;
1252, 0.838;
1253, 0.841;
1254, 0.843;
1255, 0.846;
1256, 0.848;
1257, 0.85;
1258, 0.852;
1259, 0.855;
1260, 0.857;
1261, 0.859;
1262, 0.861;
1263, 0.863;
1264, 0.865;
1265, 0.867;
1266, 0.869;
1267, 0.87;
1268, 0.872;
1269, 0.874;
1270, 0.876;
1271, 0.877;
1272, 0.879;
1273, 0.88;
1274, 0.882;
1275, 0.883;
1276, 0.885;
1277, 0.886;
1278, 0.887;
1279, 0.888;
1280, 0.89;
1281, 0.891;
1282, 0.892;
1283, 0.893;
1284, 0.894;
1285, 0.895;
1286, 0.896;
1287, 0.897;
1288, 0.898;
1289, 0.899;
1290, 0.9;
1291, 0.9;
1292, 0.901;
1293, 0.902;
1294, 0.902;
1295, 0.903;
1296, 0.904;
1297, 0.904;
1298, 0.905;
1299, 0.905;
1300, 0.905;
1301, 0.906;
1302, 0.906;
1303, 0.906;
1304, 0.907;
1305, 0.907;
1306, 0.907;
1307, 0.907;
1308, 0.907;
1309, 0.907;
1310, 0.907;
1311, 0.907;
1312, 0.907;
1313, 0.907;
1314, 0.907;
1315, 0.907;
1316, 0.907;
1317, 0.907;
1318, 0.906;
1319, 0.906;
1320, 0.906;
1321, 0.905;
1322, 0.905;
1323, 0.905;
1324, 0.904;
1325, 0.904;
1326, 0.903;
1327, 0.903;
1328, 0.902;
1329, 0.901;
1330, 0.901;
1331, 0.9;
1332, 0.899;
1333, 0.899;
1334, 0.898;
1335, 0.897;
1336, 0.896;
1337, 0.895;
1338, 0.894;
1339, 0.894;
1340, 0.893;
1341, 0.892;
1342, 0.891;
1343, 0.89;
1344, 0.889;
1345, 0.887;
1346, 0.886;
1347, 0.885;
1348, 0.884;
1349, 0.883;
1350, 0.881;
1351, 0.88;
1352, 0.879;
1353, 0.878;
1354, 0.876;
1355, 0.875;
1356, 0.874;
1357, 0.872;
1358, 0.871;
1359, 0.869;
1360, 0.868;
1361, 0.866;
1362, 0.865;
1363, 0.863;
1364, 0.861;
1365, 0.86;
1366, 0.858;
1367, 0.856;
1368, 0.855;
1369, 0.853;
1370, 0.851;
1371, 0.85;
1372, 0.848;
1373, 0.846;
1374, 0.844;
1375, 0.842;
1376, 0.84;
1377, 0.839;
1378, 0.837;
1379, 0.835;
1380, 0.833;
1381, 0.831;
1382, 0.829;
1383, 0.827;
1384, 0.825;
1385, 0.823;
1386, 0.821;
1387, 0.819;
1388, 0.816;
1389, 0.814;
1390, 0.812;
1391, 0.81;
1392, 0.808;
1393, 0.806;
1394, 0.803;
1395, 0.801;
1396, 0.799;
1397, 0.797;
1398, 0.794;
1399, 0.792;
1400, 0.79;
1401, 0.787;
1402, 0.785;
1403, 0.783;
1404, 0.78;
1405, 0.778;
1406, 0.775;
1407, 0.773;
1408, 0.771;
1409, 0.768;
1410, 0.766;
1411, 0.763;
1412, 0.761;
1413, 0.758;
1414, 0.756;
1415, 0.753;
1416, 0.751;
1417, 0.748;
1418, 0.746;
1419, 0.743;
1420, 0.74;
1421, 0.738;
1422, 0.735;
1423, 0.732;
1424, 0.73;
1425, 0.727;
1426, 0.725;
1427, 0.722;
1428, 0.719;
1429, 0.717;
1430, 0.714;
1431, 0.711;
1432, 0.708;
1433, 0.706;
1434, 0.703;
1435, 0.7;
1436, 0.697;
1437, 0.695;
1438, 0.692;
1439, 0.689;
1440, 0.686;
1441, 0.684;
1442, 0.681;
1443, 0.678;
1444, 0.675;
1445, 0.672;
1446, 0.67;
1447, 0.667;
1448, 0.664;
1449, 0.661;
1450, 0.658;
1451, 0.655;
1452, 0.653;
1453, 0.65;
1454, 0.647;
1455, 0.644;
1456, 0.641;
1457, 0.638;
1458, 0.635;
1459, 0.633;
1460, 0.63;
1461, 0.627;
1462, 0.624;
1463, 0.621;
1464, 0.618;
1465, 0.615;
1466, 0.612;
1467, 0.61;
1468, 0.607;
1469, 0.604;
1470, 0.601;
1471, 0.598;
1472, 0.595;
1473, 0.592;
1474, 0.589;
1475, 0.587;
1476, 0.584;
1477, 0.581;
1478, 0.578;
1479, 0.575;
1480, 0.572;
1481, 0.569;
1482, 0.566;
1483, 0.564;
1484, 0.561;
1485, 0.558;
1486, 0.555;
1487, 0.552;
1488, 0.549;
1489, 0.546;
1490, 0.544;
1491, 0.541;
1492, 0.538;
1493, 0.535;
1494, 0.532;
1495, 0.529;
1496, 0.527;
1497, 0.524;
1498, 0.521;
1499, 0.518;
1500, 0.515;
1501, 0.513;
1502, 0.51;
1503, 0.507;
1504, 0.504;
1505, 0.502;
1506, 0.499;
1507, 0.496;
1508, 0.493;
1509, 0.491;
1510, 0.488;
1511, 0.485;
1512, 0.483;
1513, 0.48;
1514, 0.477;
1515, 0.475;
1516, 0.472;
1517, 0.469;
1518, 0.467;
1519, 0.464;
1520, 0.461;
1521, 0.459;
1522, 0.456;
1523, 0.454;
1524, 0.451;
1525, 0.449;
1526, 0.446;
1527, 0.443;
1528, 0.441;
1529, 0.438;
1530, 0.436;
1531, 0.433;
1532, 0.431;
1533, 0.429;
1534, 0.427;
1535, 0.425;
1536, 0.423;
1537, 0.422;
1538, 0.42;
1539, 0.418;
1540, 0.417;
1541, 0.415;
1542, 0.414;
1543, 0.412;
1544, 0.411;
1545, 0.409;
1546, 0.407;
1547, 0.406;
1548, 0.404;
1549, 0.403;
1550, 0.402;
1551, 0.4;
1552, 0.399;
1553, 0.397;
1554, 0.396;
1555, 0.395;
1556, 0.393;
1557, 0.392;
1558, 0.391;
1559, 0.39;
1560, 0.388;
1561, 0.387;
1562, 0.386;
1563, 0.385;
1564, 0.384;
1565, 0.382;
1566, 0.381;
1567, 0.38;
1568, 0.379;
1569, 0.378;
1570, 0.377;
1571, 0.376;
1572, 0.375;
1573, 0.375;
1574, 0.374;
1575, 0.373;
1576, 0.372;
1577, 0.371;
1578, 0.37;
1579, 0.37;
1580, 0.369;
1581, 0.368;
1582, 0.368;
1583, 0.367;
1584, 0.367;
1585, 0.366;
1586, 0.365;
1587, 0.365;
1588, 0.365;
1589, 0.364;
1590, 0.364;
1591, 0.363;
1592, 0.363;
1593, 0.363;
1594, 0.363;
1595, 0.362;
1596, 0.362;
1597, 0.362;
1598, 0.362;
1599, 0.362;
1600, 0.362;
1601, 0.362;
1602, 0.362;
1603, 0.362;
1604, 0.362;
1605, 0.362;
1606, 0.362;
1607, 0.363;
1608, 0.363;
1609, 0.363;
1610, 0.364;
1611, 0.364;
1612, 0.364;
1613, 0.365;
1614, 0.365;
1615, 0.366;
1616, 0.366;
1617, 0.367;
1618, 0.368;
1619, 0.368;
1620, 0.369;
1621, 0.37;
1622, 0.371;
1623, 0.372;
1624, 0.373;
1625, 0.374;
1626, 0.375;
1627, 0.376;
1628, 0.377;
1629, 0.378;
1630, 0.379;
1631, 0.381;
1632, 0.382;
1633, 0.383;
1634, 0.385;
1635, 0.386;
1636, 0.388;
1637, 0.389;
1638, 0.391;
1639, 0.393;
1640, 0.394;
1641, 0.396;
1642, 0.398;
1643, 0.4;
1644, 0.402;
1645, 0.404;
1646, 0.406;
1647, 0.408;
1648, 0.41;
1649, 0.412;
1650, 0.414;
1651, 0.416;
1652, 0.419;
1653, 0.421;
1654, 0.424;
1655, 0.426;
1656, 0.429;
1657, 0.434;
1658, 0.439;
1659, 0.445;
1660, 0.45;
1661, 0.456;
1662, 0.462;
1663, 0.467;
1664, 0.473;
1665, 0.479;
1666, 0.485;
1667, 0.49;
1668, 0.496;
1669, 0.502;
1670, 0.508;
1671, 0.514;
1672, 0.52;
1673, 0.526;
1674, 0.532;
1675, 0.538;
1676, 0.544;
1677, 0.55;
1678, 0.557;
1679, 0.563;
1680, 0.569;
1681, 0.575;
1682, 0.581;
1683, 0.587;
1684, 0.593;
1685, 0.6;
1686, 0.606;
1687, 0.612;
1688, 0.618;
1689, 0.624;
1690, 0.63;
1691, 0.636;
1692, 0.642;
1693, 0.649;
1694, 0.655;
1695, 0.661;
1696, 0.667;
1697, 0.673;
1698, 0.679;
1699, 0.685;
1700, 0.691;
1701, 0.696;
1702, 0.702;
1703, 0.708;
1704, 0.714;
1705, 0.72;
1706, 0.725;
1707, 0.731;
1708, 0.737;
1709, 0.742;
1710, 0.748;
1711, 0.753;
1712, 0.759;
1713, 0.764;
1714, 0.769;
1715, 0.775;
1716, 0.78;
1717, 0.785;
1718, 0.79;
1719, 0.795;
1720, 0.8;
1721, 0.805;
1722, 0.81;
1723, 0.814;
1724, 0.819;
1725, 0.824;
1726, 0.828;
1727, 0.833;
1728, 0.837;
1729, 0.841;
1730, 0.845;
1731, 0.849;
1732, 0.853;
1733, 0.857;
1734, 0.858;
1735, 0.859;
1736, 0.86;
1737, 0.861;
1738, 0.861;
1739, 0.862;
1740, 0.862;
1741, 0.863;
1742, 0.863;
1743, 0.863;
1744, 0.864;
1745, 0.864;
1746, 0.864;
1747, 0.864;
1748, 0.864;
1749, 0.864;
1750, 0.864;
1751, 0.863;
1752, 0.863;
1753, 0.863;
1754, 0.863;
1755, 0.863;
1756, 0.862;
1757, 0.862;
1758, 0.862;
1759, 0.861;
1760, 0.861;
1761, 0.86;
1762, 0.86;
1763, 0.86;
1764, 0.859;
1765, 0.859;
1766, 0.859;
1767, 0.858;
1768, 0.858;
1769, 0.857;
1770, 0.857;
1771, 0.857;
1772, 0.857;
1773, 0.858;
1774, 0.858;
1775, 0.858;
1776, 0.858;
1777, 0.858;
1778, 0.859;
1779, 0.859;
1780, 0.859;
1781, 0.859;
1782, 0.86;
1783, 0.86;
1784, 0.86;
1785, 0.861;
1786, 0.861;
1787, 0.862;
1788, 0.862;
1789, 0.863;
1790, 0.863;
1791, 0.864;
1792, 0.864;
1793, 0.865;
1794, 0.865;
1795, 0.866;
1796, 0.866;
1797, 0.867;
1798, 0.868;
1799, 0.868;
1800, 0.869;
1801, 0.87;
1802, 0.87;
1803, 0.871;
1804, 0.872;
1805, 0.872;
1806, 0.873;
1807, 0.874;
1808, 0.875;
1809, 0.875;
1810, 0.876;
1811, 0.877;
1812, 0.878;
1813, 0.879;
1814, 0.88;
1815, 0.88;
1816, 0.881;
1817, 0.882;
1818, 0.883;
1819, 0.884;
1820, 0.885;
1821, 0.886;
1822, 0.887;
1823, 0.888;
1824, 0.889;
1825, 0.89;
1826, 0.891;
1827, 0.892;
1828, 0.893;
1829, 0.894;
1830, 0.895;
1831, 0.896;
1832, 0.897;
1833, 0.898;
1834, 0.899;
1835, 0.9;
1836, 0.901;
1837, 0.902;
1838, 0.903;
1839, 0.904;
1840, 0.905;
1841, 0.906;
1842, 0.907;
1843, 0.908;
1844, 0.909;
1845, 0.91;
1846, 0.912;
1847, 0.913;
1848, 0.914;
1849, 0.915;
1850, 0.916;
1851, 0.917;
1852, 0.918;
1853, 0.919;
1854, 0.92;
1855, 0.922;
1856, 0.923;
1857, 0.924;
1858, 0.925;
1859, 0.926;
1860, 0.927;
1861, 0.928;
1862, 0.929;
1863, 0.931;
1864, 0.932;
1865, 0.933;
1866, 0.934;
1867, 0.935;
1868, 0.936;
1869, 0.937;
1870, 0.939;
1871, 0.94;
1872, 0.941;
1873, 0.942;
1874, 0.943;
1875, 0.944;
1876, 0.945;
1877, 0.946;
1878, 0.947;
1879, 0.948;
1880, 0.95;
1881, 0.951;
1882, 0.952;
1883, 0.953;
1884, 0.954;
1885, 0.955;
1886, 0.956;
1887, 0.957;
1888, 0.958;
1889, 0.959;
1890, 0.96;
1891, 0.961;
1892, 0.962;
1893, 0.963;
1894, 0.964;
1895, 0.965;
1896, 0.966;
1897, 0.967;
1898, 0.968;
1899, 0.969;
1900, 0.97;
1901, 0.971;
1902, 0.972;
1903, 0.973;
1904, 0.974;
1905, 0.975;
1906, 0.976;
1907, 0.976;
1908, 0.977;
1909, 0.978;
1910, 0.979;
1911, 0.98;
1912, 0.981;
1913, 0.981;
1914, 0.982;
1915, 0.983;
1916, 0.984;
1917, 0.985;
1918, 0.985;
1919, 0.986;
1920, 0.987;
1921, 0.987;
1922, 0.988;
1923, 0.989;
1924, 0.989;
1925, 0.99;
1926, 0.991;
1927, 0.991;
1928, 0.992;
1929, 0.992;
1930, 0.993;
1931, 0.993;
1932, 0.994;
1933, 0.994;
1934, 0.995;
1935, 0.995;
1936, 0.996;
1937, 0.996;
1938, 0.997;
1939, 0.997;
1940, 0.997;
1941, 0.998;
1942, 0.998;
1943, 0.998;
1944, 0.999;
1945, 0.999;
1946, 0.999;
1947, 0.999;
1948, 1.0;
1949, 1.0;
1950, 1.0;
1951, 1.0;
1952, 0.999;
1953, 0.999;
1954, 0.999;
1955, 0.999;
1956, 0.998;
1957, 0.998;
1958, 0.997;
1959, 0.997;
1960, 0.997;
1961, 0.996;
1962, 0.996;
1963, 0.996;
1964, 0.995;
1965, 0.995;
1966, 0.994;
1967, 0.994;
1968, 0.994;
1969, 0.993;
1970, 0.993;
1971, 0.993;
1972, 0.992;
1973, 0.992;
1974, 0.992;
1975, 0.992;
1976, 0.991;
1977, 0.991;
1978, 0.991;
1979, 0.991;
1980, 0.991;
1981, 0.991;
1982, 0.991;
1983, 0.991;
1984, 0.991;
1985, 0.991;
1986, 0.991;
1987, 0.991;
1988, 0.991;
1989, 0.992;
1990, 0.992;
1991, 0.992;
1992, 0.993;
1993, 0.993;
1994, 0.994;
1995, 0.994;
1996, 0.995;
1997, 0.996;
1998, 0.996;
1999, 0.997;
2000, 0.998;
2001, 0.999;
2002, 1.0;
2003, 1.0;
2004, 1.0;
2005, 1.0;
2006, 0.999;
2007, 1.0;
2008, 1.0;
2009, 1.0;
2010, 1.0;
2011, 1.0;
2012, 1.001;
2013, 1.001;
2014, 1.001;
2015, 1.002;
2016, 1.002;
2017, 1.003;
2018, 1.003;
2019, 1.004;
2020, 1.004;
2021, 1.005;
2022, 1.006;
2023, 1.006;
2024, 1.007;
2025, 1.008;
2026, 1.008;
2027, 1.009;
2028, 1.01;
2029, 1.01;
2030, 1.011;
2031, 1.012;
2032, 1.013;
2033, 1.013;
2034, 1.014;
2035, 1.015;
2036, 1.015;
2037, 1.016;
2038, 1.017;
2039, 1.017;
2040, 1.018;
2041, 1.018;
2042, 1.019;
2043, 1.019;
2044, 1.02;
2045, 1.02;
2046, 1.02;
2047, 1.021;
2048, 1.021;
2049, 1.021;
2050, 1.021;
2051, 1.021;
2052, 1.021;
2053, 1.021;
2054, 1.021;
2055, 1.021;
2056, 1.021;
2057, 1.021;
2058, 1.02;
2059, 1.02;
2060, 1.019;
2061, 1.019;
2062, 1.018;
2063, 1.017;
2064, 1.016;
2065, 1.015;
2066, 1.014;
2067, 1.013;
2068, 1.011;
2069, 1.01;
2070, 1.009;
2071, 1.007;
2072, 1.005;
2073, 1.003;
2074, 1.001;
2075, 0.999;
2076, 0.997;
2077, 0.995;
2078, 0.992;
2079, 0.99;
2080, 0.987;
2081, 0.984;
2082, 0.981;
2083, 0.978;
2084, 0.974;
2085, 0.971;
2086, 0.967;
2087, 0.964;
2088, 0.96;
2089, 0.956;
2090, 0.951;
2091, 0.947;
2092, 0.942;
2093, 0.938;
2094, 0.933;
2095, 0.927;
2096, 0.922;
2097, 0.917;
2098, 0.911;
2099, 0.905;
2100, 0.899;
2101, 0.893;
2102, 0.887;
2103, 0.88;
2104, 0.873;
2105, 0.866;
2106, 0.859;
2107, 0.851;
2108, 0.844;
2109, 0.836;
2110, 0.828;
2111, 0.819;
2112, 0.811;
2113, 0.802;
2114, 0.793;
2115, 0.784;
2116, 0.775;
2117, 0.765;
2118, 0.755;
2119, 0.745;
2120, 0.734;
2121, 0.724;
2122, 0.713;
2123, 0.702;
2124, 0.69;
2125, 0.679;
2126, 0.667;
2127, 0.644;
2128, 0.622;
2129, 0.599;
2130, 0.576;
2131, 0.553;
2132, 0.529;
2133, 0.506;
2134, 0.482;
2135, 0.459;
2136, 0.435;
2137, 0.412;
2138, 0.388;
2139, 0.365;
2140, 0.342;
2141, 0.318;
2142, 0.295;
2143, 0.273;
2144, 0.25;
2145, 0.24;
2146, 0.231;
2147, 0.222;
2148, 0.213;
2149, 0.204;
2150, 0.196;
2151, 0.188;
2152, 0.18;
2153, 0.172;
2154, 0.164;
2155, 0.157;
2156, 0.15;
2157, 0.143;
2158, 0.136;
2159, 0.13;
2160, 0.124;
2161, 0.118;
2162, 0.112;
2163, 0.106;
2164, 0.101;
2165, 0.096;
2166, 0.091;
2167, 0.086;
2168, 0.081;
2169, 0.077;
2170, 0.073;
2171, 0.069;
2172, 0.065;
2173, 0.061;
2174, 0.058;
2175, 0.055;
2176, 0.052;
2177, 0.049;
2178, 0.046;
2179, 0.043;
2180, 0.041;
2181, 0.039;
2182, 0.037;
2183, 0.035;
2184, 0.034;
2185, 0.032;
2186, 0.031;
2187, 0.03;
2188, 0.029;
2189, 0.028;
2190, 0.027;
2191, 0.027;
2192, 0.027;
2193, 0.026;
2194, 0.026;
2195, 0.027;
2196, 0.027;
2197, 0.027;
2198, 0.028;
2199, 0.029;
2200, 0.03;
2201, 0.031;
2202, 0.032;
2203, 0.033;
2204, 0.034;
2205, 0.036;
2206, 0.038;
2207, 0.04;
2208, 0.042;
2209, 0.044;
2210, 0.046;
2211, 0.048;
2212, 0.051;
2213, 0.053;
2214, 0.056;
2215, 0.059;
2216, 0.062;
2217, 0.065;
2218, 0.068;
2219, 0.071;
2220, 0.075;
2221, 0.078;
2222, 0.082;
2223, 0.085;
2224, 0.089;
2225, 0.093;
2226, 0.097;
2227, 0.101;
2228, 0.105;
2229, 0.11;
2230, 0.114;
2231, 0.119;
2232, 0.123;
2233, 0.128;
2234, 0.133;
2235, 0.137;
2236, 0.142;
2237, 0.147;
2238, 0.152;
2239, 0.157;
2240, 0.163;
2241, 0.168;
2242, 0.173;
2243, 0.179;
2244, 0.184;
2245, 0.19;
2246, 0.195;
2247, 0.201;
2248, 0.207;
2249, 0.212;
2250, 0.218;
2251, 0.224;
2252, 0.23;
2253, 0.236;
2254, 0.242;
2255, 0.248;
2256, 0.254;
2257, 0.26;
2258, 0.267;
2259, 0.273;
2260, 0.279;
2261, 0.286;
2262, 0.292;
2263, 0.298;
2264, 0.305;
2265, 0.311;
2266, 0.318;
2267, 0.324;
2268, 0.331;
2269, 0.337;
2270, 0.344;
2271, 0.351;
2272, 0.357;
2273, 0.364;
2274, 0.37;
2275, 0.377;
2276, 0.384;
2277, 0.391;
2278, 0.397;
2279, 0.404;
2280, 0.411;
2281, 0.417;
2282, 0.424;
2283, 0.431;
2284, 0.437;
2285, 0.444;
2286, 0.451;
2287, 0.457;
2288, 0.464;
2289, 0.471;
2290, 0.477;
2291, 0.484;
2292, 0.491;
2293, 0.497;
2294, 0.504;
2295, 0.51;
2296, 0.517;
2297, 0.523;
2298, 0.53;
2299, 0.536;
2300, 0.543;
2301, 0.549;
2302, 0.555;
2303, 0.562;
2304, 0.568;
2305, 0.574;
2306, 0.58;
2307, 0.586;
2308, 0.593;
2309, 0.599;
2310, 0.605;
2311, 0.61;
2312, 0.616;
2313, 0.622;
2314, 0.628;
2315, 0.634;
2316, 0.639;
2317, 0.645;
2318, 0.65;
2319, 0.656;
2320, 0.661;
2321, 0.667;
2322, 0.673;
2323, 0.68;
2324, 0.686;
2325, 0.693;
2326, 0.699;
2327, 0.705;
2328, 0.711;
2329, 0.718;
2330, 0.724;
2331, 0.73;
2332, 0.736;
2333, 0.741;
2334, 0.747;
2335, 0.753;
2336, 0.759;
2337, 0.764;
2338, 0.77;
2339, 0.775;
2340, 0.781;
2341, 0.786;
2342, 0.791;
2343, 0.796;
2344, 0.801;
2345, 0.806;
2346, 0.811;
2347, 0.816;
2348, 0.821;
2349, 0.826;
2350, 0.831;
2351, 0.835;
2352, 0.84;
2353, 0.845;
2354, 0.849;
2355, 0.854;
2356, 0.858;
2357, 0.862;
2358, 0.866;
2359, 0.871;
2360, 0.875;
2361, 0.879;
2362, 0.883;
2363, 0.887;
2364, 0.891;
2365, 0.894;
2366, 0.898;
2367, 0.902;
2368, 0.906;
2369, 0.909;
2370, 0.909;
2371, 0.908;
2372, 0.908;
2373, 0.907;
2374, 0.907;
2375, 0.906;
2376, 0.905;
2377, 0.905;
2378, 0.904;
2379, 0.903;
2380, 0.902;
2381, 0.901;
2382, 0.9;
2383, 0.899;
2384, 0.898;
2385, 0.897;
2386, 0.895;
2387, 0.894;
2388, 0.893;
2389, 0.891;
2390, 0.89;
2391, 0.889;
2392, 0.887;
2393, 0.885;
2394, 0.884;
2395, 0.882;
2396, 0.88;
2397, 0.879;
2398, 0.877;
2399, 0.875;
2400, 0.873;
2401, 0.871;
2402, 0.869;
2403, 0.867;
2404, 0.865;
2405, 0.863;
2406, 0.861;
2407, 0.859;
2408, 0.857;
2409, 0.855;
2410, 0.852;
2411, 0.85;
2412, 0.848;
2413, 0.845;
2414, 0.843;
2415, 0.84;
2416, 0.838;
2417, 0.835;
2418, 0.833;
2419, 0.83;
2420, 0.828;
2421, 0.825;
2422, 0.822;
2423, 0.82;
2424, 0.817;
2425, 0.814;
2426, 0.811;
2427, 0.808;
2428, 0.806;
2429, 0.803;
2430, 0.8;
2431, 0.797;
2432, 0.794;
2433, 0.791;
2434, 0.788;
2435, 0.785;
2436, 0.782;
2437, 0.779;
2438, 0.776;
2439, 0.773;
2440, 0.77;
2441, 0.766;
2442, 0.763;
2443, 0.76;
2444, 0.757;
2445, 0.754;
2446, 0.75;
2447, 0.747;
2448, 0.744;
2449, 0.74;
2450, 0.737;
2451, 0.734;
2452, 0.73;
2453, 0.727;
2454, 0.724;
2455, 0.72;
2456, 0.717;
2457, 0.714;
2458, 0.71;
2459, 0.707;
2460, 0.703;
2461, 0.7;
2462, 0.696;
2463, 0.693;
2464, 0.689;
2465, 0.686;
2466, 0.683;
2467, 0.679;
2468, 0.676;
2469, 0.672;
2470, 0.669;
2471, 0.665;
2472, 0.662;
2473, 0.658;
2474, 0.655;
2475, 0.651;
2476, 0.647;
2477, 0.644;
2478, 0.64;
2479, 0.637;
2480, 0.633;
2481, 0.63;
2482, 0.626;
2483, 0.623;
2484, 0.619;
2485, 0.616;
2486, 0.612;
2487, 0.609;
2488, 0.605;
2489, 0.602;
2490, 0.598;
2491, 0.595;
2492, 0.591;
2493, 0.588;
2494, 0.585;
2495, 0.581;
2496, 0.578;
2497, 0.574;
2498, 0.571;
2499, 0.567;
2500, 0.564;
2501, 0.561;
2502, 0.557;
2503, 0.554;
2504, 0.551;
2505, 0.547;
2506, 0.544;
2507, 0.541;
2508, 0.538;
2509, 0.534;
2510, 0.531;
2511, 0.528;
2512, 0.525;
2513, 0.521;
2514, 0.518;
2515, 0.515;
2516, 0.512;
2517, 0.509;
2518, 0.506;
2519, 0.503;
2520, 0.5;
2521, 0.497;
2522, 0.494;
2523, 0.491;
2524, 0.488;
2525, 0.485;
2526, 0.482;
2527, 0.479;
2528, 0.476;
2529, 0.474;
2530, 0.471;
2531, 0.468;
2532, 0.465;
2533, 0.463;
2534, 0.46;
2535, 0.457;
2536, 0.455;
2537, 0.452;
2538, 0.45;
2539, 0.447;
2540, 0.445;
2541, 0.442;
2542, 0.44;
2543, 0.438;
2544, 0.435;
2545, 0.433;
2546, 0.431;
2547, 0.429;
2548, 0.428;
2549, 0.428;
2550, 0.428;
2551, 0.428;
2552, 0.428;
2553, 0.428;
2554, 0.428;
2555, 0.428;
2556, 0.428;
2557, 0.428;
2558, 0.428;
2559, 0.428;
2560, 0.428;
2561, 0.428;
2562, 0.429;
2563, 0.429;
2564, 0.429;
2565, 0.43;
2566, 0.43;
2567, 0.43;
2568, 0.431;
2569, 0.431;
2570, 0.432;
2571, 0.432;
2572, 0.433;
2573, 0.433;
2574, 0.434;
2575, 0.435;
2576, 0.435;
2577, 0.436;
2578, 0.437;
2579, 0.438;
2580, 0.438;
2581, 0.439;
2582, 0.44;
2583, 0.441;
2584, 0.442;
2585, 0.443;
2586, 0.443;
2587, 0.444;
2588, 0.445;
2589, 0.446;
2590, 0.447;
2591, 0.448;
2592, 0.449;
2593, 0.451;
2594, 0.452;
2595, 0.453;
2596, 0.454;
2597, 0.455;
2598, 0.456;
2599, 0.457;
2600, 0.459;
2601, 0.46;
2602, 0.461;
2603, 0.462;
2604, 0.464;
2605, 0.465;
2606, 0.466;
2607, 0.468;
2608, 0.469;
2609, 0.47;
2610, 0.472;
2611, 0.473;
2612, 0.474;
2613, 0.476;
2614, 0.477;
2615, 0.479;
2616, 0.48;
2617, 0.481;
2618, 0.483;
2619, 0.484;
2620, 0.486;
2621, 0.487;
2622, 0.489;
2623, 0.49;
2624, 0.492;
2625, 0.493;
2626, 0.495;
2627, 0.497;
2628, 0.498;
2629, 0.5;
2630, 0.501;
2631, 0.503;
2632, 0.504;
2633, 0.506;
2634, 0.508;
2635, 0.509;
2636, 0.511;
2637, 0.512;
2638, 0.514;
2639, 0.516;
2640, 0.517;
2641, 0.519;
2642, 0.52;
2643, 0.522;
2644, 0.524;
2645, 0.525;
2646, 0.527;
2647, 0.529;
2648, 0.53;
2649, 0.532;
2650, 0.533;
2651, 0.535;
2652, 0.537;
2653, 0.538;
2654, 0.54;
2655, 0.542;
2656, 0.543;
2657, 0.545;
2658, 0.546;
2659, 0.548;
2660, 0.549;
2661, 0.551;
2662, 0.553;
2663, 0.554;
2664, 0.556;
2665, 0.557;
2666, 0.559;
2667, 0.56;
2668, 0.562;
2669, 0.563;
2670, 0.565;
2671, 0.566;
2672, 0.568;
2673, 0.569;
2674, 0.571;
2675, 0.572;
2676, 0.574;
2677, 0.575;
2678, 0.577;
2679, 0.578;
2680, 0.58;
2681, 0.581;
2682, 0.582;
2683, 0.584;
2684, 0.585;
2685, 0.586;
2686, 0.588;
2687, 0.589;
2688, 0.59;
2689, 0.592;
2690, 0.593;
2691, 0.594;
2692, 0.595;
2693, 0.596;
2694, 0.598;
2695, 0.599;
2696, 0.6;
2697, 0.6;
2698, 0.6;
2699, 0.6;
2700, 0.599;
2701, 0.599;
2702, 0.599;
2703, 0.599;
2704, 0.598;
2705, 0.598;
2706, 0.598;
2707, 0.597;
2708, 0.597;
2709, 0.597;
2710, 0.596;
2711, 0.596;
2712, 0.596;
2713, 0.595;
2714, 0.595;
2715, 0.594;
2716, 0.594;
2717, 0.593;
2718, 0.593;
2719, 0.592;
2720, 0.592;
2721, 0.591;
2722, 0.59;
2723, 0.59;
2724, 0.589;
2725, 0.589;
2726, 0.588;
2727, 0.587;
2728, 0.587;
2729, 0.586;
2730, 0.585;
2731, 0.584;
2732, 0.584;
2733, 0.583;
2734, 0.582;
2735, 0.581;
2736, 0.58;
2737, 0.58;
2738, 0.579;
2739, 0.578;
2740, 0.577;
2741, 0.576;
2742, 0.575;
2743, 0.574;
2744, 0.574;
2745, 0.573;
2746, 0.572;
2747, 0.571;
2748, 0.57;
2749, 0.569;
2750, 0.568;
2751, 0.567;
2752, 0.566;
2753, 0.565;
2754, 0.563;
2755, 0.562;
2756, 0.561;
2757, 0.56;
2758, 0.559;
2759, 0.558;
2760, 0.557;
2761, 0.556;
2762, 0.555;
2763, 0.553;
2764, 0.552;
2765, 0.551;
2766, 0.55;
2767, 0.549;
2768, 0.547;
2769, 0.546;
2770, 0.545;
2771, 0.544;
2772, 0.542;
2773, 0.541;
2774, 0.54;
2775, 0.538;
2776, 0.537;
2777, 0.536;
2778, 0.534;
2779, 0.533;
2780, 0.532;
2781, 0.53;
2782, 0.529;
2783, 0.527;
2784, 0.526;
2785, 0.525;
2786, 0.523;
2787, 0.522;
2788, 0.52;
2789, 0.519;
2790, 0.517;
2791, 0.516;
2792, 0.514;
2793, 0.513;
2794, 0.512;
2795, 0.51;
2796, 0.508;
2797, 0.507;
2798, 0.505;
2799, 0.504;
2800, 0.502;
2801, 0.501;
2802, 0.499;
2803, 0.498;
2804, 0.496;
2805, 0.494;
2806, 0.493;
2807, 0.491;
2808, 0.49;
2809, 0.488;
2810, 0.486;
2811, 0.485;
2812, 0.483;
2813, 0.482;
2814, 0.48;
2815, 0.478;
2816, 0.477;
2817, 0.475;
2818, 0.473;
2819, 0.472;
2820, 0.47;
2821, 0.468;
2822, 0.466;
2823, 0.465;
2824, 0.463;
2825, 0.461;
2826, 0.46;
2827, 0.458;
2828, 0.456;
2829, 0.454;
2830, 0.453;
2831, 0.451;
2832, 0.449;
2833, 0.447;
2834, 0.446;
2835, 0.444;
2836, 0.442;
2837, 0.44;
2838, 0.438;
2839, 0.437;
2840, 0.435;
2841, 0.433;
2842, 0.431;
2843, 0.43;
2844, 0.428;
2845, 0.426;
2846, 0.424;
2847, 0.422;
2848, 0.42;
2849, 0.419;
2850, 0.417;
2851, 0.415;
2852, 0.413;
2853, 0.411;
2854, 0.41;
2855, 0.408;
2856, 0.406;
2857, 0.404;
2858, 0.402;
2859, 0.4;
2860, 0.399;
2861, 0.397;
2862, 0.395;
2863, 0.393;
2864, 0.391;
2865, 0.389;
2866, 0.387;
2867, 0.386;
2868, 0.384;
2869, 0.382;
2870, 0.38;
2871, 0.378;
2872, 0.376;
2873, 0.374;
2874, 0.373;
2875, 0.371;
2876, 0.369;
2877, 0.367;
2878, 0.365;
2879, 0.363;
2880, 0.362;
2881, 0.36;
2882, 0.358;
2883, 0.356;
2884, 0.354;
2885, 0.352;
2886, 0.35;
2887, 0.349;
2888, 0.347;
2889, 0.345;
2890, 0.343;
2891, 0.341;
2892, 0.339;
2893, 0.338;
2894, 0.336;
2895, 0.334;
2896, 0.332;
2897, 0.33;
2898, 0.328;
2899, 0.327;
2900, 0.325;
2901, 0.323;
2902, 0.321;
2903, 0.319;
2904, 0.317;
2905, 0.316;
2906, 0.314;
2907, 0.312;
2908, 0.31;
2909, 0.308;
2910, 0.307;
2911, 0.305;
2912, 0.303;
2913, 0.301;
2914, 0.3;
2915, 0.298;
2916, 0.296;
2917, 0.294;
2918, 0.292;
2919, 0.291;
2920, 0.289;
2921, 0.287;
2922, 0.286;
2923, 0.284;
2924, 0.282;
2925, 0.28;
2926, 0.279;
2927, 0.277;
2928, 0.275;
2929, 0.274;
2930, 0.272;
2931, 0.27;
2932, 0.268;
2933, 0.267;
2934, 0.265;
2935, 0.263;
2936, 0.262;
2937, 0.26;
2938, 0.258;
2939, 0.257;
2940, 0.255;
2941, 0.254;
2942, 0.252;
2943, 0.25;
2944, 0.249;
2945, 0.247;
2946, 0.246;
2947, 0.244;
2948, 0.242;
2949, 0.241;
2950, 0.239;
2951, 0.238;
2952, 0.236;
2953, 0.235;
2954, 0.233;
2955, 0.232;
2956, 0.23;
2957, 0.229;
2958, 0.227;
2959, 0.226;
2960, 0.224;
2961, 0.223;
2962, 0.221;
2963, 0.22;
2964, 0.219;
2965, 0.217;
2966, 0.216;
2967, 0.214;
2968, 0.213;
2969, 0.212;
2970, 0.21;
2971, 0.209;
2972, 0.207;
2973, 0.206;
2974, 0.205;
2975, 0.203;
2976, 0.202;
2977, 0.201;
2978, 0.2;
2979, 0.198;
2980, 0.197;
2981, 0.196;
2982, 0.195;
2983, 0.193;
2984, 0.192;
2985, 0.191;
2986, 0.19;
2987, 0.189;
2988, 0.187;
2989, 0.186;
2990, 0.185;
2991, 0.184;
2992, 0.183;
2993, 0.182;
2994, 0.181;
2995, 0.18;
2996, 0.178;
2997, 0.177;
2998, 0.176;
2999, 0.175;
3000, 0.174;
3001, 0.173;
3002, 0.172;
3003, 0.171;
3004, 0.17;
3005, 0.169;
3006, 0.168;
3007, 0.168;
3008, 0.167;
3009, 0.167;
3010, 0.168;
3011, 0.168;
3012, 0.169;
3013, 0.169;
3014, 0.17;
3015, 0.17;
3016, 0.171;
3017, 0.171;
3018, 0.172;
3019, 0.172;
3020, 0.173;
3021, 0.174;
3022, 0.174;
3023, 0.175;
3024, 0.176;
3025, 0.177;
3026, 0.177;
3027, 0.178;
3028, 0.179;
3029, 0.18;
3030, 0.181;
3031, 0.182;
3032, 0.183;
3033, 0.184;
3034, 0.184;
3035, 0.186;
3036, 0.187;
3037, 0.188;
3038, 0.189;
3039, 0.19;
3040, 0.191;
3041, 0.192;
3042, 0.193;
3043, 0.195;
3044, 0.196;
3045, 0.197;
3046, 0.199;
3047, 0.2;
3048, 0.201;
3049, 0.203;
3050, 0.204;
3051, 0.206;
3052, 0.207;
3053, 0.209;
3054, 0.211;
3055, 0.212;
3056, 0.214;
3057, 0.216;
3058, 0.218;
3059, 0.22;
3060, 0.221;
3061, 0.223;
3062, 0.225;
3063, 0.227;
3064, 0.229;
3065, 0.232;
3066, 0.234;
3067, 0.236;
3068, 0.238;
3069, 0.24;
3070, 0.243;
3071, 0.245;
3072, 0.248;
3073, 0.25;
3074, 0.255;
3075, 0.259;
3076, 0.264;
3077, 0.269;
3078, 0.273;
3079, 0.278;
3080, 0.283;
3081, 0.288;
3082, 0.293;
3083, 0.298;
3084, 0.303;
3085, 0.308;
3086, 0.313;
3087, 0.318;
3088, 0.323;
3089, 0.329;
3090, 0.334;
3091, 0.339;
3092, 0.344;
3093, 0.35;
3094, 0.355;
3095, 0.361;
3096, 0.366;
3097, 0.371;
3098, 0.377;
3099, 0.382;
3100, 0.388;
3101, 0.394;
3102, 0.399;
3103, 0.405;
3104, 0.41;
3105, 0.416;
3106, 0.422;
3107, 0.427;
3108, 0.433;
3109, 0.439;
3110, 0.445;
3111, 0.45;
3112, 0.456;
3113, 0.462;
3114, 0.468;
3115, 0.473;
3116, 0.479;
3117, 0.485;
3118, 0.491;
3119, 0.497;
3120, 0.502;
3121, 0.508;
3122, 0.514;
3123, 0.52;
3124, 0.526;
3125, 0.532;
3126, 0.538;
3127, 0.543;
3128, 0.549;
3129, 0.555;
3130, 0.561;
3131, 0.567;
3132, 0.573;
3133, 0.579;
3134, 0.584;
3135, 0.59;
3136, 0.596;
3137, 0.602;
3138, 0.608;
3139, 0.613;
3140, 0.619;
3141, 0.625;
3142, 0.631;
3143, 0.636;
3144, 0.642;
3145, 0.648;
3146, 0.653;
3147, 0.659;
3148, 0.665;
3149, 0.67;
3150, 0.676;
3151, 0.681;
3152, 0.687;
3153, 0.693;
3154, 0.698;
3155, 0.703;
3156, 0.709;
3157, 0.714;
3158, 0.72;
3159, 0.725;
3160, 0.73;
3161, 0.736;
3162, 0.741;
3163, 0.746;
3164, 0.751;
3165, 0.756;
3166, 0.762;
3167, 0.767;
3168, 0.772;
3169, 0.777;
3170, 0.782;
3171, 0.787;
3172, 0.791;
3173, 0.796;
3174, 0.801;
3175, 0.806;
3176, 0.811;
3177, 0.815;
3178, 0.82;
3179, 0.824;
3180, 0.829;
3181, 0.833;
3182, 0.834;
3183, 0.835;
3184, 0.836;
3185, 0.836;
3186, 0.837;
3187, 0.837;
3188, 0.838;
3189, 0.838;
3190, 0.839;
3191, 0.839;
3192, 0.839;
3193, 0.84;
3194, 0.84;
3195, 0.84;
3196, 0.84;
3197, 0.84;
3198, 0.84;
3199, 0.84;
3200, 0.84;
3201, 0.84;
3202, 0.84;
3203, 0.839;
3204, 0.839;
3205, 0.839;
3206, 0.839;
3207, 0.838;
3208, 0.838;
3209, 0.837;
3210, 0.837;
3211, 0.836;
3212, 0.836;
3213, 0.835;
3214, 0.834;
3215, 0.834;
3216, 0.833;
3217, 0.832;
3218, 0.831;
3219, 0.83;
3220, 0.829;
3221, 0.828;
3222, 0.827;
3223, 0.826;
3224, 0.825;
3225, 0.824;
3226, 0.823;
3227, 0.822;
3228, 0.821;
3229, 0.819;
3230, 0.818;
3231, 0.817;
3232, 0.815;
3233, 0.814;
3234, 0.813;
3235, 0.811;
3236, 0.81;
3237, 0.808;
3238, 0.807;
3239, 0.805;
3240, 0.803;
3241, 0.802;
3242, 0.8;
3243, 0.798;
3244, 0.796;
3245, 0.795;
3246, 0.793;
3247, 0.791;
3248, 0.789;
3249, 0.787;
3250, 0.785;
3251, 0.783;
3252, 0.781;
3253, 0.779;
3254, 0.777;
3255, 0.775;
3256, 0.773;
3257, 0.771;
3258, 0.769;
3259, 0.767;
3260, 0.764;
3261, 0.762;
3262, 0.76;
3263, 0.757;
3264, 0.755;
3265, 0.753;
3266, 0.75;
3267, 0.748;
3268, 0.746;
3269, 0.743;
3270, 0.741;
3271, 0.738;
3272, 0.736;
3273, 0.733;
3274, 0.731;
3275, 0.728;
3276, 0.726;
3277, 0.723;
3278, 0.72;
3279, 0.718;
3280, 0.715;
3281, 0.712;
3282, 0.71;
3283, 0.707;
3284, 0.704;
3285, 0.701;
3286, 0.699;
3287, 0.696;
3288, 0.693;
3289, 0.69;
3290, 0.687;
3291, 0.685;
3292, 0.682;
3293, 0.679;
3294, 0.676;
3295, 0.673;
3296, 0.67;
3297, 0.667;
3298, 0.664;
3299, 0.661;
3300, 0.658;
3301, 0.655;
3302, 0.652;
3303, 0.649;
3304, 0.646;
3305, 0.643;
3306, 0.64;
3307, 0.637;
3308, 0.634;
3309, 0.631;
3310, 0.628;
3311, 0.625;
3312, 0.622;
3313, 0.618;
3314, 0.615;
3315, 0.612;
3316, 0.609;
3317, 0.606;
3318, 0.603;
3319, 0.6;
3320, 0.596;
3321, 0.593;
3322, 0.59;
3323, 0.587;
3324, 0.584;
3325, 0.58;
3326, 0.577;
3327, 0.574;
3328, 0.571;
3329, 0.568;
3330, 0.564;
3331, 0.561;
3332, 0.558;
3333, 0.555;
3334, 0.551;
3335, 0.548;
3336, 0.545;
3337, 0.542;
3338, 0.539;
3339, 0.535;
3340, 0.532;
3341, 0.529;
3342, 0.526;
3343, 0.522;
3344, 0.519;
3345, 0.516;
3346, 0.513;
3347, 0.51;
3348, 0.506;
3349, 0.503;
3350, 0.5;
3351, 0.497;
3352, 0.494;
3353, 0.49;
3354, 0.487;
3355, 0.484;
3356, 0.481;
3357, 0.478;
3358, 0.474;
3359, 0.471;
3360, 0.468;
3361, 0.465;
3362, 0.462;
3363, 0.459;
3364, 0.456;
3365, 0.453;
3366, 0.449;
3367, 0.446;
3368, 0.443;
3369, 0.44;
3370, 0.437;
3371, 0.434;
3372, 0.431;
3373, 0.428;
3374, 0.425;
3375, 0.422;
3376, 0.419;
3377, 0.416;
3378, 0.413;
3379, 0.41;
3380, 0.407;
3381, 0.404;
3382, 0.401;
3383, 0.398;
3384, 0.395;
3385, 0.393;
3386, 0.39;
3387, 0.387;
3388, 0.384;
3389, 0.381;
3390, 0.378;
3391, 0.376;
3392, 0.373;
3393, 0.37;
3394, 0.367;
3395, 0.365;
3396, 0.362;
3397, 0.359;
3398, 0.357;
3399, 0.354;
3400, 0.351;
3401, 0.349;
3402, 0.346;
3403, 0.344;
3404, 0.341;
3405, 0.339;
3406, 0.336;
3407, 0.334;
3408, 0.331;
3409, 0.329;
3410, 0.327;
3411, 0.324;
3412, 0.322;
3413, 0.319;
3414, 0.317;
3415, 0.315;
3416, 0.313;
3417, 0.31;
3418, 0.308;
3419, 0.306;
3420, 0.304;
3421, 0.302;
3422, 0.3;
3423, 0.298;
3424, 0.296;
3425, 0.294;
3426, 0.292;
3427, 0.29;
3428, 0.288;
3429, 0.286;
3430, 0.284;
3431, 0.282;
3432, 0.28;
3433, 0.279;
3434, 0.277;
3435, 0.275;
3436, 0.274;
3437, 0.272;
3438, 0.27;
3439, 0.269;
3440, 0.267;
3441, 0.266;
3442, 0.264;
3443, 0.263;
3444, 0.261;
3445, 0.26;
3446, 0.259;
3447, 0.257;
3448, 0.256;
3449, 0.255;
3450, 0.254;
3451, 0.253;
3452, 0.251;
3453, 0.25;
3454, 0.249;
3455, 0.248;
3456, 0.247;
3457, 0.246;
3458, 0.246;
3459, 0.245;
3460, 0.244;
3461, 0.243;
3462, 0.242;
3463, 0.242;
3464, 0.241;
3465, 0.24;
3466, 0.24;
3467, 0.239;
3468, 0.239;
3469, 0.238;
3470, 0.238;
3471, 0.238;
3472, 0.237;
3473, 0.237;
3474, 0.237;
3475, 0.237;
3476, 0.237;
3477, 0.236;
3478, 0.236;
3479, 0.236;
3480, 0.236;
3481, 0.237;
3482, 0.237;
3483, 0.237;
3484, 0.237;
3485, 0.237;
3486, 0.238;
3487, 0.238;
3488, 0.239;
3489, 0.239;
3490, 0.24;
3491, 0.24;
3492, 0.241;
3493, 0.242;
3494, 0.242;
3495, 0.243;
3496, 0.244;
3497, 0.245;
3498, 0.246;
3499, 0.247;
3500, 0.248;
3501, 0.249;
3502, 0.25;
3503, 0.253;
3504, 0.256;
3505, 0.259;
3506, 0.262;
3507, 0.266;
3508, 0.269;
3509, 0.272;
3510, 0.275;
3511, 0.279;
3512, 0.282;
3513, 0.286;
3514, 0.289;
3515, 0.292;
3516, 0.296;
3517, 0.299;
3518, 0.303;
3519, 0.307;
3520, 0.31;
3521, 0.314;
3522, 0.317;
3523, 0.321;
3524, 0.324;
3525, 0.328;
3526, 0.332;
3527, 0.335;
3528, 0.339;
3529, 0.342;
3530, 0.346;
3531, 0.35;
3532, 0.353;
3533, 0.357;
3534, 0.36;
3535, 0.364;
3536, 0.367;
3537, 0.371;
3538, 0.374;
3539, 0.377;
3540, 0.381;
3541, 0.384;
3542, 0.387;
3543, 0.391;
3544, 0.394;
3545, 0.397;
3546, 0.4;
3547, 0.403;
3548, 0.406;
3549, 0.409;
3550, 0.412;
3551, 0.415;
3552, 0.418;
3553, 0.42;
3554, 0.423;
3555, 0.426;
3556, 0.428;
3557, 0.431;
3558, 0.433;
3559, 0.435;
3560, 0.438;
3561, 0.44;
3562, 0.442;
3563, 0.444;
3564, 0.446;
3565, 0.447;
3566, 0.449;
3567, 0.451;
3568, 0.452;
3569, 0.454;
3570, 0.455;
3571, 0.456;
3572, 0.457;
3573, 0.458;
3574, 0.459;
3575, 0.46;
3576, 0.46;
3577, 0.461;
3578, 0.461;
3579, 0.462;
3580, 0.462;
3581, 0.462;
3582, 0.462;
3583, 0.461;
3584, 0.461;
3585, 0.461;
3586, 0.46;
3587, 0.459;
3588, 0.458;
3589, 0.457;
3590, 0.456;
3591, 0.454;
3592, 0.453;
3593, 0.451;
3594, 0.449;
3595, 0.447;
3596, 0.445;
3597, 0.443;
3598, 0.44;
3599, 0.438;
3600, 0.435;
3601, 0.432;
3602, 0.429;
3603, 0.426;
3604, 0.423;
3605, 0.419;
3606, 0.416;
3607, 0.412;
3608, 0.409;
3609, 0.405;
3610, 0.401;
3611, 0.396;
3612, 0.392;
3613, 0.388;
3614, 0.383;
3615, 0.379;
3616, 0.374;
3617, 0.369;
3618, 0.364;
3619, 0.359;
3620, 0.354;
3621, 0.349;
3622, 0.343;
3623, 0.338;
3624, 0.333;
3625, 0.327;
3626, 0.322;
3627, 0.316;
3628, 0.311;
3629, 0.305;
3630, 0.299;
3631, 0.294;
3632, 0.288;
3633, 0.282;
3634, 0.277;
3635, 0.271;
3636, 0.265;
3637, 0.26;
3638, 0.254;
3639, 0.248;
3640, 0.243;
3641, 0.237;
3642, 0.232;
3643, 0.226;
3644, 0.221;
3645, 0.216;
3646, 0.21;
3647, 0.205;
3648, 0.2;
3649, 0.195;
3650, 0.19;
3651, 0.185;
3652, 0.18;
3653, 0.175;
3654, 0.171;
3655, 0.166;
3656, 0.162;
3657, 0.158;
3658, 0.154;
3659, 0.15;
3660, 0.146;
3661, 0.142;
3662, 0.139;
3663, 0.135;
3664, 0.132;
3665, 0.129;
3666, 0.126;
3667, 0.124;
3668, 0.121;
3669, 0.119;
3670, 0.117;
3671, 0.115;
3672, 0.113;
3673, 0.112;
3674, 0.11;
3675, 0.109;
3676, 0.109;
3677, 0.108;
3678, 0.108;
3679, 0.108;
3680, 0.108;
3681, 0.108;
3682, 0.109;
3683, 0.11;
3684, 0.111;
3685, 0.113;
3686, 0.115;
3687, 0.117;
3688, 0.119;
3689, 0.122;
3690, 0.125;
3691, 0.129;
3692, 0.132;
3693, 0.136;
3694, 0.141;
3695, 0.145;
3696, 0.15;
3697, 0.156;
3698, 0.162;
3699, 0.168;
3700, 0.174;
3701, 0.181;
3702, 0.188;
3703, 0.196;
3704, 0.204;
3705, 0.212;
3706, 0.221;
3707, 0.23;
3708, 0.24;
3709, 0.25;
3710, 0.261;
3711, 0.271;
3712, 0.283;
3713, 0.295;
3714, 0.307;
3715, 0.32;
3716, 0.333;
3717, 0.346;
3718, 0.36;
3719, 0.375;
3720, 0.39;
3721, 0.405;
3722, 0.421;
3723, 0.438;
3724, 0.455;
3725, 0.472;
3726, 0.49;
3727, 0.509;
3728, 0.528;
3729, 0.548;
3730, 0.568;
3731, 0.589;
3732, 0.61;
3733, 0.632;
3734, 0.654;
3735, 0.677;
3736, 0.7;
3737, 0.724;
3738, 0.749;
3739, 0.774;
3740, 0.8;
3741, 0.85;
3742, 0.9;
3743, 0.924;
3744, 0.948;
3745, 0.971;
3746, 0.994;
3747, 1.016;
3748, 1.037;
3749, 1.059;
3750, 1.079;
3751, 1.099;
3752, 1.119;
3753, 1.138;
3754, 1.156;
3755, 1.174;
3756, 1.191;
3757, 1.208;
3758, 1.224;
3759, 1.24;
3760, 1.255;
3761, 1.27;
3762, 1.284;
3763, 1.297;
3764, 1.31;
3765, 1.322;
3766, 1.334;
3767, 1.345;
3768, 1.356;
3769, 1.366;
3770, 1.376;
3771, 1.385;
3772, 1.393;
3773, 1.401;
3774, 1.408;
3775, 1.415;
3776, 1.421;
3777, 1.426;
3778, 1.431;
3779, 1.435;
3780, 1.439;
3781, 1.442;
3782, 1.445;
3783, 1.447;
3784, 1.448;
3785, 1.449;
3786, 1.449;
3787, 1.449;
3788, 1.448;
3789, 1.446;
3790, 1.444;
3791, 1.441;
3792, 1.437;
3793, 1.433;
3794, 1.429;
3795, 1.423;
3796, 1.417;
3797, 1.411;
3798, 1.404;
3799, 1.396;
3800, 1.387;
3801, 1.378;
3802, 1.369;
3803, 1.358;
3804, 1.347;
3805, 1.336;
3806, 1.323;
3807, 1.311;
3808, 1.297;
3809, 1.283;
3810, 1.268;
3811, 1.253;
3812, 1.237;
3813, 1.22;
3814, 1.202;
3815, 1.184;
3816, 1.166;
3817, 1.146;
3818, 1.126;
3819, 1.105;
3820, 1.084;
3821, 1.062;
3822, 1.039;
3823, 1.016;
3824, 0.992;
3825, 0.967;
3826, 0.942;
3827, 0.916;
3828, 0.889;
3829, 0.861;
3830, 0.833;
3831, 0.803;
3832, 0.773;
3833, 0.742;
3834, 0.712;
3835, 0.683;
3836, 0.656;
3837, 0.629;
3838, 0.605;
3839, 0.583;
3840, 0.565;
3841, 0.549;
3842, 0.537;
3843, 0.529;
3844, 0.525;
3845, 0.526;
3846, 0.532;
3847, 0.543;
3848, 0.561;
3849, 0.584;
3850, 0.615;
3851, 0.652;
3852, 0.697;
3853, 0.75;
3854, 0.874;
3855, 1.0;
3856, 1.054;
3857, 1.103;
3858, 1.147;
3859, 1.187;
3860, 1.223;
3861, 1.254;
3862, 1.282;
3863, 1.305;
3864, 1.324;
3865, 1.34;
3866, 1.352;
3867, 1.361;
3868, 1.367;
3869, 1.369;
3870, 1.368;
3871, 1.365;
3872, 1.358;
3873, 1.349;
3874, 1.338;
3875, 1.324;
3876, 1.307;
3877, 1.289;
3878, 1.269;
3879, 1.247;
3880, 1.223;
3881, 1.197;
3882, 1.17;
3883, 1.142;
3884, 1.113;
3885, 1.082;
3886, 1.051;
3887, 1.019;
3888, 0.986;
3889, 0.952;
3890, 0.919;
3891, 0.884;
3892, 0.85;
3893, 0.816;
3894, 0.782;
3895, 0.748;
3896, 0.715;
3897, 0.682;
3898, 0.649;
3899, 0.618;
3900, 0.587;
3901, 0.558;
3902, 0.529;
3903, 0.502;
3904, 0.477;
3905, 0.453;
3906, 0.431;
3907, 0.41;
3908, 0.392;
3909, 0.375;
3910, 0.361;
3911, 0.349;
3912, 0.34;
3913, 0.333;
3914, 0.347;
3915, 0.363;
3916, 0.382;
3917, 0.402;
3918, 0.425;
3919, 0.449;
3920, 0.474;
3921, 0.5;
3922, 0.527;
3923, 0.555;
3924, 0.583;
3925, 0.611;
3926, 0.639;
3927, 0.667;
3928, 0.68;
3929, 0.693;
3930, 0.705;
3931, 0.716;
3932, 0.727;
3933, 0.737;
3934, 0.747;
3935, 0.756;
3936, 0.765;
3937, 0.773;
3938, 0.78;
3939, 0.787;
3940, 0.794;
3941, 0.8;
3942, 0.805;
3943, 0.81;
3944, 0.814;
3945, 0.818;
3946, 0.822;
3947, 0.825;
3948, 0.827;
3949, 0.83;
3950, 0.831;
3951, 0.832;
3952, 0.833;
3953, 0.834;
3954, 0.834;
3955, 0.833;
3956, 0.833;
3957, 0.831;
3958, 0.83;
3959, 0.828;
3960, 0.826;
3961, 0.823;
3962, 0.82;
3963, 0.817;
3964, 0.813;
3965, 0.809;
3966, 0.805;
3967, 0.801;
3968, 0.796;
3969, 0.791;
3970, 0.785;
3971, 0.78;
3972, 0.774;
3973, 0.768;
3974, 0.761;
3975, 0.755;
3976, 0.748;
3977, 0.741;
3978, 0.734;
3979, 0.726;
3980, 0.719;
3981, 0.711;
3982, 0.703;
3983, 0.695;
3984, 0.686;
3985, 0.678;
3986, 0.669;
3987, 0.661;
3988, 0.652;
3989, 0.643;
3990, 0.634;
3991, 0.625;
3992, 0.615;
3993, 0.606;
3994, 0.597;
3995, 0.587;
3996, 0.578;
3997, 0.568;
3998, 0.558;
3999, 0.549;
4000, 0.539;
4001, 0.529;
4002, 0.52;
4003, 0.51;
4004, 0.5;
4005, 0.491;
4006, 0.481;
4007, 0.471;
4008, 0.462;
4009, 0.452;
4010, 0.443;
4011, 0.433;
4012, 0.424;
4013, 0.415;
4014, 0.406;
4015, 0.397;
4016, 0.388;
4017, 0.379;
4018, 0.37;
4019, 0.362;
4020, 0.353;
4021, 0.345;
4022, 0.337;
4023, 0.329;
4024, 0.321;
4025, 0.314;
4026, 0.307;
4027, 0.299;
4028, 0.292;
4029, 0.286;
4030, 0.283;
4031, 0.281;
4032, 0.279;
4033, 0.277;
4034, 0.275;
4035, 0.274;
4036, 0.273;
4037, 0.272;
4038, 0.271;
4039, 0.271;
4040, 0.27;
4041, 0.27;
4042, 0.27;
4043, 0.27;
4044, 0.271;
4045, 0.271;
4046, 0.272;
4047, 0.273;
4048, 0.274;
4049, 0.275;
4050, 0.277;
4051, 0.278;
4052, 0.28;
4053, 0.282;
4054, 0.284;
4055, 0.286;
4056, 0.289;
4057, 0.291;
4058, 0.294;
4059, 0.297;
4060, 0.3;
4061, 0.303;
4062, 0.306;
4063, 0.31;
4064, 0.313;
4065, 0.317;
4066, 0.321;
4067, 0.325;
4068, 0.329;
4069, 0.333;
4070, 0.337;
4071, 0.342;
4072, 0.346;
4073, 0.351;
4074, 0.355;
4075, 0.36;
4076, 0.365;
4077, 0.37;
4078, 0.375;
4079, 0.38;
4080, 0.386;
4081, 0.391;
4082, 0.397;
4083, 0.402;
4084, 0.408;
4085, 0.413;
4086, 0.419;
4087, 0.425;
4088, 0.431;
4089, 0.437;
4090, 0.443;
4091, 0.449;
4092, 0.455;
4093, 0.461;
4094, 0.467;
4095, 0.473;
4096, 0.48;
4097, 0.486;
4098, 0.492;
4099, 0.499;
4100, 0.505;
4101, 0.512;
4102, 0.518;
4103, 0.525;
4104, 0.531;
4105, 0.538;
4106, 0.544;
4107, 0.551;
4108, 0.557;
4109, 0.564;
4110, 0.571;
4111, 0.577;
4112, 0.584;
4113, 0.59;
4114, 0.597;
4115, 0.603;
4116, 0.61;
4117, 0.617;
4118, 0.623;
4119, 0.63;
4120, 0.636;
4121, 0.642;
4122, 0.649;
4123, 0.655;
4124, 0.662;
4125, 0.668;
4126, 0.674;
4127, 0.68;
4128, 0.686;
4129, 0.693;
4130, 0.699;
4131, 0.705;
4132, 0.711;
4133, 0.716;
4134, 0.722;
4135, 0.728;
4136, 0.734;
4137, 0.739;
4138, 0.745;
4139, 0.75;
4140, 0.756;
4141, 0.761;
4142, 0.766;
4143, 0.771;
4144, 0.776;
4145, 0.781;
4146, 0.786;
4147, 0.791;
4148, 0.795;
4149, 0.8;
4150, 0.801;
4151, 0.802;
4152, 0.803;
4153, 0.804;
4154, 0.804;
4155, 0.805;
4156, 0.806;
4157, 0.806;
4158, 0.806;
4159, 0.806;
4160, 0.806;
4161, 0.806;
4162, 0.806;
4163, 0.806;
4164, 0.806;
4165, 0.805;
4166, 0.805;
4167, 0.804;
4168, 0.804;
4169, 0.803;
4170, 0.802;
4171, 0.801;
4172, 0.8;
4173, 0.799;
4174, 0.798;
4175, 0.797;
4176, 0.795;
4177, 0.794;
4178, 0.793;
4179, 0.791;
4180, 0.789;
4181, 0.788;
4182, 0.786;
4183, 0.784;
4184, 0.782;
4185, 0.78;
4186, 0.778;
4187, 0.776;
4188, 0.774;
4189, 0.771;
4190, 0.769;
4191, 0.767;
4192, 0.764;
4193, 0.762;
4194, 0.759;
4195, 0.757;
4196, 0.754;
4197, 0.751;
4198, 0.748;
4199, 0.745;
4200, 0.743;
4201, 0.74;
4202, 0.737;
4203, 0.733;
4204, 0.73;
4205, 0.727;
4206, 0.724;
4207, 0.721;
4208, 0.717;
4209, 0.714;
4210, 0.711;
4211, 0.707;
4212, 0.704;
4213, 0.7;
4214, 0.697;
4215, 0.693;
4216, 0.69;
4217, 0.686;
4218, 0.682;
4219, 0.679;
4220, 0.675;
4221, 0.671;
4222, 0.667;
4223, 0.663;
4224, 0.659;
4225, 0.656;
4226, 0.652;
4227, 0.648;
4228, 0.644;
4229, 0.64;
4230, 0.636;
4231, 0.632;
4232, 0.628;
4233, 0.624;
4234, 0.62;
4235, 0.616;
4236, 0.611;
4237, 0.607;
4238, 0.603;
4239, 0.599;
4240, 0.595;
4241, 0.591;
4242, 0.587;
4243, 0.582;
4244, 0.578;
4245, 0.574;
4246, 0.57;
4247, 0.566;
4248, 0.562;
4249, 0.557;
4250, 0.553;
4251, 0.549;
4252, 0.545;
4253, 0.541;
4254, 0.537;
4255, 0.532;
4256, 0.528;
4257, 0.524;
4258, 0.52;
4259, 0.516;
4260, 0.512;
4261, 0.508;
4262, 0.504;
4263, 0.5;
4264, 0.496;
4265, 0.492;
4266, 0.488;
4267, 0.484;
4268, 0.48;
4269, 0.476;
4270, 0.472;
4271, 0.468;
4272, 0.464;
4273, 0.46;
4274, 0.457;
4275, 0.453;
4276, 0.449;
4277, 0.445;
4278, 0.442;
4279, 0.438;
4280, 0.434;
4281, 0.431;
4282, 0.427;
4283, 0.424;
4284, 0.42;
4285, 0.417;
4286, 0.414;
4287, 0.41;
4288, 0.407;
4289, 0.404;
4290, 0.401;
4291, 0.397;
4292, 0.394;
4293, 0.391;
4294, 0.388;
4295, 0.385;
4296, 0.382;
4297, 0.38;
4298, 0.377;
4299, 0.374;
4300, 0.371;
4301, 0.369;
4302, 0.366;
4303, 0.364;
4304, 0.361;
4305, 0.359;
4306, 0.357;
4307, 0.354;
4308, 0.352;
4309, 0.35;
4310, 0.348;
4311, 0.346;
4312, 0.344;
4313, 0.342;
4314, 0.341;
4315, 0.339;
4316, 0.337;
4317, 0.336;
4318, 0.334;
4319, 0.333;
4320, 0.332;
4321, 0.33;
4322, 0.329;
4323, 0.328;
4324, 0.327;
4325, 0.326;
4326, 0.326;
4327, 0.325;
4328, 0.324;
4329, 0.324;
4330, 0.323;
4331, 0.323;
4332, 0.323;
4333, 0.322;
4334, 0.322;
4335, 0.322;
4336, 0.322;
4337, 0.323;
4338, 0.323;
4339, 0.323;
4340, 0.324;
4341, 0.325;
4342, 0.325;
4343, 0.326;
4344, 0.327;
4345, 0.328;
4346, 0.329;
4347, 0.33;
4348, 0.332;
4349, 0.333;
4350, 0.339;
4351, 0.344;
4352, 0.35;
4353, 0.356;
4354, 0.362;
4355, 0.367;
4356, 0.373;
4357, 0.379;
4358, 0.384;
4359, 0.39;
4360, 0.395;
4361, 0.4;
4362, 0.403;
4363, 0.406;
4364, 0.409;
4365, 0.412;
4366, 0.414;
4367, 0.416;
4368, 0.419;
4369, 0.421;
4370, 0.422;
4371, 0.424;
4372, 0.425;
4373, 0.427;
4374, 0.428;
4375, 0.429;
4376, 0.43;
4377, 0.43;
4378, 0.431;
4379, 0.431;
4380, 0.431;
4381, 0.431;
4382, 0.431;
4383, 0.431;
4384, 0.431;
4385, 0.43;
4386, 0.43;
4387, 0.429;
4388, 0.428;
4389, 0.427;
4390, 0.426;
4391, 0.424;
4392, 0.423;
4393, 0.421;
4394, 0.42;
4395, 0.418;
4396, 0.416;
4397, 0.414;
4398, 0.412;
4399, 0.41;
4400, 0.408;
4401, 0.405;
4402, 0.403;
4403, 0.4;
4404, 0.397;
4405, 0.395;
4406, 0.392;
4407, 0.389;
4408, 0.386;
4409, 0.382;
4410, 0.379;
4411, 0.376;
4412, 0.372;
4413, 0.369;
4414, 0.365;
4415, 0.362;
4416, 0.358;
4417, 0.354;
4418, 0.35;
4419, 0.346;
4420, 0.342;
4421, 0.338;
4422, 0.334;
4423, 0.33;
4424, 0.326;
4425, 0.321;
4426, 0.317;
4427, 0.313;
4428, 0.308;
4429, 0.304;
4430, 0.299;
4431, 0.295;
4432, 0.29;
4433, 0.286;
4434, 0.281;
4435, 0.276;
4436, 0.271;
4437, 0.267;
4438, 0.262;
4439, 0.257;
4440, 0.252;
4441, 0.247;
4442, 0.242;
4443, 0.238;
4444, 0.233;
4445, 0.228;
4446, 0.223;
4447, 0.218;
4448, 0.213;
4449, 0.208;
4450, 0.203;
4451, 0.198;
4452, 0.193;
4453, 0.188;
4454, 0.183;
4455, 0.178;
4456, 0.173;
4457, 0.169;
4458, 0.164;
4459, 0.159;
4460, 0.154;
4461, 0.149;
4462, 0.144;
4463, 0.14;
4464, 0.135;
4465, 0.13;
4466, 0.125;
4467, 0.121;
4468, 0.116;
4469, 0.112;
4470, 0.107;
4471, 0.103;
4472, 0.098;
4473, 0.094;
4474, 0.089;
4475, 0.085;
4476, 0.081;
4477, 0.077;
4478, 0.072;
4479, 0.068;
4480, 0.064;
4481, 0.06;
4482, 0.057;
4483, 0.053;
4484, 0.049;
4485, 0.045;
4486, 0.042;
4487, 0.038;
4488, 0.035;
4489, 0.031;
4490, 0.028;
4491, 0.025;
4492, 0.022;
4493, 0.019;
4494, 0.016;
4495, 0.013;
4496, 0.01;
4497, 0.008;
4498, 0.005;
4499, 0.003;
4500, 0.0;
4501, -0.002;
4502, -0.004;
4503, -0.006;
4504, -0.008;
4505, -0.01;
4506, -0.012;
4507, -0.013;
4508, -0.015;
4509, -0.016;
4510, -0.017;
4511, -0.018;
4512, -0.019;
4513, -0.02;
4514, -0.021;
4515, -0.021;
4516, -0.022;
4517, -0.022;
4518, -0.022;
4519, -0.022;
4520, -0.022;
4521, -0.022;
4522, -0.021;
4523, -0.021;
4524, -0.02;
4525, -0.019;
4526, -0.018;
4527, -0.017;
4528, -0.015;
4529, -0.014;
4530, -0.012;
4531, -0.01;
4532, -0.008;
4533, -0.006;
4534, -0.003;
4535, -0.001;
4536, 0.002;
4537, 0.005;
4538, 0.008;
4539, 0.011;
4540, 0.015;
4541, 0.019;
4542, 0.022;
4543, 0.027;
4544, 0.031;
4545, 0.035;
4546, 0.04;
4547, 0.045;
4548, 0.05;
4549, 0.055;
4550, 0.061;
4551, 0.066;
4552, 0.072;
4553, 0.078;
4554, 0.085;
4555, 0.091;
4556, 0.098;
4557, 0.105;
4558, 0.112;
4559, 0.12;
4560, 0.127;
4561, 0.135;
4562, 0.143;
4563, 0.152;
4564, 0.16;
4565, 0.169;
4566, 0.178;
4567, 0.188;
4568, 0.197;
4569, 0.207;
4570, 0.217;
4571, 0.228;
4572, 0.238;
4573, 0.249;
4574, 0.26;
4575, 0.271;
4576, 0.283;
4577, 0.295;
4578, 0.307;
4579, 0.319;
4580, 0.332;
4581, 0.345;
4582, 0.358;
4583, 0.372;
4584, 0.386;
4585, 0.4;
4586, 0.414;
4587, 0.429;
4588, 0.444;
4589, 0.459;
4590, 0.474;
4591, 0.49;
4592, 0.506;
4593, 0.523;
4594, 0.539;
4595, 0.557;
4596, 0.574;
4597, 0.591;
4598, 0.609;
4599, 0.628;
4600, 0.646;
4601, 0.665;
4602, 0.684;
4603, 0.704;
4604, 0.724;
4605, 0.744;
4606, 0.764;
4607, 0.785;
4608, 0.806;
4609, 0.827;
4610, 0.849;
4611, 0.871;
4612, 0.894;
4613, 0.917;
4614, 0.938;
4615, 0.96;
4616, 0.983;
4617, 1.005;
4618, 1.028;
4619, 1.051;
4620, 1.075;
4621, 1.098;
4622, 1.122;
4623, 1.146;
4624, 1.17;
4625, 1.195;
4626, 1.219;
4627, 1.244;
4628, 1.269;
4629, 1.294;
4630, 1.319;
4631, 1.344;
4632, 1.369;
4633, 1.394;
4634, 1.419;
4635, 1.445;
4636, 1.47;
4637, 1.495;
4638, 1.52;
4639, 1.545;
4640, 1.57;
4641, 1.595;
4642, 1.62;
4643, 1.645;
4644, 1.67;
4645, 1.694;
4646, 1.719;
4647, 1.743;
4648, 1.767;
4649, 1.791;
4650, 1.814;
4651, 1.837;
4652, 1.86;
4653, 1.883;
4654, 1.906;
4655, 1.928;
4656, 1.95;
4657, 1.971;
4658, 1.993;
4659, 2.013;
4660, 2.034;
4661, 2.054;
4662, 2.074;
4663, 2.093;
4664, 2.112;
4665, 2.13;
4666, 2.148;
4667, 2.165;
4668, 2.182;
4669, 2.199;
4670, 2.214;
4671, 2.23;
4672, 2.244;
4673, 2.259;
4674, 2.272;
4675, 2.285;
4676, 2.297;
4677, 2.309;
4678, 2.32;
4679, 2.33;
4680, 2.34;
4681, 2.349;
4682, 2.357;
4683, 2.364;
4684, 2.371;
4685, 2.377;
4686, 2.382;
4687, 2.386;
4688, 2.39;
4689, 2.393;
4690, 2.394;
4691, 2.395;
4692, 2.396;
4693, 2.395;
4694, 2.393;
4695, 2.39;
4696, 2.387;
4697, 2.382;
4698, 2.377;
4699, 2.37;
4700, 2.363;
4701, 2.354;
4702, 2.345;
4703, 2.334;
4704, 2.322;
4705, 2.31;
4706, 2.296;
4707, 2.281;
4708, 2.265;
4709, 2.247;
4710, 2.229;
4711, 2.209;
4712, 2.189;
4713, 2.167;
4714, 2.143;
4715, 2.119;
4716, 2.093;
4717, 2.066;
4718, 2.038;
4719, 2.008;
4720, 1.977;
4721, 1.945;
4722, 1.912;
4723, 1.877;
4724, 1.84;
4725, 1.803;
4726, 1.764;
4727, 1.723;
4728, 1.681;
4729, 1.638;
4730, 1.593;
4731, 1.546;
4732, 1.498;
4733, 1.449;
4734, 1.398;
4735, 1.345;
4736, 1.291;
4737, 1.236;
4738, 1.178;
4739, 1.119;
4740, 1.059;
4741, 0.997;
4742, 0.933;
4743, 0.867;
4744, 0.8;
4745, 0.663;
4746, 0.525;
4747, 0.387;
4748, 0.25;
4749, 0.185;
4750, 0.122;
4751, 0.061;
4752, 0.001;
4753, -0.057;
4754, -0.113;
4755, -0.168;
4756, -0.221;
4757, -0.272;
4758, -0.322;
4759, -0.37;
4760, -0.417;
4761, -0.462;
4762, -0.506;
4763, -0.548;
4764, -0.588;
4765, -0.628;
4766, -0.665;
4767, -0.702;
4768, -0.736;
4769, -0.77;
4770, -0.802;
4771, -0.833;
4772, -0.862;
4773, -0.89;
4774, -0.917;
4775, -0.942;
4776, -0.966;
4777, -0.989;
4778, -1.01;
4779, -1.03;
4780, -1.049;
4781, -1.067;
4782, -1.084;
4783, -1.099;
4784, -1.113;
4785, -1.126;
4786, -1.138;
4787, -1.149;
4788, -1.159;
4789, -1.168;
4790, -1.175;
4791, -1.182;
4792, -1.187;
4793, -1.192;
4794, -1.195;
4795, -1.198;
4796, -1.199;
4797, -1.2;
4798, -1.199;
4799, -1.198;
4800, -1.196;
4801, -1.193;
4802, -1.189;
4803, -1.184;
4804, -1.178;
4805, -1.171;
4806, -1.164;
4807, -1.156;
4808, -1.147;
4809, -1.137;
4810, -1.127;
4811, -1.116;
4812, -1.104;
4813, -1.091;
4814, -1.078;
4815, -1.064;
4816, -1.05;
4817, -1.035;
4818, -1.019;
4819, -1.002;
4820, -0.985;
4821, -0.968;
4822, -0.95;
4823, -0.931;
4824, -0.912;
4825, -0.892;
4826, -0.872;
4827, -0.852;
4828, -0.83;
4829, -0.809;
4830, -0.787;
4831, -0.765;
4832, -0.742;
4833, -0.719;
4834, -0.695;
4835, -0.672;
4836, -0.648;
4837, -0.623;
4838, -0.598;
4839, -0.573;
4840, -0.548;
4841, -0.523;
4842, -0.497;
4843, -0.471;
4844, -0.445;
4845, -0.419;
4846, -0.392;
4847, -0.366;
4848, -0.339;
4849, -0.312;
4850, -0.285;
4851, -0.258;
4852, -0.231;
4853, -0.204;
4854, -0.177;
4855, -0.149;
4856, -0.122;
4857, -0.095;
4858, -0.068;
4859, -0.041;
4860, -0.014;
4861, 0.013;
4862, 0.04;
4863, 0.067;
4864, 0.094;
4865, 0.12;
4866, 0.146;
4867, 0.172;
4868, 0.198;
4869, 0.224;
4870, 0.25;
4871, 0.275;
4872, 0.3;
4873, 0.325;
4874, 0.349;
4875, 0.373;
4876, 0.397;
4877, 0.42;
4878, 0.443;
4879, 0.466;
4880, 0.489;
4881, 0.51;
4882, 0.532;
4883, 0.553;
4884, 0.574;
4885, 0.594;
4886, 0.614;
4887, 0.633;
4888, 0.651;
4889, 0.669;
4890, 0.687;
4891, 0.704;
4892, 0.72;
4893, 0.736;
4894, 0.751;
4895, 0.766;
4896, 0.78;
4897, 0.793;
4898, 0.806;
4899, 0.818;
4900, 0.829;
4901, 0.839;
4902, 0.849;
4903, 0.858;
4904, 0.866;
4905, 0.873;
4906, 0.88;
4907, 0.886;
4908, 0.891;
4909, 0.895;
4910, 0.898;
4911, 0.9;
4912, 0.892;
4913, 0.883;
4914, 0.873;
4915, 0.862;
4916, 0.851;
4917, 0.838;
4918, 0.826;
4919, 0.812;
4920, 0.798;
4921, 0.784;
4922, 0.769;
4923, 0.753;
4924, 0.737;
4925, 0.721;
4926, 0.704;
4927, 0.688;
4928, 0.67;
4929, 0.653;
4930, 0.636;
4931, 0.618;
4932, 0.6;
4933, 0.583;
4934, 0.565;
4935, 0.547;
4936, 0.53;
4937, 0.512;
4938, 0.495;
4939, 0.478;
4940, 0.461;
4941, 0.445;
4942, 0.429;
4943, 0.42;
4944, 0.413;
4945, 0.405;
4946, 0.398;
4947, 0.391;
4948, 0.385;
4949, 0.379;
4950, 0.373;
4951, 0.368;
4952, 0.363;
4953, 0.358;
4954, 0.354;
4955, 0.35;
4956, 0.346;
4957, 0.342;
4958, 0.339;
4959, 0.336;
4960, 0.334;
4961, 0.331;
4962, 0.329;
4963, 0.327;
4964, 0.326;
4965, 0.324;
4966, 0.323;
4967, 0.323;
4968, 0.322;
4969, 0.322;
4970, 0.322;
4971, 0.322;
4972, 0.322;
4973, 0.322;
4974, 0.323;
4975, 0.324;
4976, 0.325;
4977, 0.326;
4978, 0.328;
4979, 0.33;
4980, 0.331;
4981, 0.333;
4982, 0.335;
4983, 0.338;
4984, 0.34;
4985, 0.343;
4986, 0.345;
4987, 0.348;
4988, 0.351;
4989, 0.354;
4990, 0.357;
4991, 0.36;
4992, 0.364;
4993, 0.367;
4994, 0.371;
4995, 0.374;
4996, 0.378;
4997, 0.382;
4998, 0.385;
4999, 0.389;
5000, 0.393;
5001, 0.397;
5002, 0.401;
5003, 0.405;
5004, 0.409;
5005, 0.413;
5006, 0.417;
5007, 0.421;
5008, 0.426;
5009, 0.43;
5010, 0.434;
5011, 0.438;
5012, 0.442;
5013, 0.446;
5014, 0.45;
5015, 0.454;
5016, 0.458;
5017, 0.462;
5018, 0.466;
5019, 0.469;
5020, 0.473;
5021, 0.477;
5022, 0.48;
5023, 0.484;
5024, 0.487;
5025, 0.491;
5026, 0.494;
5027, 0.497;
5028, 0.5;
5029, 0.503;
5030, 0.506;
5031, 0.508;
5032, 0.511;
5033, 0.513;
5034, 0.515;
5035, 0.518;
5036, 0.519;
5037, 0.521;
5038, 0.523;
5039, 0.524;
5040, 0.525;
5041, 0.527;
5042, 0.527;
5043, 0.528;
5044, 0.529;
5045, 0.529;
5046, 0.529;
5047, 0.529;
5048, 0.528;
5049, 0.528;
5050, 0.527;
5051, 0.526;
5052, 0.524;
5053, 0.523;
5054, 0.521;
5055, 0.519;
5056, 0.516;
5057, 0.514;
5058, 0.511;
5059, 0.507;
5060, 0.504;
5061, 0.5;
5062, 0.496;
5063, 0.491;
5064, 0.487;
5065, 0.482;
5066, 0.476;
5067, 0.47;
5068, 0.464;
5069, 0.458;
5070, 0.451;
5071, 0.444;
5072, 0.436;
5073, 0.429;
5074, 0.421;
5075, 0.413;
5076, 0.405;
5077, 0.397;
5078, 0.388;
5079, 0.378;
5080, 0.369;
5081, 0.359;
5082, 0.349;
5083, 0.338;
5084, 0.327;
5085, 0.316;
5086, 0.304;
5087, 0.293;
5088, 0.28;
5089, 0.268;
5090, 0.255;
5091, 0.242;
5092, 0.229;
5093, 0.216;
5094, 0.202;
5095, 0.188;
5096, 0.174;
5097, 0.159;
5098, 0.144;
5099, 0.13;
5100, 0.114;
5101, 0.099;
5102, 0.083;
5103, 0.067;
5104, 0.051;
5105, 0.035;
5106, 0.019;
5107, 0.002;
5108, -0.015;
5109, -0.032;
5110, -0.049;
5111, -0.066;
5112, -0.083;
5113, -0.101;
5114, -0.119;
5115, -0.137;
5116, -0.155;
5117, -0.173;
5118, -0.191;
5119, -0.21;
5120, -0.228;
5121, -0.247;
5122, -0.265;
5123, -0.284;
5124, -0.303;
5125, -0.322;
5126, -0.341;
5127, -0.36;
5128, -0.379;
5129, -0.399;
5130, -0.418;
5131, -0.437;
5132, -0.457;
5133, -0.476;
5134, -0.496;
5135, -0.515;
5136, -0.535;
5137, -0.554;
5138, -0.574;
5139, -0.593;
5140, -0.613;
5141, -0.632;
5142, -0.652;
5143, -0.671;
5144, -0.691;
5145, -0.71;
5146, -0.73;
5147, -0.749;
5148, -0.768;
5149, -0.788;
5150, -0.807;
5151, -0.826;
5152, -0.845;
5153, -0.864;
5154, -0.883;
5155, -0.902;
5156, -0.92;
5157, -0.939;
5158, -0.958;
5159, -0.976;
5160, -0.994;
5161, -1.012;
5162, -1.03;
5163, -1.048;
5164, -1.066;
5165, -1.084;
5166, -1.101;
5167, -1.118;
5168, -1.136;
5169, -1.153;
5170, -1.169;
5171, -1.186;
5172, -1.202;
5173, -1.219;
5174, -1.235;
5175, -1.251;
5176, -1.266;
5177, -1.282;
5178, -1.297;
5179, -1.312;
5180, -1.327;
5181, -1.341;
5182, -1.355;
5183, -1.369;
5184, -1.383;
5185, -1.397;
5186, -1.41;
5187, -1.423;
5188, -1.436;
5189, -1.448;
5190, -1.46;
5191, -1.472;
5192, -1.483;
5193, -1.495;
5194, -1.506;
5195, -1.516;
5196, -1.526;
5197, -1.536;
5198, -1.546;
5199, -1.555;
5200, -1.564;
5201, -1.573;
5202, -1.581;
5203, -1.589;
5204, -1.596;
5205, -1.603;
5206, -1.61;
5207, -1.616;
5208, -1.622;
5209, -1.628;
5210, -1.633;
5211, -1.638;
5212, -1.642;
5213, -1.646;
5214, -1.65;
5215, -1.653;
5216, -1.655;
5217, -1.658;
5218, -1.659;
5219, -1.661;
5220, -1.661;
5221, -1.662;
5222, -1.662;
5223, -1.661;
5224, -1.66;
5225, -1.658;
5226, -1.656;
5227, -1.654;
5228, -1.651;
5229, -1.647;
5230, -1.643;
5231, -1.638;
5232, -1.633;
5233, -1.628;
5234, -1.621;
5235, -1.615;
5236, -1.607;
5237, -1.599;
5238, -1.591;
5239, -1.582;
5240, -1.572;
5241, -1.562;
5242, -1.552;
5243, -1.54;
5244, -1.528;
5245, -1.516;
5246, -1.503;
5247, -1.489;
5248, -1.475;
5249, -1.46;
5250, -1.444;
5251, -1.428;
5252, -1.411;
5253, -1.393;
5254, -1.375;
5255, -1.356;
5256, -1.337;
5257, -1.316;
5258, -1.296;
5259, -1.274;
5260, -1.252;
5261, -1.229;
5262, -1.205;
5263, -1.181;
5264, -1.156;
5265, -1.13;
5266, -1.103;
5267, -1.076;
5268, -1.048;
5269, -1.02;
5270, -0.99;
5271, -0.96;
5272, -0.929;
5273, -0.897;
5274, -0.865;
5275, -0.832;
5276, -0.798;
5277, -0.763;
5278, -0.727;
5279, -0.691;
5280, -0.654;
5281, -0.616;
5282, -0.577;
5283, -0.537;
5284, -0.497;
5285, -0.455;
5286, -0.413;
5287, -0.37;
5288, -0.326;
5289, -0.282;
5290, -0.236;
5291, -0.19;
5292, -0.142;
5293, -0.094;
5294, -0.045;
5295, 0.005;
5296, 0.055;
5297, 0.107;
5298, 0.16;
5299, 0.213;
5300, 0.268;
5301, 0.323;
5302, 0.379;
5303, 0.437;
5304, 0.495;
5305, 0.554;
5306, 0.614;
5307, 0.675;
5308, 0.737;
5309, 0.8;
5310, 0.91;
5311, 1.0;
5312, 0.957;
5313, 0.883;
5314, 0.785;
5315, 0.671;
5316, 0.55;
5317, 0.429;
5318, 0.359;
5319, 0.297;
5320, 0.243;
5321, 0.196;
5322, 0.156;
5323, 0.123;
5324, 0.096;
5325, 0.074;
5326, 0.058;
5327, 0.048;
5328, 0.041;
5329, 0.039;
5330, 0.041;
5331, 0.047;
5332, 0.056;
5333, 0.067;
5334, 0.081;
5335, 0.097;
5336, 0.114;
5337, 0.133;
5338, 0.152;
5339, 0.172;
5340, 0.193;
5341, 0.213;
5342, 0.232;
5343, 0.25;
5344, 0.272;
5345, 0.293;
5346, 0.313;
5347, 0.331;
5348, 0.348;
5349, 0.364;
5350, 0.378;
5351, 0.392;
5352, 0.404;
5353, 0.416;
5354, 0.426;
5355, 0.435;
5356, 0.444;
5357, 0.451;
5358, 0.458;
5359, 0.463;
5360, 0.468;
5361, 0.472;
5362, 0.476;
5363, 0.478;
5364, 0.48;
5365, 0.482;
5366, 0.483;
5367, 0.483;
5368, 0.483;
5369, 0.482;
5370, 0.481;
5371, 0.48;
5372, 0.478;
5373, 0.476;
5374, 0.473;
5375, 0.47;
5376, 0.468;
5377, 0.465;
5378, 0.461;
5379, 0.458;
5380, 0.455;
5381, 0.451;
5382, 0.448;
5383, 0.445;
5384, 0.442;
5385, 0.439;
5386, 0.436;
5387, 0.433;
5388, 0.431;
5389, 0.429;
5390, 0.427;
5391, 0.425;
5392, 0.424;
5393, 0.424;
5394, 0.423;
5395, 0.423;
5396, 0.423;
5397, 0.423;
5398, 0.424;
5399, 0.425;
5400, 0.426;
5401, 0.427;
5402, 0.429;
5403, 0.431;
5404, 0.433;
5405, 0.435;
5406, 0.437;
5407, 0.44;
5408, 0.443;
5409, 0.446;
5410, 0.45;
5411, 0.453;
5412, 0.457;
5413, 0.461;
5414, 0.465;
5415, 0.469;
5416, 0.473;
5417, 0.478;
5418, 0.482;
5419, 0.487;
5420, 0.492;
5421, 0.497;
5422, 0.502;
5423, 0.507;
5424, 0.513;
5425, 0.518;
5426, 0.524;
5427, 0.529;
5428, 0.535;
5429, 0.541;
5430, 0.546;
5431, 0.552;
5432, 0.558;
5433, 0.564;
5434, 0.57;
5435, 0.576;
5436, 0.582;
5437, 0.588;
5438, 0.594;
5439, 0.6;
5440, 0.606;
5441, 0.613;
5442, 0.619;
5443, 0.625;
5444, 0.631;
5445, 0.637;
5446, 0.643;
5447, 0.648;
5448, 0.654;
5449, 0.66;
5450, 0.666;
5451, 0.671;
5452, 0.677;
5453, 0.682;
5454, 0.688;
5455, 0.693;
5456, 0.698;
5457, 0.703;
5458, 0.708;
5459, 0.713;
5460, 0.718;
5461, 0.722;
5462, 0.727;
5463, 0.731;
5464, 0.735;
5465, 0.739;
5466, 0.743;
5467, 0.747;
5468, 0.75;
5469, 0.748;
5470, 0.746;
5471, 0.744;
5472, 0.742;
5473, 0.74;
5474, 0.737;
5475, 0.735;
5476, 0.732;
5477, 0.729;
5478, 0.725;
5479, 0.722;
5480, 0.718;
5481, 0.715;
5482, 0.711;
5483, 0.707;
5484, 0.702;
5485, 0.698;
5486, 0.693;
5487, 0.689;
5488, 0.684;
5489, 0.679;
5490, 0.674;
5491, 0.668;
5492, 0.663;
5493, 0.658;
5494, 0.652;
5495, 0.646;
5496, 0.64;
5497, 0.634;
5498, 0.628;
5499, 0.621;
5500, 0.615;
5501, 0.608;
5502, 0.602;
5503, 0.595;
5504, 0.588;
5505, 0.581;
5506, 0.574;
5507, 0.567;
5508, 0.559;
5509, 0.552;
5510, 0.544;
5511, 0.536;
5512, 0.529;
5513, 0.521;
5514, 0.513;
5515, 0.505;
5516, 0.497;
5517, 0.488;
5518, 0.48;
5519, 0.472;
5520, 0.463;
5521, 0.455;
5522, 0.446;
5523, 0.437;
5524, 0.429;
5525, 0.423;
5526, 0.417;
5527, 0.41;
5528, 0.404;
5529, 0.398;
5530, 0.392;
5531, 0.385;
5532, 0.379;
5533, 0.373;
5534, 0.366;
5535, 0.36;
5536, 0.354;
5537, 0.347;
5538, 0.341;
5539, 0.334;
5540, 0.328;
5541, 0.321;
5542, 0.315;
5543, 0.309;
5544, 0.302;
5545, 0.296;
5546, 0.29;
5547, 0.283;
5548, 0.277;
5549, 0.271;
5550, 0.265;
5551, 0.259;
5552, 0.253;
5553, 0.247;
5554, 0.242;
5555, 0.236;
5556, 0.23;
5557, 0.225;
5558, 0.219;
5559, 0.214;
5560, 0.209;
5561, 0.204;
5562, 0.199;
5563, 0.194;
5564, 0.19;
5565, 0.185;
5566, 0.181;
5567, 0.177;
5568, 0.173;
5569, 0.169;
5570, 0.165;
5571, 0.161;
5572, 0.158;
5573, 0.155;
5574, 0.152;
5575, 0.149;
5576, 0.146;
5577, 0.144;
5578, 0.142;
5579, 0.14;
5580, 0.138;
5581, 0.136;
5582, 0.135;
5583, 0.134;
5584, 0.133;
5585, 0.132;
5586, 0.132;
5587, 0.132;
5588, 0.132;
5589, 0.132;
5590, 0.133;
5591, 0.134;
5592, 0.135;
5593, 0.137;
5594, 0.139;
5595, 0.141;
5596, 0.143;
5597, 0.146;
5598, 0.149;
5599, 0.153;
5600, 0.156;
5601, 0.16;
5602, 0.165;
5603, 0.169;
5604, 0.174;
5605, 0.18;
5606, 0.186;
5607, 0.192;
5608, 0.198;
5609, 0.205;
5610, 0.212;
5611, 0.22;
5612, 0.228;
5613, 0.236;
5614, 0.245;
5615, 0.254;
5616, 0.264;
5617, 0.274;
5618, 0.284;
5619, 0.295;
5620, 0.307;
5621, 0.318;
5622, 0.331;
5623, 0.343;
5624, 0.356;
5625, 0.37;
5626, 0.384;
5627, 0.398;
5628, 0.413;
5629, 0.429;
5630, 0.446;
5631, 0.463;
5632, 0.481;
5633, 0.499;
5634, 0.518;
5635, 0.537;
5636, 0.557;
5637, 0.577;
5638, 0.598;
5639, 0.618;
5640, 0.64;
5641, 0.661;
5642, 0.683;
5643, 0.705;
5644, 0.728;
5645, 0.751;
5646, 0.774;
5647, 0.797;
5648, 0.821;
5649, 0.845;
5650, 0.869;
5651, 0.893;
5652, 0.918;
5653, 0.943;
5654, 0.968;
5655, 0.993;
5656, 1.018;
5657, 1.044;
5658, 1.069;
5659, 1.095;
5660, 1.121;
5661, 1.147;
5662, 1.173;
5663, 1.2;
5664, 1.226;
5665, 1.252;
5666, 1.279;
5667, 1.305;
5668, 1.332;
5669, 1.358;
5670, 1.385;
5671, 1.411;
5672, 1.438;
5673, 1.464;
5674, 1.49;
5675, 1.517;
5676, 1.543;
5677, 1.569;
5678, 1.595;
5679, 1.621;
5680, 1.647;
5681, 1.673;
5682, 1.699;
5683, 1.724;
5684, 1.749;
5685, 1.774;
5686, 1.799;
5687, 1.824;
5688, 1.849;
5689, 1.873;
5690, 1.897;
5691, 1.921;
5692, 1.944;
5693, 1.968;
5694, 1.991;
5695, 2.013;
5696, 2.036;
5697, 2.058;
5698, 2.08;
5699, 2.101;
5700, 2.122;
5701, 2.143;
5702, 2.163;
5703, 2.183;
5704, 2.202;
5705, 2.222;
5706, 2.24;
5707, 2.258;
5708, 2.276;
5709, 2.293;
5710, 2.31;
5711, 2.327;
5712, 2.342;
5713, 2.358;
5714, 2.373;
5715, 2.387;
5716, 2.401;
5717, 2.414;
5718, 2.426;
5719, 2.438;
5720, 2.45;
5721, 2.461;
5722, 2.471;
5723, 2.48;
5724, 2.489;
5725, 2.497;
5726, 2.505;
5727, 2.512;
5728, 2.518;
5729, 2.524;
5730, 2.529;
5731, 2.533;
5732, 2.536;
5733, 2.538;
5734, 2.54;
5735, 2.541;
5736, 2.542;
5737, 2.541;
5738, 2.54;
5739, 2.538;
5740, 2.535;
5741, 2.531;
5742, 2.526;
5743, 2.52;
5744, 2.514;
5745, 2.507;
5746, 2.498;
5747, 2.489;
5748, 2.479;
5749, 2.468;
5750, 2.456;
5751, 2.443;
5752, 2.429;
5753, 2.414;
5754, 2.398;
5755, 2.381;
5756, 2.363;
5757, 2.344;
5758, 2.324;
5759, 2.303;
5760, 2.281;
5761, 2.257;
5762, 2.233;
5763, 2.207;
5764, 2.181;
5765, 2.153;
5766, 2.124;
5767, 2.094;
5768, 2.063;
5769, 2.03;
5770, 1.997;
5771, 1.962;
5772, 1.926;
5773, 1.888;
5774, 1.85;
5775, 1.81;
5776, 1.769;
5777, 1.727;
5778, 1.683;
5779, 1.638;
5780, 1.592;
5781, 1.544;
5782, 1.495;
5783, 1.445;
5784, 1.394;
5785, 1.341;
5786, 1.286;
5787, 1.231;
5788, 1.173;
5789, 1.115;
5790, 1.055;
5791, 0.993;
5792, 0.93;
5793, 0.866;
5794, 0.8;
5795, 0.663;
5796, 0.525;
5797, 0.387;
5798, 0.25;
5799, 0.184;
5800, 0.12;
5801, 0.057;
5802, -0.004;
5803, -0.064;
5804, -0.122;
5805, -0.179;
5806, -0.234;
5807, -0.288;
5808, -0.341;
5809, -0.392;
5810, -0.442;
5811, -0.491;
5812, -0.538;
5813, -0.584;
5814, -0.629;
5815, -0.672;
5816, -0.714;
5817, -0.755;
5818, -0.794;
5819, -0.833;
5820, -0.87;
5821, -0.905;
5822, -0.94;
5823, -0.973;
5824, -1.005;
5825, -1.036;
5826, -1.066;
5827, -1.095;
5828, -1.122;
5829, -1.148;
5830, -1.174;
5831, -1.198;
5832, -1.221;
5833, -1.243;
5834, -1.264;
5835, -1.283;
5836, -1.302;
5837, -1.32;
5838, -1.336;
5839, -1.352;
5840, -1.367;
5841, -1.38;
5842, -1.393;
5843, -1.405;
5844, -1.416;
5845, -1.426;
5846, -1.435;
5847, -1.443;
5848, -1.45;
5849, -1.456;
5850, -1.461;
5851, -1.466;
5852, -1.469;
5853, -1.472;
5854, -1.474;
5855, -1.475;
5856, -1.476;
5857, -1.475;
5858, -1.474;
5859, -1.472;
5860, -1.469;
5861, -1.466;
5862, -1.461;
5863, -1.457;
5864, -1.451;
5865, -1.445;
5866, -1.438;
5867, -1.43;
5868, -1.421;
5869, -1.413;
5870, -1.403;
5871, -1.393;
5872, -1.382;
5873, -1.37;
5874, -1.358;
5875, -1.346;
5876, -1.332;
5877, -1.319;
5878, -1.305;
5879, -1.29;
5880, -1.274;
5881, -1.259;
5882, -1.242;
5883, -1.226;
5884, -1.208;
5885, -1.191;
5886, -1.173;
5887, -1.154;
5888, -1.135;
5889, -1.116;
5890, -1.096;
5891, -1.076;
5892, -1.056;
5893, -1.035;
5894, -1.014;
5895, -0.992;
5896, -0.97;
5897, -0.948;
5898, -0.926;
5899, -0.903;
5900, -0.88;
5901, -0.857;
5902, -0.834;
5903, -0.81;
5904, -0.786;
5905, -0.762;
5906, -0.738;
5907, -0.713;
5908, -0.689;
5909, -0.664;
5910, -0.639;
5911, -0.614;
5912, -0.589;
5913, -0.563;
5914, -0.538;
5915, -0.512;
5916, -0.487;
5917, -0.461;
5918, -0.436;
5919, -0.41;
5920, -0.384;
5921, -0.358;
5922, -0.333;
5923, -0.307;
5924, -0.281;
5925, -0.256;
5926, -0.23;
5927, -0.205;
5928, -0.179;
5929, -0.154;
5930, -0.128;
5931, -0.103;
5932, -0.078;
5933, -0.053;
5934, -0.029;
5935, -0.004;
5936, 0.02;
5937, 0.045;
5938, 0.069;
5939, 0.093;
5940, 0.116;
5941, 0.139;
5942, 0.163;
5943, 0.185;
5944, 0.208;
5945, 0.23;
5946, 0.252;
5947, 0.274;
5948, 0.295;
5949, 0.317;
5950, 0.337;
5951, 0.358;
5952, 0.378;
5953, 0.397;
5954, 0.416;
5955, 0.435;
5956, 0.454;
5957, 0.472;
5958, 0.489;
5959, 0.506;
5960, 0.523;
5961, 0.539;
5962, 0.555;
5963, 0.57;
5964, 0.584;
5965, 0.598;
5966, 0.612;
5967, 0.625;
5968, 0.637;
5969, 0.649;
5970, 0.661;
5971, 0.671;
5972, 0.681;
5973, 0.691;
5974, 0.7;
5975, 0.708;
5976, 0.715;
5977, 0.722;
5978, 0.728;
5979, 0.734;
5980, 0.738;
5981, 0.742;
5982, 0.746;
5983, 0.748;
5984, 0.75;
5985, 0.747;
5986, 0.744;
5987, 0.74;
5988, 0.735;
5989, 0.729;
5990, 0.723;
5991, 0.717;
5992, 0.709;
5993, 0.702;
5994, 0.693;
5995, 0.685;
5996, 0.675;
5997, 0.666;
5998, 0.656;
5999, 0.645;
6000, 0.635;
6001, 0.624;
6002, 0.613;
6003, 0.601;
6004, 0.589;
6005, 0.577;
6006, 0.565;
6007, 0.553;
6008, 0.541;
6009, 0.529;
6010, 0.517;
6011, 0.504;
6012, 0.492;
6013, 0.48;
6014, 0.468;
6015, 0.456;
6016, 0.444;
6017, 0.432;
6018, 0.421;
6019, 0.41;
6020, 0.399;
6021, 0.388;
6022, 0.378;
6023, 0.368;
6024, 0.358;
6025, 0.349;
6026, 0.34;
6027, 0.332;
6028, 0.324;
6029, 0.317;
6030, 0.311;
6031, 0.305;
6032, 0.299;
6033, 0.294;
6034, 0.29;
6035, 0.287;
6036, 0.285;
6037, 0.283;
6038, 0.282;
6039, 0.282;
6040, 0.282;
6041, 0.284;
6042, 0.286;
6043, 0.29;
6044, 0.294;
6045, 0.3;
6046, 0.306;
6047, 0.314;
6048, 0.323;
6049, 0.332;
6050, 0.343;
6051, 0.355;
6052, 0.369;
6053, 0.384;
6054, 0.399;
6055, 0.417;
6056, 0.458;
6057, 0.5;
6058, 0.519;
6059, 0.537;
6060, 0.554;
6061, 0.57;
6062, 0.585;
6063, 0.6;
6064, 0.613;
6065, 0.626;
6066, 0.638;
6067, 0.649;
6068, 0.66;
6069, 0.67;
6070, 0.679;
6071, 0.687;
6072, 0.694;
6073, 0.701;
6074, 0.707;
6075, 0.713;
6076, 0.718;
6077, 0.722;
6078, 0.725;
6079, 0.728;
6080, 0.731;
6081, 0.733;
6082, 0.734;
6083, 0.734;
6084, 0.734;
6085, 0.734;
6086, 0.733;
6087, 0.731;
6088, 0.729;
6089, 0.727;
6090, 0.724;
6091, 0.72;
6092, 0.717;
6093, 0.712;
6094, 0.708;
6095, 0.703;
6096, 0.697;
6097, 0.691;
6098, 0.685;
6099, 0.678;
6100, 0.672;
6101, 0.664;
6102, 0.657;
6103, 0.649;
6104, 0.641;
6105, 0.633;
6106, 0.624;
6107, 0.615;
6108, 0.606;
6109, 0.597;
6110, 0.588;
6111, 0.578;
6112, 0.568;
6113, 0.558;
6114, 0.548;
6115, 0.538;
6116, 0.528;
6117, 0.517;
6118, 0.507;
6119, 0.496;
6120, 0.486;
6121, 0.475;
6122, 0.465;
6123, 0.454;
6124, 0.443;
6125, 0.432;
6126, 0.422;
6127, 0.411;
6128, 0.401;
6129, 0.39;
6130, 0.38;
6131, 0.369;
6132, 0.359;
6133, 0.349;
6134, 0.339;
6135, 0.329;
6136, 0.32;
6137, 0.31;
6138, 0.301;
6139, 0.292;
6140, 0.283;
6141, 0.274;
6142, 0.266;
6143, 0.258;
6144, 0.25;
6145, 0.244;
6146, 0.238;
6147, 0.232;
6148, 0.227;
6149, 0.222;
6150, 0.217;
6151, 0.213;
6152, 0.209;
6153, 0.205;
6154, 0.201;
6155, 0.197;
6156, 0.194;
6157, 0.191;
6158, 0.188;
6159, 0.185;
6160, 0.183;
6161, 0.181;
6162, 0.179;
6163, 0.177;
6164, 0.175;
6165, 0.174;
6166, 0.173;
6167, 0.172;
6168, 0.171;
6169, 0.17;
6170, 0.169;
6171, 0.169;
6172, 0.169;
6173, 0.169;
6174, 0.169;
6175, 0.169;
6176, 0.169;
6177, 0.17;
6178, 0.17;
6179, 0.171;
6180, 0.172;
6181, 0.173;
6182, 0.174;
6183, 0.175;
6184, 0.176;
6185, 0.177;
6186, 0.179;
6187, 0.18;
6188, 0.182;
6189, 0.183;
6190, 0.185;
6191, 0.187;
6192, 0.189;
6193, 0.19;
6194, 0.192;
6195, 0.194;
6196, 0.196;
6197, 0.198;
6198, 0.2;
6199, 0.202;
6200, 0.205;
6201, 0.207;
6202, 0.209;
6203, 0.211;
6204, 0.213;
6205, 0.215;
6206, 0.217;
6207, 0.219;
6208, 0.221;
6209, 0.223;
6210, 0.225;
6211, 0.227;
6212, 0.229;
6213, 0.231;
6214, 0.233;
6215, 0.235;
6216, 0.236;
6217, 0.238;
6218, 0.24;
6219, 0.241;
6220, 0.243;
6221, 0.244;
6222, 0.245;
6223, 0.246;
6224, 0.247;
6225, 0.248;
6226, 0.249;
6227, 0.25;
6228, 0.251;
6229, 0.251;
6230, 0.251;
6231, 0.252;
6232, 0.252;
6233, 0.252;
6234, 0.252;
6235, 0.251;
6236, 0.251;
6237, 0.25;
6238, 99999;
