0.0
0.009
0.019
0.028
0.037
0.045
0.054
0.062
0.07
0.078
0.086
0.094
0.101
0.109
0.116
0.123
0.129
0.136
0.142
0.149
0.155
0.161
0.167
0.172
0.178
0.183
0.188
0.193
0.198
0.203
0.208
0.212
0.217
0.221
0.225
0.229
0.233
0.236
0.24
0.243
0.247
0.25
0.253
0.256
0.259
0.262
0.264
0.267
0.269
0.271
0.274
0.276
0.278
0.28
0.282
0.283
0.285
0.286
0.288
0.289
0.291
0.292
0.293
0.294
0.295
0.296
0.297
0.297
0.298
0.299
0.299
0.3
0.3
0.301
0.301
0.301
0.301
0.302
0.302
0.302
0.302
0.302
0.302
0.302
0.301
0.301
0.301
0.301
0.3
0.3
0.3
0.299
0.299
0.299
0.298
0.298
0.297
0.297
0.296
0.296
0.295
0.295
0.294
0.294
0.293
0.293
0.292
0.292
0.291
0.291
0.29
0.29
0.289
0.289
0.289
0.288
0.288
0.287
0.287
0.287
0.287
0.286
0.286
0.286
0.286
0.286
0.286
0.286
0.286
0.286
0.286
0.286
0.286
0.286
0.286
0.287
0.287
0.287
0.287
0.288
0.288
0.288
0.288
0.289
0.289
0.289
0.289
0.29
0.29
0.29
0.29
0.29
0.291
0.291
0.291
0.291
0.291
0.291
0.291
0.29
0.29
0.29
0.29
0.289
0.289
0.289
0.288
0.287
0.287
0.286
0.285
0.284
0.283
0.282
0.281
0.28
0.279
0.277
0.276
0.274
0.273
0.271
0.269
0.267
0.265
0.263
0.26
0.258
0.255
0.253
0.25
0.247
0.244
0.241
0.238
0.234
0.231
0.227
0.224
0.22
0.216
0.213
0.209
0.205
0.201
0.197
0.193
0.19
0.186
0.182
0.178
0.174
0.171
0.167
0.163
0.16
0.156
0.153
0.15
0.146
0.143
0.14
0.137
0.135
0.132
0.13
0.127
0.125
0.123
0.122
0.12
0.119
0.118
0.117
0.116
0.115
0.115
0.115
0.115
0.116
0.117
0.118
0.119
0.121
0.123
0.125
0.127
0.13
0.134
0.137
0.141
0.145
0.15
0.155
0.16
0.166
0.172
0.179
0.186
0.194
0.201
0.21
0.219
0.228
0.237
0.248
0.258
0.269
0.281
0.293
0.306
0.319
0.333
0.347
0.362
0.377
0.393
0.41
0.427
0.444
0.463
0.481
0.501
0.52
0.54
0.561
0.581
0.602
0.623
0.643
0.664
0.685
0.705
0.726
0.746
0.766
0.785
0.804
0.822
0.84
0.857
0.873
0.889
0.904
0.918
0.931
0.943
0.955
0.966
0.976
0.985
0.993
1.001
1.008
1.015
1.02
1.025
1.03
1.033
1.037
1.039
1.041
1.042
1.043
1.043
1.042
1.041
1.039
1.037
1.034
1.031
1.027
1.023
1.018
1.013
1.007
1.001
0.995
0.988
0.98
0.973
0.964
0.956
0.947
0.938
0.928
0.918
0.908
0.898
0.887
0.876
0.865
0.853
0.841
0.829
0.817
0.804
0.792
0.779
0.766
0.753
0.739
0.726
0.712
0.698
0.685
0.671
0.657
0.643
0.629
0.614
0.6
0.586
0.572
0.558
0.544
0.529
0.515
0.501
0.487
0.473
0.46
0.446
0.432
0.419
0.405
0.392
0.379
0.366
0.354
0.341
0.329
0.317
0.305
0.294
0.282
0.271
0.26
0.25
0.24
0.23
0.22
0.211
0.202
0.193
0.185
0.177
0.169
0.161
0.154
0.147
0.14
0.133
0.127
0.121
0.115
0.11
0.104
0.099
0.094
0.09
0.085
0.081
0.077
0.073
0.07
0.067
0.063
0.061
0.058
0.055
0.053
0.051
0.049
0.047
0.045
0.044
0.043
0.042
0.041
0.04
0.039
0.039
0.038
0.038
0.038
0.038
0.039
0.039
0.039
0.04
0.041
0.042
0.043
0.044
0.045
0.046
0.048
0.049
0.051
0.052
0.054
0.056
0.058
0.06
0.062
0.064
0.066
0.068
0.071
0.073
0.075
0.078
0.08
0.083
0.086
0.088
0.091
0.093
0.096
0.099
0.102
0.104
0.107
0.11
0.113
0.115
0.118
0.121
0.124
0.126
0.129
0.132
0.134
0.137
0.14
0.142
0.145
0.147
0.149
0.152
0.154
0.156
0.159
0.161
0.163
0.165
0.167
0.169
0.17
0.172
0.174
0.175
0.177
0.178
0.179
0.18
0.182
0.183
0.184
0.185
0.186
0.187
0.187
0.188
0.189
0.189
0.19
0.19
0.191
0.191
0.192
0.192
0.192
0.192
0.192
0.193
0.193
0.193
0.193
0.193
0.192
0.192
0.192
0.192
0.192
0.191
0.191
0.19
0.19
0.19
0.189
0.189
0.188
0.188
0.187
0.186
0.186
0.185
0.184
0.184
0.183
0.182
0.182
0.181
0.18
0.179
0.178
0.178
0.177
0.176
0.175
0.174
0.173
0.173
0.172
0.171
0.17
0.169
0.168
0.168
0.167
0.166
0.165
0.164
0.163
0.162
0.162
0.161
0.16
0.159
0.158
0.157
0.157
0.156
0.155
0.154
0.153
0.152
0.151
0.15
0.149
0.148
0.147
0.146
0.145
0.144
0.143
0.142
0.14
0.139
0.138
0.137
0.135
0.134
0.133
0.131
0.13
0.128
0.127
0.125
0.123
0.122
0.12
0.118
0.116
0.115
0.113
0.111
0.109
0.107
0.105
0.103
0.101
0.099
0.097
0.095
0.093
0.091
0.088
0.086
0.084
0.082
0.08
0.078
0.076
0.074
0.072
0.07
0.068
0.066
0.064
0.062
0.06
0.058
0.056
0.054
0.052
0.05
0.049
0.047
0.045
0.043
0.042
0.04
0.039
0.037
0.036
0.035
0.033
0.032
0.031
0.03
0.029
0.028
0.027
0.026
0.025
0.025
0.024
0.024
0.023
0.023
0.023
0.022
0.022
0.022
0.022
0.023
0.023
0.023
0.024
0.025
0.025
0.026
0.027
0.028
0.029
0.031
0.032
0.034
0.035
0.037
0.039
0.041
0.043
0.046
0.048
0.051
0.054
0.057
0.06
0.063
0.066
0.07
0.074
0.077
0.081
0.086
0.09
0.094
0.099
0.104
0.109
0.114
0.12
0.125
0.131
0.137
0.143
0.149
0.156
0.162
0.169
0.176
0.183
0.191
0.198
0.206
0.213
0.221
0.229
0.238
0.246
0.254
0.263
0.271
0.28
0.289
0.298
0.307
0.316
0.325
0.334
0.343
0.353
0.362
0.372
0.381
0.391
0.4
0.41
0.419
0.429
0.439
0.448
0.458
0.468
0.477
0.487
0.496
0.506
0.516
0.525
0.535
0.544
0.553
0.563
0.572
0.581
0.59
0.6
0.609
0.617
0.626
0.635
0.644
0.652
0.661
0.669
0.677
0.685
0.693
0.701
0.708
0.716
0.723
0.73
0.737
0.744
0.751
0.758
0.764
0.77
0.776
0.782
0.787
0.793
0.798
0.803
0.807
0.812
0.816
0.82
0.824
0.827
0.83
0.833
0.836
0.838
0.84
0.842
0.844
0.845
0.846
0.847
0.847
0.847
0.847
0.847
0.846
0.844
0.843
0.841
0.839
0.836
0.833
0.83
0.826
0.822
0.818
0.813
0.807
0.802
0.796
0.789
0.783
0.775
0.768
0.76
0.751
0.742
0.733
0.723
0.712
0.702
0.691
0.679
0.667
0.654
0.641
0.627
0.614
0.599
0.585
0.57
0.554
0.539
0.523
0.507
0.49
0.474
0.457
0.44
0.423
0.406
0.389
0.371
0.354
0.337
0.319
0.302
0.285
0.268
0.25
0.233
0.217
0.2
0.184
0.167
0.151
0.135
0.12
0.104
0.089
0.073
0.058
0.044
0.029
0.015
0.0
-0.014
-0.028
-0.041
-0.055
-0.068
-0.081
-0.094
-0.107
-0.12
-0.132
-0.145
-0.157
-0.169
-0.181
-0.192
-0.204
-0.215
-0.226
-0.237
-0.248
-0.259
-0.269
-0.28
-0.29
-0.3
-0.31
-0.319
-0.329
-0.338
-0.348
-0.357
-0.366
-0.374
-0.383
-0.391
-0.4
-0.408
-0.416
-0.424
-0.431
-0.439
-0.446
-0.454
-0.461
-0.468
-0.475
-0.481
-0.488
-0.494
-0.501
-0.507
-0.513
-0.518
-0.524
-0.53
-0.535
-0.541
-0.546
-0.551
-0.556
-0.56
-0.565
-0.57
-0.574
-0.578
-0.582
-0.586
-0.59
-0.594
-0.598
-0.601
-0.605
-0.608
-0.611
-0.614
-0.617
-0.62
-0.622
-0.625
-0.627
-0.63
-0.632
-0.634
-0.636
-0.638
-0.64
-0.641
-0.643
-0.644
-0.645
-0.647
-0.648
-0.649
-0.65
-0.65
-0.651
-0.652
-0.652
-0.652
-0.653
-0.653
-0.653
-0.653
-0.653
-0.653
-0.652
-0.652
-0.651
-0.651
-0.65
-0.649
-0.648
-0.648
-0.646
-0.645
-0.644
-0.643
-0.641
-0.64
-0.638
-0.637
-0.635
-0.633
-0.631
-0.629
-0.627
-0.625
-0.623
-0.621
-0.618
-0.616
-0.613
-0.611
-0.608
-0.605
-0.602
-0.599
-0.597
-0.594
-0.59
-0.587
-0.584
-0.581
-0.577
-0.574
-0.57
-0.567
-0.563
-0.56
-0.556
-0.552
-0.548
-0.544
-0.54
-0.536
-0.532
-0.528
-0.524
-0.52
-0.515
-0.511
-0.507
-0.502
-0.498
-0.493
-0.489
-0.484
-0.479
-0.474
-0.47
-0.465
-0.46
-0.455
-0.45
-0.445
-0.44
-0.435
-0.43
-0.425
-0.42
-0.414
-0.409
-0.404
-0.399
-0.393
-0.388
-0.382
-0.377
-0.371
-0.366
-0.36
-0.355
-0.349
-0.344
-0.338
-0.332
-0.327
-0.321
-0.315
-0.309
-0.304
-0.298
-0.292
-0.286
-0.28
-0.275
-0.269
-0.263
-0.257
-0.251
-0.245
-0.239
-0.233
-0.227
-0.221
-0.215
-0.209
-0.203
-0.197
-0.191
-0.185
-0.179
-0.173
-0.167
-0.161
-0.155
-0.149
-0.143
-0.137
-0.131
-0.125
-0.119
-0.113
-0.107
-0.101
-0.095
-0.089
-0.083
-0.077
-0.071
-0.065
-0.06
-0.054
-0.048
-0.042
-0.036
-0.03
-0.024
-0.019
-0.013
-0.007
-0.001
0.004
0.01
0.016
0.021
0.027
0.033
0.038
0.044
0.049
0.055
0.06
0.066
0.071
0.076
0.082
0.087
0.092
0.098
0.103
0.108
0.113
0.118
0.123
0.128
0.133
0.138
0.143
0.148
0.153
0.157
0.162
0.167
0.171
0.176
0.18
0.185
0.189
0.194
0.198
0.202
0.206
0.211
0.215
0.219
0.223
0.227
0.231
0.235
0.238
0.242
0.246
0.25
0.253
0.257
0.26
0.264
0.267
0.271
0.274
0.277
0.28
0.283
0.287
0.29
0.293
0.295
0.298
0.301
0.304
0.306
0.309
0.312
0.314
0.317
0.319
0.321
0.324
0.326
0.328
0.33
0.332
0.334
0.336
0.338
0.34
0.341
0.343
0.345
0.346
0.348
0.349
0.35
0.352
0.353
0.354
0.355
0.356
0.357
0.358
0.359
0.36
0.36
0.361
0.362
0.362
0.363
0.363
0.363
0.364
0.364
0.364
0.364
0.364
0.364
0.363
0.363
0.363
0.363
0.362
0.362
0.361
0.36
0.359
0.359
0.358
0.357
0.356
0.355
0.353
0.352
0.351
0.349
0.348
0.346
0.345
0.343
0.341
0.339
0.337
0.335
0.333
0.331
0.329
0.327
0.324
0.322
0.319
0.317
0.314
0.311
0.308
0.306
0.303
0.3
0.297
0.293
0.29
0.287
0.284
0.281
0.277
0.274
0.27
0.267
0.263
0.26
0.256
0.253
0.249
0.245
0.242
0.238
0.234
0.23
0.226
0.222
0.219
0.215
0.211
0.207
0.203
0.199
0.195
0.191
0.187
0.183
0.179
0.175
0.171
0.167
0.163
0.159
0.155
0.151
0.147
0.142
0.138
0.135
0.131
0.127
0.123
0.119
0.115
0.111
0.107
0.103
0.099
0.096
0.092
0.088
0.085
0.081
0.077
0.074
0.07
0.067
0.064
0.06
0.057
0.054
0.05
0.047
0.044
0.041
0.038
0.035
0.033
0.03
0.027
0.025
0.022
0.02
0.017
0.015
0.013
0.011
0.008
0.006
0.005
0.003
0.001
-0.0
-0.002
-0.003
-0.005
-0.006
-0.007
-0.008
-0.009
-0.01
-0.01
-0.011
-0.011
-0.012
-0.012
-0.012
-0.012
-0.012
-0.012
-0.011
-0.011
-0.01
-0.009
-0.008
-0.007
-0.006
-0.005
-0.003
-0.002
0.0
0.002
0.004
0.006
0.009
0.011
0.014
0.017
0.02
0.023
0.026
0.03
0.033
0.037
0.041
0.045
0.05
0.054
0.059
0.064
0.069
0.074
0.08
0.085
0.091
0.097
0.103
0.11
0.116
0.123
0.13
0.137
0.145
0.152
0.16
0.168
0.176
0.185
0.193
0.202
0.211
0.221
0.23
0.24
0.25
0.26
0.271
0.281
0.292
0.303
0.314
0.326
0.337
0.349
0.361
0.373
0.385
0.397
0.409
0.422
0.434
0.447
0.459
0.472
0.484
0.497
0.51
0.522
0.535
0.547
0.56
0.573
0.585
0.598
0.61
0.622
0.635
0.647
0.659
0.671
0.682
0.694
0.705
0.717
0.728
0.739
0.749
0.76
0.77
0.78
0.79
0.8
0.809
0.819
0.827
0.836
0.844
0.853
0.86
0.868
0.876
0.883
0.89
0.896
0.903
0.909
0.915
0.921
0.926
0.932
0.937
0.942
0.947
0.951
0.955
0.959
0.963
0.967
0.97
0.973
0.976
0.979
0.982
0.984
0.986
0.988
0.99
0.992
0.993
0.994
0.996
0.996
0.997
0.998
0.998
0.998
0.998
0.998
0.998
0.997
0.996
0.995
0.994
0.993
0.992
0.99
0.989
0.987
0.985
0.983
0.981
0.978
0.976
0.973
0.97
0.967
0.964
0.961
0.957
0.954
0.95
0.946
0.942
0.938
0.934
0.93
0.925
0.921
0.916
0.911
0.906
0.901
0.896
0.891
0.886
0.88
0.875
0.869
0.863
0.857
0.851
0.845
0.839
0.833
0.827
0.82
0.814
0.807
0.801
0.794
0.787
0.78
0.773
0.766
0.759
0.752
0.745
0.738
0.73
0.723
0.715
0.708
0.7
0.692
0.685
0.677
0.669
0.661
0.653
0.646
0.638
0.629
0.621
0.613
0.605
0.597
0.589
0.581
0.572
0.564
0.556
0.547
0.539
0.531
0.522
0.514
0.506
0.497
0.489
0.48
0.472
0.463
0.455
0.446
0.438
0.429
0.421
0.413
0.404
0.396
0.387
0.379
0.371
0.362
0.354
0.346
0.337
0.329
0.321
0.312
0.304
0.296
0.288
0.28
0.272
0.264
0.256
0.248
0.24
0.232
0.224
0.217
0.209
0.201
0.194
0.186
0.179
0.171
0.164
0.157
0.149
0.142
0.135
0.128
0.121
0.114
0.108
0.101
0.094
0.088
0.081
0.075
0.068
0.062
0.056
0.05
0.044
0.038
0.033
0.027
0.021
0.016
0.011
0.005
0.0
-0.005
-0.01
-0.014
-0.019
-0.023
-0.028
-0.032
-0.036
-0.04
-0.044
-0.048
-0.052
-0.055
-0.059
-0.062
-0.065
-0.068
-0.071
-0.074
-0.076
-0.079
-0.081
-0.083
-0.085
-0.087
-0.088
-0.09
-0.091
-0.092
-0.093
-0.094
-0.095
-0.095
-0.096
-0.096
-0.096
-0.096
-0.095
-0.095
-0.094
-0.093
-0.092
-0.091
-0.09
-0.088
-0.086
-0.084
-0.082
-0.079
-0.077
-0.074
-0.071
-0.068
-0.064
-0.061
-0.057
-0.053
-0.048
-0.044
-0.039
-0.034
-0.029
-0.024
-0.018
-0.012
-0.006
-0.0
0.006
0.013
0.02
0.027
0.035
0.042
0.05
0.058
0.067
0.076
0.084
0.094
0.103
0.113
0.123
0.133
0.143
0.154
0.165
0.176
0.188
0.199
0.211
0.224
0.236
0.249
0.262
0.276
0.289
0.303
0.318
0.332
0.347
0.362
0.378
0.393
0.409
0.426
0.442
0.459
0.476
0.494
0.512
0.53
0.548
0.567
0.586
0.605
0.625
0.645
0.665
0.686
0.707
0.728
0.75
0.772
0.794
0.817
0.839
0.862
0.884
0.907
0.929
0.952
0.974
0.995
1.017
1.038
1.058
1.078
1.097
1.115
1.133
1.15
1.166
1.181
1.195
1.208
1.22
1.23
1.239
1.247
1.254
1.259
1.262
1.264
1.264
1.263
1.259
1.254
1.247
1.238
1.227
1.213
1.198
1.18
1.16
1.138
1.113
1.085
1.055
1.023
0.987
0.949
0.908
0.865
0.818
0.768
0.715
0.659
0.6
0.538
0.473
0.407
0.339
0.273
0.207
0.143
0.082
0.023
-0.033
-0.086
-0.137
-0.185
-0.231
-0.274
-0.314
-0.353
-0.389
-0.422
-0.453
-0.482
-0.509
-0.534
-0.556
-0.576
-0.595
-0.611
-0.625
-0.637
-0.648
-0.656
-0.663
-0.668
-0.671
-0.672
-0.672
-0.67
-0.666
-0.661
-0.655
-0.646
-0.637
-0.626
-0.613
-0.6
-0.585
-0.568
-0.551
-0.532
-0.512
-0.491
-0.469
-0.446
-0.422
-0.397
-0.371
-0.344
-0.316
-0.288
-0.259
-0.229
-0.198
-0.167
-0.135
-0.102
-0.069
-0.036
-0.002
0.033
0.067
0.102
0.138
0.174
0.21
0.246
0.282
0.318
0.355
0.391
0.428
0.464
0.501
0.537
0.573
0.609
0.645
0.68
0.715
0.75
0.784
0.818
0.852
0.885
0.918
0.951
0.983
1.015
1.046
1.077
1.108
1.138
1.168
1.197
1.226
1.255
1.284
1.312
1.34
1.367
1.394
1.421
1.447
1.473
1.499
1.524
1.549
1.574
1.598
1.622
1.645
1.669
1.691
1.714
1.736
1.758
1.78
1.801
1.822
1.843
1.863
1.883
1.902
1.922
1.941
1.959
1.978
1.996
2.014
2.031
2.048
2.065
2.082
2.098
2.114
2.129
2.145
2.16
2.174
2.189
2.203
2.217
2.23
2.244
2.257
2.269
2.282
2.294
2.306
2.317
2.329
2.34
2.35
2.361
2.371
2.381
2.391
2.4
2.409
2.418
2.427
2.435
2.443
2.451
2.459
2.466
2.473
2.48
2.486
2.493
2.499
2.505
2.51
2.515
2.521
2.525
2.53
2.534
2.539
2.542
2.546
2.55
2.553
2.556
2.559
2.561
2.563
2.566
2.567
2.569
2.571
2.572
2.573
2.574
2.574
2.575
2.575
2.575
2.575
2.574
2.573
2.573
2.572
2.57
2.569
2.567
2.565
2.563
2.561
2.559
2.556
2.554
2.551
2.548
2.544
2.541
2.537
2.533
2.529
2.525
2.521
2.516
2.512
2.507
2.502
2.497
2.491
2.486
2.48
2.474
2.468
2.462
2.456
2.449
2.443
2.436
2.429
2.422
2.415
2.408
2.4
2.393
2.385
2.377
2.369
2.361
2.353
2.344
2.336
2.327
2.318
2.309
2.3
2.291
2.282
2.273
2.263
2.254
2.244
2.234
2.224
2.214
2.204
2.194
2.183
2.173
2.162
2.152
2.141
2.13
2.119
2.108
2.097
2.085
2.074
2.063
2.051
2.04
2.028
2.016
2.004
1.993
1.981
1.968
1.956
1.944
1.932
1.92
1.907
1.895
1.882
1.869
1.857
1.844
1.831
1.818
1.806
1.793
1.78
1.767
1.753
1.74
1.727
1.714
1.701
1.687
1.674
1.66
1.647
1.634
1.62
1.606
1.593
1.579
1.566
1.552
1.538
1.525
1.511
1.497
1.483
1.47
1.456
1.442
1.428
1.414
1.4
1.387
1.373
1.359
1.345
1.331
1.317
1.303
1.289
1.275
1.262
1.248
1.234
1.22
1.206
1.192
1.179
1.165
1.151
1.137
1.124
1.11
1.096
1.082
1.069
1.055
1.042
1.028
1.015
1.001
0.988
0.974
0.961
0.948
0.934
0.921
0.908
0.895
0.882
0.869
0.856
0.843
0.83
0.817
0.804
0.791
0.779
0.766
0.754
0.741
0.729
0.716
0.704
0.692
0.68
0.668
0.656
0.644
0.632
0.62
0.608
0.597
0.585
0.574
0.563
0.551
0.54
0.529
0.518
0.507
0.497
0.486
0.475
0.465
0.455
0.444
0.434
0.424
0.414
0.404
0.395
0.385
0.376
0.366
0.357
0.348
0.339
0.33
0.321
0.312
0.304
0.296
0.287
0.279
0.271
0.263
0.256
0.248
0.241
0.233
0.226
0.219
0.212
0.205
0.199
0.192
0.186
0.18
0.174
0.168
0.163
0.157
0.152
0.147
0.142
0.137
0.132
0.127
0.123
0.119
0.115
0.111
0.107
0.104
0.101
0.098
0.095
0.092
0.089
0.087
0.085
0.083
0.081
0.079
0.077
0.076
0.075
0.074
0.073
0.073
0.072
0.072
0.072
0.072
0.072
0.073
0.073
0.074
0.075
0.076
0.078
0.079
0.081
0.083
0.085
0.088
0.09
0.093
0.096
0.099
0.102
0.105
0.109
0.113
0.117
0.121
0.125
0.13
0.135
0.14
0.145
0.15
0.156
0.162
0.167
0.174
0.18
0.186
0.193
0.2
0.207
0.214
0.221
0.228
0.234
0.239
0.244
0.247
0.249
0.25
0.249
0.247
0.244
0.239
0.233
0.225
0.217
0.208
0.199
0.188
0.177
0.165
0.153
0.141
0.129
0.116
0.103
0.091
0.079
0.066
0.055
0.043
0.031
0.02
0.009
-0.002
-0.013
-0.024
-0.034
-0.045
-0.055
-0.065
-0.074
-0.084
-0.093
-0.102
-0.111
-0.12
-0.129
-0.138
-0.146
-0.154
-0.162
-0.17
-0.178
-0.185
-0.192
-0.2
-0.207
-0.214
-0.22
-0.227
-0.233
-0.239
-0.246
-0.251
-0.257
-0.263
-0.268
-0.274
-0.279
-0.284
-0.289
-0.293
-0.298
-0.303
-0.307
-0.311
-0.315
-0.319
-0.323
-0.326
-0.33
-0.333
-0.336
-0.339
-0.342
-0.345
-0.348
-0.35
-0.353
-0.355
-0.357
-0.359
-0.361
-0.363
-0.365
-0.366
-0.368
-0.369
-0.37
-0.371
-0.372
-0.373
-0.374
-0.375
-0.375
-0.375
-0.376
-0.376
-0.376
-0.376
-0.376
-0.376
-0.375
-0.375
-0.374
-0.374
-0.373
-0.372
-0.371
-0.37
-0.369
-0.368
-0.367
-0.365
-0.364
-0.362
-0.361
-0.359
-0.357
-0.355
-0.353
-0.351
-0.349
-0.347
-0.344
-0.342
-0.34
-0.337
-0.334
-0.332
-0.329
-0.326
-0.323
-0.32
-0.317
-0.314
-0.311
-0.308
-0.304
-0.301
-0.297
-0.294
-0.29
-0.287
-0.283
-0.279
-0.275
-0.272
-0.268
-0.264
-0.26
-0.256
-0.252
-0.247
-0.243
-0.239
-0.235
-0.23
-0.226
-0.221
-0.217
-0.212
-0.208
-0.203
-0.199
-0.194
-0.189
-0.185
-0.18
-0.175
-0.17
-0.165
-0.16
-0.156
-0.151
-0.146
-0.141
-0.136
-0.131
-0.126
-0.12
-0.115
-0.11
-0.105
-0.1
-0.095
-0.09
-0.084
-0.079
-0.074
-0.069
-0.063
-0.058
-0.053
-0.048
-0.042
-0.037
-0.032
-0.027
-0.021
-0.016
-0.011
-0.005
-0.0
0.005
0.01
0.016
0.021
0.026
0.031
0.037
0.042
0.047
0.052
0.057
0.062
0.068
0.073
0.078
0.083
0.088
0.093
0.098
0.103
0.108
0.113
0.118
0.122
0.127
0.132
0.137
0.142
0.146
0.151
0.156
0.16
0.165
0.169
0.174
0.178
0.183
0.187
0.191
0.196
0.2
0.204
0.208
0.212
0.216
0.22
0.224
0.228
0.232
0.236
0.239
0.243
0.246
0.25
0.253
0.257
0.26
0.263
0.267
0.27
0.273
0.276
0.279
0.282
0.285
0.288
0.29
0.293
0.296
0.298
0.301
0.303
0.306
0.308
0.31
0.313
0.315
0.317
0.319
0.321
0.323
0.325
0.327
0.329
0.33
0.332
0.334
0.335
0.337
0.339
0.34
0.341
0.343
0.344
0.345
0.347
0.348
0.349
0.35
0.351
0.352
0.353
0.354
0.355
0.356
0.357
0.357
0.358
0.359
0.359
0.36
0.36
0.361
0.361
0.362
0.362
0.362
0.363
0.363
0.363
0.363
0.363
0.363
0.363
0.363
0.363
0.363
0.363
0.363
0.363
0.363
0.363
0.362
0.362
0.362
0.361
0.361
0.36
0.36
0.359
0.359
0.358
0.358
0.357
0.356
0.356
0.355
0.354
0.353
0.353
0.352
0.351
0.35
0.349
0.348
0.347
0.346
0.345
0.344
0.343
0.342
0.341
0.34
0.338
0.337
0.336
0.335
0.333
0.332
0.331
0.329
0.328
0.327
0.325
0.324
0.322
0.321
0.319
0.318
0.316
0.315
0.313
0.312
0.31
0.308
0.307
0.305
0.303
0.302
0.3
0.298
0.297
0.295
0.293
0.291
0.29
0.288
0.286
0.284
0.282
0.281
0.279
0.277
0.275
0.273
0.271
0.269
0.268
0.266
0.264
0.262
0.26
0.258
0.256
0.254
0.252
0.25
0.248
0.246
0.244
0.242
0.24
0.238
0.236
0.234
0.232
0.23
0.228
0.226
0.224
0.222
0.22
0.219
0.217
0.215
0.213
0.211
0.209
0.207
0.205
0.203
0.201
0.199
0.197
0.195
0.193
0.191
0.189
0.187
0.185
0.183
0.181
0.18
0.178
0.176
0.174
0.172
0.17
0.168
0.167
0.165
0.163
0.161
0.16
0.158
0.156
0.154
0.153
0.151
0.149
0.147
0.146
0.144
0.143
0.141
0.139
0.138
0.136
0.135
0.133
0.132
0.13
0.129
0.127
0.126
0.124
0.123
0.122
0.12
0.119
0.118
0.116
0.115
0.114
0.113
0.112
0.11
0.109
0.108
0.107
0.106
0.105
0.104
0.103
0.102
0.101
0.1
0.099
0.099
0.098
0.097
0.096
0.096
0.095
0.094
0.094
0.093
0.092
0.092
0.091
0.091
0.091
0.09
0.09
0.09
0.089
0.089
0.089
0.089
0.088
0.088
0.088
0.088
0.088
0.088
0.088
0.089
0.089
0.089
0.089
0.089
0.09
0.09
0.091
0.091
0.091
0.092
0.093
0.093
0.094
0.095
0.095
0.096
0.097
0.098
0.099
0.1
0.101
0.102
0.103
0.104
0.106
0.107
0.108
0.109
0.111
0.112
0.114
0.115
0.117
0.119
0.121
0.122
0.124
0.126
0.128
0.13
0.132
0.134
0.136
0.139
0.141
0.143
0.146
0.148
0.15
0.153
0.156
0.158
0.161
0.164
0.167
