0.0
0.142
0.275
0.4
0.517
0.627
0.73
0.826
0.916
1.0
1.014
1.022
1.025
1.024
1.018
1.008
0.995
0.978
0.958
0.936
0.911
0.884
0.855
0.825
0.794
0.762
0.73
0.698
0.667
0.643
0.62
0.597
0.575
0.554
0.534
0.514
0.494
0.476
0.458
0.44
0.423
0.407
0.391
0.376
0.362
0.348
0.335
0.322
0.309
0.298
0.286
0.276
0.266
0.256
0.247
0.238
0.23
0.223
0.215
0.209
0.203
0.197
0.192
0.187
0.182
0.178
0.175
0.172
0.169
0.167
0.165
0.164
0.163
0.162
0.162
0.162
0.162
0.163
0.164
0.166
0.168
0.17
0.173
0.176
0.179
0.182
0.186
0.19
0.195
0.199
0.204
0.209
0.215
0.221
0.227
0.233
0.239
0.246
0.253
0.26
0.268
0.275
0.283
0.291
0.299
0.308
0.316
0.325
0.334
0.343
0.352
0.361
0.371
0.38
0.39
0.4
0.42
0.44
0.46
0.481
0.501
0.521
0.541
0.561
0.581
0.601
0.62
0.639
0.658
0.677
0.695
0.713
0.731
0.748
0.765
0.781
0.797
0.812
0.827
0.84
0.854
0.866
0.878
0.89
0.9
0.897
0.894
0.89
0.885
0.879
0.873
0.866
0.859
0.852
0.844
0.836
0.827
0.818
0.809
0.8
0.791
0.781
0.772
0.762
0.753
0.744
0.735
0.726
0.717
0.709
0.7
0.693
0.686
0.679
0.672
0.667
0.667
0.668
0.67
0.672
0.674
0.677
0.681
0.684
0.688
0.693
0.697
0.702
0.706
0.711
0.716
0.721
0.726
0.731
0.736
0.741
0.746
0.75
0.752
0.754
0.756
0.758
0.759
0.761
0.762
0.763
0.763
0.764
0.764
0.765
0.765
0.765
0.764
0.764
0.764
0.763
0.762
0.762
0.761
0.76
0.759
0.758
0.756
0.755
0.754
0.753
0.751
0.75
0.748
0.747
0.745
0.744
0.742
0.741
0.739
0.738
0.736
0.735
0.734
0.732
0.731
0.73
0.729
0.728
0.727
0.726
0.725
0.724
0.724
0.723
0.723
0.722
0.722
0.722
0.722
0.723
0.723
0.724
0.725
0.726
0.727
0.728
0.73
0.731
0.733
0.736
0.738
0.741
0.743
0.747
0.75
0.754
0.758
0.763
0.768
0.773
0.778
0.783
0.788
0.794
0.799
0.805
0.81
0.816
0.821
0.827
0.832
0.838
0.843
0.848
0.853
0.858
0.863
0.867
0.871
0.875
0.879
0.882
0.885
0.888
0.891
0.893
0.894
0.896
0.896
0.897
0.896
0.896
0.895
0.893
0.891
0.888
0.884
0.88
0.875
0.87
0.864
0.857
0.85
0.841
0.832
0.822
0.812
0.8
0.774
0.746
0.719
0.691
0.663
0.634
0.606
0.579
0.552
0.525
0.5
0.494
0.489
0.484
0.481
0.479
0.478
0.477
0.478
0.479
0.482
0.485
0.488
0.493
0.498
0.504
0.511
0.518
0.526
0.534
0.543
0.553
0.563
0.573
0.584
0.596
0.607
0.619
0.632
0.645
0.658
0.671
0.685
0.699
0.713
0.727
0.741
0.755
0.77
0.784
0.799
0.813
0.828
0.842
0.856
0.87
0.885
0.898
0.912
0.925
0.939
0.952
0.964
0.977
0.988
1.0
1.007
1.013
1.019
1.024
1.029
1.034
1.038
1.042
1.045
1.049
1.051
1.054
1.056
1.058
1.06
1.061
1.062
1.062
1.063
1.063
1.063
1.062
1.062
1.061
1.059
1.058
1.056
1.054
1.052
1.05
1.048
1.045
1.042
1.039
1.036
1.032
1.029
1.025
1.021
1.017
1.013
1.009
1.004
1.0
0.992
0.984
0.976
0.968
0.959
0.951
0.942
0.934
0.925
0.916
0.908
0.899
0.89
0.881
0.872
0.863
0.854
0.844
0.835
0.826
0.817
0.807
0.798
0.788
0.779
0.77
0.76
0.751
0.741
0.732
0.722
0.713
0.703
0.694
0.684
0.675
0.665
0.656
0.647
0.637
0.628
0.619
0.609
0.6
0.591
0.582
0.573
0.564
0.555
0.546
0.537
0.528
0.52
0.511
0.502
0.494
0.486
0.477
0.469
0.461
0.453
0.445
0.437
0.43
0.422
0.415
0.407
0.4
0.393
0.386
0.379
0.372
0.366
0.359
0.353
0.347
0.341
0.335
0.329
0.324
0.318
0.313
0.308
0.303
0.299
0.294
0.29
0.286
0.282
0.278
0.274
0.271
0.268
0.265
0.262
0.26
0.257
0.255
0.254
0.252
0.25
0.249
0.248
0.248
0.247
0.247
0.247
0.247
0.248
0.249
0.25
0.259
0.269
0.279
0.289
0.299
0.31
0.321
0.332
0.343
0.354
0.366
0.377
0.389
0.401
0.413
0.425
0.438
0.45
0.462
0.475
0.488
0.5
0.513
0.526
0.539
0.552
0.564
0.577
0.59
0.603
0.616
0.629
0.641
0.654
0.666
0.679
0.691
0.704
0.716
0.728
0.74
0.752
0.763
0.775
0.786
0.797
0.808
0.819
0.83
0.84
0.85
0.86
0.87
0.879
0.888
0.897
0.906
0.914
0.922
0.93
0.937
0.944
0.951
0.957
0.963
0.968
0.974
0.978
0.983
0.987
0.99
0.993
0.996
0.998
1.0
1.001
1.002
1.002
1.002
1.001
1.0
0.988
0.976
0.963
0.949
0.936
0.921
0.907
0.892
0.876
0.861
0.845
0.829
0.812
0.796
0.779
0.762
0.745
0.727
0.71
0.693
0.675
0.658
0.64
0.623
0.605
0.588
0.571
0.554
0.537
0.52
0.503
0.487
0.471
0.455
0.439
0.424
0.409
0.395
0.38
0.367
0.353
0.341
0.328
0.316
0.305
0.294
0.284
0.275
0.266
0.258
0.25
0.243
0.237
0.232
0.227
0.223
0.221
0.218
0.217
0.217
0.218
0.219
0.222
0.225
0.23
0.235
0.242
0.25
0.28
0.311
0.343
0.375
0.407
0.44
0.472
0.504
0.536
0.567
0.596
0.625
0.646
0.665
0.684
0.701
0.718
0.734
0.75
0.757
0.764
0.771
0.778
0.784
0.79
0.796
0.802
0.807
0.813
0.818
0.823
0.827
0.832
0.836
0.84
0.844
0.848
0.852
0.855
0.859
0.862
0.865
0.867
0.87
0.872
0.875
0.877
0.879
0.881
0.883
0.884
0.886
0.887
0.888
0.889
0.89
0.891
0.892
0.893
0.893
0.894
0.894
0.894
0.894
0.895
0.895
0.894
0.894
0.894
0.894
0.893
0.893
0.892
0.892
0.891
0.89
0.89
0.889
0.888
0.887
0.886
0.885
0.884
0.883
0.882
0.881
0.88
0.879
0.878
0.876
0.875
0.874
0.873
0.872
0.871
0.87
0.868
0.867
0.866
0.865
0.864
0.863
0.862
0.861
0.86
0.859
0.859
0.858
0.857
0.856
0.855
0.855
0.854
0.853
0.853
0.852
0.852
0.851
0.851
0.85
0.85
0.85
0.85
0.849
0.849
0.849
0.849
0.849
0.849
0.849
0.85
0.85
0.85
0.85
0.85
0.851
0.851
0.852
0.852
0.852
0.853
0.853
0.854
0.855
0.855
0.856
0.857
0.857
0.858
0.859
0.86
0.861
0.862
0.863
0.864
0.864
0.865
0.867
0.868
0.869
0.87
0.871
0.872
0.873
0.874
0.876
0.877
0.878
0.879
0.881
0.882
0.883
0.885
0.886
0.887
0.889
0.89
0.892
0.893
0.894
0.896
0.897
0.899
0.9
0.902
0.903
0.905
0.906
0.908
0.909
0.911
0.913
0.914
0.916
0.917
0.919
0.92
0.922
0.923
0.925
0.927
0.928
0.93
0.931
0.933
0.935
0.936
0.938
0.939
0.941
0.942
0.944
0.945
0.947
0.948
0.95
0.951
0.953
0.954
0.956
0.957
0.959
0.96
0.962
0.963
0.965
0.966
0.967
0.969
0.97
0.971
0.973
0.974
0.975
0.976
0.978
0.979
0.98
0.981
0.982
0.983
0.985
0.986
0.987
0.988
0.989
0.99
0.991
0.991
0.992
0.993
0.994
0.995
0.996
0.996
0.997
0.998
0.998
0.999
1.0
1.0
1.001
1.001
1.001
1.002
1.002
1.003
1.003
1.003
1.003
1.003
1.004
1.004
1.004
1.004
1.004
1.003
1.003
1.003
1.003
1.003
1.002
1.002
1.002
1.001
1.001
1.0
0.999
0.997
0.995
0.994
0.992
0.991
0.989
0.987
0.985
0.983
0.982
0.98
0.978
0.976
0.974
0.972
0.97
0.968
0.966
0.964
0.961
0.959
0.957
0.955
0.953
0.951
0.949
0.947
0.944
0.942
0.94
0.938
0.936
0.934
0.932
0.93
0.927
0.925
0.923
0.921
0.919
0.917
0.915
0.913
0.912
0.91
0.908
0.906
0.904
0.903
0.901
0.899
0.898
0.896
0.895
0.893
0.892
0.89
0.889
0.888
0.887
0.885
0.884
0.883
0.882
0.881
0.881
0.88
0.879
0.879
0.878
0.878
0.877
0.877
0.877
0.877
0.877
0.877
0.877
0.877
0.877
0.878
0.878
0.879
0.88
0.881
0.881
0.883
0.884
0.885
0.886
0.888
0.889
0.891
0.893
0.895
0.897
0.899
0.901
0.904
0.906
0.909
0.911
0.914
0.917
0.919
0.922
0.925
0.928
0.931
0.934
0.937
0.94
0.943
0.946
0.949
0.952
0.955
0.958
0.96
0.963
0.965
0.968
0.97
0.972
0.974
0.976
0.977
0.979
0.98
0.981
0.981
0.982
0.982
0.982
0.981
0.981
0.98
0.978
0.977
0.974
0.972
0.969
0.966
0.962
0.958
0.954
0.949
0.944
0.938
0.932
0.925
0.918
0.91
0.901
0.892
0.883
0.873
0.862
0.851
0.839
0.827
0.814
0.8
0.774
0.747
0.719
0.691
0.663
0.635
0.607
0.579
0.552
0.524
0.498
0.471
0.446
0.421
0.398
0.375
0.354
0.333
0.336
0.34
0.345
0.352
0.36
0.369
0.379
0.39
0.402
0.415
0.429
0.444
0.46
0.476
0.494
0.512
0.53
0.549
0.569
0.589
0.61
0.631
0.652
0.674
0.695
0.717
0.74
0.762
0.784
0.807
0.829
0.851
0.873
0.895
0.917
0.938
0.959
0.98
1.0
1.01
1.02
1.029
1.037
1.045
1.053
1.06
1.067
1.074
1.08
1.085
1.09
1.095
1.1
1.104
1.107
1.111
1.113
1.116
1.118
1.12
1.122
1.123
1.124
1.124
1.125
1.124
1.124
1.123
1.123
1.121
1.12
1.118
1.116
1.114
1.112
1.109
1.106
1.103
1.099
1.096
1.092
1.088
1.084
1.08
1.075
1.071
1.066
1.061
1.056
1.05
1.045
1.04
1.034
1.028
1.022
1.016
1.01
1.004
0.998
0.992
0.985
0.979
0.972
0.966
0.959
0.953
0.946
0.94
0.933
0.926
0.92
0.913
0.907
0.9
0.894
0.887
0.881
0.874
0.868
0.862
0.855
0.849
0.843
0.837
0.831
0.825
0.82
0.814
0.809
0.804
0.798
0.793
0.789
0.784
0.779
0.775
0.771
0.767
0.763
0.76
0.756
0.753
0.75
0.75
0.751
0.751
0.752
0.753
0.755
0.756
0.758
0.76
0.762
0.764
0.766
0.769
0.771
0.774
0.777
0.78
0.783
0.787
0.79
0.794
0.798
0.801
0.805
0.809
0.813
0.818
0.822
0.826
0.831
0.835
0.839
0.844
0.849
0.853
0.858
0.863
0.867
0.872
0.877
0.882
0.886
0.891
0.896
0.901
0.905
0.91
0.915
0.919
0.924
0.928
0.933
0.937
0.942
0.946
0.95
0.954
0.958
0.962
0.966
0.97
0.973
0.977
0.98
0.983
0.987
0.99
0.992
0.995
0.998
1.0
1.0
1.001
1.001
1.001
1.001
1.001
1.001
1.001
1.0
1.0
1.0
1.0
1.0
1.0
1.0
1.0
1.0
1.0
1.001
1.002
1.002
1.003
1.004
1.005
1.007
1.008
1.009
1.011
1.012
1.014
1.016
1.018
1.02
1.021
1.023
1.025
1.028
1.03
1.032
1.034
1.036
1.038
1.041
1.043
1.045
1.047
1.05
1.052
1.054
1.056
1.059
1.061
1.063
1.065
1.067
1.069
1.071
1.073
1.074
1.076
1.078
1.079
1.081
1.082
1.084
1.085
1.086
1.087
1.088
1.088
1.089
1.09
1.09
1.09
1.09
1.09
1.09
1.089
1.089
1.088
1.087
1.086
1.085
1.083
1.082
1.08
1.078
1.076
1.073
1.07
1.067
1.064
1.061
1.057
1.053
1.049
1.045
1.04
1.035
1.03
1.025
1.019
1.013
1.007
1.0
0.988
0.977
0.965
0.952
0.94
0.928
0.915
0.902
0.89
0.877
0.864
0.852
0.839
0.827
0.815
0.803
0.792
0.78
0.769
0.759
0.749
0.739
0.729
0.721
0.712
0.705
0.698
0.691
0.685
0.68
0.676
0.672
0.67
0.668
0.667
0.667
0.681
0.696
0.712
0.729
0.746
0.763
0.782
0.8
0.819
0.838
0.856
0.875
0.894
0.913
0.931
0.949
0.967
0.984
1.0
1.002
1.004
1.005
1.005
1.005
1.004
1.002
1.0
0.997
0.994
0.99
0.986
0.981
0.975
0.969
0.962
0.955
0.948
0.94
0.932
0.923
0.914
0.904
0.895
0.884
0.874
0.863
0.852
0.841
0.829
0.817
0.805
0.793
0.78
0.767
0.754
0.741
0.728
0.715
0.702
0.688
0.674
0.661
0.647
0.634
0.62
0.606
0.592
0.579
0.565
0.552
0.538
0.525
0.512
0.499
0.486
0.473
0.461
0.448
0.436
0.424
0.413
0.401
0.39
0.379
0.369
0.358
0.349
0.339
0.33
0.321
0.313
0.305
0.297
0.29
0.284
0.278
0.272
0.267
0.263
0.259
0.255
0.252
0.25
0.261
0.272
0.284
0.297
0.31
0.323
0.337
0.351
0.366
0.381
0.397
0.413
0.429
0.446
0.462
0.479
0.497
0.514
0.532
0.55
0.568
0.586
0.604
0.622
0.64
0.658
0.676
0.695
0.713
0.731
0.749
0.766
0.784
0.801
0.819
0.836
0.852
0.869
0.885
0.901
0.916
0.931
0.946
0.96
0.974
0.987
1.0
1.0
0.999
0.998
0.996
0.994
0.991
0.988
0.984
0.98
0.976
0.971
0.966
0.96
0.954
0.948
0.941
0.934
0.927
0.919
0.911
0.903
0.894
0.885
0.876
0.867
0.857
0.847
0.837
0.827
0.816
0.805
0.795
0.783
0.772
0.761
0.749
0.738
0.726
0.714
0.702
0.69
0.678
0.666
0.654
0.642
0.63
0.618
0.605
0.593
0.581
0.569
0.557
0.545
0.533
0.521
0.509
0.498
0.486
0.475
0.463
0.452
0.441
0.43
0.419
0.409
0.399
0.389
0.379
0.369
0.36
0.351
0.342
0.333
0.333
0.333
0.333
0.333
0.333
0.334
0.335
0.337
0.338
0.34
0.342
0.345
0.347
0.35
0.353
0.357
0.36
0.364
0.368
0.372
0.376
0.381
0.385
0.39
0.395
0.401
0.406
0.412
0.418
0.424
0.43
0.436
0.442
0.449
0.455
0.462
0.469
0.476
0.483
0.491
0.498
0.506
0.513
0.521
0.529
0.537
0.545
0.553
0.561
0.569
0.577
0.586
0.594
0.603
0.611
0.62
0.628
0.637
0.646
0.654
0.663
0.672
0.68
0.689
0.698
0.707
0.715
0.724
0.733
0.742
0.75
0.759
0.767
0.776
0.785
0.793
0.802
0.81
0.818
0.827
0.835
0.843
0.851
0.859
0.867
0.875
0.882
0.89
0.897
0.905
0.912
0.919
0.926
0.933
0.94
0.947
0.953
0.96
0.966
0.972
0.978
0.984
0.989
0.995
1.0
1.0
0.999
0.998
0.997
0.996
0.995
0.994
0.992
0.99
0.989
0.987
0.984
0.982
0.98
0.977
0.974
0.971
0.968
0.965
0.962
0.958
0.955
0.951
0.947
0.943
0.939
0.935
0.931
0.927
0.922
0.918
0.913
0.908
0.903
0.898
0.893
0.888
0.883
0.878
0.872
0.867
0.861
0.856
0.85
0.844
0.839
0.833
0.827
0.821
0.815
0.809
0.803
0.796
0.79
0.784
0.778
0.771
0.765
0.758
0.752
0.745
0.739
0.732
0.726
0.719
0.713
0.706
0.7
0.693
0.686
0.68
0.673
0.667
0.662
0.658
0.654
0.65
0.645
0.641
0.637
0.633
0.628
0.624
0.62
0.616
0.612
0.608
0.604
0.6
0.596
0.592
0.588
0.585
0.581
0.577
0.574
0.57
0.567
0.563
0.56
0.556
0.553
0.55
0.547
0.544
0.541
0.538
0.535
0.532
0.53
0.527
0.524
0.522
0.52
0.518
0.515
0.513
0.511
0.51
0.508
0.506
0.505
0.503
0.502
0.501
0.5
0.499
0.498
0.497
0.497
0.496
0.496
0.496
0.496
0.496
0.496
0.497
0.497
0.498
0.499
0.5
0.501
0.502
0.503
0.505
0.507
0.509
0.511
0.513
0.515
0.518
0.52
0.523
0.526
0.53
0.533
0.537
0.541
0.544
0.549
0.553
0.558
0.562
0.567
0.572
0.578
0.583
0.589
0.595
0.601
0.608
0.614
0.621
0.628
0.635
0.643
0.651
0.659
0.667
0.676
0.686
0.696
0.706
0.716
0.726
0.736
0.746
0.757
0.767
0.777
0.787
0.797
0.807
0.816
0.826
0.835
0.844
0.852
0.861
0.869
0.876
0.883
0.89
0.896
0.902
0.907
0.912
0.916
0.919
0.922
0.924
0.925
0.926
0.926
0.925
0.923
0.92
0.917
0.913
0.907
0.901
0.894
0.885
0.876
0.865
0.854
0.841
0.827
0.812
0.795
0.778
0.738
0.696
0.655
0.612
0.57
0.528
0.487
0.446
0.407
0.369
0.333
0.323
0.315
0.309
0.305
0.303
0.302
0.304
0.306
0.311
0.317
0.324
0.333
0.343
0.354
0.367
0.38
0.395
0.411
0.427
0.444
0.462
0.481
0.5
0.519
0.539
0.56
0.581
0.602
0.624
0.646
0.668
0.69
0.713
0.736
0.759
0.782
0.805
0.829
0.852
0.875
0.899
0.922
0.945
0.968
0.99
1.013
1.035
1.057
1.078
1.099
1.12
1.141
1.16
1.18
1.199
1.217
1.234
1.251
1.268
1.283
1.298
1.312
1.325
1.338
1.349
1.36
1.369
1.378
1.385
1.392
1.397
1.401
1.404
1.406
1.407
1.406
1.404
1.401
1.396
1.39
1.383
1.374
1.363
1.351
1.338
1.322
1.305
1.287
1.266
1.244
1.22
1.195
1.167
1.138
1.106
1.073
1.037
1.0
0.922
0.844
0.765
0.687
0.612
0.539
0.471
0.407
0.35
0.3
0.308
0.323
0.345
0.372
0.404
0.439
0.477
0.518
0.559
0.6
0.626
0.651
0.675
0.699
0.722
0.744
0.766
0.786
0.806
0.825
0.844
0.862
0.879
0.895
0.911
0.926
0.941
0.955
0.968
0.981
0.993
1.004
1.015
1.025
1.035
1.044
1.052
1.06
1.068
1.075
1.081
1.087
1.092
1.097
1.101
1.105
1.109
1.112
1.114
1.116
1.118
1.119
1.12
1.121
1.121
1.12
1.12
1.118
1.117
1.115
1.113
1.111
1.108
1.105
1.101
1.097
1.093
1.089
1.085
1.08
1.075
1.069
1.064
1.058
1.052
1.046
1.039
1.033
1.026
1.019
1.012
1.005
0.997
0.99
0.982
0.974
0.967
0.959
0.951
0.942
0.934
0.926
0.918
0.909
0.901
0.892
0.884
0.875
0.867
0.859
0.85
0.842
0.833
0.825
0.817
0.809
0.8
0.792
0.784
0.776
0.769
0.761
0.754
0.746
0.739
0.732
0.725
0.718
0.712
0.705
0.699
0.693
0.687
0.682
0.677
0.671
0.667
0.662
0.657
0.653
0.649
0.645
0.641
0.638
0.635
0.632
0.629
0.627
0.625
0.622
0.621
0.619
0.617
0.616
0.615
0.614
0.613
0.612
0.612
0.611
0.611
0.611
0.611
0.611
0.612
0.612
0.613
0.613
0.614
0.615
0.616
0.617
0.618
0.619
0.62
0.622
0.623
0.625
0.626
0.628
0.629
0.631
0.632
0.634
0.636
0.638
0.639
0.641
0.643
0.644
0.646
0.648
0.65
0.651
0.653
0.655
0.656
0.658
0.659
0.661
0.662
0.663
0.664
0.666
0.667
0.669
0.67
0.672
0.674
0.675
0.677
0.679
0.68
0.681
0.683
0.684
0.686
0.687
0.688
0.689
0.691
0.692
0.693
0.695
0.696
0.697
0.699
0.7
0.701
0.703
0.704
0.706
0.708
0.709
0.711
0.713
0.715
0.717
0.719
0.721
0.724
0.726
0.729
0.731
0.734
0.737
0.74
0.743
0.747
0.75
0.756
0.762
0.769
0.775
0.782
0.789
0.795
0.802
0.809
0.816
0.824
0.831
0.838
0.845
0.852
0.86
0.867
0.874
0.882
0.889
0.896
0.903
0.911
0.918
0.925
0.932
0.938
0.945
0.952
0.958
0.965
0.971
0.977
0.983
0.989
0.995
1.0
1.001
1.002
1.003
1.004
1.004
1.004
1.005
1.005
1.004
1.004
1.004
1.003
1.002
1.001
1.0
0.999
0.998
0.996
0.995
0.993
0.991
0.989
0.987
0.985
0.983
0.981
0.978
0.976
0.973
0.971
0.968
0.965
0.962
0.959
0.956
0.953
0.95
0.947
0.944
0.941
0.938
0.935
0.931
0.928
0.925
0.922
0.918
0.915
0.912
0.909
0.905
0.902
0.899
0.896
0.892
0.889
0.886
0.883
0.88
0.877
0.874
0.871
0.868
0.865
0.863
0.86
0.857
0.855
0.852
0.85
0.848
0.846
0.844
0.842
0.84
0.838
0.837
0.835
0.834
0.832
0.831
0.83
0.829
0.829
0.828
0.828
0.827
0.827
0.827
0.828
0.828
0.829
0.829
0.83
0.831
0.833
0.834
0.836
0.838
0.84
0.842
0.845
0.848
0.851
0.854
0.857
0.865
0.874
0.882
0.89
0.899
0.908
0.916
0.925
0.933
0.941
0.949
0.957
0.964
0.971
0.978
0.984
0.99
0.995
1.0
0.992
0.983
0.974
0.964
0.953
0.942
0.93
0.918
0.906
0.893
0.879
0.865
0.851
0.836
0.821
0.805
0.789
0.772
0.756
0.739
0.721
0.704
0.686
0.667
0.649
0.63
0.611
0.592
0.573
0.553
0.533
0.513
0.493
0.473
0.453
0.433
0.412
0.392
0.371
0.351
0.33
0.31
0.289
0.268
0.248
0.227
0.207
0.187
0.167
0.155
0.144
0.133
0.122
0.111
0.1
0.09
0.079
0.069
0.059
0.048
0.038
0.028
0.019
0.009
-0.001
-0.01
-0.02
-0.029
-0.038
-0.047
-0.056
-0.065
-0.074
-0.082
-0.091
-0.099
-0.108
-0.116
-0.124
-0.132
-0.14
-0.148
-0.155
-0.163
-0.17
-0.178
-0.185
-0.192
-0.199
-0.206
-0.213
-0.22
-0.227
-0.233
-0.24
-0.246
-0.252
-0.258
-0.265
-0.271
-0.276
-0.282
-0.288
-0.294
-0.299
-0.305
-0.31
-0.315
-0.32
-0.325
-0.33
-0.335
-0.34
-0.345
-0.349
-0.354
-0.358
-0.363
-0.367
-0.371
-0.375
-0.379
-0.383
-0.387
-0.39
-0.394
-0.398
-0.401
-0.405
-0.408
-0.411
-0.414
-0.417
-0.42
-0.423
-0.426
-0.429
-0.431
-0.434
-0.437
-0.439
-0.441
-0.444
-0.446
-0.448
-0.45
-0.452
-0.454
-0.456
-0.457
-0.459
-0.461
-0.462
-0.464
-0.465
-0.466
-0.468
-0.469
-0.47
-0.471
-0.472
-0.473
-0.473
-0.474
-0.475
-0.475
-0.476
-0.477
-0.477
-0.477
-0.478
-0.478
-0.478
-0.478
-0.478
-0.478
-0.478
-0.478
-0.477
-0.477
-0.477
-0.476
-0.476
-0.475
-0.475
-0.474
-0.473
-0.473
-0.472
-0.471
-0.47
-0.469
-0.468
-0.467
-0.466
-0.464
-0.463
-0.462
-0.46
-0.459
-0.457
-0.456
-0.454
-0.453
-0.451
-0.449
-0.447
-0.446
-0.444
-0.442
-0.44
-0.438
-0.436
-0.434
-0.431
-0.429
-0.427
-0.425
-0.422
-0.42
-0.417
-0.415
-0.412
-0.41
-0.407
-0.404
-0.402
-0.399
-0.396
-0.393
-0.39
-0.388
-0.385
-0.382
-0.379
-0.376
-0.372
-0.369
-0.366
-0.363
-0.36
-0.356
-0.353
-0.35
-0.346
-0.343
-0.34
-0.336
-0.333
-0.329
-0.325
-0.322
-0.318
-0.314
-0.311
-0.307
-0.303
-0.3
-0.296
-0.292
-0.288
-0.284
-0.28
-0.276
-0.272
-0.268
-0.264
-0.26
-0.256
-0.252
-0.248
-0.244
-0.24
-0.236
-0.231
-0.227
-0.223
-0.219
-0.214
-0.21
-0.206
-0.202
-0.197
-0.193
-0.188
-0.184
-0.18
-0.175
-0.171
-0.166
-0.162
-0.157
-0.153
-0.148
-0.144
-0.139
-0.135
-0.13
-0.126
-0.121
-0.116
-0.112
-0.107
-0.103
-0.098
-0.093
-0.089
-0.084
-0.08
-0.075
-0.07
-0.066
-0.061
-0.056
-0.052
-0.047
-0.042
-0.038
-0.033
-0.028
-0.023
-0.019
-0.014
-0.009
-0.005
-0.0
0.005
0.009
0.014
0.019
0.023
0.028
0.033
0.037
0.042
0.047
0.051
0.056
0.061
0.065
0.07
0.074
0.079
0.084
0.088
0.093
0.097
0.102
0.106
0.111
0.116
0.12
0.125
0.129
0.133
0.138
0.142
0.147
0.151
0.156
0.16
0.164
0.169
0.173
0.177
0.182
0.186
0.19
0.194
0.199
0.203
0.207
0.211
0.215
0.219
0.223
0.227
0.232
0.236
0.24
0.243
0.247
0.251
0.255
0.259
0.263
0.267
0.271
0.274
0.278
0.282
0.285
0.289
0.293
0.296
0.3
0.303
0.307
0.31
0.314
0.317
0.32
0.324
0.327
0.33
0.333
0.339
0.344
0.35
0.355
0.361
0.366
0.371
0.377
0.382
0.387
0.392
0.397
0.403
0.408
0.413
0.418
0.423
0.428
0.433
0.438
0.443
0.448
0.453
0.458
0.463
0.468
0.473
0.477
0.482
0.487
0.492
0.497
0.502
0.506
0.511
0.516
0.521
0.526
0.53
0.535
0.54
0.545
0.55
0.554
0.559
0.564
0.569
0.574
0.578
0.583
0.588
0.593
0.598
0.603
0.608
0.612
0.617
0.622
0.627
0.632
0.637
0.642
0.647
0.652
0.657
0.662
0.667
0.672
0.677
0.682
0.688
0.693
0.698
0.703
0.709
0.714
0.719
0.724
0.73
0.735
0.741
0.746
0.752
0.757
0.763
0.769
0.774
0.78
0.786
0.792
0.797
0.803
0.809
0.815
0.821
0.827
0.833
0.836
0.839
0.841
0.844
0.847
0.85
0.852
0.855
0.857
0.86
0.862
0.864
0.867
0.869
0.87
0.872
0.873
0.874
0.875
0.876
0.877
0.877
0.877
0.876
0.876
0.875
0.873
0.872
0.869
0.867
0.864
0.861
0.857
0.853
0.848
0.843
0.837
0.831
0.824
0.817
0.809
0.801
0.792
0.782
0.772
0.761
0.75
0.728
0.706
0.684
0.661
0.637
0.614
0.591
0.567
0.544
0.521
0.499
0.477
0.456
0.435
0.416
0.397
0.379
0.363
0.347
0.333
0.338
0.344
0.352
0.361
0.371
0.382
0.394
0.407
0.42
0.435
0.45
0.465
0.482
0.498
0.515
0.532
0.549
0.566
0.584
0.601
0.618
0.634
0.651
0.667
0.677
0.687
0.696
0.705
0.713
0.721
0.729
0.736
0.743
0.749
0.755
0.761
0.766
0.771
0.775
0.78
0.784
0.787
0.791
0.794
0.797
0.8
0.802
0.805
0.807
0.809
0.811
0.812
0.814
0.815
0.817
0.818
0.819
0.82
0.822
0.823
0.824
0.825
0.826
0.827
0.828
0.829
0.831
0.832
0.833
0.833
0.834
0.834
0.834
0.835
0.835
0.836
0.836
0.837
0.838
0.839
0.839
0.84
0.841
0.842
0.843
0.844
0.845
0.846
0.847
0.848
0.849
0.85
0.851
0.852
0.853
0.853
0.854
0.855
0.855
0.856
0.856
0.857
0.857
0.857
0.854
0.851
0.847
0.844
0.84
0.837
0.833
0.829
0.825
0.821
0.817
0.813
0.809
0.804
0.8
0.796
0.791
0.786
0.782
0.777
0.772
0.767
0.762
0.757
0.752
0.746
0.741
0.736
0.73
0.725
0.719
0.714
0.708
0.702
0.697
0.691
0.685
0.679
0.673
0.667
0.661
0.655
0.649
0.643
0.637
0.63
0.624
0.618
0.611
0.605
0.599
0.592
0.586
0.579
0.573
0.566
0.56
0.553
0.547
0.54
0.533
0.527
0.52
0.514
0.507
0.5
0.494
0.487
0.48
0.474
0.467
0.46
0.454
0.447
0.44
0.434
0.427
0.42
0.414
0.407
0.4
0.394
0.387
0.381
0.374
0.368
0.361
0.355
0.348
0.342
0.335
0.329
0.323
0.317
0.31
0.304
0.298
0.292
0.286
0.28
0.274
0.268
0.262
0.256
0.25
0.248
0.246
0.244
0.243
0.241
0.239
0.238
0.236
0.235
0.233
0.232
0.231
0.23
0.229
0.228
0.227
0.227
0.226
0.226
0.225
0.225
0.225
0.225
0.226
0.226
0.226
0.227
0.228
0.229
0.23
0.231
0.233
0.234
0.236
0.238
0.24
0.243
0.245
0.248
0.251
0.254
0.257
0.261
0.264
0.268
0.273
0.277
0.282
0.286
0.291
0.297
0.302
0.308
0.314
0.32
0.327
0.334
0.341
0.348
0.356
0.364
0.379
0.395
0.411
0.427
0.443
0.46
0.477
0.493
0.51
0.527
0.544
0.561
0.578
0.595
0.612
0.629
0.646
0.662
0.679
0.695
0.711
0.727
0.74
0.753
0.766
0.778
0.791
0.803
0.814
0.826
0.837
0.848
0.859
0.869
0.88
0.89
0.9
0.909
0.913
0.916
0.919
0.922
0.925
0.927
0.929
0.931
0.933
0.935
0.936
0.937
0.938
0.939
0.94
0.94
0.94
0.941
0.941
0.94
0.94
0.94
0.939
0.939
0.938
0.937
0.936
0.935
0.934
0.933
0.931
0.93
0.928
0.927
0.925
0.924
0.922
0.92
0.919
0.917
0.915
0.913
0.911
0.909
0.908
0.906
0.904
0.902
0.9
0.899
0.897
0.895
0.894
0.892
0.891
0.889
0.888
0.887
0.886
0.884
0.883
0.882
0.882
0.881
0.88
0.88
0.88
0.879
0.879
0.879
0.88
0.88
0.881
0.881
0.882
0.883
0.885
0.886
0.888
0.89
0.892
0.894
0.897
0.899
0.902
0.906
0.909
0.917
0.925
0.933
0.942
0.95
0.958
0.967
0.975
0.984
0.992
1.0
1.004
1.007
1.011
1.014
1.017
1.019
1.022
1.024
1.027
1.029
1.03
1.032
1.034
1.035
1.036
1.038
1.038
1.039
1.04
1.041
1.041
1.041
1.042
1.042
1.042
1.042
1.041
1.041
1.041
1.04
1.04
1.039
1.038
1.038
1.037
1.036
1.035
1.034
1.033
1.032
1.031
1.029
1.028
1.027
1.026
1.024
1.023
1.022
1.021
1.019
1.018
1.017
1.015
1.014
1.013
1.012
1.011
1.009
1.008
1.007
1.006
1.005
1.004
1.003
1.003
1.002
1.001
1.001
1.0
0.999
0.998
0.997
0.997
0.996
0.995
0.995
0.994
0.994
0.994
0.993
0.993
0.993
0.993
0.993
0.993
0.993
0.993
0.993
0.994
0.994
0.994
0.995
0.995
0.995
0.996
0.996
0.997
0.997
0.998
0.998
0.999
0.999
1.0
1.0
1.001
1.002
1.002
1.003
1.003
1.004
1.005
1.005
1.006
1.006
1.007
1.008
1.008
1.009
1.009
1.01
1.01
1.01
1.011
1.011
1.012
1.012
1.012
1.012
1.012
1.013
1.013
1.013
1.013
1.012
1.012
1.012
1.012
1.012
1.011
1.011
1.01
1.01
1.009
1.008
1.007
1.006
1.005
1.004
1.003
1.002
1.001
0.999
0.998
0.996
0.994
0.993
0.991
0.989
0.987
0.984
0.982
0.98
0.977
0.974
0.972
0.969
0.966
0.962
0.959
0.956
0.952
0.948
0.944
0.94
0.936
0.932
0.928
0.923
0.918
0.914
0.908
0.903
0.898
0.892
0.887
0.881
0.875
0.863
0.851
0.838
0.826
0.813
0.8
0.787
0.774
0.761
0.747
0.734
0.721
0.707
0.693
0.68
0.666
0.652
0.638
0.625
0.611
0.597
0.583
0.569
0.555
0.541
0.527
0.514
0.5
0.486
0.472
0.459
0.445
0.432
0.418
0.405
0.392
0.379
0.366
0.353
0.34
0.327
0.315
0.303
0.29
0.278
0.267
0.255
0.244
0.232
0.221
0.211
0.2
0.199
0.199
0.199
0.198
0.199
0.199
0.2
0.2
0.201
0.203
0.204
0.206
0.208
0.21
0.212
0.214
0.217
0.219
0.222
0.225
0.229
0.232
0.236
0.24
0.244
0.248
0.252
0.256
0.261
0.266
0.271
0.276
0.281
0.286
0.291
0.297
0.303
0.309
0.314
0.321
0.327
0.333
0.339
0.346
0.353
0.359
0.366
0.373
0.38
0.387
0.394
0.402
0.409
0.417
0.424
0.432
0.44
0.447
0.455
0.463
0.471
0.479
0.487
0.495
0.504
0.512
0.52
0.529
0.537
0.545
0.554
0.562
0.571
0.579
0.588
0.597
0.605
0.614
0.622
0.631
0.64
0.648
0.657
0.666
0.675
0.683
0.692
0.7
0.709
0.718
0.726
0.735
0.744
0.752
0.761
0.769
0.777
0.786
0.794
0.802
0.811
0.819
0.827
0.835
0.843
0.851
0.859
0.867
0.875
0.883
0.89
0.898
0.905
0.913
0.92
0.927
0.934
0.941
0.948
0.955
0.962
0.968
0.975
0.981
0.988
0.994
1.0
1.001
1.003
1.004
1.005
1.005
1.006
1.007
1.007
1.007
1.007
1.007
1.007
1.007
1.006
1.006
1.005
1.004
1.002
1.001
0.999
0.998
0.996
0.993
0.991
0.988
0.986
0.983
0.979
0.976
0.972
0.969
0.964
0.96
0.956
0.951
0.946
0.941
0.935
0.929
0.923
0.917
0.91
0.904
0.897
0.889
0.882
0.874
0.866
0.857
0.842
0.826
0.811
0.795
0.779
0.763
0.747
0.731
0.715
0.699
0.683
0.667
0.658
0.649
0.64
0.632
0.624
0.616
0.608
0.601
0.594
0.587
0.58
0.574
0.568
0.562
0.557
0.552
0.548
0.543
0.539
0.536
0.533
0.531
0.528
0.527
0.526
0.525
0.525
0.525
0.526
0.527
0.529
0.531
0.534
0.538
0.542
0.546
0.552
0.558
0.564
0.571
0.591
0.611
0.631
0.651
0.672
0.693
0.714
0.726
0.737
0.748
0.759
0.77
0.781
0.791
0.802
0.812
0.823
0.833
0.843
0.853
0.863
0.873
0.883
0.893
0.902
0.912
0.921
0.93
0.939
0.948
0.956
0.965
0.973
0.982
0.99
0.998
1.006
1.013
1.021
1.028
1.035
1.042
1.049
1.056
1.062
1.069
1.075
1.081
1.087
1.092
1.098
1.103
1.108
1.113
1.118
1.122
1.126
1.13
1.134
1.138
1.141
1.144
1.147
1.15
1.153
1.155
1.157
1.159
1.16
1.162
1.163
1.164
1.164
1.165
1.165
1.165
1.165
1.164
1.163
1.162
1.161
1.159
1.157
1.155
1.153
1.15
1.147
1.144
1.14
1.136
1.132
1.128
1.123
1.118
1.113
1.107
1.101
1.095
1.088
1.082
1.074
1.067
1.059
1.051
1.043
1.034
1.025
1.015
1.006
0.996
0.985
0.975
0.963
0.952
0.94
0.928
0.916
0.903
0.89
0.876
0.862
0.848
0.833
0.804
0.774
0.745
0.715
0.686
0.657
0.628
0.601
0.574
0.548
0.523
0.5
0.497
0.494
0.494
0.494
0.496
0.499
0.503
0.508
0.514
0.521
0.529
0.538
0.547
0.557
0.568
0.579
0.591
0.603
0.616
0.629
0.642
0.656
0.669
0.683
0.697
0.711
0.724
0.738
0.751
0.765
0.777
0.79
0.802
0.813
0.824
0.835
0.844
0.853
0.861
0.869
0.875
0.869
0.862
0.855
0.846
0.837
0.827
0.816
0.804
0.792
0.779
0.766
0.752
0.738
0.724
0.709
0.693
0.678
0.662
0.646
0.629
0.613
0.596
0.58
0.563
0.547
0.531
0.514
0.498
0.482
0.467
0.451
0.436
0.422
0.407
0.394
0.38
0.368
0.356
0.344
0.333
0.337
0.341
0.346
0.352
0.359
0.367
0.375
0.384
0.394
0.405
0.417
0.43
0.444
0.459
0.475
0.492
0.51
0.529
0.549
0.57
0.592
0.616
0.641
0.667
0.699
0.732
0.765
0.797
0.829
0.86
0.889
0.916
0.939
0.96
0.977
0.99
0.997
1.0
0.967
0.929
0.889
0.847
0.805
0.765
0.727
0.694
0.667
0.681
0.703
0.729
0.761
0.796
0.834
0.875
0.916
0.958
1.0
1.02
1.039
1.057
1.073
1.088
1.102
1.115
1.127
1.137
1.147
1.155
1.163
1.169
1.174
1.178
1.182
1.184
1.185
1.186
1.186
1.184
1.182
1.18
1.176
1.172
1.166
1.161
1.154
1.147
1.139
1.131
1.122
1.112
1.102
1.091
1.08
1.068
1.056
1.043
1.03
1.016
1.003
0.988
0.974
0.959
0.944
0.929
0.913
0.897
0.881
0.865
0.849
0.832
0.816
0.799
0.782
0.766
0.749
0.732
0.715
0.699
0.682
0.666
0.65
0.633
0.617
0.602
0.586
0.571
0.556
0.541
0.527
0.512
0.499
0.485
0.472
0.46
0.448
0.436
0.425
0.414
0.404
0.395
0.386
0.377
0.37
0.363
0.356
0.35
0.345
0.341
0.338
0.335
0.333
0.343
0.354
0.366
0.378
0.391
0.405
0.419
0.434
0.449
0.464
0.48
0.496
0.513
0.53
0.547
0.564
0.581
0.598
0.615
0.633
0.65
0.667
0.68
0.693
0.705
0.718
0.73
0.742
0.754
0.766
0.777
0.788
0.799
0.81
0.821
0.831
0.841
0.851
0.86
0.869
0.878
0.887
0.896
0.904
0.912
0.919
0.926
0.933
0.94
0.946
0.952
0.958
0.963
0.968
0.973
0.977
0.981
0.985
0.988
0.991
0.994
0.996
0.998
0.999
1.0
0.993
0.986
0.978
0.97
0.961
0.953
0.944
0.934
0.925
0.915
0.905
0.895
0.884
0.874
0.863
0.852
0.841
0.83
0.819
0.808
0.796
0.785
0.773
0.762
0.751
0.739
0.728
0.717
0.706
0.695
0.684
0.673
0.662
0.652
0.641
0.631
0.621
0.611
0.602
0.593
0.584
0.575
0.567
0.559
0.551
0.544
0.537
0.53
0.524
0.519
0.513
0.509
0.504
0.501
0.497
0.495
0.492
0.491
0.49
0.489
0.489
0.49
0.492
0.494
0.497
0.5
0.518
0.537
0.556
0.575
0.596
0.616
0.637
0.658
0.679
0.7
0.721
0.742
0.763
0.784
0.804
0.825
0.844
0.863
0.882
0.9
0.907
0.913
0.918
0.923
0.927
0.93
0.933
0.935
0.937
0.938
0.939
0.939
0.939
0.939
0.938
0.936
0.934
0.932
0.93
0.927
0.924
0.921
0.917
0.914
0.91
0.906
0.902
0.897
0.893
0.889
0.884
0.88
0.875
0.87
0.866
0.862
0.857
0.852
0.846
0.841
0.836
0.831
0.826
0.821
0.816
0.812
0.807
0.802
0.798
0.794
0.789
0.785
0.781
0.777
0.773
0.769
0.765
0.762
0.758
0.754
0.751
0.747
0.744
0.74
0.737
0.734
0.731
0.727
0.724
0.721
0.718
0.715
0.713
0.71
0.707
0.704
0.701
0.699
0.696
0.693
0.691
0.688
0.686
0.683
0.681
0.678
0.676
0.674
0.671
0.669
0.667
0.666
0.666
0.665
0.665
0.664
0.664
0.663
0.663
0.662
0.662
0.662
0.661
0.661
0.661
0.66
0.66
0.66
0.659
0.659
0.659
0.659
0.658
0.658
0.658
0.658
0.658
0.657
0.657
0.657
0.657
0.657
0.657
0.657
0.657
0.657
0.657
0.657
0.656
0.656
0.656
0.656
0.656
0.656
0.656
0.656
0.657
0.657
0.657
0.657
0.657
0.657
0.657
0.657
0.657
0.657
0.657
0.658
0.658
0.658
0.658
0.658
0.658
0.658
0.659
0.659
0.659
0.659
0.659
0.659
0.66
0.66
0.66
0.66
0.661
0.661
0.661
0.661
0.661
0.662
0.662
0.662
0.662
0.663
0.663
0.663
0.663
0.664
0.664
0.664
0.664
0.665
0.665
0.665
0.665
0.666
0.666
0.666
0.666
0.667
0.667
0.667
0.667
0.668
0.668
0.668
0.668
0.668
0.668
0.668
0.667
0.667
0.667
0.665
0.663
0.661
0.659
0.657
0.655
0.652
0.65
0.647
0.645
0.642
0.64
0.637
0.634
0.632
0.629
0.626
0.623
0.62
0.618
0.615
0.612
0.609
0.607
0.604
0.601
0.599
0.596
0.594
0.591
0.589
0.586
0.584
0.582
0.58
0.578
0.576
0.575
0.573
0.571
0.572
0.573
0.574
0.575
0.576
0.577
0.578
0.58
0.581
0.583
0.584
0.586
0.588
0.59
0.592
0.594
0.596
0.598
0.6
0.602
0.605
0.607
0.609
0.611
0.614
0.616
0.618
0.621
0.623
0.625
0.628
0.63
0.632
0.634
0.637
0.639
0.641
0.643
0.645
0.647
0.649
0.651
0.652
0.654
0.656
0.657
0.659
0.66
0.661
0.662
0.663
0.664
0.665
0.665
0.666
0.666
0.667
0.667
0.667
0.666
0.665
0.663
0.662
0.66
0.659
0.657
0.655
0.653
0.651
0.649
0.647
0.645
0.643
0.641
0.638
0.636
0.634
0.632
0.63
0.627
0.625
0.623
0.621
0.619
0.618
0.616
0.614
0.613
0.611
0.61
0.609
0.608
0.607
0.606
0.605
0.605
0.605
0.605
0.605
0.605
0.606
0.607
0.608
0.609
0.611
0.613
0.615
0.618
0.62
0.624
0.627
0.631
0.635
0.639
0.644
0.649
0.655
0.66
0.667
0.678
0.689
0.701
0.713
0.725
0.738
0.75
0.763
0.776
0.789
0.801
0.814
0.827
0.839
0.852
0.864
0.876
0.888
0.899
0.91
0.921
0.931
0.941
0.95
0.958
0.966
0.974
0.98
0.986
0.991
0.996
0.999
1.002
1.003
1.004
1.004
1.002
1.0
0.982
0.962
0.942
0.92
0.898
0.875
0.852
0.827
0.803
0.778
0.752
0.726
0.7
0.674
0.648
0.622
0.596
0.571
0.545
0.52
0.495
0.471
0.448
0.425
0.403
0.381
0.361
0.341
0.323
0.305
0.289
0.274
0.261
0.249
0.238
0.229
0.222
0.235
0.249
0.265
0.281
0.298
0.316
0.333
0.345
0.356
0.367
0.377
0.388
0.398
0.408
0.418
0.427
0.437
0.446
0.455
0.463
0.472
0.48
0.489
0.496
0.504
0.512
0.519
0.527
0.534
0.541
0.547
0.554
0.56
0.567
0.573
0.579
0.584
0.59
0.595
0.601
0.606
0.611
0.616
0.621
0.625
0.63
0.634
0.638
0.643
0.647
0.651
0.654
0.658
0.662
0.665
0.668
0.672
0.675
0.678
0.681
0.684
0.687
0.689
0.692
0.694
0.697
0.699
0.702
0.704
0.706
0.708
0.71
0.712
0.714
0.716
0.718
0.72
0.722
0.723
0.725
0.727
0.728
0.73
0.731
0.733
0.735
0.736
0.737
0.739
0.74
0.742
0.743
0.745
0.746
0.748
0.749
0.75
0.752
0.753
0.755
0.756
0.758
0.759
0.761
0.762
0.764
0.766
0.767
0.769
0.771
0.773
0.774
0.776
0.778
0.78
0.782
0.785
0.787
0.789
0.791
0.794
0.796
0.799
0.801
0.804
0.807
0.81
0.813
0.816
0.819
0.822
0.825
0.829
0.832
0.836
0.84
0.844
0.848
0.852
0.856
0.86
0.865
0.869
0.874
0.879
0.884
0.889
0.895
0.9
0.904
0.908
0.912
0.917
0.921
0.926
0.931
0.936
0.941
0.946
0.951
0.957
0.962
0.967
0.973
0.979
0.984
0.99
0.996
1.002
1.008
1.014
1.02
1.026
1.032
1.038
1.044
1.05
1.056
1.062
1.069
1.075
1.081
1.087
1.093
1.099
1.105
1.111
1.117
1.123
1.129
1.134
1.14
1.146
1.151
1.157
1.162
1.168
1.173
1.178
1.183
1.188
1.193
1.198
1.202
1.207
1.211
1.215
1.219
1.223
1.227
1.23
1.234
1.237
1.24
1.243
1.246
1.248
1.251
1.253
1.255
1.257
1.258
1.26
1.261
1.262
1.262
1.263
1.263
1.263
1.262
1.262
1.261
1.26
1.258
1.257
1.255
1.253
1.25
1.247
1.244
1.241
1.237
1.233
1.228
1.224
1.219
1.213
1.208
1.202
1.195
1.188
1.181
1.174
1.166
1.158
1.149
1.14
1.131
1.121
1.111
1.1
1.089
1.078
1.066
1.053
1.041
1.028
1.014
1.0
0.973
0.946
0.918
0.89
0.862
0.833
0.805
0.776
0.748
0.72
0.691
0.663
0.636
0.608
0.581
0.555
0.529
0.503
0.478
0.454
0.43
0.408
0.386
0.365
0.345
0.326
0.309
0.292
0.277
0.263
0.25
0.259
0.269
0.28
0.293
0.306
0.32
0.336
0.352
0.368
0.386
0.403
0.422
0.44
0.459
0.478
0.496
0.515
0.534
0.552
0.57
0.588
0.605
0.622
0.637
0.653
0.667
0.672
0.676
0.679
0.682
0.683
0.684
0.684
0.683
0.681
0.679
0.675
0.671
0.667
0.661
0.655
0.649
0.641
0.633
0.625
0.616
0.606
0.596
0.586
0.575
0.563
0.551
0.539
0.526
0.513
0.5
0.486
0.472
0.458
0.444
0.429
0.414
0.399
0.384
0.369
0.353
0.338
0.322
0.306
0.291
0.275
0.26
0.244
0.228
0.213
0.198
0.182
0.167
0.153
0.138
0.124
0.109
0.095
0.082
0.068
0.055
0.043
0.03
0.019
0.007
-0.004
-0.014
-0.025
-0.034
-0.043
-0.052
-0.06
-0.067
-0.074
-0.08
-0.085
-0.09
-0.094
-0.097
-0.1
-0.101
-0.102
-0.102
-0.102
-0.1
-0.098
-0.094
-0.09
-0.085
-0.079
-0.072
-0.064
-0.054
-0.044
-0.033
-0.02
-0.007
0.008
0.024
0.041
0.059
0.079
0.1
0.122
0.145
0.17
0.196
0.223
0.252
0.282
0.314
0.347
0.382
0.418
0.455
0.494
0.535
0.577
0.621
0.667
