1, 0.0;
2, 0.019;
3, 0.037;
4, 0.053;
5, 0.068;
6, 0.081;
7, 0.093;
8, 0.104;
9, 0.114;
10, 0.123;
11, 0.131;
12, 0.138;
13, 0.143;
14, 0.149;
15, 0.153;
16, 0.156;
17, 0.159;
18, 0.162;
19, 0.164;
20, 0.165;
21, 0.166;
22, 0.166;
23, 0.167;
24, 0.168;
25, 0.169;
26, 0.169;
27, 0.17;
28, 0.171;
29, 0.172;
30, 0.172;
31, 0.174;
32, 0.175;
33, 0.177;
34, 0.179;
35, 0.181;
36, 0.184;
37, 0.188;
38, 0.192;
39, 0.197;
40, 0.203;
41, 0.209;
42, 0.216;
43, 0.225;
44, 0.234;
45, 0.244;
46, 0.255;
47, 0.268;
48, 0.282;
49, 0.297;
50, 0.313;
51, 0.331;
52, 0.35;
53, 0.371;
54, 0.393;
55, 0.417;
56, 0.443;
57, 0.471;
58, 0.5;
59, 0.539;
60, 0.579;
61, 0.62;
62, 0.662;
63, 0.704;
64, 0.745;
65, 0.785;
66, 0.824;
67, 0.861;
68, 0.895;
69, 0.927;
70, 0.955;
71, 0.979;
72, 0.999;
73, 1.014;
74, 1.024;
75, 1.028;
76, 1.025;
77, 1.016;
78, 1.0;
79, 0.922;
80, 0.839;
81, 0.753;
82, 0.667;
83, 0.623;
84, 0.58;
85, 0.54;
86, 0.501;
87, 0.463;
88, 0.427;
89, 0.393;
90, 0.36;
91, 0.329;
92, 0.299;
93, 0.271;
94, 0.244;
95, 0.218;
96, 0.194;
97, 0.171;
98, 0.15;
99, 0.13;
100, 0.111;
101, 0.093;
102, 0.077;
103, 0.062;
104, 0.048;
105, 0.035;
106, 0.023;
107, 0.013;
108, 0.003;
109, -0.005;
110, -0.012;
111, -0.019;
112, -0.024;
113, -0.028;
114, -0.032;
115, -0.034;
116, -0.036;
117, -0.037;
118, -0.037;
119, -0.036;
120, -0.034;
121, -0.031;
122, -0.028;
123, -0.024;
124, -0.019;
125, -0.014;
126, -0.008;
127, -0.001;
128, 0.006;
129, 0.014;
130, 0.022;
131, 0.031;
132, 0.04;
133, 0.05;
134, 0.06;
135, 0.071;
136, 0.082;
137, 0.094;
138, 0.106;
139, 0.118;
140, 0.131;
141, 0.143;
142, 0.157;
143, 0.17;
144, 0.183;
145, 0.197;
146, 0.211;
147, 0.225;
148, 0.239;
149, 0.253;
150, 0.268;
151, 0.282;
152, 0.296;
153, 0.311;
154, 0.325;
155, 0.339;
156, 0.353;
157, 0.367;
158, 0.381;
159, 0.395;
160, 0.409;
161, 0.422;
162, 0.435;
163, 0.448;
164, 0.461;
165, 0.473;
166, 0.485;
167, 0.497;
168, 0.508;
169, 0.519;
170, 0.529;
171, 0.539;
172, 0.549;
173, 0.558;
174, 0.566;
175, 0.574;
176, 0.582;
177, 0.588;
178, 0.594;
179, 0.6;
180, 0.6;
181, 0.6;
182, 0.599;
183, 0.598;
184, 0.596;
185, 0.593;
186, 0.59;
187, 0.586;
188, 0.582;
189, 0.577;
190, 0.571;
191, 0.565;
192, 0.558;
193, 0.551;
194, 0.543;
195, 0.535;
196, 0.527;
197, 0.517;
198, 0.508;
199, 0.498;
200, 0.487;
201, 0.477;
202, 0.465;
203, 0.454;
204, 0.442;
205, 0.429;
206, 0.416;
207, 0.403;
208, 0.39;
209, 0.376;
210, 0.362;
211, 0.347;
212, 0.333;
213, 0.318;
214, 0.302;
215, 0.287;
216, 0.271;
217, 0.255;
218, 0.239;
219, 0.222;
220, 0.211;
221, 0.199;
222, 0.187;
223, 0.174;
224, 0.162;
225, 0.15;
226, 0.138;
227, 0.125;
228, 0.113;
229, 0.101;
230, 0.089;
231, 0.076;
232, 0.065;
233, 0.053;
234, 0.041;
235, 0.03;
236, 0.019;
237, 0.008;
238, -0.003;
239, -0.013;
240, -0.023;
241, -0.032;
242, -0.041;
243, -0.05;
244, -0.058;
245, -0.066;
246, -0.073;
247, -0.08;
248, -0.086;
249, -0.091;
250, -0.096;
251, -0.1;
252, -0.104;
253, -0.106;
254, -0.108;
255, -0.109;
256, -0.11;
257, -0.109;
258, -0.108;
259, -0.106;
260, -0.103;
261, -0.099;
262, -0.094;
263, -0.088;
264, -0.081;
265, -0.073;
266, -0.064;
267, -0.054;
268, -0.043;
269, -0.03;
270, -0.017;
271, -0.002;
272, 0.014;
273, 0.032;
274, 0.051;
275, 0.071;
276, 0.092;
277, 0.115;
278, 0.139;
279, 0.164;
280, 0.191;
281, 0.22;
282, 0.25;
283, 0.286;
284, 0.324;
285, 0.363;
286, 0.403;
287, 0.445;
288, 0.487;
289, 0.529;
290, 0.573;
291, 0.617;
292, 0.661;
293, 0.705;
294, 0.75;
295, 0.794;
296, 0.838;
297, 0.882;
298, 0.925;
299, 0.968;
300, 1.01;
301, 1.051;
302, 1.091;
303, 1.13;
304, 1.168;
305, 1.204;
306, 1.238;
307, 1.271;
308, 1.302;
309, 1.332;
310, 1.359;
311, 1.383;
312, 1.406;
313, 1.426;
314, 1.443;
315, 1.457;
316, 1.469;
317, 1.478;
318, 1.483;
319, 1.485;
320, 1.483;
321, 1.478;
322, 1.47;
323, 1.457;
324, 1.441;
325, 1.42;
326, 1.395;
327, 1.365;
328, 1.332;
329, 1.293;
330, 1.25;
331, 1.201;
332, 1.148;
333, 1.089;
334, 1.025;
335, 0.956;
336, 0.881;
337, 0.8;
338, 0.623;
339, 0.446;
340, 0.273;
341, 0.111;
342, 0.059;
343, 0.022;
344, -0.001;
345, -0.013;
346, -0.013;
347, -0.003;
348, 0.016;
349, 0.042;
350, 0.075;
351, 0.114;
352, 0.157;
353, 0.203;
354, 0.252;
355, 0.301;
356, 0.351;
357, 0.399;
358, 0.444;
359, 0.475;
360, 0.503;
361, 0.527;
362, 0.548;
363, 0.566;
364, 0.581;
365, 0.593;
366, 0.603;
367, 0.61;
368, 0.614;
369, 0.617;
370, 0.617;
371, 0.615;
372, 0.611;
373, 0.605;
374, 0.598;
375, 0.589;
376, 0.578;
377, 0.566;
378, 0.553;
379, 0.539;
380, 0.524;
381, 0.507;
382, 0.491;
383, 0.473;
384, 0.455;
385, 0.437;
386, 0.418;
387, 0.399;
388, 0.38;
389, 0.362;
390, 0.343;
391, 0.325;
392, 0.307;
393, 0.29;
394, 0.273;
395, 0.258;
396, 0.243;
397, 0.229;
398, 0.217;
399, 0.205;
400, 0.195;
401, 0.187;
402, 0.18;
403, 0.175;
404, 0.172;
405, 0.171;
406, 0.173;
407, 0.176;
408, 0.182;
409, 0.19;
410, 0.201;
411, 0.214;
412, 0.231;
413, 0.25;
414, 0.297;
415, 0.347;
416, 0.397;
417, 0.448;
418, 0.497;
419, 0.543;
420, 0.586;
421, 0.625;
422, 0.623;
423, 0.615;
424, 0.603;
425, 0.587;
426, 0.567;
427, 0.543;
428, 0.517;
429, 0.487;
430, 0.456;
431, 0.424;
432, 0.39;
433, 0.355;
434, 0.32;
435, 0.286;
436, 0.263;
437, 0.242;
438, 0.221;
439, 0.2;
440, 0.18;
441, 0.161;
442, 0.142;
443, 0.124;
444, 0.107;
445, 0.09;
446, 0.073;
447, 0.057;
448, 0.042;
449, 0.027;
450, 0.013;
451, -0.001;
452, -0.014;
453, -0.027;
454, -0.04;
455, -0.051;
456, -0.063;
457, -0.074;
458, -0.084;
459, -0.094;
460, -0.103;
461, -0.112;
462, -0.121;
463, -0.129;
464, -0.136;
465, -0.144;
466, -0.15;
467, -0.157;
468, -0.163;
469, -0.168;
470, -0.173;
471, -0.178;
472, -0.183;
473, -0.187;
474, -0.19;
475, -0.193;
476, -0.196;
477, -0.199;
478, -0.201;
479, -0.203;
480, -0.204;
481, -0.206;
482, -0.206;
483, -0.207;
484, -0.207;
485, -0.207;
486, -0.207;
487, -0.206;
488, -0.205;
489, -0.204;
490, -0.202;
491, -0.201;
492, -0.199;
493, -0.196;
494, -0.194;
495, -0.191;
496, -0.188;
497, -0.185;
498, -0.181;
499, -0.178;
500, -0.174;
501, -0.17;
502, -0.166;
503, -0.161;
504, -0.156;
505, -0.152;
506, -0.147;
507, -0.141;
508, -0.136;
509, -0.131;
510, -0.125;
511, -0.119;
512, -0.113;
513, -0.107;
514, -0.101;
515, -0.095;
516, -0.089;
517, -0.082;
518, -0.076;
519, -0.069;
520, -0.062;
521, -0.056;
522, -0.049;
523, -0.042;
524, -0.035;
525, -0.028;
526, -0.021;
527, -0.014;
528, -0.006;
529, 0.001;
530, 0.008;
531, 0.015;
532, 0.022;
533, 0.03;
534, 0.037;
535, 0.044;
536, 0.051;
537, 0.058;
538, 0.065;
539, 0.072;
540, 0.079;
541, 0.086;
542, 0.093;
543, 0.1;
544, 0.107;
545, 0.114;
546, 0.12;
547, 0.127;
548, 0.133;
549, 0.14;
550, 0.146;
551, 0.152;
552, 0.158;
553, 0.164;
554, 0.17;
555, 0.175;
556, 0.181;
557, 0.186;
558, 0.191;
559, 0.196;
560, 0.201;
561, 0.206;
562, 0.21;
563, 0.214;
564, 0.218;
565, 0.222;
566, 0.227;
567, 0.231;
568, 0.236;
569, 0.24;
570, 0.244;
571, 0.247;
572, 0.251;
573, 0.254;
574, 0.257;
575, 0.26;
576, 0.263;
577, 0.266;
578, 0.268;
579, 0.27;
580, 0.273;
581, 0.275;
582, 0.276;
583, 0.278;
584, 0.28;
585, 0.281;
586, 0.282;
587, 0.284;
588, 0.285;
589, 0.285;
590, 0.286;
591, 0.287;
592, 0.287;
593, 0.288;
594, 0.288;
595, 0.288;
596, 0.288;
597, 0.289;
598, 0.288;
599, 0.288;
600, 0.288;
601, 0.288;
602, 0.287;
603, 0.287;
604, 0.286;
605, 0.286;
606, 0.285;
607, 0.283;
608, 0.282;
609, 0.281;
610, 0.279;
611, 0.278;
612, 0.276;
613, 0.275;
614, 0.273;
615, 0.272;
616, 0.27;
617, 0.269;
618, 0.267;
619, 0.265;
620, 0.264;
621, 0.262;
622, 0.26;
623, 0.259;
624, 0.257;
625, 0.256;
626, 0.254;
627, 0.252;
628, 0.251;
629, 0.249;
630, 0.248;
631, 0.246;
632, 0.245;
633, 0.243;
634, 0.242;
635, 0.241;
636, 0.239;
637, 0.238;
638, 0.237;
639, 0.236;
640, 0.235;
641, 0.234;
642, 0.233;
643, 0.232;
644, 0.232;
645, 0.231;
646, 0.23;
647, 0.23;
648, 0.23;
649, 0.229;
650, 0.229;
651, 0.229;
652, 0.229;
653, 0.23;
654, 0.23;
655, 0.23;
656, 0.231;
657, 0.232;
658, 0.232;
659, 0.233;
660, 0.235;
661, 0.236;
662, 0.237;
663, 0.239;
664, 0.241;
665, 0.242;
666, 0.245;
667, 0.247;
668, 0.249;
669, 0.252;
670, 0.255;
671, 0.258;
672, 0.261;
673, 0.264;
674, 0.268;
675, 0.271;
676, 0.275;
677, 0.279;
678, 0.284;
679, 0.288;
680, 0.293;
681, 0.298;
682, 0.304;
683, 0.309;
684, 0.315;
685, 0.321;
686, 0.327;
687, 0.333;
688, 0.346;
689, 0.359;
690, 0.372;
691, 0.385;
692, 0.399;
693, 0.412;
694, 0.426;
695, 0.44;
696, 0.454;
697, 0.468;
698, 0.482;
699, 0.496;
700, 0.511;
701, 0.525;
702, 0.539;
703, 0.553;
704, 0.568;
705, 0.582;
706, 0.596;
707, 0.61;
708, 0.624;
709, 0.637;
710, 0.651;
711, 0.664;
712, 0.678;
713, 0.691;
714, 0.703;
715, 0.716;
716, 0.728;
717, 0.74;
718, 0.752;
719, 0.764;
720, 0.775;
721, 0.786;
722, 0.796;
723, 0.806;
724, 0.816;
725, 0.825;
726, 0.834;
727, 0.842;
728, 0.85;
729, 0.857;
730, 0.854;
731, 0.85;
732, 0.846;
733, 0.841;
734, 0.836;
735, 0.831;
736, 0.825;
737, 0.818;
738, 0.812;
739, 0.805;
740, 0.797;
741, 0.79;
742, 0.781;
743, 0.773;
744, 0.764;
745, 0.756;
746, 0.746;
747, 0.737;
748, 0.727;
749, 0.718;
750, 0.708;
751, 0.698;
752, 0.687;
753, 0.677;
754, 0.666;
755, 0.656;
756, 0.645;
757, 0.634;
758, 0.623;
759, 0.612;
760, 0.601;
761, 0.591;
762, 0.58;
763, 0.569;
764, 0.558;
765, 0.547;
766, 0.537;
767, 0.526;
768, 0.516;
769, 0.505;
770, 0.495;
771, 0.485;
772, 0.475;
773, 0.465;
774, 0.456;
775, 0.447;
776, 0.438;
777, 0.429;
778, 0.421;
779, 0.412;
780, 0.404;
781, 0.397;
782, 0.39;
783, 0.383;
784, 0.376;
785, 0.37;
786, 0.365;
787, 0.359;
788, 0.354;
789, 0.35;
790, 0.346;
791, 0.343;
792, 0.34;
793, 0.337;
794, 0.336;
795, 0.334;
796, 0.334;
797, 0.333;
798, 0.345;
799, 0.358;
800, 0.371;
801, 0.384;
802, 0.398;
803, 0.412;
804, 0.427;
805, 0.442;
806, 0.458;
807, 0.474;
808, 0.49;
809, 0.507;
810, 0.523;
811, 0.54;
812, 0.557;
813, 0.575;
814, 0.592;
815, 0.61;
816, 0.627;
817, 0.645;
818, 0.662;
819, 0.68;
820, 0.697;
821, 0.715;
822, 0.732;
823, 0.749;
824, 0.766;
825, 0.783;
826, 0.8;
827, 0.816;
828, 0.832;
829, 0.848;
830, 0.863;
831, 0.878;
832, 0.893;
833, 0.907;
834, 0.92;
835, 0.933;
836, 0.946;
837, 0.958;
838, 0.969;
839, 0.98;
840, 0.99;
841, 1.0;
842, 0.996;
843, 0.992;
844, 0.987;
845, 0.982;
846, 0.976;
847, 0.969;
848, 0.962;
849, 0.954;
850, 0.946;
851, 0.937;
852, 0.927;
853, 0.918;
854, 0.907;
855, 0.897;
856, 0.886;
857, 0.874;
858, 0.863;
859, 0.851;
860, 0.838;
861, 0.826;
862, 0.813;
863, 0.8;
864, 0.787;
865, 0.773;
866, 0.76;
867, 0.746;
868, 0.732;
869, 0.718;
870, 0.705;
871, 0.691;
872, 0.677;
873, 0.663;
874, 0.649;
875, 0.635;
876, 0.621;
877, 0.607;
878, 0.594;
879, 0.581;
880, 0.567;
881, 0.554;
882, 0.542;
883, 0.529;
884, 0.517;
885, 0.505;
886, 0.493;
887, 0.482;
888, 0.471;
889, 0.46;
890, 0.45;
891, 0.44;
892, 0.431;
893, 0.422;
894, 0.414;
895, 0.406;
896, 0.399;
897, 0.392;
898, 0.386;
899, 0.381;
900, 0.376;
901, 0.372;
902, 0.369;
903, 0.366;
904, 0.364;
905, 0.363;
906, 0.362;
907, 0.362;
908, 0.364;
909, 0.38;
910, 0.398;
911, 0.416;
912, 0.435;
913, 0.455;
914, 0.475;
915, 0.496;
916, 0.516;
917, 0.537;
918, 0.559;
919, 0.58;
920, 0.601;
921, 0.623;
922, 0.644;
923, 0.665;
924, 0.686;
925, 0.707;
926, 0.727;
927, 0.735;
928, 0.743;
929, 0.75;
930, 0.757;
931, 0.763;
932, 0.769;
933, 0.775;
934, 0.78;
935, 0.785;
936, 0.789;
937, 0.793;
938, 0.797;
939, 0.8;
940, 0.803;
941, 0.805;
942, 0.807;
943, 0.809;
944, 0.811;
945, 0.812;
946, 0.812;
947, 0.813;
948, 0.813;
949, 0.813;
950, 0.812;
951, 0.812;
952, 0.811;
953, 0.809;
954, 0.808;
955, 0.806;
956, 0.804;
957, 0.801;
958, 0.799;
959, 0.796;
960, 0.793;
961, 0.79;
962, 0.786;
963, 0.782;
964, 0.778;
965, 0.774;
966, 0.77;
967, 0.765;
968, 0.761;
969, 0.756;
970, 0.751;
971, 0.746;
972, 0.74;
973, 0.735;
974, 0.729;
975, 0.723;
976, 0.717;
977, 0.711;
978, 0.705;
979, 0.699;
980, 0.693;
981, 0.686;
982, 0.68;
983, 0.673;
984, 0.666;
985, 0.66;
986, 0.653;
987, 0.646;
988, 0.639;
989, 0.632;
990, 0.625;
991, 0.618;
992, 0.611;
993, 0.604;
994, 0.597;
995, 0.59;
996, 0.583;
997, 0.576;
998, 0.569;
999, 0.562;
1000, 0.555;
1001, 0.548;
1002, 0.541;
1003, 0.534;
1004, 0.527;
1005, 0.521;
1006, 0.514;
1007, 0.508;
1008, 0.501;
1009, 0.495;
1010, 0.488;
1011, 0.482;
1012, 0.476;
1013, 0.47;
1014, 0.464;
1015, 0.459;
1016, 0.453;
1017, 0.448;
1018, 0.443;
1019, 0.438;
1020, 0.433;
1021, 0.428;
1022, 0.423;
1023, 0.419;
1024, 0.415;
1025, 0.411;
1026, 0.407;
1027, 0.403;
1028, 0.4;
1029, 0.399;
1030, 0.399;
1031, 0.399;
1032, 0.399;
1033, 0.399;
1034, 0.4;
1035, 0.4;
1036, 0.401;
1037, 0.402;
1038, 0.403;
1039, 0.405;
1040, 0.406;
1041, 0.408;
1042, 0.409;
1043, 0.411;
1044, 0.413;
1045, 0.415;
1046, 0.418;
1047, 0.42;
1048, 0.422;
1049, 0.425;
1050, 0.427;
1051, 0.43;
1052, 0.432;
1053, 0.435;
1054, 0.438;
1055, 0.441;
1056, 0.443;
1057, 0.446;
1058, 0.449;
1059, 0.452;
1060, 0.455;
1061, 0.458;
1062, 0.46;
1063, 0.463;
1064, 0.466;
1065, 0.469;
1066, 0.472;
1067, 0.474;
1068, 0.477;
1069, 0.479;
1070, 0.482;
1071, 0.484;
1072, 0.487;
1073, 0.489;
1074, 0.491;
1075, 0.493;
1076, 0.495;
1077, 0.497;
1078, 0.498;
1079, 0.5;
1080, 0.5;
1081, 0.5;
1082, 0.499;
1083, 0.498;
1084, 0.498;
1085, 0.497;
1086, 0.496;
1087, 0.495;
1088, 0.494;
1089, 0.492;
1090, 0.491;
1091, 0.489;
1092, 0.488;
1093, 0.486;
1094, 0.484;
1095, 0.482;
1096, 0.48;
1097, 0.478;
1098, 0.476;
1099, 0.473;
1100, 0.471;
1101, 0.468;
1102, 0.466;
1103, 0.463;
1104, 0.46;
1105, 0.457;
1106, 0.455;
1107, 0.452;
1108, 0.449;
1109, 0.445;
1110, 0.442;
1111, 0.439;
1112, 0.436;
1113, 0.432;
1114, 0.429;
1115, 0.426;
1116, 0.422;
1117, 0.419;
1118, 0.415;
1119, 0.412;
1120, 0.408;
1121, 0.404;
1122, 0.401;
1123, 0.397;
1124, 0.393;
1125, 0.39;
1126, 0.386;
1127, 0.382;
1128, 0.378;
1129, 0.375;
1130, 0.371;
1131, 0.367;
1132, 0.363;
1133, 0.359;
1134, 0.356;
1135, 0.352;
1136, 0.348;
1137, 0.344;
1138, 0.341;
1139, 0.337;
1140, 0.333;
1141, 0.33;
1142, 0.326;
1143, 0.322;
1144, 0.319;
1145, 0.315;
1146, 0.312;
1147, 0.308;
1148, 0.305;
1149, 0.301;
1150, 0.298;
1151, 0.295;
1152, 0.292;
1153, 0.288;
1154, 0.285;
1155, 0.282;
1156, 0.279;
1157, 0.276;
1158, 0.273;
1159, 0.271;
1160, 0.268;
1161, 0.265;
1162, 0.263;
1163, 0.26;
1164, 0.258;
1165, 0.256;
1166, 0.254;
1167, 0.251;
1168, 0.249;
1169, 0.248;
1170, 0.246;
1171, 0.244;
1172, 0.242;
1173, 0.241;
1174, 0.24;
1175, 0.238;
1176, 0.237;
1177, 0.236;
1178, 0.235;
1179, 0.235;
1180, 0.234;
1181, 0.234;
1182, 0.233;
1183, 0.233;
1184, 0.233;
1185, 0.233;
1186, 0.233;
1187, 0.234;
1188, 0.234;
1189, 0.235;
1190, 0.236;
1191, 0.237;
1192, 0.238;
1193, 0.239;
1194, 0.241;
1195, 0.242;
1196, 0.244;
1197, 0.246;
1198, 0.248;
1199, 0.251;
1200, 0.253;
1201, 0.256;
1202, 0.259;
1203, 0.262;
1204, 0.265;
1205, 0.269;
1206, 0.272;
1207, 0.276;
1208, 0.28;
1209, 0.285;
1210, 0.289;
1211, 0.294;
1212, 0.299;
1213, 0.304;
1214, 0.309;
1215, 0.315;
1216, 0.321;
1217, 0.327;
1218, 0.333;
1219, 0.344;
1220, 0.355;
1221, 0.366;
1222, 0.377;
1223, 0.388;
1224, 0.399;
1225, 0.41;
1226, 0.42;
1227, 0.43;
1228, 0.44;
1229, 0.449;
1230, 0.458;
1231, 0.466;
1232, 0.474;
1233, 0.481;
1234, 0.487;
1235, 0.492;
1236, 0.496;
1237, 0.499;
1238, 0.501;
1239, 0.502;
1240, 0.502;
1241, 0.5;
1242, 0.484;
1243, 0.466;
1244, 0.447;
1245, 0.428;
1246, 0.408;
1247, 0.387;
1248, 0.366;
1249, 0.344;
1250, 0.323;
1251, 0.301;
1252, 0.28;
1253, 0.259;
1254, 0.239;
1255, 0.22;
1256, 0.201;
1257, 0.183;
1258, 0.167;
1259, 0.169;
1260, 0.172;
1261, 0.177;
1262, 0.183;
1263, 0.189;
1264, 0.197;
1265, 0.207;
1266, 0.217;
1267, 0.228;
1268, 0.24;
1269, 0.252;
1270, 0.266;
1271, 0.28;
1272, 0.295;
1273, 0.311;
1274, 0.327;
1275, 0.344;
1276, 0.361;
1277, 0.379;
1278, 0.397;
1279, 0.415;
1280, 0.434;
1281, 0.453;
1282, 0.472;
1283, 0.491;
1284, 0.511;
1285, 0.53;
1286, 0.55;
1287, 0.569;
1288, 0.589;
1289, 0.608;
1290, 0.627;
1291, 0.646;
1292, 0.664;
1293, 0.682;
1294, 0.7;
1295, 0.717;
1296, 0.734;
1297, 0.75;
1298, 0.755;
1299, 0.76;
1300, 0.764;
1301, 0.768;
1302, 0.771;
1303, 0.774;
1304, 0.776;
1305, 0.777;
1306, 0.779;
1307, 0.779;
1308, 0.779;
1309, 0.779;
1310, 0.778;
1311, 0.777;
1312, 0.775;
1313, 0.773;
1314, 0.77;
1315, 0.767;
1316, 0.764;
1317, 0.76;
1318, 0.756;
1319, 0.752;
1320, 0.747;
1321, 0.742;
1322, 0.737;
1323, 0.731;
1324, 0.725;
1325, 0.719;
1326, 0.713;
1327, 0.706;
1328, 0.699;
1329, 0.692;
1330, 0.685;
1331, 0.677;
1332, 0.669;
1333, 0.661;
1334, 0.653;
1335, 0.645;
1336, 0.636;
1337, 0.628;
1338, 0.619;
1339, 0.61;
1340, 0.601;
1341, 0.593;
1342, 0.583;
1343, 0.574;
1344, 0.565;
1345, 0.556;
1346, 0.547;
1347, 0.538;
1348, 0.528;
1349, 0.519;
1350, 0.51;
1351, 0.501;
1352, 0.492;
1353, 0.483;
1354, 0.474;
1355, 0.465;
1356, 0.456;
1357, 0.448;
1358, 0.439;
1359, 0.431;
1360, 0.422;
1361, 0.414;
1362, 0.406;
1363, 0.399;
1364, 0.391;
1365, 0.384;
1366, 0.376;
1367, 0.369;
1368, 0.363;
1369, 0.356;
1370, 0.35;
1371, 0.344;
1372, 0.339;
1373, 0.333;
1374, 0.331;
1375, 0.329;
1376, 0.327;
1377, 0.326;
1378, 0.325;
1379, 0.324;
1380, 0.323;
1381, 0.323;
1382, 0.323;
1383, 0.322;
1384, 0.323;
1385, 0.323;
1386, 0.323;
1387, 0.324;
1388, 0.325;
1389, 0.325;
1390, 0.326;
1391, 0.327;
1392, 0.328;
1393, 0.329;
1394, 0.331;
1395, 0.332;
1396, 0.333;
1397, 0.334;
1398, 0.335;
1399, 0.337;
1400, 0.338;
1401, 0.339;
1402, 0.34;
1403, 0.341;
1404, 0.342;
1405, 0.343;
1406, 0.343;
1407, 0.344;
1408, 0.344;
1409, 0.344;
1410, 0.345;
1411, 0.344;
1412, 0.344;
1413, 0.344;
1414, 0.343;
1415, 0.342;
1416, 0.341;
1417, 0.339;
1418, 0.338;
1419, 0.336;
1420, 0.333;
1421, 0.328;
1422, 0.322;
1423, 0.316;
1424, 0.309;
1425, 0.303;
1426, 0.296;
1427, 0.289;
1428, 0.282;
1429, 0.276;
1430, 0.269;
1431, 0.262;
1432, 0.255;
1433, 0.249;
1434, 0.242;
1435, 0.236;
1436, 0.23;
1437, 0.224;
1438, 0.218;
1439, 0.213;
1440, 0.208;
1441, 0.204;
1442, 0.2;
1443, 0.205;
1444, 0.21;
1445, 0.215;
1446, 0.221;
1447, 0.227;
1448, 0.234;
1449, 0.241;
1450, 0.249;
1451, 0.257;
1452, 0.265;
1453, 0.273;
1454, 0.282;
1455, 0.291;
1456, 0.301;
1457, 0.31;
1458, 0.32;
1459, 0.33;
1460, 0.341;
1461, 0.351;
1462, 0.362;
1463, 0.373;
1464, 0.385;
1465, 0.396;
1466, 0.407;
1467, 0.419;
1468, 0.431;
1469, 0.443;
1470, 0.455;
1471, 0.467;
1472, 0.479;
1473, 0.491;
1474, 0.503;
1475, 0.515;
1476, 0.527;
1477, 0.539;
1478, 0.552;
1479, 0.564;
1480, 0.576;
1481, 0.588;
1482, 0.6;
1483, 0.611;
1484, 0.623;
1485, 0.635;
1486, 0.646;
1487, 0.657;
1488, 0.669;
1489, 0.68;
1490, 0.69;
1491, 0.701;
1492, 0.711;
1493, 0.721;
1494, 0.731;
1495, 0.741;
1496, 0.75;
1497, 0.754;
1498, 0.758;
1499, 0.761;
1500, 0.764;
1501, 0.766;
1502, 0.769;
1503, 0.771;
1504, 0.772;
1505, 0.774;
1506, 0.774;
1507, 0.775;
1508, 0.775;
1509, 0.774;
1510, 0.773;
1511, 0.772;
1512, 0.77;
1513, 0.768;
1514, 0.766;
1515, 0.762;
1516, 0.759;
1517, 0.755;
1518, 0.75;
1519, 0.737;
1520, 0.724;
1521, 0.71;
1522, 0.695;
1523, 0.68;
1524, 0.665;
1525, 0.65;
1526, 0.634;
1527, 0.618;
1528, 0.602;
1529, 0.585;
1530, 0.569;
1531, 0.552;
1532, 0.535;
1533, 0.518;
1534, 0.501;
1535, 0.484;
1536, 0.467;
1537, 0.45;
1538, 0.433;
1539, 0.416;
1540, 0.4;
1541, 0.384;
1542, 0.367;
1543, 0.351;
1544, 0.336;
1545, 0.321;
1546, 0.306;
1547, 0.291;
1548, 0.277;
1549, 0.263;
1550, 0.25;
1551, 0.246;
1552, 0.243;
1553, 0.24;
1554, 0.238;
1555, 0.236;
1556, 0.235;
1557, 0.234;
1558, 0.233;
1559, 0.233;
1560, 0.233;
1561, 0.234;
1562, 0.235;
1563, 0.236;
1564, 0.238;
1565, 0.24;
1566, 0.242;
1567, 0.245;
1568, 0.248;
1569, 0.251;
1570, 0.254;
1571, 0.258;
1572, 0.262;
1573, 0.266;
1574, 0.27;
1575, 0.275;
1576, 0.28;
1577, 0.285;
1578, 0.29;
1579, 0.295;
1580, 0.3;
1581, 0.305;
1582, 0.311;
1583, 0.316;
1584, 0.322;
1585, 0.328;
1586, 0.333;
1587, 0.34;
1588, 0.348;
1589, 0.355;
1590, 0.362;
1591, 0.369;
1592, 0.376;
1593, 0.384;
1594, 0.391;
1595, 0.398;
1596, 0.405;
1597, 0.412;
1598, 0.419;
1599, 0.427;
1600, 0.434;
1601, 0.441;
1602, 0.448;
1603, 0.455;
1604, 0.462;
1605, 0.469;
1606, 0.476;
1607, 0.482;
1608, 0.489;
1609, 0.496;
1610, 0.503;
1611, 0.509;
1612, 0.516;
1613, 0.522;
1614, 0.528;
1615, 0.535;
1616, 0.541;
1617, 0.547;
1618, 0.553;
1619, 0.559;
1620, 0.564;
1621, 0.57;
1622, 0.575;
1623, 0.581;
1624, 0.586;
1625, 0.591;
1626, 0.596;
1627, 0.601;
1628, 0.606;
1629, 0.61;
1630, 0.615;
1631, 0.619;
1632, 0.623;
1633, 0.627;
1634, 0.631;
1635, 0.635;
1636, 0.638;
1637, 0.642;
1638, 0.645;
1639, 0.648;
1640, 0.65;
1641, 0.653;
1642, 0.655;
1643, 0.657;
1644, 0.659;
1645, 0.661;
1646, 0.662;
1647, 0.664;
1648, 0.665;
1649, 0.666;
1650, 0.666;
1651, 0.667;
1652, 0.667;
1653, 0.661;
1654, 0.656;
1655, 0.65;
1656, 0.645;
1657, 0.639;
1658, 0.632;
1659, 0.626;
1660, 0.619;
1661, 0.613;
1662, 0.606;
1663, 0.599;
1664, 0.592;
1665, 0.584;
1666, 0.577;
1667, 0.57;
1668, 0.562;
1669, 0.555;
1670, 0.547;
1671, 0.539;
1672, 0.532;
1673, 0.524;
1674, 0.516;
1675, 0.509;
1676, 0.501;
1677, 0.493;
1678, 0.485;
1679, 0.478;
1680, 0.47;
1681, 0.463;
1682, 0.455;
1683, 0.448;
1684, 0.441;
1685, 0.434;
1686, 0.427;
1687, 0.42;
1688, 0.413;
1689, 0.406;
1690, 0.4;
1691, 0.394;
1692, 0.388;
1693, 0.382;
1694, 0.376;
1695, 0.371;
1696, 0.366;
1697, 0.361;
1698, 0.356;
1699, 0.352;
1700, 0.348;
1701, 0.344;
1702, 0.34;
1703, 0.337;
1704, 0.334;
1705, 0.332;
1706, 0.329;
1707, 0.327;
1708, 0.326;
1709, 0.325;
1710, 0.324;
1711, 0.324;
1712, 0.324;
1713, 0.324;
1714, 0.325;
1715, 0.326;
1716, 0.328;
1717, 0.331;
1718, 0.333;
1719, 0.345;
1720, 0.358;
1721, 0.371;
1722, 0.384;
1723, 0.397;
1724, 0.411;
1725, 0.424;
1726, 0.437;
1727, 0.451;
1728, 0.464;
1729, 0.476;
1730, 0.488;
1731, 0.5;
1732, 0.503;
1733, 0.505;
1734, 0.507;
1735, 0.508;
1736, 0.508;
1737, 0.509;
1738, 0.508;
1739, 0.508;
1740, 0.507;
1741, 0.505;
1742, 0.503;
1743, 0.501;
1744, 0.498;
1745, 0.495;
1746, 0.491;
1747, 0.488;
1748, 0.484;
1749, 0.479;
1750, 0.475;
1751, 0.47;
1752, 0.465;
1753, 0.46;
1754, 0.454;
1755, 0.448;
1756, 0.443;
1757, 0.437;
1758, 0.43;
1759, 0.424;
1760, 0.418;
1761, 0.411;
1762, 0.405;
1763, 0.398;
1764, 0.392;
1765, 0.385;
1766, 0.378;
1767, 0.372;
1768, 0.365;
1769, 0.359;
1770, 0.352;
1771, 0.346;
1772, 0.34;
1773, 0.333;
1774, 0.327;
1775, 0.321;
1776, 0.315;
1777, 0.31;
1778, 0.305;
1779, 0.3;
1780, 0.296;
1781, 0.292;
1782, 0.289;
1783, 0.287;
1784, 0.286;
1785, 0.297;
1786, 0.308;
1787, 0.321;
1788, 0.334;
1789, 0.348;
1790, 0.363;
1791, 0.378;
1792, 0.394;
1793, 0.41;
1794, 0.427;
1795, 0.445;
1796, 0.463;
1797, 0.482;
1798, 0.5;
1799, 0.52;
1800, 0.539;
1801, 0.559;
1802, 0.58;
1803, 0.6;
1804, 0.621;
1805, 0.642;
1806, 0.663;
1807, 0.685;
1808, 0.706;
1809, 0.728;
1810, 0.749;
1811, 0.771;
1812, 0.792;
1813, 0.814;
1814, 0.835;
1815, 0.856;
1816, 0.878;
1817, 0.899;
1818, 0.919;
1819, 0.94;
1820, 0.96;
1821, 0.98;
1822, 1.0;
1823, 1.007;
1824, 1.014;
1825, 1.021;
1826, 1.027;
1827, 1.033;
1828, 1.039;
1829, 1.044;
1830, 1.049;
1831, 1.054;
1832, 1.058;
1833, 1.062;
1834, 1.066;
1835, 1.069;
1836, 1.072;
1837, 1.075;
1838, 1.077;
1839, 1.079;
1840, 1.081;
1841, 1.082;
1842, 1.084;
1843, 1.084;
1844, 1.085;
1845, 1.085;
1846, 1.086;
1847, 1.085;
1848, 1.085;
1849, 1.084;
1850, 1.083;
1851, 1.082;
1852, 1.08;
1853, 1.079;
1854, 1.077;
1855, 1.074;
1856, 1.072;
1857, 1.069;
1858, 1.066;
1859, 1.063;
1860, 1.059;
1861, 1.056;
1862, 1.052;
1863, 1.048;
1864, 1.044;
1865, 1.039;
1866, 1.034;
1867, 1.03;
1868, 1.024;
1869, 1.019;
1870, 1.014;
1871, 1.008;
1872, 1.002;
1873, 0.996;
1874, 0.99;
1875, 0.984;
1876, 0.977;
1877, 0.971;
1878, 0.964;
1879, 0.957;
1880, 0.95;
1881, 0.942;
1882, 0.935;
1883, 0.927;
1884, 0.92;
1885, 0.912;
1886, 0.904;
1887, 0.896;
1888, 0.888;
1889, 0.879;
1890, 0.871;
1891, 0.862;
1892, 0.854;
1893, 0.845;
1894, 0.836;
1895, 0.827;
1896, 0.818;
1897, 0.809;
1898, 0.8;
1899, 0.791;
1900, 0.781;
1901, 0.772;
1902, 0.763;
1903, 0.753;
1904, 0.743;
1905, 0.734;
1906, 0.724;
1907, 0.714;
1908, 0.704;
1909, 0.695;
1910, 0.685;
1911, 0.675;
1912, 0.665;
1913, 0.655;
1914, 0.645;
1915, 0.635;
1916, 0.625;
1917, 0.615;
1918, 0.605;
1919, 0.594;
1920, 0.584;
1921, 0.574;
1922, 0.564;
1923, 0.554;
1924, 0.544;
1925, 0.534;
1926, 0.524;
1927, 0.514;
1928, 0.504;
1929, 0.494;
1930, 0.484;
1931, 0.475;
1932, 0.465;
1933, 0.455;
1934, 0.445;
1935, 0.436;
1936, 0.426;
1937, 0.417;
1938, 0.408;
1939, 0.398;
1940, 0.39;
1941, 0.381;
1942, 0.372;
1943, 0.363;
1944, 0.354;
1945, 0.346;
1946, 0.337;
1947, 0.329;
1948, 0.321;
1949, 0.313;
1950, 0.305;
1951, 0.297;
1952, 0.289;
1953, 0.281;
1954, 0.274;
1955, 0.267;
1956, 0.259;
1957, 0.252;
1958, 0.245;
1959, 0.239;
1960, 0.232;
1961, 0.226;
1962, 0.219;
1963, 0.213;
1964, 0.207;
1965, 0.202;
1966, 0.196;
1967, 0.191;
1968, 0.185;
1969, 0.18;
1970, 0.176;
1971, 0.171;
1972, 0.167;
1973, 0.163;
1974, 0.159;
1975, 0.155;
1976, 0.151;
1977, 0.148;
1978, 0.145;
1979, 0.142;
1980, 0.14;
1981, 0.137;
1982, 0.135;
1983, 0.134;
1984, 0.132;
1985, 0.131;
1986, 0.13;
1987, 0.129;
1988, 0.129;
1989, 0.128;
1990, 0.128;
1991, 0.129;
1992, 0.13;
1993, 0.13;
1994, 0.132;
1995, 0.133;
1996, 0.135;
1997, 0.137;
1998, 0.14;
1999, 0.143;
2000, 0.153;
2001, 0.163;
2002, 0.174;
2003, 0.185;
2004, 0.196;
2005, 0.208;
2006, 0.22;
2007, 0.232;
2008, 0.244;
2009, 0.257;
2010, 0.269;
2011, 0.282;
2012, 0.295;
2013, 0.309;
2014, 0.322;
2015, 0.336;
2016, 0.35;
2017, 0.364;
2018, 0.378;
2019, 0.392;
2020, 0.406;
2021, 0.421;
2022, 0.435;
2023, 0.45;
2024, 0.464;
2025, 0.479;
2026, 0.493;
2027, 0.508;
2028, 0.523;
2029, 0.538;
2030, 0.552;
2031, 0.567;
2032, 0.582;
2033, 0.596;
2034, 0.611;
2035, 0.625;
2036, 0.64;
2037, 0.654;
2038, 0.668;
2039, 0.683;
2040, 0.697;
2041, 0.71;
2042, 0.724;
2043, 0.738;
2044, 0.751;
2045, 0.764;
2046, 0.778;
2047, 0.79;
2048, 0.803;
2049, 0.816;
2050, 0.828;
2051, 0.84;
2052, 0.851;
2053, 0.863;
2054, 0.874;
2055, 0.885;
2056, 0.896;
2057, 0.906;
2058, 0.916;
2059, 0.926;
2060, 0.935;
2061, 0.944;
2062, 0.952;
2063, 0.961;
2064, 0.968;
2065, 0.976;
2066, 0.983;
2067, 0.99;
2068, 0.996;
2069, 1.001;
2070, 1.007;
2071, 1.012;
2072, 1.016;
2073, 1.02;
2074, 1.023;
2075, 1.026;
2076, 1.028;
2077, 1.03;
2078, 1.031;
2079, 1.032;
2080, 1.032;
2081, 1.032;
2082, 1.031;
2083, 1.029;
2084, 1.027;
2085, 1.024;
2086, 1.02;
2087, 1.016;
2088, 1.012;
2089, 1.006;
2090, 1.0;
2091, 0.975;
2092, 0.95;
2093, 0.924;
2094, 0.897;
2095, 0.871;
2096, 0.843;
2097, 0.816;
2098, 0.789;
2099, 0.761;
2100, 0.734;
2101, 0.707;
2102, 0.679;
2103, 0.653;
2104, 0.626;
2105, 0.6;
2106, 0.587;
2107, 0.575;
2108, 0.563;
2109, 0.551;
2110, 0.54;
2111, 0.53;
2112, 0.52;
2113, 0.51;
2114, 0.501;
2115, 0.492;
2116, 0.484;
2117, 0.476;
2118, 0.468;
2119, 0.461;
2120, 0.455;
2121, 0.449;
2122, 0.443;
2123, 0.437;
2124, 0.432;
2125, 0.427;
2126, 0.423;
2127, 0.419;
2128, 0.415;
2129, 0.412;
2130, 0.409;
2131, 0.406;
2132, 0.404;
2133, 0.402;
2134, 0.4;
2135, 0.399;
2136, 0.397;
2137, 0.396;
2138, 0.396;
2139, 0.395;
2140, 0.395;
2141, 0.395;
2142, 0.396;
2143, 0.396;
2144, 0.397;
2145, 0.398;
2146, 0.399;
2147, 0.401;
2148, 0.402;
2149, 0.404;
2150, 0.406;
2151, 0.408;
2152, 0.411;
2153, 0.413;
2154, 0.416;
2155, 0.418;
2156, 0.421;
2157, 0.424;
2158, 0.427;
2159, 0.431;
2160, 0.434;
2161, 0.438;
2162, 0.441;
2163, 0.445;
2164, 0.448;
2165, 0.452;
2166, 0.456;
2167, 0.46;
2168, 0.464;
2169, 0.468;
2170, 0.472;
2171, 0.476;
2172, 0.48;
2173, 0.484;
2174, 0.488;
2175, 0.492;
2176, 0.496;
2177, 0.5;
2178, 0.505;
2179, 0.509;
2180, 0.514;
2181, 0.518;
2182, 0.523;
2183, 0.527;
2184, 0.532;
2185, 0.536;
2186, 0.541;
2187, 0.545;
2188, 0.549;
2189, 0.553;
2190, 0.557;
2191, 0.562;
2192, 0.566;
2193, 0.57;
2194, 0.573;
2195, 0.577;
2196, 0.581;
2197, 0.585;
2198, 0.588;
2199, 0.592;
2200, 0.595;
2201, 0.599;
2202, 0.602;
2203, 0.605;
2204, 0.608;
2205, 0.611;
2206, 0.614;
2207, 0.617;
2208, 0.62;
2209, 0.623;
2210, 0.625;
2211, 0.628;
2212, 0.63;
2213, 0.633;
2214, 0.635;
2215, 0.637;
2216, 0.639;
2217, 0.641;
2218, 0.642;
2219, 0.644;
2220, 0.645;
2221, 0.647;
2222, 0.648;
2223, 0.649;
2224, 0.65;
2225, 0.651;
2226, 0.652;
2227, 0.652;
2228, 0.653;
2229, 0.653;
2230, 0.653;
2231, 0.654;
2232, 0.653;
2233, 0.653;
2234, 0.653;
2235, 0.652;
2236, 0.652;
2237, 0.651;
2238, 0.65;
2239, 0.649;
2240, 0.647;
2241, 0.646;
2242, 0.644;
2243, 0.642;
2244, 0.64;
2245, 0.638;
2246, 0.636;
2247, 0.633;
2248, 0.631;
2249, 0.628;
2250, 0.625;
2251, 0.622;
2252, 0.618;
2253, 0.615;
2254, 0.611;
2255, 0.607;
2256, 0.603;
2257, 0.598;
2258, 0.594;
2259, 0.589;
2260, 0.584;
2261, 0.579;
2262, 0.573;
2263, 0.568;
2264, 0.562;
2265, 0.556;
2266, 0.55;
2267, 0.543;
2268, 0.537;
2269, 0.53;
2270, 0.523;
2271, 0.515;
2272, 0.508;
2273, 0.5;
2274, 0.485;
2275, 0.47;
2276, 0.455;
2277, 0.439;
2278, 0.424;
2279, 0.409;
2280, 0.394;
2281, 0.379;
2282, 0.364;
2283, 0.349;
2284, 0.335;
2285, 0.321;
2286, 0.308;
2287, 0.295;
2288, 0.283;
2289, 0.271;
2290, 0.26;
2291, 0.25;
2292, 0.253;
2293, 0.257;
2294, 0.261;
2295, 0.267;
2296, 0.272;
2297, 0.279;
2298, 0.286;
2299, 0.294;
2300, 0.302;
2301, 0.311;
2302, 0.321;
2303, 0.331;
2304, 0.341;
2305, 0.352;
2306, 0.363;
2307, 0.374;
2308, 0.386;
2309, 0.399;
2310, 0.411;
2311, 0.424;
2312, 0.437;
2313, 0.45;
2314, 0.464;
2315, 0.477;
2316, 0.491;
2317, 0.505;
2318, 0.519;
2319, 0.532;
2320, 0.546;
2321, 0.56;
2322, 0.574;
2323, 0.588;
2324, 0.602;
2325, 0.616;
2326, 0.629;
2327, 0.642;
2328, 0.655;
2329, 0.668;
2330, 0.681;
2331, 0.693;
2332, 0.705;
2333, 0.717;
2334, 0.729;
2335, 0.739;
2336, 0.75;
2337, 0.754;
2338, 0.757;
2339, 0.76;
2340, 0.763;
2341, 0.765;
2342, 0.766;
2343, 0.767;
2344, 0.768;
2345, 0.768;
2346, 0.768;
2347, 0.768;
2348, 0.767;
2349, 0.765;
2350, 0.763;
2351, 0.761;
2352, 0.758;
2353, 0.755;
2354, 0.751;
2355, 0.747;
2356, 0.743;
2357, 0.738;
2358, 0.733;
2359, 0.727;
2360, 0.721;
2361, 0.714;
2362, 0.701;
2363, 0.687;
2364, 0.673;
2365, 0.658;
2366, 0.643;
2367, 0.628;
2368, 0.612;
2369, 0.597;
2370, 0.581;
2371, 0.565;
2372, 0.549;
2373, 0.533;
2374, 0.517;
2375, 0.501;
2376, 0.485;
2377, 0.469;
2378, 0.453;
2379, 0.438;
2380, 0.422;
2381, 0.407;
2382, 0.392;
2383, 0.377;
2384, 0.362;
2385, 0.348;
2386, 0.334;
2387, 0.321;
2388, 0.308;
2389, 0.295;
2390, 0.283;
2391, 0.271;
2392, 0.26;
2393, 0.25;
2394, 0.252;
2395, 0.254;
2396, 0.257;
2397, 0.261;
2398, 0.265;
2399, 0.27;
2400, 0.275;
2401, 0.28;
2402, 0.286;
2403, 0.293;
2404, 0.3;
2405, 0.307;
2406, 0.315;
2407, 0.323;
2408, 0.332;
2409, 0.34;
2410, 0.349;
2411, 0.359;
2412, 0.369;
2413, 0.378;
2414, 0.389;
2415, 0.399;
2416, 0.41;
2417, 0.42;
2418, 0.431;
2419, 0.442;
2420, 0.453;
2421, 0.465;
2422, 0.476;
2423, 0.487;
2424, 0.499;
2425, 0.51;
2426, 0.522;
2427, 0.533;
2428, 0.544;
2429, 0.556;
2430, 0.567;
2431, 0.578;
2432, 0.589;
2433, 0.6;
2434, 0.611;
2435, 0.621;
2436, 0.631;
2437, 0.641;
2438, 0.651;
2439, 0.66;
2440, 0.669;
2441, 0.678;
2442, 0.687;
2443, 0.696;
2444, 0.704;
2445, 0.711;
2446, 0.719;
2447, 0.726;
2448, 0.732;
2449, 0.739;
2450, 0.745;
2451, 0.75;
2452, 0.75;
2453, 0.749;
2454, 0.747;
2455, 0.746;
2456, 0.744;
2457, 0.741;
2458, 0.739;
2459, 0.736;
2460, 0.732;
2461, 0.729;
2462, 0.725;
2463, 0.721;
2464, 0.717;
2465, 0.712;
2466, 0.707;
2467, 0.702;
2468, 0.697;
2469, 0.692;
2470, 0.687;
2471, 0.681;
2472, 0.676;
2473, 0.67;
2474, 0.665;
2475, 0.659;
2476, 0.654;
2477, 0.648;
2478, 0.642;
2479, 0.637;
2480, 0.631;
2481, 0.626;
2482, 0.621;
2483, 0.615;
2484, 0.61;
2485, 0.606;
2486, 0.601;
2487, 0.596;
2488, 0.592;
2489, 0.588;
2490, 0.584;
2491, 0.581;
2492, 0.577;
2493, 0.574;
2494, 0.572;
2495, 0.57;
2496, 0.568;
2497, 0.566;
2498, 0.565;
2499, 0.564;
2500, 0.564;
2501, 0.564;
2502, 0.564;
2503, 0.566;
2504, 0.567;
2505, 0.569;
2506, 0.572;
2507, 0.575;
2508, 0.579;
2509, 0.583;
2510, 0.588;
2511, 0.594;
2512, 0.6;
2513, 0.613;
2514, 0.626;
2515, 0.64;
2516, 0.653;
2517, 0.667;
2518, 0.68;
2519, 0.693;
2520, 0.704;
2521, 0.715;
2522, 0.725;
2523, 0.734;
2524, 0.741;
2525, 0.746;
2526, 0.75;
2527, 0.751;
2528, 0.75;
2529, 0.727;
2530, 0.702;
2531, 0.676;
2532, 0.647;
2533, 0.617;
2534, 0.587;
2535, 0.555;
2536, 0.523;
2537, 0.491;
2538, 0.46;
2539, 0.429;
2540, 0.413;
2541, 0.398;
2542, 0.384;
2543, 0.371;
2544, 0.359;
2545, 0.347;
2546, 0.336;
2547, 0.326;
2548, 0.316;
2549, 0.307;
2550, 0.299;
2551, 0.291;
2552, 0.285;
2553, 0.278;
2554, 0.273;
2555, 0.268;
2556, 0.263;
2557, 0.259;
2558, 0.256;
2559, 0.253;
2560, 0.251;
2561, 0.25;
2562, 0.249;
2563, 0.248;
2564, 0.248;
2565, 0.248;
2566, 0.249;
2567, 0.25;
2568, 0.252;
2569, 0.254;
2570, 0.257;
2571, 0.26;
2572, 0.263;
2573, 0.267;
2574, 0.271;
2575, 0.276;
2576, 0.28;
2577, 0.286;
2578, 0.291;
2579, 0.297;
2580, 0.303;
2581, 0.309;
2582, 0.316;
2583, 0.322;
2584, 0.329;
2585, 0.337;
2586, 0.344;
2587, 0.352;
2588, 0.359;
2589, 0.367;
2590, 0.376;
2591, 0.384;
2592, 0.392;
2593, 0.401;
2594, 0.409;
2595, 0.418;
2596, 0.427;
2597, 0.436;
2598, 0.445;
2599, 0.454;
2600, 0.463;
2601, 0.471;
2602, 0.48;
2603, 0.489;
2604, 0.498;
2605, 0.507;
2606, 0.516;
2607, 0.525;
2608, 0.533;
2609, 0.542;
2610, 0.55;
2611, 0.559;
2612, 0.567;
2613, 0.575;
2614, 0.583;
2615, 0.591;
2616, 0.598;
2617, 0.605;
2618, 0.613;
2619, 0.619;
2620, 0.626;
2621, 0.632;
2622, 0.639;
2623, 0.644;
2624, 0.65;
2625, 0.655;
2626, 0.66;
2627, 0.665;
2628, 0.669;
2629, 0.673;
2630, 0.677;
2631, 0.68;
2632, 0.682;
2633, 0.685;
2634, 0.687;
2635, 0.688;
2636, 0.689;
2637, 0.69;
2638, 0.69;
2639, 0.69;
2640, 0.689;
2641, 0.687;
2642, 0.685;
2643, 0.683;
2644, 0.68;
2645, 0.676;
2646, 0.672;
2647, 0.667;
2648, 0.662;
2649, 0.656;
2650, 0.649;
2651, 0.642;
2652, 0.634;
2653, 0.626;
2654, 0.616;
2655, 0.606;
2656, 0.596;
2657, 0.584;
2658, 0.572;
2659, 0.559;
2660, 0.546;
2661, 0.531;
2662, 0.516;
2663, 0.5;
2664, 0.47;
2665, 0.441;
2666, 0.411;
2667, 0.382;
2668, 0.354;
2669, 0.328;
2670, 0.304;
2671, 0.283;
2672, 0.265;
2673, 0.25;
2674, 0.267;
2675, 0.287;
2676, 0.311;
2677, 0.337;
2678, 0.367;
2679, 0.398;
2680, 0.43;
2681, 0.464;
2682, 0.499;
2683, 0.533;
2684, 0.568;
2685, 0.602;
2686, 0.636;
2687, 0.667;
2688, 0.697;
2689, 0.725;
2690, 0.75;
2691, 0.75;
2692, 0.747;
2693, 0.741;
2694, 0.733;
2695, 0.722;
2696, 0.71;
2697, 0.695;
2698, 0.679;
2699, 0.662;
2700, 0.643;
2701, 0.623;
2702, 0.602;
2703, 0.581;
2704, 0.56;
2705, 0.538;
2706, 0.516;
2707, 0.494;
2708, 0.473;
2709, 0.453;
2710, 0.433;
2711, 0.415;
2712, 0.398;
2713, 0.382;
2714, 0.368;
2715, 0.356;
2716, 0.346;
2717, 0.338;
2718, 0.333;
2719, 0.357;
2720, 0.383;
2721, 0.412;
2722, 0.442;
2723, 0.475;
2724, 0.51;
2725, 0.546;
2726, 0.583;
2727, 0.622;
2728, 0.662;
2729, 0.703;
2730, 0.745;
2731, 0.787;
2732, 0.83;
2733, 0.873;
2734, 0.915;
2735, 0.958;
2736, 1.0;
2737, 1.023;
2738, 1.046;
2739, 1.068;
2740, 1.089;
2741, 1.11;
2742, 1.13;
2743, 1.15;
2744, 1.169;
2745, 1.188;
2746, 1.206;
2747, 1.224;
2748, 1.241;
2749, 1.258;
2750, 1.274;
2751, 1.29;
2752, 1.305;
2753, 1.32;
2754, 1.334;
2755, 1.348;
2756, 1.361;
2757, 1.374;
2758, 1.386;
2759, 1.398;
2760, 1.409;
2761, 1.42;
2762, 1.431;
2763, 1.441;
2764, 1.451;
2765, 1.46;
2766, 1.469;
2767, 1.477;
2768, 1.485;
2769, 1.493;
2770, 1.5;
2771, 1.507;
2772, 1.514;
2773, 1.52;
2774, 1.526;
2775, 1.531;
2776, 1.536;
2777, 1.54;
2778, 1.545;
2779, 1.549;
2780, 1.552;
2781, 1.555;
2782, 1.558;
2783, 1.561;
2784, 1.563;
2785, 1.565;
2786, 1.567;
2787, 1.568;
2788, 1.569;
2789, 1.57;
2790, 1.57;
2791, 1.57;
2792, 1.57;
2793, 1.569;
2794, 1.569;
2795, 1.568;
2796, 1.566;
2797, 1.565;
2798, 1.563;
2799, 1.561;
2800, 1.559;
2801, 1.556;
2802, 1.553;
2803, 1.55;
2804, 1.547;
2805, 1.544;
2806, 1.54;
2807, 1.536;
2808, 1.532;
2809, 1.528;
2810, 1.524;
2811, 1.519;
2812, 1.514;
2813, 1.509;
2814, 1.504;
2815, 1.499;
2816, 1.493;
2817, 1.488;
2818, 1.482;
2819, 1.476;
2820, 1.47;
2821, 1.464;
2822, 1.458;
2823, 1.451;
2824, 1.445;
2825, 1.438;
2826, 1.431;
2827, 1.424;
2828, 1.417;
2829, 1.41;
2830, 1.403;
2831, 1.396;
2832, 1.388;
2833, 1.381;
2834, 1.373;
2835, 1.366;
2836, 1.358;
2837, 1.351;
2838, 1.343;
2839, 1.335;
2840, 1.327;
2841, 1.32;
2842, 1.312;
2843, 1.304;
2844, 1.296;
2845, 1.288;
2846, 1.28;
2847, 1.272;
2848, 1.265;
2849, 1.257;
2850, 1.249;
2851, 1.241;
2852, 1.233;
2853, 1.225;
2854, 1.218;
2855, 1.21;
2856, 1.202;
2857, 1.195;
2858, 1.187;
2859, 1.18;
2860, 1.172;
2861, 1.165;
2862, 1.157;
2863, 1.15;
2864, 1.143;
2865, 1.136;
2866, 1.129;
2867, 1.122;
2868, 1.116;
2869, 1.109;
2870, 1.103;
2871, 1.096;
2872, 1.09;
2873, 1.084;
2874, 1.078;
2875, 1.072;
2876, 1.066;
2877, 1.061;
2878, 1.056;
2879, 1.05;
2880, 1.045;
2881, 1.04;
2882, 1.036;
2883, 1.031;
2884, 1.027;
2885, 1.023;
2886, 1.019;
2887, 1.015;
2888, 1.012;
2889, 1.008;
2890, 1.005;
2891, 1.003;
2892, 1.0;
2893, 0.996;
2894, 0.992;
2895, 0.988;
2896, 0.984;
2897, 0.981;
2898, 0.978;
2899, 0.975;
2900, 0.972;
2901, 0.969;
2902, 0.966;
2903, 0.964;
2904, 0.962;
2905, 0.959;
2906, 0.957;
2907, 0.955;
2908, 0.953;
2909, 0.952;
2910, 0.95;
2911, 0.948;
2912, 0.946;
2913, 0.945;
2914, 0.943;
2915, 0.942;
2916, 0.94;
2917, 0.939;
2918, 0.937;
2919, 0.935;
2920, 0.934;
2921, 0.932;
2922, 0.93;
2923, 0.929;
2924, 0.927;
2925, 0.925;
2926, 0.923;
2927, 0.921;
2928, 0.918;
2929, 0.916;
2930, 0.913;
2931, 0.911;
2932, 0.908;
2933, 0.905;
2934, 0.902;
2935, 0.899;
2936, 0.895;
2937, 0.891;
2938, 0.888;
2939, 0.883;
2940, 0.879;
2941, 0.874;
2942, 0.87;
2943, 0.864;
2944, 0.859;
2945, 0.853;
2946, 0.848;
2947, 0.841;
2948, 0.835;
2949, 0.828;
2950, 0.821;
2951, 0.813;
2952, 0.805;
2953, 0.797;
2954, 0.788;
2955, 0.779;
2956, 0.77;
2957, 0.76;
2958, 0.75;
2959, 0.731;
2960, 0.711;
2961, 0.692;
2962, 0.671;
2963, 0.651;
2964, 0.63;
2965, 0.609;
2966, 0.588;
2967, 0.567;
2968, 0.546;
2969, 0.524;
2970, 0.503;
2971, 0.481;
2972, 0.46;
2973, 0.438;
2974, 0.417;
2975, 0.396;
2976, 0.375;
2977, 0.354;
2978, 0.333;
2979, 0.324;
2980, 0.315;
2981, 0.306;
2982, 0.297;
2983, 0.289;
2984, 0.281;
2985, 0.273;
2986, 0.265;
2987, 0.258;
2988, 0.251;
2989, 0.244;
2990, 0.237;
2991, 0.231;
2992, 0.225;
2993, 0.219;
2994, 0.213;
2995, 0.207;
2996, 0.202;
2997, 0.197;
2998, 0.192;
2999, 0.187;
3000, 0.183;
3001, 0.179;
3002, 0.175;
3003, 0.171;
3004, 0.167;
3005, 0.164;
3006, 0.161;
3007, 0.158;
3008, 0.155;
3009, 0.152;
3010, 0.15;
3011, 0.148;
3012, 0.146;
3013, 0.144;
3014, 0.142;
3015, 0.14;
3016, 0.139;
3017, 0.138;
3018, 0.137;
3019, 0.136;
3020, 0.135;
3021, 0.135;
3022, 0.134;
3023, 0.134;
3024, 0.134;
3025, 0.134;
3026, 0.134;
3027, 0.135;
3028, 0.135;
3029, 0.136;
3030, 0.137;
3031, 0.137;
3032, 0.139;
3033, 0.14;
3034, 0.141;
3035, 0.142;
3036, 0.144;
3037, 0.146;
3038, 0.147;
3039, 0.149;
3040, 0.151;
3041, 0.154;
3042, 0.156;
3043, 0.158;
3044, 0.161;
3045, 0.163;
3046, 0.166;
3047, 0.169;
3048, 0.171;
3049, 0.174;
3050, 0.177;
3051, 0.18;
3052, 0.184;
3053, 0.187;
3054, 0.19;
3055, 0.194;
3056, 0.197;
3057, 0.201;
3058, 0.204;
3059, 0.208;
3060, 0.212;
3061, 0.216;
3062, 0.22;
3063, 0.224;
3064, 0.228;
3065, 0.232;
3066, 0.236;
3067, 0.24;
3068, 0.244;
3069, 0.248;
3070, 0.252;
3071, 0.257;
3072, 0.261;
3073, 0.266;
3074, 0.27;
3075, 0.274;
3076, 0.279;
3077, 0.283;
3078, 0.288;
3079, 0.292;
3080, 0.297;
3081, 0.301;
3082, 0.306;
3083, 0.31;
3084, 0.315;
3085, 0.319;
3086, 0.324;
3087, 0.329;
3088, 0.333;
3089, 0.338;
3090, 0.342;
3091, 0.347;
3092, 0.351;
3093, 0.356;
3094, 0.36;
3095, 0.365;
3096, 0.369;
3097, 0.373;
3098, 0.378;
3099, 0.382;
3100, 0.386;
3101, 0.391;
3102, 0.395;
3103, 0.399;
3104, 0.403;
3105, 0.407;
3106, 0.411;
3107, 0.415;
3108, 0.419;
3109, 0.423;
3110, 0.427;
3111, 0.43;
3112, 0.434;
3113, 0.438;
3114, 0.441;
3115, 0.445;
3116, 0.448;
3117, 0.451;
3118, 0.454;
3119, 0.458;
3120, 0.461;
3121, 0.464;
3122, 0.466;
3123, 0.469;
3124, 0.472;
3125, 0.475;
3126, 0.477;
3127, 0.479;
3128, 0.482;
3129, 0.484;
3130, 0.486;
3131, 0.488;
3132, 0.49;
3133, 0.491;
3134, 0.493;
3135, 0.495;
3136, 0.496;
3137, 0.497;
3138, 0.498;
3139, 0.499;
3140, 0.5;
3141, 0.5;
3142, 0.5;
3143, 0.5;
3144, 0.5;
3145, 0.5;
3146, 0.5;
3147, 0.499;
3148, 0.499;
3149, 0.499;
3150, 0.499;
3151, 0.499;
3152, 0.499;
3153, 0.499;
3154, 0.499;
3155, 0.499;
3156, 0.499;
3157, 0.5;
3158, 0.502;
3159, 0.505;
3160, 0.507;
3161, 0.51;
3162, 0.513;
3163, 0.516;
3164, 0.519;
3165, 0.523;
3166, 0.526;
3167, 0.53;
3168, 0.533;
3169, 0.537;
3170, 0.541;
3171, 0.545;
3172, 0.549;
3173, 0.553;
3174, 0.557;
3175, 0.561;
3176, 0.565;
3177, 0.57;
3178, 0.574;
3179, 0.578;
3180, 0.582;
3181, 0.586;
3182, 0.591;
3183, 0.595;
3184, 0.599;
3185, 0.603;
3186, 0.607;
3187, 0.611;
3188, 0.615;
3189, 0.619;
3190, 0.623;
3191, 0.626;
3192, 0.63;
3193, 0.633;
3194, 0.637;
3195, 0.64;
3196, 0.643;
3197, 0.646;
3198, 0.649;
3199, 0.651;
3200, 0.654;
3201, 0.656;
3202, 0.658;
3203, 0.66;
3204, 0.662;
3205, 0.663;
3206, 0.664;
3207, 0.665;
3208, 0.666;
3209, 0.667;
3210, 0.667;
3211, 0.667;
3212, 0.667;
3213, 0.66;
3214, 0.653;
3215, 0.645;
3216, 0.638;
3217, 0.63;
3218, 0.622;
3219, 0.614;
3220, 0.605;
3221, 0.597;
3222, 0.588;
3223, 0.579;
3224, 0.569;
3225, 0.56;
3226, 0.55;
3227, 0.541;
3228, 0.531;
3229, 0.521;
3230, 0.511;
3231, 0.501;
3232, 0.491;
3233, 0.48;
3234, 0.47;
3235, 0.46;
3236, 0.449;
3237, 0.439;
3238, 0.428;
3239, 0.417;
3240, 0.407;
3241, 0.396;
3242, 0.386;
3243, 0.375;
3244, 0.365;
3245, 0.354;
3246, 0.344;
3247, 0.333;
3248, 0.327;
3249, 0.321;
3250, 0.315;
3251, 0.309;
3252, 0.303;
3253, 0.298;
3254, 0.292;
3255, 0.286;
3256, 0.281;
3257, 0.275;
3258, 0.27;
3259, 0.264;
3260, 0.259;
3261, 0.254;
3262, 0.249;
3263, 0.243;
3264, 0.238;
3265, 0.233;
3266, 0.229;
3267, 0.224;
3268, 0.219;
3269, 0.214;
3270, 0.21;
3271, 0.205;
3272, 0.201;
3273, 0.197;
3274, 0.192;
3275, 0.188;
3276, 0.184;
3277, 0.18;
3278, 0.176;
3279, 0.172;
3280, 0.168;
3281, 0.164;
3282, 0.16;
3283, 0.157;
3284, 0.153;
3285, 0.15;
3286, 0.146;
3287, 0.143;
3288, 0.14;
3289, 0.136;
3290, 0.133;
3291, 0.13;
3292, 0.127;
3293, 0.124;
3294, 0.121;
3295, 0.118;
3296, 0.116;
3297, 0.113;
3298, 0.111;
3299, 0.108;
3300, 0.106;
3301, 0.103;
3302, 0.101;
3303, 0.099;
3304, 0.097;
3305, 0.095;
3306, 0.093;
3307, 0.091;
3308, 0.089;
3309, 0.087;
3310, 0.085;
3311, 0.084;
3312, 0.082;
3313, 0.081;
3314, 0.079;
3315, 0.078;
3316, 0.077;
3317, 0.076;
3318, 0.075;
3319, 0.073;
3320, 0.073;
3321, 0.072;
3322, 0.071;
3323, 0.07;
3324, 0.069;
3325, 0.069;
3326, 0.068;
3327, 0.068;
3328, 0.068;
3329, 0.067;
3330, 0.067;
3331, 0.067;
3332, 0.067;
3333, 0.067;
3334, 0.067;
3335, 0.067;
3336, 0.067;
3337, 0.068;
3338, 0.068;
3339, 0.068;
3340, 0.069;
3341, 0.069;
3342, 0.07;
3343, 0.071;
3344, 0.072;
3345, 0.073;
3346, 0.074;
3347, 0.075;
3348, 0.076;
3349, 0.077;
3350, 0.078;
3351, 0.08;
3352, 0.081;
3353, 0.083;
3354, 0.084;
3355, 0.086;
3356, 0.087;
3357, 0.089;
3358, 0.091;
3359, 0.093;
3360, 0.095;
3361, 0.097;
3362, 0.099;
3363, 0.102;
3364, 0.104;
3365, 0.106;
3366, 0.109;
3367, 0.111;
3368, 0.114;
3369, 0.117;
3370, 0.12;
3371, 0.122;
3372, 0.125;
3373, 0.128;
3374, 0.132;
3375, 0.135;
3376, 0.138;
3377, 0.141;
3378, 0.145;
3379, 0.148;
3380, 0.152;
3381, 0.155;
3382, 0.159;
3383, 0.163;
3384, 0.167;
3385, 0.174;
3386, 0.182;
3387, 0.189;
3388, 0.197;
3389, 0.205;
3390, 0.213;
3391, 0.221;
3392, 0.228;
3393, 0.236;
3394, 0.244;
3395, 0.252;
3396, 0.26;
3397, 0.268;
3398, 0.276;
3399, 0.284;
3400, 0.291;
3401, 0.299;
3402, 0.307;
3403, 0.315;
3404, 0.322;
3405, 0.33;
3406, 0.337;
3407, 0.345;
3408, 0.352;
3409, 0.359;
3410, 0.367;
3411, 0.374;
3412, 0.38;
3413, 0.387;
3414, 0.394;
3415, 0.401;
3416, 0.407;
3417, 0.413;
3418, 0.419;
3419, 0.425;
3420, 0.431;
3421, 0.437;
3422, 0.442;
3423, 0.447;
3424, 0.452;
3425, 0.457;
3426, 0.462;
3427, 0.466;
3428, 0.47;
3429, 0.474;
3430, 0.478;
3431, 0.481;
3432, 0.484;
3433, 0.487;
3434, 0.49;
3435, 0.492;
3436, 0.495;
3437, 0.496;
3438, 0.498;
3439, 0.499;
3440, 0.5;
3441, 0.494;
3442, 0.488;
3443, 0.481;
3444, 0.474;
3445, 0.467;
3446, 0.46;
3447, 0.452;
3448, 0.444;
3449, 0.436;
3450, 0.428;
3451, 0.42;
3452, 0.412;
3453, 0.404;
3454, 0.396;
3455, 0.387;
3456, 0.379;
3457, 0.37;
3458, 0.362;
3459, 0.354;
3460, 0.346;
3461, 0.338;
3462, 0.33;
3463, 0.322;
3464, 0.314;
3465, 0.307;
3466, 0.299;
3467, 0.292;
3468, 0.285;
3469, 0.279;
3470, 0.272;
3471, 0.266;
3472, 0.26;
3473, 0.255;
3474, 0.25;
3475, 0.251;
3476, 0.253;
3477, 0.255;
3478, 0.258;
3479, 0.261;
3480, 0.264;
3481, 0.267;
3482, 0.271;
3483, 0.275;
3484, 0.279;
3485, 0.284;
3486, 0.288;
3487, 0.293;
3488, 0.298;
3489, 0.303;
3490, 0.309;
3491, 0.314;
3492, 0.32;
3493, 0.326;
3494, 0.332;
3495, 0.338;
3496, 0.344;
3497, 0.35;
3498, 0.356;
3499, 0.363;
3500, 0.369;
3501, 0.375;
3502, 0.381;
3503, 0.388;
3504, 0.394;
3505, 0.4;
3506, 0.404;
3507, 0.408;
3508, 0.413;
3509, 0.417;
3510, 0.421;
3511, 0.425;
3512, 0.429;
3513, 0.432;
3514, 0.436;
3515, 0.44;
3516, 0.444;
3517, 0.447;
3518, 0.451;
3519, 0.454;
3520, 0.458;
3521, 0.461;
3522, 0.464;
3523, 0.467;
3524, 0.471;
3525, 0.474;
3526, 0.477;
3527, 0.48;
3528, 0.483;
3529, 0.486;
3530, 0.489;
3531, 0.492;
3532, 0.494;
3533, 0.497;
3534, 0.5;
3535, 0.502;
3536, 0.505;
3537, 0.507;
3538, 0.51;
3539, 0.512;
3540, 0.515;
3541, 0.517;
3542, 0.519;
3543, 0.521;
3544, 0.524;
3545, 0.526;
3546, 0.528;
3547, 0.53;
3548, 0.532;
3549, 0.534;
3550, 0.536;
3551, 0.538;
3552, 0.539;
3553, 0.541;
3554, 0.543;
3555, 0.545;
3556, 0.546;
3557, 0.548;
3558, 0.55;
3559, 0.551;
3560, 0.553;
3561, 0.554;
3562, 0.556;
3563, 0.557;
3564, 0.558;
3565, 0.56;
3566, 0.561;
3567, 0.562;
3568, 0.563;
3569, 0.565;
3570, 0.566;
3571, 0.567;
3572, 0.568;
3573, 0.569;
3574, 0.57;
3575, 0.571;
3576, 0.572;
3577, 0.573;
3578, 0.574;
3579, 0.575;
3580, 0.576;
3581, 0.577;
3582, 0.577;
3583, 0.578;
3584, 0.579;
3585, 0.58;
3586, 0.58;
3587, 0.581;
3588, 0.582;
3589, 0.582;
3590, 0.583;
3591, 0.583;
3592, 0.584;
3593, 0.584;
3594, 0.585;
3595, 0.585;
3596, 0.586;
3597, 0.586;
3598, 0.587;
3599, 0.587;
3600, 0.588;
3601, 0.588;
3602, 0.588;
3603, 0.589;
3604, 0.589;
3605, 0.589;
3606, 0.59;
3607, 0.59;
3608, 0.59;
3609, 0.59;
3610, 0.591;
3611, 0.591;
3612, 0.591;
3613, 0.591;
3614, 0.591;
3615, 0.592;
3616, 0.592;
3617, 0.592;
3618, 0.592;
3619, 0.592;
3620, 0.592;
3621, 0.592;
3622, 0.593;
3623, 0.593;
3624, 0.593;
3625, 0.593;
3626, 0.593;
3627, 0.593;
3628, 0.593;
3629, 0.593;
3630, 0.593;
3631, 0.593;
3632, 0.593;
3633, 0.593;
3634, 0.593;
3635, 0.593;
3636, 0.594;
3637, 0.594;
3638, 0.594;
3639, 0.594;
3640, 0.594;
3641, 0.594;
3642, 0.594;
3643, 0.594;
3644, 0.594;
3645, 0.594;
3646, 0.594;
3647, 0.594;
3648, 0.594;
3649, 0.594;
3650, 0.594;
3651, 0.595;
3652, 0.595;
3653, 0.595;
3654, 0.595;
3655, 0.595;
3656, 0.595;
3657, 0.595;
3658, 0.595;
3659, 0.596;
3660, 0.596;
3661, 0.596;
3662, 0.596;
3663, 0.596;
3664, 0.597;
3665, 0.597;
3666, 0.597;
3667, 0.597;
3668, 0.598;
3669, 0.598;
3670, 0.598;
3671, 0.599;
3672, 0.599;
3673, 0.599;
3674, 0.6;
3675, 0.6;
3676, 0.6;
3677, 0.6;
3678, 0.6;
3679, 0.601;
3680, 0.601;
3681, 0.601;
3682, 0.601;
3683, 0.601;
3684, 0.602;
3685, 0.602;
3686, 0.602;
3687, 0.602;
3688, 0.603;
3689, 0.603;
3690, 0.603;
3691, 0.604;
3692, 0.604;
3693, 0.604;
3694, 0.605;
3695, 0.605;
3696, 0.606;
3697, 0.606;
3698, 0.606;
3699, 0.607;
3700, 0.607;
3701, 0.608;
3702, 0.608;
3703, 0.609;
3704, 0.609;
3705, 0.61;
3706, 0.61;
3707, 0.611;
3708, 0.611;
3709, 0.612;
3710, 0.613;
3711, 0.613;
3712, 0.614;
3713, 0.614;
3714, 0.615;
3715, 0.616;
3716, 0.616;
3717, 0.617;
3718, 0.617;
3719, 0.618;
3720, 0.619;
3721, 0.619;
3722, 0.62;
3723, 0.621;
3724, 0.621;
3725, 0.622;
3726, 0.623;
3727, 0.623;
3728, 0.624;
3729, 0.625;
3730, 0.625;
3731, 0.626;
3732, 0.627;
3733, 0.628;
3734, 0.628;
3735, 0.629;
3736, 0.63;
3737, 0.63;
3738, 0.631;
3739, 0.632;
3740, 0.633;
3741, 0.633;
3742, 0.634;
3743, 0.635;
3744, 0.635;
3745, 0.636;
3746, 0.637;
3747, 0.638;
3748, 0.638;
3749, 0.639;
3750, 0.64;
3751, 0.64;
3752, 0.641;
3753, 0.642;
3754, 0.643;
3755, 0.643;
3756, 0.644;
3757, 0.645;
3758, 0.645;
3759, 0.646;
3760, 0.647;
3761, 0.647;
3762, 0.648;
3763, 0.649;
3764, 0.649;
3765, 0.65;
3766, 0.651;
3767, 0.651;
3768, 0.652;
3769, 0.653;
3770, 0.653;
3771, 0.654;
3772, 0.654;
3773, 0.655;
3774, 0.656;
3775, 0.656;
3776, 0.657;
3777, 0.657;
3778, 0.658;
3779, 0.659;
3780, 0.659;
3781, 0.66;
3782, 0.66;
3783, 0.661;
3784, 0.661;
3785, 0.662;
3786, 0.662;
3787, 0.662;
3788, 0.663;
3789, 0.663;
3790, 0.664;
3791, 0.664;
3792, 0.665;
3793, 0.665;
3794, 0.665;
3795, 0.666;
3796, 0.666;
3797, 0.666;
3798, 0.667;
3799, 0.667;
3800, 0.667;
3801, 0.667;
3802, 0.667;
3803, 99999;
