1, 0.0;
2, 0.092;
3, 0.182;
4, 0.268;
5, 0.352;
6, 0.434;
7, 0.513;
8, 0.589;
9, 0.663;
10, 0.735;
11, 0.804;
12, 0.872;
13, 0.937;
14, 1.0;
15, 1.023;
16, 1.043;
17, 1.062;
18, 1.079;
19, 1.094;
20, 1.108;
21, 1.12;
22, 1.13;
23, 1.139;
24, 1.146;
25, 1.152;
26, 1.157;
27, 1.16;
28, 1.162;
29, 1.164;
30, 1.164;
31, 1.163;
32, 1.161;
33, 1.158;
34, 1.155;
35, 1.151;
36, 1.146;
37, 1.14;
38, 1.134;
39, 1.128;
40, 1.121;
41, 1.113;
42, 1.106;
43, 1.098;
44, 1.09;
45, 1.082;
46, 1.074;
47, 1.066;
48, 1.057;
49, 1.05;
50, 1.042;
51, 1.035;
52, 1.028;
53, 1.021;
54, 1.015;
55, 1.009;
56, 1.004;
57, 1.0;
58, 0.981;
59, 0.962;
60, 0.943;
61, 0.923;
62, 0.903;
63, 0.881;
64, 0.857;
65, 0.832;
66, 0.803;
67, 0.772;
68, 0.738;
69, 0.699;
70, 0.657;
71, 0.61;
72, 0.558;
73, 0.5;
74, 0.457;
75, 0.409;
76, 0.358;
77, 0.306;
78, 0.254;
79, 0.204;
80, 0.157;
81, 0.115;
82, 0.079;
83, 0.05;
84, 0.031;
85, 0.022;
86, 0.025;
87, 0.042;
88, 0.074;
89, 0.122;
90, 0.189;
91, 0.275;
92, 0.383;
93, 0.513;
94, 0.667;
95, 1.0;
96, 1.149;
97, 1.273;
98, 1.373;
99, 1.452;
100, 1.51;
101, 1.55;
102, 1.573;
103, 1.581;
104, 1.575;
105, 1.557;
106, 1.528;
107, 1.491;
108, 1.447;
109, 1.398;
110, 1.344;
111, 1.288;
112, 1.232;
113, 1.177;
114, 1.125;
115, 1.077;
116, 1.034;
117, 1.0;
118, 0.974;
119, 0.957;
120, 0.946;
121, 0.942;
122, 0.943;
123, 0.947;
124, 0.955;
125, 0.964;
126, 0.974;
127, 0.984;
128, 0.992;
129, 0.998;
130, 1.0;
131, 0.982;
132, 0.96;
133, 0.934;
134, 0.905;
135, 0.873;
136, 0.839;
137, 0.802;
138, 0.765;
139, 0.726;
140, 0.686;
141, 0.646;
142, 0.607;
143, 0.568;
144, 0.53;
145, 0.494;
146, 0.46;
147, 0.428;
148, 0.399;
149, 0.373;
150, 0.351;
151, 0.333;
152, 0.351;
153, 0.373;
154, 0.398;
155, 0.427;
156, 0.459;
157, 0.493;
158, 0.529;
159, 0.566;
160, 0.605;
161, 0.644;
162, 0.683;
163, 0.722;
164, 0.761;
165, 0.798;
166, 0.833;
167, 0.867;
168, 0.898;
169, 0.926;
170, 0.951;
171, 0.972;
172, 0.988;
173, 1.0;
174, 0.974;
175, 0.944;
176, 0.91;
177, 0.872;
178, 0.832;
179, 0.789;
180, 0.746;
181, 0.701;
182, 0.656;
183, 0.612;
184, 0.569;
185, 0.527;
186, 0.487;
187, 0.451;
188, 0.418;
189, 0.389;
190, 0.365;
191, 0.346;
192, 0.333;
193, 0.369;
194, 0.411;
195, 0.458;
196, 0.508;
197, 0.561;
198, 0.616;
199, 0.671;
200, 0.727;
201, 0.781;
202, 0.833;
203, 0.864;
204, 0.892;
205, 0.917;
206, 0.939;
207, 0.958;
208, 0.974;
209, 0.986;
210, 0.996;
211, 1.003;
212, 1.007;
213, 1.008;
214, 1.005;
215, 1.0;
216, 0.98;
217, 0.957;
218, 0.932;
219, 0.904;
220, 0.875;
221, 0.843;
222, 0.811;
223, 0.777;
224, 0.742;
225, 0.706;
226, 0.67;
227, 0.633;
228, 0.597;
229, 0.561;
230, 0.526;
231, 0.491;
232, 0.457;
233, 0.425;
234, 0.394;
235, 0.366;
236, 0.339;
237, 0.315;
238, 0.293;
239, 0.274;
240, 0.258;
241, 0.246;
242, 0.237;
243, 0.232;
244, 0.232;
245, 0.235;
246, 0.244;
247, 0.257;
248, 0.276;
249, 0.3;
250, 0.329;
251, 0.365;
252, 0.406;
253, 0.455;
254, 0.51;
255, 0.571;
256, 0.714;
257, 0.785;
258, 0.846;
259, 0.898;
260, 0.94;
261, 0.975;
262, 1.003;
263, 1.023;
264, 1.038;
265, 1.048;
266, 1.053;
267, 1.054;
268, 1.052;
269, 1.047;
270, 1.04;
271, 1.033;
272, 1.024;
273, 1.016;
274, 1.009;
275, 1.003;
276, 1.0;
277, 0.992;
278, 0.987;
279, 0.985;
280, 0.985;
281, 0.987;
282, 0.992;
283, 0.998;
284, 1.006;
285, 1.016;
286, 1.028;
287, 1.041;
288, 1.056;
289, 1.071;
290, 1.087;
291, 1.105;
292, 1.122;
293, 1.141;
294, 1.16;
295, 1.179;
296, 1.198;
297, 1.216;
298, 1.235;
299, 1.253;
300, 1.271;
301, 1.288;
302, 1.305;
303, 1.32;
304, 1.334;
305, 1.347;
306, 1.358;
307, 1.368;
308, 1.376;
309, 1.382;
310, 1.386;
311, 1.388;
312, 1.388;
313, 1.385;
314, 1.38;
315, 1.371;
316, 1.36;
317, 1.346;
318, 1.328;
319, 1.307;
320, 1.283;
321, 1.255;
322, 1.223;
323, 1.187;
324, 1.147;
325, 1.102;
326, 1.053;
327, 1.0;
328, 0.882;
329, 0.761;
330, 0.64;
331, 0.519;
332, 0.4;
333, 0.35;
334, 0.305;
335, 0.264;
336, 0.227;
337, 0.193;
338, 0.164;
339, 0.138;
340, 0.116;
341, 0.098;
342, 0.082;
343, 0.07;
344, 0.061;
345, 0.055;
346, 0.052;
347, 0.052;
348, 0.054;
349, 0.059;
350, 0.066;
351, 0.076;
352, 0.087;
353, 0.101;
354, 0.117;
355, 0.134;
356, 0.154;
357, 0.174;
358, 0.197;
359, 0.22;
360, 0.245;
361, 0.271;
362, 0.298;
363, 0.326;
364, 0.355;
365, 0.384;
366, 0.414;
367, 0.444;
368, 0.474;
369, 0.505;
370, 0.536;
371, 0.567;
372, 0.597;
373, 0.628;
374, 0.657;
375, 0.687;
376, 0.716;
377, 0.744;
378, 0.771;
379, 0.797;
380, 0.822;
381, 0.845;
382, 0.868;
383, 0.889;
384, 0.908;
385, 0.925;
386, 0.941;
387, 0.955;
388, 0.967;
389, 0.977;
390, 0.986;
391, 0.993;
392, 0.998;
393, 1.002;
394, 1.003;
395, 1.003;
396, 1.0;
397, 0.979;
398, 0.957;
399, 0.934;
400, 0.909;
401, 0.884;
402, 0.859;
403, 0.833;
404, 0.82;
405, 0.807;
406, 0.795;
407, 0.783;
408, 0.772;
409, 0.761;
410, 0.75;
411, 0.74;
412, 0.73;
413, 0.72;
414, 0.711;
415, 0.702;
416, 0.694;
417, 0.686;
418, 0.678;
419, 0.671;
420, 0.664;
421, 0.657;
422, 0.651;
423, 0.645;
424, 0.639;
425, 0.634;
426, 0.629;
427, 0.624;
428, 0.62;
429, 0.616;
430, 0.612;
431, 0.609;
432, 0.606;
433, 0.603;
434, 0.6;
435, 0.598;
436, 0.596;
437, 0.594;
438, 0.592;
439, 0.591;
440, 0.59;
441, 0.589;
442, 0.588;
443, 0.588;
444, 0.588;
445, 0.588;
446, 0.588;
447, 0.589;
448, 0.59;
449, 0.59;
450, 0.592;
451, 0.593;
452, 0.594;
453, 0.596;
454, 0.598;
455, 0.6;
456, 0.602;
457, 0.604;
458, 0.607;
459, 0.609;
460, 0.612;
461, 0.615;
462, 0.618;
463, 0.621;
464, 0.624;
465, 0.628;
466, 0.631;
467, 0.635;
468, 0.639;
469, 0.642;
470, 0.646;
471, 0.65;
472, 0.654;
473, 0.659;
474, 0.663;
475, 0.667;
476, 0.671;
477, 0.676;
478, 0.68;
479, 0.685;
480, 0.689;
481, 0.694;
482, 0.698;
483, 0.703;
484, 0.708;
485, 0.712;
486, 0.717;
487, 0.722;
488, 0.726;
489, 0.731;
490, 0.735;
491, 0.74;
492, 0.745;
493, 0.749;
494, 0.754;
495, 0.758;
496, 0.763;
497, 0.767;
498, 0.771;
499, 0.776;
500, 0.78;
501, 0.784;
502, 0.788;
503, 0.792;
504, 0.796;
505, 0.8;
506, 0.805;
507, 0.81;
508, 0.814;
509, 0.819;
510, 0.823;
511, 0.827;
512, 0.832;
513, 0.836;
514, 0.84;
515, 0.844;
516, 0.847;
517, 0.851;
518, 0.854;
519, 0.858;
520, 0.861;
521, 0.864;
522, 0.867;
523, 0.87;
524, 0.873;
525, 0.876;
526, 0.878;
527, 0.881;
528, 0.883;
529, 0.885;
530, 0.887;
531, 0.889;
532, 0.891;
533, 0.892;
534, 0.894;
535, 0.895;
536, 0.896;
537, 0.897;
538, 0.898;
539, 0.899;
540, 0.899;
541, 0.899;
542, 0.9;
543, 0.9;
544, 0.9;
545, 0.899;
546, 0.899;
547, 0.898;
548, 0.897;
549, 0.896;
550, 0.895;
551, 0.894;
552, 0.892;
553, 0.891;
554, 0.889;
555, 0.886;
556, 0.883;
557, 0.88;
558, 0.876;
559, 0.873;
560, 0.87;
561, 0.866;
562, 0.863;
563, 0.859;
564, 0.856;
565, 0.853;
566, 0.85;
567, 0.847;
568, 0.845;
569, 0.842;
570, 0.84;
571, 0.838;
572, 0.837;
573, 0.836;
574, 0.835;
575, 0.834;
576, 0.834;
577, 0.835;
578, 0.836;
579, 0.838;
580, 0.84;
581, 0.842;
582, 0.846;
583, 0.85;
584, 0.854;
585, 0.86;
586, 0.866;
587, 0.873;
588, 0.88;
589, 0.889;
590, 0.902;
591, 0.916;
592, 0.931;
593, 0.945;
594, 0.958;
595, 0.97;
596, 0.981;
597, 0.991;
598, 0.998;
599, 1.003;
600, 1.005;
601, 1.004;
602, 1.0;
603, 0.972;
604, 0.941;
605, 0.907;
606, 0.873;
607, 0.838;
608, 0.804;
609, 0.772;
610, 0.741;
611, 0.714;
612, 0.713;
613, 0.716;
614, 0.722;
615, 0.731;
616, 0.743;
617, 0.757;
618, 0.773;
619, 0.791;
620, 0.81;
621, 0.83;
622, 0.85;
623, 0.871;
624, 0.891;
625, 0.911;
626, 0.93;
627, 0.948;
628, 0.964;
629, 0.978;
630, 0.99;
631, 0.999;
632, 1.004;
633, 1.007;
634, 1.006;
635, 1.0;
636, 0.965;
637, 0.925;
638, 0.883;
639, 0.838;
640, 0.792;
641, 0.745;
642, 0.697;
643, 0.65;
644, 0.604;
645, 0.56;
646, 0.518;
647, 0.48;
648, 0.446;
649, 0.417;
650, 0.393;
651, 0.375;
652, 0.408;
653, 0.448;
654, 0.492;
655, 0.541;
656, 0.593;
657, 0.648;
658, 0.705;
659, 0.762;
660, 0.819;
661, 0.875;
662, 0.901;
663, 0.925;
664, 0.947;
665, 0.968;
666, 0.987;
667, 1.004;
668, 1.02;
669, 1.034;
670, 1.047;
671, 1.058;
672, 1.068;
673, 1.076;
674, 1.082;
675, 1.088;
676, 1.092;
677, 1.095;
678, 1.096;
679, 1.097;
680, 1.096;
681, 1.094;
682, 1.091;
683, 1.086;
684, 1.081;
685, 1.075;
686, 1.068;
687, 1.06;
688, 1.051;
689, 1.041;
690, 1.03;
691, 1.018;
692, 1.006;
693, 0.993;
694, 0.979;
695, 0.965;
696, 0.95;
697, 0.935;
698, 0.918;
699, 0.902;
700, 0.885;
701, 0.867;
702, 0.85;
703, 0.831;
704, 0.813;
705, 0.794;
706, 0.775;
707, 0.756;
708, 0.736;
709, 0.716;
710, 0.697;
711, 0.677;
712, 0.657;
713, 0.637;
714, 0.617;
715, 0.597;
716, 0.578;
717, 0.558;
718, 0.539;
719, 0.52;
720, 0.501;
721, 0.482;
722, 0.464;
723, 0.446;
724, 0.429;
725, 0.417;
726, 0.406;
727, 0.395;
728, 0.384;
729, 0.374;
730, 0.365;
731, 0.355;
732, 0.347;
733, 0.338;
734, 0.33;
735, 0.322;
736, 0.315;
737, 0.308;
738, 0.302;
739, 0.295;
740, 0.29;
741, 0.284;
742, 0.279;
743, 0.274;
744, 0.27;
745, 0.266;
746, 0.262;
747, 0.259;
748, 0.255;
749, 0.253;
750, 0.25;
751, 0.248;
752, 0.246;
753, 0.245;
754, 0.244;
755, 0.243;
756, 0.242;
757, 0.242;
758, 0.242;
759, 0.242;
760, 0.242;
761, 0.243;
762, 0.244;
763, 0.245;
764, 0.247;
765, 0.249;
766, 0.251;
767, 0.253;
768, 0.255;
769, 0.258;
770, 0.261;
771, 0.264;
772, 0.268;
773, 0.272;
774, 0.275;
775, 0.279;
776, 0.284;
777, 0.288;
778, 0.293;
779, 0.298;
780, 0.303;
781, 0.308;
782, 0.314;
783, 0.319;
784, 0.325;
785, 0.331;
786, 0.337;
787, 0.343;
788, 0.35;
789, 0.356;
790, 0.363;
791, 0.37;
792, 0.377;
793, 0.384;
794, 0.391;
795, 0.398;
796, 0.406;
797, 0.413;
798, 0.421;
799, 0.429;
800, 0.437;
801, 0.445;
802, 0.453;
803, 0.461;
804, 0.469;
805, 0.477;
806, 0.486;
807, 0.494;
808, 0.503;
809, 0.511;
810, 0.52;
811, 0.529;
812, 0.538;
813, 0.546;
814, 0.555;
815, 0.564;
816, 0.573;
817, 0.582;
818, 0.591;
819, 0.6;
820, 0.609;
821, 0.618;
822, 0.627;
823, 0.636;
824, 0.645;
825, 0.654;
826, 0.663;
827, 0.672;
828, 0.681;
829, 0.69;
830, 0.699;
831, 0.707;
832, 0.716;
833, 0.725;
834, 0.734;
835, 0.742;
836, 0.751;
837, 0.76;
838, 0.768;
839, 0.777;
840, 0.785;
841, 0.793;
842, 0.801;
843, 0.809;
844, 0.817;
845, 0.825;
846, 0.833;
847, 0.841;
848, 0.849;
849, 0.856;
850, 0.863;
851, 0.871;
852, 0.878;
853, 0.885;
854, 0.892;
855, 0.898;
856, 0.905;
857, 0.911;
858, 0.918;
859, 0.924;
860, 0.93;
861, 0.936;
862, 0.941;
863, 0.947;
864, 0.952;
865, 0.957;
866, 0.962;
867, 0.967;
868, 0.971;
869, 0.976;
870, 0.98;
871, 0.984;
872, 0.987;
873, 0.991;
874, 0.994;
875, 0.997;
876, 1.0;
877, 1.001;
878, 1.001;
879, 1.002;
880, 1.002;
881, 1.002;
882, 1.001;
883, 1.001;
884, 1.001;
885, 1.0;
886, 1.0;
887, 1.0;
888, 0.999;
889, 0.998;
890, 0.998;
891, 0.997;
892, 0.997;
893, 0.996;
894, 0.996;
895, 0.995;
896, 0.994;
897, 0.994;
898, 0.993;
899, 0.992;
900, 0.991;
901, 0.991;
902, 0.99;
903, 0.989;
904, 0.989;
905, 0.988;
906, 0.987;
907, 0.986;
908, 0.986;
909, 0.985;
910, 0.984;
911, 0.983;
912, 0.983;
913, 0.982;
914, 0.981;
915, 0.98;
916, 0.98;
917, 0.979;
918, 0.978;
919, 0.978;
920, 0.977;
921, 0.976;
922, 0.976;
923, 0.975;
924, 0.974;
925, 0.974;
926, 0.973;
927, 0.973;
928, 0.972;
929, 0.972;
930, 0.971;
931, 0.971;
932, 0.97;
933, 0.97;
934, 0.969;
935, 0.969;
936, 0.969;
937, 0.968;
938, 0.968;
939, 0.968;
940, 0.968;
941, 0.967;
942, 0.967;
943, 0.967;
944, 0.967;
945, 0.967;
946, 0.967;
947, 0.967;
948, 0.967;
949, 0.967;
950, 0.968;
951, 0.968;
952, 0.968;
953, 0.968;
954, 0.969;
955, 0.969;
956, 0.97;
957, 0.97;
958, 0.971;
959, 0.972;
960, 0.972;
961, 0.973;
962, 0.974;
963, 0.975;
964, 0.976;
965, 0.977;
966, 0.978;
967, 0.979;
968, 0.98;
969, 0.981;
970, 0.983;
971, 0.984;
972, 0.986;
973, 0.987;
974, 0.989;
975, 0.99;
976, 0.992;
977, 0.994;
978, 0.996;
979, 0.998;
980, 1.0;
981, 0.998;
982, 0.996;
983, 0.995;
984, 0.993;
985, 0.991;
986, 0.989;
987, 0.988;
988, 0.986;
989, 0.984;
990, 0.983;
991, 0.981;
992, 0.979;
993, 0.977;
994, 0.975;
995, 0.973;
996, 0.97;
997, 0.968;
998, 0.965;
999, 0.962;
1000, 0.96;
1001, 0.956;
1002, 0.953;
1003, 0.95;
1004, 0.946;
1005, 0.942;
1006, 0.938;
1007, 0.933;
1008, 0.928;
1009, 0.923;
1010, 0.918;
1011, 0.912;
1012, 0.906;
1013, 0.899;
1014, 0.893;
1015, 0.885;
1016, 0.878;
1017, 0.87;
1018, 0.862;
1019, 0.853;
1020, 0.843;
1021, 0.834;
1022, 0.824;
1023, 0.813;
1024, 0.802;
1025, 0.79;
1026, 0.778;
1027, 0.765;
1028, 0.752;
1029, 0.738;
1030, 0.723;
1031, 0.708;
1032, 0.693;
1033, 0.676;
1034, 0.66;
1035, 0.642;
1036, 0.624;
1037, 0.605;
1038, 0.585;
1039, 0.565;
1040, 0.544;
1041, 0.522;
1042, 0.5;
1043, 0.479;
1044, 0.456;
1045, 0.434;
1046, 0.411;
1047, 0.388;
1048, 0.365;
1049, 0.342;
1050, 0.319;
1051, 0.296;
1052, 0.275;
1053, 0.253;
1054, 0.233;
1055, 0.213;
1056, 0.194;
1057, 0.177;
1058, 0.161;
1059, 0.146;
1060, 0.133;
1061, 0.122;
1062, 0.113;
1063, 0.105;
1064, 0.1;
1065, 0.097;
1066, 0.097;
1067, 0.099;
1068, 0.104;
1069, 0.112;
1070, 0.123;
1071, 0.136;
1072, 0.154;
1073, 0.174;
1074, 0.198;
1075, 0.226;
1076, 0.258;
1077, 0.294;
1078, 0.333;
1079, 0.429;
1080, 0.529;
1081, 0.63;
1082, 0.732;
1083, 0.833;
1084, 0.884;
1085, 0.932;
1086, 0.98;
1087, 1.026;
1088, 1.07;
1089, 1.113;
1090, 1.155;
1091, 1.195;
1092, 1.233;
1093, 1.271;
1094, 1.307;
1095, 1.341;
1096, 1.375;
1097, 1.407;
1098, 1.437;
1099, 1.467;
1100, 1.495;
1101, 1.522;
1102, 1.548;
1103, 1.572;
1104, 1.596;
1105, 1.618;
1106, 1.639;
1107, 1.659;
1108, 1.678;
1109, 1.695;
1110, 1.712;
1111, 1.727;
1112, 1.742;
1113, 1.755;
1114, 1.768;
1115, 1.779;
1116, 1.789;
1117, 1.799;
1118, 1.807;
1119, 1.815;
1120, 1.822;
1121, 1.827;
1122, 1.832;
1123, 1.836;
1124, 1.839;
1125, 1.842;
1126, 1.843;
1127, 1.844;
1128, 1.844;
1129, 1.843;
1130, 1.841;
1131, 1.839;
1132, 1.836;
1133, 1.832;
1134, 1.828;
1135, 1.823;
1136, 1.817;
1137, 1.811;
1138, 1.804;
1139, 1.796;
1140, 1.788;
1141, 1.78;
1142, 1.77;
1143, 1.761;
1144, 1.75;
1145, 1.74;
1146, 1.729;
1147, 1.717;
1148, 1.705;
1149, 1.692;
1150, 1.679;
1151, 1.666;
1152, 1.652;
1153, 1.638;
1154, 1.624;
1155, 1.609;
1156, 1.594;
1157, 1.579;
1158, 1.563;
1159, 1.547;
1160, 1.531;
1161, 1.515;
1162, 1.498;
1163, 1.482;
1164, 1.465;
1165, 1.448;
1166, 1.431;
1167, 1.414;
1168, 1.396;
1169, 1.379;
1170, 1.361;
1171, 1.344;
1172, 1.326;
1173, 1.309;
1174, 1.291;
1175, 1.273;
1176, 1.256;
1177, 1.238;
1178, 1.221;
1179, 1.204;
1180, 1.186;
1181, 1.169;
1182, 1.152;
1183, 1.135;
1184, 1.119;
1185, 1.102;
1186, 1.086;
1187, 1.07;
1188, 1.054;
1189, 1.039;
1190, 1.023;
1191, 1.008;
1192, 0.994;
1193, 0.979;
1194, 0.965;
1195, 0.952;
1196, 0.938;
1197, 0.925;
1198, 0.913;
1199, 0.901;
1200, 0.889;
1201, 0.878;
1202, 0.867;
1203, 0.857;
1204, 0.846;
1205, 0.836;
1206, 0.826;
1207, 0.817;
1208, 0.808;
1209, 0.8;
1210, 0.792;
1211, 0.784;
1212, 0.777;
1213, 0.77;
1214, 0.764;
1215, 0.758;
1216, 0.753;
1217, 0.748;
1218, 0.743;
1219, 0.739;
1220, 0.735;
1221, 0.731;
1222, 0.728;
1223, 0.725;
1224, 0.723;
1225, 0.72;
1226, 0.718;
1227, 0.717;
1228, 0.715;
1229, 0.714;
1230, 0.713;
1231, 0.713;
1232, 0.712;
1233, 0.712;
1234, 0.712;
1235, 0.713;
1236, 0.713;
1237, 0.714;
1238, 0.715;
1239, 0.716;
1240, 0.717;
1241, 0.719;
1242, 0.72;
1243, 0.722;
1244, 0.724;
1245, 0.726;
1246, 0.728;
1247, 0.73;
1248, 0.732;
1249, 0.735;
1250, 0.737;
1251, 0.74;
1252, 0.742;
1253, 0.745;
1254, 0.747;
1255, 0.75;
1256, 0.756;
1257, 0.762;
1258, 0.768;
1259, 0.774;
1260, 0.78;
1261, 0.786;
1262, 0.792;
1263, 0.797;
1264, 0.803;
1265, 0.808;
1266, 0.812;
1267, 0.817;
1268, 0.821;
1269, 0.825;
1270, 0.828;
1271, 0.831;
1272, 0.833;
1273, 0.826;
1274, 0.819;
1275, 0.811;
1276, 0.802;
1277, 0.793;
1278, 0.784;
1279, 0.774;
1280, 0.764;
1281, 0.754;
1282, 0.743;
1283, 0.732;
1284, 0.72;
1285, 0.708;
1286, 0.696;
1287, 0.684;
1288, 0.671;
1289, 0.658;
1290, 0.645;
1291, 0.631;
1292, 0.618;
1293, 0.604;
1294, 0.59;
1295, 0.575;
1296, 0.561;
1297, 0.546;
1298, 0.531;
1299, 0.517;
1300, 0.501;
1301, 0.486;
1302, 0.471;
1303, 0.456;
1304, 0.44;
1305, 0.425;
1306, 0.41;
1307, 0.394;
1308, 0.379;
1309, 0.363;
1310, 0.348;
1311, 0.332;
1312, 0.317;
1313, 0.301;
1314, 0.286;
1315, 0.271;
1316, 0.256;
1317, 0.241;
1318, 0.226;
1319, 0.211;
1320, 0.196;
1321, 0.182;
1322, 0.176;
1323, 0.17;
1324, 0.164;
1325, 0.158;
1326, 0.153;
1327, 0.147;
1328, 0.142;
1329, 0.137;
1330, 0.133;
1331, 0.128;
1332, 0.124;
1333, 0.12;
1334, 0.116;
1335, 0.112;
1336, 0.109;
1337, 0.105;
1338, 0.102;
1339, 0.099;
1340, 0.097;
1341, 0.094;
1342, 0.092;
1343, 0.09;
1344, 0.089;
1345, 0.087;
1346, 0.086;
1347, 0.085;
1348, 0.084;
1349, 0.084;
1350, 0.083;
1351, 0.083;
1352, 0.084;
1353, 0.084;
1354, 0.085;
1355, 0.086;
1356, 0.087;
1357, 0.089;
1358, 0.091;
1359, 0.093;
1360, 0.095;
1361, 0.098;
1362, 0.101;
1363, 0.104;
1364, 0.107;
1365, 0.111;
1366, 0.115;
1367, 0.12;
1368, 0.124;
1369, 0.129;
1370, 0.135;
1371, 0.14;
1372, 0.146;
1373, 0.152;
1374, 0.159;
1375, 0.165;
1376, 0.173;
1377, 0.18;
1378, 0.188;
1379, 0.196;
1380, 0.204;
1381, 0.213;
1382, 0.222;
1383, 0.232;
1384, 0.241;
1385, 0.251;
1386, 0.262;
1387, 0.273;
1388, 0.284;
1389, 0.295;
1390, 0.307;
1391, 0.319;
1392, 0.332;
1393, 0.345;
1394, 0.358;
1395, 0.372;
1396, 0.386;
1397, 0.4;
1398, 0.417;
1399, 0.435;
1400, 0.452;
1401, 0.47;
1402, 0.489;
1403, 0.507;
1404, 0.526;
1405, 0.544;
1406, 0.563;
1407, 0.581;
1408, 0.6;
1409, 0.619;
1410, 0.637;
1411, 0.655;
1412, 0.673;
1413, 0.691;
1414, 0.708;
1415, 0.725;
1416, 0.742;
1417, 0.758;
1418, 0.774;
1419, 0.789;
1420, 0.804;
1421, 0.818;
1422, 0.832;
1423, 0.844;
1424, 0.856;
1425, 0.868;
1426, 0.878;
1427, 0.888;
1428, 0.897;
1429, 0.905;
1430, 0.911;
1431, 0.917;
1432, 0.922;
1433, 0.926;
1434, 0.928;
1435, 0.93;
1436, 0.93;
1437, 0.929;
1438, 0.926;
1439, 0.922;
1440, 0.917;
1441, 0.91;
1442, 0.902;
1443, 0.892;
1444, 0.881;
1445, 0.868;
1446, 0.854;
1447, 0.838;
1448, 0.82;
1449, 0.8;
1450, 0.756;
1451, 0.711;
1452, 0.667;
1453, 0.623;
1454, 0.581;
1455, 0.541;
1456, 0.506;
1457, 0.474;
1458, 0.448;
1459, 0.429;
1460, 0.456;
1461, 0.489;
1462, 0.528;
1463, 0.57;
1464, 0.616;
1465, 0.664;
1466, 0.713;
1467, 0.762;
1468, 0.811;
1469, 0.857;
1470, 0.877;
1471, 0.894;
1472, 0.908;
1473, 0.919;
1474, 0.928;
1475, 0.934;
1476, 0.938;
1477, 0.939;
1478, 0.937;
1479, 0.933;
1480, 0.927;
1481, 0.919;
1482, 0.908;
1483, 0.895;
1484, 0.88;
1485, 0.864;
1486, 0.845;
1487, 0.824;
1488, 0.801;
1489, 0.776;
1490, 0.75;
1491, 0.7;
1492, 0.649;
1493, 0.598;
1494, 0.548;
1495, 0.5;
1496, 0.486;
1497, 0.476;
1498, 0.468;
1499, 0.463;
1500, 0.46;
1501, 0.46;
1502, 0.462;
1503, 0.466;
1504, 0.472;
1505, 0.48;
1506, 0.49;
1507, 0.502;
1508, 0.515;
1509, 0.529;
1510, 0.545;
1511, 0.562;
1512, 0.58;
1513, 0.599;
1514, 0.619;
1515, 0.64;
1516, 0.661;
1517, 0.682;
1518, 0.704;
1519, 0.726;
1520, 0.748;
1521, 0.771;
1522, 0.793;
1523, 0.814;
1524, 0.836;
1525, 0.856;
1526, 0.877;
1527, 0.896;
1528, 0.914;
1529, 0.932;
1530, 0.948;
1531, 0.963;
1532, 0.977;
1533, 0.989;
1534, 1.0;
1535, 1.003;
1536, 1.004;
1537, 1.004;
1538, 1.003;
1539, 1.002;
1540, 1.0;
1541, 0.999;
1542, 0.999;
1543, 0.999;
1544, 1.0;
1545, 1.003;
1546, 1.007;
1547, 1.012;
1548, 1.019;
1549, 1.027;
1550, 1.035;
1551, 1.045;
1552, 1.056;
1553, 1.067;
1554, 1.079;
1555, 1.092;
1556, 1.105;
1557, 1.119;
1558, 1.133;
1559, 1.148;
1560, 1.162;
1561, 1.177;
1562, 1.192;
1563, 1.207;
1564, 1.221;
1565, 1.236;
1566, 1.25;
1567, 1.264;
1568, 1.277;
1569, 1.29;
1570, 1.302;
1571, 1.313;
1572, 1.324;
1573, 1.333;
1574, 1.342;
1575, 1.35;
1576, 1.356;
1577, 1.362;
1578, 1.366;
1579, 1.368;
1580, 1.369;
1581, 1.369;
1582, 1.367;
1583, 1.363;
1584, 1.358;
1585, 1.35;
1586, 1.341;
1587, 1.329;
1588, 1.316;
1589, 1.3;
1590, 1.282;
1591, 1.261;
1592, 1.238;
1593, 1.212;
1594, 1.184;
1595, 1.153;
1596, 1.119;
1597, 1.082;
1598, 1.043;
1599, 1.0;
1600, 0.925;
1601, 0.847;
1602, 0.77;
1603, 0.693;
1604, 0.619;
1605, 0.549;
1606, 0.484;
1607, 0.425;
1608, 0.375;
1609, 0.334;
1610, 0.304;
1611, 0.286;
1612, 0.351;
1613, 0.427;
1614, 0.51;
1615, 0.598;
1616, 0.687;
1617, 0.775;
1618, 0.857;
1619, 0.898;
1620, 0.931;
1621, 0.957;
1622, 0.978;
1623, 0.993;
1624, 1.004;
1625, 1.01;
1626, 1.013;
1627, 1.012;
1628, 1.01;
1629, 1.005;
1630, 1.0;
1631, 0.978;
1632, 0.955;
1633, 0.932;
1634, 0.909;
1635, 0.885;
1636, 0.861;
1637, 0.837;
1638, 0.813;
1639, 0.789;
1640, 0.765;
1641, 0.741;
1642, 0.717;
1643, 0.694;
1644, 0.671;
1645, 0.648;
1646, 0.626;
1647, 0.604;
1648, 0.582;
1649, 0.562;
1650, 0.542;
1651, 0.522;
1652, 0.503;
1653, 0.486;
1654, 0.469;
1655, 0.453;
1656, 0.438;
1657, 0.424;
1658, 0.411;
1659, 0.4;
1660, 0.405;
1661, 0.412;
1662, 0.419;
1663, 0.428;
1664, 0.438;
1665, 0.449;
1666, 0.46;
1667, 0.473;
1668, 0.486;
1669, 0.5;
1670, 0.515;
1671, 0.531;
1672, 0.547;
1673, 0.564;
1674, 0.581;
1675, 0.598;
1676, 0.616;
1677, 0.635;
1678, 0.653;
1679, 0.672;
1680, 0.691;
1681, 0.71;
1682, 0.729;
1683, 0.748;
1684, 0.767;
1685, 0.786;
1686, 0.805;
1687, 0.823;
1688, 0.841;
1689, 0.859;
1690, 0.877;
1691, 0.894;
1692, 0.91;
1693, 0.926;
1694, 0.942;
1695, 0.957;
1696, 0.971;
1697, 0.984;
1698, 0.996;
1699, 1.008;
1700, 1.018;
1701, 1.028;
1702, 1.036;
1703, 1.044;
1704, 1.05;
1705, 1.055;
1706, 1.059;
1707, 1.061;
1708, 1.062;
1709, 1.062;
1710, 1.06;
1711, 1.056;
1712, 1.051;
1713, 1.045;
1714, 1.036;
1715, 1.026;
1716, 1.014;
1717, 1.0;
1718, 0.972;
1719, 0.943;
1720, 0.912;
1721, 0.88;
1722, 0.846;
1723, 0.812;
1724, 0.777;
1725, 0.742;
1726, 0.707;
1727, 0.671;
1728, 0.636;
1729, 0.601;
1730, 0.567;
1731, 0.534;
1732, 0.502;
1733, 0.471;
1734, 0.441;
1735, 0.414;
1736, 0.388;
1737, 0.364;
1738, 0.343;
1739, 0.324;
1740, 0.308;
1741, 0.296;
1742, 0.286;
1743, 0.28;
1744, 0.277;
1745, 0.278;
1746, 0.284;
1747, 0.294;
1748, 0.308;
1749, 0.327;
1750, 0.351;
1751, 0.38;
1752, 0.414;
1753, 0.454;
1754, 0.5;
1755, 0.613;
1756, 0.726;
1757, 0.833;
1758, 0.871;
1759, 0.897;
1760, 0.914;
1761, 0.921;
1762, 0.92;
1763, 0.913;
1764, 0.899;
1765, 0.881;
1766, 0.858;
1767, 0.833;
1768, 0.806;
1769, 0.778;
1770, 0.75;
1771, 0.727;
1772, 0.705;
1773, 0.684;
1774, 0.665;
1775, 0.646;
1776, 0.628;
1777, 0.612;
1778, 0.596;
1779, 0.582;
1780, 0.568;
1781, 0.556;
1782, 0.544;
1783, 0.533;
1784, 0.524;
1785, 0.515;
1786, 0.507;
1787, 0.499;
1788, 0.493;
1789, 0.487;
1790, 0.482;
1791, 0.478;
1792, 0.475;
1793, 0.472;
1794, 0.471;
1795, 0.469;
1796, 0.469;
1797, 0.469;
1798, 0.47;
1799, 0.471;
1800, 0.473;
1801, 0.475;
1802, 0.478;
1803, 0.482;
1804, 0.486;
1805, 0.491;
1806, 0.496;
1807, 0.501;
1808, 0.507;
1809, 0.513;
1810, 0.52;
1811, 0.527;
1812, 0.535;
1813, 0.542;
1814, 0.55;
1815, 0.559;
1816, 0.567;
1817, 0.576;
1818, 0.585;
1819, 0.595;
1820, 0.604;
1821, 0.614;
1822, 0.624;
1823, 0.634;
1824, 0.644;
1825, 0.654;
1826, 0.665;
1827, 0.675;
1828, 0.685;
1829, 0.696;
1830, 0.706;
1831, 0.717;
1832, 0.727;
1833, 0.737;
1834, 0.748;
1835, 0.758;
1836, 0.768;
1837, 0.778;
1838, 0.787;
1839, 0.797;
1840, 0.806;
1841, 0.815;
1842, 0.824;
1843, 0.833;
1844, 0.841;
1845, 0.849;
1846, 0.857;
1847, 0.865;
1848, 0.873;
1849, 0.881;
1850, 0.888;
1851, 0.896;
1852, 0.902;
1853, 0.909;
1854, 0.915;
1855, 0.921;
1856, 0.926;
1857, 0.932;
1858, 0.937;
1859, 0.942;
1860, 0.946;
1861, 0.951;
1862, 0.955;
1863, 0.959;
1864, 0.962;
1865, 0.966;
1866, 0.969;
1867, 0.972;
1868, 0.975;
1869, 0.977;
1870, 0.98;
1871, 0.982;
1872, 0.984;
1873, 0.986;
1874, 0.988;
1875, 0.99;
1876, 0.991;
1877, 0.992;
1878, 0.994;
1879, 0.995;
1880, 0.996;
1881, 0.996;
1882, 0.997;
1883, 0.998;
1884, 0.998;
1885, 0.999;
1886, 0.999;
1887, 0.999;
1888, 1.0;
1889, 1.0;
1890, 1.0;
1891, 1.0;
1892, 0.998;
1893, 0.996;
1894, 0.993;
1895, 0.991;
1896, 0.989;
1897, 0.987;
1898, 0.984;
1899, 0.982;
1900, 0.98;
1901, 0.977;
1902, 0.975;
1903, 0.972;
1904, 0.97;
1905, 0.967;
1906, 0.965;
1907, 0.963;
1908, 0.96;
1909, 0.958;
1910, 0.955;
1911, 0.953;
1912, 0.95;
1913, 0.948;
1914, 0.946;
1915, 0.943;
1916, 0.941;
1917, 0.939;
1918, 0.936;
1919, 0.934;
1920, 0.932;
1921, 0.93;
1922, 0.928;
1923, 0.926;
1924, 0.923;
1925, 0.921;
1926, 0.92;
1927, 0.918;
1928, 0.916;
1929, 0.914;
1930, 0.912;
1931, 0.911;
1932, 0.909;
1933, 0.908;
1934, 0.906;
1935, 0.905;
1936, 0.904;
1937, 0.902;
1938, 0.901;
1939, 0.9;
1940, 0.899;
1941, 0.899;
1942, 0.898;
1943, 0.897;
1944, 0.897;
1945, 0.896;
1946, 0.896;
1947, 0.896;
1948, 0.896;
1949, 0.896;
1950, 0.896;
1951, 0.896;
1952, 0.896;
1953, 0.897;
1954, 0.898;
1955, 0.898;
1956, 0.899;
1957, 0.9;
1958, 0.902;
1959, 0.903;
1960, 0.904;
1961, 0.906;
1962, 0.908;
1963, 0.91;
1964, 0.912;
1965, 0.914;
1966, 0.917;
1967, 0.921;
1968, 0.926;
1969, 0.93;
1970, 0.935;
1971, 0.94;
1972, 0.945;
1973, 0.95;
1974, 0.955;
1975, 0.96;
1976, 0.964;
1977, 0.969;
1978, 0.974;
1979, 0.978;
1980, 0.982;
1981, 0.986;
1982, 0.99;
1983, 0.994;
1984, 0.997;
1985, 1.0;
1986, 1.003;
1987, 1.005;
1988, 1.007;
1989, 1.009;
1990, 1.01;
1991, 1.01;
1992, 1.011;
1993, 1.01;
1994, 1.009;
1995, 1.008;
1996, 1.006;
1997, 1.003;
1998, 1.0;
1999, 0.985;
2000, 0.97;
2001, 0.954;
2002, 0.937;
2003, 0.92;
2004, 0.902;
2005, 0.883;
2006, 0.864;
2007, 0.844;
2008, 0.824;
2009, 0.803;
2010, 0.782;
2011, 0.76;
2012, 0.737;
2013, 0.714;
2014, 0.697;
2015, 0.68;
2016, 0.662;
2017, 0.645;
2018, 0.627;
2019, 0.611;
2020, 0.594;
2021, 0.579;
2022, 0.565;
2023, 0.551;
2024, 0.539;
2025, 0.529;
2026, 0.52;
2027, 0.514;
2028, 0.509;
2029, 0.507;
2030, 0.507;
2031, 0.51;
2032, 0.516;
2033, 0.525;
2034, 0.537;
2035, 0.552;
2036, 0.571;
2037, 0.621;
2038, 0.673;
2039, 0.726;
2040, 0.78;
2041, 0.832;
2042, 0.881;
2043, 0.926;
2044, 0.966;
2045, 1.0;
2046, 0.993;
2047, 0.979;
2048, 0.958;
2049, 0.931;
2050, 0.899;
2051, 0.862;
2052, 0.82;
2053, 0.775;
2054, 0.726;
2055, 0.675;
2056, 0.622;
2057, 0.568;
2058, 0.512;
2059, 0.457;
2060, 0.401;
2061, 0.347;
2062, 0.294;
2063, 0.243;
2064, 0.195;
2065, 0.15;
2066, 0.108;
2067, 0.071;
2068, 0.039;
2069, 0.012;
2070, -0.008;
2071, -0.022;
2072, -0.029;
2073, -0.027;
2074, -0.018;
2075, 0.001;
2076, 0.029;
2077, 0.067;
2078, 0.116;
2079, 0.177;
2080, 0.249;
2081, 0.333;
2082, 0.55;
2083, 0.774;
2084, 1.0;
2085, 1.111;
2086, 1.218;
2087, 1.32;
2088, 1.418;
2089, 1.511;
2090, 1.601;
2091, 1.685;
2092, 1.766;
2093, 1.842;
2094, 1.914;
2095, 1.981;
2096, 2.044;
2097, 2.102;
2098, 2.157;
2099, 2.206;
2100, 2.252;
2101, 2.293;
2102, 2.33;
2103, 2.362;
2104, 2.39;
2105, 2.414;
2106, 2.433;
2107, 2.448;
2108, 2.459;
2109, 2.465;
2110, 2.467;
2111, 2.465;
2112, 2.458;
2113, 2.447;
2114, 2.432;
2115, 2.412;
2116, 2.388;
2117, 2.36;
2118, 2.327;
2119, 2.29;
2120, 2.249;
2121, 2.203;
2122, 2.153;
2123, 2.099;
2124, 2.04;
2125, 1.977;
2126, 1.91;
2127, 1.838;
2128, 1.762;
2129, 1.682;
2130, 1.598;
2131, 1.509;
2132, 1.416;
2133, 1.318;
2134, 1.216;
2135, 1.11;
2136, 1.0;
2137, 0.787;
2138, 0.583;
2139, 0.4;
2140, 0.378;
2141, 0.385;
2142, 0.417;
2143, 0.47;
2144, 0.541;
2145, 0.624;
2146, 0.715;
2147, 0.812;
2148, 0.908;
2149, 1.0;
2150, 1.054;
2151, 1.094;
2152, 1.114;
2153, 1.109;
2154, 1.073;
2155, 1.0;
2156, 0.83;
2157, 0.661;
2158, 0.537;
2159, 0.5;
2160, 0.75;
2161, 0.884;
2162, 1.001;
2163, 1.103;
2164, 1.189;
2165, 1.261;
2166, 1.319;
2167, 1.365;
2168, 1.398;
2169, 1.42;
2170, 1.432;
2171, 1.434;
2172, 1.427;
2173, 1.412;
2174, 1.39;
2175, 1.361;
2176, 1.327;
2177, 1.287;
2178, 1.243;
2179, 1.196;
2180, 1.146;
2181, 1.094;
2182, 1.041;
2183, 0.987;
2184, 0.935;
2185, 0.883;
2186, 0.833;
2187, 0.785;
2188, 0.738;
2189, 0.695;
2190, 0.654;
2191, 0.616;
2192, 0.58;
2193, 0.547;
2194, 0.516;
2195, 0.488;
2196, 0.461;
2197, 0.437;
2198, 0.415;
2199, 0.396;
2200, 0.378;
2201, 0.362;
2202, 0.348;
2203, 0.336;
2204, 0.326;
2205, 0.318;
2206, 0.311;
2207, 0.306;
2208, 0.303;
2209, 0.301;
2210, 0.3;
2211, 0.301;
2212, 0.304;
2213, 0.307;
2214, 0.312;
2215, 0.318;
2216, 0.325;
2217, 0.333;
2218, 0.343;
2219, 0.353;
2220, 0.364;
2221, 0.376;
2222, 0.388;
2223, 0.402;
2224, 0.416;
2225, 0.43;
2226, 0.446;
2227, 0.461;
2228, 0.477;
2229, 0.494;
2230, 0.511;
2231, 0.528;
2232, 0.545;
2233, 0.562;
2234, 0.58;
2235, 0.597;
2236, 0.614;
2237, 0.632;
2238, 0.649;
2239, 0.666;
2240, 0.683;
2241, 0.699;
2242, 0.715;
2243, 0.731;
2244, 0.746;
2245, 0.76;
2246, 0.774;
2247, 0.787;
2248, 0.8;
2249, 0.813;
2250, 0.824;
2251, 0.835;
2252, 0.845;
2253, 0.855;
2254, 0.864;
2255, 0.871;
2256, 0.879;
2257, 0.885;
2258, 0.891;
2259, 0.896;
2260, 0.9;
2261, 0.904;
2262, 0.907;
2263, 0.909;
2264, 0.911;
2265, 0.912;
2266, 0.912;
2267, 0.912;
2268, 0.911;
2269, 0.909;
2270, 0.907;
2271, 0.904;
2272, 0.901;
2273, 0.896;
2274, 0.892;
2275, 0.886;
2276, 0.881;
2277, 0.874;
2278, 0.867;
2279, 0.859;
2280, 0.851;
2281, 0.843;
2282, 0.833;
2283, 0.817;
2284, 0.801;
2285, 0.784;
2286, 0.766;
2287, 0.749;
2288, 0.73;
2289, 0.712;
2290, 0.693;
2291, 0.674;
2292, 0.655;
2293, 0.635;
2294, 0.616;
2295, 0.596;
2296, 0.576;
2297, 0.556;
2298, 0.536;
2299, 0.516;
2300, 0.496;
2301, 0.476;
2302, 0.457;
2303, 0.437;
2304, 0.418;
2305, 0.398;
2306, 0.379;
2307, 0.361;
2308, 0.342;
2309, 0.324;
2310, 0.307;
2311, 0.289;
2312, 0.273;
2313, 0.256;
2314, 0.24;
2315, 0.225;
2316, 0.21;
2317, 0.196;
2318, 0.183;
2319, 0.17;
2320, 0.158;
2321, 0.147;
2322, 0.136;
2323, 0.127;
2324, 0.118;
2325, 0.11;
2326, 0.103;
2327, 0.097;
2328, 0.092;
2329, 0.088;
2330, 0.085;
2331, 0.083;
2332, 0.082;
2333, 0.082;
2334, 0.084;
2335, 0.087;
2336, 0.091;
2337, 0.096;
2338, 0.102;
2339, 0.11;
2340, 0.12;
2341, 0.131;
2342, 0.143;
2343, 0.181;
2344, 0.22;
2345, 0.261;
2346, 0.302;
2347, 0.344;
2348, 0.387;
2349, 0.43;
2350, 0.473;
2351, 0.516;
2352, 0.559;
2353, 0.601;
2354, 0.642;
2355, 0.683;
2356, 0.723;
2357, 0.761;
2358, 0.798;
2359, 0.833;
2360, 0.867;
2361, 0.898;
2362, 0.928;
2363, 0.954;
2364, 0.979;
2365, 1.0;
2366, 0.991;
2367, 0.979;
2368, 0.964;
2369, 0.948;
2370, 0.93;
2371, 0.91;
2372, 0.889;
2373, 0.867;
2374, 0.845;
2375, 0.822;
2376, 0.8;
2377, 0.783;
2378, 0.767;
2379, 0.751;
2380, 0.736;
2381, 0.72;
2382, 0.706;
2383, 0.691;
2384, 0.677;
2385, 0.663;
2386, 0.65;
2387, 0.637;
2388, 0.624;
2389, 0.612;
2390, 0.6;
2391, 0.588;
2392, 0.577;
2393, 0.566;
2394, 0.555;
2395, 0.545;
2396, 0.535;
2397, 0.526;
2398, 0.517;
2399, 0.508;
2400, 0.499;
2401, 0.491;
2402, 0.483;
2403, 0.476;
2404, 0.469;
2405, 0.462;
2406, 0.455;
2407, 0.449;
2408, 0.443;
2409, 0.438;
2410, 0.433;
2411, 0.428;
2412, 0.423;
2413, 0.419;
2414, 0.415;
2415, 0.412;
2416, 0.409;
2417, 0.406;
2418, 0.403;
2419, 0.401;
2420, 0.399;
2421, 0.397;
2422, 0.396;
2423, 0.395;
2424, 0.394;
2425, 0.394;
2426, 0.394;
2427, 0.394;
2428, 0.395;
2429, 0.396;
2430, 0.397;
2431, 0.398;
2432, 0.4;
2433, 0.409;
2434, 0.418;
2435, 0.427;
2436, 0.437;
2437, 0.447;
2438, 0.457;
2439, 0.467;
2440, 0.477;
2441, 0.488;
2442, 0.499;
2443, 0.509;
2444, 0.52;
2445, 0.531;
2446, 0.542;
2447, 0.554;
2448, 0.565;
2449, 0.576;
2450, 0.587;
2451, 0.598;
2452, 0.61;
2453, 0.621;
2454, 0.632;
2455, 0.643;
2456, 0.654;
2457, 0.664;
2458, 0.675;
2459, 0.685;
2460, 0.696;
2461, 0.706;
2462, 0.716;
2463, 0.725;
2464, 0.735;
2465, 0.744;
2466, 0.753;
2467, 0.761;
2468, 0.77;
2469, 0.777;
2470, 0.785;
2471, 0.792;
2472, 0.799;
2473, 0.805;
2474, 0.811;
2475, 0.817;
2476, 0.822;
2477, 0.827;
2478, 0.831;
2479, 0.834;
2480, 0.837;
2481, 0.84;
2482, 0.842;
2483, 0.843;
2484, 0.844;
2485, 0.844;
2486, 0.844;
2487, 0.842;
2488, 0.841;
2489, 0.838;
2490, 0.835;
2491, 0.831;
2492, 0.826;
2493, 0.821;
2494, 0.815;
2495, 0.808;
2496, 0.8;
2497, 0.775;
2498, 0.749;
2499, 0.723;
2500, 0.696;
2501, 0.669;
2502, 0.641;
2503, 0.613;
2504, 0.586;
2505, 0.558;
2506, 0.531;
2507, 0.503;
2508, 0.477;
2509, 0.45;
2510, 0.425;
2511, 0.4;
2512, 0.387;
2513, 0.375;
2514, 0.364;
2515, 0.354;
2516, 0.344;
2517, 0.335;
2518, 0.327;
2519, 0.32;
2520, 0.313;
2521, 0.307;
2522, 0.302;
2523, 0.297;
2524, 0.293;
2525, 0.289;
2526, 0.286;
2527, 0.283;
2528, 0.282;
2529, 0.28;
2530, 0.279;
2531, 0.279;
2532, 0.278;
2533, 0.279;
2534, 0.279;
2535, 0.28;
2536, 0.282;
2537, 0.284;
2538, 0.286;
2539, 0.297;
2540, 0.308;
2541, 0.32;
2542, 0.332;
2543, 0.344;
2544, 0.356;
2545, 0.369;
2546, 0.381;
2547, 0.394;
2548, 0.407;
2549, 0.421;
2550, 0.434;
2551, 0.448;
2552, 0.461;
2553, 0.475;
2554, 0.489;
2555, 0.503;
2556, 0.517;
2557, 0.531;
2558, 0.545;
2559, 0.559;
2560, 0.573;
2561, 0.587;
2562, 0.601;
2563, 0.615;
2564, 0.629;
2565, 0.643;
2566, 0.656;
2567, 0.67;
2568, 0.684;
2569, 0.697;
2570, 0.711;
2571, 0.724;
2572, 0.737;
2573, 0.75;
2574, 0.757;
2575, 0.765;
2576, 0.772;
2577, 0.779;
2578, 0.786;
2579, 0.792;
2580, 0.799;
2581, 0.805;
2582, 0.811;
2583, 0.817;
2584, 0.823;
2585, 0.829;
2586, 0.834;
2587, 0.84;
2588, 0.845;
2589, 0.85;
2590, 0.855;
2591, 0.86;
2592, 0.864;
2593, 0.869;
2594, 0.873;
2595, 0.878;
2596, 0.882;
2597, 0.886;
2598, 0.89;
2599, 0.893;
2600, 0.897;
2601, 0.901;
2602, 0.904;
2603, 0.907;
2604, 0.911;
2605, 0.914;
2606, 0.917;
2607, 0.92;
2608, 0.923;
2609, 0.925;
2610, 0.928;
2611, 0.93;
2612, 0.933;
2613, 0.935;
2614, 0.938;
2615, 0.94;
2616, 0.942;
2617, 0.944;
2618, 0.946;
2619, 0.948;
2620, 0.95;
2621, 0.951;
2622, 0.953;
2623, 0.955;
2624, 0.956;
2625, 0.958;
2626, 0.959;
2627, 0.961;
2628, 0.962;
2629, 0.963;
2630, 0.965;
2631, 0.966;
2632, 0.967;
2633, 0.968;
2634, 0.969;
2635, 0.971;
2636, 0.972;
2637, 0.973;
2638, 0.974;
2639, 0.975;
2640, 0.975;
2641, 0.976;
2642, 0.977;
2643, 0.978;
2644, 0.979;
2645, 0.98;
2646, 0.981;
2647, 0.982;
2648, 0.982;
2649, 0.983;
2650, 0.984;
2651, 0.985;
2652, 0.986;
2653, 0.987;
2654, 0.988;
2655, 0.989;
2656, 0.989;
2657, 0.99;
2658, 0.991;
2659, 0.992;
2660, 0.993;
2661, 0.994;
2662, 0.995;
2663, 0.997;
2664, 0.998;
2665, 0.999;
2666, 1.0;
2667, 1.0;
2668, 1.0;
2669, 1.0;
2670, 1.0;
2671, 1.0;
2672, 1.0;
2673, 1.0;
2674, 1.0;
2675, 1.001;
2676, 1.001;
2677, 1.001;
2678, 1.001;
2679, 1.002;
2680, 1.002;
2681, 1.002;
2682, 1.003;
2683, 1.003;
2684, 1.003;
2685, 1.004;
2686, 1.004;
2687, 1.004;
2688, 1.005;
2689, 1.005;
2690, 1.006;
2691, 1.006;
2692, 1.006;
2693, 1.007;
2694, 1.007;
2695, 1.007;
2696, 1.007;
2697, 1.007;
2698, 1.008;
2699, 1.008;
2700, 1.008;
2701, 1.008;
2702, 1.008;
2703, 1.008;
2704, 1.008;
2705, 1.007;
2706, 1.007;
2707, 1.007;
2708, 1.007;
2709, 1.006;
2710, 1.006;
2711, 1.005;
2712, 1.004;
2713, 1.004;
2714, 1.003;
2715, 1.002;
2716, 1.001;
2717, 1.0;
2718, 0.997;
2719, 0.994;
2720, 0.991;
2721, 0.988;
2722, 0.984;
2723, 0.981;
2724, 0.977;
2725, 0.974;
2726, 0.97;
2727, 0.967;
2728, 0.963;
2729, 0.959;
2730, 0.955;
2731, 0.952;
2732, 0.948;
2733, 0.944;
2734, 0.94;
2735, 0.936;
2736, 0.932;
2737, 0.928;
2738, 0.924;
2739, 0.92;
2740, 0.916;
2741, 0.911;
2742, 0.907;
2743, 0.903;
2744, 0.899;
2745, 0.895;
2746, 0.891;
2747, 0.887;
2748, 0.883;
2749, 0.879;
2750, 0.875;
2751, 0.871;
2752, 0.867;
2753, 0.863;
2754, 0.859;
2755, 0.855;
2756, 0.851;
2757, 0.848;
2758, 0.844;
2759, 0.84;
2760, 0.837;
2761, 0.833;
2762, 0.83;
2763, 0.826;
2764, 0.823;
2765, 0.82;
2766, 0.817;
2767, 0.814;
2768, 0.811;
2769, 0.808;
2770, 0.805;
2771, 0.803;
2772, 0.8;
2773, 0.799;
2774, 0.797;
2775, 0.796;
2776, 0.795;
2777, 0.794;
2778, 0.793;
2779, 0.792;
2780, 0.792;
2781, 0.791;
2782, 0.79;
2783, 0.79;
2784, 0.79;
2785, 0.789;
2786, 0.789;
2787, 0.789;
2788, 0.788;
2789, 0.788;
2790, 0.788;
2791, 0.788;
2792, 0.788;
2793, 0.788;
2794, 0.788;
2795, 0.788;
2796, 0.788;
2797, 0.788;
2798, 0.788;
2799, 0.789;
2800, 0.789;
2801, 0.789;
2802, 0.789;
2803, 0.789;
2804, 0.789;
2805, 0.789;
2806, 0.789;
2807, 0.79;
2808, 0.79;
2809, 0.79;
2810, 0.79;
2811, 0.79;
2812, 0.789;
2813, 0.789;
2814, 0.789;
2815, 0.789;
2816, 0.789;
2817, 0.788;
2818, 0.788;
2819, 0.788;
2820, 0.787;
2821, 0.786;
2822, 0.786;
2823, 0.785;
2824, 0.784;
2825, 0.783;
2826, 0.782;
2827, 0.781;
2828, 0.78;
2829, 0.779;
2830, 0.777;
2831, 0.776;
2832, 0.774;
2833, 0.772;
2834, 0.77;
2835, 0.768;
2836, 0.766;
2837, 0.764;
2838, 0.762;
2839, 0.759;
2840, 0.756;
2841, 0.754;
2842, 0.751;
2843, 0.747;
2844, 0.744;
2845, 0.741;
2846, 0.737;
2847, 0.733;
2848, 0.729;
2849, 0.725;
2850, 0.721;
2851, 0.716;
2852, 0.712;
2853, 0.707;
2854, 0.702;
2855, 0.696;
2856, 0.691;
2857, 0.685;
2858, 0.679;
2859, 0.673;
2860, 0.667;
2861, 0.66;
2862, 0.654;
2863, 0.647;
2864, 0.64;
2865, 0.633;
2866, 0.626;
2867, 0.618;
2868, 0.611;
2869, 0.604;
2870, 0.596;
2871, 0.589;
2872, 0.581;
2873, 0.574;
2874, 0.566;
2875, 0.559;
2876, 0.552;
2877, 0.544;
2878, 0.537;
2879, 0.531;
2880, 0.524;
2881, 0.517;
2882, 0.511;
2883, 0.505;
2884, 0.499;
2885, 0.494;
2886, 0.488;
2887, 0.483;
2888, 0.479;
2889, 0.475;
2890, 0.471;
2891, 0.467;
2892, 0.464;
2893, 0.462;
2894, 0.46;
2895, 0.458;
2896, 0.457;
2897, 0.456;
2898, 0.456;
2899, 0.456;
2900, 0.458;
2901, 0.459;
2902, 0.461;
2903, 0.464;
2904, 0.468;
2905, 0.472;
2906, 0.477;
2907, 0.483;
2908, 0.489;
2909, 0.497;
2910, 0.505;
2911, 0.514;
2912, 0.523;
2913, 0.534;
2914, 0.545;
2915, 0.558;
2916, 0.571;
2917, 0.585;
2918, 0.6;
2919, 0.633;
2920, 0.667;
2921, 0.702;
2922, 0.737;
2923, 0.772;
2924, 0.807;
2925, 0.841;
2926, 0.875;
2927, 0.908;
2928, 0.94;
2929, 0.971;
2930, 1.0;
2931, 1.011;
2932, 1.02;
2933, 1.028;
2934, 1.034;
2935, 1.039;
2936, 1.043;
2937, 1.046;
2938, 1.047;
2939, 1.047;
2940, 1.047;
2941, 1.045;
2942, 1.043;
2943, 1.041;
2944, 1.037;
2945, 1.033;
2946, 1.029;
2947, 1.025;
2948, 1.02;
2949, 1.015;
2950, 1.01;
2951, 1.005;
2952, 1.0;
2953, 0.995;
2954, 0.991;
2955, 0.987;
2956, 0.983;
2957, 0.979;
2958, 0.975;
2959, 0.972;
2960, 0.969;
2961, 0.966;
2962, 0.963;
2963, 0.961;
2964, 0.959;
2965, 0.957;
2966, 0.955;
2967, 0.953;
2968, 0.952;
2969, 0.951;
2970, 0.95;
2971, 0.95;
2972, 0.95;
2973, 0.95;
2974, 0.95;
2975, 0.951;
2976, 0.952;
2977, 0.953;
2978, 0.954;
2979, 0.956;
2980, 0.958;
2981, 0.96;
2982, 0.963;
2983, 0.966;
2984, 0.969;
2985, 0.973;
2986, 0.976;
2987, 0.98;
2988, 0.985;
2989, 0.99;
2990, 0.995;
2991, 1.0;
2992, 1.006;
2993, 1.012;
2994, 1.018;
2995, 1.024;
2996, 1.031;
2997, 1.037;
2998, 1.044;
2999, 1.051;
3000, 1.058;
3001, 1.064;
3002, 1.071;
3003, 1.077;
3004, 1.084;
3005, 1.09;
3006, 1.095;
3007, 1.101;
3008, 1.106;
3009, 1.111;
3010, 1.115;
3011, 1.119;
3012, 1.122;
3013, 1.125;
3014, 1.127;
3015, 1.129;
3016, 1.13;
3017, 1.13;
3018, 1.129;
3019, 1.128;
3020, 1.125;
3021, 1.122;
3022, 1.118;
3023, 1.113;
3024, 1.107;
3025, 1.1;
3026, 1.092;
3027, 1.082;
3028, 1.072;
3029, 1.06;
3030, 1.047;
3031, 1.033;
3032, 1.017;
3033, 1.0;
3034, 0.962;
3035, 0.922;
3036, 0.882;
3037, 0.841;
3038, 0.799;
3039, 0.757;
3040, 0.716;
3041, 0.674;
3042, 0.633;
3043, 0.593;
3044, 0.554;
3045, 0.516;
3046, 0.479;
3047, 0.444;
3048, 0.439;
3049, 0.435;
3050, 0.434;
3051, 0.434;
3052, 0.436;
3053, 0.439;
3054, 0.444;
3055, 0.45;
3056, 0.458;
3057, 0.468;
3058, 0.478;
3059, 0.49;
3060, 0.503;
3061, 0.518;
3062, 0.533;
3063, 0.549;
3064, 0.566;
3065, 0.584;
3066, 0.603;
3067, 0.622;
3068, 0.643;
3069, 0.663;
3070, 0.685;
3071, 0.706;
3072, 0.728;
3073, 0.751;
3074, 0.774;
3075, 0.796;
3076, 0.819;
3077, 0.843;
3078, 0.866;
3079, 0.889;
3080, 0.911;
3081, 0.934;
3082, 0.956;
3083, 0.978;
3084, 1.0;
3085, 1.014;
3086, 1.027;
3087, 1.04;
3088, 1.052;
3089, 1.064;
3090, 1.075;
3091, 1.086;
3092, 1.096;
3093, 1.107;
3094, 1.116;
3095, 1.125;
3096, 1.134;
3097, 1.143;
3098, 1.151;
3099, 1.158;
3100, 1.165;
3101, 1.172;
3102, 1.179;
3103, 1.185;
3104, 1.19;
3105, 1.196;
3106, 1.201;
3107, 1.205;
3108, 1.21;
3109, 1.214;
3110, 1.217;
3111, 1.22;
3112, 1.223;
3113, 1.226;
3114, 1.228;
3115, 1.23;
3116, 1.232;
3117, 1.233;
3118, 1.234;
3119, 1.235;
3120, 1.235;
3121, 1.236;
3122, 1.235;
3123, 1.235;
3124, 1.234;
3125, 1.234;
3126, 1.232;
3127, 1.231;
3128, 1.229;
3129, 1.227;
3130, 1.225;
3131, 1.223;
3132, 1.22;
3133, 1.218;
3134, 1.215;
3135, 1.211;
3136, 1.208;
3137, 1.204;
3138, 1.2;
3139, 1.196;
3140, 1.192;
3141, 1.188;
3142, 1.183;
3143, 1.179;
3144, 1.174;
3145, 1.169;
3146, 1.164;
3147, 1.158;
3148, 1.153;
3149, 1.147;
3150, 1.141;
3151, 1.136;
3152, 1.13;
3153, 1.123;
3154, 1.117;
3155, 1.111;
3156, 1.105;
3157, 1.098;
3158, 1.091;
3159, 1.085;
3160, 1.078;
3161, 1.071;
3162, 1.064;
3163, 1.057;
3164, 1.05;
3165, 1.043;
3166, 1.036;
3167, 1.029;
3168, 1.022;
3169, 1.015;
3170, 1.007;
3171, 1.0;
3172, 0.991;
3173, 0.981;
3174, 0.972;
3175, 0.962;
3176, 0.953;
3177, 0.944;
3178, 0.934;
3179, 0.925;
3180, 0.916;
3181, 0.907;
3182, 0.898;
3183, 0.889;
3184, 0.88;
3185, 0.871;
3186, 0.863;
3187, 0.854;
3188, 0.846;
3189, 0.838;
3190, 0.83;
3191, 0.822;
3192, 0.814;
3193, 0.807;
3194, 0.799;
3195, 0.792;
3196, 0.785;
3197, 0.779;
3198, 0.772;
3199, 0.766;
3200, 0.76;
3201, 0.755;
3202, 0.749;
3203, 0.744;
3204, 0.739;
3205, 0.735;
3206, 0.731;
3207, 0.727;
3208, 0.723;
3209, 0.72;
3210, 0.717;
3211, 0.715;
3212, 0.713;
3213, 0.711;
3214, 0.71;
3215, 0.709;
3216, 0.708;
3217, 0.708;
3218, 0.709;
3219, 0.709;
3220, 0.711;
3221, 0.712;
3222, 0.715;
3223, 0.717;
3224, 0.72;
3225, 0.724;
3226, 0.728;
3227, 0.733;
3228, 0.738;
3229, 0.744;
3230, 0.75;
3231, 0.768;
3232, 0.786;
3233, 0.805;
3234, 0.824;
3235, 0.843;
3236, 0.862;
3237, 0.88;
3238, 0.899;
3239, 0.917;
3240, 0.935;
3241, 0.953;
3242, 0.969;
3243, 0.985;
3244, 1.0;
3245, 0.999;
3246, 0.997;
3247, 0.993;
3248, 0.989;
3249, 0.984;
3250, 0.979;
3251, 0.972;
3252, 0.965;
3253, 0.957;
3254, 0.948;
3255, 0.938;
3256, 0.928;
3257, 0.917;
3258, 0.906;
3259, 0.894;
3260, 0.881;
3261, 0.868;
3262, 0.855;
3263, 0.841;
3264, 0.827;
3265, 0.812;
3266, 0.797;
3267, 0.782;
3268, 0.766;
3269, 0.75;
3270, 0.734;
3271, 0.718;
3272, 0.702;
3273, 0.685;
3274, 0.669;
3275, 0.652;
3276, 0.635;
3277, 0.619;
3278, 0.602;
3279, 0.585;
3280, 0.569;
3281, 0.553;
3282, 0.536;
3283, 0.52;
3284, 0.505;
3285, 0.489;
3286, 0.474;
3287, 0.459;
3288, 0.444;
3289, 0.438;
3290, 0.432;
3291, 0.427;
3292, 0.422;
3293, 0.417;
3294, 0.413;
3295, 0.408;
3296, 0.405;
3297, 0.401;
3298, 0.398;
3299, 0.396;
3300, 0.393;
3301, 0.391;
3302, 0.389;
3303, 0.388;
3304, 0.387;
3305, 0.386;
3306, 0.385;
3307, 0.385;
3308, 0.385;
3309, 0.385;
3310, 0.385;
3311, 0.386;
3312, 0.387;
3313, 0.388;
3314, 0.39;
3315, 0.391;
3316, 0.393;
3317, 0.395;
3318, 0.398;
3319, 0.4;
3320, 0.403;
3321, 0.406;
3322, 0.409;
3323, 0.413;
3324, 0.416;
3325, 0.42;
3326, 0.424;
3327, 0.428;
3328, 0.433;
3329, 0.437;
3330, 0.442;
3331, 0.446;
3332, 0.451;
3333, 0.456;
3334, 0.461;
3335, 0.467;
3336, 0.472;
3337, 0.478;
3338, 0.483;
3339, 0.489;
3340, 0.495;
3341, 0.501;
3342, 0.507;
3343, 0.513;
3344, 0.519;
3345, 0.525;
3346, 0.531;
3347, 0.538;
3348, 0.544;
3349, 0.551;
3350, 0.557;
3351, 0.564;
3352, 0.57;
3353, 0.577;
3354, 0.583;
3355, 0.59;
3356, 0.597;
3357, 0.603;
3358, 0.61;
3359, 0.617;
3360, 0.623;
3361, 0.63;
3362, 0.637;
3363, 0.643;
3364, 0.65;
3365, 0.656;
3366, 0.663;
3367, 0.669;
3368, 0.675;
3369, 0.682;
3370, 0.688;
3371, 0.694;
3372, 0.7;
3373, 0.706;
3374, 0.712;
3375, 0.718;
3376, 0.723;
3377, 0.729;
3378, 0.734;
3379, 0.74;
3380, 0.745;
3381, 0.75;
3382, 0.756;
3383, 0.761;
3384, 0.767;
3385, 0.772;
3386, 0.778;
3387, 0.783;
3388, 0.788;
3389, 0.793;
3390, 0.798;
3391, 0.802;
3392, 0.807;
3393, 0.812;
3394, 0.816;
3395, 0.821;
3396, 0.825;
3397, 0.829;
3398, 0.833;
3399, 0.835;
3400, 0.837;
3401, 0.838;
3402, 0.84;
3403, 0.841;
3404, 0.842;
3405, 0.844;
3406, 0.845;
3407, 0.846;
3408, 0.847;
3409, 0.848;
3410, 0.849;
3411, 0.85;
3412, 0.851;
3413, 0.852;
3414, 0.853;
3415, 0.854;
3416, 0.854;
3417, 0.855;
3418, 0.855;
3419, 0.856;
3420, 0.856;
3421, 0.857;
3422, 0.857;
3423, 0.858;
3424, 0.858;
3425, 0.858;
3426, 0.858;
3427, 0.858;
3428, 0.858;
3429, 0.858;
3430, 0.858;
3431, 0.858;
3432, 0.858;
3433, 0.858;
3434, 0.858;
3435, 0.858;
3436, 0.858;
3437, 0.857;
3438, 0.857;
3439, 0.857;
3440, 0.856;
3441, 0.856;
3442, 0.855;
3443, 0.855;
3444, 0.854;
3445, 0.854;
3446, 0.853;
3447, 0.852;
3448, 0.852;
3449, 0.851;
3450, 0.85;
3451, 0.849;
3452, 0.849;
3453, 0.848;
3454, 0.847;
3455, 0.846;
3456, 0.845;
3457, 0.844;
3458, 0.843;
3459, 0.842;
3460, 0.841;
3461, 0.84;
3462, 0.839;
3463, 0.838;
3464, 0.837;
3465, 0.836;
3466, 0.835;
3467, 0.833;
3468, 0.831;
3469, 0.828;
3470, 0.825;
3471, 0.823;
3472, 0.82;
3473, 0.817;
3474, 0.815;
3475, 0.812;
3476, 0.809;
3477, 0.806;
3478, 0.803;
3479, 0.801;
3480, 0.798;
3481, 0.795;
3482, 0.792;
3483, 0.789;
3484, 0.786;
3485, 0.783;
3486, 0.78;
3487, 0.777;
3488, 0.774;
3489, 0.771;
3490, 0.768;
3491, 0.765;
3492, 0.762;
3493, 0.759;
3494, 0.756;
3495, 0.753;
3496, 0.75;
3497, 0.748;
3498, 0.747;
3499, 0.745;
3500, 0.744;
3501, 0.742;
3502, 0.741;
3503, 0.74;
3504, 0.739;
3505, 0.738;
3506, 0.737;
3507, 0.737;
3508, 0.737;
3509, 0.737;
3510, 0.738;
3511, 0.739;
3512, 0.74;
3513, 0.742;
3514, 0.744;
3515, 0.747;
3516, 0.75;
3517, 0.76;
3518, 0.77;
3519, 0.78;
3520, 0.791;
3521, 0.803;
3522, 0.814;
3523, 0.826;
3524, 0.839;
3525, 0.851;
3526, 0.863;
3527, 0.876;
3528, 0.889;
3529, 0.902;
3530, 0.914;
3531, 0.927;
3532, 0.94;
3533, 0.952;
3534, 0.964;
3535, 0.977;
3536, 0.988;
3537, 1.0;
3538, 1.005;
3539, 1.01;
3540, 1.015;
3541, 1.019;
3542, 1.023;
3543, 1.027;
3544, 1.03;
3545, 1.034;
3546, 1.036;
3547, 1.039;
3548, 1.041;
3549, 1.044;
3550, 1.045;
3551, 1.047;
3552, 1.049;
3553, 1.05;
3554, 1.051;
3555, 1.052;
3556, 1.052;
3557, 1.053;
3558, 1.053;
3559, 1.053;
3560, 1.053;
3561, 1.052;
3562, 1.052;
3563, 1.051;
3564, 1.051;
3565, 1.05;
3566, 1.049;
3567, 1.048;
3568, 1.047;
3569, 1.045;
3570, 1.044;
3571, 1.043;
3572, 1.041;
3573, 1.04;
3574, 1.038;
3575, 1.036;
3576, 1.035;
3577, 1.033;
3578, 1.031;
3579, 1.029;
3580, 1.027;
3581, 1.026;
3582, 1.024;
3583, 1.022;
3584, 1.02;
3585, 1.018;
3586, 1.017;
3587, 1.015;
3588, 1.013;
3589, 1.012;
3590, 1.01;
3591, 1.009;
3592, 1.007;
3593, 1.006;
3594, 1.005;
3595, 1.004;
3596, 1.003;
3597, 1.002;
3598, 1.001;
3599, 1.0;
3600, 1.0;
3601, 1.0;
3602, 0.999;
3603, 0.999;
3604, 0.999;
3605, 0.999;
3606, 1.0;
3607, 1.0;
3608, 1.0;
3609, 1.0;
3610, 1.0;
3611, 0.998;
3612, 0.995;
3613, 0.993;
3614, 0.99;
3615, 0.988;
3616, 0.985;
3617, 0.982;
3618, 0.979;
3619, 0.976;
3620, 0.973;
3621, 0.97;
3622, 0.966;
3623, 0.962;
3624, 0.959;
3625, 0.955;
3626, 0.951;
3627, 0.947;
3628, 0.942;
3629, 0.938;
3630, 0.933;
3631, 0.928;
3632, 0.923;
3633, 0.917;
3634, 0.912;
3635, 0.906;
3636, 0.9;
3637, 0.893;
3638, 0.887;
3639, 0.88;
3640, 0.873;
3641, 0.866;
3642, 0.858;
3643, 0.85;
3644, 0.842;
3645, 0.833;
3646, 0.825;
3647, 0.816;
3648, 0.807;
3649, 0.798;
3650, 0.788;
3651, 0.778;
3652, 0.768;
3653, 0.758;
3654, 0.748;
3655, 0.738;
3656, 0.728;
3657, 0.718;
3658, 0.707;
3659, 0.697;
3660, 0.687;
3661, 0.677;
3662, 0.667;
3663, 0.657;
3664, 0.647;
3665, 0.637;
3666, 0.628;
3667, 0.618;
3668, 0.609;
3669, 0.601;
3670, 0.592;
3671, 0.584;
3672, 0.576;
3673, 0.569;
3674, 0.562;
3675, 0.555;
3676, 0.549;
3677, 0.544;
3678, 0.538;
3679, 0.534;
3680, 0.53;
3681, 0.526;
3682, 0.523;
3683, 0.521;
3684, 0.519;
3685, 0.518;
3686, 0.518;
3687, 0.518;
3688, 0.519;
3689, 0.521;
3690, 0.524;
3691, 0.527;
3692, 0.532;
3693, 0.537;
3694, 0.543;
3695, 0.55;
3696, 0.558;
3697, 0.567;
3698, 0.577;
3699, 0.588;
3700, 0.6;
3701, 0.632;
3702, 0.665;
3703, 0.698;
3704, 0.732;
3705, 0.766;
3706, 0.801;
3707, 0.835;
3708, 0.869;
3709, 0.903;
3710, 0.936;
3711, 0.969;
3712, 1.0;
3713, 1.014;
3714, 1.026;
3715, 1.038;
3716, 1.048;
3717, 1.057;
3718, 1.065;
3719, 1.071;
3720, 1.076;
3721, 1.08;
3722, 1.083;
3723, 1.084;
3724, 1.083;
3725, 1.082;
3726, 1.079;
3727, 1.074;
3728, 1.068;
3729, 1.061;
3730, 1.052;
3731, 1.041;
3732, 1.029;
3733, 1.015;
3734, 1.0;
3735, 0.963;
3736, 0.925;
3737, 0.886;
3738, 0.845;
3739, 0.805;
3740, 0.763;
3741, 0.722;
3742, 0.68;
3743, 0.639;
3744, 0.598;
3745, 0.558;
3746, 0.519;
3747, 0.481;
3748, 0.444;
3749, 0.433;
3750, 0.423;
3751, 0.415;
3752, 0.408;
3753, 0.403;
3754, 0.399;
3755, 0.397;
3756, 0.395;
3757, 0.396;
3758, 0.397;
3759, 0.399;
3760, 0.403;
3761, 0.407;
3762, 0.413;
3763, 0.419;
3764, 0.426;
3765, 0.434;
3766, 0.443;
3767, 0.453;
3768, 0.463;
3769, 0.473;
3770, 0.484;
3771, 0.496;
3772, 0.508;
3773, 0.521;
3774, 0.533;
3775, 0.546;
3776, 0.56;
3777, 0.573;
3778, 0.586;
3779, 0.6;
3780, 0.613;
3781, 0.626;
3782, 0.639;
3783, 0.652;
3784, 0.665;
3785, 0.677;
3786, 0.689;
3787, 0.701;
3788, 0.712;
3789, 0.722;
3790, 0.732;
3791, 0.741;
3792, 0.75;
3793, 0.754;
3794, 0.758;
3795, 0.761;
3796, 0.762;
3797, 0.763;
3798, 0.763;
3799, 0.761;
3800, 0.759;
3801, 0.755;
3802, 0.75;
3803, 99999;
