1, 8.086;
2, 7.707;
3, 7.347;
4, 6.992;
5, 6.667;
6, 6.347;
7, 6.045;
8, 5.772;
9, 5.49;
10, 5.237;
11, 5.0;
12, 4.766;
13, 4.548;
14, 4.344;
15, 4.144;
16, 3.958;
17, 3.787;
18, 3.629;
19, 3.474;
20, 3.332;
21, 3.192;
22, 3.065;
23, 2.951;
24, 2.839;
25, 2.739;
26, 2.651;
27, 2.563;
28, 2.478;
29, 2.404;
30, 2.34;
31, 2.278;
32, 2.216;
33, 2.166;
34, 2.125;
35, 2.085;
36, 2.045;
37, 2.015;
38, 1.985;
39, 1.956;
40, 1.936;
41, 1.916;
42, 1.896;
43, 1.885;
44, 1.874;
45, 1.863;
46, 1.86;
47, 1.857;
48, 1.854;
49, 1.85;
50, 1.847;
51, 1.851;
52, 1.854;
53, 1.912;
54, 2.084;
55, 2.253;
56, 2.417;
57, 2.577;
58, 2.733;
59, 2.885;
60, 3.04;
61, 3.184;
62, 3.324;
63, 3.467;
64, 3.599;
65, 3.727;
66, 3.858;
67, 3.978;
68, 4.095;
69, 4.207;
70, 4.317;
71, 4.422;
72, 4.524;
73, 4.622;
74, 4.711;
75, 4.802;
76, 4.884;
77, 4.963;
78, 5.038;
79, 5.053;
80, 5.026;
81, 4.988;
82, 4.955;
83, 4.92;
84, 4.881;
85, 4.841;
86, 4.796;
87, 4.755;
88, 4.709;
89, 4.668;
90, 4.617;
91, 4.57;
92, 4.524;
93, 4.473;
94, 4.421;
95, 4.369;
96, 4.318;
97, 4.266;
98, 4.211;
99, 4.155;
100, 4.1;
101, 4.044;
102, 3.989;
103, 3.93;
104, 3.874;
105, 3.816;
106, 3.758;
107, 3.699;
108, 3.638;
109, 3.58;
110, 3.519;
111, 3.462;
112, 3.401;
113, 3.342;
114, 3.283;
115, 3.22;
116, 3.163;
117, 3.101;
118, 3.043;
119, 2.983;
120, 2.923;
121, 2.864;
122, 2.805;
123, 2.744;
124, 2.686;
125, 2.626;
126, 2.57;
127, 2.51;
128, 2.452;
129, 2.395;
130, 2.338;
131, 2.281;
132, 2.226;
133, 2.168;
134, 2.113;
135, 2.058;
136, 2.004;
137, 1.949;
138, 1.895;
139, 1.843;
140, 1.79;
141, 1.738;
142, 1.686;
143, 1.635;
144, 1.585;
145, 1.534;
146, 1.484;
147, 1.437;
148, 1.387;
149, 1.34;
150, 1.294;
151, 1.246;
152, 1.2;
153, 1.155;
154, 1.11;
155, 1.067;
156, 1.023;
157, 0.98;
158, 0.938;
159, 0.897;
160, 0.855;
161, 0.814;
162, 0.776;
163, 0.736;
164, 0.698;
165, 0.66;
166, 0.622;
167, 0.586;
168, 0.55;
169, 0.515;
170, 0.48;
171, 0.446;
172, 0.411;
173, 0.379;
174, 0.346;
175, 0.314;
176, 0.283;
177, 0.252;
178, 0.222;
179, 0.193;
180, 0.163;
181, 0.135;
182, 0.106;
183, 0.079;
184, 0.052;
185, 0.025;
186, -0.0;
187, -0.026;
188, -0.051;
189, -0.075;
190, -0.099;
191, -0.122;
192, -0.145;
193, -0.168;
194, -0.189;
195, -0.211;
196, -0.232;
197, -0.252;
198, -0.273;
199, -0.292;
200, -0.312;
201, -0.33;
202, -0.349;
203, -0.366;
204, -0.384;
205, -0.402;
206, -0.419;
207, -0.435;
208, -0.451;
209, -0.466;
210, -0.482;
211, -0.497;
212, -0.512;
213, -0.526;
214, -0.54;
215, -0.554;
216, -0.567;
217, -0.58;
218, -0.593;
219, -0.605;
220, -0.617;
221, -0.628;
222, -0.64;
223, -0.652;
224, -0.662;
225, -0.673;
226, -0.683;
227, -0.695;
228, -0.704;
229, -0.712;
230, -0.723;
231, -0.732;
232, -0.74;
233, -0.75;
234, -0.757;
235, -0.766;
236, -0.774;
237, -0.781;
238, -0.788;
239, -0.796;
240, -0.804;
241, -0.81;
242, -0.816;
243, -0.822;
244, -0.829;
245, -0.835;
246, -0.841;
247, -0.846;
248, -0.851;
249, -0.857;
250, -0.862;
251, -0.868;
252, -0.872;
253, -0.877;
254, -0.881;
255, -0.885;
256, -0.889;
257, -0.893;
258, -0.897;
259, -0.9;
260, -0.905;
261, -0.907;
262, -0.91;
263, -0.913;
264, -0.916;
265, -0.92;
266, -0.921;
267, -0.923;
268, -0.926;
269, -0.929;
270, -0.93;
271, -0.933;
272, -0.933;
273, -0.936;
274, -0.936;
275, -0.937;
276, -0.939;
277, -0.939;
278, -0.941;
279, -0.942;
280, -0.943;
281, -0.943;
282, -0.944;
283, -0.944;
284, -0.945;
285, -0.945;
286, -0.944;
287, -0.944;
288, -0.944;
289, -0.943;
290, -0.943;
291, -0.943;
292, -0.942;
293, -0.941;
294, -0.941;
295, -0.94;
296, -0.939;
297, -0.938;
298, -0.937;
299, -0.935;
300, -0.933;
301, -0.932;
302, -0.93;
303, -0.928;
304, -0.926;
305, -0.926;
306, -0.923;
307, -0.921;
308, -0.918;
309, -0.916;
310, -0.913;
311, -0.912;
312, -0.909;
313, -0.906;
314, -0.902;
315, -0.901;
316, -0.898;
317, -0.894;
318, -0.89;
319, -0.889;
320, -0.884;
321, -0.881;
322, -0.876;
323, -0.874;
324, -0.87;
325, -0.871;
326, -0.87;
327, -0.869;
328, -0.868;
329, -0.868;
330, -0.867;
331, -0.865;
332, -0.865;
333, -0.864;
334, -0.861;
335, -0.859;
336, -0.859;
337, -0.857;
338, -0.854;
339, -0.853;
340, -0.851;
341, -0.848;
342, -0.846;
343, -0.843;
344, -0.84;
345, -0.839;
346, -0.835;
347, -0.832;
348, -0.828;
349, -0.826;
350, -0.822;
351, -0.818;
352, -0.815;
353, -0.811;
354, -0.807;
355, -0.804;
356, -0.799;
357, -0.794;
358, -0.789;
359, -0.785;
360, -0.78;
361, -0.775;
362, -0.771;
363, -0.765;
364, -0.76;
365, -0.753;
366, -0.749;
367, -0.743;
368, -0.736;
369, -0.73;
370, -0.724;
371, -0.719;
372, -0.712;
373, -0.705;
374, -0.698;
375, -0.691;
376, -0.684;
377, -0.676;
378, -0.67;
379, -0.662;
380, -0.654;
381, -0.646;
382, -0.638;
383, -0.63;
384, -0.622;
385, -0.613;
386, -0.605;
387, -0.596;
388, -0.587;
389, -0.578;
390, -0.569;
391, -0.56;
392, -0.55;
393, -0.54;
394, -0.531;
395, -0.521;
396, -0.511;
397, -0.502;
398, -0.491;
399, -0.48;
400, -0.47;
401, -0.46;
402, -0.448;
403, -0.438;
404, -0.427;
405, -0.415;
406, -0.404;
407, -0.393;
408, -0.382;
409, -0.37;
410, -0.358;
411, -0.346;
412, -0.334;
413, -0.322;
414, -0.31;
415, -0.297;
416, -0.285;
417, -0.272;
418, -0.259;
419, -0.246;
420, -0.234;
421, -0.221;
422, -0.208;
423, -0.195;
424, -0.181;
425, -0.168;
426, -0.155;
427, -0.141;
428, -0.127;
429, -0.114;
430, -0.1;
431, -0.086;
432, -0.072;
433, -0.058;
434, -0.044;
435, -0.03;
436, -0.016;
437, -0.002;
438, 0.013;
439, 0.027;
440, 0.041;
441, 0.056;
442, 0.07;
443, 0.084;
444, 0.097;
445, 0.111;
446, 0.125;
447, 0.138;
448, 0.151;
449, 0.165;
450, 0.178;
451, 0.191;
452, 0.203;
453, 0.216;
454, 0.229;
455, 0.241;
456, 0.253;
457, 0.265;
458, 0.277;
459, 0.289;
460, 0.3;
461, 0.312;
462, 0.323;
463, 0.334;
464, 0.345;
465, 0.356;
466, 0.366;
467, 0.378;
468, 0.389;
469, 0.4;
470, 0.411;
471, 0.422;
472, 0.433;
473, 0.444;
474, 0.454;
475, 0.465;
476, 0.493;
477, 0.528;
478, 0.564;
479, 0.599;
480, 0.634;
481, 0.668;
482, 0.701;
483, 0.735;
484, 0.767;
485, 0.801;
486, 0.832;
487, 0.865;
488, 0.895;
489, 0.927;
490, 0.957;
491, 0.989;
492, 1.017;
493, 1.048;
494, 1.079;
495, 1.106;
496, 1.136;
497, 1.163;
498, 1.192;
499, 1.22;
500, 1.246;
501, 1.274;
502, 1.302;
503, 1.326;
504, 1.353;
505, 1.38;
506, 1.403;
507, 1.429;
508, 1.454;
509, 1.476;
510, 1.501;
511, 1.525;
512, 1.549;
513, 1.569;
514, 1.593;
515, 1.616;
516, 1.639;
517, 1.657;
518, 1.679;
519, 1.701;
520, 1.723;
521, 1.744;
522, 1.76;
523, 1.78;
524, 1.8;
525, 1.82;
526, 1.84;
527, 1.859;
528, 1.878;
529, 1.891;
530, 1.909;
531, 1.927;
532, 1.944;
533, 1.961;
534, 1.978;
535, 1.994;
536, 2.01;
537, 2.026;
538, 2.041;
539, 2.056;
540, 2.065;
541, 2.079;
542, 2.093;
543, 2.107;
544, 2.12;
545, 2.133;
546, 2.145;
547, 2.158;
548, 2.17;
549, 2.181;
550, 2.192;
551, 2.203;
552, 2.214;
553, 2.224;
554, 2.234;
555, 2.244;
556, 2.253;
557, 2.261;
558, 2.27;
559, 2.278;
560, 2.286;
561, 2.302;
562, 2.309;
563, 2.316;
564, 2.322;
565, 2.329;
566, 2.335;
567, 2.34;
568, 2.345;
569, 2.35;
570, 2.354;
571, 2.358;
572, 2.362;
573, 2.366;
574, 2.369;
575, 2.381;
576, 2.384;
577, 2.385;
578, 2.387;
579, 2.389;
580, 2.39;
581, 2.39;
582, 2.391;
583, 2.401;
584, 2.411;
585, 2.41;
586, 2.42;
587, 2.43;
588, 2.439;
589, 2.437;
590, 2.446;
591, 2.455;
592, 2.463;
593, 2.46;
594, 2.468;
595, 2.476;
596, 2.484;
597, 2.48;
598, 2.487;
599, 2.494;
600, 2.501;
601, 2.496;
602, 2.502;
603, 2.509;
604, 2.515;
605, 2.508;
606, 2.514;
607, 2.519;
608, 2.525;
609, 1.246;
610, 1.255;
611, 1.263;
612, 1.272;
613, 1.281;
614, 1.289;
615, 1.298;
616, 1.306;
617, 1.315;
618, 1.324;
619, 1.332;
620, 1.341;
621, 1.349;
622, 1.358;
623, 1.366;
624, 1.375;
625, 1.383;
626, 1.392;
627, 1.4;
628, 1.409;
629, 1.417;
630, 1.426;
631, 1.434;
632, 1.443;
633, 1.451;
634, 1.46;
635, 1.468;
636, 1.477;
637, 1.485;
638, 1.494;
639, 1.502;
640, 1.511;
641, 1.519;
642, 1.528;
643, 1.536;
644, 1.544;
645, 1.553;
646, 1.561;
647, 1.57;
648, 1.578;
649, 1.586;
650, 1.595;
651, 1.603;
652, 1.611;
653, 1.62;
654, 1.628;
655, 1.636;
656, 1.645;
657, 1.653;
658, 1.661;
659, 1.67;
660, 1.678;
661, 1.686;
662, 1.695;
663, 1.703;
664, 1.711;
665, 1.72;
666, 1.728;
667, 1.736;
668, 1.744;
669, 1.752;
670, 1.761;
671, 1.769;
672, 1.777;
673, 1.785;
674, 1.793;
675, 1.802;
676, 1.81;
677, 1.818;
678, 1.826;
679, 1.834;
680, 1.842;
681, 1.851;
682, 1.859;
683, 1.867;
684, 1.875;
685, 1.883;
686, 1.891;
687, 1.899;
688, 1.907;
689, 1.915;
690, 1.923;
691, 1.931;
692, 1.939;
693, 1.947;
694, 1.955;
695, 1.963;
696, 1.971;
697, 1.979;
698, 1.987;
699, 1.995;
700, 2.003;
701, 2.01;
702, 2.018;
703, 2.026;
704, 2.034;
705, 2.042;
706, 2.05;
707, 2.058;
708, 2.065;
709, 2.073;
710, 2.081;
711, 2.089;
712, 2.097;
713, 2.102;
714, 2.105;
715, 2.109;
716, 2.112;
717, 2.115;
718, 2.119;
719, 2.122;
720, 2.125;
721, 2.128;
722, 2.132;
723, 2.135;
724, 2.138;
725, 2.141;
726, 2.145;
727, 2.148;
728, 2.151;
729, 2.154;
730, 2.157;
731, 2.16;
732, 2.164;
733, 2.167;
734, 2.17;
735, 2.173;
736, 2.176;
737, 2.179;
738, 2.182;
739, 2.185;
740, 2.188;
741, 2.191;
742, 2.194;
743, 2.197;
744, 2.2;
745, 2.203;
746, 2.206;
747, 2.209;
748, 2.212;
749, 2.215;
750, 2.218;
751, 2.221;
752, 2.224;
753, 2.226;
754, 2.229;
755, 2.232;
756, 2.235;
757, 2.238;
758, 2.241;
759, 2.243;
760, 2.246;
761, 2.249;
762, 2.252;
763, 2.255;
764, 2.257;
765, 2.26;
766, 2.263;
767, 2.265;
768, 2.268;
769, 2.271;
770, 2.273;
771, 2.276;
772, 2.279;
773, 2.281;
774, 2.284;
775, 2.286;
776, 2.289;
777, 2.292;
778, 2.294;
779, 2.297;
780, 2.299;
781, 2.302;
782, 2.305;
783, 2.307;
784, 2.309;
785, 2.312;
786, 2.314;
787, 2.317;
788, 2.319;
789, 2.322;
790, 2.324;
791, 2.327;
792, 2.329;
793, 2.332;
794, 2.334;
795, 2.336;
796, 2.339;
797, 2.341;
798, 2.343;
799, 2.346;
800, 2.348;
801, 2.35;
802, 2.353;
803, 2.355;
804, 2.357;
805, 2.359;
806, 2.362;
807, 2.364;
808, 2.366;
809, 2.368;
810, 2.37;
811, 2.373;
812, 2.375;
813, 2.377;
814, 2.379;
815, 2.381;
816, 2.383;
817, 2.385;
818, 2.388;
819, 2.39;
820, 2.392;
821, 2.394;
822, 2.396;
823, 2.398;
824, 2.4;
825, 2.402;
826, 2.404;
827, 2.406;
828, 2.408;
829, 2.41;
830, 2.412;
831, 2.414;
832, 2.416;
833, 2.418;
834, 2.42;
835, 2.422;
836, 2.424;
837, 2.426;
838, 2.428;
839, 2.43;
840, 2.431;
841, 2.433;
842, 2.435;
843, 2.437;
844, 2.439;
845, 2.441;
846, 2.442;
847, 2.444;
848, 2.446;
849, 2.448;
850, 2.449;
851, 2.451;
852, 2.453;
853, 2.455;
854, 2.456;
855, 2.458;
856, 2.46;
857, 2.462;
858, 2.463;
859, 2.465;
860, 2.466;
861, 2.468;
862, 2.47;
863, 2.471;
864, 2.473;
865, 2.475;
866, 2.476;
867, 2.478;
868, 2.479;
869, 2.481;
870, 2.482;
871, 2.484;
872, 2.486;
873, 2.487;
874, 2.489;
875, 2.49;
876, 2.492;
877, 2.493;
878, 2.495;
879, 2.496;
880, 2.498;
881, 2.499;
882, 2.5;
883, 2.502;
884, 2.503;
885, 2.505;
886, 2.506;
887, 2.507;
888, 2.509;
889, 2.51;
890, 2.511;
891, 2.513;
892, 2.514;
893, 2.515;
894, 2.517;
895, 2.518;
896, 2.519;
897, 2.521;
898, 2.522;
899, 2.523;
900, 2.524;
901, 2.526;
902, 2.527;
903, 2.528;
904, 2.529;
905, 2.53;
906, 2.532;
907, 2.533;
908, 2.534;
909, 2.535;
910, 2.536;
911, 2.538;
912, 2.539;
913, 2.54;
914, 2.541;
915, 2.542;
916, 2.543;
917, 2.544;
918, 2.545;
919, 2.546;
920, 2.547;
921, 2.548;
922, 2.549;
923, 2.55;
924, 2.552;
925, 2.553;
926, 2.554;
927, 2.555;
928, 2.556;
929, 2.556;
930, 2.557;
931, 2.558;
932, 2.559;
933, 2.56;
934, 2.561;
935, 2.562;
936, 2.563;
937, 2.564;
938, 2.565;
939, 2.566;
940, 2.567;
941, 2.567;
942, 2.568;
943, 2.569;
944, 2.57;
945, 2.571;
946, 2.572;
947, 2.572;
948, 2.573;
949, 2.574;
950, 2.575;
951, 2.575;
952, 2.576;
953, 2.577;
954, 2.578;
955, 2.579;
956, 2.579;
957, 2.58;
958, 2.581;
959, 2.581;
960, 2.582;
961, 2.583;
962, 2.583;
963, 2.584;
964, 2.585;
965, 2.585;
966, 16.111;
967, 12.83;
968, 10.271;
969, 8.359;
970, 6.989;
971, 6.136;
972, 5.671;
973, 5.569;
974, 5.725;
975, 6.09;
976, 9.745;
977, 13.506;
978, 17.269;
979, 20.955;
980, 23.267;
981, 24.025;
982, 24.6;
983, 25.02;
984, 25.284;
985, 25.419;
986, 25.424;
987, 25.298;
988, 25.069;
989, 24.761;
990, 24.401;
991, 23.937;
992, 23.447;
993, 22.931;
994, 22.363;
995, 21.793;
996, 21.25;
997, 20.707;
998, 20.138;
999, 19.542;
1000, 18.972;
1001, 18.454;
1002, 17.961;
1003, 17.495;
1004, 17.055;
1005, 16.64;
1006, 16.277;
1007, 15.915;
1008, 15.577;
1009, 15.293;
1010, 15.008;
1011, 14.722;
1012, 14.489;
1013, 14.282;
1014, 14.075;
1015, 13.868;
1016, 13.712;
1017, 13.531;
1018, 13.402;
1019, 13.272;
1020, 13.143;
1021, 13.013;
1022, 12.91;
1023, 12.989;
1024, 13.172;
1025, 13.382;
1026, 13.565;
1027, 13.774;
1028, 13.958;
1029, 14.167;
1030, 14.35;
1031, 14.533;
1032, 14.69;
1033, 14.847;
1034, 15.004;
1035, 15.135;
1036, 15.24;
1037, 15.318;
1038, 15.397;
1039, 15.449;
1040, 15.476;
1041, 15.476;
1042, 15.45;
1043, 15.241;
1044, 14.693;
1045, 14.145;
1046, 13.57;
1047, 12.996;
1048, 12.553;
1049, 12.161;
1050, 11.769;
1051, 11.378;
1052, 11.012;
1053, 10.646;
1054, 10.307;
1055, 9.968;
1056, 9.628;
1057, 9.288;
1058, 8.975;
1059, 8.662;
1060, 8.348;
1061, 8.034;
1062, 7.747;
1063, 7.434;
1064, 7.146;
1065, 6.859;
1066, 6.572;
1067, 6.285;
1068, 6.049;
1069, 5.866;
1070, 5.683;
1071, 5.501;
1072, 5.292;
1073, 2.607;
1074, 2.606;
1075, 2.606;
1076, 2.606;
1077, 2.606;
1078, 2.605;
1079, 2.605;
1080, 2.605;
1081, 2.605;
1082, 2.604;
1083, 2.604;
1084, 2.604;
1085, 2.603;
1086, 2.603;
1087, 2.603;
1088, 2.603;
1089, 2.602;
1090, 2.602;
1091, 2.602;
1092, 2.601;
1093, 2.601;
1094, 2.601;
1095, 2.6;
1096, 2.6;
1097, 2.599;
1098, 2.599;
1099, 2.599;
1100, 2.598;
1101, 2.598;
1102, 2.597;
1103, 2.597;
1104, 2.597;
1105, 2.596;
1106, 2.596;
1107, 2.595;
1108, 2.595;
1109, 2.594;
1110, 2.594;
1111, 2.593;
1112, 2.593;
1113, 2.592;
1114, 2.592;
1115, 2.591;
1116, 2.591;
1117, 2.59;
1118, 2.59;
1119, 2.589;
1120, 2.589;
1121, 2.588;
1122, 2.588;
1123, 2.587;
1124, 2.587;
1125, 2.586;
1126, 2.586;
1127, 2.585;
1128, 2.584;
1129, 2.584;
1130, 2.583;
1131, 2.583;
1132, 2.582;
1133, 2.581;
1134, 2.581;
1135, 2.58;
1136, 2.58;
1137, 2.579;
1138, 2.578;
1139, 2.578;
1140, 2.577;
1141, 2.576;
1142, 2.576;
1143, 2.575;
1144, 2.574;
1145, 2.574;
1146, 2.573;
1147, 2.572;
1148, 2.572;
1149, 2.571;
1150, 2.57;
1151, 2.569;
1152, 2.569;
1153, 2.568;
1154, 2.567;
1155, 2.567;
1156, 2.566;
1157, 2.565;
1158, 2.564;
1159, 2.564;
1160, 2.563;
1161, 2.562;
1162, 2.561;
1163, 2.56;
1164, 2.56;
1165, 2.559;
1166, 2.558;
1167, 2.557;
1168, 2.556;
1169, 2.556;
1170, 2.555;
1171, 2.554;
1172, 2.553;
1173, 2.552;
1174, 2.551;
1175, 2.55;
1176, 2.55;
1177, 2.549;
1178, 2.548;
1179, 2.547;
1180, 2.546;
1181, 2.545;
1182, 2.544;
1183, 2.543;
1184, 2.543;
1185, 2.542;
1186, 2.541;
1187, 2.54;
1188, 2.539;
1189, 2.538;
1190, 2.537;
1191, 2.536;
1192, 2.535;
1193, 2.534;
1194, 2.533;
1195, 2.532;
1196, 2.531;
1197, 2.53;
1198, 2.53;
1199, 2.529;
1200, 2.527;
1201, 2.527;
1202, 2.526;
1203, 2.525;
1204, 2.524;
1205, 2.523;
1206, 2.522;
1207, 2.521;
1208, 2.52;
1209, 2.518;
1210, 2.517;
1211, 2.516;
1212, 2.515;
1213, 2.514;
1214, 2.513;
1215, 2.512;
1216, 2.511;
1217, 2.51;
1218, 2.509;
1219, 2.508;
1220, 2.507;
1221, 2.506;
1222, 2.505;
1223, 2.504;
1224, 2.502;
1225, 2.501;
1226, 2.5;
1227, 2.499;
1228, 2.498;
1229, 2.497;
1230, 2.496;
1231, 2.495;
1232, 2.494;
1233, 2.492;
1234, 2.491;
1235, 2.49;
1236, 2.489;
1237, 2.488;
1238, 2.487;
1239, 2.485;
1240, 2.484;
1241, 2.483;
1242, 2.482;
1243, 2.481;
1244, 2.48;
1245, 2.478;
1246, 2.477;
1247, 2.476;
1248, 2.475;
1249, 2.474;
1250, 2.472;
1251, 2.471;
1252, 2.47;
1253, 2.469;
1254, 2.467;
1255, 2.466;
1256, 2.465;
1257, 2.464;
1258, 2.462;
1259, 2.461;
1260, 2.46;
1261, 2.459;
1262, 2.457;
1263, 2.456;
1264, 2.455;
1265, 2.454;
1266, 2.452;
1267, 2.451;
1268, 2.45;
1269, 2.448;
1270, 2.447;
1271, 2.446;
1272, 2.445;
1273, 2.443;
1274, 2.442;
1275, 2.441;
1276, 2.439;
1277, 2.438;
1278, 2.437;
1279, 2.435;
1280, 2.434;
1281, 2.433;
1282, 2.431;
1283, 2.43;
1284, 2.429;
1285, 2.427;
1286, 2.426;
1287, 2.425;
1288, 2.423;
1289, 2.422;
1290, 2.42;
1291, 2.419;
1292, 2.418;
1293, 2.416;
1294, 2.415;
1295, 2.414;
1296, 2.412;
1297, 2.411;
1298, 2.409;
1299, 2.408;
1300, 2.407;
1301, 2.405;
1302, 2.404;
1303, 2.402;
1304, 2.401;
1305, 2.399;
1306, 2.398;
1307, 2.397;
1308, 2.395;
1309, 2.394;
1310, 2.392;
1311, 2.391;
1312, 2.389;
1313, 2.388;
1314, 2.386;
1315, 2.385;
1316, 2.384;
1317, 2.382;
1318, 2.381;
1319, 2.379;
1320, 2.378;
1321, 2.376;
1322, 2.375;
1323, 2.373;
1324, 2.372;
1325, 2.37;
1326, 2.369;
1327, 2.367;
1328, 2.366;
1329, 2.364;
1330, 2.363;
1331, 2.361;
1332, 2.36;
1333, 2.358;
1334, 2.357;
1335, 2.355;
1336, 2.354;
1337, 2.352;
1338, 2.351;
1339, 2.349;
1340, 2.348;
1341, 2.346;
1342, 2.345;
1343, 2.343;
1344, 2.341;
1345, 2.34;
1346, 2.338;
1347, 2.337;
1348, 2.335;
1349, 2.334;
1350, 2.332;
1351, 2.331;
1352, 2.329;
1353, 2.328;
1354, 2.326;
1355, 2.324;
1356, 2.323;
1357, 2.321;
1358, 2.32;
1359, 2.318;
1360, 2.316;
1361, 2.315;
1362, 2.313;
1363, 2.312;
1364, 2.31;
1365, 2.308;
1366, 2.307;
1367, 2.305;
1368, 2.304;
1369, 2.302;
1370, 2.3;
1371, 2.299;
1372, 2.297;
1373, 2.296;
1374, 2.294;
1375, 2.292;
1376, 2.291;
1377, 2.289;
1378, 2.288;
1379, 2.286;
1380, 2.284;
1381, 2.283;
1382, 2.281;
1383, 2.279;
1384, 2.278;
1385, 2.276;
1386, 2.274;
1387, 2.273;
1388, 2.271;
1389, 2.27;
1390, 2.268;
1391, 2.266;
1392, 2.264;
1393, 2.263;
1394, 2.261;
1395, 2.26;
1396, 2.258;
1397, 2.256;
1398, 2.255;
1399, 2.253;
1400, 2.251;
1401, 2.25;
1402, 2.248;
1403, 2.246;
1404, 2.244;
1405, 2.243;
1406, 2.241;
1407, 2.239;
1408, 2.238;
1409, 2.236;
1410, 2.234;
1411, 2.233;
1412, 2.231;
1413, 2.229;
1414, 2.228;
1415, 2.226;
1416, 2.224;
1417, 2.223;
1418, 2.221;
1419, 2.219;
1420, 2.217;
1421, 2.216;
1422, 2.214;
1423, 2.212;
1424, 2.211;
1425, 2.209;
1426, 2.207;
1427, 2.205;
1428, 2.204;
1429, 2.202;
1430, 2.2;
1431, 2.199;
1432, 2.197;
1433, 2.195;
1434, 2.193;
1435, 2.192;
1436, 2.19;
1437, 2.188;
1438, 2.187;
1439, 2.185;
1440, 2.183;
1441, 2.181;
1442, 2.18;
1443, 2.178;
1444, 2.176;
1445, 2.174;
1446, 2.173;
1447, 2.171;
1448, 2.169;
1449, 2.167;
1450, 2.166;
1451, 2.164;
1452, 2.162;
1453, 2.16;
1454, 2.159;
1455, 2.157;
1456, 2.155;
1457, 2.153;
1458, 2.152;
1459, 2.15;
1460, 2.148;
1461, 2.146;
1462, 2.145;
1463, 2.143;
1464, 2.141;
1465, 2.139;
1466, 2.138;
1467, 2.136;
1468, 2.134;
1469, 2.132;
1470, 2.131;
1471, 2.129;
1472, 2.127;
1473, 2.125;
1474, 2.124;
1475, 2.122;
1476, 2.12;
1477, 2.118;
1478, 2.116;
1479, 2.115;
1480, 2.113;
1481, 2.111;
1482, 2.11;
1483, 2.108;
1484, 2.106;
1485, 2.104;
1486, 2.102;
1487, 2.101;
1488, 2.099;
1489, 2.097;
1490, 2.095;
1491, 2.094;
1492, 2.092;
1493, 2.09;
1494, 2.088;
1495, 2.086;
1496, 2.085;
1497, 2.083;
1498, 2.081;
1499, 2.079;
1500, 2.078;
1501, 2.076;
1502, 2.074;
1503, 2.072;
1504, 2.071;
1505, 2.069;
1506, 2.067;
1507, 2.065;
1508, 2.063;
1509, 2.062;
1510, 2.06;
1511, 2.058;
1512, 2.056;
1513, 2.055;
1514, 2.053;
1515, 2.051;
1516, 2.049;
1517, 2.047;
1518, 2.046;
1519, 2.044;
1520, 2.042;
1521, 2.04;
1522, 2.039;
1523, 2.037;
1524, 2.035;
1525, 2.033;
1526, 2.031;
1527, 2.03;
1528, 2.028;
1529, 2.026;
1530, 2.024;
1531, 2.023;
1532, 2.021;
1533, 2.019;
1534, 2.017;
1535, 2.015;
1536, 2.014;
1537, 2.012;
1538, 2.01;
1539, 2.008;
1540, 2.007;
1541, 2.005;
1542, 2.003;
1543, 2.001;
1544, 2.0;
1545, 1.998;
1546, 1.996;
1547, 1.994;
1548, 1.992;
1549, 1.991;
1550, 1.989;
1551, 1.987;
1552, 1.985;
1553, 1.984;
1554, 1.982;
1555, 1.98;
1556, 1.978;
1557, 1.977;
1558, 1.975;
1559, 1.973;
1560, 1.971;
1561, 1.97;
1562, 1.968;
1563, 1.966;
1564, 1.964;
1565, 1.963;
1566, 1.961;
1567, 1.959;
1568, 1.957;
1569, 1.956;
1570, 1.954;
1571, 1.952;
1572, 1.95;
1573, 1.949;
1574, 1.947;
1575, 1.945;
1576, 1.943;
1577, 1.942;
1578, 1.94;
1579, 1.938;
1580, 1.936;
1581, 1.934;
1582, 1.933;
1583, 1.931;
1584, 1.929;
1585, 1.928;
1586, 1.926;
1587, 1.924;
1588, 1.922;
1589, 1.921;
1590, 1.919;
1591, 1.917;
1592, 1.915;
1593, 1.914;
1594, 1.912;
1595, 1.91;
1596, 1.909;
1597, 1.907;
1598, 1.905;
1599, 1.903;
1600, 1.902;
1601, 1.9;
1602, 1.898;
1603, 1.897;
1604, 1.895;
1605, 1.893;
1606, 1.891;
1607, 1.89;
1608, 1.888;
1609, 1.886;
1610, 1.885;
1611, 1.883;
1612, 1.881;
1613, 1.88;
1614, 1.878;
1615, 1.876;
1616, 1.874;
1617, 1.873;
1618, 1.871;
1619, 1.869;
1620, 1.868;
1621, 1.866;
1622, 11.595;
1623, 10.933;
1624, 10.309;
1625, 9.705;
1626, 9.157;
1627, 8.629;
1628, 8.158;
1629, 7.688;
1630, 7.274;
1631, 6.879;
1632, 6.503;
1633, 6.183;
1634, 5.865;
1635, 5.583;
1636, 5.32;
1637, 5.095;
1638, 4.888;
1639, 4.7;
1640, 4.53;
1641, 4.398;
1642, 4.266;
1643, 4.171;
1644, 4.094;
1645, 4.017;
1646, 3.977;
1647, 3.937;
1648, 3.915;
1649, 3.912;
1650, 3.908;
1651, 3.923;
1652, 3.956;
1653, 4.007;
1654, 4.039;
1655, 4.108;
1656, 4.177;
1657, 4.245;
1658, 4.765;
1659, 5.41;
1660, 6.072;
1661, 6.732;
1662, 7.391;
1663, 8.048;
1664, 8.704;
1665, 9.359;
1666, 10.013;
1667, 10.665;
1668, 11.316;
1669, 11.965;
1670, 12.614;
1671, 13.242;
1672, 13.87;
1673, 14.479;
1674, 15.104;
1675, 15.622;
1676, 15.766;
1677, 15.91;
1678, 16.036;
1679, 16.144;
1680, 16.252;
1681, 16.359;
1682, 16.449;
1683, 16.539;
1684, 16.61;
1685, 16.682;
1686, 16.752;
1687, 16.806;
1688, 16.842;
1689, 16.879;
1690, 16.914;
1691, 16.95;
1692, 16.968;
1693, 16.987;
1694, 16.987;
1695, 16.987;
1696, 16.988;
1697, 16.989;
1698, 16.972;
1699, 16.956;
1700, 16.922;
1701, 16.888;
1702, 16.854;
1703, 16.82;
1704, 16.769;
1705, 16.735;
1706, 16.668;
1707, 16.617;
1708, 16.566;
1709, 16.498;
1710, 16.431;
1711, 16.364;
1712, 16.279;
1713, 16.212;
1714, 16.127;
1715, 16.044;
1716, 15.96;
1717, 15.877;
1718, 15.776;
1719, 15.692;
1720, 15.592;
1721, 15.492;
1722, 15.409;
1723, 15.309;
1724, 15.193;
1725, 15.093;
1726, 14.995;
1727, 14.896;
1728, 14.78;
1729, 14.682;
1730, 14.566;
1731, 14.468;
1732, 14.354;
1733, 14.256;
1734, 14.141;
1735, 14.044;
1736, 13.93;
1737, 13.817;
1738, 13.72;
1739, 13.606;
1740, 13.51;
1741, 13.397;
1742, 13.301;
1743, 13.205;
1744, 13.093;
1745, 12.997;
1746, 12.885;
1747, 12.774;
1748, 12.662;
1749, 12.551;
1750, 12.457;
1751, 12.346;
1752, 12.235;
1753, 12.141;
1754, 12.03;
1755, 11.937;
1756, 11.844;
1757, 11.734;
1758, 11.64;
1759, 11.548;
1760, 11.455;
1761, 11.362;
1762, 11.287;
1763, 11.194;
1764, 11.102;
1765, 11.026;
1766, 10.934;
1767, 10.859;
1768, 10.767;
1769, 10.693;
1770, 10.617;
1771, 10.543;
1772, 10.468;
1773, 10.394;
1774, 10.319;
1775, 10.245;
1776, 10.171;
1777, 10.097;
1778, 10.039;
1779, 9.965;
1780, 9.892;
1781, 9.834;
1782, 9.777;
1783, 9.704;
1784, 9.647;
1785, 9.59;
1786, 9.533;
1787, 9.46;
1788, 9.403;
1789, 9.347;
1790, 9.29;
1791, 9.25;
1792, 9.194;
1793, 9.137;
1794, 9.081;
1795, 9.041;
1796, 8.986;
1797, 8.946;
1798, 8.89;
1799, 8.85;
1800, 8.794;
1801, 8.754;
1802, 8.715;
1803, 8.66;
1804, 8.62;
1805, 8.581;
1806, 8.542;
1807, 8.502;
1808, 8.463;
1809, 8.424;
1810, 8.385;
1811, 8.346;
1812, 8.307;
1813, 8.268;
1814, 8.229;
1815, 8.206;
1816, 8.167;
1817, 8.129;
1818, 8.106;
1819, 8.068;
1820, 8.045;
1821, 8.006;
1822, 7.983;
1823, 7.945;
1824, 7.923;
1825, 7.884;
1826, 7.862;
1827, 7.839;
1828, 7.801;
1829, 7.778;
1830, 7.756;
1831, 7.718;
1832, 7.696;
1833, 7.674;
1834, 7.651;
1835, 7.629;
1836, 7.607;
1837, 7.585;
1838, 7.547;
1839, 7.525;
1840, 7.503;
1841, 7.481;
1842, 7.459;
1843, 7.482;
1844, 7.491;
1845, 7.514;
1846, 7.537;
1847, 7.561;
1848, 7.584;
1849, 7.607;
1850, 7.63;
1851, 7.653;
1852, 7.676;
1853, 7.684;
1854, 7.707;
1855, 7.73;
1856, 7.752;
1857, 7.775;
1858, 7.798;
1859, 7.821;
1860, 7.843;
1861, 7.866;
1862, 7.889;
1863, 7.911;
1864, 7.934;
1865, 7.941;
1866, 7.963;
1867, 7.986;
1868, 8.009;
1869, 8.031;
1870, 8.053;
1871, 8.075;
1872, 8.082;
1873, 8.105;
1874, 8.127;
1875, 8.149;
1876, 8.156;
1877, 8.178;
1878, 8.2;
1879, 8.207;
1880, 8.229;
1881, 8.237;
1882, 8.258;
1883, 8.265;
1884, 8.287;
1885, 8.294;
1886, 8.316;
1887, 8.323;
1888, 8.33;
1889, 8.351;
1890, 8.358;
1891, 8.365;
1892, 8.373;
1893, 8.394;
1894, 8.401;
1895, 8.408;
1896, 8.415;
1897, 8.422;
1898, 8.429;
1899, 8.421;
1900, 8.428;
1901, 8.435;
1902, 8.442;
1903, 8.434;
1904, 8.441;
1905, 8.434;
1906, 8.441;
1907, 8.434;
1908, 8.44;
1909, 8.432;
1910, 8.425;
1911, 8.418;
1912, 8.411;
1913, 8.403;
1914, 8.396;
1915, 8.389;
1916, 8.381;
1917, 8.374;
1918, 8.352;
1919, 8.345;
1920, 8.324;
1921, 8.316;
1922, 8.267;
1923, 8.189;
1924, 8.112;
1925, 8.02;
1926, 7.943;
1927, 7.866;
1928, 7.776;
1929, 7.699;
1930, 7.608;
1931, 7.517;
1932, 7.441;
1933, 7.351;
1934, 7.275;
1935, 7.185;
1936, 7.096;
1937, 7.02;
1938, 6.931;
1939, 6.855;
1940, 6.794;
1941, 6.733;
1942, 6.671;
1943, 6.61;
1944, 6.549;
1945, 6.489;
1946, 6.428;
1947, 6.367;
1948, 6.307;
1949, 6.246;
1950, 6.2;
1951, 6.14;
1952, 6.079;
1953, 6.033;
1954, 5.973;
1955, 5.913;
1956, 5.867;
1957, 5.808;
1958, 5.748;
1959, 5.702;
1960, 5.643;
1961, 5.597;
1962, 5.538;
1963, 5.492;
1964, 5.434;
1965, 5.388;
1966, 5.343;
1967, 5.285;
1968, 5.239;
1969, 5.194;
1970, 5.136;
1971, 5.091;
1972, 5.046;
1973, 4.988;
1974, 4.943;
1975, 4.899;
1976, 4.855;
1977, 4.797;
1978, 4.752;
1979, 4.708;
1980, 4.664;
1981, 4.62;
1982, 4.576;
1983, 4.532;
1984, 4.488;
1985, 4.431;
1986, 4.388;
1987, 4.344;
1988, 4.3;
1989, 4.257;
1990, 4.214;
1991, 4.17;
1992, 4.127;
1993, 4.084;
1994, 4.041;
1995, 3.998;
1996, 3.968;
1997, 3.925;
1998, 3.882;
1999, 3.839;
2000, 3.797;
2001, 3.754;
2002, 3.711;
2003, 3.669;
2004, 3.627;
2005, 3.584;
2006, 3.555;
2007, 3.513;
2008, 3.471;
2009, 3.429;
2010, 3.387;
2011, 3.358;
2012, 3.316;
2013, 3.274;
2014, 3.232;
2015, 3.191;
2016, 3.149;
2017, 3.12;
2018, 3.079;
2019, 3.051;
2020, 3.022;
2021, 2.994;
2022, 2.965;
2023, 2.937;
2024, 2.922;
2025, 2.894;
2026, 2.866;
2027, 2.837;
2028, 2.809;
2029, 2.781;
2030, 2.766;
2031, 2.738;
2032, 2.711;
2033, 2.683;
2034, 2.655;
2035, 2.64;
2036, 2.612;
2037, 1.28;
2038, 1.279;
2039, 1.278;
2040, 1.277;
2041, 1.276;
2042, 1.274;
2043, 1.274;
2044, 1.272;
2045, 1.271;
2046, 1.271;
2047, 1.27;
2048, 1.269;
2049, 1.268;
2050, 1.266;
2051, 1.266;
2052, 1.264;
2053, 1.264;
2054, 1.263;
2055, 1.262;
2056, 1.261;
2057, 1.26;
2058, 1.259;
2059, 1.258;
2060, 1.257;
2061, 1.256;
2062, 1.255;
2063, 1.254;
2064, 1.253;
2065, 1.252;
2066, 1.251;
2067, 1.25;
2068, 1.249;
2069, 1.248;
2070, 1.247;
2071, 1.246;
2072, 1.245;
2073, 1.244;
2074, 1.243;
2075, 1.242;
2076, 1.241;
2077, 1.24;
2078, 1.239;
2079, 1.239;
2080, 1.238;
2081, 1.237;
2082, 1.236;
2083, 1.235;
2084, 1.234;
2085, 1.233;
2086, 1.232;
2087, 1.231;
2088, 1.23;
2089, 1.229;
2090, 1.228;
2091, 1.227;
2092, 1.226;
2093, 1.225;
2094, 1.224;
2095, 1.224;
2096, 1.223;
2097, 1.222;
2098, 1.221;
2099, 1.22;
2100, 1.219;
2101, 1.218;
2102, 1.217;
2103, 1.216;
2104, 1.216;
2105, 1.215;
2106, 1.214;
2107, 1.213;
2108, 1.212;
2109, 1.211;
2110, 1.21;
2111, 1.209;
2112, 1.208;
2113, 1.207;
2114, 1.207;
2115, 1.206;
2116, 1.205;
2117, 1.204;
2118, 1.203;
2119, 1.202;
2120, 1.201;
2121, 1.2;
2122, 1.2;
2123, 1.199;
2124, 1.198;
2125, 1.197;
2126, 1.196;
2127, 1.195;
2128, 1.194;
2129, 1.194;
2130, 1.193;
2131, 1.192;
2132, 1.191;
2133, 1.19;
2134, 1.189;
2135, 1.188;
2136, 1.188;
2137, 1.187;
2138, 1.186;
2139, 1.185;
2140, 1.184;
2141, 1.183;
2142, 1.182;
2143, 1.182;
2144, 1.181;
2145, 1.18;
2146, 1.179;
2147, 1.178;
2148, 1.177;
2149, 1.177;
2150, 1.176;
2151, 1.175;
2152, 1.174;
2153, 1.173;
2154, 1.173;
2155, 1.172;
2156, 1.171;
2157, 1.17;
2158, 1.169;
2159, 1.169;
2160, 1.168;
2161, 1.167;
2162, 1.166;
2163, 1.165;
2164, 1.165;
2165, 1.164;
2166, 1.163;
2167, 1.162;
2168, 1.161;
2169, 1.161;
2170, 1.16;
2171, 1.159;
2172, 1.158;
2173, 1.157;
2174, 1.157;
2175, 1.156;
2176, 1.155;
2177, 1.154;
2178, 1.153;
2179, 1.153;
2180, 1.152;
2181, 1.151;
2182, 1.15;
2183, 1.149;
2184, 1.149;
2185, 1.148;
2186, 1.147;
2187, 1.147;
2188, 1.146;
2189, 1.145;
2190, 1.144;
2191, 1.143;
2192, 1.143;
2193, 1.142;
2194, 1.141;
2195, 1.14;
2196, 1.14;
2197, 1.139;
2198, 1.138;
2199, 1.137;
2200, 1.137;
2201, 1.136;
2202, 1.135;
2203, 1.134;
2204, 1.134;
2205, 1.133;
2206, 1.132;
2207, 1.131;
2208, 1.131;
2209, 1.13;
2210, 1.129;
2211, 1.129;
2212, 1.128;
2213, 1.127;
2214, 1.126;
2215, 1.126;
2216, 1.125;
2217, 1.124;
2218, 1.123;
2219, 1.123;
2220, 1.122;
2221, 1.121;
2222, 1.121;
2223, 1.12;
2224, 1.119;
2225, 1.119;
2226, 1.118;
2227, 1.117;
2228, 1.116;
2229, 1.116;
2230, 1.115;
2231, 1.114;
2232, 1.114;
2233, 1.113;
2234, 1.112;
2235, 1.112;
2236, 1.111;
2237, 1.11;
2238, 1.109;
2239, 1.109;
2240, 1.108;
2241, 1.107;
2242, 1.107;
2243, 1.106;
2244, 1.105;
2245, 1.105;
2246, 1.104;
2247, 1.103;
2248, 1.103;
2249, 1.102;
2250, 1.101;
2251, 1.101;
2252, 1.1;
2253, 1.099;
2254, 1.099;
2255, 1.098;
2256, 1.097;
2257, 1.097;
2258, 1.096;
2259, 1.095;
2260, 1.095;
2261, 1.094;
2262, 1.093;
2263, 1.093;
2264, 1.092;
2265, 1.091;
2266, 1.091;
2267, 1.09;
2268, 1.089;
2269, 1.089;
2270, 1.088;
2271, 1.088;
2272, 1.087;
2273, 1.086;
2274, 1.086;
2275, 1.085;
2276, 1.084;
2277, 1.084;
2278, 1.083;
2279, 1.082;
2280, 1.082;
2281, 1.081;
2282, 1.081;
2283, 1.08;
2284, 1.079;
2285, 1.079;
2286, 1.078;
2287, 1.078;
2288, 1.077;
2289, 1.076;
2290, 1.076;
2291, 1.075;
2292, 1.074;
2293, 1.074;
2294, 1.073;
2295, 1.073;
2296, 1.072;
2297, 1.071;
2298, 1.071;
2299, 1.07;
2300, 1.07;
2301, 1.069;
2302, 1.068;
2303, 1.068;
2304, 1.067;
2305, 1.067;
2306, 1.066;
2307, 1.065;
2308, 1.065;
2309, 1.064;
2310, 1.064;
2311, 1.063;
2312, 1.062;
2313, 1.062;
2314, 1.061;
2315, 1.061;
2316, 1.06;
2317, 1.06;
2318, 1.059;
2319, 1.058;
2320, 1.058;
2321, 1.057;
2322, 1.057;
2323, 1.056;
2324, 1.056;
2325, 1.055;
2326, 1.054;
2327, 1.054;
2328, 1.053;
2329, 1.053;
2330, 1.052;
2331, 1.052;
2332, 1.051;
2333, 1.051;
2334, 1.05;
2335, 1.049;
2336, 1.049;
2337, 1.048;
2338, 1.048;
2339, 1.047;
2340, 1.047;
2341, 1.046;
2342, 1.046;
2343, 1.045;
2344, 1.044;
2345, 1.044;
2346, 1.043;
2347, 1.043;
2348, 1.042;
2349, 1.042;
2350, 1.041;
2351, 1.041;
2352, 1.04;
2353, 1.04;
2354, 1.039;
2355, 1.039;
2356, 1.038;
2357, 1.038;
2358, 1.037;
2359, 1.036;
2360, 1.036;
2361, 1.036;
2362, 1.035;
2363, 1.034;
2364, 1.034;
2365, 1.033;
2366, 1.033;
2367, 1.032;
2368, 1.032;
2369, 1.031;
2370, 1.031;
2371, 1.03;
2372, 1.03;
2373, 1.029;
2374, 1.029;
2375, 1.028;
2376, 1.028;
2377, 1.027;
2378, 1.027;
2379, 1.026;
2380, 1.026;
2381, 1.025;
2382, 1.025;
2383, 1.024;
2384, 1.024;
2385, 1.023;
2386, 1.023;
2387, 1.022;
2388, 1.022;
2389, 1.021;
2390, 1.021;
2391, 1.02;
2392, 1.02;
2393, 1.02;
2394, 1.019;
2395, 1.019;
2396, 1.018;
2397, 1.018;
2398, 1.017;
2399, 1.017;
2400, 1.016;
2401, 1.016;
2402, 1.015;
2403, 1.015;
2404, 1.014;
2405, 1.014;
2406, 1.013;
2407, 1.013;
2408, 1.012;
2409, 1.012;
2410, 1.012;
2411, 1.011;
2412, 1.011;
2413, 1.01;
2414, 1.01;
2415, 1.009;
2416, 1.009;
2417, 1.008;
2418, 1.008;
2419, 1.008;
2420, 1.007;
2421, 1.007;
2422, 1.006;
2423, 1.006;
2424, 1.005;
2425, 1.005;
2426, 1.004;
2427, 1.004;
2428, 1.004;
2429, 1.003;
2430, 1.003;
2431, 1.002;
2432, 1.002;
2433, 6.228;
2434, 5.935;
2435, 5.663;
2436, 5.39;
2437, 5.138;
2438, 4.896;
2439, 4.674;
2440, 4.452;
2441, 4.251;
2442, 4.06;
2443, 3.879;
2444, 3.708;
2445, 3.546;
2446, 3.396;
2447, 3.255;
2448, 3.124;
2449, 3.004;
2450, 2.883;
2451, 2.783;
2452, 2.692;
2453, 2.602;
2454, 2.521;
2455, 2.45;
2456, 2.39;
2457, 2.339;
2458, 2.289;
2459, 2.248;
2460, 2.208;
2461, 2.177;
2462, 2.157;
2463, 2.146;
2464, 2.125;
2465, 2.124;
2466, 2.124;
2467, 2.123;
2468, 2.132;
2469, 2.141;
2470, 2.16;
2471, 2.179;
2472, 2.197;
2473, 2.226;
2474, 2.255;
2475, 2.284;
2476, 2.332;
2477, 2.616;
2478, 2.91;
2479, 3.204;
2480, 3.497;
2481, 3.8;
2482, 4.093;
2483, 4.386;
2484, 4.689;
2485, 4.981;
2486, 5.283;
2487, 5.575;
2488, 5.876;
2489, 6.168;
2490, 6.459;
2491, 6.75;
2492, 7.041;
2493, 7.332;
2494, 7.612;
2495, 7.902;
2496, 8.173;
2497, 8.453;
2498, 8.616;
2499, 8.691;
2500, 8.755;
2501, 8.811;
2502, 8.866;
2503, 8.922;
2504, 8.977;
2505, 9.032;
2506, 9.077;
2507, 9.113;
2508, 9.158;
2509, 9.194;
2510, 9.229;
2511, 9.265;
2512, 9.292;
2513, 9.317;
2514, 9.343;
2515, 9.359;
2516, 9.385;
2517, 9.401;
2518, 9.417;
2519, 9.424;
2520, 9.44;
2521, 9.446;
2522, 9.452;
2523, 9.45;
2524, 9.455;
2525, 9.452;
2526, 9.449;
2527, 9.446;
2528, 9.433;
2529, 9.43;
2530, 9.417;
2531, 9.404;
2532, 9.391;
2533, 9.379;
2534, 9.357;
2535, 9.344;
2536, 9.321;
2537, 9.299;
2538, 9.277;
2539, 9.245;
2540, 9.223;
2541, 9.191;
2542, 9.169;
2543, 9.136;
2544, 9.105;
2545, 9.073;
2546, 9.041;
2547, 9.0;
2548, 8.969;
2549, 8.937;
2550, 8.896;
2551, 8.855;
2552, 8.823;
2553, 8.782;
2554, 8.741;
2555, 8.7;
2556, 8.659;
2557, 8.608;
2558, 8.568;
2559, 8.527;
2560, 8.486;
2561, 8.435;
2562, 8.394;
2563, 8.344;
2564, 8.303;
2565, 8.253;
2566, 8.213;
2567, 8.163;
2568, 8.122;
2569, 8.072;
2570, 8.031;
2571, 7.981;
2572, 7.931;
2573, 7.891;
2574, 7.841;
2575, 7.801;
2576, 7.751;
2577, 7.711;
2578, 7.661;
2579, 7.621;
2580, 7.571;
2581, 7.53;
2582, 7.491;
2583, 7.45;
2584, 7.401;
2585, 7.352;
2586, 7.302;
2587, 7.252;
2588, 7.203;
2589, 7.163;
2590, 7.113;
2591, 7.065;
2592, 7.025;
2593, 6.975;
2594, 6.936;
2595, 6.886;
2596, 6.847;
2597, 6.797;
2598, 6.757;
2599, 6.718;
2600, 6.678;
2601, 6.639;
2602, 6.599;
2603, 6.56;
2604, 6.52;
2605, 6.481;
2606, 6.441;
2607, 6.402;
2608, 6.372;
2609, 6.333;
2610, 6.293;
2611, 6.264;
2612, 6.224;
2613, 6.194;
2614, 6.155;
2615, 6.125;
2616, 6.095;
2617, 6.056;
2618, 6.027;
2619, 5.997;
2620, 5.967;
2621, 5.937;
2622, 5.908;
2623, 5.878;
2624, 5.848;
2625, 5.819;
2626, 5.789;
2627, 5.759;
2628, 5.73;
2629, 5.701;
2630, 5.681;
2631, 5.651;
2632, 5.621;
2633, 5.601;
2634, 5.572;
2635, 5.552;
2636, 5.522;
2637, 5.503;
2638, 5.482;
2639, 5.453;
2640, 5.433;
2641, 5.413;
2642, 5.384;
2643, 5.363;
2644, 5.344;
2645, 5.324;
2646, 5.304;
2647, 5.284;
2648, 5.264;
2649, 5.245;
2650, 5.224;
2651, 5.204;
2652, 5.185;
2653, 5.165;
2654, 5.145;
2655, 5.125;
2656, 5.115;
2657, 5.095;
2658, 5.076;
2659, 5.056;
2660, 5.045;
2661, 5.026;
2662, 5.015;
2663, 4.996;
2664, 4.976;
2665, 4.966;
2666, 4.946;
2667, 4.936;
2668, 4.925;
2669, 4.906;
2670, 4.895;
2671, 4.876;
2672, 4.865;
2673, 4.855;
2674, 4.835;
2675, 4.825;
2676, 4.815;
2677, 4.804;
2678, 4.785;
2679, 4.775;
2680, 4.765;
2681, 4.754;
2682, 4.744;
2683, 4.734;
2684, 4.724;
2685, 4.713;
2686, 4.704;
2687, 4.693;
2688, 4.683;
2689, 4.673;
2690, 4.663;
2691, 4.652;
2692, 4.642;
2693, 4.632;
2694, 4.622;
2695, 4.612;
2696, 4.602;
2697, 4.592;
2698, 4.582;
2699, 4.571;
2700, 4.571;
2701, 4.561;
2702, 4.56;
2703, 4.568;
2704, 4.586;
2705, 4.594;
2706, 4.612;
2707, 4.62;
2708, 4.638;
2709, 4.656;
2710, 4.664;
2711, 4.681;
2712, 4.69;
2713, 4.707;
2714, 4.716;
2715, 4.733;
2716, 4.751;
2717, 4.76;
2718, 4.777;
2719, 4.785;
2720, 4.803;
2721, 4.811;
2722, 4.829;
2723, 4.846;
2724, 4.855;
2725, 4.872;
2726, 4.881;
2727, 4.898;
2728, 4.907;
2729, 4.924;
2730, 4.942;
2731, 4.95;
2732, 4.968;
2733, 4.976;
2734, 4.994;
2735, 5.002;
2736, 5.02;
2737, 5.028;
2738, 5.046;
2739, 5.054;
2740, 5.062;
2741, 5.08;
2742, 5.088;
2743, 5.106;
2744, 5.114;
2745, 5.123;
2746, 5.14;
2747, 5.148;
2748, 5.157;
2749, 5.174;
2750, 5.183;
2751, 5.191;
2752, 5.199;
2753, 5.217;
2754, 5.226;
2755, 5.234;
2756, 5.242;
2757, 5.251;
2758, 5.26;
2759, 5.268;
2760, 5.276;
2761, 5.285;
2762, 5.293;
2763, 5.301;
2764, 5.31;
2765, 5.318;
2766, 5.326;
2767, 5.335;
2768, 5.334;
2769, 5.343;
2770, 5.351;
2771, 5.359;
2772, 5.359;
2773, 5.367;
2774, 5.376;
2775, 5.375;
2776, 5.383;
2777, 5.383;
2778, 5.382;
2779, 5.391;
2780, 5.39;
2781, 5.398;
2782, 5.397;
2783, 5.397;
2784, 5.396;
2785, 5.395;
2786, 5.395;
2787, 5.403;
2788, 5.403;
2789, 5.393;
2790, 5.392;
2791, 5.391;
2792, 5.391;
2793, 5.39;
2794, 5.39;
2795, 5.38;
2796, 5.379;
2797, 5.37;
2798, 5.369;
2799, 5.341;
2800, 5.304;
2801, 5.258;
2802, 5.221;
2803, 5.184;
2804, 5.138;
2805, 5.101;
2806, 5.055;
2807, 5.018;
2808, 4.972;
2809, 4.935;
2810, 4.889;
2811, 4.852;
2812, 4.806;
2813, 4.761;
2814, 4.724;
2815, 4.678;
2816, 4.641;
2817, 4.595;
2818, 4.558;
2819, 4.512;
2820, 4.475;
2821, 4.439;
2822, 4.411;
2823, 4.384;
2824, 4.356;
2825, 4.319;
2826, 4.292;
2827, 4.264;
2828, 4.236;
2829, 4.208;
2830, 4.172;
2831, 4.145;
2832, 4.117;
2833, 4.089;
2834, 4.062;
2835, 4.034;
2836, 4.007;
2837, 3.979;
2838, 3.951;
2839, 3.924;
2840, 3.896;
2841, 3.869;
2842, 3.841;
2843, 3.814;
2844, 3.786;
2845, 3.759;
2846, 3.731;
2847, 3.713;
2848, 3.685;
2849, 3.658;
2850, 3.631;
2851, 3.603;
2852, 3.576;
2853, 3.557;
2854, 3.53;
2855, 3.502;
2856, 3.475;
2857, 3.457;
2858, 3.429;
2859, 3.402;
2860, 3.384;
2861, 3.356;
2862, 3.329;
2863, 3.31;
2864, 3.283;
2865, 3.255;
2866, 3.237;
2867, 3.21;
2868, 3.182;
2869, 3.164;
2870, 3.137;
2871, 3.118;
2872, 3.091;
2873, 3.073;
2874, 3.045;
2875, 3.027;
2876, 3.0;
2877, 2.982;
2878, 2.954;
2879, 2.936;
2880, 2.909;
2881, 2.891;
2882, 2.863;
2883, 2.845;
2884, 2.818;
2885, 2.8;
2886, 2.772;
2887, 2.754;
2888, 2.727;
2889, 2.709;
2890, 2.69;
2891, 2.663;
2892, 2.645;
2893, 2.627;
2894, 2.599;
2895, 2.581;
2896, 2.554;
2897, 2.536;
2898, 2.518;
2899, 2.491;
2900, 2.472;
2901, 2.454;
2902, 2.427;
2903, 2.409;
2904, 2.391;
2905, 2.364;
2906, 2.345;
2907, 2.327;
2908, 2.3;
2909, 2.282;
2910, 2.264;
2911, 2.245;
2912, 2.218;
2913, 2.2;
2914, 2.182;
2915, 2.155;
2916, 2.137;
2917, 2.119;
2918, 2.11;
2919, 2.091;
2920, 2.082;
2921, 2.064;
2922, 2.055;
2923, 2.037;
2924, 2.028;
2925, 2.01;
2926, 2.001;
2927, 1.982;
2928, 1.973;
2929, 1.955;
2930, 1.946;
2931, 1.928;
2932, 1.919;
2933, 1.901;
2934, 1.892;
2935, 1.874;
2936, 1.865;
2937, 1.847;
2938, 1.838;
2939, 0.901;
2940, 0.901;
2941, 0.901;
2942, 0.901;
2943, 0.901;
2944, 0.901;
2945, 0.901;
2946, 0.901;
2947, 0.901;
2948, 0.9;
2949, 0.9;
2950, 0.9;
2951, 0.9;
2952, 0.9;
2953, 0.9;
2954, 0.9;
2955, 0.9;
2956, 0.9;
2957, 0.9;
2958, 0.9;
2959, 0.9;
2960, 0.9;
2961, 0.9;
2962, 0.9;
2963, 0.9;
2964, 0.9;
2965, 0.9;
2966, 0.9;
2967, 0.901;
2968, 0.901;
2969, 0.902;
2970, 0.902;
2971, 0.903;
2972, 0.903;
2973, 0.904;
2974, 0.904;
2975, 0.905;
2976, 0.905;
2977, 0.905;
2978, 0.906;
2979, 0.906;
2980, 0.907;
2981, 0.907;
2982, 0.908;
2983, 0.908;
2984, 0.909;
2985, 0.909;
2986, 0.91;
2987, 0.91;
2988, 0.911;
2989, 0.911;
2990, 0.912;
2991, 0.912;
2992, 0.913;
2993, 0.913;
2994, 0.913;
2995, 0.914;
2996, 0.914;
2997, 0.915;
2998, 0.915;
2999, 0.916;
3000, 0.916;
3001, 0.917;
3002, 0.917;
3003, 0.918;
3004, 0.918;
3005, 0.919;
3006, 0.919;
3007, 0.92;
3008, 0.92;
3009, 0.921;
3010, 0.921;
3011, 0.921;
3012, 0.922;
3013, 0.922;
3014, 0.923;
3015, 0.923;
3016, 0.924;
3017, 0.924;
3018, 0.925;
3019, 0.925;
3020, 0.926;
3021, 0.926;
3022, 0.927;
3023, 0.927;
3024, 0.928;
3025, 0.928;
3026, 0.929;
3027, 0.929;
3028, 0.93;
3029, 0.93;
3030, 0.931;
3031, 0.931;
3032, 0.932;
3033, 0.932;
3034, 0.932;
3035, 0.933;
3036, 0.934;
3037, 0.934;
3038, 0.935;
3039, 0.935;
3040, 0.935;
3041, 0.936;
3042, 0.936;
3043, 0.937;
3044, 0.937;
3045, 0.938;
3046, 0.938;
3047, 0.939;
3048, 0.939;
3049, 0.94;
3050, 0.94;
3051, 0.941;
3052, 0.941;
3053, 0.942;
3054, 0.942;
3055, 0.943;
3056, 0.943;
3057, 0.944;
3058, 0.944;
3059, 0.945;
3060, 0.945;
3061, 0.946;
3062, 0.946;
3063, 0.947;
3064, 0.947;
3065, 0.948;
3066, 0.948;
3067, 0.949;
3068, 0.949;
3069, 0.95;
3070, 0.95;
3071, 0.951;
3072, 0.951;
3073, 0.952;
3074, 0.952;
3075, 0.953;
3076, 0.953;
3077, 0.954;
3078, 0.954;
3079, 0.955;
3080, 0.955;
3081, 0.956;
3082, 0.956;
3083, 0.956;
3084, 0.957;
3085, 0.957;
3086, 0.958;
3087, 0.958;
3088, 0.959;
3089, 0.959;
3090, 0.96;
3091, 0.96;
3092, 0.961;
3093, 0.961;
3094, 0.962;
3095, 0.962;
3096, 0.963;
3097, 0.963;
3098, 0.964;
3099, 0.964;
3100, 0.965;
3101, 0.965;
3102, 0.966;
3103, 0.966;
3104, 0.967;
3105, 0.967;
3106, 0.968;
3107, 0.968;
3108, 0.969;
3109, 0.969;
3110, 0.97;
3111, 0.97;
3112, 0.971;
3113, 0.971;
3114, 0.972;
3115, 0.972;
3116, 0.973;
3117, 0.973;
3118, 0.974;
3119, 0.974;
3120, 0.975;
3121, 0.975;
3122, 0.976;
3123, 0.976;
3124, 0.977;
3125, 0.977;
3126, 0.978;
3127, 0.978;
3128, 0.979;
3129, 0.979;
3130, 0.98;
3131, 0.98;
3132, 0.981;
3133, 0.981;
3134, 0.982;
3135, 0.982;
3136, 0.983;
3137, 0.983;
3138, 0.984;
3139, 0.984;
3140, 0.985;
3141, 0.985;
3142, 0.986;
3143, 0.986;
3144, 0.987;
3145, 0.987;
3146, 0.988;
3147, 0.988;
3148, 0.989;
3149, 0.989;
3150, 0.99;
3151, 0.99;
3152, 0.991;
3153, 0.991;
3154, 0.992;
3155, 0.992;
3156, 0.993;
3157, 0.993;
3158, 0.994;
3159, 0.994;
3160, 0.995;
3161, 0.995;
3162, 0.996;
3163, 0.996;
3164, 0.997;
3165, 0.997;
3166, 0.998;
3167, 0.998;
3168, 0.998;
3169, 0.999;
3170, 0.999;
3171, 1.0;
3172, 1.001;
3173, 1.001;
3174, 1.002;
3175, 1.002;
3176, 1.003;
3177, 1.003;
3178, 1.004;
3179, 1.004;
3180, 1.004;
3181, 1.005;
3182, 1.006;
3183, 1.006;
3184, 1.006;
3185, 1.007;
3186, 1.007;
3187, 1.008;
3188, 1.008;
3189, 1.009;
3190, 1.009;
3191, 1.01;
3192, 1.01;
3193, 1.011;
3194, 1.011;
3195, 1.012;
3196, 1.012;
3197, 1.013;
3198, 1.013;
3199, 1.014;
3200, 1.014;
3201, 1.015;
3202, 1.015;
3203, 1.016;
3204, 1.016;
3205, 1.017;
3206, 1.017;
3207, 1.018;
3208, 1.018;
3209, 1.019;
3210, 1.019;
3211, 1.02;
3212, 1.02;
3213, 1.021;
3214, 1.021;
3215, 1.022;
3216, 1.022;
3217, 1.023;
3218, 1.023;
3219, 1.024;
3220, 1.024;
3221, 1.025;
3222, 1.025;
3223, 1.026;
3224, 1.026;
3225, 1.027;
3226, 1.027;
3227, 1.028;
3228, 1.028;
3229, 1.029;
3230, 1.029;
3231, 1.03;
3232, 1.03;
3233, 1.031;
3234, 1.031;
3235, 1.032;
3236, 1.032;
3237, 1.032;
3238, 1.033;
3239, 1.034;
3240, 1.034;
3241, 1.035;
3242, 1.035;
3243, 6.451;
3244, 4.755;
3245, 3.555;
3246, 2.779;
3247, 2.355;
3248, 2.211;
3249, 2.284;
3250, 2.982;
3251, 5.009;
3252, 7.05;
3253, 9.019;
3254, 9.596;
3255, 9.924;
3256, 10.126;
3257, 10.225;
3258, 10.229;
3259, 10.15;
3260, 9.999;
3261, 9.795;
3262, 9.549;
3263, 9.271;
3264, 8.971;
3265, 8.672;
3266, 8.373;
3267, 8.063;
3268, 7.752;
3269, 7.462;
3270, 7.203;
3271, 6.955;
3272, 6.727;
3273, 6.531;
3274, 6.345;
3275, 6.179;
3276, 6.025;
3277, 5.891;
3278, 5.767;
3279, 5.654;
3280, 5.561;
3281, 5.48;
3282, 5.398;
3283, 5.327;
3284, 5.265;
3285, 5.215;
3286, 5.313;
3287, 5.421;
3288, 5.529;
3289, 5.637;
3290, 5.745;
3291, 5.854;
3292, 5.952;
3293, 6.039;
3294, 6.116;
3295, 6.183;
3296, 6.239;
3297, 6.283;
3298, 6.297;
3299, 6.3;
3300, 6.282;
3301, 6.029;
3302, 5.723;
3303, 5.417;
3304, 5.143;
3305, 4.932;
3306, 4.721;
3307, 4.51;
3308, 4.32;
3309, 4.13;
3310, 3.939;
3311, 3.759;
3312, 3.59;
3313, 3.421;
3314, 3.251;
3315, 3.092;
3316, 2.922;
3317, 2.763;
3318, 2.614;
3319, 2.476;
3320, 2.37;
3321, 2.263;
3322, 2.168;
3323, 1.074;
3324, 1.074;
3325, 1.075;
3326, 1.075;
3327, 1.076;
3328, 1.076;
3329, 1.077;
3330, 1.077;
3331, 1.077;
3332, 1.078;
3333, 1.078;
3334, 1.079;
3335, 1.079;
3336, 1.08;
3337, 1.08;
3338, 1.081;
3339, 1.081;
3340, 1.081;
3341, 1.082;
3342, 1.082;
3343, 1.083;
3344, 1.083;
3345, 1.084;
3346, 1.084;
3347, 1.085;
3348, 1.085;
3349, 1.086;
3350, 1.086;
3351, 1.087;
3352, 1.087;
3353, 1.088;
3354, 1.088;
3355, 1.088;
3356, 1.089;
3357, 1.089;
3358, 1.09;
3359, 1.09;
3360, 1.091;
3361, 1.091;
3362, 1.092;
3363, 1.092;
3364, 1.093;
3365, 1.093;
3366, 1.093;
3367, 1.094;
3368, 1.094;
3369, 1.095;
3370, 1.095;
3371, 1.096;
3372, 1.096;
3373, 1.097;
3374, 1.097;
3375, 1.097;
3376, 1.098;
3377, 1.098;
3378, 1.099;
3379, 1.099;
3380, 1.1;
3381, 1.1;
3382, 1.101;
3383, 1.101;
3384, 1.101;
3385, 1.102;
3386, 1.102;
3387, 1.103;
3388, 1.103;
3389, 1.104;
3390, 1.104;
3391, 1.104;
3392, 1.105;
3393, 1.105;
3394, 1.106;
3395, 1.106;
3396, 1.107;
3397, 1.107;
3398, 1.107;
3399, 1.108;
3400, 1.108;
3401, 1.109;
3402, 1.109;
3403, 1.11;
3404, 1.11;
3405, 1.111;
3406, 1.111;
3407, 1.111;
3408, 1.112;
3409, 1.112;
3410, 1.113;
3411, 1.113;
3412, 1.113;
3413, 1.114;
3414, 1.114;
3415, 1.115;
3416, 1.115;
3417, 1.116;
3418, 1.116;
3419, 1.117;
3420, 1.117;
3421, 1.117;
3422, 1.118;
3423, 1.118;
3424, 1.119;
3425, 1.119;
3426, 1.12;
3427, 1.12;
3428, 1.12;
3429, 1.121;
3430, 1.121;
3431, 1.122;
3432, 1.122;
3433, 1.122;
3434, 1.123;
3435, 1.123;
3436, 1.124;
3437, 1.124;
3438, 1.125;
3439, 1.125;
3440, 1.125;
3441, 1.126;
3442, 1.126;
3443, 1.127;
3444, 1.127;
3445, 1.127;
3446, 1.128;
3447, 1.128;
3448, 1.129;
3449, 1.129;
3450, 1.129;
3451, 1.13;
3452, 1.13;
3453, 1.131;
3454, 1.131;
3455, 1.131;
3456, 1.132;
3457, 1.132;
3458, 1.133;
3459, 1.133;
3460, 1.133;
3461, 1.134;
3462, 1.134;
3463, 1.135;
3464, 1.135;
3465, 1.135;
3466, 1.136;
3467, 1.136;
3468, 1.137;
3469, 1.137;
3470, 1.137;
3471, 1.138;
3472, 1.138;
3473, 1.139;
3474, 1.139;
3475, 1.139;
3476, 1.14;
3477, 1.14;
3478, 1.141;
3479, 1.141;
3480, 1.141;
3481, 1.142;
3482, 1.142;
3483, 1.142;
3484, 1.143;
3485, 1.143;
3486, 1.144;
3487, 1.144;
3488, 1.144;
3489, 1.145;
3490, 1.145;
3491, 1.145;
3492, 1.146;
3493, 1.146;
3494, 1.147;
3495, 1.147;
3496, 1.147;
3497, 1.148;
3498, 1.148;
3499, 1.149;
3500, 1.149;
3501, 1.149;
3502, 1.15;
3503, 1.15;
3504, 1.15;
3505, 1.151;
3506, 1.151;
3507, 1.152;
3508, 1.152;
3509, 1.152;
3510, 1.153;
3511, 1.153;
3512, 1.153;
3513, 1.154;
3514, 1.154;
3515, 1.154;
3516, 1.155;
3517, 1.155;
3518, 1.155;
3519, 1.156;
3520, 1.156;
3521, 1.157;
3522, 1.157;
3523, 1.157;
3524, 1.158;
3525, 1.158;
3526, 1.158;
3527, 1.159;
3528, 1.159;
3529, 1.159;
3530, 1.16;
3531, 1.16;
3532, 1.161;
3533, 1.161;
3534, 1.161;
3535, 1.162;
3536, 1.162;
3537, 1.162;
3538, 1.163;
3539, 1.163;
3540, 1.163;
3541, 1.164;
3542, 1.164;
3543, 1.164;
3544, 1.165;
3545, 1.165;
3546, 1.165;
3547, 1.166;
3548, 1.166;
3549, 1.166;
3550, 1.167;
3551, 1.167;
3552, 1.167;
3553, 1.168;
3554, 1.168;
3555, 1.168;
3556, 1.169;
3557, 1.169;
3558, 1.169;
3559, 1.17;
3560, 1.17;
3561, 1.17;
3562, 1.171;
3563, 1.171;
3564, 1.171;
3565, 1.172;
3566, 1.172;
3567, 1.172;
3568, 1.173;
3569, 1.173;
3570, 1.173;
3571, 1.174;
3572, 1.174;
3573, 1.174;
3574, 1.174;
3575, 1.175;
3576, 1.175;
3577, 1.176;
3578, 1.176;
3579, 1.176;
3580, 1.176;
3581, 1.177;
3582, 1.177;
3583, 1.177;
3584, 1.178;
3585, 1.178;
3586, 1.178;
3587, 1.179;
3588, 1.179;
3589, 1.179;
3590, 1.179;
3591, 1.18;
3592, 1.18;
3593, 1.18;
3594, 1.181;
3595, 1.181;
3596, 1.181;
3597, 1.182;
3598, 1.182;
3599, 1.182;
3600, 1.182;
3601, 1.183;
3602, 1.183;
3603, 1.183;
3604, 1.184;
3605, 1.184;
3606, 1.184;
3607, 1.185;
3608, 1.185;
3609, 1.185;
3610, 1.185;
3611, 1.186;
3612, 1.186;
3613, 1.186;
3614, 1.187;
3615, 1.187;
3616, 1.187;
3617, 1.187;
3618, 1.188;
3619, 1.188;
3620, 1.188;
3621, 1.189;
3622, 1.189;
3623, 1.189;
3624, 1.189;
3625, 1.19;
3626, 1.19;
3627, 1.19;
3628, 1.19;
3629, 1.191;
3630, 1.191;
3631, 1.191;
3632, 1.192;
3633, 1.192;
3634, 1.192;
3635, 1.192;
3636, 1.193;
3637, 1.193;
3638, 1.193;
3639, 1.193;
3640, 1.194;
3641, 1.194;
3642, 1.194;
3643, 1.194;
3644, 1.195;
3645, 1.195;
3646, 1.195;
3647, 1.195;
3648, 1.196;
3649, 1.196;
3650, 1.196;
3651, 1.196;
3652, 1.197;
3653, 1.197;
3654, 1.197;
3655, 1.197;
3656, 1.198;
3657, 1.198;
3658, 1.198;
3659, 1.198;
3660, 1.198;
3661, 1.199;
3662, 1.199;
3663, 1.199;
3664, 1.199;
3665, 1.2;
3666, 1.2;
3667, 1.2;
3668, 1.2;
3669, 1.201;
3670, 1.201;
3671, 1.201;
3672, 1.201;
3673, 1.202;
3674, 1.202;
3675, 1.202;
3676, 1.202;
3677, 1.202;
3678, 1.203;
3679, 1.203;
3680, 1.203;
3681, 1.203;
3682, 1.204;
3683, 1.204;
3684, 1.204;
3685, 1.204;
3686, 1.204;
3687, 1.205;
3688, 1.205;
3689, 1.205;
3690, 1.205;
3691, 1.205;
3692, 1.206;
3693, 1.206;
3694, 1.206;
3695, 1.206;
3696, 1.206;
3697, 1.207;
3698, 1.207;
3699, 1.207;
3700, 1.207;
3701, 1.207;
3702, 1.208;
3703, 1.208;
3704, 1.208;
3705, 1.208;
3706, 1.208;
3707, 1.209;
3708, 1.209;
3709, 1.209;
3710, 1.209;
3711, 1.209;
3712, 1.21;
3713, 1.21;
3714, 1.21;
3715, 1.21;
3716, 1.21;
3717, 1.21;
3718, 1.211;
3719, 1.211;
3720, 1.211;
3721, 1.211;
3722, 1.211;
3723, 1.211;
3724, 1.212;
3725, 1.212;
3726, 1.212;
3727, 1.212;
3728, 1.212;
3729, 1.212;
3730, 1.213;
3731, 1.213;
3732, 1.213;
3733, 1.213;
3734, 1.213;
3735, 1.213;
3736, 1.214;
3737, 1.214;
3738, 1.214;
3739, 1.214;
3740, 1.214;
3741, 1.214;
3742, 1.214;
3743, 1.215;
3744, 1.215;
3745, 1.215;
3746, 1.215;
3747, 1.215;
3748, 1.215;
3749, 1.215;
3750, 7.561;
3751, 7.148;
3752, 6.76;
3753, 6.396;
3754, 6.044;
3755, 5.716;
3756, 5.413;
3757, 5.121;
3758, 4.854;
3759, 4.612;
3760, 4.369;
3761, 4.162;
3762, 3.956;
3763, 3.774;
3764, 3.604;
3765, 3.458;
3766, 3.312;
3767, 3.191;
3768, 3.081;
3769, 2.984;
3770, 2.899;
3771, 2.826;
3772, 2.766;
3773, 2.717;
3774, 2.681;
3775, 2.645;
3776, 2.633;
3777, 2.621;
3778, 2.621;
3779, 2.621;
3780, 2.633;
3781, 2.658;
3782, 2.683;
3783, 2.719;
3784, 2.756;
3785, 2.793;
3786, 2.842;
3787, 3.05;
3788, 3.477;
3789, 3.904;
3790, 4.344;
3791, 4.771;
3792, 5.211;
3793, 5.65;
3794, 6.078;
3795, 6.518;
3796, 6.958;
3797, 7.397;
3798, 7.825;
3799, 8.253;
3800, 8.694;
3801, 9.109;
3802, 9.537;
3803, 9.953;
3804, 10.369;
3805, 10.748;
3806, 10.858;
3807, 10.957;
3808, 11.055;
3809, 11.141;
3810, 11.227;
3811, 11.302;
3812, 11.375;
3813, 11.449;
3814, 11.51;
3815, 11.572;
3816, 11.633;
3817, 11.683;
3818, 11.721;
3819, 11.77;
3820, 11.807;
3821, 11.832;
3822, 11.87;
3823, 11.894;
3824, 11.907;
3825, 11.919;
3826, 11.932;
3827, 11.945;
3828, 11.957;
3829, 11.958;
3830, 11.946;
3831, 11.946;
3832, 11.935;
3833, 11.922;
3834, 11.91;
3835, 11.899;
3836, 11.874;
3837, 11.85;
3838, 11.826;
3839, 11.79;
3840, 11.765;
3841, 11.729;
3842, 11.693;
3843, 11.656;
3844, 11.607;
3845, 11.571;
3846, 11.522;
3847, 11.473;
3848, 11.425;
3849, 11.376;
3850, 11.327;
3851, 11.278;
3852, 11.217;
3853, 11.168;
3854, 11.107;
3855, 11.045;
3856, 10.984;
3857, 10.923;
3858, 10.862;
3859, 10.801;
3860, 10.74;
3861, 10.679;
3862, 10.605;
3863, 10.544;
3864, 10.483;
3865, 10.409;
3866, 10.348;
3867, 10.275;
3868, 10.213;
3869, 10.152;
3870, 10.078;
3871, 10.017;
3872, 9.956;
3873, 9.883;
3874, 9.821;
3875, 9.76;
3876, 9.698;
3877, 9.637;
3878, 9.575;
3879, 9.502;
3880, 9.429;
3881, 9.367;
3882, 9.293;
3883, 9.22;
3884, 9.158;
3885, 9.085;
3886, 9.023;
3887, 8.962;
3888, 8.901;
3889, 8.826;
3890, 8.765;
3891, 8.703;
3892, 8.655;
3893, 8.593;
3894, 8.532;
3895, 8.47;
3896, 8.421;
3897, 8.359;
3898, 8.31;
3899, 8.249;
3900, 8.199;
3901, 8.15;
3902, 8.101;
3903, 8.051;
3904, 8.002;
3905, 7.953;
3906, 7.903;
3907, 7.854;
3908, 7.805;
3909, 7.755;
3910, 7.718;
3911, 7.669;
3912, 7.632;
3913, 7.582;
3914, 7.545;
3915, 7.496;
3916, 7.459;
3917, 7.422;
3918, 7.385;
3919, 7.347;
3920, 7.298;
3921, 7.261;
3922, 7.236;
3923, 7.199;
3924, 7.161;
3925, 7.124;
3926, 7.087;
3927, 7.062;
3928, 7.025;
3929, 6.988;
3930, 6.963;
3931, 6.926;
3932, 6.901;
3933, 6.876;
3934, 6.839;
3935, 6.814;
3936, 6.788;
3937, 6.751;
3938, 6.726;
3939, 6.701;
3940, 6.676;
3941, 6.651;
3942, 6.626;
3943, 6.601;
3944, 6.576;
3945, 6.551;
3946, 6.526;
3947, 6.513;
3948, 6.488;
3949, 6.463;
3950, 6.438;
3951, 6.425;
3952, 6.4;
3953, 6.387;
3954, 6.362;
3955, 6.337;
3956, 6.324;
3957, 6.311;
3958, 6.286;
3959, 6.273;
3960, 6.248;
3961, 6.234;
3962, 6.222;
3963, 6.197;
3964, 6.184;
3965, 6.171;
3966, 6.158;
3967, 6.133;
3968, 6.12;
3969, 6.107;
3970, 6.094;
3971, 6.081;
3972, 6.067;
3973, 6.055;
3974, 6.042;
3975, 6.029;
3976, 6.015;
3977, 6.003;
3978, 5.99;
3979, 5.989;
3980, 6.0;
3981, 6.023;
3982, 6.046;
3983, 6.07;
3984, 6.093;
3985, 6.104;
3986, 6.128;
3987, 6.151;
3988, 6.174;
3989, 6.197;
3990, 6.22;
3991, 6.231;
3992, 6.254;
3993, 6.277;
3994, 6.3;
3995, 6.324;
3996, 6.347;
3997, 6.37;
3998, 6.381;
3999, 6.404;
4000, 6.427;
4001, 6.45;
4002, 6.473;
4003, 6.496;
4004, 6.507;
4005, 6.529;
4006, 6.552;
4007, 6.575;
4008, 6.586;
4009, 6.609;
4010, 6.632;
4011, 6.654;
4012, 6.665;
4013, 6.688;
4014, 6.711;
4015, 6.722;
4016, 6.744;
4017, 6.755;
4018, 6.777;
4019, 6.788;
4020, 6.811;
4021, 6.822;
4022, 6.844;
4023, 6.854;
4024, 6.865;
4025, 6.887;
4026, 6.898;
4027, 6.909;
4028, 6.931;
4029, 6.942;
4030, 6.952;
4031, 6.962;
4032, 6.973;
4033, 6.981;
4034, 6.987;
4035, 6.993;
4036, 6.999;
4037, 7.004;
4038, 7.01;
4039, 7.004;
4040, 7.01;
4041, 7.016;
4042, 7.009;
4043, 7.015;
4044, 7.009;
4045, 7.014;
4046, 7.007;
4047, 7.013;
4048, 7.007;
4049, 7.0;
4050, 6.994;
4051, 6.987;
4052, 6.981;
4053, 6.975;
4054, 6.968;
4055, 6.962;
4056, 6.955;
4057, 6.937;
4058, 6.931;
4059, 6.924;
4060, 6.906;
4061, 6.899;
4062, 6.835;
4063, 6.77;
4064, 6.705;
4065, 6.64;
4066, 6.576;
4067, 6.5;
4068, 6.436;
4069, 6.372;
4070, 6.296;
4071, 6.232;
4072, 6.168;
4073, 6.093;
4074, 6.029;
4075, 5.966;
4076, 5.891;
4077, 5.827;
4078, 5.753;
4079, 5.69;
4080, 5.638;
4081, 5.586;
4082, 5.535;
4083, 5.484;
4084, 5.433;
4085, 5.393;
4086, 5.342;
4087, 5.291;
4088, 5.24;
4089, 5.201;
4090, 5.15;
4091, 5.099;
4092, 5.06;
4093, 5.01;
4094, 4.97;
4095, 4.92;
4096, 4.881;
4097, 4.831;
4098, 4.792;
4099, 4.742;
4100, 4.703;
4101, 4.665;
4102, 4.615;
4103, 4.577;
4104, 4.527;
4105, 4.489;
4106, 4.45;
4107, 4.412;
4108, 4.363;
4109, 4.325;
4110, 4.287;
4111, 4.249;
4112, 4.2;
4113, 4.162;
4114, 4.124;
4115, 4.087;
4116, 4.049;
4117, 4.012;
4118, 3.974;
4119, 3.937;
4120, 3.899;
4121, 3.851;
4122, 3.814;
4123, 3.777;
4124, 3.74;
4125, 3.703;
4126, 3.666;
4127, 3.64;
4128, 3.603;
4129, 3.566;
4130, 3.53;
4131, 3.493;
4132, 3.456;
4133, 3.42;
4134, 3.384;
4135, 3.347;
4136, 3.311;
4137, 3.286;
4138, 3.249;
4139, 3.213;
4140, 3.177;
4141, 3.141;
4142, 3.116;
4143, 3.08;
4144, 3.045;
4145, 3.009;
4146, 2.973;
4147, 2.949;
4148, 2.913;
4149, 2.878;
4150, 2.842;
4151, 2.818;
4152, 2.782;
4153, 2.747;
4154, 2.723;
4155, 2.688;
4156, 2.653;
4157, 2.618;
4158, 2.594;
4159, 2.559;
4160, 2.524;
4161, 2.5;
4162, 2.466;
4163, 2.452;
4164, 2.428;
4165, 2.404;
4166, 2.381;
4167, 2.357;
4168, 2.343;
4169, 2.32;
4170, 2.296;
4171, 2.273;
4172, 2.259;
4173, 2.236;
4174, 2.212;
4175, 2.189;
4176, 2.176;
4177, 2.152;
4178, 2.129;
4179, 2.106;
4180, 2.093;
4181, 1.025;
4182, 1.023;
4183, 1.022;
4184, 1.021;
4185, 1.019;
4186, 1.018;
4187, 1.017;
4188, 1.015;
4189, 1.014;
4190, 1.013;
4191, 1.011;
4192, 1.01;
4193, 1.009;
4194, 1.007;
4195, 1.006;
4196, 1.005;
4197, 1.003;
4198, 1.002;
4199, 1.001;
4200, 0.999;
4201, 0.998;
4202, 0.996;
4203, 0.995;
4204, 0.994;
4205, 0.992;
4206, 0.991;
4207, 0.99;
4208, 0.988;
4209, 0.987;
4210, 0.986;
4211, 0.984;
4212, 0.983;
4213, 0.981;
4214, 0.98;
4215, 0.979;
4216, 0.977;
4217, 0.976;
4218, 0.974;
4219, 0.973;
4220, 0.972;
4221, 0.97;
4222, 0.969;
4223, 0.968;
4224, 0.966;
4225, 0.965;
4226, 0.963;
4227, 0.962;
4228, 0.961;
4229, 0.959;
4230, 0.958;
4231, 0.956;
4232, 0.955;
4233, 0.953;
4234, 0.952;
4235, 0.951;
4236, 0.949;
4237, 0.948;
4238, 0.946;
4239, 0.945;
4240, 0.943;
4241, 0.942;
4242, 0.941;
4243, 0.939;
4244, 0.938;
4245, 0.936;
4246, 0.935;
4247, 0.933;
4248, 0.932;
4249, 0.93;
4250, 0.929;
4251, 0.928;
4252, 0.926;
4253, 0.925;
4254, 0.923;
4255, 0.922;
4256, 0.92;
4257, 0.919;
4258, 0.917;
4259, 0.916;
4260, 0.914;
4261, 0.913;
4262, 0.911;
4263, 0.91;
4264, 0.908;
4265, 0.907;
4266, 0.905;
4267, 0.904;
4268, 0.903;
4269, 0.901;
4270, 0.9;
4271, 0.898;
4272, 0.897;
4273, 0.896;
4274, 0.895;
4275, 0.893;
4276, 0.892;
4277, 0.891;
4278, 0.89;
4279, 0.888;
4280, 0.887;
4281, 0.886;
4282, 0.885;
4283, 0.883;
4284, 0.882;
4285, 0.881;
4286, 0.88;
4287, 0.878;
4288, 0.877;
4289, 0.876;
4290, 0.874;
4291, 0.873;
4292, 0.872;
4293, 0.871;
4294, 0.869;
4295, 0.868;
4296, 0.867;
4297, 0.866;
4298, 0.864;
4299, 0.863;
4300, 0.862;
4301, 0.86;
4302, 0.859;
4303, 0.858;
4304, 0.857;
4305, 0.855;
4306, 0.854;
4307, 0.853;
4308, 0.851;
4309, 0.85;
4310, 0.849;
4311, 0.847;
4312, 0.846;
4313, 0.845;
4314, 0.844;
4315, 0.842;
4316, 0.841;
4317, 0.84;
4318, 0.838;
4319, 0.837;
4320, 0.836;
4321, 0.834;
4322, 0.833;
4323, 0.832;
4324, 0.83;
4325, 0.829;
4326, 0.828;
4327, 0.826;
4328, 0.825;
4329, 0.824;
4330, 0.822;
4331, 0.821;
4332, 0.82;
4333, 0.818;
4334, 0.817;
4335, 0.816;
4336, 0.814;
4337, 0.813;
4338, 0.812;
4339, 0.81;
4340, 0.809;
4341, 0.807;
4342, 0.806;
4343, 0.805;
4344, 0.803;
4345, 0.802;
4346, 0.801;
4347, 0.799;
4348, 0.798;
4349, 0.796;
4350, 0.795;
4351, 0.794;
4352, 0.792;
4353, 0.791;
4354, 0.79;
4355, 0.788;
4356, 0.787;
4357, 0.786;
4358, 0.784;
4359, 0.783;
4360, 0.781;
4361, 0.78;
4362, 0.779;
4363, 0.777;
4364, 0.776;
4365, 0.775;
4366, 0.773;
4367, 0.772;
4368, 0.77;
4369, 0.769;
4370, 0.768;
4371, 0.766;
4372, 0.765;
4373, 0.763;
4374, 0.762;
4375, 0.761;
4376, 0.759;
4377, 0.758;
4378, 0.756;
4379, 0.755;
4380, 0.754;
4381, 0.752;
4382, 0.751;
4383, 0.749;
4384, 0.748;
4385, 0.747;
4386, 0.745;
4387, 0.744;
4388, 0.742;
4389, 0.741;
4390, 0.74;
4391, 0.738;
4392, 0.737;
4393, 0.735;
4394, 0.734;
4395, 0.732;
4396, 0.731;
4397, 0.73;
4398, 0.728;
4399, 0.727;
4400, 0.725;
4401, 0.724;
4402, 0.722;
4403, 0.721;
4404, 0.72;
4405, 0.718;
4406, 0.717;
4407, 0.715;
4408, 0.714;
4409, 0.712;
4410, 0.711;
4411, 0.71;
4412, 0.708;
4413, 0.707;
4414, 0.705;
4415, 0.704;
4416, 0.702;
4417, 0.701;
4418, 0.7;
4419, 0.698;
4420, 0.697;
4421, 0.695;
4422, 0.694;
4423, 0.692;
4424, 0.691;
4425, 0.689;
4426, 0.688;
4427, 0.687;
4428, 0.685;
4429, 0.684;
4430, 0.682;
4431, 0.681;
4432, 0.679;
4433, 0.678;
4434, 0.676;
4435, 0.675;
4436, 0.673;
4437, 0.672;
4438, 0.671;
4439, 0.669;
4440, 0.668;
4441, 0.666;
4442, 0.665;
4443, 0.663;
4444, 0.662;
4445, 0.66;
4446, 0.659;
4447, 0.657;
4448, 0.656;
4449, 0.655;
4450, 0.653;
4451, 0.652;
4452, 0.65;
4453, 0.649;
4454, 0.647;
4455, 0.646;
4456, 0.644;
4457, 0.643;
4458, 0.641;
4459, 0.64;
4460, 0.638;
4461, 0.637;
4462, 0.636;
4463, 0.634;
4464, 0.633;
4465, 0.631;
4466, 0.63;
4467, 0.628;
4468, 0.627;
4469, 0.625;
4470, 0.624;
4471, 0.622;
4472, 0.621;
4473, 0.619;
4474, 0.618;
4475, 0.616;
4476, 0.615;
4477, 0.613;
4478, 0.612;
4479, 0.611;
4480, 0.609;
4481, 0.608;
4482, 0.606;
4483, 0.605;
4484, 0.603;
4485, 0.602;
4486, 0.6;
4487, 0.599;
4488, 0.597;
4489, 0.596;
4490, 0.594;
4491, 0.593;
4492, 0.591;
4493, 0.59;
4494, 0.588;
4495, 0.587;
4496, 0.585;
4497, 0.584;
4498, 0.583;
4499, 0.581;
4500, 0.58;
4501, 0.578;
4502, 0.577;
4503, 0.575;
4504, 0.574;
4505, 0.572;
4506, 0.571;
4507, 0.569;
4508, 0.568;
4509, 0.566;
4510, 0.565;
4511, 0.563;
4512, 0.562;
4513, 0.56;
4514, 0.559;
4515, 0.557;
4516, 0.556;
4517, 0.554;
4518, 0.553;
4519, 0.551;
4520, 0.55;
4521, 0.549;
4522, 0.547;
4523, 0.545;
4524, 0.544;
4525, 0.543;
4526, 0.541;
4527, 0.54;
4528, 0.538;
4529, 0.537;
4530, 0.535;
4531, 0.534;
4532, 0.532;
4533, 0.531;
4534, 0.529;
4535, 0.528;
4536, 0.526;
4537, 0.525;
4538, 0.523;
4539, 0.522;
4540, 0.52;
4541, 0.519;
4542, 0.517;
4543, 0.516;
4544, 0.514;
4545, 0.513;
4546, 0.512;
4547, 0.51;
4548, 0.509;
4549, 0.507;
4550, 0.506;
4551, 0.504;
4552, 0.503;
4553, 0.501;
4554, 0.5;
4555, 0.498;
4556, 0.497;
4557, 0.495;
4558, 0.494;
4559, 0.492;
4560, 0.491;
4561, 0.489;
4562, 0.488;
4563, 0.487;
4564, 0.485;
4565, 0.484;
4566, 0.482;
4567, 0.481;
4568, 0.479;
4569, 0.478;
4570, 0.476;
4571, 0.475;
4572, 0.473;
4573, 0.472;
4574, 0.471;
4575, 0.469;
4576, 0.468;
4577, 0.466;
4578, 0.465;
4579, 0.463;
4580, 0.462;
4581, 0.46;
4582, 0.459;
4583, 0.457;
4584, 0.456;
4585, 0.454;
4586, 0.453;
4587, 0.452;
4588, 0.45;
4589, 0.449;
4590, 0.447;
4591, 0.446;
4592, 0.444;
4593, 0.443;
4594, 0.441;
4595, 0.44;
4596, 0.438;
4597, 0.437;
4598, 0.436;
4599, 0.434;
4600, 0.433;
4601, 0.431;
4602, 0.43;
4603, 0.428;
4604, 0.427;
4605, 0.425;
4606, 0.424;
4607, 0.422;
4608, 0.421;
4609, 0.42;
4610, 0.418;
4611, 0.417;
4612, 0.415;
4613, 0.414;
4614, 0.412;
4615, 0.411;
4616, 0.41;
4617, 0.408;
4618, 0.407;
4619, 0.405;
4620, 0.404;
4621, 0.402;
4622, 0.401;
4623, 0.4;
4624, 0.398;
4625, 0.397;
4626, 0.395;
4627, 0.394;
4628, 0.392;
4629, 0.391;
4630, 0.39;
4631, 0.388;
4632, 0.387;
4633, 0.385;
4634, 0.384;
4635, 0.382;
4636, 0.381;
4637, 0.38;
4638, 0.378;
4639, 0.377;
4640, 0.375;
4641, 0.374;
4642, 0.373;
4643, 0.371;
4644, 0.37;
4645, 0.368;
4646, 0.367;
4647, 0.365;
4648, 0.364;
4649, 0.363;
4650, 0.361;
4651, 0.36;
4652, 0.359;
4653, 0.357;
4654, 0.356;
4655, 0.354;
4656, 0.353;
4657, 0.352;
4658, 0.35;
4659, 0.349;
4660, 0.347;
4661, 0.346;
4662, 2.143;
4663, 1.894;
4664, 1.675;
4665, 1.484;
4666, 1.319;
4667, 1.175;
4668, 1.056;
4669, 0.954;
4670, 0.874;
4671, 0.81;
4672, 0.764;
4673, 0.731;
4674, 0.708;
4675, 0.702;
4676, 0.702;
4677, 0.712;
4678, 0.729;
4679, 0.751;
4680, 0.946;
4681, 1.181;
4682, 1.42;
4683, 1.654;
4684, 1.886;
4685, 2.112;
4686, 2.337;
4687, 2.553;
4688, 2.728;
4689, 2.771;
4690, 2.808;
4691, 2.835;
4692, 2.859;
4693, 2.876;
4694, 2.888;
4695, 2.895;
4696, 2.898;
4697, 2.893;
4698, 2.886;
4699, 2.876;
4700, 2.86;
4701, 2.844;
4702, 2.822;
4703, 2.798;
4704, 2.771;
4705, 2.741;
4706, 2.707;
4707, 2.672;
4708, 2.638;
4709, 2.599;
4710, 2.562;
4711, 2.522;
4712, 2.48;
4713, 2.441;
4714, 2.399;
4715, 2.354;
4716, 2.313;
4717, 2.27;
4718, 2.229;
4719, 2.189;
4720, 2.146;
4721, 2.107;
4722, 2.07;
4723, 2.028;
4724, 1.984;
4725, 1.946;
4726, 1.905;
4727, 1.867;
4728, 1.83;
4729, 1.795;
4730, 1.76;
4731, 1.726;
4732, 1.695;
4733, 1.664;
4734, 1.633;
4735, 1.602;
4736, 1.574;
4737, 1.547;
4738, 1.522;
4739, 1.494;
4740, 1.469;
4741, 1.445;
4742, 1.423;
4743, 1.401;
4744, 1.38;
4745, 1.358;
4746, 1.337;
4747, 1.318;
4748, 1.299;
4749, 1.281;
4750, 1.263;
4751, 1.245;
4752, 1.228;
4753, 1.213;
4754, 1.198;
4755, 1.182;
4756, 1.169;
4757, 1.153;
4758, 1.14;
4759, 1.127;
4760, 1.112;
4761, 1.102;
4762, 1.089;
4763, 1.076;
4764, 1.066;
4765, 1.053;
4766, 1.043;
4767, 1.031;
4768, 1.02;
4769, 1.01;
4770, 1.006;
4771, 1.008;
4772, 1.011;
4773, 1.012;
4774, 1.014;
4775, 1.016;
4776, 1.018;
4777, 1.019;
4778, 1.021;
4779, 1.022;
4780, 1.022;
4781, 1.023;
4782, 1.024;
4783, 1.025;
4784, 1.026;
4785, 1.025;
4786, 1.026;
4787, 1.025;
4788, 1.024;
4789, 1.025;
4790, 1.023;
4791, 1.022;
4792, 1.019;
4793, 1.017;
4794, 1.014;
4795, 1.011;
4796, 1.01;
4797, 1.004;
4798, 1.001;
4799, 0.996;
4800, 0.993;
4801, 0.986;
4802, 0.981;
4803, 0.974;
4804, 0.969;
4805, 0.961;
4806, 0.954;
4807, 0.946;
4808, 0.938;
4809, 0.917;
4810, 0.893;
4811, 0.869;
4812, 0.845;
4813, 0.822;
4814, 0.799;
4815, 0.775;
4816, 0.753;
4817, 0.731;
4818, 0.714;
4819, 0.697;
4820, 0.68;
4821, 0.663;
4822, 0.647;
4823, 0.63;
4824, 0.616;
4825, 0.6;
4826, 0.585;
4827, 0.571;
4828, 0.557;
4829, 0.543;
4830, 0.529;
4831, 0.516;
4832, 0.503;
4833, 0.489;
4834, 0.478;
4835, 0.465;
4836, 0.452;
4837, 0.44;
4838, 0.429;
4839, 0.417;
4840, 0.406;
4841, 0.395;
4842, 0.385;
4843, 0.374;
4844, 0.362;
4845, 0.352;
4846, 0.343;
4847, 0.333;
4848, 0.323;
4849, 0.314;
4850, 0.304;
4851, 0.294;
4852, 0.285;
4853, 0.277;
4854, 0.268;
4855, 0.259;
4856, 0.252;
4857, 0.246;
4858, 0.239;
4859, 0.233;
4860, 0.227;
4861, 0.221;
4862, 0.215;
4863, 0.209;
4864, 0.204;
4865, 0.099;
4866, 0.098;
4867, 0.097;
4868, 0.096;
4869, 0.095;
4870, 0.094;
4871, 0.093;
4872, 0.092;
4873, 0.091;
4874, 0.09;
4875, 0.089;
4876, 0.088;
4877, 0.087;
4878, 0.087;
4879, 0.086;
4880, 0.085;
4881, 0.084;
4882, 0.083;
4883, 0.082;
4884, 0.081;
4885, 0.08;
4886, 0.079;
4887, 0.078;
4888, 0.077;
4889, 0.076;
4890, 0.075;
4891, 0.074;
4892, 0.074;
4893, 0.073;
4894, 0.072;
4895, 0.071;
4896, 0.07;
4897, 0.069;
4898, 0.068;
4899, 0.067;
4900, 0.067;
4901, 0.066;
4902, 0.065;
4903, 0.064;
4904, 0.063;
4905, 0.062;
4906, 0.061;
4907, 0.06;
4908, 0.06;
4909, 0.059;
4910, 0.058;
4911, 0.057;
4912, 0.056;
4913, 0.056;
4914, 0.055;
4915, 0.054;
4916, 0.053;
4917, 0.052;
4918, 0.051;
4919, 0.051;
4920, 0.05;
4921, 0.049;
4922, 0.048;
4923, 0.047;
4924, 0.047;
4925, 0.046;
4926, 0.045;
4927, 0.044;
4928, 0.043;
4929, 0.043;
4930, 0.042;
4931, 0.041;
4932, 0.04;
4933, 0.04;
4934, 0.039;
4935, 0.038;
4936, 0.037;
4937, 0.037;
4938, 0.036;
4939, 0.035;
4940, 0.034;
4941, 0.034;
4942, 0.033;
4943, 0.032;
4944, 0.031;
4945, 0.031;
4946, 0.03;
4947, 0.029;
4948, 0.029;
4949, 0.028;
4950, 0.027;
4951, 0.026;
4952, 0.026;
4953, 0.025;
4954, 0.024;
4955, 0.024;
4956, 0.023;
4957, 0.022;
4958, 0.022;
4959, 0.021;
4960, 0.02;
4961, 0.02;
4962, 0.019;
4963, 0.018;
4964, 0.018;
4965, 0.017;
4966, 0.016;
4967, 0.016;
4968, 0.015;
4969, 0.014;
4970, 0.014;
4971, 0.013;
4972, 0.013;
4973, 0.012;
4974, 0.011;
4975, 0.011;
4976, 0.01;
4977, 0.01;
4978, 0.009;
4979, 0.008;
4980, 0.008;
4981, 0.007;
4982, 0.007;
4983, 0.006;
4984, 0.005;
4985, 0.005;
4986, 0.004;
4987, 0.004;
4988, 0.003;
4989, 0.003;
4990, 0.002;
4991, 0.001;
4992, 0.001;
4993, 0.0;
4994, -0.0;
4995, -0.001;
4996, -0.001;
4997, -0.002;
4998, -0.002;
4999, -0.003;
5000, -0.003;
5001, -0.004;
5002, -0.004;
5003, -0.005;
5004, -0.005;
5005, -0.006;
5006, -0.006;
5007, -0.007;
5008, -0.007;
5009, -0.008;
5010, -0.008;
5011, -0.009;
5012, -0.009;
5013, -0.01;
5014, -0.01;
5015, -0.011;
5016, -0.011;
5017, -0.012;
5018, -0.012;
5019, -0.012;
5020, -0.013;
5021, -0.013;
5022, -0.014;
5023, -0.014;
5024, -0.015;
5025, -0.015;
5026, -0.015;
5027, -0.016;
5028, -0.016;
5029, -0.017;
5030, -0.017;
5031, -0.017;
5032, -0.018;
5033, -0.018;
5034, -0.018;
5035, -0.019;
5036, -0.019;
5037, -0.02;
5038, -0.02;
5039, -0.02;
5040, -0.021;
5041, -0.021;
5042, -0.021;
5043, -0.022;
5044, -0.022;
5045, -0.022;
5046, -0.023;
5047, -0.023;
5048, -0.023;
5049, -0.024;
5050, -0.024;
5051, -0.024;
5052, -0.025;
5053, -0.025;
5054, -0.025;
5055, -0.026;
5056, -0.026;
5057, -0.026;
5058, -0.026;
5059, -0.027;
5060, -0.027;
5061, -0.027;
5062, -0.027;
5063, -0.028;
5064, -0.028;
5065, -0.028;
5066, -0.028;
5067, -0.029;
5068, -0.029;
5069, -0.029;
5070, -0.029;
5071, -0.029;
5072, -0.03;
5073, -0.03;
5074, -0.03;
5075, -0.03;
5076, -0.03;
5077, -0.031;
5078, -0.031;
5079, -0.031;
5080, -0.031;
5081, -0.031;
5082, -0.032;
5083, -0.032;
5084, -0.032;
5085, -0.032;
5086, -0.032;
5087, -0.032;
5088, -0.032;
5089, -0.033;
5090, -0.033;
5091, -0.033;
5092, -0.033;
5093, -0.033;
5094, -0.033;
5095, -0.033;
5096, -0.033;
5097, -0.033;
5098, -0.034;
5099, -0.034;
5100, -0.034;
5101, -0.034;
5102, -0.034;
5103, -0.034;
5104, -0.034;
5105, -0.034;
5106, -0.034;
5107, -0.034;
5108, -0.034;
5109, -0.034;
5110, -0.034;
5111, -0.034;
5112, -0.034;
5113, -0.034;
5114, -0.034;
5115, -0.034;
5116, -0.034;
5117, -0.034;
5118, -0.034;
5119, -0.034;
5120, -0.034;
5121, -0.034;
5122, -0.034;
5123, -0.034;
5124, -0.034;
5125, -0.034;
5126, -0.034;
5127, -0.034;
5128, -0.034;
5129, -0.034;
5130, -0.034;
5131, -0.034;
5132, -0.034;
5133, -0.034;
5134, -0.034;
5135, -0.033;
5136, -0.033;
5137, -0.033;
5138, -0.033;
5139, -0.033;
5140, -0.033;
5141, -0.033;
5142, -0.033;
5143, -0.033;
5144, -0.032;
5145, -0.032;
5146, -0.032;
5147, -0.032;
5148, -0.032;
5149, -0.032;
5150, -0.031;
5151, -0.031;
5152, -0.031;
5153, -0.031;
5154, -0.031;
5155, -0.03;
5156, -0.03;
5157, -0.03;
5158, -0.03;
5159, -0.03;
5160, -0.029;
5161, -0.029;
5162, -0.029;
5163, -0.029;
5164, -0.028;
5165, -0.028;
5166, -0.028;
5167, -0.028;
5168, -0.028;
5169, -0.169;
5170, -0.158;
5171, -0.147;
5172, -0.137;
5173, -0.128;
5174, -0.119;
5175, -0.111;
5176, -0.104;
5177, -0.097;
5178, -0.091;
5179, -0.085;
5180, -0.079;
5181, -0.074;
5182, -0.07;
5183, -0.065;
5184, -0.062;
5185, -0.058;
5186, -0.055;
5187, -0.052;
5188, -0.05;
5189, -0.048;
5190, -0.046;
5191, -0.044;
5192, -0.043;
5193, -0.041;
5194, -0.04;
5195, -0.04;
5196, -0.038;
5197, -0.038;
5198, -0.037;
5199, -0.037;
5200, -0.036;
5201, -0.036;
5202, -0.035;
5203, -0.035;
5204, -0.037;
5205, -0.041;
5206, -0.045;
5207, -0.048;
5208, -0.051;
5209, -0.054;
5210, -0.056;
5211, -0.058;
5212, -0.059;
5213, -0.06;
5214, -0.061;
5215, -0.061;
5216, -0.06;
5217, -0.059;
5218, -0.058;
5219, -0.056;
5220, -0.054;
5221, -0.05;
5222, -0.045;
5223, -0.041;
5224, -0.036;
5225, -0.031;
5226, -0.026;
5227, -0.02;
5228, -0.015;
5229, -0.009;
5230, -0.004;
5231, 0.002;
5232, 0.008;
5233, 0.013;
5234, 0.02;
5235, 0.026;
5236, 0.032;
5237, 0.039;
5238, 0.046;
5239, 0.052;
5240, 0.059;
5241, 0.065;
5242, 0.071;
5243, 0.078;
5244, 0.085;
5245, 0.092;
5246, 0.099;
5247, 0.105;
5248, 0.112;
5249, 0.12;
5250, 0.126;
5251, 0.133;
5252, 0.14;
5253, 0.147;
5254, 0.154;
5255, 0.16;
5256, 0.167;
5257, 0.174;
5258, 0.18;
5259, 0.187;
5260, 0.193;
5261, 0.2;
5262, 0.207;
5263, 0.213;
5264, 0.219;
5265, 0.226;
5266, 0.233;
5267, 0.239;
5268, 0.244;
5269, 0.251;
5270, 0.257;
5271, 0.263;
5272, 0.268;
5273, 0.274;
5274, 0.281;
5275, 0.287;
5276, 0.291;
5277, 0.297;
5278, 0.303;
5279, 0.308;
5280, 0.315;
5281, 0.32;
5282, 0.325;
5283, 0.33;
5284, 0.336;
5285, 0.341;
5286, 0.347;
5287, 0.351;
5288, 0.357;
5289, 0.362;
5290, 0.367;
5291, 0.371;
5292, 0.376;
5293, 0.381;
5294, 0.385;
5295, 0.39;
5296, 0.395;
5297, 0.399;
5298, 0.403;
5299, 0.408;
5300, 0.412;
5301, 0.417;
5302, 0.421;
5303, 0.426;
5304, 0.43;
5305, 0.434;
5306, 0.439;
5307, 0.443;
5308, 0.447;
5309, 0.452;
5310, 0.456;
5311, 0.461;
5312, 0.465;
5313, 0.469;
5314, 0.473;
5315, 0.478;
5316, 0.482;
5317, 0.486;
5318, 0.49;
5319, 0.495;
5320, 0.499;
5321, 0.504;
5322, 0.508;
5323, 0.512;
5324, 0.517;
5325, 0.521;
5326, 0.526;
5327, 0.53;
5328, 0.534;
5329, 0.539;
5330, 0.544;
5331, 0.548;
5332, 0.552;
5333, 0.556;
5334, 0.562;
5335, 0.566;
5336, 0.571;
5337, 0.577;
5338, 0.598;
5339, 0.62;
5340, 0.641;
5341, 0.662;
5342, 0.683;
5343, 0.704;
5344, 0.723;
5345, 0.745;
5346, 0.765;
5347, 0.784;
5348, 0.805;
5349, 0.825;
5350, 0.845;
5351, 0.865;
5352, 0.885;
5353, 0.905;
5354, 0.924;
5355, 0.944;
5356, 0.963;
5357, 0.983;
5358, 1.004;
5359, 1.023;
5360, 1.042;
5361, 1.062;
5362, 1.081;
5363, 1.099;
5364, 1.12;
5365, 1.138;
5366, 1.159;
5367, 1.179;
5368, 1.197;
5369, 1.217;
5370, 1.235;
5371, 1.255;
5372, 1.275;
5373, 1.294;
5374, 1.312;
5375, 1.331;
5376, 1.351;
5377, 1.371;
5378, 1.391;
5379, 1.407;
5380, 1.427;
5381, 1.446;
5382, 1.465;
5383, 1.484;
5384, 1.504;
5385, 1.533;
5386, 1.561;
5387, 1.59;
5388, 1.619;
5389, 1.648;
5390, 1.678;
5391, 1.708;
5392, 1.738;
5393, 1.768;
5394, 1.798;
5395, 1.829;
5396, 1.86;
5397, 1.891;
5398, 1.922;
5399, 1.954;
5400, 1.986;
5401, 2.017;
5402, 2.05;
5403, 2.078;
5404, 2.111;
5405, 2.143;
5406, 2.177;
5407, 2.21;
5408, 2.243;
5409, 2.277;
5410, 2.311;
5411, 2.345;
5412, 2.379;
5413, 2.414;
5414, 2.445;
5415, 2.48;
5416, 2.515;
5417, 2.551;
5418, 2.582;
5419, 2.617;
5420, 2.654;
5421, 2.686;
5422, 2.722;
5423, 2.759;
5424, 2.791;
5425, 2.828;
5426, 2.861;
5427, 2.893;
5428, 2.931;
5429, 2.964;
5430, 3.002;
5431, 3.036;
5432, 3.069;
5433, 3.102;
5434, 3.136;
5435, 3.17;
5436, 3.204;
5437, 3.238;
5438, 3.272;
5439, 3.306;
5440, 3.341;
5441, 3.376;
5442, 3.41;
5443, 3.44;
5444, 3.475;
5445, 3.504;
5446, 3.539;
5447, 3.568;
5448, 3.604;
5449, 3.634;
5450, 3.663;
5451, 3.693;
5452, 3.722;
5453, 3.752;
5454, 3.782;
5455, 3.812;
5456, 3.841;
5457, 3.872;
5458, 3.895;
5459, 3.925;
5460, 3.955;
5461, 3.978;
5462, 3.981;
5463, 3.976;
5464, 3.965;
5465, 3.959;
5466, 3.947;
5467, 3.94;
5468, 3.926;
5469, 3.912;
5470, 3.904;
5471, 3.889;
5472, 3.872;
5473, 3.856;
5474, 3.846;
5475, 3.828;
5476, 3.81;
5477, 3.798;
5478, 3.779;
5479, 3.766;
5480, 3.761;
5481, 3.755;
5482, 3.749;
5483, 3.743;
5484, 3.736;
5485, 3.729;
5486, 3.722;
5487, 3.714;
5488, 3.705;
5489, 3.696;
5490, 3.688;
5491, 3.678;
5492, 3.677;
5493, 3.666;
5494, 3.656;
5495, 3.645;
5496, 3.642;
5497, 3.63;
5498, 3.618;
5499, 3.615;
5500, 3.602;
5501, 3.597;
5502, 3.584;
5503, 3.579;
5504, 3.564;
5505, 3.559;
5506, 3.544;
5507, 3.537;
5508, 3.522;
5509, 3.514;
5510, 3.507;
5511, 3.49;
5512, 3.482;
5513, 3.474;
5514, 3.456;
5515, 3.447;
5516, 3.438;
5517, 3.419;
5518, 3.409;
5519, 3.399;
5520, 3.388;
5521, 3.378;
5522, 3.357;
5523, 3.345;
5524, 3.334;
5525, 3.322;
5526, 3.309;
5527, 3.297;
5528, 3.284;
5529, 3.27;
5530, 3.257;
5531, 3.243;
5532, 3.218;
5533, 3.204;
5534, 3.189;
5535, 3.174;
5536, 3.158;
5537, 3.142;
5538, 3.137;
5539, 3.12;
5540, 3.104;
5541, 3.087;
5542, 3.069;
5543, 3.052;
5544, 3.034;
5545, 3.015;
5546, 2.997;
5547, 2.978;
5548, 2.958;
5549, 2.939;
5550, 2.93;
5551, 2.91;
5552, 2.89;
5553, 2.869;
5554, 2.847;
5555, 2.826;
5556, 2.816;
5557, 2.806;
5558, 2.796;
5559, 2.785;
5560, 2.774;
5561, 2.763;
5562, 2.752;
5563, 2.74;
5564, 2.741;
5565, 2.729;
5566, 2.717;
5567, 2.705;
5568, 2.693;
5569, 2.68;
5570, 2.667;
5571, 2.654;
5572, 2.653;
5573, 2.64;
5574, 99999;