1, 10.72;
2, 10.717;
3, 10.714;
4, 10.695;
5, 10.692;
6, 10.673;
7, 10.671;
8, 10.667;
9, 10.665;
10, 10.662;
11, 10.659;
12, 10.656;
13, 10.653;
14, 10.651;
15, 10.648;
16, 10.645;
17, 10.643;
18, 10.656;
19, 10.653;
20, 10.65;
21, 10.664;
22, 10.661;
23, 10.674;
24, 10.672;
25, 10.685;
26, 10.698;
27, 10.695;
28, 10.709;
29, 10.722;
30, 10.72;
31, 10.733;
32, 10.747;
33, 10.76;
34, 10.773;
35, 10.787;
36, 10.8;
37, 10.813;
38, 10.827;
39, 10.856;
40, 10.87;
41, 10.883;
42, 10.897;
43, 10.926;
44, 10.939;
45, 10.953;
46, 10.982;
47, 10.996;
48, 11.025;
49, 11.038;
50, 11.068;
51, 11.081;
52, 11.111;
53, 11.125;
54, 11.153;
55, 11.183;
56, 11.212;
57, 11.226;
58, 11.255;
59, 11.285;
60, 11.314;
61, 11.344;
62, 11.373;
63, 11.402;
64, 11.432;
65, 11.461;
66, 11.49;
67, 11.521;
68, 11.55;
69, 11.579;
70, 11.608;
71, 11.638;
72, 11.668;
73, 11.697;
74, 11.711;
75, 11.725;
76, 11.738;
77, 11.768;
78, 11.782;
79, 11.795;
80, 11.825;
81, 11.839;
82, 11.869;
83, 11.882;
84, 11.896;
85, 11.925;
86, 11.94;
87, 11.969;
88, 11.983;
89, 12.013;
90, 12.027;
91, 12.057;
92, 12.086;
93, 12.1;
94, 12.13;
95, 12.144;
96, 12.174;
97, 12.203;
98, 12.217;
99, 12.247;
100, 12.277;
101, 12.291;
102, 12.321;
103, 12.35;
104, 12.38;
105, 12.394;
106, 12.424;
107, 12.454;
108, 12.484;
109, 12.498;
110, 12.528;
111, 12.558;
112, 12.587;
113, 12.617;
114, 12.632;
115, 12.662;
116, 12.691;
117, 12.722;
118, 12.751;
119, 12.781;
120, 12.812;
121, 12.826;
122, 12.856;
123, 12.886;
124, 12.916;
125, 12.946;
126, 12.976;
127, 13.006;
128, 13.021;
129, 13.051;
130, 13.081;
131, 13.111;
132, 13.141;
133, 13.171;
134, 13.201;
135, 13.232;
136, 13.247;
137, 13.276;
138, 13.307;
139, 13.337;
140, 13.367;
141, 13.398;
142, 13.428;
143, 13.443;
144, 13.473;
145, 13.503;
146, 13.533;
147, 13.564;
148, 13.595;
149, 13.609;
150, 13.64;
151, 13.67;
152, 13.7;
153, 13.715;
154, 13.745;
155, 13.777;
156, 13.807;
157, 13.822;
158, 13.852;
159, 13.883;
160, 13.898;
161, 13.928;
162, 13.959;
163, 13.974;
164, 14.004;
165, 14.036;
166, 14.05;
167, 14.081;
168, 14.112;
169, 14.127;
170, 14.158;
171, 14.173;
172, 14.203;
173, 14.219;
174, 14.25;
175, 14.265;
176, 14.296;
177, 14.312;
178, 14.326;
179, 14.357;
180, 14.373;
181, 14.389;
182, 14.419;
183, 14.434;
184, 14.45;
185, 14.481;
186, 14.497;
187, 14.512;
188, 14.528;
189, 14.544;
190, 14.559;
191, 14.59;
192, 14.606;
193, 14.622;
194, 14.637;
195, 14.653;
196, 14.668;
197, 14.684;
198, 14.699;
199, 14.699;
200, 14.715;
201, 14.732;
202, 14.747;
203, 14.763;
204, 14.763;
205, 14.779;
206, 14.795;
207, 14.795;
208, 14.811;
209, 14.827;
210, 14.828;
211, 14.844;
212, 14.844;
213, 14.86;
214, 14.86;
215, 14.877;
216, 14.877;
217, 14.878;
218, 14.879;
219, 14.894;
220, 14.895;
221, 14.895;
222, 14.896;
223, 14.897;
224, 14.897;
225, 14.898;
226, 14.899;
227, 14.9;
228, 14.9;
229, 14.901;
230, 14.902;
231, 14.903;
232, 14.888;
233, 14.889;
234, 14.89;
235, 14.874;
236, 14.875;
237, 14.861;
238, 14.862;
239, 14.847;
240, 14.848;
241, 14.833;
242, 14.82;
243, 14.805;
244, 14.806;
245, 14.791;
246, 14.777;
247, 14.762;
248, 14.747;
249, 14.733;
250, 14.719;
251, 14.704;
252, 14.674;
253, 14.66;
254, 14.645;
255, 14.631;
256, 14.601;
257, 14.587;
258, 14.557;
259, 14.542;
260, 14.512;
261, 14.483;
262, 14.468;
263, 14.438;
264, 14.408;
265, 14.379;
266, 14.348;
267, 14.319;
268, 14.289;
269, 14.259;
270, 14.229;
271, 14.2;
272, 14.154;
273, 14.124;
274, 14.095;
275, 14.049;
276, 14.019;
277, 13.974;
278, 13.929;
279, 13.899;
280, 13.853;
281, 13.808;
282, 13.763;
283, 13.717;
284, 13.672;
285, 13.627;
286, 13.581;
287, 13.536;
288, 13.475;
289, 13.43;
290, 13.384;
291, 13.323;
292, 13.278;
293, 13.217;
294, 13.156;
295, 13.11;
296, 13.05;
297, 12.989;
298, 12.928;
299, 12.866;
300, 12.805;
301, 12.745;
302, 12.684;
303, 12.607;
304, 12.546;
305, 12.469;
306, 12.408;
307, 12.332;
308, 12.27;
309, 12.193;
310, 12.117;
311, 12.04;
312, 11.963;
313, 11.886;
314, 11.809;
315, 11.732;
316, 11.656;
317, 11.563;
318, 11.486;
319, 11.394;
320, 11.316;
321, 11.224;
322, 11.147;
323, 11.054;
324, 10.962;
325, 10.869;
326, 10.776;
327, 10.683;
328, 10.575;
329, 10.482;
330, 10.389;
331, 10.28;
332, 10.187;
333, 10.078;
334, 9.875;
335, 9.577;
336, 9.278;
337, 8.98;
338, 8.681;
339, 8.366;
340, 8.067;
341, 7.768;
342, 7.469;
343, 7.17;
344, 6.87;
345, 6.587;
346, 6.287;
347, 6.003;
348, 5.719;
349, 5.435;
350, 5.151;
351, 4.882;
352, 4.614;
353, 4.345;
354, 4.092;
355, 3.839;
356, 3.586;
357, 3.349;
358, 3.334;
359, 3.414;
360, 3.494;
361, 3.574;
362, 3.67;
363, 3.766;
364, 3.862;
365, 3.975;
366, 4.087;
367, 4.215;
368, 4.327;
369, 4.456;
370, 4.6;
371, 4.728;
372, 4.872;
373, 5.017;
374, 5.162;
375, 5.306;
376, 5.467;
377, 5.628;
378, 5.788;
379, 5.949;
380, 6.11;
381, 6.271;
382, 6.432;
383, 6.609;
384, 6.77;
385, 6.948;
386, 7.125;
387, 7.286;
388, 7.464;
389, 7.642;
390, 7.804;
391, 7.982;
392, 8.159;
393, 8.322;
394, 8.5;
395, 8.662;
396, 8.824;
397, 8.987;
398, 9.149;
399, 9.312;
400, 9.474;
401, 9.637;
402, 9.784;
403, 9.931;
404, 10.078;
405, 10.209;
406, 10.26;
407, 10.311;
408, 10.361;
409, 10.397;
410, 10.447;
411, 10.482;
412, 10.517;
413, 10.552;
414, 10.587;
415, 10.606;
416, 10.641;
417, 10.66;
418, 10.68;
419, 10.698;
420, 10.717;
421, 10.737;
422, 10.755;
423, 10.775;
424, 10.778;
425, 10.797;
426, 10.8;
427, 10.819;
428, 10.822;
429, 10.809;
430, 10.764;
431, 10.718;
432, 10.657;
433, 10.611;
434, 10.566;
435, 10.52;
436, 10.475;
437, 10.413;
438, 10.367;
439, 10.322;
440, 10.26;
441, 10.214;
442, 10.169;
443, 10.107;
444, 10.061;
445, 10.016;
446, 9.953;
447, 9.908;
448, 9.846;
449, 9.8;
450, 9.738;
451, 9.692;
452, 9.63;
453, 9.584;
454, 9.522;
455, 9.476;
456, 9.414;
457, 9.368;
458, 9.306;
459, 9.26;
460, 9.197;
461, 9.151;
462, 9.089;
463, 9.027;
464, 8.98;
465, 8.918;
466, 8.872;
467, 8.809;
468, 8.747;
469, 8.7;
470, 8.638;
471, 8.575;
472, 8.529;
473, 8.466;
474, 8.419;
475, 8.357;
476, 8.294;
477, 8.247;
478, 8.185;
479, 8.121;
480, 8.075;
481, 8.012;
482, 7.965;
483, 7.902;
484, 7.839;
485, 7.793;
486, 7.729;
487, 7.666;
488, 7.619;
489, 7.556;
490, 7.509;
491, 7.446;
492, 7.383;
493, 7.335;
494, 7.272;
495, 7.225;
496, 7.161;
497, 7.115;
498, 7.051;
499, 7.004;
500, 6.94;
501, 6.91;
502, 6.879;
503, 6.848;
504, 6.817;
505, 6.803;
506, 6.773;
507, 6.742;
508, 6.711;
509, 6.68;
510, 6.649;
511, 6.619;
512, 6.588;
513, 6.557;
514, 6.526;
515, 6.512;
516, 6.481;
517, 6.45;
518, 6.419;
519, 6.388;
520, 6.357;
521, 6.343;
522, 6.312;
523, 6.281;
524, 6.25;
525, 6.235;
526, 6.205;
527, 6.173;
528, 6.142;
529, 6.128;
530, 6.097;
531, 6.065;
532, 6.034;
533, 6.02;
534, 5.989;
535, 5.957;
536, 5.943;
537, 5.912;
538, 5.88;
539, 5.866;
540, 5.835;
541, 5.82;
542, 5.789;
543, 5.757;
544, 5.743;
545, 5.711;
546, 5.68;
547, 5.665;
548, 5.634;
549, 5.619;
550, 5.588;
551, 5.573;
552, 5.541;
553, 5.526;
554, 5.495;
555, 5.48;
556, 5.449;
557, 5.417;
558, 5.402;
559, 5.371;
560, 5.356;
561, 5.341;
562, 5.309;
563, 5.294;
564, 5.263;
565, 5.248;
566, 5.216;
567, 5.201;
568, 5.169;
569, 5.155;
570, 5.123;
571, 5.108;
572, 5.093;
573, 5.061;
574, 5.046;
575, 5.014;
576, 4.999;
577, 4.984;
578, 4.952;
579, 4.937;
580, 4.922;
581, 4.89;
582, 4.875;
583, 4.86;
584, 4.828;
585, 4.813;
586, 4.798;
587, 4.765;
588, 4.75;
589, 4.735;
590, 4.703;
591, 4.688;
592, 4.672;
593, 4.64;
594, 4.625;
595, 4.61;
596, 4.594;
597, 4.562;
598, 4.547;
599, 4.532;
600, 4.499;
601, 4.484;
602, 4.468;
603, 4.453;
604, 4.421;
605, 4.405;
606, 4.39;
607, 4.374;
608, 4.359;
609, 4.326;
610, 4.311;
611, 4.296;
612, 4.28;
613, 4.247;
614, 4.232;
615, 4.217;
616, 4.201;
617, 4.186;
618, 4.17;
619, 4.137;
620, 4.122;
621, 4.106;
622, 4.091;
623, 4.075;
624, 4.042;
625, 4.027;
626, 4.011;
627, 3.995;
628, 3.98;
629, 3.964;
630, 3.948;
631, 3.915;
632, 3.899;
633, 3.884;
634, 3.868;
635, 3.852;
636, 3.837;
637, 3.821;
638, 3.788;
639, 3.772;
640, 3.756;
641, 3.74;
642, 3.724;
643, 3.709;
644, 3.693;
645, 3.677;
646, 3.661;
647, 3.627;
648, 3.612;
649, 3.596;
650, 3.58;
651, 3.564;
652, 3.548;
653, 3.532;
654, 3.516;
655, 3.5;
656, 3.484;
657, 3.468;
658, 3.434;
659, 3.418;
660, 3.402;
661, 3.386;
662, 3.37;
663, 3.353;
664, 3.337;
665, 3.321;
666, 3.305;
667, 3.289;
668, 3.273;
669, 3.256;
670, 3.222;
671, 3.206;
672, 3.19;
673, 3.174;
674, 3.158;
675, 3.141;
676, 3.125;
677, 3.109;
678, 3.092;
679, 3.076;
680, 3.06;
681, 3.043;
682, 3.027;
683, 3.01;
684, 2.976;
685, 2.96;
686, 2.943;
687, 2.927;
688, 2.91;
689, 2.894;
690, 2.877;
691, 2.861;
692, 2.844;
693, 2.827;
694, 2.811;
695, 2.794;
696, 2.778;
697, 2.761;
698, 2.726;
699, 2.71;
700, 2.693;
701, 2.676;
702, 2.66;
703, 2.643;
704, 2.626;
705, 2.609;
706, 2.593;
707, 2.575;
708, 2.558;
709, 2.541;
710, 2.506;
711, 2.489;
712, 2.472;
713, 2.455;
714, 2.438;
715, 2.439;
716, 2.421;
717, 2.404;
718, 2.405;
719, 2.388;
720, 2.371;
721, 2.353;
722, 2.354;
723, 2.337;
724, 2.32;
725, 2.321;
726, 2.303;
727, 2.286;
728, 2.269;
729, 2.269;
730, 2.252;
731, 2.235;
732, 2.236;
733, 2.218;
734, 2.201;
735, 2.184;
736, 2.184;
737, 2.167;
738, 2.15;
739, 2.132;
740, 2.133;
741, 2.116;
742, 2.098;
743, 2.081;
744, 2.081;
745, 2.064;
746, 2.046;
747, 2.029;
748, 2.011;
749, 2.012;
750, 1.995;
751, 1.977;
752, 1.96;
753, 1.96;
754, 1.943;
755, 1.925;
756, 1.908;
757, 1.89;
758, 1.872;
759, 1.873;
760, 1.855;
761, 1.838;
762, 1.839;
763, 1.839;
764, 1.84;
765, 1.841;
766, 1.841;
767, 1.842;
768, 1.843;
769, 1.843;
770, 1.844;
771, 1.845;
772, 1.846;
773, 1.846;
774, 1.847;
775, 1.848;
776, 1.849;
777, 1.849;
778, 1.85;
779, 1.851;
780, 1.851;
781, 1.852;
782, 1.853;
783, 1.854;
784, 1.854;
785, 1.855;
786, 1.856;
787, 1.857;
788, 1.857;
789, 1.858;
790, 1.859;
791, 1.859;
792, 1.86;
793, 1.861;
794, 1.862;
795, 1.862;
796, 1.863;
797, 1.864;
798, 1.865;
799, 1.865;
800, 1.866;
801, 1.867;
802, 1.868;
803, 1.868;
804, 1.869;
805, 1.87;
806, 1.871;
807, 1.871;
808, 1.872;
809, 1.873;
810, 1.874;
811, 1.874;
812, 1.875;
813, 1.876;
814, 1.877;
815, 1.877;
816, 1.878;
817, 1.879;
818, 1.88;
819, 1.881;
820, 1.881;
821, 1.882;
822, 1.883;
823, 1.884;
824, 1.884;
825, 1.885;
826, 1.886;
827, 1.887;
828, 1.887;
829, 1.888;
830, 1.889;
831, 1.89;
832, 1.891;
833, 1.891;
834, 1.892;
835, 1.893;
836, 1.894;
837, 1.894;
838, 1.895;
839, 1.896;
840, 1.897;
841, 1.898;
842, 1.898;
843, 1.899;
844, 1.9;
845, 1.901;
846, 1.902;
847, 1.902;
848, 1.903;
849, 1.904;
850, 1.905;
851, 1.905;
852, 1.906;
853, 1.907;
854, 1.908;
855, 1.909;
856, 1.909;
857, 1.91;
858, 1.911;
859, 1.912;
860, 1.913;
861, 1.913;
862, 1.914;
863, 1.915;
864, 1.916;
865, 1.917;
866, 1.917;
867, 1.918;
868, 1.919;
869, 1.92;
870, 1.921;
871, 1.921;
872, 1.922;
873, 1.923;
874, 1.924;
875, 1.925;
876, 1.925;
877, 1.926;
878, 1.927;
879, 1.928;
880, 1.929;
881, 1.93;
882, 1.93;
883, 1.931;
884, 1.932;
885, 1.933;
886, 1.934;
887, 1.934;
888, 1.935;
889, 1.936;
890, 1.937;
891, 1.938;
892, 1.939;
893, 1.939;
894, 1.94;
895, 1.941;
896, 1.942;
897, 1.943;
898, 1.944;
899, 1.944;
900, 1.945;
901, 1.946;
902, 1.947;
903, 1.948;
904, 1.949;
905, 1.949;
906, 1.95;
907, 1.951;
908, 1.952;
909, 1.953;
910, 1.954;
911, 1.954;
912, 1.955;
913, 1.956;
914, 1.957;
915, 1.958;
916, 1.959;
917, 1.96;
918, 1.96;
919, 1.961;
920, 1.962;
921, 1.963;
922, 1.964;
923, 1.965;
924, 1.965;
925, 1.966;
926, 1.967;
927, 1.968;
928, 1.969;
929, 1.97;
930, 1.97;
931, 1.971;
932, 1.972;
933, 1.973;
934, 1.974;
935, 1.975;
936, 1.976;
937, 1.977;
938, 1.977;
939, 1.978;
940, 1.979;
941, 1.98;
942, 1.981;
943, 1.982;
944, 1.982;
945, 1.983;
946, 1.984;
947, 1.985;
948, 1.986;
949, 1.987;
950, 1.988;
951, 1.989;
952, 1.989;
953, 1.99;
954, 1.991;
955, 1.992;
956, 1.993;
957, 1.994;
958, 1.995;
959, 1.995;
960, 1.996;
961, 1.997;
962, 1.998;
963, 1.999;
964, 2.0;
965, 2.001;
966, 2.002;
967, 2.002;
968, 2.003;
969, 2.004;
970, 2.005;
971, 2.006;
972, 2.007;
973, 2.008;
974, 2.009;
975, 2.01;
976, 2.01;
977, 2.011;
978, 2.012;
979, 2.013;
980, 2.014;
981, 2.015;
982, 2.016;
983, 2.017;
984, 2.018;
985, 2.018;
986, 2.019;
987, 2.02;
988, 2.021;
989, 2.022;
990, 2.023;
991, 2.024;
992, 2.025;
993, 2.026;
994, 2.026;
995, 2.027;
996, 2.028;
997, 2.029;
998, 2.03;
999, 2.031;
1000, 2.032;
1001, 2.033;
1002, 2.034;
1003, 2.034;
1004, 2.035;
1005, 2.036;
1006, 2.037;
1007, 2.038;
1008, 2.039;
1009, 2.04;
1010, 2.041;
1011, 2.042;
1012, 2.042;
1013, 2.043;
1014, 2.044;
1015, 2.045;
1016, 2.046;
1017, 2.047;
1018, 2.048;
1019, 2.049;
1020, 2.05;
1021, 2.051;
1022, 2.052;
1023, 2.052;
1024, 2.053;
1025, 2.054;
1026, 2.055;
1027, 2.056;
1028, 2.057;
1029, 2.058;
1030, 2.059;
1031, 2.06;
1032, 2.061;
1033, 2.062;
1034, 2.063;
1035, 2.063;
1036, 2.064;
1037, 2.065;
1038, 2.066;
1039, 2.067;
1040, 2.068;
1041, 2.069;
1042, 2.07;
1043, 2.071;
1044, 2.072;
1045, 2.073;
1046, 2.074;
1047, 2.074;
1048, 2.075;
1049, 2.076;
1050, 2.077;
1051, 2.078;
1052, 2.079;
1053, 2.08;
1054, 2.081;
1055, 2.082;
1056, 2.083;
1057, 2.084;
1058, 2.085;
1059, 2.086;
1060, 2.086;
1061, 2.087;
1062, 2.088;
1063, 2.089;
1064, 2.09;
1065, 2.091;
1066, 2.092;
1067, 2.093;
1068, 2.094;
1069, 2.095;
1070, 2.096;
1071, 2.097;
1072, 2.098;
1073, 2.099;
1074, 2.099;
1075, 2.1;
1076, 2.101;
1077, 2.102;
1078, 2.103;
1079, 2.104;
1080, 2.105;
1081, 2.106;
1082, 2.107;
1083, 2.108;
1084, 2.109;
1085, 2.11;
1086, 2.111;
1087, 2.111;
1088, 2.113;
1089, 2.113;
1090, 2.114;
1091, 2.115;
1092, 2.116;
1093, 2.117;
1094, 2.118;
1095, 2.119;
1096, 2.12;
1097, 2.121;
1098, 2.122;
1099, 2.123;
1100, 2.124;
1101, 2.125;
1102, 2.126;
1103, 2.127;
1104, 2.127;
1105, 2.128;
1106, 2.129;
1107, 2.13;
1108, 2.131;
1109, 2.132;
1110, 2.133;
1111, 2.134;
1112, 2.135;
1113, 2.136;
1114, 2.137;
1115, 2.138;
1116, 2.139;
1117, 2.14;
1118, 14.343;
1119, 14.349;
1120, 14.334;
1121, 14.34;
1122, 14.325;
1123, 14.331;
1124, 14.338;
1125, 14.344;
1126, 14.351;
1127, 14.357;
1128, 14.363;
1129, 14.391;
1130, 14.398;
1131, 14.425;
1132, 14.432;
1133, 14.459;
1134, 14.488;
1135, 14.515;
1136, 14.544;
1137, 14.571;
1138, 14.6;
1139, 14.649;
1140, 14.677;
1141, 14.727;
1142, 14.755;
1143, 14.804;
1144, 14.855;
1145, 14.904;
1146, 14.954;
1147, 15.004;
1148, 15.054;
1149, 15.104;
1150, 15.154;
1151, 15.205;
1152, 15.276;
1153, 15.327;
1154, 15.398;
1155, 15.449;
1156, 15.521;
1157, 15.593;
1158, 15.665;
1159, 15.737;
1160, 15.81;
1161, 15.882;
1162, 15.955;
1163, 16.027;
1164, 16.1;
1165, 16.173;
1166, 16.245;
1167, 16.296;
1168, 16.325;
1169, 16.376;
1170, 16.427;
1171, 16.478;
1172, 16.529;
1173, 16.602;
1174, 16.653;
1175, 16.704;
1176, 16.755;
1177, 16.829;
1178, 16.88;
1179, 16.932;
1180, 17.004;
1181, 17.056;
1182, 17.13;
1183, 17.181;
1184, 17.255;
1185, 17.307;
1186, 17.38;
1187, 17.432;
1188, 17.505;
1189, 17.58;
1190, 17.632;
1191, 17.705;
1192, 17.78;
1193, 17.832;
1194, 17.906;
1195, 17.98;
1196, 18.054;
1197, 18.106;
1198, 18.181;
1199, 18.255;
1200, 18.33;
1201, 18.405;
1202, 18.457;
1203, 18.531;
1204, 18.607;
1205, 18.681;
1206, 18.756;
1207, 18.809;
1208, 18.883;
1209, 18.959;
1210, 19.033;
1211, 19.109;
1212, 19.162;
1213, 19.236;
1214, 19.312;
1215, 19.388;
1216, 19.44;
1217, 19.516;
1218, 19.592;
1219, 19.644;
1220, 19.72;
1221, 19.796;
1222, 19.849;
1223, 19.925;
1224, 19.979;
1225, 20.054;
1226, 20.108;
1227, 20.184;
1228, 20.237;
1229, 20.314;
1230, 20.368;
1231, 20.421;
1232, 20.475;
1233, 20.552;
1234, 20.606;
1235, 20.659;
1236, 20.713;
1237, 20.768;
1238, 20.821;
1239, 20.875;
1240, 20.93;
1241, 20.983;
1242, 21.038;
1243, 21.092;
1244, 21.123;
1245, 21.178;
1246, 21.233;
1247, 21.264;
1248, 21.318;
1249, 21.35;
1250, 21.382;
1251, 21.436;
1252, 21.469;
1253, 21.501;
1254, 21.532;
1255, 21.564;
1256, 21.596;
1257, 21.628;
1258, 21.66;
1259, 21.669;
1260, 21.701;
1261, 21.733;
1262, 21.743;
1263, 21.774;
1264, 21.784;
1265, 21.793;
1266, 21.803;
1267, 21.811;
1268, 21.821;
1269, 21.83;
1270, 21.839;
1271, 21.848;
1272, 21.835;
1273, 21.844;
1274, 21.83;
1275, 21.84;
1276, 21.826;
1277, 21.812;
1278, 21.799;
1279, 21.785;
1280, 21.771;
1281, 21.734;
1282, 21.721;
1283, 21.706;
1284, 21.67;
1285, 21.633;
1286, 21.596;
1287, 21.559;
1288, 21.522;
1289, 21.484;
1290, 21.448;
1291, 21.388;
1292, 21.351;
1293, 21.29;
1294, 21.23;
1295, 21.193;
1296, 21.132;
1297, 21.048;
1298, 20.988;
1299, 20.927;
1300, 20.843;
1301, 20.759;
1302, 20.698;
1303, 20.614;
1304, 20.507;
1305, 20.422;
1306, 20.338;
1307, 20.231;
1308, 20.146;
1309, 20.038;
1310, 19.93;
1311, 19.822;
1312, 19.691;
1313, 19.583;
1314, 19.451;
1315, 19.342;
1316, 19.211;
1317, 19.079;
1318, 18.946;
1319, 18.791;
1320, 18.659;
1321, 18.503;
1322, 18.347;
1323, 18.191;
1324, 18.034;
1325, 17.878;
1326, 17.699;
1327, 17.542;
1328, 17.362;
1329, 17.182;
1330, 17.001;
1331, 16.797;
1332, 16.615;
1333, 16.411;
1334, 16.207;
1335, 16.001;
1336, 15.797;
1337, 15.568;
1338, 15.362;
1339, 15.134;
1340, 14.81;
1341, 14.157;
1342, 13.479;
1343, 12.801;
1344, 12.122;
1345, 11.467;
1346, 10.787;
1347, 10.13;
1348, 9.473;
1349, 8.838;
1350, 8.204;
1351, 7.569;
1352, 6.98;
1353, 6.391;
1354, 5.802;
1355, 5.259;
1356, 4.953;
1357, 5.121;
1358, 5.313;
1359, 5.505;
1360, 5.745;
1361, 5.984;
1362, 6.248;
1363, 6.512;
1364, 6.824;
1365, 7.112;
1366, 7.448;
1367, 7.761;
1368, 8.121;
1369, 8.458;
1370, 8.819;
1371, 9.18;
1372, 9.565;
1373, 9.951;
1374, 10.313;
1375, 10.699;
1376, 11.086;
1377, 11.472;
1378, 11.86;
1379, 12.248;
1380, 12.635;
1381, 12.999;
1382, 13.387;
1383, 13.752;
1384, 14.117;
1385, 14.459;
1386, 14.801;
1387, 15.118;
1388, 15.316;
1389, 15.442;
1390, 15.545;
1391, 15.623;
1392, 15.725;
1393, 15.803;
1394, 15.858;
1395, 15.913;
1396, 15.967;
1397, 16.022;
1398, 16.052;
1399, 16.083;
1400, 16.113;
1401, 16.144;
1402, 16.174;
1403, 16.18;
1404, 16.114;
1405, 16.0;
1406, 15.885;
1407, 15.771;
1408, 15.68;
1409, 15.565;
1410, 15.45;
1411, 15.335;
1412, 15.22;
1413, 15.105;
1414, 14.989;
1415, 14.85;
1416, 14.734;
1417, 14.618;
1418, 14.502;
1419, 14.387;
1420, 14.246;
1421, 14.131;
1422, 14.014;
1423, 13.898;
1424, 13.757;
1425, 13.64;
1426, 13.5;
1427, 13.383;
1428, 13.267;
1429, 13.125;
1430, 13.008;
1431, 12.867;
1432, 12.75;
1433, 12.632;
1434, 12.49;
1435, 12.373;
1436, 12.231;
1437, 12.114;
1438, 11.971;
1439, 11.854;
1440, 11.711;
1441, 11.593;
1442, 11.475;
1443, 11.332;
1444, 11.214;
1445, 11.071;
1446, 10.952;
1447, 10.834;
1448, 10.69;
1449, 10.571;
1450, 10.452;
1451, 10.333;
1452, 10.264;
1453, 10.194;
1454, 10.123;
1455, 10.054;
1456, 9.983;
1457, 9.938;
1458, 9.868;
1459, 9.797;
1460, 9.727;
1461, 9.657;
1462, 9.611;
1463, 9.54;
1464, 9.47;
1465, 9.399;
1466, 9.353;
1467, 9.282;
1468, 9.211;
1469, 9.165;
1470, 9.095;
1471, 9.048;
1472, 8.977;
1473, 8.931;
1474, 8.86;
1475, 8.814;
1476, 8.742;
1477, 8.696;
1478, 8.625;
1479, 8.578;
1480, 8.507;
1481, 8.46;
1482, 8.389;
1483, 8.342;
1484, 8.295;
1485, 8.223;
1486, 8.177;
1487, 8.13;
1488, 8.083;
1489, 8.011;
1490, 7.964;
1491, 7.917;
1492, 7.87;
1493, 7.798;
1494, 7.751;
1495, 7.704;
1496, 7.656;
1497, 7.609;
1498, 7.562;
1499, 7.489;
1500, 7.442;
1501, 7.395;
1502, 7.347;
1503, 7.3;
1504, 7.252;
1505, 7.205;
1506, 7.157;
1507, 7.11;
1508, 7.062;
1509, 7.014;
1510, 6.966;
1511, 6.918;
1512, 6.871;
1513, 6.823;
1514, 6.775;
1515, 6.727;
1516, 6.679;
1517, 6.656;
1518, 6.608;
1519, 6.56;
1520, 6.512;
1521, 6.464;
1522, 6.416;
1523, 6.367;
1524, 6.344;
1525, 6.296;
1526, 6.248;
1527, 6.199;
1528, 6.151;
1529, 6.128;
1530, 6.079;
1531, 6.031;
1532, 5.982;
1533, 5.959;
1534, 5.91;
1535, 5.862;
1536, 5.813;
1537, 5.79;
1538, 5.741;
1539, 5.692;
1540, 5.643;
1541, 5.62;
1542, 5.571;
1543, 5.522;
1544, 5.498;
1545, 5.45;
1546, 5.4;
1547, 5.377;
1548, 5.328;
1549, 5.279;
1550, 5.255;
1551, 5.206;
1552, 5.156;
1553, 5.133;
1554, 5.083;
1555, 5.06;
1556, 5.01;
1557, 4.961;
1558, 4.937;
1559, 4.888;
1560, 4.838;
1561, 4.814;
1562, 4.765;
1563, 4.741;
1564, 4.691;
1565, 4.641;
1566, 4.617;
1567, 4.567;
1568, 4.543;
1569, 4.494;
1570, 4.444;
1571, 4.42;
1572, 4.37;
1573, 4.345;
1574, 4.296;
1575, 4.246;
1576, 4.221;
1577, 4.171;
1578, 4.121;
1579, 4.097;
1580, 4.047;
1581, 4.022;
1582, 3.972;
1583, 3.922;
1584, 3.897;
1585, 3.847;
1586, 3.822;
1587, 3.772;
1588, 3.722;
1589, 3.697;
1590, 3.646;
1591, 3.596;
1592, 3.571;
1593, 3.521;
1594, 3.496;
1595, 3.471;
1596, 3.446;
1597, 3.422;
1598, 3.397;
1599, 3.372;
1600, 3.347;
1601, 3.322;
1602, 3.298;
1603, 3.247;
1604, 3.222;
1605, 3.197;
1606, 3.172;
1607, 3.147;
1608, 3.122;
1609, 3.097;
1610, 3.072;
1611, 3.047;
1612, 2.996;
1613, 2.971;
1614, 2.946;
1615, 2.921;
1616, 2.895;
1617, 2.87;
1618, 2.845;
1619, 2.794;
1620, 2.769;
1621, 2.743;
1622, 2.718;
1623, 2.667;
1624, 2.641;
1625, 2.616;
1626, 2.617;
1627, 2.618;
1628, 2.619;
1629, 2.62;
1630, 2.62;
1631, 2.621;
1632, 2.622;
1633, 2.623;
1634, 2.624;
1635, 2.625;
1636, 2.625;
1637, 2.626;
1638, 2.627;
1639, 2.628;
1640, 2.629;
1641, 2.63;
1642, 2.63;
1643, 2.631;
1644, 2.632;
1645, 2.633;
1646, 2.634;
1647, 2.635;
1648, 2.635;
1649, 2.636;
1650, 2.637;
1651, 2.638;
1652, 2.639;
1653, 2.639;
1654, 2.64;
1655, 2.641;
1656, 2.642;
1657, 2.643;
1658, 2.643;
1659, 2.644;
1660, 2.645;
1661, 2.646;
1662, 2.647;
1663, 2.648;
1664, 2.648;
1665, 2.649;
1666, 2.65;
1667, 2.651;
1668, 2.652;
1669, 2.652;
1670, 2.653;
1671, 2.654;
1672, 2.655;
1673, 2.656;
1674, 2.657;
1675, 2.657;
1676, 2.658;
1677, 2.659;
1678, 2.66;
1679, 2.661;
1680, 2.661;
1681, 2.662;
1682, 2.663;
1683, 2.664;
1684, 2.665;
1685, 2.665;
1686, 2.666;
1687, 2.667;
1688, 2.668;
1689, 2.668;
1690, 2.669;
1691, 2.67;
1692, 2.671;
1693, 2.672;
1694, 2.673;
1695, 2.673;
1696, 2.674;
1697, 2.675;
1698, 2.676;
1699, 2.676;
1700, 2.677;
1701, 2.678;
1702, 2.679;
1703, 2.68;
1704, 2.68;
1705, 2.681;
1706, 2.682;
1707, 2.683;
1708, 2.684;
1709, 2.684;
1710, 2.685;
1711, 2.686;
1712, 2.687;
1713, 2.687;
1714, 2.688;
1715, 2.689;
1716, 2.69;
1717, 2.69;
1718, 2.691;
1719, 2.692;
1720, 2.693;
1721, 2.694;
1722, 2.694;
1723, 2.695;
1724, 2.696;
1725, 2.697;
1726, 2.697;
1727, 2.698;
1728, 2.699;
1729, 2.7;
1730, 2.7;
1731, 2.701;
1732, 2.702;
1733, 2.703;
1734, 2.703;
1735, 2.704;
1736, 2.705;
1737, 2.706;
1738, 2.706;
1739, 2.707;
1740, 2.708;
1741, 2.709;
1742, 2.709;
1743, 2.71;
1744, 2.711;
1745, 2.712;
1746, 2.712;
1747, 2.713;
1748, 2.714;
1749, 2.715;
1750, 2.715;
1751, 2.716;
1752, 2.717;
1753, 2.718;
1754, 2.718;
1755, 2.719;
1756, 2.72;
1757, 2.72;
1758, 2.721;
1759, 2.722;
1760, 2.723;
1761, 2.723;
1762, 2.724;
1763, 2.725;
1764, 2.726;
1765, 2.726;
1766, 2.727;
1767, 2.728;
1768, 2.729;
1769, 2.729;
1770, 2.73;
1771, 2.731;
1772, 2.731;
1773, 2.732;
1774, 2.733;
1775, 2.734;
1776, 2.734;
1777, 2.735;
1778, 2.736;
1779, 2.736;
1780, 2.737;
1781, 2.738;
1782, 2.739;
1783, 2.739;
1784, 2.74;
1785, 2.741;
1786, 2.741;
1787, 2.742;
1788, 2.743;
1789, 2.743;
1790, 2.744;
1791, 2.745;
1792, 2.745;
1793, 2.746;
1794, 2.747;
1795, 2.748;
1796, 2.748;
1797, 2.749;
1798, 2.75;
1799, 2.75;
1800, 2.751;
1801, 2.752;
1802, 2.752;
1803, 2.753;
1804, 2.754;
1805, 2.755;
1806, 2.755;
1807, 2.756;
1808, 2.757;
1809, 2.757;
1810, 2.758;
1811, 2.759;
1812, 2.759;
1813, 2.76;
1814, 2.761;
1815, 2.761;
1816, 2.762;
1817, 2.763;
1818, 2.763;
1819, 2.764;
1820, 2.765;
1821, 2.765;
1822, 2.766;
1823, 2.767;
1824, 2.767;
1825, 2.768;
1826, 2.769;
1827, 2.769;
1828, 2.77;
1829, 2.771;
1830, 2.771;
1831, 2.772;
1832, 2.773;
1833, 2.773;
1834, 2.774;
1835, 2.775;
1836, 2.775;
1837, 2.776;
1838, 2.777;
1839, 2.777;
1840, 2.778;
1841, 2.778;
1842, 2.779;
1843, 2.78;
1844, 2.78;
1845, 2.781;
1846, 2.782;
1847, 2.782;
1848, 2.783;
1849, 2.784;
1850, 2.784;
1851, 2.785;
1852, 2.785;
1853, 2.786;
1854, 2.787;
1855, 2.787;
1856, 2.788;
1857, 2.789;
1858, 2.789;
1859, 2.79;
1860, 2.79;
1861, 2.791;
1862, 2.792;
1863, 2.792;
1864, 2.793;
1865, 2.793;
1866, 2.794;
1867, 2.795;
1868, 2.795;
1869, 2.796;
1870, 2.797;
1871, 2.797;
1872, 2.798;
1873, 2.798;
1874, 2.799;
1875, 2.8;
1876, 2.8;
1877, 2.801;
1878, 2.801;
1879, 2.802;
1880, 2.803;
1881, 2.803;
1882, 2.804;
1883, 2.804;
1884, 2.805;
1885, 2.806;
1886, 2.806;
1887, 2.807;
1888, 2.807;
1889, 2.808;
1890, 2.809;
1891, 2.809;
1892, 2.81;
1893, 2.81;
1894, 2.811;
1895, 2.811;
1896, 2.812;
1897, 2.813;
1898, 2.813;
1899, 2.814;
1900, 2.814;
1901, 2.815;
1902, 2.815;
1903, 2.816;
1904, 2.817;
1905, 2.817;
1906, 2.818;
1907, 2.818;
1908, 2.819;
1909, 2.819;
1910, 2.82;
1911, 2.821;
1912, 2.821;
1913, 2.822;
1914, 2.822;
1915, 2.823;
1916, 2.823;
1917, 2.824;
1918, 2.824;
1919, 2.825;
1920, 2.825;
1921, 2.826;
1922, 2.827;
1923, 2.827;
1924, 2.828;
1925, 2.828;
1926, 2.829;
1927, 2.829;
1928, 2.83;
1929, 2.83;
1930, 2.831;
1931, 2.831;
1932, 2.832;
1933, 2.833;
1934, 2.833;
1935, 2.834;
1936, 2.834;
1937, 2.835;
1938, 2.835;
1939, 2.836;
1940, 2.836;
1941, 2.837;
1942, 2.837;
1943, 2.838;
1944, 2.838;
1945, 2.839;
1946, 2.839;
1947, 2.84;
1948, 2.84;
1949, 2.841;
1950, 2.841;
1951, 2.842;
1952, 2.842;
1953, 2.843;
1954, 2.843;
1955, 2.844;
1956, 2.844;
1957, 2.845;
1958, 2.845;
1959, 2.846;
1960, 2.846;
1961, 2.847;
1962, 2.847;
1963, 2.848;
1964, 2.848;
1965, 2.849;
1966, 2.849;
1967, 2.85;
1968, 2.85;
1969, 2.851;
1970, 2.851;
1971, 2.852;
1972, 2.852;
1973, 2.853;
1974, 2.853;
1975, 2.854;
1976, 2.854;
1977, 2.855;
1978, 2.855;
1979, 2.855;
1980, 2.856;
1981, 2.856;
1982, 2.857;
1983, 2.857;
1984, 2.858;
1985, 2.858;
1986, 2.859;
1987, 2.859;
1988, 2.86;
1989, 2.86;
1990, 2.861;
1991, 2.861;
1992, 2.861;
1993, 2.862;
1994, 2.862;
1995, 2.863;
1996, 2.863;
1997, 2.864;
1998, 2.864;
1999, 2.865;
2000, 2.865;
2001, 2.865;
2002, 2.866;
2003, 2.866;
2004, 2.867;
2005, 2.867;
2006, 2.868;
2007, 2.868;
2008, 2.868;
2009, 2.869;
2010, 2.869;
2011, 2.87;
2012, 2.87;
2013, 2.87;
2014, 2.871;
2015, 2.871;
2016, 2.872;
2017, 2.872;
2018, 2.873;
2019, 2.873;
2020, 2.873;
2021, 2.874;
2022, 2.874;
2023, 2.875;
2024, 2.875;
2025, 2.875;
2026, 2.876;
2027, 2.876;
2028, 2.877;
2029, 2.877;
2030, 2.877;
2031, 2.878;
2032, 2.878;
2033, 2.879;
2034, 2.879;
2035, 2.879;
2036, 2.88;
2037, 2.88;
2038, 2.88;
2039, 2.881;
2040, 2.881;
2041, 2.882;
2042, 2.882;
2043, 2.882;
2044, 2.883;
2045, 2.883;
2046, 2.883;
2047, 2.884;
2048, 2.884;
2049, 2.885;
2050, 2.885;
2051, 2.885;
2052, 2.886;
2053, 2.886;
2054, 2.886;
2055, 2.887;
2056, 2.887;
2057, 2.887;
2058, 2.888;
2059, 2.888;
2060, 2.888;
2061, 2.889;
2062, 2.889;
2063, 2.889;
2064, 2.89;
2065, 2.89;
2066, 2.891;
2067, 2.891;
2068, 2.891;
2069, 2.892;
2070, 2.892;
2071, 2.892;
2072, 2.892;
2073, 2.893;
2074, 2.893;
2075, 2.893;
2076, 2.894;
2077, 2.894;
2078, 2.894;
2079, 2.895;
2080, 2.895;
2081, 2.895;
2082, 2.896;
2083, 2.896;
2084, 2.896;
2085, 2.897;
2086, 2.897;
2087, 2.897;
2088, 2.898;
2089, 2.898;
2090, 2.898;
2091, 2.898;
2092, 2.899;
2093, 2.899;
2094, 2.899;
2095, 2.9;
2096, 2.9;
2097, 2.9;
2098, 2.9;
2099, 2.901;
2100, 2.901;
2101, 2.901;
2102, 2.902;
2103, 2.902;
2104, 2.902;
2105, 2.902;
2106, 2.903;
2107, 2.903;
2108, 2.903;
2109, 2.903;
2110, 2.904;
2111, 2.904;
2112, 2.904;
2113, 2.904;
2114, 2.905;
2115, 2.905;
2116, 2.905;
2117, 2.905;
2118, 2.906;
2119, 2.906;
2120, 2.906;
2121, 2.907;
2122, 2.907;
2123, 2.907;
2124, 2.907;
2125, 2.907;
2126, 2.908;
2127, 2.908;
2128, 2.908;
2129, 2.908;
2130, 2.909;
2131, 2.909;
2132, 2.909;
2133, 2.909;
2134, 2.909;
2135, 2.91;
2136, 2.91;
2137, 2.91;
2138, 2.91;
2139, 2.911;
2140, 2.911;
2141, 2.911;
2142, 2.911;
2143, 2.911;
2144, 2.912;
2145, 2.912;
2146, 2.912;
2147, 2.912;
2148, 2.912;
2149, 2.913;
2150, 2.913;
2151, 2.913;
2152, 2.913;
2153, 2.913;
2154, 2.914;
2155, 2.914;
2156, 2.914;
2157, 2.914;
2158, 2.914;
2159, 2.915;
2160, 2.915;
2161, 2.915;
2162, 2.915;
2163, 2.915;
2164, 2.915;
2165, 2.916;
2166, 2.916;
2167, 2.916;
2168, 2.916;
2169, 2.916;
2170, 2.916;
2171, 2.917;
2172, 2.917;
2173, 2.917;
2174, 2.917;
2175, 2.917;
2176, 2.917;
2177, 2.918;
2178, 2.918;
2179, 2.918;
2180, 2.918;
2181, 2.918;
2182, 2.918;
2183, 2.918;
2184, 2.918;
2185, 2.919;
2186, 2.919;
2187, 2.919;
2188, 2.919;
2189, 19.587;
2190, 19.559;
2191, 19.53;
2192, 19.502;
2193, 19.503;
2194, 19.504;
2195, 19.504;
2196, 19.505;
2197, 19.506;
2198, 19.535;
2199, 19.565;
2200, 19.595;
2201, 19.625;
2202, 19.655;
2203, 19.714;
2204, 19.744;
2205, 19.803;
2206, 19.862;
2207, 19.921;
2208, 20.01;
2209, 20.069;
2210, 20.157;
2211, 20.245;
2212, 20.304;
2213, 20.392;
2214, 20.51;
2215, 20.598;
2216, 20.686;
2217, 20.803;
2218, 20.892;
2219, 21.009;
2220, 21.126;
2221, 21.244;
2222, 21.361;
2223, 21.478;
2224, 21.625;
2225, 21.713;
2226, 21.801;
2227, 21.86;
2228, 21.948;
2229, 22.036;
2230, 22.095;
2231, 22.183;
2232, 22.271;
2233, 22.359;
2234, 22.447;
2235, 22.564;
2236, 22.652;
2237, 22.74;
2238, 22.857;
2239, 22.946;
2240, 23.033;
2241, 23.15;
2242, 23.238;
2243, 23.356;
2244, 23.472;
2245, 23.56;
2246, 23.677;
2247, 23.794;
2248, 23.883;
2249, 23.999;
2250, 24.116;
2251, 24.233;
2252, 24.321;
2253, 24.438;
2254, 24.555;
2255, 24.672;
2256, 24.76;
2257, 24.876;
2258, 24.993;
2259, 25.081;
2260, 25.198;
2261, 25.314;
2262, 25.402;
2263, 25.519;
2264, 25.636;
2265, 25.723;
2266, 25.84;
2267, 25.927;
2268, 26.044;
2269, 26.132;
2270, 26.218;
2271, 26.335;
2272, 26.423;
2273, 26.51;
2274, 26.597;
2275, 26.685;
2276, 26.772;
2277, 26.86;
2278, 26.917;
2279, 27.005;
2280, 27.092;
2281, 27.15;
2282, 27.237;
2283, 27.295;
2284, 27.353;
2285, 27.411;
2286, 27.469;
2287, 27.526;
2288, 27.585;
2289, 27.642;
2290, 27.67;
2291, 27.729;
2292, 27.757;
2293, 27.785;
2294, 27.814;
2295, 27.842;
2296, 27.871;
2297, 27.87;
2298, 27.898;
2299, 27.897;
2300, 27.897;
2301, 27.896;
2302, 27.895;
2303, 27.894;
2304, 27.863;
2305, 27.863;
2306, 27.832;
2307, 27.802;
2308, 27.772;
2309, 27.742;
2310, 27.683;
2311, 27.623;
2312, 27.564;
2313, 27.504;
2314, 27.444;
2315, 27.356;
2316, 27.296;
2317, 27.207;
2318, 27.118;
2319, 27.001;
2320, 26.911;
2321, 26.794;
2322, 26.676;
2323, 26.557;
2324, 26.411;
2325, 26.264;
2326, 26.116;
2327, 25.969;
2328, 25.822;
2329, 25.646;
2330, 25.469;
2331, 25.292;
2332, 25.087;
2333, 24.91;
2334, 24.705;
2335, 24.47;
2336, 24.264;
2337, 24.03;
2338, 23.795;
2339, 23.56;
2340, 23.296;
2341, 23.033;
2342, 22.769;
2343, 22.476;
2344, 22.183;
2345, 21.89;
2346, 21.598;
2347, 21.276;
2348, 20.954;
2349, 20.603;
2350, 20.281;
2351, 19.93;
2352, 19.55;
2353, 19.199;
2354, 18.819;
2355, 18.293;
2356, 17.156;
2357, 16.047;
2358, 14.91;
2359, 13.803;
2360, 12.695;
2361, 11.617;
2362, 10.539;
2363, 9.519;
2364, 8.5;
2365, 7.539;
2366, 6.607;
2367, 6.111;
2368, 6.373;
2369, 6.692;
2370, 7.07;
2371, 7.477;
2372, 7.912;
2373, 8.377;
2374, 8.9;
2375, 9.423;
2376, 9.974;
2377, 10.555;
2378, 11.136;
2379, 11.745;
2380, 12.355;
2381, 12.964;
2382, 13.573;
2383, 14.211;
2384, 14.82;
2385, 15.429;
2386, 16.037;
2387, 16.617;
2388, 17.196;
2389, 17.746;
2390, 18.267;
2391, 18.556;
2392, 18.728;
2393, 18.872;
2394, 18.986;
2395, 19.1;
2396, 19.186;
2397, 19.271;
2398, 19.327;
2399, 19.354;
2400, 19.38;
2401, 19.436;
2402, 19.434;
2403, 19.287;
2404, 19.111;
2405, 18.935;
2406, 18.73;
2407, 18.554;
2408, 18.349;
2409, 18.144;
2410, 17.939;
2411, 17.763;
2412, 17.558;
2413, 17.353;
2414, 17.148;
2415, 16.944;
2416, 16.739;
2417, 16.534;
2418, 16.301;
2419, 16.096;
2420, 15.891;
2421, 15.687;
2422, 15.482;
2423, 15.249;
2424, 15.045;
2425, 14.84;
2426, 14.607;
2427, 14.403;
2428, 14.198;
2429, 13.994;
2430, 13.761;
2431, 13.557;
2432, 13.353;
2433, 13.149;
2434, 12.916;
2435, 12.712;
2436, 12.508;
2437, 12.304;
2438, 12.129;
2439, 12.012;
2440, 11.895;
2441, 11.778;
2442, 11.661;
2443, 11.544;
2444, 11.455;
2445, 11.338;
2446, 11.221;
2447, 11.104;
2448, 11.016;
2449, 10.899;
2450, 10.811;
2451, 10.694;
2452, 10.606;
2453, 10.489;
2454, 10.401;
2455, 10.284;
2456, 10.197;
2457, 10.108;
2458, 10.021;
2459, 9.904;
2460, 9.816;
2461, 9.728;
2462, 9.64;
2463, 9.552;
2464, 9.436;
2465, 9.348;
2466, 9.26;
2467, 9.173;
2468, 9.085;
2469, 8.997;
2470, 8.909;
2471, 8.85;
2472, 8.763;
2473, 8.675;
2474, 8.588;
2475, 8.5;
2476, 8.412;
2477, 8.353;
2478, 8.266;
2479, 8.179;
2480, 8.12;
2481, 8.032;
2482, 7.945;
2483, 7.886;
2484, 7.799;
2485, 7.711;
2486, 7.652;
2487, 7.565;
2488, 7.507;
2489, 7.419;
2490, 7.361;
2491, 7.274;
2492, 7.215;
2493, 7.128;
2494, 7.069;
2495, 7.011;
2496, 6.923;
2497, 6.865;
2498, 6.778;
2499, 6.719;
2500, 6.661;
2501, 6.574;
2502, 6.516;
2503, 6.457;
2504, 6.399;
2505, 6.312;
2506, 6.253;
2507, 6.195;
2508, 6.108;
2509, 6.05;
2510, 5.992;
2511, 5.933;
2512, 5.875;
2513, 5.789;
2514, 5.73;
2515, 5.672;
2516, 5.614;
2517, 5.556;
2518, 5.469;
2519, 5.411;
2520, 5.353;
2521, 5.295;
2522, 5.237;
2523, 5.179;
2524, 5.121;
2525, 5.035;
2526, 4.977;
2527, 4.919;
2528, 4.861;
2529, 4.803;
2530, 4.745;
2531, 4.687;
2532, 4.601;
2533, 4.543;
2534, 4.485;
2535, 4.428;
2536, 4.37;
2537, 4.312;
2538, 4.226;
2539, 4.168;
2540, 4.111;
2541, 4.053;
2542, 3.996;
2543, 3.938;
2544, 3.852;
2545, 3.823;
2546, 3.765;
2547, 3.736;
2548, 3.707;
2549, 3.65;
2550, 3.62;
2551, 3.563;
2552, 3.534;
2553, 3.476;
2554, 3.447;
2555, 3.39;
2556, 3.361;
2557, 3.304;
2558, 3.275;
2559, 3.217;
2560, 3.188;
2561, 3.131;
2562, 3.102;
2563, 3.045;
2564, 3.016;
2565, 2.959;
2566, 2.902;
2567, 2.873;
2568, 2.816;
2569, 2.815;
2570, 2.815;
2571, 2.814;
2572, 2.813;
2573, 2.812;
2574, 2.812;
2575, 2.811;
2576, 2.81;
2577, 2.809;
2578, 2.809;
2579, 2.808;
2580, 2.807;
2581, 2.806;
2582, 2.806;
2583, 2.805;
2584, 2.804;
2585, 2.803;
2586, 2.803;
2587, 2.802;
2588, 2.801;
2589, 2.8;
2590, 2.8;
2591, 2.799;
2592, 2.798;
2593, 2.797;
2594, 2.796;
2595, 2.796;
2596, 2.795;
2597, 2.794;
2598, 2.793;
2599, 2.792;
2600, 2.792;
2601, 2.791;
2602, 2.79;
2603, 2.789;
2604, 2.788;
2605, 2.788;
2606, 2.787;
2607, 2.786;
2608, 2.785;
2609, 2.784;
2610, 2.784;
2611, 2.783;
2612, 2.782;
2613, 2.781;
2614, 2.78;
2615, 2.779;
2616, 2.779;
2617, 2.778;
2618, 2.777;
2619, 2.776;
2620, 2.775;
2621, 2.774;
2622, 2.773;
2623, 2.773;
2624, 2.772;
2625, 2.771;
2626, 2.77;
2627, 2.769;
2628, 2.768;
2629, 2.767;
2630, 2.766;
2631, 2.766;
2632, 2.765;
2633, 2.764;
2634, 2.763;
2635, 2.762;
2636, 2.761;
2637, 2.76;
2638, 2.759;
2639, 2.758;
2640, 2.757;
2641, 2.757;
2642, 2.756;
2643, 2.755;
2644, 2.754;
2645, 2.753;
2646, 2.752;
2647, 2.751;
2648, 2.75;
2649, 2.749;
2650, 2.748;
2651, 2.747;
2652, 2.746;
2653, 2.745;
2654, 2.744;
2655, 2.744;
2656, 2.743;
2657, 2.742;
2658, 2.741;
2659, 2.74;
2660, 2.739;
2661, 2.738;
2662, 2.737;
2663, 2.736;
2664, 2.735;
2665, 2.734;
2666, 2.733;
2667, 2.732;
2668, 2.731;
2669, 2.73;
2670, 2.729;
2671, 2.728;
2672, 2.727;
2673, 2.726;
2674, 2.725;
2675, 2.724;
2676, 2.723;
2677, 2.722;
2678, 2.721;
2679, 2.72;
2680, 2.719;
2681, 2.718;
2682, 2.717;
2683, 2.716;
2684, 2.715;
2685, 2.714;
2686, 2.713;
2687, 2.712;
2688, 2.711;
2689, 2.71;
2690, 2.709;
2691, 2.707;
2692, 2.706;
2693, 2.705;
2694, 2.704;
2695, 2.703;
2696, 2.702;
2697, 2.701;
2698, 2.7;
2699, 2.699;
2700, 2.698;
2701, 2.697;
2702, 2.696;
2703, 2.695;
2704, 2.694;
2705, 2.692;
2706, 2.691;
2707, 2.69;
2708, 2.689;
2709, 2.688;
2710, 2.687;
2711, 2.686;
2712, 2.685;
2713, 2.684;
2714, 2.683;
2715, 2.681;
2716, 2.68;
2717, 2.679;
2718, 2.678;
2719, 2.677;
2720, 2.676;
2721, 2.675;
2722, 2.674;
2723, 2.672;
2724, 2.671;
2725, 2.67;
2726, 2.669;
2727, 2.668;
2728, 2.667;
2729, 2.665;
2730, 2.664;
2731, 2.663;
2732, 2.662;
2733, 2.661;
2734, 2.66;
2735, 2.658;
2736, 2.657;
2737, 2.656;
2738, 2.655;
2739, 2.654;
2740, 2.652;
2741, 2.651;
2742, 2.65;
2743, 2.649;
2744, 2.648;
2745, 2.646;
2746, 2.645;
2747, 2.644;
2748, 2.643;
2749, 2.642;
2750, 2.64;
2751, 2.639;
2752, 2.638;
2753, 2.637;
2754, 2.636;
2755, 2.634;
2756, 2.633;
2757, 2.632;
2758, 2.631;
2759, 2.629;
2760, 2.628;
2761, 2.627;
2762, 2.626;
2763, 2.624;
2764, 2.623;
2765, 2.622;
2766, 2.62;
2767, 2.619;
2768, 2.618;
2769, 2.617;
2770, 2.615;
2771, 2.614;
2772, 2.613;
2773, 2.611;
2774, 2.61;
2775, 2.609;
2776, 2.608;
2777, 2.606;
2778, 2.605;
2779, 2.604;
2780, 2.602;
2781, 2.601;
2782, 2.6;
2783, 2.598;
2784, 2.597;
2785, 2.596;
2786, 2.594;
2787, 2.593;
2788, 2.592;
2789, 2.59;
2790, 2.589;
2791, 2.588;
2792, 2.586;
2793, 2.585;
2794, 2.584;
2795, 2.582;
2796, 2.581;
2797, 2.58;
2798, 2.578;
2799, 2.577;
2800, 2.575;
2801, 2.574;
2802, 2.573;
2803, 2.571;
2804, 2.57;
2805, 2.569;
2806, 2.567;
2807, 2.566;
2808, 2.564;
2809, 2.563;
2810, 2.562;
2811, 2.56;
2812, 2.559;
2813, 2.557;
2814, 2.556;
2815, 2.555;
2816, 2.553;
2817, 2.552;
2818, 2.55;
2819, 2.549;
2820, 2.547;
2821, 2.546;
2822, 2.545;
2823, 2.543;
2824, 2.542;
2825, 2.54;
2826, 2.539;
2827, 2.537;
2828, 2.536;
2829, 2.534;
2830, 2.533;
2831, 2.531;
2832, 2.53;
2833, 2.528;
2834, 2.527;
2835, 2.526;
2836, 2.524;
2837, 2.523;
2838, 2.521;
2839, 2.52;
2840, 2.518;
2841, 2.517;
2842, 2.515;
2843, 2.514;
2844, 2.512;
2845, 2.511;
2846, 2.509;
2847, 2.508;
2848, 2.506;
2849, 2.504;
2850, 2.503;
2851, 2.501;
2852, 2.5;
2853, 2.498;
2854, 2.497;
2855, 2.495;
2856, 2.494;
2857, 2.492;
2858, 2.491;
2859, 2.489;
2860, 2.487;
2861, 2.486;
2862, 2.484;
2863, 2.483;
2864, 2.481;
2865, 2.48;
2866, 2.478;
2867, 2.476;
2868, 2.475;
2869, 2.473;
2870, 2.472;
2871, 2.47;
2872, 2.469;
2873, 2.467;
2874, 2.465;
2875, 2.464;
2876, 2.462;
2877, 2.46;
2878, 2.459;
2879, 2.457;
2880, 2.456;
2881, 2.454;
2882, 2.452;
2883, 2.451;
2884, 2.449;
2885, 2.447;
2886, 2.446;
2887, 2.444;
2888, 2.442;
2889, 2.441;
2890, 2.439;
2891, 2.438;
2892, 2.436;
2893, 2.434;
2894, 2.433;
2895, 2.431;
2896, 2.429;
2897, 2.428;
2898, 2.426;
2899, 2.424;
2900, 2.422;
2901, 2.421;
2902, 2.419;
2903, 2.417;
2904, 2.416;
2905, 2.414;
2906, 2.412;
2907, 2.411;
2908, 2.409;
2909, 2.407;
2910, 2.405;
2911, 2.404;
2912, 2.402;
2913, 2.4;
2914, 2.398;
2915, 2.397;
2916, 2.395;
2917, 2.393;
2918, 2.391;
2919, 2.39;
2920, 2.388;
2921, 2.386;
2922, 2.384;
2923, 2.383;
2924, 2.381;
2925, 2.379;
2926, 2.377;
2927, 2.376;
2928, 2.374;
2929, 2.372;
2930, 2.37;
2931, 2.368;
2932, 2.367;
2933, 2.365;
2934, 2.363;
2935, 2.361;
2936, 2.359;
2937, 2.358;
2938, 2.356;
2939, 2.354;
2940, 2.352;
2941, 2.35;
2942, 2.349;
2943, 2.347;
2944, 2.345;
2945, 2.343;
2946, 2.341;
2947, 2.339;
2948, 2.337;
2949, 2.336;
2950, 2.334;
2951, 2.332;
2952, 2.33;
2953, 2.328;
2954, 2.326;
2955, 2.324;
2956, 2.323;
2957, 2.321;
2958, 2.319;
2959, 2.317;
2960, 2.315;
2961, 2.313;
2962, 2.311;
2963, 2.309;
2964, 2.307;
2965, 2.305;
2966, 2.304;
2967, 2.302;
2968, 2.3;
2969, 2.298;
2970, 2.296;
2971, 2.294;
2972, 2.292;
2973, 2.29;
2974, 2.288;
2975, 2.286;
2976, 2.284;
2977, 2.282;
2978, 2.28;
2979, 2.279;
2980, 2.276;
2981, 2.275;
2982, 2.273;
2983, 2.271;
2984, 2.269;
2985, 2.267;
2986, 2.265;
2987, 2.263;
2988, 2.261;
2989, 2.259;
2990, 2.257;
2991, 2.255;
2992, 2.253;
2993, 2.251;
2994, 2.249;
2995, 2.247;
2996, 2.245;
2997, 2.243;
2998, 2.241;
2999, 2.239;
3000, 2.237;
3001, 2.235;
3002, 2.233;
3003, 2.231;
3004, 2.228;
3005, 2.227;
3006, 2.225;
3007, 2.222;
3008, 2.22;
3009, 2.218;
3010, 2.216;
3011, 2.214;
3012, 2.212;
3013, 2.21;
3014, 2.208;
3015, 2.206;
3016, 2.204;
3017, 2.202;
3018, 2.2;
3019, 2.198;
3020, 2.195;
3021, 2.193;
3022, 2.191;
3023, 2.189;
3024, 2.187;
3025, 2.185;
3026, 2.183;
3027, 2.181;
3028, 2.179;
3029, 2.176;
3030, 2.174;
3031, 2.172;
3032, 2.17;
3033, 2.168;
3034, 2.166;
3035, 2.164;
3036, 2.161;
3037, 2.159;
3038, 2.157;
3039, 2.155;
3040, 2.153;
3041, 2.151;
3042, 2.148;
3043, 2.146;
3044, 2.144;
3045, 2.142;
3046, 2.14;
3047, 2.138;
3048, 2.135;
3049, 2.133;
3050, 2.131;
3051, 2.129;
3052, 2.127;
3053, 2.124;
3054, 2.122;
3055, 2.12;
3056, 2.118;
3057, 2.115;
3058, 2.113;
3059, 2.111;
3060, 2.109;
3061, 2.107;
3062, 2.104;
3063, 2.102;
3064, 2.1;
3065, 2.098;
3066, 2.095;
3067, 2.093;
3068, 2.091;
3069, 2.089;
3070, 2.086;
3071, 2.084;
3072, 2.082;
3073, 2.079;
3074, 2.077;
3075, 2.075;
3076, 2.073;
3077, 2.07;
3078, 2.068;
3079, 2.066;
3080, 2.063;
3081, 2.061;
3082, 2.059;
3083, 2.056;
3084, 2.054;
3085, 2.052;
3086, 2.049;
3087, 2.047;
3088, 2.045;
3089, 2.042;
3090, 2.04;
3091, 2.038;
3092, 2.035;
3093, 2.033;
3094, 2.03;
3095, 2.028;
3096, 2.026;
3097, 2.023;
3098, 2.021;
3099, 2.019;
3100, 2.016;
3101, 2.014;
3102, 2.011;
3103, 2.009;
3104, 2.007;
3105, 2.004;
3106, 2.002;
3107, 2.0;
3108, 1.997;
3109, 1.995;
3110, 1.992;
3111, 1.99;
3112, 1.987;
3113, 1.985;
3114, 1.983;
3115, 1.98;
3116, 1.978;
3117, 1.975;
3118, 1.973;
3119, 1.97;
3120, 1.968;
3121, 1.965;
3122, 1.963;
3123, 1.961;
3124, 1.958;
3125, 1.956;
3126, 1.953;
3127, 1.951;
3128, 1.948;
3129, 1.946;
3130, 1.943;
3131, 1.941;
3132, 1.938;
3133, 1.936;
3134, 1.933;
3135, 1.931;
3136, 1.928;
3137, 1.926;
3138, 1.923;
3139, 1.92;
3140, 1.918;
3141, 1.916;
3142, 1.913;
3143, 1.91;
3144, 1.908;
3145, 1.905;
3146, 1.903;
3147, 1.9;
3148, 1.898;
3149, 1.895;
3150, 1.893;
3151, 1.89;
3152, 1.887;
3153, 1.885;
3154, 1.882;
3155, 1.88;
3156, 1.877;
3157, 1.874;
3158, 1.872;
3159, 1.869;
3160, 1.867;
3161, 1.864;
3162, 1.861;
3163, 1.859;
3164, 1.856;
3165, 1.854;
3166, 1.851;
3167, 1.848;
3168, 1.846;
3169, 1.843;
3170, 1.84;
3171, 1.838;
3172, 1.835;
3173, 1.832;
3174, 1.83;
3175, 1.827;
3176, 1.824;
3177, 1.822;
3178, 1.819;
3179, 1.816;
3180, 1.814;
3181, 1.811;
3182, 1.808;
3183, 1.806;
3184, 1.803;
3185, 1.8;
3186, 1.798;
3187, 1.795;
3188, 1.792;
3189, 1.789;
3190, 1.787;
3191, 1.784;
3192, 1.781;
3193, 1.779;
3194, 1.776;
3195, 1.773;
3196, 1.77;
3197, 1.768;
3198, 1.765;
3199, 1.762;
3200, 1.759;
3201, 1.757;
3202, 1.754;
3203, 1.751;
3204, 1.748;
3205, 1.745;
3206, 1.743;
3207, 1.74;
3208, 1.737;
3209, 1.734;
3210, 1.732;
3211, 1.729;
3212, 1.726;
3213, 1.723;
3214, 1.72;
3215, 1.717;
3216, 1.715;
3217, 1.712;
3218, 1.709;
3219, 1.706;
3220, 1.703;
3221, 1.7;
3222, 1.698;
3223, 1.695;
3224, 1.692;
3225, 1.689;
3226, 1.686;
3227, 1.683;
3228, 1.681;
3229, 1.678;
3230, 1.675;
3231, 1.672;
3232, 1.669;
3233, 1.666;
3234, 1.663;
3235, 1.66;
3236, 1.657;
3237, 1.655;
3238, 1.652;
3239, 1.649;
3240, 1.646;
3241, 1.643;
3242, 1.64;
3243, 1.637;
3244, 1.634;
3245, 1.631;
3246, 1.628;
3247, 1.625;
3248, 1.622;
3249, 1.619;
3250, 1.616;
3251, 1.613;
3252, 1.611;
3253, 1.607;
3254, 1.605;
3255, 1.602;
3256, 1.599;
3257, 1.596;
3258, 1.593;
3259, 1.59;
3260, 1.587;
3261, 1.584;
3262, 1.581;
3263, 1.578;
3264, 1.575;
3265, 1.572;
3266, 1.569;
3267, 1.566;
3268, 1.563;
3269, 1.56;
3270, 1.556;
3271, 1.553;
3272, 1.55;
3273, 1.547;
3274, 1.544;
3275, 1.541;
3276, 1.538;
3277, 1.535;
3278, 1.532;
3279, 1.529;
3280, 1.526;
3281, 1.523;
3282, 1.52;
3283, 1.517;
3284, 1.514;
3285, 1.511;
3286, 1.507;
3287, 1.504;
3288, 1.501;
3289, 1.497;
3290, 1.491;
3291, 1.485;
3292, 1.48;
3293, 1.474;
3294, 1.468;
3295, 1.463;
3296, 1.457;
3297, 1.452;
3298, 1.446;
3299, 1.44;
3300, 1.435;
3301, 1.429;
3302, 1.423;
3303, 1.418;
3304, 1.412;
3305, 1.406;
3306, 1.401;
3307, 1.395;
3308, 1.389;
3309, 1.384;
3310, 1.378;
3311, 1.372;
3312, 1.367;
3313, 1.361;
3314, 1.355;
3315, 1.35;
3316, 1.344;
3317, 1.338;
3318, 1.333;
3319, 1.327;
3320, 1.321;
3321, 1.316;
3322, 1.31;
3323, 1.304;
3324, 1.298;
3325, 1.293;
3326, 1.287;
3327, 1.281;
3328, 1.276;
3329, 1.27;
3330, 1.264;
3331, 1.259;
3332, 1.253;
3333, 1.247;
3334, 1.242;
3335, 1.236;
3336, 1.23;
3337, 1.225;
3338, 1.219;
3339, 1.213;
3340, 1.208;
3341, 1.202;
3342, 1.196;
3343, 1.191;
3344, 1.185;
3345, 1.179;
3346, 1.174;
3347, 1.168;
3348, 1.162;
3349, 1.157;
3350, 1.151;
3351, 1.145;
3352, 1.14;
3353, 1.134;
3354, 1.128;
3355, 1.123;
3356, 1.117;
3357, 1.111;
3358, 1.106;
3359, 1.1;
3360, 1.095;
3361, 1.089;
3362, 1.083;
3363, 1.078;
3364, 1.072;
3365, 1.066;
3366, 1.061;
3367, 1.055;
3368, 1.05;
3369, 1.044;
3370, 1.038;
3371, 1.033;
3372, 1.027;
3373, 1.022;
3374, 1.016;
3375, 1.011;
3376, 1.005;
3377, 0.999;
3378, 0.994;
3379, 0.988;
3380, 0.983;
3381, 0.977;
3382, 0.972;
3383, 0.966;
3384, 0.961;
3385, 0.955;
3386, 0.95;
3387, 0.944;
3388, 0.939;
3389, 0.933;
3390, 0.928;
3391, 0.922;
3392, 0.917;
3393, 0.911;
3394, 0.906;
3395, 0.901;
3396, 0.895;
3397, 0.89;
3398, 0.884;
3399, 0.879;
3400, 0.873;
3401, 0.868;
3402, 0.863;
3403, 0.857;
3404, 0.852;
3405, 0.847;
3406, 0.841;
3407, 0.836;
3408, 0.831;
3409, 0.825;
3410, 0.82;
3411, 0.815;
3412, 0.809;
3413, 0.804;
3414, 0.799;
3415, 0.793;
3416, 0.788;
3417, 0.783;
3418, 0.778;
3419, 0.772;
3420, 0.767;
3421, 0.762;
3422, 0.757;
3423, 0.752;
3424, 0.746;
3425, 4.973;
3426, 4.924;
3427, 4.882;
3428, 4.848;
3429, 4.82;
3430, 4.793;
3431, 4.773;
3432, 4.76;
3433, 4.747;
3434, 4.747;
3435, 4.74;
3436, 4.746;
3437, 4.752;
3438, 4.757;
3439, 4.769;
3440, 4.787;
3441, 4.797;
3442, 4.819;
3443, 4.828;
3444, 4.823;
3445, 4.825;
3446, 4.825;
3447, 4.826;
3448, 4.826;
3449, 4.831;
3450, 4.83;
3451, 4.835;
3452, 4.845;
3453, 4.848;
3454, 4.851;
3455, 4.859;
3456, 4.86;
3457, 4.867;
3458, 4.867;
3459, 4.873;
3460, 4.872;
3461, 4.877;
3462, 4.874;
3463, 4.872;
3464, 4.869;
3465, 4.866;
3466, 4.856;
3467, 4.851;
3468, 4.841;
3469, 4.826;
3470, 4.815;
3471, 4.798;
3472, 4.781;
3473, 4.758;
3474, 4.736;
3475, 4.708;
3476, 4.68;
3477, 4.648;
3478, 4.614;
3479, 4.581;
3480, 4.539;
3481, 4.496;
3482, 4.454;
3483, 4.407;
3484, 4.356;
3485, 4.302;
3486, 4.247;
3487, 4.188;
3488, 4.126;
3489, 4.059;
3490, 3.989;
3491, 3.919;
3492, 3.843;
3493, 3.766;
3494, 3.683;
3495, 3.6;
3496, 3.515;
3497, 3.423;
3498, 3.332;
3499, 3.234;
3500, 3.134;
3501, 3.032;
3502, 2.928;
3503, 2.821;
3504, 2.709;
3505, 2.598;
3506, 2.482;
3507, 2.361;
3508, 2.186;
3509, 1.889;
3510, 1.599;
3511, 1.321;
3512, 1.064;
3513, 0.825;
3514, 0.715;
3515, 0.78;
3516, 0.862;
3517, 0.959;
3518, 1.063;
3519, 1.176;
3520, 1.29;
3521, 1.408;
3522, 1.522;
3523, 1.63;
3524, 1.747;
3525, 1.862;
3526, 1.933;
3527, 1.965;
3528, 1.988;
3529, 2.005;
3530, 2.016;
3531, 2.024;
3532, 2.003;
3533, 1.966;
3534, 1.929;
3535, 1.889;
3536, 1.852;
3537, 1.812;
3538, 1.773;
3539, 1.73;
3540, 1.69;
3541, 1.646;
3542, 1.607;
3543, 1.564;
3544, 1.523;
3545, 1.48;
3546, 1.437;
3547, 1.396;
3548, 1.356;
3549, 1.312;
3550, 1.29;
3551, 1.268;
3552, 1.249;
3553, 1.227;
3554, 1.208;
3555, 1.189;
3556, 1.17;
3557, 1.151;
3558, 1.131;
3559, 1.112;
3560, 1.096;
3561, 1.08;
3562, 1.061;
3563, 1.044;
3564, 1.028;
3565, 1.012;
3566, 0.995;
3567, 0.982;
3568, 0.965;
3569, 0.952;
3570, 0.935;
3571, 0.922;
3572, 0.908;
3573, 0.891;
3574, 0.878;
3575, 0.864;
3576, 0.85;
3577, 0.836;
3578, 0.826;
3579, 0.812;
3580, 0.798;
3581, 0.787;
3582, 0.772;
3583, 0.758;
3584, 0.747;
3585, 0.732;
3586, 0.721;
3587, 0.71;
3588, 0.695;
3589, 0.684;
3590, 0.669;
3591, 0.657;
3592, 0.645;
3593, 0.63;
3594, 0.618;
3595, 0.606;
3596, 0.594;
3597, 0.578;
3598, 0.566;
3599, 0.554;
3600, 0.538;
3601, 0.525;
3602, 0.509;
3603, 0.5;
3604, 0.494;
3605, 0.485;
3606, 0.476;
3607, 0.466;
3608, 0.457;
3609, 0.447;
3610, 0.438;
3611, 0.428;
3612, 0.418;
3613, 0.404;
3614, 0.394;
3615, 0.396;
3616, 0.398;
3617, 0.4;
3618, 0.402;
3619, 0.404;
3620, 0.405;
3621, 0.407;
3622, 0.409;
3623, 0.411;
3624, 0.413;
3625, 0.415;
3626, 0.417;
3627, 0.419;
3628, 0.421;
3629, 0.423;
3630, 0.425;
3631, 0.427;
3632, 0.429;
3633, 0.431;
3634, 0.433;
3635, 0.435;
3636, 0.437;
3637, 0.439;
3638, 0.442;
3639, 0.444;
3640, 0.446;
3641, 0.448;
3642, 0.45;
3643, 0.452;
3644, 0.455;
3645, 0.457;
3646, 0.459;
3647, 0.461;
3648, 0.463;
3649, 0.466;
3650, 0.468;
3651, 0.47;
3652, 0.472;
3653, 0.475;
3654, 0.477;
3655, 0.48;
3656, 0.482;
3657, 0.484;
3658, 0.487;
3659, 0.489;
3660, 0.491;
3661, 0.494;
3662, 0.496;
3663, 0.499;
3664, 0.501;
3665, 0.503;
3666, 0.506;
3667, 0.508;
3668, 0.511;
3669, 0.513;
3670, 0.516;
3671, 0.518;
3672, 0.521;
3673, 0.523;
3674, 0.526;
3675, 0.528;
3676, 0.531;
3677, 0.534;
3678, 0.536;
3679, 0.539;
3680, 0.541;
3681, 0.544;
3682, 0.547;
3683, 0.549;
3684, 0.552;
3685, 0.554;
3686, 0.557;
3687, 0.56;
3688, 0.563;
3689, 0.565;
3690, 0.568;
3691, 0.571;
3692, 0.573;
3693, 0.576;
3694, 0.579;
3695, 0.582;
3696, 0.584;
3697, 0.587;
3698, 0.59;
3699, 0.593;
3700, 0.595;
3701, 0.598;
3702, 0.601;
3703, 0.604;
3704, 0.607;
3705, 0.61;
3706, 0.612;
3707, 0.615;
3708, 0.618;
3709, 0.621;
3710, 0.624;
3711, 0.627;
3712, 0.63;
3713, 0.633;
3714, 0.635;
3715, 0.638;
3716, 0.641;
3717, 0.644;
3718, 0.647;
3719, 0.65;
3720, 0.653;
3721, 0.656;
3722, 0.659;
3723, 0.662;
3724, 0.665;
3725, 0.668;
3726, 0.671;
3727, 0.674;
3728, 0.677;
3729, 0.68;
3730, 0.683;
3731, 0.686;
3732, 0.689;
3733, 0.692;
3734, 0.695;
3735, 0.698;
3736, 0.701;
3737, 0.704;
3738, 0.707;
3739, 0.71;
3740, 0.713;
3741, 0.717;
3742, 0.72;
3743, 0.723;
3744, 0.726;
3745, 0.729;
3746, 0.732;
3747, 0.735;
3748, 0.738;
3749, 0.741;
3750, 0.745;
3751, 0.748;
3752, 0.751;
3753, 0.754;
3754, 0.757;
3755, 0.76;
3756, 0.764;
3757, 0.767;
3758, 0.77;
3759, 0.773;
3760, 0.776;
3761, 0.78;
3762, 0.783;
3763, 0.786;
3764, 0.789;
3765, 0.792;
3766, 0.796;
3767, 0.799;
3768, 0.802;
3769, 0.805;
3770, 0.808;
3771, 0.812;
3772, 0.815;
3773, 0.818;
3774, 0.821;
3775, 0.825;
3776, 0.828;
3777, 0.831;
3778, 0.834;
3779, 0.838;
3780, 0.841;
3781, 0.844;
3782, 0.848;
3783, 0.851;
3784, 0.854;
3785, 0.857;
3786, 0.861;
3787, 0.864;
3788, 0.867;
3789, 0.871;
3790, 0.874;
3791, 0.877;
3792, 0.88;
3793, 0.884;
3794, 0.887;
3795, 0.89;
3796, 0.894;
3797, 0.897;
3798, 0.9;
3799, 0.904;
3800, 0.907;
3801, 0.91;
3802, 0.914;
3803, 0.917;
3804, 0.92;
3805, 0.924;
3806, 0.927;
3807, 0.93;
3808, 0.934;
3809, 0.937;
3810, 0.94;
3811, 0.944;
3812, 0.947;
3813, 0.95;
3814, 0.954;
3815, 0.957;
3816, 0.96;
3817, 0.964;
3818, 0.967;
3819, 0.97;
3820, 0.974;
3821, 0.977;
3822, 0.98;
3823, 0.984;
3824, 0.987;
3825, 0.99;
3826, 0.994;
3827, 0.997;
3828, 1.0;
3829, 1.004;
3830, 1.007;
3831, 1.01;
3832, 1.014;
3833, 1.017;
3834, 1.02;
3835, 1.024;
3836, 1.027;
3837, 1.03;
3838, 1.034;
3839, 1.037;
3840, 1.04;
3841, 1.044;
3842, 1.047;
3843, 1.051;
3844, 1.054;
3845, 1.057;
3846, 1.061;
3847, 1.064;
3848, 1.067;
3849, 1.071;
3850, 1.074;
3851, 1.077;
3852, 1.081;
3853, 1.084;
3854, 1.087;
3855, 1.091;
3856, 1.094;
3857, 1.097;
3858, 1.101;
3859, 1.104;
3860, 1.107;
3861, 1.11;
3862, 1.114;
3863, 1.117;
3864, 1.12;
3865, 1.124;
3866, 1.127;
3867, 1.13;
3868, 1.134;
3869, 1.137;
3870, 1.14;
3871, 1.143;
3872, 1.147;
3873, 1.15;
3874, 1.153;
3875, 1.156;
3876, 1.16;
3877, 1.163;
3878, 1.166;
3879, 1.169;
3880, 1.173;
3881, 1.176;
3882, 1.179;
3883, 1.182;
3884, 1.186;
3885, 1.189;
3886, 1.192;
3887, 1.195;
3888, 1.199;
3889, 1.202;
3890, 1.205;
3891, 1.208;
3892, 1.212;
3893, 1.215;
3894, 1.218;
3895, 1.221;
3896, 1.224;
3897, 1.227;
3898, 1.231;
3899, 1.234;
3900, 1.237;
3901, 8.333;
3902, 8.317;
3903, 8.413;
3904, 8.584;
3905, 8.832;
3906, 9.155;
3907, 9.454;
3908, 9.718;
3909, 10.008;
3910, 10.324;
3911, 10.654;
3912, 10.986;
3913, 11.307;
3914, 11.616;
3915, 11.875;
3916, 12.097;
3917, 12.267;
3918, 12.361;
3919, 12.378;
3920, 12.302;
3921, 12.137;
3922, 11.838;
3923, 11.408;
3924, 10.844;
3925, 10.133;
3926, 9.247;
3927, 7.79;
3928, 4.592;
3929, 3.037;
3930, 4.387;
3931, 6.155;
3932, 7.945;
3933, 8.805;
3934, 8.999;
3935, 8.575;
3936, 8.002;
3937, 7.398;
3938, 6.778;
3939, 6.169;
3940, 5.625;
3941, 5.311;
3942, 5.008;
3943, 4.732;
3944, 4.454;
3945, 4.202;
3946, 3.963;
3947, 3.737;
3948, 3.524;
3949, 3.309;
3950, 3.108;
3951, 2.92;
3952, 2.73;
3953, 2.541;
3954, 2.35;
3955, 2.158;
3956, 1.966;
3957, 1.829;
3958, 1.692;
3959, 1.554;
3960, 1.415;
3961, 1.418;
3962, 1.421;
3963, 1.423;
3964, 1.426;
3965, 1.429;
3966, 1.432;
3967, 1.434;
3968, 1.437;
3969, 1.44;
3970, 1.442;
3971, 1.445;
3972, 1.448;
3973, 1.45;
3974, 1.453;
3975, 1.455;
3976, 1.458;
3977, 1.461;
3978, 1.463;
3979, 1.466;
3980, 1.468;
3981, 1.471;
3982, 1.473;
3983, 1.476;
3984, 1.478;
3985, 1.481;
3986, 1.483;
3987, 1.486;
3988, 1.488;
3989, 1.491;
3990, 1.493;
3991, 1.496;
3992, 1.498;
3993, 1.5;
3994, 1.502;
3995, 1.503;
3996, 1.504;
3997, 1.506;
3998, 1.507;
3999, 1.508;
4000, 1.509;
4001, 1.511;
4002, 1.512;
4003, 1.513;
4004, 1.514;
4005, 1.516;
4006, 1.517;
4007, 1.518;
4008, 1.519;
4009, 1.52;
4010, 1.521;
4011, 1.523;
4012, 1.524;
4013, 1.525;
4014, 1.526;
4015, 1.527;
4016, 1.528;
4017, 1.529;
4018, 1.53;
4019, 1.531;
4020, 1.532;
4021, 1.534;
4022, 1.535;
4023, 1.536;
4024, 1.537;
4025, 1.538;
4026, 1.539;
4027, 1.54;
4028, 1.54;
4029, 1.542;
4030, 1.542;
4031, 1.543;
4032, 1.544;
4033, 1.545;
4034, 1.546;
4035, 1.547;
4036, 1.548;
4037, 1.549;
4038, 1.55;
4039, 1.551;
4040, 1.552;
4041, 1.552;
4042, 1.553;
4043, 1.554;
4044, 1.555;
4045, 1.556;
4046, 1.556;
4047, 1.557;
4048, 1.558;
4049, 1.559;
4050, 1.56;
4051, 1.56;
4052, 1.561;
4053, 1.562;
4054, 1.563;
4055, 1.563;
4056, 1.564;
4057, 1.565;
4058, 1.566;
4059, 1.566;
4060, 1.567;
4061, 1.568;
4062, 1.568;
4063, 1.569;
4064, 1.57;
4065, 1.57;
4066, 1.571;
4067, 1.571;
4068, 1.572;
4069, 1.573;
4070, 1.573;
4071, 1.574;
4072, 1.574;
4073, 1.575;
4074, 1.576;
4075, 1.576;
4076, 1.577;
4077, 1.577;
4078, 1.578;
4079, 1.578;
4080, 1.579;
4081, 1.579;
4082, 1.58;
4083, 1.58;
4084, 1.581;
4085, 1.581;
4086, 1.582;
4087, 1.582;
4088, 1.583;
4089, 1.583;
4090, 1.584;
4091, 1.584;
4092, 1.585;
4093, 1.585;
4094, 1.586;
4095, 1.586;
4096, 1.586;
4097, 1.587;
4098, 1.587;
4099, 1.588;
4100, 1.588;
4101, 1.588;
4102, 1.589;
4103, 1.589;
4104, 1.59;
4105, 1.59;
4106, 1.59;
4107, 1.591;
4108, 1.591;
4109, 1.591;
4110, 1.591;
4111, 1.592;
4112, 1.592;
4113, 1.593;
4114, 1.593;
4115, 1.593;
4116, 1.593;
4117, 1.594;
4118, 1.594;
4119, 1.594;
4120, 1.595;
4121, 1.595;
4122, 1.595;
4123, 1.595;
4124, 1.596;
4125, 1.596;
4126, 1.596;
4127, 1.596;
4128, 1.596;
4129, 1.597;
4130, 1.597;
4131, 1.597;
4132, 1.597;
4133, 1.597;
4134, 1.598;
4135, 1.598;
4136, 1.598;
4137, 1.598;
4138, 1.598;
4139, 1.599;
4140, 1.599;
4141, 1.599;
4142, 1.599;
4143, 1.599;
4144, 1.599;
4145, 1.599;
4146, 1.6;
4147, 1.6;
4148, 1.6;
4149, 1.6;
4150, 1.6;
4151, 1.6;
4152, 1.6;
4153, 1.6;
4154, 1.601;
4155, 1.601;
4156, 1.601;
4157, 1.601;
4158, 1.601;
4159, 1.601;
4160, 1.601;
4161, 1.601;
4162, 1.601;
4163, 1.601;
4164, 1.601;
4165, 1.601;
4166, 1.602;
4167, 1.602;
4168, 1.602;
4169, 1.602;
4170, 1.602;
4171, 1.602;
4172, 1.602;
4173, 1.602;
4174, 1.602;
4175, 1.602;
4176, 1.602;
4177, 1.602;
4178, 1.602;
4179, 1.602;
4180, 1.602;
4181, 1.602;
4182, 1.602;
4183, 1.602;
4184, 1.602;
4185, 1.602;
4186, 1.602;
4187, 1.602;
4188, 1.602;
4189, 1.602;
4190, 1.602;
4191, 1.602;
4192, 1.602;
4193, 1.602;
4194, 1.602;
4195, 1.602;
4196, 1.602;
4197, 1.602;
4198, 1.602;
4199, 1.602;
4200, 1.602;
4201, 1.602;
4202, 1.602;
4203, 1.602;
4204, 1.602;
4205, 1.601;
4206, 1.601;
4207, 1.601;
4208, 1.601;
4209, 1.601;
4210, 1.601;
4211, 1.601;
4212, 1.601;
4213, 1.601;
4214, 1.601;
4215, 1.601;
4216, 1.601;
4217, 1.601;
4218, 1.601;
4219, 1.601;
4220, 1.601;
4221, 1.601;
4222, 1.6;
4223, 1.6;
4224, 1.6;
4225, 1.6;
4226, 1.6;
4227, 1.6;
4228, 1.6;
4229, 1.599;
4230, 1.598;
4231, 1.597;
4232, 1.597;
4233, 1.596;
4234, 1.595;
4235, 1.594;
4236, 1.593;
4237, 1.593;
4238, 1.592;
4239, 1.591;
4240, 1.59;
4241, 1.589;
4242, 1.589;
4243, 1.588;
4244, 1.587;
4245, 1.586;
4246, 1.586;
4247, 1.585;
4248, 1.584;
4249, 1.583;
4250, 1.582;
4251, 1.582;
4252, 1.581;
4253, 1.58;
4254, 1.579;
4255, 1.578;
4256, 1.577;
4257, 1.577;
4258, 1.576;
4259, 1.575;
4260, 1.574;
4261, 1.573;
4262, 1.573;
4263, 1.572;
4264, 1.571;
4265, 1.57;
4266, 10.703;
4267, 11.293;
4268, 12.73;
4269, 14.274;
4270, 15.16;
4271, 14.338;
4272, 10.779;
4273, 6.239;
4274, 10.314;
4275, 7.248;
4276, 5.417;
4277, 4.182;
4278, 3.182;
4279, 2.245;
4280, 1.558;
4281, 1.557;
4282, 1.556;
4283, 1.556;
4284, 1.555;
4285, 1.554;
4286, 1.553;
4287, 1.552;
4288, 1.551;
4289, 1.551;
4290, 1.55;
4291, 1.549;
4292, 1.548;
4293, 1.547;
4294, 1.546;
4295, 1.546;
4296, 1.545;
4297, 1.544;
4298, 1.543;
4299, 1.542;
4300, 1.541;
4301, 1.54;
4302, 1.54;
4303, 1.539;
4304, 1.538;
4305, 1.537;
4306, 1.536;
4307, 1.536;
4308, 1.535;
4309, 1.534;
4310, 1.533;
4311, 1.532;
4312, 1.531;
4313, 1.53;
4314, 1.53;
4315, 1.529;
4316, 1.528;
4317, 1.527;
4318, 1.526;
4319, 1.525;
4320, 1.524;
4321, 1.524;
4322, 1.523;
4323, 1.522;
4324, 1.521;
4325, 1.52;
4326, 1.519;
4327, 1.519;
4328, 1.518;
4329, 1.517;
4330, 1.516;
4331, 1.515;
4332, 1.514;
4333, 1.513;
4334, 1.513;
4335, 1.512;
4336, 1.511;
4337, 1.51;
4338, 1.509;
4339, 1.508;
4340, 1.507;
4341, 1.506;
4342, 1.506;
4343, 1.505;
4344, 1.504;
4345, 1.503;
4346, 1.502;
4347, 1.501;
4348, 1.5;
4349, 1.5;
4350, 1.499;
4351, 1.498;
4352, 1.497;
4353, 1.496;
4354, 1.495;
4355, 1.494;
4356, 1.494;
4357, 1.493;
4358, 1.492;
4359, 1.491;
4360, 1.49;
4361, 1.489;
4362, 1.488;
4363, 1.487;
4364, 1.487;
4365, 1.486;
4366, 1.485;
4367, 1.484;
4368, 1.483;
4369, 1.482;
4370, 1.481;
4371, 1.48;
4372, 1.479;
4373, 1.479;
4374, 1.478;
4375, 1.477;
4376, 1.476;
4377, 1.475;
4378, 1.474;
4379, 1.473;
4380, 1.472;
4381, 1.471;
4382, 1.471;
4383, 1.47;
4384, 1.469;
4385, 1.468;
4386, 1.467;
4387, 1.466;
4388, 1.465;
4389, 1.464;
4390, 1.463;
4391, 1.463;
4392, 1.462;
4393, 1.461;
4394, 1.46;
4395, 1.459;
4396, 1.458;
4397, 1.457;
4398, 1.456;
4399, 1.455;
4400, 1.454;
4401, 1.454;
4402, 1.453;
4403, 1.452;
4404, 1.451;
4405, 1.45;
4406, 1.449;
4407, 1.448;
4408, 1.447;
4409, 1.446;
4410, 1.445;
4411, 1.445;
4412, 1.444;
4413, 1.443;
4414, 1.442;
4415, 1.441;
4416, 1.44;
4417, 1.439;
4418, 1.438;
4419, 1.437;
4420, 1.436;
4421, 1.435;
4422, 1.434;
4423, 1.434;
4424, 1.433;
4425, 1.432;
4426, 1.431;
4427, 1.43;
4428, 1.429;
4429, 1.428;
4430, 1.427;
4431, 1.426;
4432, 1.425;
4433, 1.424;
4434, 1.423;
4435, 1.423;
4436, 1.422;
4437, 1.421;
4438, 1.42;
4439, 1.419;
4440, 1.418;
4441, 1.417;
4442, 1.416;
4443, 1.415;
4444, 1.414;
4445, 1.413;
4446, 1.412;
4447, 1.411;
4448, 1.41;
4449, 1.41;
4450, 1.409;
4451, 1.408;
4452, 1.407;
4453, 1.406;
4454, 1.405;
4455, 1.404;
4456, 1.403;
4457, 1.402;
4458, 1.401;
4459, 1.4;
4460, 1.399;
4461, 1.398;
4462, 1.397;
4463, 1.396;
4464, 1.396;
4465, 1.395;
4466, 1.394;
4467, 1.393;
4468, 1.392;
4469, 1.391;
4470, 1.39;
4471, 1.389;
4472, 1.388;
4473, 1.387;
4474, 1.386;
4475, 1.385;
4476, 1.384;
4477, 1.383;
4478, 1.382;
4479, 1.381;
4480, 1.38;
4481, 1.379;
4482, 1.378;
4483, 1.378;
4484, 1.377;
4485, 1.376;
4486, 1.375;
4487, 1.374;
4488, 1.373;
4489, 1.372;
4490, 1.371;
4491, 1.37;
4492, 1.369;
4493, 1.368;
4494, 1.367;
4495, 1.366;
4496, 1.365;
4497, 1.364;
4498, 1.363;
4499, 1.362;
4500, 1.361;
4501, 1.36;
4502, 1.359;
4503, 1.358;
4504, 1.357;
4505, 1.356;
4506, 1.355;
4507, 1.355;
4508, 1.354;
4509, 1.353;
4510, 1.352;
4511, 1.351;
4512, 1.35;
4513, 1.349;
4514, 1.348;
4515, 1.347;
4516, 1.346;
4517, 1.345;
4518, 1.344;
4519, 1.343;
4520, 1.342;
4521, 1.341;
4522, 1.34;
4523, 1.339;
4524, 1.338;
4525, 1.337;
4526, 1.336;
4527, 1.335;
4528, 1.334;
4529, 1.333;
4530, 1.332;
4531, 1.331;
4532, 1.33;
4533, 1.329;
4534, 1.328;
4535, 1.327;
4536, 1.326;
4537, 1.325;
4538, 1.324;
4539, 1.323;
4540, 1.322;
4541, 1.321;
4542, 1.32;
4543, 1.319;
4544, 1.318;
4545, 1.317;
4546, 1.316;
4547, 1.315;
4548, 1.314;
4549, 1.313;
4550, 1.312;
4551, 1.311;
4552, 1.31;
4553, 1.309;
4554, 1.309;
4555, 1.308;
4556, 1.306;
4557, 1.306;
4558, 1.304;
4559, 1.304;
4560, 1.303;
4561, 1.302;
4562, 1.301;
4563, 1.3;
4564, 1.298;
4565, 1.298;
4566, 8.7;
4567, 8.68;
4568, 8.66;
4569, 8.654;
4570, 8.634;
4571, 8.627;
4572, 8.621;
4573, 8.614;
4574, 8.607;
4575, 8.601;
4576, 8.594;
4577, 8.6;
4578, 8.593;
4579, 8.599;
4580, 8.606;
4581, 8.612;
4582, 8.618;
4583, 8.624;
4584, 8.63;
4585, 8.649;
4586, 8.654;
4587, 8.673;
4588, 8.679;
4589, 8.697;
4590, 8.716;
4591, 8.735;
4592, 8.753;
4593, 8.772;
4594, 8.79;
4595, 8.82;
4596, 8.839;
4597, 8.87;
4598, 8.888;
4599, 8.919;
4600, 8.95;
4601, 8.968;
4602, 8.998;
4603, 9.028;
4604, 9.059;
4605, 9.09;
4606, 9.133;
4607, 9.162;
4608, 9.193;
4609, 9.235;
4610, 9.266;
4611, 9.296;
4612, 9.313;
4613, 9.33;
4614, 9.348;
4615, 9.365;
4616, 9.382;
4617, 9.399;
4618, 9.429;
4619, 9.446;
4620, 9.463;
4621, 9.492;
4622, 9.509;
4623, 9.539;
4624, 9.555;
4625, 9.584;
4626, 9.614;
4627, 9.63;
4628, 9.659;
4629, 9.688;
4630, 9.717;
4631, 9.733;
4632, 9.762;
4633, 9.791;
4634, 9.819;
4635, 9.848;
4636, 9.877;
4637, 9.905;
4638, 9.933;
4639, 9.95;
4640, 9.977;
4641, 10.006;
4642, 10.033;
4643, 10.062;
4644, 10.09;
4645, 10.117;
4646, 10.145;
4647, 10.173;
4648, 10.2;
4649, 10.228;
4650, 10.255;
4651, 10.283;
4652, 10.311;
4653, 10.338;
4654, 10.366;
4655, 10.392;
4656, 10.42;
4657, 10.446;
4658, 10.474;
4659, 10.5;
4660, 10.528;
4661, 10.543;
4662, 10.569;
4663, 10.596;
4664, 10.622;
4665, 10.649;
4666, 10.663;
4667, 10.69;
4668, 10.704;
4669, 10.731;
4670, 10.757;
4671, 10.771;
4672, 10.797;
4673, 10.812;
4674, 10.825;
4675, 10.852;
4676, 10.865;
4677, 10.88;
4678, 10.893;
4679, 10.907;
4680, 10.933;
4681, 10.946;
4682, 10.961;
4683, 10.962;
4684, 10.976;
4685, 10.99;
4686, 11.003;
4687, 11.005;
4688, 11.018;
4689, 11.02;
4690, 11.033;
4691, 11.035;
4692, 11.037;
4693, 11.05;
4694, 11.052;
4695, 11.053;
4696, 11.054;
4697, 11.057;
4698, 11.046;
4699, 11.047;
4700, 11.049;
4701, 11.039;
4702, 11.041;
4703, 11.03;
4704, 11.02;
4705, 11.01;
4706, 11.0;
4707, 10.989;
4708, 10.98;
4709, 10.969;
4710, 10.959;
4711, 10.937;
4712, 10.916;
4713, 10.905;
4714, 10.883;
4715, 10.862;
4716, 10.84;
4717, 10.819;
4718, 10.785;
4719, 10.765;
4720, 10.743;
4721, 10.71;
4722, 10.678;
4723, 10.645;
4724, 10.612;
4725, 10.579;
4726, 10.547;
4727, 10.502;
4728, 10.47;
4729, 10.426;
4730, 10.382;
4731, 10.339;
4732, 10.295;
4733, 10.251;
4734, 10.196;
4735, 10.153;
4736, 10.099;
4737, 10.044;
4738, 9.99;
4739, 9.935;
4740, 9.881;
4741, 9.816;
4742, 9.751;
4743, 9.697;
4744, 9.632;
4745, 9.555;
4746, 9.49;
4747, 9.427;
4748, 9.351;
4749, 9.275;
4750, 9.2;
4751, 9.124;
4752, 9.049;
4753, 8.963;
4754, 8.877;
4755, 8.803;
4756, 8.706;
4757, 8.621;
4758, 8.536;
4759, 8.439;
4760, 8.343;
4761, 8.248;
4762, 8.152;
4763, 8.057;
4764, 7.95;
4765, 7.844;
4766, 7.739;
4767, 7.634;
4768, 7.529;
4769, 7.413;
4770, 7.297;
4771, 7.181;
4772, 7.066;
4773, 6.951;
4774, 6.782;
4775, 6.452;
4776, 6.112;
4777, 5.772;
4778, 5.433;
4779, 5.106;
4780, 4.779;
4781, 4.453;
4782, 4.128;
4783, 3.814;
4784, 3.511;
4785, 3.209;
4786, 2.918;
4787, 2.638;
4788, 2.37;
4789, 2.219;
4790, 2.302;
4791, 2.384;
4792, 2.477;
4793, 2.59;
4794, 2.704;
4795, 2.828;
4796, 2.951;
4797, 3.096;
4798, 3.239;
4799, 3.383;
4800, 3.537;
4801, 3.701;
4802, 3.865;
4803, 4.028;
4804, 4.191;
4805, 4.364;
4806, 4.537;
4807, 4.709;
4808, 4.881;
4809, 5.052;
4810, 5.223;
4811, 5.394;
4812, 5.564;
4813, 5.724;
4814, 5.883;
4815, 6.042;
4816, 6.201;
4817, 6.348;
4818, 6.486;
4819, 6.561;
4820, 6.606;
4821, 6.64;
4822, 6.673;
4823, 6.707;
4824, 6.73;
4825, 6.743;
4826, 6.756;
4827, 6.769;
4828, 6.783;
4829, 6.785;
4830, 6.788;
4831, 6.79;
4832, 6.793;
4833, 6.786;
4834, 6.737;
4835, 6.679;
4836, 6.622;
4837, 6.564;
4838, 6.507;
4839, 6.448;
4840, 6.381;
4841, 6.324;
4842, 6.267;
4843, 6.199;
4844, 6.142;
4845, 6.076;
4846, 6.019;
4847, 5.952;
4848, 5.896;
4849, 5.83;
4850, 5.763;
4851, 5.707;
4852, 5.641;
4853, 5.575;
4854, 5.52;
4855, 5.454;
4856, 5.388;
4857, 5.323;
4858, 5.268;
4859, 5.203;
4860, 5.138;
4861, 5.073;
4862, 5.008;
4863, 4.954;
4864, 4.889;
4865, 4.825;
4866, 4.761;
4867, 4.697;
4868, 4.643;
4869, 4.579;
4870, 4.516;
4871, 4.452;
4872, 4.389;
4873, 4.335;
4874, 4.272;
4875, 4.209;
4876, 4.156;
4877, 4.093;
4878, 4.04;
4879, 4.007;
4880, 3.973;
4881, 3.94;
4882, 3.897;
4883, 3.863;
4884, 3.83;
4885, 3.797;
4886, 3.764;
4887, 3.731;
4888, 3.698;
4889, 3.665;
4890, 3.641;
4891, 3.609;
4892, 3.576;
4893, 3.543;
4894, 3.511;
4895, 3.478;
4896, 3.455;
4897, 3.423;
4898, 3.391;
4899, 3.358;
4900, 3.335;
4901, 3.303;
4902, 3.271;
4903, 3.248;
4904, 3.216;
4905, 3.194;
4906, 3.162;
4907, 3.14;
4908, 3.108;
4909, 3.086;
4910, 3.054;
4911, 3.032;
4912, 3.0;
4913, 2.978;
4914, 2.947;
4915, 2.925;
4916, 2.902;
4917, 2.871;
4918, 2.849;
4919, 2.828;
4920, 2.797;
4921, 2.775;
4922, 2.753;
4923, 2.722;
4924, 2.701;
4925, 2.679;
4926, 2.658;
4927, 2.636;
4928, 2.606;
4929, 2.584;
4930, 2.563;
4931, 2.541;
4932, 2.52;
4933, 2.5;
4934, 2.48;
4935, 2.45;
4936, 2.43;
4937, 2.41;
4938, 2.39;
4939, 2.369;
4940, 2.349;
4941, 2.329;
4942, 2.309;
4943, 2.289;
4944, 2.269;
4945, 2.249;
4946, 2.229;
4947, 2.209;
4948, 2.189;
4949, 2.179;
4950, 2.159;
4951, 2.139;
4952, 2.119;
4953, 2.1;
4954, 2.08;
4955, 2.06;
4956, 2.041;
4957, 2.021;
4958, 2.01;
4959, 1.991;
4960, 1.971;
4961, 1.952;
4962, 1.933;
4963, 1.922;
4964, 1.903;
4965, 1.883;
4966, 1.864;
4967, 1.845;
4968, 1.834;
4969, 1.815;
4970, 1.796;
4971, 1.777;
4972, 1.766;
4973, 1.747;
4974, 1.728;
4975, 1.709;
4976, 1.699;
4977, 1.68;
4978, 1.661;
4979, 1.642;
4980, 1.632;
4981, 1.613;
4982, 1.595;
4983, 1.576;
4984, 1.566;
4985, 1.547;
4986, 1.528;
4987, 1.518;
4988, 1.5;
4989, 1.481;
4990, 1.463;
4991, 1.453;
4992, 1.434;
4993, 1.416;
4994, 1.406;
4995, 1.387;
4996, 1.369;
4997, 1.351;
4998, 1.341;
4999, 1.323;
5000, 1.305;
5001, 1.295;
5002, 1.277;
5003, 1.259;
5004, 1.241;
5005, 1.231;
5006, 1.213;
5007, 1.195;
5008, 1.177;
5009, 1.167;
5010, 1.15;
5011, 1.132;
5012, 1.122;
5013, 1.113;
5014, 1.103;
5015, 1.094;
5016, 1.076;
5017, 1.067;
5018, 1.057;
5019, 1.048;
5020, 1.039;
5021, 1.029;
5022, 1.02;
5023, 1.002;
5024, 0.993;
5025, 0.984;
5026, 0.975;
5027, 0.965;
5028, 0.948;
5029, 0.939;
5030, 0.93;
5031, 0.921;
5032, 0.911;
5033, 0.894;
5034, 0.885;
5035, 0.876;
5036, 0.867;
5037, 0.85;
5038, 0.841;
5039, 0.832;
5040, 0.815;
5041, 0.806;
5042, 0.805;
5043, 0.804;
5044, 0.803;
5045, 0.802;
5046, 0.802;
5047, 0.801;
5048, 0.8;
5049, 0.799;
5050, 0.798;
5051, 0.797;
5052, 0.796;
5053, 0.795;
5054, 0.795;
5055, 0.794;
5056, 0.793;
5057, 0.792;
5058, 0.791;
5059, 0.79;
5060, 0.789;
5061, 0.788;
5062, 0.788;
5063, 0.787;
5064, 0.786;
5065, 0.785;
5066, 0.784;
5067, 0.783;
5068, 0.782;
5069, 0.781;
5070, 0.78;
5071, 0.78;
5072, 0.779;
5073, 0.778;
5074, 0.777;
5075, 0.776;
5076, 0.775;
5077, 0.774;
5078, 0.773;
5079, 0.772;
5080, 0.772;
5081, 0.771;
5082, 0.77;
5083, 0.769;
5084, 0.768;
5085, 0.767;
5086, 0.766;
5087, 0.765;
5088, 0.764;
5089, 0.764;
5090, 0.763;
5091, 0.762;
5092, 0.761;
5093, 0.76;
5094, 0.759;
5095, 0.758;
5096, 0.758;
5097, 0.757;
5098, 0.756;
5099, 0.755;
5100, 0.754;
5101, 0.753;
5102, 0.752;
5103, 0.751;
5104, 0.75;
5105, 0.75;
5106, 0.749;
5107, 0.748;
5108, 0.747;
5109, 0.746;
5110, 0.745;
5111, 0.744;
5112, 0.743;
5113, 0.742;
5114, 0.742;
5115, 0.741;
5116, 0.74;
5117, 0.739;
5118, 0.738;
5119, 0.737;
5120, 0.736;
5121, 0.735;
5122, 0.734;
5123, 0.734;
5124, 0.733;
5125, 0.732;
5126, 0.731;
5127, 0.73;
5128, 0.729;
5129, 0.728;
5130, 0.727;
5131, 0.726;
5132, 0.726;
5133, 0.725;
5134, 0.724;
5135, 0.723;
5136, 0.722;
5137, 0.721;
5138, 0.72;
5139, 0.719;
5140, 0.718;
5141, 0.717;
5142, 0.717;
5143, 0.716;
5144, 0.715;
5145, 0.714;
5146, 0.713;
5147, 0.712;
5148, 0.711;
5149, 0.71;
5150, 0.709;
5151, 0.709;
5152, 0.708;
5153, 0.707;
5154, 0.706;
5155, 0.705;
5156, 0.704;
5157, 0.703;
5158, 0.702;
5159, 0.701;
5160, 0.701;
5161, 0.7;
5162, 0.699;
5163, 0.698;
5164, 0.697;
5165, 0.696;
5166, 0.695;
5167, 0.694;
5168, 0.693;
5169, 0.692;
5170, 0.692;
5171, 0.691;
5172, 0.69;
5173, 0.689;
5174, 0.688;
5175, 0.687;
5176, 0.686;
5177, 0.685;
5178, 0.684;
5179, 0.683;
5180, 0.683;
5181, 0.682;
5182, 0.681;
5183, 0.68;
5184, 0.679;
5185, 0.678;
5186, 0.677;
5187, 0.676;
5188, 0.675;
5189, 0.675;
5190, 0.674;
5191, 0.673;
5192, 0.672;
5193, 0.671;
5194, 0.67;
5195, 0.669;
5196, 0.668;
5197, 0.667;
5198, 0.667;
5199, 0.666;
5200, 0.665;
5201, 0.664;
5202, 0.663;
5203, 0.662;
5204, 0.661;
5205, 0.66;
5206, 0.659;
5207, 0.658;
5208, 0.658;
5209, 0.657;
5210, 0.656;
5211, 0.655;
5212, 0.654;
5213, 0.653;
5214, 0.652;
5215, 0.651;
5216, 0.65;
5217, 0.65;
5218, 0.649;
5219, 0.648;
5220, 0.647;
5221, 0.646;
5222, 0.645;
5223, 0.644;
5224, 0.643;
5225, 0.642;
5226, 0.641;
5227, 0.641;
5228, 0.64;
5229, 0.639;
5230, 0.638;
5231, 0.637;
5232, 0.636;
5233, 0.635;
5234, 0.634;
5235, 0.633;
5236, 0.633;
5237, 0.632;
5238, 0.631;
5239, 0.63;
5240, 0.629;
5241, 0.628;
5242, 0.627;
5243, 0.626;
5244, 0.625;
5245, 0.624;
5246, 0.624;
5247, 0.623;
5248, 0.622;
5249, 0.621;
5250, 0.62;
5251, 0.619;
5252, 0.618;
5253, 0.617;
5254, 0.616;
5255, 0.615;
5256, 0.615;
5257, 0.614;
5258, 0.613;
5259, 0.612;
5260, 0.611;
5261, 0.61;
5262, 0.609;
5263, 0.608;
5264, 0.607;
5265, 0.607;
5266, 0.606;
5267, 0.605;
5268, 0.604;
5269, 0.603;
5270, 0.602;
5271, 0.601;
5272, 0.6;
5273, 0.599;
5274, 0.598;
5275, 0.598;
5276, 0.597;
5277, 0.596;
5278, 0.595;
5279, 0.594;
5280, 0.593;
5281, 0.592;
5282, 0.591;
5283, 0.59;
5284, 0.59;
5285, 0.589;
5286, 0.588;
5287, 0.587;
5288, 0.586;
5289, 0.585;
5290, 0.584;
5291, 0.583;
5292, 0.582;
5293, 0.581;
5294, 0.581;
5295, 0.58;
5296, 0.579;
5297, 0.578;
5298, 0.577;
5299, 0.576;
5300, 0.575;
5301, 0.574;
5302, 0.573;
5303, 0.573;
5304, 0.572;
5305, 0.571;
5306, 0.57;
5307, 0.569;
5308, 0.568;
5309, 0.567;
5310, 0.566;
5311, 0.565;
5312, 0.565;
5313, 0.564;
5314, 0.563;
5315, 0.562;
5316, 0.561;
5317, 0.56;
5318, 0.559;
5319, 0.558;
5320, 0.557;
5321, 0.556;
5322, 0.555;
5323, 0.555;
5324, 0.554;
5325, 0.553;
5326, 0.552;
5327, 0.551;
5328, 0.55;
5329, 0.549;
5330, 0.548;
5331, 0.547;
5332, 0.547;
5333, 0.546;
5334, 0.545;
5335, 0.544;
5336, 0.543;
5337, 0.542;
5338, 0.541;
5339, 0.54;
5340, 0.539;
5341, 0.539;
5342, 0.538;
5343, 0.537;
5344, 0.536;
5345, 0.535;
5346, 0.534;
5347, 0.533;
5348, 0.532;
5349, 0.532;
5350, 0.531;
5351, 0.53;
5352, 0.529;
5353, 0.528;
5354, 0.527;
5355, 0.526;
5356, 0.525;
5357, 0.524;
5358, 0.524;
5359, 0.523;
5360, 0.522;
5361, 0.521;
5362, 0.52;
5363, 0.519;
5364, 0.518;
5365, 0.517;
5366, 0.516;
5367, 0.516;
5368, 0.515;
5369, 0.514;
5370, 0.513;
5371, 0.512;
5372, 0.511;
5373, 0.51;
5374, 0.509;
5375, 0.509;
5376, 0.508;
5377, 0.507;
5378, 0.506;
5379, 0.505;
5380, 0.504;
5381, 0.503;
5382, 0.502;
5383, 0.501;
5384, 0.501;
5385, 0.5;
5386, 0.499;
5387, 0.498;
5388, 0.497;
5389, 0.496;
5390, 0.495;
5391, 0.494;
5392, 0.493;
5393, 0.493;
5394, 0.492;
5395, 0.491;
5396, 0.49;
5397, 0.489;
5398, 0.488;
5399, 0.487;
5400, 0.486;
5401, 0.486;
5402, 0.485;
5403, 0.484;
5404, 0.483;
5405, 0.482;
5406, 0.481;
5407, 0.48;
5408, 0.479;
5409, 0.479;
5410, 0.478;
5411, 0.477;
5412, 0.476;
5413, 0.475;
5414, 0.474;
5415, 0.473;
5416, 0.472;
5417, 0.472;
5418, 0.471;
5419, 0.47;
5420, 0.469;
5421, 0.468;
5422, 0.467;
5423, 0.466;
5424, 0.465;
5425, 0.464;
5426, 0.464;
5427, 0.463;
5428, 0.462;
5429, 0.461;
5430, 0.46;
5431, 0.459;
5432, 0.458;
5433, 0.458;
5434, 0.457;
5435, 0.456;
5436, 0.455;
5437, 0.454;
5438, 0.453;
5439, 0.452;
5440, 0.451;
5441, 0.451;
5442, 0.45;
5443, 0.449;
5444, 0.448;
5445, 0.447;
5446, 0.446;
5447, 0.445;
5448, 0.444;
5449, 0.444;
5450, 0.443;
5451, 0.442;
5452, 0.441;
5453, 0.44;
5454, 0.439;
5455, 0.438;
5456, 0.438;
5457, 0.437;
5458, 0.436;
5459, 0.435;
5460, 0.434;
5461, 0.433;
5462, 0.432;
5463, 0.431;
5464, 0.43;
5465, 0.43;
5466, 0.429;
5467, 0.428;
5468, 0.427;
5469, 0.426;
5470, 0.425;
5471, 0.425;
5472, 0.424;
5473, 0.423;
5474, 0.422;
5475, 0.421;
5476, 0.42;
5477, 0.419;
5478, 0.418;
5479, 0.418;
5480, 0.417;
5481, 0.416;
5482, 0.415;
5483, 0.414;
5484, 2.769;
5485, 2.763;
5486, 2.753;
5487, 2.748;
5488, 2.742;
5489, 2.732;
5490, 2.726;
5491, 2.72;
5492, 2.715;
5493, 2.709;
5494, 2.703;
5495, 2.697;
5496, 2.691;
5497, 2.686;
5498, 2.68;
5499, 2.675;
5500, 2.673;
5501, 2.667;
5502, 2.665;
5503, 2.66;
5504, 2.658;
5505, 2.652;
5506, 2.65;
5507, 2.648;
5508, 2.643;
5509, 2.641;
5510, 2.639;
5511, 2.637;
5512, 2.636;
5513, 2.633;
5514, 2.632;
5515, 2.63;
5516, 2.628;
5517, 2.626;
5518, 2.624;
5519, 2.626;
5520, 2.624;
5521, 2.622;
5522, 2.624;
5523, 2.621;
5524, 2.623;
5525, 2.621;
5526, 2.623;
5527, 2.62;
5528, 2.622;
5529, 2.624;
5530, 2.622;
5531, 2.623;
5532, 2.625;
5533, 2.626;
5534, 2.628;
5535, 2.629;
5536, 2.627;
5537, 2.628;
5538, 2.629;
5539, 2.634;
5540, 2.635;
5541, 2.637;
5542, 2.638;
5543, 2.639;
5544, 2.64;
5545, 2.641;
5546, 2.646;
5547, 2.647;
5548, 2.648;
5549, 2.653;
5550, 2.653;
5551, 2.651;
5552, 2.648;
5553, 2.649;
5554, 2.646;
5555, 2.643;
5556, 2.644;
5557, 2.641;
5558, 2.642;
5559, 2.639;
5560, 2.64;
5561, 2.641;
5562, 2.638;
5563, 2.638;
5564, 2.639;
5565, 2.636;
5566, 2.636;
5567, 2.637;
5568, 2.634;
5569, 2.634;
5570, 2.635;
5571, 2.635;
5572, 2.632;
5573, 2.632;
5574, 2.633;
5575, 2.632;
5576, 2.633;
5577, 2.633;
5578, 2.63;
5579, 2.63;
5580, 2.63;
5581, 2.63;
5582, 2.63;
5583, 2.63;
5584, 2.63;
5585, 2.63;
5586, 2.63;
5587, 2.63;
5588, 2.63;
5589, 2.629;
5590, 2.629;
5591, 2.629;
5592, 2.629;
5593, 2.628;
5594, 2.628;
5595, 2.628;
5596, 2.628;
5597, 2.627;
5598, 2.626;
5599, 2.626;
5600, 2.626;
5601, 2.625;
5602, 2.624;
5603, 2.624;
5604, 2.623;
5605, 2.623;
5606, 2.622;
5607, 2.621;
5608, 2.62;
5609, 2.62;
5610, 2.622;
5611, 2.621;
5612, 2.621;
5613, 2.619;
5614, 2.618;
5615, 2.617;
5616, 2.617;
5617, 2.616;
5618, 2.615;
5619, 2.61;
5620, 2.609;
5621, 2.608;
5622, 2.607;
5623, 2.606;
5624, 2.605;
5625, 2.604;
5626, 2.602;
5627, 2.601;
5628, 2.599;
5629, 2.598;
5630, 2.594;
5631, 2.592;
5632, 2.591;
5633, 2.59;
5634, 2.588;
5635, 2.584;
5636, 2.582;
5637, 2.581;
5638, 2.579;
5639, 2.575;
5640, 2.573;
5641, 2.572;
5642, 2.567;
5643, 2.566;
5644, 2.561;
5645, 2.559;
5646, 2.555;
5647, 2.553;
5648, 2.548;
5649, 2.546;
5650, 2.542;
5651, 2.54;
5652, 2.535;
5653, 2.533;
5654, 2.529;
5655, 2.524;
5656, 2.519;
5657, 2.517;
5658, 2.512;
5659, 2.508;
5660, 2.503;
5661, 2.498;
5662, 2.496;
5663, 2.491;
5664, 2.486;
5665, 2.481;
5666, 2.476;
5667, 2.471;
5668, 2.464;
5669, 2.459;
5670, 2.455;
5671, 2.45;
5672, 2.445;
5673, 2.437;
5674, 2.432;
5675, 2.427;
5676, 2.419;
5677, 2.414;
5678, 2.407;
5679, 2.403;
5680, 2.395;
5681, 2.39;
5682, 2.382;
5683, 2.375;
5684, 2.369;
5685, 2.363;
5686, 2.355;
5687, 2.347;
5688, 2.34;
5689, 2.332;
5690, 2.324;
5691, 2.318;
5692, 2.31;
5693, 2.303;
5694, 2.295;
5695, 2.288;
5696, 2.278;
5697, 2.271;
5698, 2.263;
5699, 2.253;
5700, 2.246;
5701, 2.236;
5702, 2.229;
5703, 2.219;
5704, 2.21;
5705, 2.2;
5706, 2.192;
5707, 2.183;
5708, 2.173;
5709, 2.164;
5710, 2.154;
5711, 2.145;
5712, 2.135;
5713, 2.123;
5714, 2.114;
5715, 2.104;
5716, 2.092;
5717, 2.084;
5718, 2.072;
5719, 2.062;
5720, 2.051;
5721, 2.041;
5722, 2.03;
5723, 2.019;
5724, 2.007;
5725, 1.996;
5726, 1.984;
5727, 1.973;
5728, 1.962;
5729, 1.95;
5730, 1.938;
5731, 1.926;
5732, 1.915;
5733, 1.902;
5734, 1.888;
5735, 1.878;
5736, 1.865;
5737, 1.852;
5738, 1.841;
5739, 1.828;
5740, 1.815;
5741, 1.802;
5742, 1.788;
5743, 1.774;
5744, 1.762;
5745, 1.749;
5746, 1.735;
5747, 1.722;
5748, 1.708;
5749, 1.693;
5750, 1.682;
5751, 1.667;
5752, 1.653;
5753, 1.639;
5754, 1.625;
5755, 1.61;
5756, 1.595;
5757, 1.582;
5758, 1.567;
5759, 1.552;
5760, 1.538;
5761, 1.523;
5762, 1.507;
5763, 1.492;
5764, 1.479;
5765, 1.463;
5766, 1.447;
5767, 1.431;
5768, 1.416;
5769, 1.402;
5770, 1.385;
5771, 1.37;
5772, 1.354;
5773, 1.338;
5774, 1.323;
5775, 1.307;
5776, 1.291;
5777, 1.275;
5778, 1.26;
5779, 1.242;
5780, 1.226;
5781, 1.211;
5782, 1.193;
5783, 1.176;
5784, 1.161;
5785, 1.144;
5786, 1.127;
5787, 1.11;
5788, 1.094;
5789, 1.077;
5790, 1.046;
5791, 1.006;
5792, 0.967;
5793, 0.927;
5794, 0.889;
5795, 0.85;
5796, 0.814;
5797, 0.776;
5798, 0.738;
5799, 0.703;
5800, 0.666;
5801, 0.631;
5802, 0.597;
5803, 0.563;
5804, 0.529;
5805, 0.497;
5806, 0.467;
5807, 0.435;
5808, 0.405;
5809, 0.377;
5810, 0.349;
5811, 0.321;
5812, 0.321;
5813, 0.327;
5814, 0.333;
5815, 0.341;
5816, 0.35;
5817, 0.359;
5818, 0.367;
5819, 0.376;
5820, 0.386;
5821, 0.397;
5822, 0.407;
5823, 0.419;
5824, 0.43;
5825, 0.441;
5826, 0.453;
5827, 0.465;
5828, 0.478;
5829, 0.49;
5830, 0.503;
5831, 0.515;
5832, 0.528;
5833, 0.54;
5834, 0.553;
5835, 0.566;
5836, 0.579;
5837, 0.592;
5838, 0.603;
5839, 0.616;
5840, 0.629;
5841, 0.64;
5842, 0.653;
5843, 0.663;
5844, 0.675;
5845, 0.686;
5846, 0.698;
5847, 0.708;
5848, 0.719;
5849, 0.729;
5850, 0.737;
5851, 0.747;
5852, 0.755;
5853, 0.763;
5854, 0.771;
5855, 0.778;
5856, 0.778;
5857, 0.777;
5858, 0.776;
5859, 0.775;
5860, 0.775;
5861, 0.772;
5862, 0.77;
5863, 0.768;
5864, 0.766;
5865, 0.764;
5866, 0.761;
5867, 0.757;
5868, 0.755;
5869, 0.752;
5870, 0.747;
5871, 0.744;
5872, 0.741;
5873, 0.737;
5874, 0.733;
5875, 0.729;
5876, 0.725;
5877, 0.719;
5878, 0.711;
5879, 0.703;
5880, 0.695;
5881, 0.686;
5882, 0.679;
5883, 0.671;
5884, 0.664;
5885, 0.655;
5886, 0.648;
5887, 0.64;
5888, 0.631;
5889, 0.624;
5890, 0.616;
5891, 0.608;
5892, 0.601;
5893, 0.593;
5894, 0.586;
5895, 0.578;
5896, 0.571;
5897, 0.563;
5898, 0.556;
5899, 0.548;
5900, 0.541;
5901, 0.534;
5902, 0.527;
5903, 0.519;
5904, 0.512;
5905, 0.504;
5906, 0.497;
5907, 0.49;
5908, 0.484;
5909, 0.477;
5910, 0.47;
5911, 0.463;
5912, 0.456;
5913, 0.449;
5914, 0.442;
5915, 0.436;
5916, 0.429;
5917, 0.422;
5918, 0.416;
5919, 0.409;
5920, 0.403;
5921, 0.397;
5922, 0.39;
5923, 0.384;
5924, 0.378;
5925, 0.372;
5926, 0.366;
5927, 0.36;
5928, 0.354;
5929, 0.348;
5930, 0.343;
5931, 0.336;
5932, 0.331;
5933, 0.325;
5934, 0.32;
5935, 0.314;
5936, 0.308;
5937, 0.303;
5938, 0.298;
5939, 0.292;
5940, 0.287;
5941, 0.282;
5942, 0.277;
5943, 0.273;
5944, 0.269;
5945, 0.265;
5946, 0.26;
5947, 0.257;
5948, 0.253;
5949, 0.249;
5950, 0.246;
5951, 0.242;
5952, 0.238;
5953, 0.234;
5954, 0.231;
5955, 0.227;
5956, 0.224;
5957, 0.22;
5958, 0.217;
5959, 0.213;
5960, 0.21;
5961, 0.207;
5962, 0.203;
5963, 0.2;
5964, 0.197;
5965, 0.193;
5966, 0.19;
5967, 0.187;
5968, 0.184;
5969, 0.18;
5970, 0.178;
5971, 0.175;
5972, 0.171;
5973, 0.168;
5974, 0.165;
5975, 0.162;
5976, 0.16;
5977, 0.157;
5978, 0.154;
5979, 0.151;
5980, 0.148;
5981, 0.145;
5982, 0.143;
5983, 0.14;
5984, 0.137;
5985, 0.135;
5986, 0.132;
5987, 0.129;
5988, 0.127;
5989, 0.124;
5990, 0.121;
5991, 0.119;
5992, 0.116;
5993, 0.114;
5994, 0.112;
5995, 0.109;
5996, 0.107;
5997, 0.104;
5998, 0.102;
5999, 0.1;
6000, 0.097;
6001, 0.095;
6002, 0.093;
6003, 0.091;
6004, 0.088;
6005, 0.086;
6006, 0.084;
6007, 0.082;
6008, 0.08;
6009, 0.078;
6010, 0.075;
6011, 0.074;
6012, 0.071;
6013, 0.07;
6014, 0.068;
6015, 0.066;
6016, 0.064;
6017, 0.062;
6018, 0.06;
6019, 0.058;
6020, 0.056;
6021, 0.054;
6022, 0.052;
6023, 0.051;
6024, 0.049;
6025, 0.047;
6026, 0.045;
6027, 0.044;
6028, 0.042;
6029, 0.04;
6030, 0.038;
6031, 0.037;
6032, 0.035;
6033, 0.034;
6034, 0.032;
6035, 0.03;
6036, 0.029;
6037, 0.027;
6038, 0.026;
6039, 0.024;
6040, 0.023;
6041, 0.021;
6042, 0.02;
6043, 0.018;
6044, 0.017;
6045, 0.015;
6046, 0.014;
6047, 0.013;
6048, 0.011;
6049, 0.01;
6050, 0.009;
6051, 0.007;
6052, 0.006;
6053, 0.005;
6054, 0.004;
6055, 0.002;
6056, 0.001;
6057, -0.0;
6058, -0.001;
6059, -0.003;
6060, -0.004;
6061, -0.005;
6062, -0.006;
6063, -0.007;
6064, -0.008;
6065, -0.009;
6066, -0.011;
6067, -0.012;
6068, -0.013;
6069, -0.014;
6070, -0.015;
6071, -0.016;
6072, -0.017;
6073, -0.018;
6074, -0.019;
6075, -0.02;
6076, -0.021;
6077, -0.022;
6078, -0.023;
6079, -0.023;
6080, -0.024;
6081, -0.025;
6082, -0.026;
6083, -0.027;
6084, -0.028;
6085, -0.029;
6086, -0.029;
6087, -0.03;
6088, -0.031;
6089, -0.032;
6090, -0.032;
6091, -0.033;
6092, -0.034;
6093, -0.035;
6094, -0.035;
6095, -0.036;
6096, -0.037;
6097, -0.037;
6098, -0.038;
6099, -0.039;
6100, -0.039;
6101, -0.04;
6102, -0.04;
6103, -0.041;
6104, -0.042;
6105, -0.042;
6106, -0.043;
6107, -0.043;
6108, -0.044;
6109, -0.044;
6110, -0.045;
6111, -0.045;
6112, -0.046;
6113, -0.046;
6114, -0.047;
6115, -0.047;
6116, -0.047;
6117, -0.048;
6118, -0.048;
6119, -0.049;
6120, -0.049;
6121, -0.049;
6122, -0.05;
6123, -0.05;
6124, -0.05;
6125, -0.051;
6126, -0.051;
6127, -0.051;
6128, -0.052;
6129, -0.052;
6130, -0.052;
6131, -0.052;
6132, -0.052;
6133, -0.053;
6134, -0.053;
6135, -0.053;
6136, -0.053;
6137, -0.053;
6138, -0.053;
6139, -0.054;
6140, -0.054;
6141, -0.055;
6142, -0.055;
6143, -0.055;
6144, -0.055;
6145, -0.056;
6146, -0.056;
6147, -0.056;
6148, -0.056;
6149, -0.057;
6150, -0.057;
6151, -0.057;
6152, -0.057;
6153, -0.057;
6154, -0.058;
6155, -0.058;
6156, -0.058;
6157, -0.058;
6158, -0.058;
6159, -0.058;
6160, -0.058;
6161, -0.058;
6162, -0.058;
6163, -0.058;
6164, -0.059;
6165, -0.059;
6166, -0.059;
6167, -0.059;
6168, -0.059;
6169, -0.058;
6170, -0.059;
6171, -0.059;
6172, -0.059;
6173, -0.059;
6174, -0.059;
6175, -0.059;
6176, -0.058;
6177, -0.058;
6178, -0.059;
6179, -0.059;
6180, -0.058;
6181, -0.058;
6182, -0.058;
6183, -0.058;
6184, -0.059;
6185, -0.059;
6186, -0.06;
6187, -0.06;
6188, -0.06;
6189, -0.061;
6190, -0.061;
6191, -0.062;
6192, -0.062;
6193, -0.062;
6194, -0.063;
6195, -0.063;
6196, -0.064;
6197, -0.064;
6198, -0.064;
6199, -0.065;
6200, -0.065;
6201, -0.065;
6202, -0.066;
6203, -0.066;
6204, -0.067;
6205, -0.067;
6206, -0.067;
6207, -0.068;
6208, -0.068;
6209, -0.068;
6210, -0.069;
6211, -0.069;
6212, -0.069;
6213, -0.07;
6214, -0.07;
6215, -0.071;
6216, -0.071;
6217, -0.071;
6218, -0.072;
6219, -0.072;
6220, -0.072;
6221, -0.073;
6222, -0.073;
6223, -0.073;
6224, -0.074;
6225, -0.074;
6226, -0.075;
6227, -0.075;
6228, -0.075;
6229, -0.076;
6230, -0.076;
6231, -0.076;
6232, -0.077;
6233, -0.077;
6234, -0.077;
6235, -0.078;
6236, -0.078;
6237, -0.078;
6238, -0.079;
6239, -0.079;
6240, -0.08;
6241, -0.08;
6242, -0.08;
6243, -0.081;
6244, -0.081;
6245, -0.081;
6246, -0.082;
6247, -0.082;
6248, -0.082;
6249, -0.083;
6250, -0.083;
6251, -0.083;
6252, -0.084;
6253, -0.084;
6254, -0.084;
6255, -0.084;
6256, -0.085;
6257, -0.085;
6258, -0.085;
6259, -0.086;
6260, -0.086;
6261, -0.086;
6262, -0.087;
6263, -0.087;
6264, -0.087;
6265, -0.088;
6266, -0.088;
6267, -0.088;
6268, -0.089;
6269, -0.089;
6270, -0.089;
6271, -0.089;
6272, -0.09;
6273, -0.09;
6274, -0.09;
6275, -0.091;
6276, -0.091;
6277, -0.091;
6278, -0.092;
6279, -0.092;
6280, -0.092;
6281, -0.092;
6282, -0.093;
6283, -0.093;
6284, -0.093;
6285, -0.094;
6286, -0.094;
6287, -0.094;
6288, -0.094;
6289, -0.095;
6290, -0.095;
6291, -0.095;
6292, -0.096;
6293, -0.096;
6294, -0.096;
6295, -0.096;
6296, -0.097;
6297, -0.097;
6298, -0.097;
6299, -0.098;
6300, -0.098;
6301, -0.098;
6302, -0.098;
6303, -0.099;
6304, -0.099;
6305, -0.099;
6306, -0.099;
6307, -0.1;
6308, -0.1;
6309, -0.1;
6310, -0.1;
6311, -0.101;
6312, -0.101;
6313, -0.101;
6314, -0.101;
6315, -0.102;
6316, -0.102;
6317, -0.102;
6318, -0.102;
6319, -0.103;
6320, -0.103;
6321, -0.103;
6322, -0.103;
6323, -0.104;
6324, -0.104;
6325, -0.104;
6326, -0.104;
6327, -0.105;
6328, -0.105;
6329, -0.105;
6330, -0.105;
6331, -0.106;
6332, -0.106;
6333, -0.106;
6334, -0.106;
6335, -0.106;
6336, -0.107;
6337, -0.107;
6338, -0.107;
6339, -0.107;
6340, -0.108;
6341, -0.108;
6342, -0.108;
6343, -0.108;
6344, -0.108;
6345, -0.109;
6346, -0.109;
6347, -0.109;
6348, -0.109;
6349, -0.11;
6350, -0.11;
6351, -0.11;
6352, -0.11;
6353, -0.111;
6354, -0.111;
6355, -0.111;
6356, -0.111;
6357, -0.111;
6358, -0.112;
6359, -0.112;
6360, -0.112;
6361, -0.112;
6362, -0.112;
6363, -0.113;
6364, -0.113;
6365, -0.113;
6366, -0.113;
6367, -0.113;
6368, -0.113;
6369, -0.114;
6370, -0.114;
6371, -0.114;
6372, -0.114;
6373, -0.114;
6374, -0.115;
6375, -0.115;
6376, -0.115;
6377, -0.115;
6378, -0.115;
6379, -0.115;
6380, -0.116;
6381, -0.116;
6382, -0.116;
6383, -0.116;
6384, -0.116;
6385, -0.117;
6386, -0.117;
6387, -0.117;
6388, -0.117;
6389, -0.117;
6390, -0.117;
6391, -0.118;
6392, -0.118;
6393, -0.118;
6394, -0.118;
6395, -0.118;
6396, -0.118;
6397, -0.118;
6398, -0.119;
6399, -0.119;
6400, -0.119;
6401, -0.119;
6402, -0.119;
6403, -0.119;
6404, -0.119;
6405, -0.12;
6406, -0.12;
6407, -0.12;
6408, -0.12;
6409, -0.12;
6410, -0.12;
6411, -0.12;
6412, -0.121;
6413, -0.121;
6414, -0.121;
6415, -0.121;
6416, -0.121;
6417, -0.121;
6418, -0.121;
6419, -0.121;
6420, -0.122;
6421, -0.122;
6422, -0.122;
6423, -0.122;
6424, -0.122;
6425, -0.122;
6426, -0.122;
6427, -0.122;
6428, -0.123;
6429, -0.123;
6430, -0.123;
6431, -0.123;
6432, -0.123;
6433, -0.123;
6434, -0.123;
6435, -0.123;
6436, -0.123;
6437, -0.124;
6438, -0.124;
6439, -0.124;
6440, -0.124;
6441, -0.124;
6442, -0.124;
6443, -0.124;
6444, -0.124;
6445, -0.124;
6446, -0.124;
6447, -0.124;
6448, -0.125;
6449, -0.125;
6450, -0.125;
6451, -0.125;
6452, -0.125;
6453, -0.125;
6454, -0.125;
6455, -0.125;
6456, -0.125;
6457, -0.125;
6458, -0.125;
6459, -0.125;
6460, -0.125;
6461, -0.126;
6462, -0.126;
6463, -0.126;
6464, -0.126;
6465, -0.126;
6466, -0.126;
6467, -0.126;
6468, -0.126;
6469, -0.126;
6470, -0.126;
6471, -0.126;
6472, -0.126;
6473, -0.126;
6474, -0.126;
6475, -0.126;
6476, -0.126;
6477, -0.126;
6478, -0.127;
6479, -0.127;
6480, -0.127;
6481, -0.127;
6482, -0.127;
6483, -0.127;
6484, -0.127;
6485, -0.127;
6486, -0.127;
6487, -0.127;
6488, -0.127;
6489, -0.127;
6490, -0.127;
6491, -0.127;
6492, -0.127;
6493, -0.127;
6494, -0.127;
6495, -0.127;
6496, -0.127;
6497, -0.127;
6498, -0.127;
6499, -0.127;
6500, -0.127;
6501, -0.127;
6502, -0.127;
6503, -0.127;
6504, -0.127;
6505, -0.127;
6506, -0.127;
6507, -0.127;
6508, -0.127;
6509, -0.127;
6510, -0.127;
6511, -0.127;
6512, -0.127;
6513, -0.127;
6514, -0.127;
6515, -0.127;
6516, -0.127;
6517, -0.127;
6518, -0.127;
6519, -0.127;
6520, -0.127;
6521, -0.127;
6522, -0.127;
6523, -0.127;
6524, -0.127;
6525, -0.127;
6526, -0.127;
6527, -0.127;
6528, -0.127;
6529, -0.127;
6530, -0.127;
6531, -0.127;
6532, -0.127;
6533, -0.127;
6534, -0.127;
6535, -0.127;
6536, -0.127;
6537, -0.127;
6538, -0.127;
6539, -0.127;
6540, -0.127;
6541, -0.127;
6542, -0.127;
6543, -0.127;
6544, -0.127;
6545, -0.126;
6546, -0.126;
6547, -0.126;
6548, -0.126;
6549, -0.126;
6550, -0.126;
6551, -0.126;
6552, -0.126;
6553, -0.126;
6554, -0.126;
6555, -0.126;
6556, -0.126;
6557, -0.126;
6558, -0.126;
6559, -0.126;
6560, -0.126;
6561, -0.126;
6562, -0.125;
6563, -0.125;
6564, -0.125;
6565, -0.125;
6566, -0.125;
6567, -0.125;
6568, -0.125;
6569, -0.125;
6570, -0.125;
6571, -0.125;
6572, -0.125;
6573, -0.125;
6574, -0.124;
6575, -0.124;
6576, -0.124;
6577, -0.124;
6578, -0.124;
6579, -0.124;
6580, -0.124;
6581, -0.124;
6582, -0.124;
6583, -0.124;
6584, -0.123;
6585, -0.123;
6586, -0.123;
6587, -0.123;
6588, -0.123;
6589, -0.123;
6590, -0.123;
6591, -0.123;
6592, -0.123;
6593, -0.122;
6594, -0.122;
6595, -0.122;
6596, -0.122;
6597, -0.122;
6598, -0.122;
6599, -0.122;
6600, -0.122;
6601, -0.814;
6602, -0.811;
6603, -0.81;
6604, -0.809;
6605, -0.808;
6606, -0.808;
6607, -0.809;
6608, -0.811;
6609, -0.814;
6610, -0.817;
6611, -0.821;
6612, -0.826;
6613, -0.831;
6614, -0.836;
6615, -0.844;
6616, -0.849;
6617, -0.857;
6618, -0.864;
6619, -0.873;
6620, -0.881;
6621, -0.885;
6622, -0.89;
6623, -0.895;
6624, -0.901;
6625, -0.905;
6626, -0.911;
6627, -0.918;
6628, -0.924;
6629, -0.931;
6630, -0.936;
6631, -0.943;
6632, -0.95;
6633, -0.956;
6634, -0.963;
6635, -0.97;
6636, -0.977;
6637, -0.983;
6638, -0.99;
6639, -0.996;
6640, -1.002;
6641, -1.009;
6642, -1.014;
6643, -1.021;
6644, -1.026;
6645, -1.031;
6646, -1.036;
6647, -1.041;
6648, -1.045;
6649, -1.049;
6650, -1.053;
6651, -1.055;
6652, -1.057;
6653, -1.06;
6654, -1.062;
6655, -1.064;
6656, -1.064;
6657, -1.064;
6658, -1.065;
6659, -1.064;
6660, -1.061;
6661, -1.059;
6662, -1.057;
6663, -1.053;
6664, -1.049;
6665, -1.044;
6666, -1.039;
6667, -1.032;
6668, -1.025;
6669, -1.018;
6670, -1.01;
6671, -0.999;
6672, -0.99;
6673, -0.978;
6674, -0.966;
6675, -0.953;
6676, -0.94;
6677, -0.925;
6678, -0.909;
6679, -0.893;
6680, -0.875;
6681, -0.857;
6682, -0.837;
6683, -0.816;
6684, -0.795;
6685, -0.771;
6686, -0.748;
6687, -0.723;
6688, -0.697;
6689, -0.67;
6690, -0.612;
6691, -0.536;
6692, -0.461;
6693, -0.387;
6694, -0.317;
6695, -0.253;
6696, -0.217;
6697, -0.236;
6698, -0.261;
6699, -0.29;
6700, -0.323;
6701, -0.358;
6702, -0.395;
6703, -0.433;
6704, -0.473;
6705, -0.51;
6706, -0.548;
6707, -0.583;
6708, -0.616;
6709, -0.633;
6710, -0.64;
6711, -0.645;
6712, -0.648;
6713, -0.648;
6714, -0.648;
6715, -0.643;
6716, -0.63;
6717, -0.616;
6718, -0.602;
6719, -0.589;
6720, -0.574;
6721, -0.56;
6722, -0.545;
6723, -0.531;
6724, -0.517;
6725, -0.502;
6726, -0.487;
6727, -0.473;
6728, -0.459;
6729, -0.444;
6730, -0.431;
6731, -0.416;
6732, -0.403;
6733, -0.389;
6734, -0.378;
6735, -0.37;
6736, -0.362;
6737, -0.354;
6738, -0.347;
6739, -0.339;
6740, -0.332;
6741, -0.325;
6742, -0.317;
6743, -0.311;
6744, -0.304;
6745, -0.298;
6746, -0.292;
6747, -0.286;
6748, -0.279;
6749, -0.273;
6750, -0.267;
6751, -0.261;
6752, -0.256;
6753, -0.25;
6754, -0.244;
6755, -0.239;
6756, -0.234;
6757, -0.229;
6758, -0.224;
6759, -0.218;
6760, -0.213;
6761, -0.209;
6762, -0.204;
6763, -0.199;
6764, -0.195;
6765, -0.19;
6766, -0.186;
6767, -0.182;
6768, -0.177;
6769, -0.173;
6770, -0.169;
6771, -0.165;
6772, -0.16;
6773, -0.157;
6774, -0.153;
6775, -0.149;
6776, -0.145;
6777, -0.141;
6778, -0.138;
6779, -0.134;
6780, -0.13;
6781, -0.126;
6782, -0.123;
6783, -0.119;
6784, -0.116;
6785, -0.112;
6786, -0.109;
6787, -0.105;
6788, -0.101;
6789, -0.098;
6790, -0.094;
6791, -0.092;
6792, -0.089;
6793, -0.087;
6794, -0.085;
6795, -0.082;
6796, -0.08;
6797, -0.078;
6798, -0.075;
6799, -0.073;
6800, -0.07;
6801, -0.068;
6802, -0.066;
6803, -0.063;
6804, -0.063;
6805, -0.062;
6806, -0.062;
6807, -0.061;
6808, -0.061;
6809, -0.06;
6810, -0.06;
6811, -0.059;
6812, -0.059;
6813, -0.058;
6814, -0.058;
6815, -0.058;
6816, -0.057;
6817, -0.057;
6818, -0.056;
6819, -0.056;
6820, -0.055;
6821, -0.055;
6822, -0.054;
6823, -0.054;
6824, -0.053;
6825, -0.053;
6826, -0.052;
6827, -0.052;
6828, -0.051;
6829, -0.051;
6830, -0.05;
6831, -0.05;
6832, -0.049;
6833, -0.049;
6834, -0.048;
6835, -0.048;
6836, -0.047;
6837, -0.047;
6838, -0.046;
6839, -0.046;
6840, -0.045;
6841, -0.045;
6842, -0.044;
6843, -0.044;
6844, -0.043;
6845, -0.043;
6846, -0.042;
6847, -0.042;
6848, -0.041;
6849, -0.04;
6850, -0.04;
6851, -0.039;
6852, -0.039;
6853, -0.038;
6854, -0.038;
6855, -0.037;
6856, -0.037;
6857, -0.036;
6858, -0.035;
6859, -0.035;
6860, -0.034;
6861, -0.034;
6862, -0.033;
6863, -0.033;
6864, -0.032;
6865, -0.032;
6866, -0.031;
6867, -0.03;
6868, -0.03;
6869, -0.029;
6870, -0.029;
6871, -0.028;
6872, -0.028;
6873, -0.027;
6874, -0.027;
6875, -0.026;
6876, -0.025;
6877, -0.025;
6878, -0.024;
6879, -0.024;
6880, -0.023;
6881, -0.022;
6882, -0.022;
6883, -0.021;
6884, -0.021;
6885, -0.02;
6886, -0.019;
6887, -0.019;
6888, -0.018;
6889, -0.018;
6890, -0.017;
6891, -0.016;
6892, -0.016;
6893, -0.015;
6894, -0.015;
6895, -0.014;
6896, -0.013;
6897, -0.013;
6898, -0.012;
6899, -0.012;
6900, -0.011;
6901, -0.01;
6902, -0.01;
6903, -0.009;
6904, -0.008;
6905, -0.008;
6906, -0.007;
6907, -0.006;
6908, -0.006;
6909, -0.005;
6910, -0.004;
6911, -0.004;
6912, -0.003;
6913, -0.003;
6914, -0.002;
6915, -0.001;
6916, -0.001;
6917, 0.0;
6918, 0.001;
6919, 0.001;
6920, 0.002;
6921, 0.003;
6922, 0.003;
6923, 0.004;
6924, 0.005;
6925, 0.005;
6926, 0.006;
6927, 0.007;
6928, 0.007;
6929, 0.008;
6930, 0.009;
6931, 0.01;
6932, 0.01;
6933, 0.011;
6934, 0.012;
6935, 0.012;
6936, 0.013;
6937, 0.014;
6938, 0.014;
6939, 0.015;
6940, 0.016;
6941, 0.016;
6942, 0.017;
6943, 0.018;
6944, 0.018;
6945, 0.019;
6946, 0.02;
6947, 0.021;
6948, 0.021;
6949, 0.022;
6950, 0.023;
6951, 0.024;
6952, 0.024;
6953, 0.025;
6954, 0.026;
6955, 0.026;
6956, 0.027;
6957, 0.028;
6958, 0.029;
6959, 0.029;
6960, 0.03;
6961, 0.031;
6962, 0.032;
6963, 0.032;
6964, 0.033;
6965, 0.034;
6966, 0.034;
6967, 0.035;
6968, 0.036;
6969, 0.037;
6970, 0.038;
6971, 0.038;
6972, 0.039;
6973, 0.04;
6974, 0.041;
6975, 0.041;
6976, 0.042;
6977, 0.043;
6978, 0.044;
6979, 0.044;
6980, 0.045;
6981, 0.046;
6982, 0.047;
6983, 0.048;
6984, 0.048;
6985, 0.049;
6986, 0.05;
6987, 0.051;
6988, 0.051;
6989, 0.052;
6990, 0.053;
6991, 0.054;
6992, 0.055;
6993, 0.055;
6994, 0.056;
6995, 0.057;
6996, 0.058;
6997, 0.059;
6998, 0.059;
6999, 0.06;
7000, 0.061;
7001, 0.062;
7002, 0.063;
7003, 0.064;
7004, 0.064;
7005, 0.065;
7006, 0.066;
7007, 0.067;
7008, 0.068;
7009, 0.069;
7010, 0.069;
7011, 0.07;
7012, 0.071;
7013, 0.072;
7014, 0.073;
7015, 0.073;
7016, 0.074;
7017, 0.075;
7018, 0.076;
7019, 0.077;
7020, 0.078;
7021, 0.079;
7022, 0.079;
7023, 0.08;
7024, 0.081;
7025, 0.082;
7026, 0.083;
7027, 0.084;
7028, 0.085;
7029, 0.086;
7030, 0.086;
7031, 0.087;
7032, 0.088;
7033, 0.089;
7034, 0.09;
7035, 0.091;
7036, 0.092;
7037, 0.093;
7038, 0.093;
7039, 0.094;
7040, 0.095;
7041, 0.096;
7042, 0.097;
7043, 0.098;
7044, 0.099;
7045, 0.1;
7046, 0.102;
7047, 0.104;
7048, 0.107;
7049, 0.11;
7050, 0.113;
7051, 0.115;
7052, 0.118;
7053, 0.121;
7054, 0.123;
7055, 0.126;
7056, 0.129;
7057, 0.131;
7058, 0.134;
7059, 0.137;
7060, 0.14;
7061, 0.142;
7062, 0.145;
7063, 0.148;
7064, 0.15;
7065, 0.153;
7066, 0.156;
7067, 0.159;
7068, 0.161;
7069, 0.164;
7070, 0.167;
7071, 0.17;
7072, 0.172;
7073, 0.175;
7074, 0.178;
7075, 0.18;
7076, 0.183;
7077, 0.186;
7078, 0.189;
7079, 0.192;
7080, 0.194;
7081, 0.197;
7082, 0.2;
7083, 0.203;
7084, 0.205;
7085, 0.208;
7086, 0.211;
7087, 0.214;
7088, 0.216;
7089, 0.219;
7090, 0.222;
7091, 0.225;
7092, 0.228;
7093, 0.23;
7094, 0.233;
7095, 0.236;
7096, 0.239;
7097, 0.242;
7098, 0.244;
7099, 0.247;
7100, 0.25;
7101, 0.253;
7102, 0.256;
7103, 0.258;
7104, 0.261;
7105, 0.264;
7106, 0.267;
7107, 0.27;
7108, 0.272;
7109, 0.275;
7110, 0.278;
7111, 0.281;
7112, 0.284;
7113, 0.286;
7114, 0.289;
7115, 0.292;
7116, 0.295;
7117, 0.298;
7118, 0.301;
7119, 0.303;
7120, 0.306;
7121, 0.309;
7122, 0.312;
7123, 0.315;
7124, 0.318;
7125, 0.321;
7126, 0.323;
7127, 0.326;
7128, 0.329;
7129, 0.332;
7130, 0.335;
7131, 0.338;
7132, 0.341;
7133, 0.343;
7134, 0.346;
7135, 0.349;
7136, 0.352;
7137, 0.355;
7138, 0.358;
7139, 0.361;
7140, 0.363;
7141, 0.366;
7142, 0.369;
7143, 0.372;
7144, 0.375;
7145, 0.378;
7146, 0.381;
7147, 0.384;
7148, 0.387;
7149, 0.39;
7150, 0.392;
7151, 0.395;
7152, 0.398;
7153, 0.401;
7154, 0.404;
7155, 0.407;
7156, 0.41;
7157, 0.413;
7158, 0.416;
7159, 0.419;
7160, 0.421;
7161, 0.424;
7162, 0.427;
7163, 0.43;
7164, 0.433;
7165, 0.436;
7166, 0.439;
7167, 0.442;
7168, 0.445;
7169, 0.448;
7170, 0.451;
7171, 0.454;
7172, 0.457;
7173, 0.46;
7174, 0.463;
7175, 0.466;
7176, 0.468;
7177, 0.472;
7178, 0.475;
7179, 0.477;
7180, 0.48;
7181, 0.483;
7182, 0.486;
7183, 0.489;
7184, 0.492;
7185, 0.495;
7186, 0.498;
7187, 0.501;
7188, 0.504;
7189, 0.507;
7190, 0.51;
7191, 0.513;
7192, 0.516;
7193, 0.519;
7194, 0.522;
7195, 0.525;
7196, 0.528;
7197, 0.531;
7198, 0.534;
7199, 0.537;
7200, 0.54;
7201, 0.543;
7202, 0.546;
7203, 0.549;
7204, 0.552;
7205, 0.555;
7206, 0.558;
7207, 0.561;
7208, 0.564;
7209, 0.567;
7210, 0.57;
7211, 0.573;
7212, 0.576;
7213, 0.579;
7214, 0.582;
7215, 0.586;
7216, 0.589;
7217, 0.592;
7218, 0.595;
7219, 0.598;
7220, 0.601;
7221, 0.604;
7222, 0.607;
7223, 0.61;
7224, 0.613;
7225, 0.616;
7226, 0.619;
7227, 0.622;
7228, 0.625;
7229, 0.628;
7230, 4.236;
7231, 4.244;
7232, 4.259;
7233, 4.279;
7234, 4.299;
7235, 4.32;
7236, 4.347;
7237, 4.368;
7238, 4.402;
7239, 4.429;
7240, 4.463;
7241, 4.497;
7242, 4.532;
7243, 4.573;
7244, 4.614;
7245, 4.656;
7246, 4.704;
7247, 4.746;
7248, 4.795;
7249, 4.851;
7250, 4.901;
7251, 4.958;
7252, 5.015;
7253, 5.073;
7254, 5.13;
7255, 5.196;
7256, 5.255;
7257, 5.313;
7258, 5.358;
7259, 5.411;
7260, 5.463;
7261, 5.509;
7262, 5.561;
7263, 5.614;
7264, 5.676;
7265, 5.729;
7266, 5.784;
7267, 5.845;
7268, 5.9;
7269, 5.963;
7270, 6.025;
7271, 6.089;
7272, 6.144;
7273, 6.208;
7274, 6.273;
7275, 6.336;
7276, 6.401;
7277, 6.467;
7278, 6.533;
7279, 6.598;
7280, 6.664;
7281, 6.731;
7282, 6.797;
7283, 6.865;
7284, 6.932;
7285, 7.0;
7286, 7.068;
7287, 7.129;
7288, 7.198;
7289, 7.267;
7290, 7.328;
7291, 7.398;
7292, 7.46;
7293, 7.522;
7294, 7.584;
7295, 7.647;
7296, 7.71;
7297, 7.774;
7298, 7.828;
7299, 7.883;
7300, 7.948;
7301, 8.004;
7302, 8.051;
7303, 8.108;
7304, 8.164;
7305, 8.211;
7306, 8.26;
7307, 8.308;
7308, 8.348;
7309, 8.396;
7310, 8.436;
7311, 8.476;
7312, 8.507;
7313, 8.538;
7314, 8.569;
7315, 8.6;
7316, 8.631;
7317, 8.654;
7318, 8.675;
7319, 8.688;
7320, 8.701;
7321, 8.714;
7322, 8.726;
7323, 8.73;
7324, 8.733;
7325, 8.726;
7326, 8.72;
7327, 8.713;
7328, 8.695;
7329, 8.678;
7330, 8.661;
7331, 8.634;
7332, 8.607;
7333, 8.569;
7334, 8.531;
7335, 8.483;
7336, 8.436;
7337, 8.386;
7338, 8.327;
7339, 8.257;
7340, 8.187;
7341, 8.116;
7342, 8.035;
7343, 7.952;
7344, 7.859;
7345, 7.755;
7346, 7.651;
7347, 7.546;
7348, 7.429;
7349, 7.302;
7350, 7.174;
7351, 7.035;
7352, 6.894;
7353, 6.742;
7354, 6.579;
7355, 6.166;
7356, 5.647;
7357, 5.136;
7358, 4.62;
7359, 4.112;
7360, 3.621;
7361, 3.138;
7362, 2.683;
7363, 2.247;
7364, 2.318;
7365, 2.474;
7366, 2.675;
7367, 2.887;
7368, 3.133;
7369, 3.402;
7370, 3.684;
7371, 3.978;
7372, 4.284;
7373, 4.604;
7374, 4.926;
7375, 5.26;
7376, 5.585;
7377, 5.924;
7378, 6.242;
7379, 6.561;
7380, 6.861;
7381, 7.129;
7382, 7.24;
7383, 7.341;
7384, 7.42;
7385, 7.5;
7386, 7.556;
7387, 7.602;
7388, 7.647;
7389, 7.694;
7390, 7.693;
7391, 7.624;
7392, 7.542;
7393, 7.472;
7394, 7.389;
7395, 7.306;
7396, 7.222;
7397, 7.137;
7398, 7.04;
7399, 6.954;
7400, 6.868;
7401, 6.769;
7402, 6.681;
7403, 6.581;
7404, 6.48;
7405, 6.391;
7406, 6.288;
7407, 6.186;
7408, 6.094;
7409, 5.99;
7410, 5.885;
7411, 5.779;
7412, 5.685;
7413, 5.578;
7414, 5.483;
7415, 5.375;
7416, 5.265;
7417, 5.205;
7418, 5.145;
7419, 5.097;
7420, 5.049;
7421, 5.0;
7422, 4.951;
7423, 4.901;
7424, 4.851;
7425, 4.801;
7426, 4.763;
7427, 4.712;
7428, 4.661;
7429, 4.622;
7430, 4.57;
7431, 4.531;
7432, 4.491;
7433, 4.439;
7434, 4.399;
7435, 4.358;
7436, 4.317;
7437, 4.276;
7438, 4.235;
7439, 4.194;
7440, 4.152;
7441, 4.11;
7442, 4.067;
7443, 4.025;
7444, 3.982;
7445, 3.952;
7446, 3.909;
7447, 3.865;
7448, 3.835;
7449, 3.79;
7450, 3.76;
7451, 3.715;
7452, 3.683;
7453, 3.638;
7454, 3.606;
7455, 3.574;
7456, 3.528;
7457, 3.496;
7458, 3.463;
7459, 3.43;
7460, 3.383;
7461, 3.35;
7462, 3.317;
7463, 3.283;
7464, 3.249;
7465, 3.215;
7466, 3.18;
7467, 3.146;
7468, 3.111;
7469, 3.076;
7470, 3.041;
7471, 3.005;
7472, 2.969;
7473, 2.934;
7474, 2.898;
7475, 2.861;
7476, 2.825;
7477, 2.788;
7478, 2.751;
7479, 2.714;
7480, 2.676;
7481, 2.654;
7482, 2.616;
7483, 2.578;
7484, 2.54;
7485, 2.501;
7486, 2.463;
7487, 2.424;
7488, 2.4;
7489, 2.361;
7490, 2.321;
7491, 2.282;
7492, 2.242;
7493, 2.202;
7494, 2.161;
7495, 2.121;
7496, 2.08;
7497, 2.054;
7498, 2.029;
7499, 2.018;
7500, 1.992;
7501, 1.966;
7502, 1.94;
7503, 1.913;
7504, 1.886;
7505, 1.86;
7506, 1.833;
7507, 1.806;
7508, 1.779;
7509, 1.751;
7510, 1.724;
7511, 1.696;
7512, 1.652;
7513, 1.624;
7514, 1.596;
7515, 99999;