1, 25.792;
2, 25.774;
3, 25.782;
4, 25.79;
5, 25.772;
6, 25.78;
7, 25.76;
8, 25.768;
9, 25.75;
10, 25.758;
11, 25.74;
12, 25.748;
13, 25.729;
14, 25.737;
15, 25.718;
16, 25.699;
17, 25.707;
18, 25.689;
19, 25.669;
20, 25.677;
21, 25.659;
22, 25.64;
23, 25.648;
24, 25.628;
25, 25.61;
26, 25.591;
27, 25.572;
28, 25.579;
29, 25.561;
30, 25.541;
31, 25.523;
32, 25.503;
33, 25.484;
34, 25.465;
35, 25.446;
36, 25.426;
37, 25.408;
38, 25.388;
39, 25.369;
40, 25.349;
41, 25.331;
42, 25.311;
43, 25.292;
44, 25.272;
45, 25.252;
46, 25.234;
47, 25.214;
48, 25.194;
49, 25.148;
50, 25.129;
51, 25.109;
52, 25.089;
53, 25.07;
54, 25.023;
55, 25.004;
56, 24.984;
57, 24.938;
58, 24.918;
59, 24.898;
60, 24.852;
61, 24.831;
62, 24.811;
63, 24.765;
64, 24.745;
65, 24.725;
66, 24.677;
67, 24.658;
68, 24.611;
69, 24.591;
70, 24.544;
71, 24.524;
72, 24.477;
73, 24.456;
74, 24.409;
75, 24.389;
76, 24.342;
77, 24.322;
78, 24.274;
79, 24.227;
80, 24.206;
81, 24.159;
82, 24.112;
83, 24.091;
84, 24.044;
85, 23.997;
86, 23.976;
87, 23.928;
88, 23.881;
89, 23.86;
90, 23.813;
91, 23.765;
92, 23.717;
93, 23.695;
94, 23.648;
95, 23.6;
96, 23.552;
97, 23.504;
98, 23.457;
99, 23.436;
100, 23.387;
101, 23.339;
102, 23.291;
103, 23.243;
104, 23.195;
105, 23.146;
106, 23.098;
107, 23.05;
108, 23.028;
109, 22.98;
110, 22.932;
111, 22.883;
112, 22.835;
113, 22.786;
114, 22.738;
115, 22.689;
116, 22.641;
117, 22.592;
118, 22.544;
119, 22.468;
120, 22.419;
121, 22.37;
122, 22.322;
123, 22.273;
124, 22.224;
125, 22.175;
126, 22.126;
127, 22.076;
128, 22.028;
129, 21.952;
130, 21.902;
131, 21.853;
132, 21.804;
133, 21.755;
134, 21.706;
135, 21.629;
136, 21.58;
137, 21.53;
138, 21.481;
139, 21.405;
140, 21.355;
141, 21.306;
142, 21.256;
143, 21.18;
144, 21.13;
145, 21.08;
146, 21.03;
147, 20.953;
148, 20.903;
149, 20.854;
150, 20.777;
151, 20.727;
152, 20.677;
153, 20.6;
154, 20.55;
155, 20.5;
156, 20.423;
157, 20.372;
158, 20.323;
159, 20.245;
160, 20.195;
161, 20.145;
162, 20.067;
163, 20.017;
164, 19.94;
165, 19.889;
166, 19.839;
167, 19.761;
168, 19.711;
169, 19.633;
170, 19.582;
171, 19.505;
172, 19.454;
173, 19.404;
174, 19.325;
175, 19.274;
176, 19.197;
177, 19.146;
178, 19.068;
179, 19.017;
180, 18.939;
181, 18.888;
182, 18.81;
183, 18.759;
184, 18.681;
185, 18.63;
186, 18.551;
187, 18.5;
188, 18.422;
189, 18.37;
190, 18.292;
191, 18.24;
192, 18.162;
193, 18.111;
194, 18.032;
195, 17.981;
196, 17.902;
197, 17.823;
198, 17.772;
199, 17.693;
200, 17.642;
201, 17.563;
202, 17.511;
203, 17.432;
204, 17.38;
205, 17.301;
206, 17.223;
207, 17.171;
208, 17.091;
209, 17.04;
210, 16.961;
211, 16.909;
212, 16.829;
213, 16.75;
214, 16.671;
215, 16.592;
216, 16.485;
217, 16.405;
218, 16.326;
219, 16.219;
220, 16.14;
221, 16.06;
222, 15.98;
223, 15.874;
224, 15.794;
225, 15.714;
226, 15.607;
227, 15.527;
228, 15.448;
229, 15.341;
230, 15.261;
231, 15.181;
232, 15.074;
233, 14.994;
234, 14.914;
235, 14.806;
236, 14.726;
237, 14.646;
238, 14.539;
239, 14.459;
240, 14.378;
241, 14.271;
242, 14.191;
243, 14.11;
244, 14.002;
245, 13.922;
246, 13.842;
247, 13.734;
248, 13.654;
249, 13.573;
250, 13.465;
251, 13.384;
252, 13.304;
253, 13.196;
254, 13.115;
255, 13.035;
256, 12.954;
257, 12.846;
258, 12.765;
259, 12.684;
260, 12.576;
261, 12.495;
262, 12.415;
263, 12.334;
264, 12.225;
265, 12.144;
266, 12.063;
267, 11.955;
268, 11.874;
269, 11.793;
270, 11.712;
271, 11.603;
272, 11.522;
273, 11.441;
274, 11.36;
275, 11.251;
276, 11.169;
277, 11.088;
278, 11.007;
279, 10.898;
280, 10.817;
281, 10.736;
282, 10.654;
283, 10.573;
284, 10.464;
285, 10.382;
286, 10.301;
287, 10.219;
288, 10.138;
289, 10.029;
290, 9.947;
291, 9.865;
292, 9.783;
293, 9.702;
294, 9.593;
295, 9.511;
296, 9.429;
297, 9.348;
298, 9.266;
299, 9.184;
300, 9.102;
301, 9.02;
302, 8.911;
303, 8.829;
304, 8.747;
305, 8.665;
306, 8.583;
307, 8.501;
308, 8.419;
309, 8.337;
310, 8.255;
311, 8.173;
312, 8.091;
313, 8.009;
314, 7.927;
315, 7.845;
316, 7.735;
317, 7.653;
318, 7.57;
319, 7.488;
320, 7.434;
321, 7.379;
322, 7.324;
323, 7.27;
324, 7.215;
325, 7.16;
326, 7.078;
327, 7.023;
328, 6.969;
329, 6.914;
330, 6.859;
331, 6.804;
332, 6.75;
333, 6.695;
334, 6.64;
335, 6.585;
336, 6.53;
337, 6.475;
338, 6.421;
339, 6.366;
340, 6.311;
341, 6.256;
342, 6.201;
343, 6.146;
344, 6.091;
345, 6.036;
346, 5.981;
347, 5.927;
348, 5.872;
349, 5.817;
350, 5.762;
351, 5.707;
352, 5.652;
353, 5.597;
354, 5.542;
355, 5.514;
356, 5.459;
357, 5.404;
358, 5.349;
359, 5.294;
360, 5.239;
361, 5.212;
362, 5.156;
363, 5.101;
364, 5.046;
365, 5.019;
366, 4.964;
367, 4.908;
368, 4.853;
369, 4.826;
370, 4.771;
371, 4.715;
372, 4.688;
373, 4.633;
374, 4.578;
375, 4.55;
376, 4.495;
377, 4.467;
378, 4.412;
379, 4.357;
380, 4.329;
381, 4.274;
382, 4.247;
383, 4.191;
384, 4.164;
385, 4.108;
386, 4.081;
387, 4.025;
388, 3.998;
389, 3.943;
390, 3.915;
391, 3.888;
392, 3.832;
393, 3.805;
394, 3.749;
395, 3.722;
396, 3.694;
397, 3.639;
398, 3.611;
399, 3.583;
400, 3.528;
401, 3.5;
402, 3.473;
403, 3.445;
404, 3.39;
405, 3.362;
406, 3.334;
407, 3.307;
408, 3.279;
409, 3.224;
410, 3.196;
411, 3.168;
412, 3.141;
413, 3.113;
414, 3.085;
415, 3.058;
416, 3.03;
417, 3.002;
418, 2.974;
419, 2.947;
420, 2.919;
421, 2.891;
422, 2.864;
423, 2.836;
424, 2.808;
425, 2.78;
426, 2.781;
427, 2.781;
428, 2.781;
429, 2.781;
430, 2.781;
431, 2.781;
432, 2.781;
433, 2.781;
434, 2.781;
435, 2.781;
436, 2.781;
437, 2.781;
438, 2.782;
439, 2.782;
440, 2.782;
441, 2.782;
442, 2.782;
443, 2.782;
444, 2.782;
445, 2.782;
446, 2.782;
447, 2.782;
448, 2.782;
449, 2.782;
450, 2.782;
451, 2.782;
452, 2.782;
453, 2.782;
454, 2.782;
455, 2.782;
456, 2.782;
457, 2.782;
458, 2.783;
459, 2.783;
460, 2.783;
461, 2.783;
462, 2.783;
463, 2.783;
464, 2.783;
465, 2.783;
466, 2.783;
467, 2.783;
468, 2.783;
469, 2.783;
470, 2.783;
471, 2.783;
472, 2.783;
473, 2.783;
474, 2.783;
475, 2.783;
476, 2.783;
477, 2.783;
478, 2.783;
479, 2.783;
480, 2.783;
481, 2.783;
482, 2.783;
483, 2.783;
484, 2.783;
485, 2.783;
486, 2.783;
487, 2.783;
488, 2.783;
489, 2.783;
490, 2.783;
491, 2.783;
492, 2.783;
493, 2.783;
494, 2.783;
495, 2.783;
496, 2.783;
497, 2.783;
498, 2.783;
499, 2.783;
500, 2.783;
501, 2.783;
502, 2.783;
503, 2.783;
504, 2.783;
505, 2.783;
506, 2.783;
507, 2.783;
508, 2.782;
509, 2.782;
510, 2.782;
511, 2.782;
512, 2.782;
513, 2.782;
514, 2.782;
515, 2.782;
516, 2.782;
517, 2.782;
518, 2.782;
519, 2.782;
520, 2.782;
521, 2.782;
522, 2.782;
523, 2.782;
524, 2.782;
525, 2.782;
526, 2.782;
527, 2.782;
528, 2.781;
529, 2.781;
530, 2.781;
531, 2.781;
532, 2.781;
533, 2.781;
534, 2.781;
535, 2.781;
536, 2.781;
537, 2.781;
538, 2.781;
539, 2.781;
540, 2.781;
541, 2.78;
542, 2.78;
543, 2.78;
544, 2.78;
545, 2.78;
546, 2.78;
547, 2.78;
548, 2.78;
549, 2.78;
550, 2.78;
551, 2.78;
552, 2.78;
553, 2.779;
554, 2.779;
555, 2.779;
556, 2.779;
557, 2.779;
558, 2.779;
559, 2.779;
560, 2.779;
561, 2.779;
562, 2.779;
563, 2.778;
564, 2.778;
565, 2.778;
566, 2.778;
567, 2.778;
568, 2.778;
569, 2.778;
570, 2.778;
571, 2.777;
572, 2.777;
573, 2.777;
574, 2.777;
575, 2.777;
576, 2.777;
577, 2.777;
578, 2.777;
579, 2.776;
580, 2.776;
581, 2.776;
582, 2.776;
583, 2.776;
584, 2.776;
585, 2.776;
586, 2.776;
587, 2.775;
588, 2.775;
589, 2.775;
590, 2.775;
591, 2.775;
592, 2.775;
593, 2.774;
594, 2.774;
595, 2.774;
596, 2.774;
597, 2.774;
598, 2.774;
599, 2.774;
600, 2.773;
601, 2.773;
602, 2.773;
603, 2.773;
604, 2.773;
605, 2.773;
606, 2.772;
607, 2.772;
608, 2.772;
609, 2.772;
610, 2.772;
611, 2.772;
612, 2.771;
613, 2.771;
614, 2.771;
615, 2.771;
616, 2.771;
617, 2.77;
618, 2.77;
619, 2.77;
620, 2.77;
621, 2.77;
622, 2.77;
623, 2.769;
624, 2.769;
625, 2.769;
626, 2.769;
627, 2.768;
628, 2.768;
629, 2.768;
630, 2.768;
631, 2.768;
632, 2.768;
633, 2.767;
634, 2.767;
635, 2.767;
636, 2.767;
637, 2.767;
638, 2.766;
639, 2.766;
640, 2.766;
641, 2.766;
642, 2.766;
643, 2.765;
644, 2.765;
645, 2.765;
646, 2.765;
647, 2.764;
648, 2.764;
649, 2.764;
650, 2.764;
651, 2.764;
652, 2.763;
653, 2.763;
654, 2.763;
655, 2.763;
656, 2.762;
657, 2.762;
658, 2.762;
659, 2.762;
660, 2.761;
661, 2.761;
662, 2.761;
663, 2.761;
664, 2.76;
665, 2.76;
666, 2.76;
667, 2.76;
668, 2.76;
669, 2.759;
670, 2.759;
671, 2.759;
672, 2.759;
673, 2.758;
674, 2.758;
675, 2.758;
676, 2.757;
677, 2.757;
678, 2.757;
679, 2.757;
680, 2.756;
681, 2.756;
682, 2.756;
683, 2.756;
684, 2.755;
685, 2.755;
686, 2.755;
687, 2.755;
688, 2.754;
689, 2.754;
690, 2.754;
691, 2.753;
692, 2.753;
693, 2.753;
694, 2.753;
695, 2.752;
696, 2.752;
697, 2.752;
698, 2.752;
699, 2.751;
700, 2.751;
701, 2.751;
702, 2.75;
703, 2.75;
704, 2.75;
705, 2.75;
706, 2.749;
707, 2.749;
708, 2.749;
709, 2.748;
710, 2.748;
711, 2.748;
712, 2.747;
713, 2.747;
714, 2.747;
715, 2.747;
716, 2.746;
717, 2.746;
718, 2.746;
719, 2.745;
720, 2.745;
721, 2.745;
722, 2.744;
723, 2.744;
724, 2.744;
725, 2.743;
726, 2.743;
727, 2.743;
728, 2.742;
729, 2.742;
730, 2.742;
731, 2.741;
732, 2.741;
733, 2.741;
734, 2.741;
735, 2.74;
736, 2.74;
737, 2.74;
738, 2.739;
739, 2.739;
740, 2.739;
741, 2.738;
742, 2.738;
743, 2.738;
744, 2.737;
745, 2.737;
746, 2.736;
747, 2.736;
748, 2.736;
749, 2.735;
750, 2.735;
751, 2.735;
752, 2.734;
753, 2.734;
754, 2.734;
755, 2.733;
756, 2.733;
757, 2.733;
758, 2.732;
759, 2.732;
760, 2.732;
761, 2.731;
762, 2.731;
763, 2.731;
764, 2.73;
765, 2.73;
766, 2.729;
767, 2.729;
768, 2.729;
769, 2.728;
770, 2.728;
771, 2.728;
772, 2.727;
773, 2.727;
774, 2.726;
775, 2.726;
776, 2.726;
777, 2.725;
778, 2.725;
779, 2.725;
780, 2.724;
781, 2.724;
782, 2.723;
783, 2.723;
784, 2.723;
785, 2.722;
786, 2.722;
787, 2.722;
788, 2.721;
789, 2.721;
790, 2.72;
791, 2.72;
792, 2.72;
793, 2.719;
794, 2.719;
795, 2.718;
796, 2.718;
797, 2.718;
798, 2.717;
799, 2.717;
800, 2.716;
801, 2.716;
802, 2.716;
803, 2.715;
804, 2.715;
805, 2.714;
806, 2.714;
807, 2.714;
808, 2.713;
809, 2.713;
810, 2.712;
811, 2.712;
812, 2.711;
813, 2.711;
814, 2.711;
815, 2.71;
816, 2.71;
817, 2.709;
818, 2.709;
819, 2.709;
820, 2.708;
821, 2.708;
822, 2.707;
823, 2.707;
824, 2.706;
825, 2.706;
826, 2.706;
827, 2.705;
828, 2.705;
829, 2.704;
830, 2.704;
831, 2.703;
832, 2.703;
833, 2.702;
834, 2.702;
835, 2.702;
836, 2.701;
837, 2.701;
838, 2.7;
839, 2.7;
840, 2.699;
841, 2.699;
842, 2.698;
843, 2.698;
844, 2.698;
845, 2.697;
846, 2.697;
847, 2.696;
848, 2.696;
849, 2.695;
850, 2.695;
851, 26.728;
852, 26.697;
853, 26.692;
854, 26.661;
855, 26.629;
856, 26.624;
857, 26.593;
858, 26.561;
859, 26.53;
860, 26.498;
861, 26.467;
862, 26.435;
863, 26.404;
864, 26.372;
865, 26.34;
866, 26.31;
867, 26.278;
868, 26.246;
869, 26.214;
870, 26.156;
871, 26.125;
872, 26.093;
873, 26.035;
874, 26.003;
875, 25.945;
876, 25.914;
877, 25.855;
878, 25.824;
879, 25.765;
880, 25.734;
881, 25.675;
882, 25.617;
883, 25.559;
884, 25.527;
885, 25.469;
886, 25.41;
887, 25.353;
888, 25.295;
889, 25.237;
890, 25.178;
891, 25.12;
892, 25.062;
893, 25.004;
894, 24.946;
895, 24.887;
896, 24.828;
897, 24.744;
898, 24.686;
899, 24.628;
900, 24.57;
901, 24.485;
902, 24.427;
903, 24.342;
904, 24.284;
905, 24.225;
906, 24.141;
907, 24.083;
908, 23.998;
909, 23.914;
910, 23.856;
911, 23.771;
912, 23.713;
913, 23.629;
914, 23.544;
915, 23.486;
916, 23.402;
917, 23.317;
918, 23.233;
919, 23.148;
920, 23.091;
921, 23.006;
922, 22.921;
923, 22.837;
924, 22.753;
925, 22.668;
926, 22.584;
927, 22.501;
928, 22.416;
929, 22.332;
930, 22.248;
931, 22.163;
932, 22.053;
933, 21.968;
934, 21.885;
935, 21.8;
936, 21.717;
937, 21.632;
938, 21.522;
939, 21.439;
940, 21.354;
941, 21.244;
942, 21.16;
943, 21.076;
944, 20.966;
945, 20.882;
946, 20.798;
947, 20.688;
948, 20.605;
949, 20.494;
950, 20.411;
951, 20.327;
952, 20.217;
953, 20.134;
954, 20.023;
955, 19.913;
956, 19.83;
957, 19.72;
958, 19.636;
959, 19.527;
960, 19.444;
961, 19.334;
962, 19.224;
963, 19.141;
964, 19.031;
965, 18.921;
966, 18.839;
967, 18.729;
968, 18.62;
969, 18.536;
970, 18.427;
971, 18.318;
972, 18.235;
973, 18.126;
974, 18.016;
975, 17.908;
976, 17.825;
977, 17.715;
978, 17.606;
979, 17.497;
980, 17.388;
981, 17.305;
982, 17.196;
983, 17.088;
984, 16.979;
985, 16.87;
986, 16.762;
987, 16.679;
988, 16.57;
989, 16.462;
990, 16.353;
991, 16.245;
992, 16.136;
993, 16.028;
994, 15.893;
995, 15.759;
996, 15.624;
997, 15.49;
998, 15.355;
999, 15.221;
1000, 15.087;
1001, 14.953;
1002, 14.819;
1003, 14.684;
1004, 14.55;
1005, 14.416;
1006, 14.282;
1007, 14.148;
1008, 14.015;
1009, 13.881;
1010, 13.747;
1011, 13.613;
1012, 13.48;
1013, 13.346;
1014, 13.213;
1015, 13.08;
1016, 12.946;
1017, 12.813;
1018, 12.68;
1019, 12.546;
1020, 12.439;
1021, 12.306;
1022, 12.173;
1023, 12.04;
1024, 11.907;
1025, 11.774;
1026, 11.642;
1027, 11.509;
1028, 11.376;
1029, 11.244;
1030, 11.111;
1031, 10.979;
1032, 10.872;
1033, 10.74;
1034, 10.607;
1035, 10.475;
1036, 10.343;
1037, 10.211;
1038, 10.079;
1039, 9.973;
1040, 9.84;
1041, 9.709;
1042, 9.577;
1043, 9.445;
1044, 9.339;
1045, 9.208;
1046, 9.076;
1047, 8.944;
1048, 8.839;
1049, 8.707;
1050, 8.576;
1051, 8.471;
1052, 8.34;
1053, 8.208;
1054, 8.103;
1055, 7.972;
1056, 7.841;
1057, 7.736;
1058, 7.605;
1059, 7.5;
1060, 7.369;
1061, 7.264;
1062, 7.134;
1063, 7.029;
1064, 6.924;
1065, 6.845;
1066, 6.766;
1067, 6.661;
1068, 6.583;
1069, 6.504;
1070, 6.425;
1071, 6.346;
1072, 6.267;
1073, 6.163;
1074, 6.085;
1075, 6.006;
1076, 5.927;
1077, 5.849;
1078, 5.77;
1079, 5.692;
1080, 5.613;
1081, 5.535;
1082, 5.482;
1083, 5.404;
1084, 5.326;
1085, 5.248;
1086, 5.169;
1087, 5.091;
1088, 5.039;
1089, 4.961;
1090, 4.883;
1091, 4.805;
1092, 4.752;
1093, 4.674;
1094, 4.622;
1095, 4.544;
1096, 4.467;
1097, 4.414;
1098, 4.337;
1099, 4.284;
1100, 4.207;
1101, 4.155;
1102, 4.102;
1103, 4.025;
1104, 3.973;
1105, 3.895;
1106, 3.843;
1107, 3.791;
1108, 3.74;
1109, 3.662;
1110, 3.61;
1111, 3.559;
1112, 3.507;
1113, 3.455;
1114, 3.403;
1115, 3.351;
1116, 3.3;
1117, 3.248;
1118, 3.196;
1119, 3.145;
1120, 3.093;
1121, 3.067;
1122, 3.015;
1123, 2.964;
1124, 2.912;
1125, 2.886;
1126, 2.835;
1127, 2.783;
1128, 2.757;
1129, 2.706;
1130, 2.68;
1131, 2.629;
1132, 2.603;
1133, 2.551;
1134, 2.525;
1135, 2.525;
1136, 2.524;
1137, 2.523;
1138, 2.523;
1139, 2.522;
1140, 2.521;
1141, 2.52;
1142, 2.52;
1143, 2.519;
1144, 2.518;
1145, 2.517;
1146, 2.517;
1147, 2.516;
1148, 2.515;
1149, 2.514;
1150, 2.514;
1151, 2.513;
1152, 2.512;
1153, 2.511;
1154, 2.511;
1155, 2.51;
1156, 2.509;
1157, 2.509;
1158, 2.508;
1159, 2.507;
1160, 2.506;
1161, 2.506;
1162, 2.505;
1163, 2.504;
1164, 2.503;
1165, 2.503;
1166, 2.502;
1167, 2.501;
1168, 2.5;
1169, 2.5;
1170, 2.499;
1171, 2.498;
1172, 2.497;
1173, 2.497;
1174, 2.496;
1175, 2.495;
1176, 2.494;
1177, 2.494;
1178, 2.493;
1179, 2.492;
1180, 2.491;
1181, 2.491;
1182, 2.49;
1183, 2.489;
1184, 2.488;
1185, 2.488;
1186, 2.487;
1187, 2.486;
1188, 2.485;
1189, 2.485;
1190, 2.484;
1191, 2.483;
1192, 2.482;
1193, 2.481;
1194, 2.481;
1195, 2.48;
1196, 2.479;
1197, 2.478;
1198, 2.478;
1199, 2.477;
1200, 2.476;
1201, 2.475;
1202, 2.475;
1203, 2.474;
1204, 2.473;
1205, 2.472;
1206, 2.471;
1207, 2.471;
1208, 2.47;
1209, 2.469;
1210, 2.468;
1211, 2.468;
1212, 2.467;
1213, 2.466;
1214, 2.465;
1215, 2.464;
1216, 2.464;
1217, 2.463;
1218, 2.462;
1219, 2.461;
1220, 2.46;
1221, 2.46;
1222, 2.459;
1223, 2.458;
1224, 2.457;
1225, 2.457;
1226, 2.456;
1227, 2.455;
1228, 2.454;
1229, 2.453;
1230, 2.453;
1231, 2.452;
1232, 2.451;
1233, 2.45;
1234, 2.449;
1235, 2.449;
1236, 2.448;
1237, 2.447;
1238, 2.446;
1239, 2.445;
1240, 2.445;
1241, 2.444;
1242, 2.443;
1243, 2.442;
1244, 2.441;
1245, 2.441;
1246, 2.44;
1247, 2.439;
1248, 2.438;
1249, 2.437;
1250, 2.437;
1251, 2.436;
1252, 2.435;
1253, 2.434;
1254, 2.433;
1255, 2.432;
1256, 2.432;
1257, 2.431;
1258, 2.43;
1259, 2.429;
1260, 2.428;
1261, 2.428;
1262, 2.427;
1263, 2.426;
1264, 2.425;
1265, 2.424;
1266, 2.423;
1267, 2.423;
1268, 2.422;
1269, 2.421;
1270, 2.42;
1271, 2.419;
1272, 2.418;
1273, 2.418;
1274, 2.417;
1275, 2.416;
1276, 2.415;
1277, 2.414;
1278, 2.414;
1279, 2.413;
1280, 2.412;
1281, 2.411;
1282, 2.41;
1283, 2.409;
1284, 2.409;
1285, 2.408;
1286, 2.407;
1287, 2.406;
1288, 2.405;
1289, 2.404;
1290, 2.404;
1291, 2.403;
1292, 2.402;
1293, 2.401;
1294, 2.4;
1295, 2.399;
1296, 2.399;
1297, 2.398;
1298, 2.397;
1299, 2.396;
1300, 2.395;
1301, 2.394;
1302, 2.393;
1303, 2.393;
1304, 2.392;
1305, 2.391;
1306, 2.39;
1307, 2.389;
1308, 2.389;
1309, 2.388;
1310, 2.387;
1311, 2.386;
1312, 2.385;
1313, 2.384;
1314, 2.383;
1315, 2.382;
1316, 2.382;
1317, 2.381;
1318, 2.38;
1319, 2.379;
1320, 2.378;
1321, 2.377;
1322, 2.377;
1323, 2.376;
1324, 2.375;
1325, 2.374;
1326, 2.373;
1327, 2.372;
1328, 2.371;
1329, 2.371;
1330, 2.37;
1331, 2.369;
1332, 2.368;
1333, 2.367;
1334, 2.366;
1335, 2.365;
1336, 2.365;
1337, 2.364;
1338, 2.363;
1339, 2.362;
1340, 2.361;
1341, 2.36;
1342, 2.359;
1343, 2.359;
1344, 2.358;
1345, 2.357;
1346, 2.356;
1347, 2.355;
1348, 2.354;
1349, 2.353;
1350, 2.352;
1351, 2.352;
1352, 2.351;
1353, 2.35;
1354, 2.349;
1355, 2.348;
1356, 2.347;
1357, 2.346;
1358, 2.345;
1359, 2.345;
1360, 2.344;
1361, 2.343;
1362, 2.342;
1363, 2.341;
1364, 2.34;
1365, 2.339;
1366, 2.338;
1367, 2.337;
1368, 2.337;
1369, 2.336;
1370, 2.335;
1371, 2.334;
1372, 2.333;
1373, 2.332;
1374, 2.331;
1375, 2.33;
1376, 2.33;
1377, 2.329;
1378, 2.328;
1379, 2.327;
1380, 2.326;
1381, 2.325;
1382, 2.324;
1383, 2.323;
1384, 2.322;
1385, 2.321;
1386, 2.321;
1387, 2.32;
1388, 2.319;
1389, 2.318;
1390, 2.317;
1391, 2.316;
1392, 2.315;
1393, 2.314;
1394, 2.314;
1395, 2.313;
1396, 2.312;
1397, 2.311;
1398, 2.31;
1399, 2.309;
1400, 2.308;
1401, 2.307;
1402, 2.306;
1403, 2.305;
1404, 2.305;
1405, 2.304;
1406, 2.303;
1407, 2.302;
1408, 2.301;
1409, 2.3;
1410, 2.299;
1411, 2.298;
1412, 2.297;
1413, 2.296;
1414, 2.295;
1415, 2.295;
1416, 2.294;
1417, 2.293;
1418, 2.292;
1419, 2.291;
1420, 2.29;
1421, 2.289;
1422, 2.288;
1423, 2.287;
1424, 2.286;
1425, 2.285;
1426, 2.284;
1427, 2.284;
1428, 2.283;
1429, 2.282;
1430, 2.281;
1431, 2.28;
1432, 2.279;
1433, 2.278;
1434, 2.277;
1435, 2.276;
1436, 2.275;
1437, 2.274;
1438, 2.273;
1439, 2.273;
1440, 2.272;
1441, 2.271;
1442, 2.27;
1443, 2.269;
1444, 2.268;
1445, 2.267;
1446, 2.266;
1447, 2.265;
1448, 2.264;
1449, 2.263;
1450, 2.262;
1451, 2.261;
1452, 2.26;
1453, 2.26;
1454, 2.259;
1455, 2.258;
1456, 2.257;
1457, 2.256;
1458, 2.255;
1459, 2.254;
1460, 2.253;
1461, 2.252;
1462, 2.251;
1463, 2.25;
1464, 2.249;
1465, 2.248;
1466, 2.248;
1467, 2.247;
1468, 2.246;
1469, 2.245;
1470, 2.244;
1471, 2.243;
1472, 2.242;
1473, 2.241;
1474, 2.24;
1475, 2.239;
1476, 2.238;
1477, 2.237;
1478, 2.236;
1479, 2.235;
1480, 2.234;
1481, 2.234;
1482, 2.232;
1483, 2.232;
1484, 2.231;
1485, 2.23;
1486, 2.229;
1487, 2.228;
1488, 2.227;
1489, 2.226;
1490, 2.225;
1491, 2.224;
1492, 2.223;
1493, 2.222;
1494, 2.221;
1495, 2.22;
1496, 2.219;
1497, 2.218;
1498, 2.217;
1499, 2.216;
1500, 2.216;
1501, 2.215;
1502, 2.214;
1503, 2.213;
1504, 2.212;
1505, 2.211;
1506, 2.21;
1507, 2.209;
1508, 2.208;
1509, 2.207;
1510, 2.206;
1511, 2.205;
1512, 2.204;
1513, 2.203;
1514, 2.202;
1515, 2.201;
1516, 2.2;
1517, 2.199;
1518, 2.198;
1519, 2.197;
1520, 2.196;
1521, 2.196;
1522, 2.195;
1523, 2.194;
1524, 2.193;
1525, 2.192;
1526, 2.191;
1527, 2.19;
1528, 2.189;
1529, 2.188;
1530, 2.187;
1531, 2.186;
1532, 2.185;
1533, 2.184;
1534, 2.183;
1535, 2.182;
1536, 2.181;
1537, 2.18;
1538, 2.179;
1539, 2.178;
1540, 2.177;
1541, 2.176;
1542, 2.175;
1543, 2.174;
1544, 2.173;
1545, 2.172;
1546, 2.171;
1547, 2.17;
1548, 2.17;
1549, 2.168;
1550, 2.167;
1551, 2.167;
1552, 2.166;
1553, 2.165;
1554, 2.164;
1555, 2.163;
1556, 2.162;
1557, 2.161;
1558, 2.16;
1559, 2.159;
1560, 2.158;
1561, 2.157;
1562, 2.156;
1563, 2.155;
1564, 2.154;
1565, 2.153;
1566, 2.152;
1567, 2.151;
1568, 2.15;
1569, 2.149;
1570, 2.148;
1571, 2.147;
1572, 2.146;
1573, 2.145;
1574, 2.144;
1575, 2.143;
1576, 2.142;
1577, 2.141;
1578, 2.14;
1579, 2.139;
1580, 2.138;
1581, 2.137;
1582, 2.136;
1583, 2.135;
1584, 2.134;
1585, 2.133;
1586, 2.132;
1587, 2.131;
1588, 2.13;
1589, 2.129;
1590, 2.128;
1591, 2.127;
1592, 2.126;
1593, 2.125;
1594, 2.125;
1595, 2.123;
1596, 2.123;
1597, 2.122;
1598, 2.12;
1599, 2.119;
1600, 2.119;
1601, 2.118;
1602, 2.117;
1603, 2.116;
1604, 2.115;
1605, 2.114;
1606, 2.113;
1607, 2.112;
1608, 2.111;
1609, 2.11;
1610, 2.109;
1611, 2.108;
1612, 2.107;
1613, 2.106;
1614, 2.105;
1615, 2.104;
1616, 2.103;
1617, 2.102;
1618, 2.101;
1619, 2.1;
1620, 2.099;
1621, 2.098;
1622, 2.097;
1623, 2.096;
1624, 2.095;
1625, 2.094;
1626, 2.093;
1627, 2.092;
1628, 2.091;
1629, 2.09;
1630, 2.089;
1631, 2.088;
1632, 2.087;
1633, 2.086;
1634, 2.085;
1635, 2.084;
1636, 2.083;
1637, 2.082;
1638, 2.081;
1639, 2.08;
1640, 2.079;
1641, 2.078;
1642, 2.077;
1643, 2.076;
1644, 2.075;
1645, 2.074;
1646, 2.073;
1647, 2.072;
1648, 2.071;
1649, 2.07;
1650, 2.069;
1651, 2.068;
1652, 2.067;
1653, 2.066;
1654, 2.065;
1655, 2.064;
1656, 2.063;
1657, 2.062;
1658, 2.061;
1659, 2.06;
1660, 2.059;
1661, 2.058;
1662, 2.057;
1663, 2.056;
1664, 2.055;
1665, 2.054;
1666, 2.053;
1667, 2.052;
1668, 2.05;
1669, 2.05;
1670, 2.049;
1671, 2.048;
1672, 2.046;
1673, 2.046;
1674, 2.045;
1675, 2.043;
1676, 2.042;
1677, 2.041;
1678, 2.04;
1679, 2.039;
1680, 2.038;
1681, 2.037;
1682, 2.036;
1683, 2.035;
1684, 2.034;
1685, 2.033;
1686, 2.032;
1687, 2.031;
1688, 2.03;
1689, 2.029;
1690, 2.028;
1691, 2.027;
1692, 2.026;
1693, 2.025;
1694, 2.024;
1695, 2.023;
1696, 2.022;
1697, 2.021;
1698, 2.02;
1699, 2.019;
1700, 2.018;
1701, 2.017;
1702, 2.016;
1703, 2.015;
1704, 2.014;
1705, 2.013;
1706, 2.012;
1707, 2.011;
1708, 2.01;
1709, 2.009;
1710, 2.008;
1711, 2.007;
1712, 2.006;
1713, 2.005;
1714, 2.004;
1715, 2.003;
1716, 2.002;
1717, 2.001;
1718, 2.0;
1719, 1.999;
1720, 1.998;
1721, 1.997;
1722, 1.996;
1723, 1.995;
1724, 1.994;
1725, 1.993;
1726, 1.992;
1727, 1.991;
1728, 1.99;
1729, 1.988;
1730, 1.987;
1731, 1.986;
1732, 1.985;
1733, 1.984;
1734, 1.983;
1735, 1.982;
1736, 1.981;
1737, 1.98;
1738, 1.979;
1739, 1.978;
1740, 1.977;
1741, 1.976;
1742, 1.975;
1743, 1.974;
1744, 1.973;
1745, 1.972;
1746, 1.971;
1747, 1.97;
1748, 1.969;
1749, 1.968;
1750, 1.967;
1751, 1.966;
1752, 1.965;
1753, 1.964;
1754, 1.963;
1755, 1.962;
1756, 1.961;
1757, 1.96;
1758, 1.959;
1759, 1.958;
1760, 1.957;
1761, 1.956;
1762, 1.955;
1763, 1.953;
1764, 1.952;
1765, 1.951;
1766, 1.95;
1767, 1.949;
1768, 1.948;
1769, 1.947;
1770, 1.946;
1771, 1.945;
1772, 1.944;
1773, 1.943;
1774, 1.942;
1775, 1.941;
1776, 1.94;
1777, 1.939;
1778, 1.938;
1779, 1.937;
1780, 1.936;
1781, 1.935;
1782, 1.934;
1783, 1.933;
1784, 1.932;
1785, 1.931;
1786, 1.93;
1787, 1.929;
1788, 1.928;
1789, 1.927;
1790, 1.925;
1791, 1.925;
1792, 1.923;
1793, 1.922;
1794, 1.921;
1795, 1.92;
1796, 1.919;
1797, 1.918;
1798, 1.917;
1799, 1.916;
1800, 1.915;
1801, 1.914;
1802, 1.913;
1803, 1.912;
1804, 1.911;
1805, 1.91;
1806, 1.909;
1807, 1.908;
1808, 1.907;
1809, 1.906;
1810, 1.905;
1811, 1.904;
1812, 1.903;
1813, 1.902;
1814, 1.901;
1815, 1.9;
1816, 1.899;
1817, 1.897;
1818, 1.896;
1819, 1.895;
1820, 1.894;
1821, 1.893;
1822, 1.892;
1823, 1.891;
1824, 1.89;
1825, 1.889;
1826, 1.888;
1827, 1.887;
1828, 1.886;
1829, 1.885;
1830, 1.884;
1831, 1.883;
1832, 1.882;
1833, 1.881;
1834, 1.88;
1835, 1.879;
1836, 1.878;
1837, 1.877;
1838, 1.875;
1839, 1.875;
1840, 1.873;
1841, 1.872;
1842, 1.871;
1843, 1.87;
1844, 1.869;
1845, 1.868;
1846, 1.867;
1847, 1.866;
1848, 1.865;
1849, 1.864;
1850, 1.863;
1851, 1.862;
1852, 1.861;
1853, 1.86;
1854, 1.859;
1855, 1.858;
1856, 1.857;
1857, 1.856;
1858, 1.855;
1859, 1.854;
1860, 1.853;
1861, 1.852;
1862, 1.85;
1863, 1.849;
1864, 1.848;
1865, 1.847;
1866, 1.846;
1867, 1.845;
1868, 1.844;
1869, 1.843;
1870, 1.842;
1871, 1.841;
1872, 1.84;
1873, 1.839;
1874, 1.838;
1875, 1.837;
1876, 1.836;
1877, 1.835;
1878, 1.834;
1879, 1.833;
1880, 1.832;
1881, 1.831;
1882, 1.83;
1883, 1.828;
1884, 1.827;
1885, 1.826;
1886, 1.825;
1887, 1.824;
1888, 1.823;
1889, 1.822;
1890, 1.821;
1891, 1.82;
1892, 1.819;
1893, 1.818;
1894, 1.817;
1895, 1.816;
1896, 1.815;
1897, 1.814;
1898, 1.813;
1899, 1.812;
1900, 1.811;
1901, 1.81;
1902, 1.809;
1903, 1.808;
1904, 1.806;
1905, 1.805;
1906, 1.804;
1907, 1.803;
1908, 1.802;
1909, 1.801;
1910, 1.8;
1911, 1.799;
1912, 1.798;
1913, 1.797;
1914, 1.796;
1915, 1.795;
1916, 1.794;
1917, 1.793;
1918, 1.792;
1919, 1.791;
1920, 1.79;
1921, 1.789;
1922, 1.788;
1923, 1.786;
1924, 1.785;
1925, 1.784;
1926, 1.783;
1927, 1.782;
1928, 1.781;
1929, 1.78;
1930, 1.779;
1931, 1.778;
1932, 1.777;
1933, 1.776;
1934, 1.775;
1935, 1.774;
1936, 1.773;
1937, 1.772;
1938, 1.771;
1939, 1.77;
1940, 1.769;
1941, 1.768;
1942, 1.766;
1943, 1.765;
1944, 1.764;
1945, 1.763;
1946, 1.762;
1947, 1.761;
1948, 1.76;
1949, 1.759;
1950, 1.758;
1951, 1.757;
1952, 1.756;
1953, 1.755;
1954, 1.754;
1955, 1.753;
1956, 1.752;
1957, 1.751;
1958, 1.75;
1959, 1.749;
1960, 1.748;
1961, 1.747;
1962, 1.745;
1963, 1.744;
1964, 1.743;
1965, 1.742;
1966, 1.741;
1967, 1.74;
1968, 1.739;
1969, 1.738;
1970, 1.737;
1971, 1.736;
1972, 1.735;
1973, 1.734;
1974, 1.733;
1975, 1.732;
1976, 1.731;
1977, 1.73;
1978, 1.729;
1979, 1.728;
1980, 1.727;
1981, 1.726;
1982, 1.724;
1983, 1.723;
1984, 1.722;
1985, 1.721;
1986, 1.72;
1987, 1.719;
1988, 1.718;
1989, 1.717;
1990, 1.716;
1991, 1.715;
1992, 1.714;
1993, 1.713;
1994, 1.712;
1995, 1.711;
1996, 1.71;
1997, 1.709;
1998, 1.708;
1999, 1.707;
2000, 1.706;
2001, 1.705;
2002, 1.703;
2003, 1.702;
2004, 1.701;
2005, 1.7;
2006, 1.699;
2007, 1.698;
2008, 1.697;
2009, 1.696;
2010, 1.695;
2011, 1.694;
2012, 1.693;
2013, 1.692;
2014, 16.773;
2015, 16.746;
2016, 16.735;
2017, 16.725;
2018, 16.697;
2019, 16.687;
2020, 16.677;
2021, 16.65;
2022, 16.639;
2023, 16.629;
2024, 16.601;
2025, 16.591;
2026, 16.581;
2027, 16.554;
2028, 16.543;
2029, 16.516;
2030, 16.506;
2031, 16.479;
2032, 16.468;
2033, 16.442;
2034, 16.431;
2035, 16.404;
2036, 16.393;
2037, 16.367;
2038, 16.356;
2039, 16.33;
2040, 16.319;
2041, 16.293;
2042, 16.282;
2043, 16.255;
2044, 16.228;
2045, 16.218;
2046, 16.191;
2047, 16.165;
2048, 16.155;
2049, 16.127;
2050, 16.101;
2051, 16.09;
2052, 16.064;
2053, 16.037;
2054, 16.027;
2055, 16.0;
2056, 15.974;
2057, 15.947;
2058, 15.937;
2059, 15.91;
2060, 15.884;
2061, 15.857;
2062, 15.847;
2063, 15.82;
2064, 15.794;
2065, 15.768;
2066, 15.741;
2067, 15.715;
2068, 15.688;
2069, 15.679;
2070, 15.652;
2071, 15.626;
2072, 15.599;
2073, 15.573;
2074, 15.546;
2075, 15.521;
2076, 15.495;
2077, 15.468;
2078, 15.442;
2079, 15.416;
2080, 15.39;
2081, 15.363;
2082, 15.338;
2083, 15.311;
2084, 15.285;
2085, 15.26;
2086, 15.233;
2087, 15.208;
2088, 15.181;
2089, 15.156;
2090, 15.129;
2091, 15.104;
2092, 15.078;
2093, 15.052;
2094, 15.026;
2095, 15.0;
2096, 14.959;
2097, 14.932;
2098, 14.907;
2099, 14.882;
2100, 14.855;
2101, 14.83;
2102, 14.804;
2103, 14.763;
2104, 14.737;
2105, 14.711;
2106, 14.686;
2107, 14.66;
2108, 14.619;
2109, 14.593;
2110, 14.568;
2111, 14.543;
2112, 14.501;
2113, 14.476;
2114, 14.45;
2115, 14.409;
2116, 14.385;
2117, 14.359;
2118, 14.334;
2119, 14.292;
2120, 14.267;
2121, 14.243;
2122, 14.201;
2123, 14.176;
2124, 14.151;
2125, 14.11;
2126, 14.086;
2127, 14.044;
2128, 14.02;
2129, 13.995;
2130, 13.954;
2131, 13.929;
2132, 13.888;
2133, 13.864;
2134, 13.839;
2135, 13.798;
2136, 13.774;
2137, 13.733;
2138, 13.708;
2139, 13.668;
2140, 13.643;
2141, 13.603;
2142, 13.579;
2143, 13.538;
2144, 13.514;
2145, 13.474;
2146, 13.449;
2147, 13.409;
2148, 13.385;
2149, 13.345;
2150, 13.321;
2151, 13.281;
2152, 13.256;
2153, 13.217;
2154, 13.193;
2155, 13.152;
2156, 13.113;
2157, 13.089;
2158, 13.049;
2159, 13.025;
2160, 12.986;
2161, 12.946;
2162, 12.922;
2163, 12.883;
2164, 12.858;
2165, 12.819;
2166, 12.78;
2167, 12.756;
2168, 12.717;
2169, 12.678;
2170, 12.654;
2171, 12.615;
2172, 12.576;
2173, 12.552;
2174, 12.513;
2175, 12.474;
2176, 12.451;
2177, 12.411;
2178, 12.373;
2179, 12.334;
2180, 12.311;
2181, 12.272;
2182, 12.233;
2183, 12.21;
2184, 12.171;
2185, 12.133;
2186, 12.094;
2187, 12.071;
2188, 12.032;
2189, 11.994;
2190, 11.956;
2191, 11.933;
2192, 11.894;
2193, 11.856;
2194, 11.818;
2195, 11.78;
2196, 11.757;
2197, 11.719;
2198, 11.68;
2199, 11.641;
2200, 11.601;
2201, 11.577;
2202, 11.538;
2203, 11.498;
2204, 11.459;
2205, 11.42;
2206, 11.381;
2207, 11.356;
2208, 11.317;
2209, 11.278;
2210, 11.239;
2211, 11.2;
2212, 11.161;
2213, 11.122;
2214, 11.098;
2215, 11.059;
2216, 11.021;
2217, 10.982;
2218, 10.944;
2219, 10.905;
2220, 10.866;
2221, 10.828;
2222, 10.79;
2223, 10.751;
2224, 10.727;
2225, 10.689;
2226, 10.651;
2227, 10.613;
2228, 10.575;
2229, 10.537;
2230, 10.499;
2231, 10.461;
2232, 10.423;
2233, 10.385;
2234, 10.347;
2235, 10.31;
2236, 10.272;
2237, 10.234;
2238, 10.211;
2239, 10.173;
2240, 10.136;
2241, 10.099;
2242, 10.061;
2243, 10.023;
2244, 9.986;
2245, 9.949;
2246, 9.912;
2247, 9.875;
2248, 9.837;
2249, 9.8;
2250, 9.763;
2251, 9.727;
2252, 9.69;
2253, 9.653;
2254, 9.616;
2255, 9.579;
2256, 9.542;
2257, 9.506;
2258, 9.469;
2259, 9.433;
2260, 9.396;
2261, 9.359;
2262, 9.323;
2263, 9.287;
2264, 9.251;
2265, 9.214;
2266, 9.178;
2267, 9.142;
2268, 9.106;
2269, 9.07;
2270, 9.034;
2271, 8.998;
2272, 8.962;
2273, 8.926;
2274, 8.89;
2275, 8.855;
2276, 8.819;
2277, 8.783;
2278, 8.748;
2279, 8.712;
2280, 8.663;
2281, 8.627;
2282, 8.592;
2283, 8.556;
2284, 8.507;
2285, 8.472;
2286, 8.423;
2287, 8.388;
2288, 8.339;
2289, 8.29;
2290, 8.255;
2291, 8.206;
2292, 8.158;
2293, 8.123;
2294, 8.074;
2295, 8.04;
2296, 7.991;
2297, 7.943;
2298, 7.909;
2299, 7.86;
2300, 7.812;
2301, 7.778;
2302, 7.73;
2303, 7.696;
2304, 7.648;
2305, 7.6;
2306, 7.566;
2307, 7.519;
2308, 7.471;
2309, 7.437;
2310, 7.39;
2311, 7.356;
2312, 7.309;
2313, 7.261;
2314, 7.228;
2315, 7.181;
2316, 7.134;
2317, 7.1;
2318, 7.053;
2319, 7.02;
2320, 6.973;
2321, 6.927;
2322, 6.893;
2323, 6.847;
2324, 6.801;
2325, 6.768;
2326, 6.721;
2327, 6.689;
2328, 6.642;
2329, 6.596;
2330, 6.564;
2331, 6.518;
2332, 6.485;
2333, 6.439;
2334, 6.393;
2335, 6.361;
2336, 6.316;
2337, 6.27;
2338, 6.238;
2339, 6.192;
2340, 6.16;
2341, 6.115;
2342, 6.069;
2343, 6.038;
2344, 5.993;
2345, 5.961;
2346, 5.916;
2347, 5.871;
2348, 5.839;
2349, 5.794;
2350, 5.763;
2351, 5.719;
2352, 5.687;
2353, 5.642;
2354, 5.598;
2355, 5.567;
2356, 5.523;
2357, 5.491;
2358, 5.447;
2359, 5.416;
2360, 5.372;
2361, 5.328;
2362, 5.298;
2363, 5.254;
2364, 5.223;
2365, 5.179;
2366, 5.149;
2367, 5.105;
2368, 5.074;
2369, 5.031;
2370, 4.988;
2371, 4.957;
2372, 4.914;
2373, 4.884;
2374, 4.841;
2375, 4.811;
2376, 4.768;
2377, 4.738;
2378, 4.695;
2379, 4.665;
2380, 4.622;
2381, 4.593;
2382, 4.55;
2383, 4.52;
2384, 4.478;
2385, 4.448;
2386, 4.406;
2387, 4.376;
2388, 4.334;
2389, 4.305;
2390, 4.263;
2391, 4.234;
2392, 4.192;
2393, 4.163;
2394, 4.121;
2395, 4.092;
2396, 4.05;
2397, 4.021;
2398, 3.992;
2399, 3.951;
2400, 3.922;
2401, 3.881;
2402, 3.852;
2403, 3.811;
2404, 3.782;
2405, 3.754;
2406, 3.713;
2407, 3.685;
2408, 3.644;
2409, 3.615;
2410, 3.587;
2411, 3.546;
2412, 3.518;
2413, 3.478;
2414, 3.449;
2415, 3.422;
2416, 3.381;
2417, 3.353;
2418, 3.325;
2419, 3.31;
2420, 3.282;
2421, 3.255;
2422, 3.239;
2423, 3.211;
2424, 3.184;
2425, 3.156;
2426, 3.141;
2427, 3.114;
2428, 3.086;
2429, 3.071;
2430, 3.044;
2431, 3.016;
2432, 3.001;
2433, 2.974;
2434, 2.959;
2435, 2.932;
2436, 2.905;
2437, 2.89;
2438, 2.863;
2439, 2.836;
2440, 2.821;
2441, 2.795;
2442, 2.78;
2443, 2.753;
2444, 2.726;
2445, 2.712;
2446, 2.685;
2447, 2.67;
2448, 2.644;
2449, 2.629;
2450, 2.603;
2451, 2.588;
2452, 2.562;
2453, 2.547;
2454, 2.521;
2455, 2.507;
2456, 2.481;
2457, 2.466;
2458, 2.44;
2459, 2.426;
2460, 2.4;
2461, 2.386;
2462, 2.36;
2463, 2.346;
2464, 2.32;
2465, 2.306;
2466, 2.28;
2467, 2.266;
2468, 2.24;
2469, 2.226;
2470, 2.212;
2471, 2.187;
2472, 2.173;
2473, 2.147;
2474, 2.133;
2475, 2.12;
2476, 2.094;
2477, 2.08;
2478, 2.067;
2479, 2.042;
2480, 2.028;
2481, 2.014;
2482, 1.989;
2483, 1.976;
2484, 1.962;
2485, 1.937;
2486, 1.923;
2487, 1.91;
2488, 1.885;
2489, 1.872;
2490, 1.858;
2491, 1.845;
2492, 1.82;
2493, 1.807;
2494, 1.794;
2495, 1.78;
2496, 1.756;
2497, 1.743;
2498, 1.729;
2499, 1.716;
2500, 1.703;
2501, 1.679;
2502, 1.666;
2503, 1.653;
2504, 1.64;
2505, 1.627;
2506, 1.614;
2507, 1.601;
2508, 1.576;
2509, 1.564;
2510, 1.551;
2511, 1.538;
2512, 1.525;
2513, 1.512;
2514, 1.5;
2515, 1.487;
2516, 1.474;
2517, 1.461;
2518, 1.449;
2519, 1.436;
2520, 1.423;
2521, 1.411;
2522, 1.398;
2523, 1.386;
2524, 1.373;
2525, 1.361;
2526, 1.348;
2527, 1.336;
2528, 1.323;
2529, 1.311;
2530, 1.298;
2531, 1.286;
2532, 1.274;
2533, 1.261;
2534, 1.249;
2535, 1.248;
2536, 1.236;
2537, 1.223;
2538, 1.211;
2539, 1.199;
2540, 1.187;
2541, 1.186;
2542, 1.173;
2543, 1.161;
2544, 1.149;
2545, 1.137;
2546, 1.136;
2547, 1.124;
2548, 1.112;
2549, 1.1;
2550, 1.099;
2551, 1.087;
2552, 1.086;
2553, 1.085;
2554, 1.084;
2555, 1.083;
2556, 1.081;
2557, 1.08;
2558, 1.079;
2559, 1.078;
2560, 1.077;
2561, 1.076;
2562, 1.075;
2563, 1.074;
2564, 1.073;
2565, 1.072;
2566, 1.071;
2567, 1.07;
2568, 1.068;
2569, 1.067;
2570, 1.066;
2571, 1.065;
2572, 1.064;
2573, 1.063;
2574, 1.062;
2575, 1.061;
2576, 1.06;
2577, 1.059;
2578, 1.058;
2579, 1.056;
2580, 1.056;
2581, 1.054;
2582, 1.053;
2583, 1.052;
2584, 1.051;
2585, 1.05;
2586, 1.049;
2587, 1.048;
2588, 1.047;
2589, 1.046;
2590, 1.045;
2591, 1.044;
2592, 1.043;
2593, 1.042;
2594, 1.04;
2595, 1.04;
2596, 1.038;
2597, 1.037;
2598, 1.036;
2599, 1.035;
2600, 1.034;
2601, 1.033;
2602, 1.032;
2603, 1.031;
2604, 1.03;
2605, 1.029;
2606, 1.028;
2607, 1.027;
2608, 1.026;
2609, 1.025;
2610, 1.024;
2611, 1.022;
2612, 1.022;
2613, 1.02;
2614, 1.019;
2615, 1.018;
2616, 1.017;
2617, 1.016;
2618, 1.015;
2619, 1.014;
2620, 1.013;
2621, 1.012;
2622, 1.011;
2623, 1.01;
2624, 1.009;
2625, 1.008;
2626, 1.007;
2627, 1.006;
2628, 1.005;
2629, 1.004;
2630, 1.003;
2631, 1.002;
2632, 1.001;
2633, 0.999;
2634, 0.998;
2635, 0.998;
2636, 0.996;
2637, 0.995;
2638, 0.994;
2639, 0.993;
2640, 0.992;
2641, 0.991;
2642, 0.99;
2643, 0.989;
2644, 0.988;
2645, 0.987;
2646, 0.986;
2647, 0.985;
2648, 0.984;
2649, 0.983;
2650, 0.982;
2651, 0.981;
2652, 0.98;
2653, 0.979;
2654, 0.978;
2655, 0.977;
2656, 0.976;
2657, 0.975;
2658, 0.974;
2659, 0.973;
2660, 0.972;
2661, 0.971;
2662, 0.97;
2663, 0.969;
2664, 0.968;
2665, 0.967;
2666, 0.966;
2667, 0.965;
2668, 0.964;
2669, 0.963;
2670, 0.962;
2671, 0.961;
2672, 0.96;
2673, 0.959;
2674, 0.958;
2675, 0.957;
2676, 0.956;
2677, 0.955;
2678, 0.954;
2679, 0.953;
2680, 0.952;
2681, 0.95;
2682, 0.949;
2683, 0.948;
2684, 0.947;
2685, 0.946;
2686, 0.945;
2687, 0.944;
2688, 0.943;
2689, 0.942;
2690, 0.941;
2691, 0.94;
2692, 0.939;
2693, 0.938;
2694, 0.937;
2695, 0.936;
2696, 0.935;
2697, 0.934;
2698, 0.933;
2699, 0.932;
2700, 0.931;
2701, 0.93;
2702, 0.929;
2703, 0.929;
2704, 0.928;
2705, 0.927;
2706, 0.926;
2707, 0.924;
2708, 0.923;
2709, 0.922;
2710, 0.922;
2711, 0.921;
2712, 0.92;
2713, 0.919;
2714, 0.918;
2715, 0.917;
2716, 0.916;
2717, 0.915;
2718, 0.914;
2719, 0.913;
2720, 0.912;
2721, 0.911;
2722, 0.91;
2723, 0.909;
2724, 0.908;
2725, 0.907;
2726, 0.906;
2727, 0.905;
2728, 0.904;
2729, 0.903;
2730, 0.902;
2731, 0.901;
2732, 0.9;
2733, 0.899;
2734, 0.898;
2735, 0.897;
2736, 0.896;
2737, 0.895;
2738, 0.894;
2739, 0.893;
2740, 0.892;
2741, 0.891;
2742, 0.89;
2743, 0.889;
2744, 0.889;
2745, 0.888;
2746, 0.887;
2747, 0.886;
2748, 0.885;
2749, 0.884;
2750, 0.883;
2751, 0.882;
2752, 0.881;
2753, 0.88;
2754, 0.879;
2755, 0.878;
2756, 0.877;
2757, 0.876;
2758, 0.875;
2759, 0.874;
2760, 0.873;
2761, 0.872;
2762, 0.871;
2763, 0.87;
2764, 0.869;
2765, 0.868;
2766, 0.868;
2767, 0.867;
2768, 0.866;
2769, 0.865;
2770, 0.864;
2771, 0.863;
2772, 0.862;
2773, 0.861;
2774, 0.86;
2775, 0.859;
2776, 0.858;
2777, 0.857;
2778, 0.856;
2779, 0.855;
2780, 0.854;
2781, 0.853;
2782, 0.853;
2783, 0.852;
2784, 0.851;
2785, 0.85;
2786, 0.849;
2787, 0.848;
2788, 0.847;
2789, 0.846;
2790, 0.845;
2791, 0.844;
2792, 0.843;
2793, 0.842;
2794, 0.841;
2795, 0.841;
2796, 0.84;
2797, 0.839;
2798, 0.838;
2799, 0.837;
2800, 0.836;
2801, 0.835;
2802, 0.834;
2803, 0.833;
2804, 0.832;
2805, 0.831;
2806, 0.83;
2807, 0.83;
2808, 0.829;
2809, 0.828;
2810, 0.827;
2811, 0.826;
2812, 0.825;
2813, 0.824;
2814, 0.823;
2815, 0.822;
2816, 0.821;
2817, 0.82;
2818, 0.82;
2819, 0.819;
2820, 0.818;
2821, 0.817;
2822, 0.816;
2823, 0.815;
2824, 0.814;
2825, 0.813;
2826, 0.812;
2827, 0.811;
2828, 0.811;
2829, 0.81;
2830, 0.809;
2831, 0.808;
2832, 0.807;
2833, 0.806;
2834, 0.805;
2835, 0.804;
2836, 0.803;
2837, 0.803;
2838, 0.802;
2839, 0.801;
2840, 0.8;
2841, 0.799;
2842, 0.798;
2843, 0.797;
2844, 0.796;
2845, 0.795;
2846, 0.795;
2847, 0.794;
2848, 0.793;
2849, 0.792;
2850, 0.791;
2851, 0.79;
2852, 0.789;
2853, 0.788;
2854, 0.788;
2855, 0.787;
2856, 0.786;
2857, 0.785;
2858, 0.784;
2859, 0.783;
2860, 0.782;
2861, 0.782;
2862, 0.781;
2863, 0.78;
2864, 0.779;
2865, 0.778;
2866, 0.777;
2867, 0.776;
2868, 0.775;
2869, 0.775;
2870, 0.774;
2871, 0.773;
2872, 0.772;
2873, 0.771;
2874, 0.77;
2875, 0.769;
2876, 0.769;
2877, 0.768;
2878, 0.767;
2879, 0.766;
2880, 0.765;
2881, 0.764;
2882, 0.764;
2883, 0.763;
2884, 0.762;
2885, 0.761;
2886, 0.76;
2887, 0.759;
2888, 0.758;
2889, 0.758;
2890, 0.757;
2891, 0.756;
2892, 0.755;
2893, 0.754;
2894, 0.753;
2895, 0.753;
2896, 0.752;
2897, 0.751;
2898, 0.75;
2899, 0.749;
2900, 0.748;
2901, 0.748;
2902, 0.747;
2903, 0.746;
2904, 0.745;
2905, 0.744;
2906, 0.743;
2907, 0.743;
2908, 0.742;
2909, 0.741;
2910, 0.74;
2911, 0.739;
2912, 0.738;
2913, 0.738;
2914, 0.737;
2915, 0.736;
2916, 0.735;
2917, 0.734;
2918, 0.734;
2919, 0.733;
2920, 0.732;
2921, 0.731;
2922, 0.73;
2923, 0.73;
2924, 0.729;
2925, 0.728;
2926, 0.727;
2927, 0.726;
2928, 0.725;
2929, 0.725;
2930, 0.724;
2931, 0.723;
2932, 0.722;
2933, 0.721;
2934, 0.721;
2935, 0.72;
2936, 0.719;
2937, 0.718;
2938, 0.717;
2939, 0.717;
2940, 0.716;
2941, 0.715;
2942, 0.714;
2943, 0.713;
2944, 0.713;
2945, 0.712;
2946, 0.711;
2947, 0.71;
2948, 0.71;
2949, 0.709;
2950, 0.708;
2951, 0.707;
2952, 0.706;
2953, 0.706;
2954, 0.705;
2955, 0.704;
2956, 0.703;
2957, 0.702;
2958, 0.702;
2959, 0.701;
2960, 0.7;
2961, 0.699;
2962, 0.699;
2963, 0.698;
2964, 0.697;
2965, 0.696;
2966, 0.696;
2967, 0.695;
2968, 0.694;
2969, 0.693;
2970, 0.692;
2971, 0.692;
2972, 0.691;
2973, 0.69;
2974, 0.689;
2975, 0.689;
2976, 0.688;
2977, 6.816;
2978, 6.801;
2979, 6.793;
2980, 6.786;
2981, 6.778;
2982, 6.765;
2983, 6.757;
2984, 6.75;
2985, 6.735;
2986, 6.728;
2987, 6.72;
2988, 6.707;
2989, 6.699;
2990, 6.685;
2991, 6.677;
2992, 6.67;
2993, 6.655;
2994, 6.649;
2995, 6.635;
2996, 6.627;
2997, 6.613;
2998, 6.606;
2999, 6.592;
3000, 6.585;
3001, 6.571;
3002, 6.564;
3003, 6.55;
3004, 6.542;
3005, 6.529;
3006, 6.522;
3007, 6.507;
3008, 6.501;
3009, 6.487;
3010, 6.48;
3011, 6.466;
3012, 6.452;
3013, 6.446;
3014, 6.432;
3015, 6.418;
3016, 6.411;
3017, 6.397;
3018, 6.384;
3019, 6.377;
3020, 6.363;
3021, 6.35;
3022, 6.343;
3023, 6.33;
3024, 6.316;
3025, 6.303;
3026, 6.296;
3027, 6.283;
3028, 6.269;
3029, 6.255;
3030, 6.249;
3031, 6.235;
3032, 6.222;
3033, 6.209;
3034, 6.196;
3035, 6.189;
3036, 6.176;
3037, 6.163;
3038, 6.15;
3039, 6.137;
3040, 6.123;
3041, 6.11;
3042, 6.104;
3043, 6.091;
3044, 6.079;
3045, 6.065;
3046, 6.052;
3047, 6.039;
3048, 6.026;
3049, 6.013;
3050, 6.0;
3051, 5.988;
3052, 5.976;
3053, 5.963;
3054, 5.95;
3055, 5.937;
3056, 5.924;
3057, 5.912;
3058, 5.899;
3059, 5.886;
3060, 5.873;
3061, 5.861;
3062, 5.849;
3063, 5.836;
3064, 5.823;
3065, 5.811;
3066, 5.799;
3067, 5.786;
3068, 5.768;
3069, 5.755;
3070, 5.742;
3071, 5.731;
3072, 5.718;
3073, 5.705;
3074, 5.694;
3075, 5.681;
3076, 5.663;
3077, 5.651;
3078, 5.639;
3079, 5.626;
3080, 5.614;
3081, 5.596;
3082, 5.584;
3083, 5.572;
3084, 5.559;
3085, 5.548;
3086, 5.529;
3087, 5.518;
3088, 5.506;
3089, 5.494;
3090, 5.476;
3091, 5.464;
3092, 5.452;
3093, 5.434;
3094, 5.423;
3095, 5.411;
3096, 5.399;
3097, 5.381;
3098, 5.37;
3099, 5.358;
3100, 5.34;
3101, 5.329;
3102, 5.317;
3103, 5.3;
3104, 5.288;
3105, 5.277;
3106, 5.259;
3107, 5.248;
3108, 5.23;
3109, 5.219;
3110, 5.207;
3111, 5.19;
3112, 5.179;
3113, 5.162;
3114, 5.151;
3115, 5.139;
3116, 5.122;
3117, 5.11;
3118, 5.093;
3119, 5.082;
3120, 5.065;
3121, 5.054;
3122, 5.037;
3123, 5.026;
3124, 5.01;
3125, 4.999;
3126, 4.982;
3127, 4.97;
3128, 4.953;
3129, 4.942;
3130, 4.926;
3131, 4.915;
3132, 4.899;
3133, 4.888;
3134, 4.871;
3135, 4.86;
3136, 4.844;
3137, 4.833;
3138, 4.816;
3139, 4.8;
3140, 4.789;
3141, 4.773;
3142, 4.763;
3143, 4.746;
3144, 4.736;
3145, 4.719;
3146, 4.703;
3147, 4.692;
3148, 4.677;
3149, 4.666;
3150, 4.65;
3151, 4.633;
3152, 4.624;
3153, 4.607;
3154, 4.591;
3155, 4.581;
3156, 4.565;
3157, 4.549;
3158, 4.538;
3159, 4.523;
3160, 4.507;
3161, 4.497;
3162, 4.481;
3163, 4.465;
3164, 4.456;
3165, 4.44;
3166, 4.425;
3167, 4.414;
3168, 4.398;
3169, 4.383;
3170, 4.373;
3171, 4.358;
3172, 4.342;
3173, 4.327;
3174, 4.317;
3175, 4.302;
3176, 4.286;
3177, 4.276;
3178, 4.261;
3179, 4.246;
3180, 4.231;
3181, 4.221;
3182, 4.206;
3183, 4.191;
3184, 4.175;
3185, 4.161;
3186, 4.151;
3187, 4.136;
3188, 4.121;
3189, 4.106;
3190, 4.096;
3191, 4.082;
3192, 4.067;
3193, 4.051;
3194, 4.037;
3195, 4.028;
3196, 4.013;
3197, 3.998;
3198, 3.983;
3199, 3.969;
3200, 3.96;
3201, 3.945;
3202, 3.931;
3203, 3.915;
3204, 3.901;
3205, 3.887;
3206, 3.878;
3207, 3.863;
3208, 3.849;
3209, 3.834;
3210, 3.82;
3211, 3.806;
3212, 3.797;
3213, 3.783;
3214, 3.768;
3215, 3.754;
3216, 3.74;
3217, 3.726;
3218, 3.712;
3219, 3.703;
3220, 3.689;
3221, 3.674;
3222, 3.66;
3223, 3.646;
3224, 3.632;
3225, 3.618;
3226, 3.605;
3227, 3.596;
3228, 3.582;
3229, 3.568;
3230, 3.554;
3231, 3.54;
3232, 3.527;
3233, 3.513;
3234, 3.499;
3235, 3.485;
3236, 3.472;
3237, 3.464;
3238, 3.45;
3239, 3.436;
3240, 3.423;
3241, 3.409;
3242, 3.396;
3243, 3.383;
3244, 3.369;
3245, 3.356;
3246, 3.342;
3247, 3.329;
3248, 3.321;
3249, 3.307;
3250, 3.294;
3251, 3.281;
3252, 3.267;
3253, 3.254;
3254, 3.241;
3255, 3.228;
3256, 3.214;
3257, 3.202;
3258, 3.188;
3259, 3.175;
3260, 3.163;
3261, 3.149;
3262, 3.131;
3263, 3.118;
3264, 3.1;
3265, 3.088;
3266, 3.069;
3267, 3.057;
3268, 3.043;
3269, 3.026;
3270, 3.013;
3271, 2.995;
3272, 2.982;
3273, 2.965;
3274, 2.952;
3275, 2.934;
3276, 2.922;
3277, 2.904;
3278, 2.892;
3279, 2.874;
3280, 2.861;
3281, 2.844;
3282, 2.831;
3283, 2.814;
3284, 2.802;
3285, 2.784;
3286, 2.771;
3287, 2.754;
3288, 2.742;
3289, 2.725;
3290, 2.712;
3291, 2.695;
3292, 2.683;
3293, 2.666;
3294, 2.654;
3295, 2.637;
3296, 2.627;
3297, 2.617;
3298, 2.612;
3299, 2.602;
3300, 2.597;
3301, 2.587;
3302, 2.583;
3303, 2.573;
3304, 2.567;
3305, 2.557;
3306, 2.553;
3307, 2.542;
3308, 2.537;
3309, 2.526;
3310, 2.522;
3311, 2.511;
3312, 2.506;
3313, 2.495;
3314, 2.49;
3315, 2.484;
3316, 2.474;
3317, 2.468;
3318, 2.458;
3319, 2.452;
3320, 2.441;
3321, 2.435;
3322, 2.424;
3323, 2.419;
3324, 2.407;
3325, 2.402;
3326, 2.39;
3327, 2.385;
3328, 2.373;
3329, 2.367;
3330, 2.362;
3331, 2.35;
3332, 2.344;
3333, 2.332;
3334, 2.326;
3335, 2.315;
3336, 2.308;
3337, 2.296;
3338, 2.29;
3339, 2.284;
3340, 2.272;
3341, 2.265;
3342, 2.253;
3343, 2.247;
3344, 2.235;
3345, 2.228;
3346, 2.216;
3347, 2.209;
3348, 2.202;
3349, 2.19;
3350, 2.183;
3351, 2.171;
3352, 2.163;
3353, 2.156;
3354, 2.144;
3355, 2.137;
3356, 2.124;
3357, 2.117;
3358, 2.11;
3359, 2.097;
3360, 2.09;
3361, 2.076;
3362, 2.069;
3363, 2.062;
3364, 2.048;
3365, 2.041;
3366, 2.033;
3367, 2.02;
3368, 2.012;
3369, 1.999;
3370, 1.991;
3371, 1.983;
3372, 1.97;
3373, 1.962;
3374, 1.954;
3375, 1.94;
3376, 1.932;
3377, 1.924;
3378, 1.91;
3379, 1.902;
3380, 1.894;
3381, 1.88;
3382, 1.872;
3383, 1.863;
3384, 1.849;
3385, 1.84;
3386, 1.832;
3387, 1.818;
3388, 1.809;
3389, 1.801;
3390, 1.792;
3391, 1.777;
3392, 1.769;
3393, 1.76;
3394, 1.745;
3395, 1.736;
3396, 1.727;
3397, 1.718;
3398, 1.703;
3399, 1.694;
3400, 1.685;
3401, 1.676;
3402, 1.667;
3403, 1.658;
3404, 1.648;
3405, 1.645;
3406, 1.636;
3407, 1.633;
3408, 1.623;
3409, 1.614;
3410, 1.611;
3411, 1.601;
3412, 1.598;
3413, 1.589;
3414, 1.579;
3415, 1.575;
3416, 1.566;
3417, 1.563;
3418, 1.553;
3419, 1.549;
3420, 1.539;
3421, 1.53;
3422, 1.526;
3423, 1.516;
3424, 1.512;
3425, 1.502;
3426, 1.499;
3427, 1.489;
3428, 1.485;
3429, 1.475;
3430, 1.471;
3431, 1.461;
3432, 1.457;
3433, 1.446;
3434, 1.442;
3435, 1.432;
3436, 1.428;
3437, 1.418;
3438, 1.414;
3439, 1.41;
3440, 1.399;
3441, 1.395;
3442, 1.384;
3443, 1.38;
3444, 1.369;
3445, 1.365;
3446, 1.361;
3447, 1.35;
3448, 1.346;
3449, 1.335;
3450, 1.331;
3451, 1.327;
3452, 1.315;
3453, 1.311;
3454, 1.307;
3455, 1.296;
3456, 1.291;
3457, 1.28;
3458, 1.275;
3459, 1.271;
3460, 1.259;
3461, 1.255;
3462, 1.25;
3463, 1.245;
3464, 1.234;
3465, 1.229;
3466, 1.225;
3467, 1.213;
3468, 1.208;
3469, 1.203;
3470, 1.199;
3471, 1.187;
3472, 1.182;
3473, 1.177;
3474, 1.172;
3475, 1.16;
3476, 1.155;
3477, 1.15;
3478, 1.145;
3479, 1.14;
3480, 1.128;
3481, 1.123;
3482, 1.118;
3483, 1.113;
3484, 1.107;
3485, 1.095;
3486, 1.09;
3487, 1.085;
3488, 1.079;
3489, 1.074;
3490, 1.069;
3491, 1.064;
3492, 1.058;
3493, 1.045;
3494, 1.04;
3495, 1.035;
3496, 1.029;
3497, 1.024;
3498, 1.018;
3499, 1.013;
3500, 1.007;
3501, 1.002;
3502, 0.996;
3503, 0.99;
3504, 0.985;
3505, 0.979;
3506, 0.973;
3507, 0.967;
3508, 0.962;
3509, 0.956;
3510, 0.95;
3511, 0.944;
3512, 0.938;
3513, 0.932;
3514, 0.927;
3515, 0.921;
3516, 0.915;
3517, 0.916;
3518, 0.91;
3519, 0.904;
3520, 0.898;
3521, 0.892;
3522, 0.886;
3523, 0.88;
3524, 0.874;
3525, 0.875;
3526, 0.869;
3527, 0.863;
3528, 0.857;
3529, 0.851;
3530, 0.852;
3531, 0.846;
3532, 0.839;
3533, 0.833;
3534, 0.827;
3535, 0.828;
3536, 0.822;
3537, 0.815;
3538, 0.809;
3539, 0.81;
3540, 0.804;
3541, 0.797;
3542, 0.799;
3543, 0.792;
3544, 0.793;
3545, 0.795;
3546, 0.796;
3547, 0.798;
3548, 0.799;
3549, 0.8;
3550, 0.802;
3551, 0.803;
3552, 0.804;
3553, 0.806;
3554, 0.807;
3555, 0.809;
3556, 0.81;
3557, 0.811;
3558, 0.813;
3559, 0.814;
3560, 0.816;
3561, 0.817;
3562, 0.818;
3563, 0.82;
3564, 0.821;
3565, 0.823;
3566, 0.824;
3567, 0.825;
3568, 0.827;
3569, 0.828;
3570, 0.829;
3571, 0.831;
3572, 0.832;
3573, 0.834;
3574, 0.835;
3575, 0.837;
3576, 0.838;
3577, 0.839;
3578, 0.841;
3579, 0.842;
3580, 0.844;
3581, 0.845;
3582, 0.846;
3583, 0.848;
3584, 0.849;
3585, 0.851;
3586, 0.852;
3587, 0.854;
3588, 0.855;
3589, 0.856;
3590, 0.858;
3591, 0.859;
3592, 0.861;
3593, 0.862;
3594, 0.864;
3595, 0.865;
3596, 0.866;
3597, 0.868;
3598, 0.869;
3599, 0.871;
3600, 0.872;
3601, 0.874;
3602, 0.875;
3603, 0.877;
3604, 0.878;
3605, 0.88;
3606, 0.881;
3607, 0.882;
3608, 0.884;
3609, 0.885;
3610, 0.887;
3611, 0.888;
3612, 0.89;
3613, 0.891;
3614, 0.893;
3615, 0.894;
3616, 0.896;
3617, 0.897;
3618, 0.898;
3619, 0.9;
3620, 0.902;
3621, 0.903;
3622, 0.904;
3623, 0.906;
3624, 0.907;
3625, 0.909;
3626, 0.91;
3627, 0.912;
3628, 0.913;
3629, 0.915;
3630, 0.916;
3631, 0.918;
3632, 0.919;
3633, 0.921;
3634, 0.922;
3635, 0.924;
3636, 0.925;
3637, 0.927;
3638, 0.928;
3639, 0.93;
3640, 0.931;
3641, 0.933;
3642, 0.934;
3643, 0.936;
3644, 0.938;
3645, 0.939;
3646, 0.941;
3647, 0.942;
3648, 0.944;
3649, 0.945;
3650, 0.947;
3651, 0.948;
3652, 0.95;
3653, 0.951;
3654, 0.953;
3655, 0.954;
3656, 0.956;
3657, 0.957;
3658, 0.959;
3659, 0.96;
3660, 0.962;
3661, 0.964;
3662, 0.965;
3663, 0.967;
3664, 0.968;
3665, 0.97;
3666, 0.971;
3667, 0.973;
3668, 0.974;
3669, 0.976;
3670, 0.978;
3671, 0.979;
3672, 0.981;
3673, 0.982;
3674, 0.984;
3675, 0.985;
3676, 0.987;
3677, 0.989;
3678, 0.99;
3679, 0.992;
3680, 0.993;
3681, 0.995;
3682, 0.996;
3683, 0.998;
3684, 0.999;
3685, 1.001;
3686, 1.003;
3687, 1.004;
3688, 1.006;
3689, 1.008;
3690, 1.009;
3691, 1.011;
3692, 1.012;
3693, 1.014;
3694, 1.016;
3695, 1.017;
3696, 1.019;
3697, 1.02;
3698, 1.022;
3699, 1.024;
3700, 1.025;
3701, 1.027;
3702, 1.028;
3703, 1.03;
3704, 1.032;
3705, 1.033;
3706, 1.035;
3707, 1.036;
3708, 1.038;
3709, 1.04;
3710, 1.041;
3711, 1.043;
3712, 1.044;
3713, 1.046;
3714, 1.048;
3715, 1.049;
3716, 1.051;
3717, 1.053;
3718, 1.054;
3719, 1.056;
3720, 1.058;
3721, 1.059;
3722, 1.061;
3723, 1.063;
3724, 1.064;
3725, 1.066;
3726, 1.068;
3727, 1.069;
3728, 1.071;
3729, 1.073;
3730, 1.074;
3731, 1.076;
3732, 1.078;
3733, 1.079;
3734, 1.081;
3735, 1.083;
3736, 1.084;
3737, 1.086;
3738, 1.088;
3739, 1.089;
3740, 1.091;
3741, 1.093;
3742, 1.094;
3743, 1.096;
3744, 1.098;
3745, 1.099;
3746, 1.101;
3747, 1.103;
3748, 1.104;
3749, 1.106;
3750, 1.108;
3751, 1.11;
3752, 1.111;
3753, 1.113;
3754, 1.115;
3755, 1.116;
3756, 1.118;
3757, 1.12;
3758, 1.121;
3759, 1.123;
3760, 1.125;
3761, 1.127;
3762, 1.128;
3763, 1.13;
3764, 1.132;
3765, 1.133;
3766, 1.135;
3767, 1.137;
3768, 1.139;
3769, 1.14;
3770, 1.142;
3771, 1.144;
3772, 1.145;
3773, 1.147;
3774, 1.149;
3775, 1.151;
3776, 1.152;
3777, 1.154;
3778, 1.156;
3779, 1.158;
3780, 1.159;
3781, 1.161;
3782, 1.163;
3783, 1.165;
3784, 1.166;
3785, 1.168;
3786, 1.17;
3787, 1.172;
3788, 1.173;
3789, 1.175;
3790, 1.177;
3791, 1.179;
3792, 1.181;
3793, 1.182;
3794, 1.184;
3795, 1.186;
3796, 1.188;
3797, 1.189;
3798, 1.191;
3799, 1.193;
3800, 1.195;
3801, 1.197;
3802, 1.198;
3803, 1.2;
3804, 1.202;
3805, 1.204;
3806, 1.206;
3807, 1.207;
3808, 1.209;
3809, 1.211;
3810, 1.213;
3811, 1.215;
3812, 1.216;
3813, 1.218;
3814, 1.22;
3815, 1.222;
3816, 1.224;
3817, 1.225;
3818, 1.227;
3819, 1.229;
3820, 1.231;
3821, 1.233;
3822, 1.234;
3823, 1.236;
3824, 1.238;
3825, 1.24;
3826, 1.242;
3827, 1.244;
3828, 1.245;
3829, 1.247;
3830, 1.249;
3831, 1.251;
3832, 1.253;
3833, 1.255;
3834, 1.256;
3835, 1.258;
3836, 1.26;
3837, 1.262;
3838, 1.264;
3839, 1.266;
3840, 1.268;
3841, 1.269;
3842, 1.271;
3843, 1.273;
3844, 1.275;
3845, 1.277;
3846, 1.279;
3847, 1.28;
3848, 1.282;
3849, 1.284;
3850, 1.286;
3851, 1.288;
3852, 1.29;
3853, 1.292;
3854, 1.294;
3855, 1.296;
3856, 1.297;
3857, 1.299;
3858, 1.301;
3859, 1.303;
3860, 1.305;
3861, 1.307;
3862, 1.309;
3863, 1.311;
3864, 1.313;
3865, 1.314;
3866, 1.316;
3867, 1.318;
3868, 1.32;
3869, 1.322;
3870, 1.324;
3871, 1.326;
3872, 1.328;
3873, 1.33;
3874, 1.332;
3875, 1.334;
3876, 1.336;
3877, 1.337;
3878, 1.339;
3879, 1.341;
3880, 1.343;
3881, 1.345;
3882, 1.347;
3883, 1.349;
3884, 1.351;
3885, 1.353;
3886, 1.355;
3887, 1.357;
3888, 1.359;
3889, 1.361;
3890, 1.363;
3891, 1.365;
3892, 1.366;
3893, 1.368;
3894, 1.37;
3895, 1.372;
3896, 1.374;
3897, 1.376;
3898, 1.378;
3899, 1.38;
3900, 1.382;
3901, 1.384;
3902, 1.386;
3903, 1.388;
3904, 1.39;
3905, 1.392;
3906, 1.394;
3907, 1.396;
3908, 1.398;
3909, 1.4;
3910, 1.402;
3911, 1.404;
3912, 1.406;
3913, 1.408;
3914, 1.41;
3915, 1.412;
3916, 1.414;
3917, 1.416;
3918, 1.418;
3919, 1.42;
3920, 1.422;
3921, 1.424;
3922, 1.426;
3923, 1.428;
3924, 1.43;
3925, 1.432;
3926, 1.434;
3927, 1.436;
3928, 1.438;
3929, 1.44;
3930, 1.442;
3931, 1.444;
3932, 1.446;
3933, 1.448;
3934, 1.45;
3935, 1.452;
3936, 1.454;
3937, 1.456;
3938, 1.458;
3939, 1.46;
3940, 1.462;
3941, 1.464;
3942, 1.466;
3943, 1.468;
3944, 1.47;
3945, 1.472;
3946, 1.474;
3947, 1.477;
3948, 1.479;
3949, 1.481;
3950, 1.483;
3951, 1.485;
3952, 1.487;
3953, 1.489;
3954, 1.491;
3955, 1.493;
3956, 1.495;
3957, 1.497;
3958, 1.499;
3959, 1.501;
3960, 1.503;
3961, 1.506;
3962, 1.508;
3963, 1.51;
3964, 1.512;
3965, 1.514;
3966, 1.516;
3967, 1.518;
3968, 1.52;
3969, 1.522;
3970, 1.524;
3971, 1.526;
3972, 1.529;
3973, 1.531;
3974, 1.533;
3975, 1.535;
3976, 1.537;
3977, 1.539;
3978, 1.541;
3979, 1.543;
3980, 1.545;
3981, 1.548;
3982, 1.55;
3983, 1.552;
3984, 1.554;
3985, 1.556;
3986, 1.558;
3987, 1.56;
3988, 1.562;
3989, 1.565;
3990, 1.567;
3991, 1.569;
3992, 1.571;
3993, 1.573;
3994, 1.575;
3995, 1.577;
3996, 1.58;
3997, 1.582;
3998, 1.584;
3999, 1.586;
4000, 1.588;
4001, 1.59;
4002, 1.592;
4003, 1.595;
4004, 1.597;
4005, 1.599;
4006, 1.601;
4007, 1.603;
4008, 1.605;
4009, 1.608;
4010, 1.61;
4011, 1.612;
4012, 1.614;
4013, 1.616;
4014, 1.619;
4015, 1.621;
4016, 1.623;
4017, 1.625;
4018, 1.627;
4019, 1.629;
4020, 1.632;
4021, 1.634;
4022, 1.636;
4023, 1.638;
4024, 1.64;
4025, 1.643;
4026, 1.645;
4027, 1.647;
4028, 1.649;
4029, 1.652;
4030, 1.654;
4031, 1.656;
4032, 1.658;
4033, 1.66;
4034, 1.663;
4035, 1.665;
4036, 1.667;
4037, 1.669;
4038, 1.671;
4039, 1.674;
4040, 1.676;
4041, 1.678;
4042, 1.68;
4043, 1.683;
4044, 1.685;
4045, 1.687;
4046, 1.689;
4047, 1.692;
4048, 1.694;
4049, 1.696;
4050, 1.698;
4051, 1.701;
4052, 1.703;
4053, 1.705;
4054, 1.707;
4055, 1.71;
4056, 1.712;
4057, 1.714;
4058, 1.716;
4059, 1.719;
4060, 1.721;
4061, 1.723;
4062, 1.726;
4063, 1.728;
4064, 1.73;
4065, 1.732;
4066, 1.735;
4067, 1.737;
4068, 1.739;
4069, 1.742;
4070, 1.744;
4071, 1.746;
4072, 1.748;
4073, 1.751;
4074, 1.753;
4075, 1.755;
4076, 1.758;
4077, 1.76;
4078, 1.762;
4079, 1.765;
4080, 1.767;
4081, 1.769;
4082, 1.772;
4083, 1.774;
4084, 1.776;
4085, 1.779;
4086, 1.781;
4087, 1.783;
4088, 1.786;
4089, 1.788;
4090, 1.79;
4091, 1.793;
4092, 1.795;
4093, 1.797;
4094, 1.8;
4095, 1.802;
4096, 1.804;
4097, 1.807;
4098, 1.809;
4099, 1.811;
4100, 1.814;
4101, 1.816;
4102, 1.819;
4103, 1.821;
4104, 1.823;
4105, 1.826;
4106, 1.828;
4107, 1.83;
4108, 1.833;
4109, 1.835;
4110, 1.837;
4111, 1.84;
4112, 1.842;
4113, 1.845;
4114, 1.847;
4115, 1.849;
4116, 1.852;
4117, 1.854;
4118, 1.857;
4119, 1.859;
4120, 1.861;
4121, 1.864;
4122, 1.866;
4123, 1.869;
4124, 1.871;
4125, 1.873;
4126, 1.876;
4127, 1.878;
4128, 1.881;
4129, 1.883;
4130, 1.885;
4131, 1.888;
4132, 1.89;
4133, 1.893;
4134, 1.895;
4135, 1.898;
4136, 1.9;
4137, 1.902;
4138, 1.905;
4139, 1.907;
4140, 1.91;
4141, 1.912;
4142, 1.915;
4143, 1.917;
4144, 1.92;
4145, 1.922;
4146, 1.924;
4147, 1.927;
4148, 1.929;
4149, 1.932;
4150, 1.934;
4151, 1.937;
4152, 1.939;
4153, 1.942;
4154, 1.944;
4155, 1.947;
4156, 1.949;
4157, 1.952;
4158, 1.954;
4159, 1.957;
4160, 1.959;
4161, 1.961;
4162, 1.964;
4163, 1.966;
4164, 1.969;
4165, 1.971;
4166, 1.974;
4167, 1.976;
4168, 1.979;
4169, 1.981;
4170, 1.984;
4171, 1.986;
4172, 1.989;
4173, 1.991;
4174, 1.994;
4175, 1.996;
4176, 1.999;
4177, 2.002;
4178, 2.004;
4179, 2.007;
4180, 2.009;
4181, 2.012;
4182, 2.014;
4183, 2.017;
4184, 2.019;
4185, 2.022;
4186, 2.024;
4187, 2.027;
4188, 2.029;
4189, 2.032;
4190, 2.034;
4191, 2.037;
4192, 2.039;
4193, 2.042;
4194, 2.045;
4195, 2.047;
4196, 2.05;
4197, 2.052;
4198, 2.055;
4199, 2.057;
4200, 2.06;
4201, 2.063;
4202, 2.065;
4203, 2.068;
4204, 2.07;
4205, 2.073;
4206, 2.075;
4207, 2.078;
4208, 2.081;
4209, 2.083;
4210, 2.086;
4211, 20.717;
4212, 20.722;
4213, 20.726;
4214, 20.73;
4215, 20.735;
4216, 20.719;
4217, 20.724;
4218, 20.729;
4219, 20.712;
4220, 20.696;
4221, 20.7;
4222, 20.683;
4223, 20.666;
4224, 20.649;
4225, 20.633;
4226, 20.594;
4227, 20.577;
4228, 20.559;
4229, 20.521;
4230, 20.503;
4231, 20.464;
4232, 20.426;
4233, 20.386;
4234, 20.369;
4235, 20.329;
4236, 20.267;
4237, 20.228;
4238, 20.188;
4239, 20.148;
4240, 20.087;
4241, 20.046;
4242, 19.984;
4243, 19.943;
4244, 19.88;
4245, 19.818;
4246, 19.776;
4247, 19.713;
4248, 19.65;
4249, 19.586;
4250, 19.523;
4251, 19.437;
4252, 19.373;
4253, 19.309;
4254, 19.244;
4255, 19.157;
4256, 19.092;
4257, 19.005;
4258, 18.94;
4259, 18.852;
4260, 18.764;
4261, 18.698;
4262, 18.61;
4263, 18.521;
4264, 18.432;
4265, 18.343;
4266, 18.253;
4267, 18.164;
4268, 18.074;
4269, 17.984;
4270, 17.893;
4271, 17.78;
4272, 17.69;
4273, 17.598;
4274, 17.507;
4275, 17.392;
4276, 17.3;
4277, 17.185;
4278, 17.093;
4279, 16.977;
4280, 16.884;
4281, 16.768;
4282, 16.674;
4283, 16.558;
4284, 16.44;
4285, 16.346;
4286, 16.228;
4287, 16.111;
4288, 15.993;
4289, 15.874;
4290, 15.778;
4291, 15.659;
4292, 15.539;
4293, 15.419;
4294, 15.299;
4295, 15.179;
4296, 15.058;
4297, 14.937;
4298, 14.816;
4299, 14.694;
4300, 14.572;
4301, 14.45;
4302, 14.326;
4303, 14.18;
4304, 14.01;
4305, 13.839;
4306, 13.668;
4307, 13.52;
4308, 13.349;
4309, 13.177;
4310, 13.004;
4311, 12.854;
4312, 12.681;
4313, 12.507;
4314, 12.332;
4315, 12.181;
4316, 12.006;
4317, 11.83;
4318, 11.677;
4319, 11.501;
4320, 11.324;
4321, 11.146;
4322, 10.993;
4323, 10.814;
4324, 10.635;
4325, 10.48;
4326, 10.3;
4327, 10.144;
4328, 9.964;
4329, 9.783;
4330, 9.625;
4331, 9.444;
4332, 9.286;
4333, 9.103;
4334, 8.944;
4335, 8.785;
4336, 8.601;
4337, 8.441;
4338, 8.256;
4339, 8.095;
4340, 7.934;
4341, 7.772;
4342, 7.585;
4343, 7.423;
4344, 7.26;
4345, 7.097;
4346, 6.933;
4347, 6.769;
4348, 6.629;
4349, 6.513;
4350, 6.397;
4351, 6.281;
4352, 6.165;
4353, 6.048;
4354, 5.931;
4355, 5.839;
4356, 5.721;
4357, 5.603;
4358, 5.51;
4359, 5.392;
4360, 5.298;
4361, 5.179;
4362, 5.085;
4363, 4.966;
4364, 4.871;
4365, 4.776;
4366, 4.681;
4367, 4.586;
4368, 4.49;
4369, 4.395;
4370, 4.299;
4371, 4.202;
4372, 4.106;
4373, 4.009;
4374, 3.938;
4375, 3.84;
4376, 3.769;
4377, 3.671;
4378, 3.599;
4379, 3.526;
4380, 3.428;
4381, 3.355;
4382, 3.282;
4383, 3.209;
4384, 3.136;
4385, 3.088;
4386, 3.014;
4387, 2.94;
4388, 2.892;
4389, 2.818;
4390, 2.769;
4391, 2.695;
4392, 2.646;
4393, 2.597;
4394, 99999;