0.0
0.209
0.395
0.559
0.702
0.825
0.929
1.015
1.084
1.137
1.175
1.199
1.209
1.208
1.196
1.175
1.144
1.105
1.059
1.007
0.95
0.89
0.826
0.761
0.694
0.628
0.563
0.5
0.44
0.384
0.334
0.289
0.252
0.222
0.202
0.19
0.186
0.189
0.198
0.214
0.234
0.259
0.288
0.32
0.354
0.391
0.428
0.466
0.504
0.541
0.576
0.609
0.64
0.667
0.69
0.708
0.724
0.735
0.743
0.748
0.75
0.748
0.744
0.738
0.729
0.718
0.705
0.69
0.674
0.656
0.636
0.616
0.595
0.573
0.55
0.527
0.504
0.481
0.457
0.435
0.412
0.391
0.37
0.351
0.332
0.315
0.3
0.286
0.275
0.265
0.258
0.253
0.251
0.252
0.256
0.263
0.273
0.287
0.305
0.326
0.352
0.382
0.417
0.456
0.5
0.549
0.602
0.658
0.715
0.774
0.833
0.891
0.947
1.0
1.049
1.094
1.136
1.174
1.208
1.239
1.266
1.29
1.31
1.328
1.342
1.354
1.363
1.369
1.372
1.372
1.37
1.366
1.36
1.351
1.34
1.327
1.312
1.295
1.277
1.256
1.235
1.211
1.187
1.161
1.134
1.105
1.076
1.046
1.015
0.983
0.95
0.917
0.884
0.85
0.816
0.782
0.747
0.713
0.679
0.644
0.611
0.577
0.544
0.512
0.48
0.449
0.418
0.389
0.361
0.333
0.307
0.282
0.259
0.236
0.215
0.194
0.175
0.157
0.139
0.123
0.108
0.094
0.081
0.068
0.057
0.046
0.037
0.028
0.02
0.013
0.006
0.001
-0.004
-0.008
-0.011
-0.014
-0.016
-0.017
-0.018
-0.018
-0.018
-0.017
-0.015
-0.013
-0.01
-0.007
-0.004
0.0
0.005
0.01
0.015
0.021
0.027
0.033
0.04
0.047
0.054
0.062
0.069
0.077
0.085
0.094
0.102
0.11
0.119
0.128
0.137
0.146
0.154
0.163
0.172
0.181
0.19
0.199
0.207
0.216
0.224
0.232
0.24
0.248
0.256
0.263
0.27
0.277
0.284
0.29
0.296
0.302
0.307
0.312
0.316
0.32
0.323
0.326
0.329
0.331
0.332
0.333
0.334
0.333
0.333
0.332
0.33
0.328
0.326
0.323
0.32
0.317
0.314
0.311
0.307
0.303
0.3
0.296
0.293
0.289
0.286
0.283
0.279
0.277
0.274
0.271
0.269
0.267
0.265
0.263
0.261
0.259
0.258
0.257
0.255
0.254
0.253
0.253
0.252
0.251
0.251
0.251
0.251
0.25
0.251
0.251
0.251
0.252
0.252
0.253
0.254
0.254
0.255
0.256
0.258
0.259
0.26
0.262
0.263
0.265
0.267
0.268
0.27
0.272
0.274
0.276
0.279
0.281
0.283
0.286
0.288
0.291
0.293
0.296
0.299
0.302
0.304
0.307
0.31
0.313
0.316
0.319
0.322
0.326
0.329
0.332
0.335
0.339
0.342
0.345
0.349
0.352
0.356
0.359
0.362
0.366
0.369
0.373
0.376
0.38
0.383
0.387
0.39
0.394
0.397
0.401
0.404
0.408
0.411
0.415
0.418
0.422
0.425
0.429
0.432
0.435
0.439
0.442
0.445
0.448
0.452
0.455
0.458
0.461
0.464
0.467
0.47
0.473
0.475
0.478
0.481
0.483
0.486
0.488
0.491
0.493
0.496
0.498
0.5
0.502
0.504
0.506
0.508
0.51
0.511
0.513
0.515
0.516
0.518
0.519
0.52
0.522
0.523
0.524
0.525
0.526
0.527
0.528
0.528
0.529
0.53
0.531
0.531
0.532
0.532
0.533
0.533
0.533
0.533
0.534
0.534
0.534
0.534
0.534
0.534
0.534
0.534
0.534
0.534
0.533
0.533
0.533
0.532
0.532
0.532
0.531
0.531
0.53
0.53
0.529
0.528
0.528
0.527
0.526
0.526
0.525
0.524
0.523
0.523
0.522
0.521
0.52
0.519
0.518
0.517
0.516
0.515
0.514
0.513
0.512
0.511
0.51
0.509
0.508
0.507
0.506
0.504
0.503
0.502
0.501
0.5
0.499
0.498
0.497
0.495
0.494
0.493
0.492
0.491
0.49
0.489
0.488
0.487
0.486
0.485
0.484
0.483
0.482
0.481
0.48
0.479
0.478
0.477
0.477
0.476
0.475
0.475
0.474
0.473
0.473
0.472
0.472
0.472
0.471
0.471
0.471
0.471
0.471
0.471
0.471
0.471
0.471
0.471
0.472
0.472
0.472
0.473
0.474
0.474
0.475
0.476
0.477
0.478
0.479
0.48
0.481
0.483
0.484
0.486
0.488
0.489
0.491
0.493
0.495
0.498
0.5
0.502
0.505
0.508
0.51
0.513
0.516
0.519
0.522
0.526
0.529
0.532
0.536
0.539
0.543
0.546
0.55
0.554
0.558
0.562
0.566
0.57
0.574
0.578
0.582
0.586
0.59
0.594
0.599
0.603
0.607
0.611
0.616
0.62
0.624
0.629
0.633
0.637
0.642
0.646
0.65
0.654
0.659
0.663
0.667
0.671
0.675
0.679
0.683
0.687
0.691
0.695
0.699
0.703
0.707
0.71
0.714
0.717
0.721
0.724
0.728
0.731
0.734
0.737
0.74
0.743
0.746
0.748
0.751
0.753
0.756
0.758
0.76
0.762
0.764
0.766
0.767
0.769
0.77
0.771
0.772
0.773
0.774
0.775
0.775
0.776
0.776
0.776
0.775
0.775
0.775
0.774
0.773
0.772
0.771
0.769
0.767
0.766
0.764
0.761
0.759
0.756
0.753
0.75
0.747
0.743
0.739
0.735
0.731
0.727
0.722
0.717
0.712
0.706
0.701
0.695
0.688
0.682
0.675
0.668
0.661
0.653
0.646
0.637
0.629
0.62
0.611
0.602
0.592
0.583
0.572
0.562
0.551
0.54
0.529
0.517
0.505
0.492
0.48
0.466
0.453
0.439
0.425
0.411
0.396
0.381
0.365
0.35
0.333
0.317
0.3
0.283
0.266
0.248
0.231
0.213
0.196
0.179
0.162
0.146
0.13
0.114
0.099
0.084
0.07
0.057
0.045
0.033
0.022
0.012
0.004
-0.004
-0.01
-0.015
-0.019
-0.022
-0.023
-0.022
-0.02
-0.016
-0.011
-0.003
0.006
0.017
0.03
0.045
0.062
0.082
0.103
0.127
0.154
0.183
0.213
0.245
0.276
0.308
0.338
0.367
0.395
0.422
0.448
0.473
0.496
0.519
0.541
0.561
0.581
0.6
0.618
0.635
0.65
0.666
0.68
0.693
0.706
0.717
0.728
0.738
0.748
0.756
0.764
0.771
0.778
0.784
0.789
0.794
0.798
0.801
0.804
0.806
0.808
0.809
0.81
0.81
0.81
0.809
0.808
0.806
0.804
0.802
0.799
0.796
0.793
0.79
0.786
0.781
0.777
0.772
0.768
0.763
0.758
0.752
0.747
0.741
0.735
0.73
0.724
0.718
0.712
0.706
0.7
0.695
0.689
0.683
0.678
0.672
0.667
0.661
0.656
0.651
0.647
0.642
0.637
0.633
0.628
0.624
0.62
0.616
0.612
0.608
0.605
0.601
0.598
0.594
0.591
0.588
0.584
0.581
0.578
0.575
0.572
0.569
0.567
0.564
0.561
0.559
0.556
0.553
0.551
0.548
0.546
0.543
0.541
0.539
0.536
0.534
0.532
0.529
0.527
0.524
0.522
0.52
0.517
0.515
0.513
0.51
0.508
0.505
0.503
0.5
0.497
0.495
0.492
0.489
0.487
0.484
0.481
0.478
0.475
0.472
0.469
0.466
0.463
0.46
0.457
0.454
0.451
0.448
0.445
0.441
0.438
0.435
0.432
0.429
0.425
0.422
0.419
0.415
0.412
0.409
0.405
0.402
0.399
0.395
0.392
0.389
0.385
0.382
0.378
0.375
0.372
0.368
0.365
0.362
0.358
0.355
0.352
0.348
0.345
0.342
0.338
0.335
0.332
0.328
0.325
0.322
0.319
0.316
0.312
0.309
0.306
0.303
0.3
0.297
0.294
0.291
0.288
0.285
0.282
0.279
0.276
0.273
0.271
0.268
0.265
0.262
0.26
0.257
0.255
0.252
0.25
0.247
0.245
0.242
0.24
0.238
0.236
0.233
0.231
0.229
0.227
0.225
0.223
0.222
0.22
0.218
0.216
0.215
0.213
0.212
0.21
0.209
0.208
0.207
0.205
0.204
0.203
0.202
0.202
0.201
0.2
0.199
0.199
0.198
0.198
0.198
0.197
0.197
0.197
0.197
0.197
0.197
0.197
0.198
0.198
0.199
0.199
0.2
0.201
0.202
0.203
0.204
0.205
0.206
0.208
0.209
0.211
0.212
0.214
0.216
0.218
0.22
0.222
0.225
0.227
0.23
0.233
0.236
0.239
0.242
0.245
0.249
0.252
0.256
0.26
0.264
0.268
0.272
0.277
0.281
0.286
0.291
0.296
0.301
0.307
0.312
0.318
0.324
0.33
0.336
0.343
0.349
0.356
0.363
0.37
0.377
0.385
0.392
0.4
0.408
0.417
0.425
0.434
0.443
0.452
0.461
0.47
0.48
0.49
0.5
0.51
0.521
0.531
0.542
0.552
0.562
0.572
0.582
0.591
0.6
0.608
0.616
0.623
0.63
0.636
0.642
0.647
0.652
0.656
0.66
0.663
0.666
0.669
0.671
0.673
0.674
0.675
0.675
0.676
0.675
0.675
0.674
0.672
0.671
0.669
0.667
0.664
0.661
0.658
0.654
0.651
0.647
0.643
0.638
0.633
0.628
0.623
0.618
0.612
0.607
0.601
0.595
0.588
0.582
0.575
0.569
0.562
0.555
0.548
0.541
0.533
0.526
0.519
0.511
0.504
0.496
0.489
0.481
0.473
0.466
0.458
0.45
0.443
0.435
0.428
0.42
0.413
0.405
0.398
0.391
0.383
0.376
0.369
0.363
0.356
0.349
0.343
0.336
0.33
0.324
0.319
0.313
0.308
0.302
0.297
0.293
0.288
0.284
0.28
0.276
0.272
0.269
0.266
0.264
0.261
0.259
0.258
0.256
0.255
0.254
0.254
0.254
0.254
0.255
0.256
0.258
0.26
0.262
0.265
0.269
0.272
0.276
0.281
0.286
0.292
0.298
0.305
0.312
0.319
0.327
0.336
0.345
0.355
0.365
0.376
0.388
0.4
0.413
0.426
0.44
0.455
0.47
0.486
0.502
0.519
0.537
0.556
0.575
0.595
0.615
0.636
0.658
0.68
0.703
0.726
0.75
0.774
0.798
0.823
0.849
0.874
0.9
0.926
0.953
0.979
1.006
1.033
1.06
1.087
1.114
1.142
1.169
1.196
1.224
1.251
1.278
1.305
1.332
1.358
1.385
1.411
1.437
1.463
1.488
1.513
1.537
1.562
1.585
1.609
1.631
1.654
1.675
1.696
1.717
1.737
1.756
1.775
1.793
1.81
1.826
1.842
1.856
1.87
1.883
1.895
1.906
1.917
1.926
1.934
1.941
1.947
1.952
1.956
1.958
1.96
1.96
1.959
1.956
1.953
1.948
1.942
1.934
1.925
1.914
1.902
1.889
1.873
1.857
1.839
1.819
1.797
1.774
1.749
1.723
1.694
1.664
1.632
1.599
1.563
1.525
1.486
1.445
1.401
1.356
1.309
1.259
1.208
1.154
1.098
1.04
0.98
0.917
0.853
0.786
0.717
0.646
0.573
0.501
0.428
0.356
0.284
0.215
0.148
0.083
0.022
-0.036
-0.088
-0.136
-0.178
-0.214
-0.244
-0.266
-0.28
-0.285
-0.282
-0.269
-0.246
-0.212
-0.167
-0.11
-0.041
0.041
0.137
0.247
0.371
0.511
0.667
0.833
0.991
1.134
1.264
1.38
1.484
1.575
1.655
1.723
1.78
1.827
1.864
1.891
1.909
1.919
1.92
1.913
1.9
1.879
1.852
1.819
1.781
1.738
1.69
1.638
1.582
1.524
1.462
1.398
1.332
1.265
1.197
1.129
1.06
0.992
0.925
0.859
0.795
0.734
0.675
0.619
0.567
0.518
0.475
0.436
0.403
0.375
0.354
0.34
0.333
0.334
0.341
0.354
0.372
0.394
0.418
0.445
0.472
0.5
0.527
0.553
0.577
0.601
0.624
0.647
0.668
0.688
0.708
0.726
0.744
0.761
0.777
0.793
0.807
0.821
0.834
0.846
0.858
0.868
0.878
0.888
0.896
0.904
0.912
0.918
0.924
0.929
0.934
0.938
0.941
0.944
0.946
0.948
0.949
0.949
0.949
0.949
0.947
0.946
0.944
0.941
0.938
0.934
0.93
0.926
0.921
0.915
0.91
0.904
0.897
0.89
0.883
0.875
0.867
0.859
0.85
0.841
0.832
0.823
0.813
0.803
0.793
0.782
0.771
0.76
0.749
0.738
0.726
0.714
0.702
0.69
0.678
0.666
0.653
0.641
0.628
0.616
0.603
0.59
0.577
0.564
0.551
0.538
0.525
0.512
0.499
0.487
0.474
0.461
0.448
0.436
0.423
0.411
0.398
0.386
0.374
0.362
0.35
0.339
0.327
0.316
0.305
0.294
0.283
0.273
0.263
0.253
0.243
0.234
0.225
0.216
0.208
0.2
0.192
0.185
0.178
0.171
0.165
0.16
0.154
0.15
0.145
0.142
0.139
0.136
0.134
0.133
0.132
0.132
0.133
0.134
0.137
0.139
0.143
0.148
0.153
0.159
0.166
0.174
0.183
0.193
0.204
0.216
0.228
0.242
0.257
0.273
0.29
0.308
0.327
0.348
0.369
0.392
0.416
0.441
0.468
0.496
0.525
0.556
0.587
0.621
0.655
0.69
0.727
0.765
0.803
0.843
0.883
0.924
0.966
1.008
1.051
1.094
1.137
1.181
1.226
1.27
1.315
1.359
1.404
1.448
1.492
1.536
1.58
1.624
1.667
1.709
1.751
1.792
1.833
1.872
1.911
1.949
1.986
2.022
2.057
2.091
2.123
2.154
2.184
2.212
2.238
2.263
2.287
2.308
2.328
2.346
2.362
2.375
2.387
2.397
2.404
2.409
2.412
2.412
2.41
2.405
2.398
2.388
2.375
2.359
2.34
2.318
2.293
2.265
2.234
2.2
2.162
2.121
2.076
2.028
1.976
1.921
1.862
1.799
1.732
1.661
1.586
1.507
1.424
1.336
1.245
1.149
1.048
0.943
0.833
0.72
0.607
0.5
0.403
0.317
0.24
0.174
0.118
0.07
0.032
0.002
-0.02
-0.034
-0.04
-0.039
-0.032
-0.018
0.003
0.029
0.06
0.096
0.137
0.183
0.232
0.286
0.342
0.4
0.459
0.516
0.571
0.623
0.67
0.713
0.753
0.788
0.82
0.849
0.874
0.895
0.913
0.928
0.939
0.947
0.952
0.954
0.953
0.949
0.942
0.932
0.919
0.904
0.886
0.866
0.843
0.818
0.79
0.76
0.728
0.694
0.658
0.62
0.579
0.537
0.494
0.448
0.401
0.352
0.302
0.25
0.197
0.143
0.087
0.032
-0.025
-0.081
-0.137
-0.193
-0.249
-0.303
-0.357
-0.409
-0.459
-0.508
-0.555
-0.599
-0.641
-0.68
-0.716
-0.749
-0.778
-0.804
-0.825
-0.842
-0.855
-0.863
-0.865
-0.863
-0.855
-0.841
-0.822
-0.796
-0.764
-0.725
-0.679
-0.625
-0.565
-0.496
-0.42
-0.335
-0.242
-0.14
-0.03
0.09
0.22
0.359
0.508
0.667
0.833
0.996
1.153
1.304
1.448
1.587
1.719
1.846
1.967
2.082
2.191
2.296
2.394
2.488
2.576
2.659
2.737
2.809
2.878
2.941
2.999
3.053
3.103
3.148
3.188
3.225
3.257
3.285
3.309
3.329
3.345
3.358
3.367
3.372
3.374
3.373
3.368
3.36
3.349
3.335
3.318
3.298
3.276
3.25
3.223
3.192
3.159
3.124
3.087
3.048
3.006
2.963
2.917
2.87
2.821
2.771
2.719
2.665
2.611
2.555
2.498
2.439
2.38
2.32
2.259
2.197
2.135
2.072
2.009
1.945
1.881
1.817
1.753
1.688
1.624
1.56
1.496
1.433
1.37
1.307
1.245
1.184
1.123
1.064
1.005
0.947
0.891
0.836
0.782
0.729
0.678
0.628
0.581
0.534
0.49
0.448
0.408
0.369
0.333
0.3
0.268
0.239
0.212
0.186
0.163
0.142
0.123
0.106
0.091
0.078
0.066
0.056
0.048
0.041
0.037
0.033
0.031
0.031
0.032
0.035
0.038
0.044
0.05
0.057
0.066
0.076
0.087
0.099
0.112
0.126
0.14
0.156
0.172
0.19
0.207
0.226
0.245
0.265
0.285
0.306
0.327
0.349
0.371
0.393
0.416
0.438
0.461
0.484
0.507
0.531
0.554
0.577
0.6
0.623
0.646
0.668
0.69
0.712
0.734
0.755
0.776
0.796
0.816
0.835
0.853
0.871
0.888
0.904
0.92
0.934
0.948
0.961
0.973
0.983
0.993
1.001
1.009
1.015
1.02
1.023
1.026
1.027
1.026
1.024
1.02
1.015
1.008
1.0
0.99
0.978
0.965
0.951
0.935
0.918
0.9
0.882
0.862
0.842
0.822
0.801
0.78
0.759
0.738
0.717
0.696
0.675
0.656
0.636
0.618
0.6
0.583
0.568
0.553
0.54
0.529
0.519
0.511
0.504
0.5
0.498
0.497
0.497
0.498
0.5
0.501
0.501
0.5
0.498
0.494
0.489
0.483
0.476
0.469
0.462
0.454
0.447
0.44
0.434
0.429
0.424
0.421
0.419
0.418
0.418
0.419
0.421
0.424
0.427
0.431
0.437
0.443
0.449
0.457
0.465
0.473
0.483
0.493
0.503
0.514
0.525
0.537
0.549
0.562
0.575
0.588
0.602
0.615
0.629
0.644
0.658
0.672
0.687
0.701
0.716
0.73
0.745
0.759
0.774
0.788
0.802
0.816
0.829
0.842
0.855
0.868
0.88
0.892
0.903
0.914
0.925
0.935
0.944
0.953
0.961
0.968
0.975
0.981
0.986
0.991
0.994
0.997
0.999
1.0
1.0
0.999
0.997
0.995
0.991
0.987
0.982
0.976
0.969
0.962
0.954
0.945
0.936
0.926
0.916
0.905
0.893
0.881
0.869
0.856
0.843
0.829
0.815
0.801
0.786
0.772
0.757
0.741
0.726
0.71
0.695
0.679
0.663
0.647
0.632
0.616
0.6
0.584
0.569
0.553
0.538
0.523
0.508
0.493
0.479
0.465
0.451
0.438
0.425
0.412
0.4
0.388
0.377
0.366
0.356
0.346
0.337
0.328
0.32
0.312
0.305
0.298
0.291
0.285
0.28
0.275
0.27
0.266
0.263
0.26
0.257
0.255
0.254
0.253
0.252
0.252
0.253
0.254
0.255
0.257
0.26
0.263
0.266
0.27
0.275
0.28
0.286
0.292
0.298
0.306
0.313
0.321
0.329
0.338
0.347
0.356
0.366
0.376
0.386
0.396
0.407
0.417
0.428
0.439
0.45
0.461
0.472
0.483
0.494
0.505
0.515
0.526
0.537
0.547
0.557
0.567
0.577
0.587
0.596
0.605
0.614
0.622
0.63
0.637
0.644
0.65
0.656
0.662
0.667
0.671
0.675
0.678
0.681
0.683
0.684
0.686
0.686
0.686
0.686
0.686
0.684
0.683
0.681
0.679
0.676
0.673
0.67
0.666
0.662
0.658
0.654
0.649
0.644
0.639
0.633
0.628
0.622
0.616
0.61
0.603
0.597
0.59
0.584
0.577
0.57
0.563
0.556
0.549
0.542
0.535
0.528
0.521
0.515
0.508
0.501
0.494
0.488
0.481
0.475
0.469
0.463
0.457
0.451
0.445
0.44
0.435
0.43
0.426
0.422
0.418
0.414
0.411
0.407
0.405
0.402
0.401
0.399
0.398
0.397
0.397
0.397
0.397
0.398
0.4
0.402
0.405
0.408
0.411
0.415
0.419
0.424
0.429
0.434
0.44
0.445
0.452
0.458
0.465
0.472
0.479
0.486
0.493
0.501
0.508
0.516
0.524
0.532
0.539
0.547
0.555
0.563
0.57
0.578
0.585
0.593
0.6
0.607
0.614
0.621
0.627
0.633
0.64
0.646
0.651
0.657
0.662
0.667
0.672
0.677
0.682
0.686
0.691
0.695
0.698
0.702
0.705
0.708
0.711
0.714
0.717
0.719
0.721
0.723
0.724
0.726
0.727
0.728
0.728
0.729
0.729
0.729
0.729
0.728
0.727
0.726
0.725
0.723
0.721
0.719
0.717
0.714
0.711
0.708
0.705
0.701
0.697
0.692
0.688
0.683
0.678
0.672
0.667
0.661
0.654
0.648
0.641
0.634
0.627
0.619
0.612
0.604
0.596
0.588
0.58
0.572
0.564
0.556
0.548
0.54
0.532
0.524
0.516
0.508
0.5
0.492
0.485
0.477
0.47
0.463
0.456
0.449
0.442
0.436
0.429
0.423
0.416
0.41
0.404
0.398
0.392
0.387
0.381
0.376
0.37
0.365
0.36
0.355
0.35
0.345
0.341
0.336
0.332
0.327
0.323
0.319
0.315
0.311
0.308
0.304
0.3
0.297
0.294
0.29
0.287
0.284
0.282
0.279
0.276
0.274
0.271
0.269
0.266
0.264
0.262
0.26
0.259
0.257
0.255
0.254
0.252
0.251
0.25
0.249
0.248
0.247
0.246
0.245
0.244
0.244
0.243
0.243
0.243
0.243
0.243
0.243
0.243
0.243
0.243
0.244
0.244
0.245
0.245
0.246
0.247
0.248
0.249
0.25
0.251
0.252
0.254
0.255
0.257
0.259
0.26
0.262
0.264
0.266
0.268
0.27
0.273
0.275
0.278
0.28
0.283
0.286
0.289
0.292
0.295
0.298
0.302
0.305
0.309
0.312
0.316
0.32
0.324
0.328
0.333
0.337
0.342
0.346
0.351
0.356
0.361
0.366
0.372
0.377
0.383
0.388
0.394
0.4
0.406
0.412
0.419
0.425
0.431
0.438
0.444
0.451
0.457
0.464
0.47
0.476
0.483
0.489
0.495
0.5
0.506
0.512
0.517
0.522
0.527
0.531
0.536
0.54
0.543
0.547
0.549
0.552
0.554
0.556
0.557
0.558
0.559
0.559
0.558
0.557
0.556
0.553
0.551
0.547
0.544
0.54
0.535
0.53
0.524
0.518
0.512
0.505
0.498
0.491
0.484
0.476
0.467
0.459
0.45
0.442
0.433
0.424
0.414
0.405
0.395
0.386
0.376
0.366
0.357
0.347
0.337
0.328
0.318
0.309
0.299
0.29
0.281
0.272
0.263
0.255
0.246
0.238
0.23
0.223
0.216
0.209
0.202
0.196
0.19
0.184
0.179
0.175
0.171
0.167
0.164
0.161
0.159
0.158
0.157
0.157
0.157
0.158
0.159
0.162
0.165
0.168
0.173
0.178
0.184
0.191
0.199
0.207
0.217
0.227
0.238
0.25
0.263
0.277
0.291
0.306
0.322
0.337
0.353
0.369
0.385
0.4
0.415
0.43
0.443
0.456
0.468
0.479
0.489
0.498
0.505
0.51
0.513
0.515
0.515
0.512
0.507
0.5
0.49
0.479
0.465
0.451
0.437
0.422
0.409
0.396
0.386
0.378
0.372
0.371
0.373
0.379
0.391
0.409
0.432
0.462
0.5
0.545
0.598
0.657
0.723
0.795
0.872
0.953
1.04
1.13
1.223
1.32
1.419
1.519
1.622
1.725
1.828
1.932
2.035
2.137
2.238
2.336
2.433
2.526
2.615
2.701
2.782
2.859
2.93
2.995
3.053
3.105
3.149
3.186
3.214
3.233
3.243
3.243
3.232
3.211
3.179
3.134
3.078
3.008
2.926
2.829
2.719
2.593
2.453
2.296
2.124
1.934
1.728
1.503
1.261
1.0
0.728
0.489
0.333
0.298
0.365
0.499
0.666
0.833
0.973
1.081
1.16
1.212
1.242
1.25
1.24
1.214
1.175
1.125
1.067
1.004
0.938
0.872
0.809
0.75
0.698
0.654
0.617
0.587
0.562
0.544
0.532
0.525
0.523
0.526
0.533
0.544
0.56
0.579
0.601
0.626
0.653
0.683
0.714
0.748
0.782
0.818
0.854
0.891
0.928
0.964
1.0
1.035
1.069
1.102
1.135
1.166
1.197
1.227
1.256
1.284
1.311
1.337
1.363
1.388
1.412
1.435
1.458
1.479
1.5
1.52
1.54
1.559
1.576
1.594
1.61
1.626
1.641
1.655
1.669
1.682
1.694
1.706
1.717
1.727
1.737
1.746
1.754
1.762
1.769
1.776
1.782
1.787
1.792
1.796
1.8
1.803
1.805
1.807
1.809
1.81
1.81
1.81
1.809
1.808
1.806
1.804
1.802
1.799
1.795
1.791
1.787
1.782
1.776
1.771
1.764
1.758
1.751
1.744
1.736
1.728
1.719
1.71
1.701
1.692
1.682
1.671
1.661
1.65
1.639
1.627
1.615
1.603
1.591
1.578
1.565
1.552
1.539
1.525
1.511
1.497
1.483
1.468
1.454
1.439
1.424
1.408
1.393
1.377
1.361
1.346
1.329
1.313
1.297
1.28
1.264
1.247
1.23
1.213
1.196
1.179
1.162
1.145
1.128
1.111
1.093
1.076
1.059
1.042
1.024
1.007
0.989
0.972
0.955
0.938
0.92
0.903
0.886
0.869
0.852
0.835
0.818
0.802
0.785
0.769
0.752
0.736
0.72
0.704
0.688
0.672
0.657
0.641
0.626
0.611
0.596
0.582
0.567
0.553
0.539
0.526
0.512
0.499
0.486
0.473
0.461
0.449
0.437
0.425
0.414
0.403
0.392
0.382
0.372
0.362
0.353
0.344
0.335
0.327
0.319
0.312
0.305
0.298
0.292
0.286
0.28
0.275
0.271
0.267
0.263
0.26
0.257
0.255
0.253
0.251
0.251
0.25
0.251
0.251
0.253
0.254
0.257
0.26
0.263
0.267
0.272
0.277
0.283
0.289
0.296
0.304
0.312
0.321
0.33
0.34
0.351
0.362
0.375
0.387
0.401
0.415
0.43
0.445
0.462
0.478
0.496
0.514
0.532
0.551
0.57
0.588
0.607
0.625
0.643
0.66
0.676
0.692
0.707
0.721
0.733
0.744
0.754
0.763
0.769
0.774
0.777
0.778
0.777
0.774
0.769
0.762
0.753
0.742
0.729
0.713
0.695
0.674
0.652
0.626
0.599
0.568
0.535
0.5
0.462
0.422
0.381
0.339
0.297
0.255
0.216
0.178
0.143
0.111
0.083
0.06
0.042
0.031
0.026
0.029
0.039
0.059
0.088
0.127
0.176
0.235
0.294
0.351
0.406
0.458
0.509
0.558
0.604
0.649
0.691
0.732
0.771
0.808
0.844
0.877
0.909
0.939
0.968
0.995
1.02
1.043
1.065
1.086
1.105
1.122
1.138
1.153
1.166
1.178
1.189
1.198
1.206
1.213
1.219
1.223
1.227
1.229
1.23
1.23
1.229
1.227
1.225
1.221
1.216
1.21
1.204
1.197
1.189
1.18
1.171
1.161
1.15
1.139
1.127
1.114
1.101
1.087
1.073
1.059
1.044
1.028
1.013
0.997
0.98
0.964
0.947
0.93
0.913
0.895
0.878
0.86
0.843
0.825
0.808
0.79
0.773
0.755
0.738
0.721
0.704
0.687
0.671
0.654
0.639
0.623
0.608
0.593
0.579
0.565
0.551
0.538
0.526
0.514
0.503
0.493
0.483
0.474
0.465
0.457
0.451
0.444
0.439
0.435
0.431
0.428
0.426
0.425
0.424
0.424
0.425
0.426
0.428
0.431
0.434
0.437
0.441
0.446
0.451
0.456
0.462
0.468
0.475
0.482
0.489
0.497
0.504
0.512
0.521
0.529
0.538
0.546
0.555
0.564
0.573
0.582
0.591
0.6
0.609
0.618
0.627
0.636
0.644
0.653
0.662
0.67
0.678
0.687
0.695
0.703
0.71
0.718
0.725
0.733
0.74
0.747
0.753
0.76
0.766
0.772
0.777
0.783
0.788
0.792
0.797
0.801
0.805
0.808
0.812
0.814
0.817
0.819
0.821
0.822
0.823
0.823
0.824
0.823
0.822
0.821
0.819
0.817
0.815
0.811
0.808
0.803
0.799
0.793
0.788
0.781
0.774
0.767
0.759
0.75
0.741
0.731
0.721
0.71
0.699
0.687
0.676
0.664
0.652
0.64
0.628
0.616
0.604
0.593
0.581
0.57
0.56
0.55
0.54
0.531
0.523
0.515
0.508
0.502
0.497
0.493
0.489
0.487
0.486
0.486
0.488
0.49
0.494
0.5
0.507
0.515
0.525
0.536
0.547
0.56
0.573
0.586
0.6
0.614
0.628
0.643
0.656
0.67
0.683
0.695
0.706
0.717
0.726
0.734
0.74
0.746
0.749
0.75
0.75
0.747
0.743
0.736
0.728
0.718
0.707
0.693
0.679
0.663
0.647
0.629
0.61
0.59
0.57
0.549
0.528
0.506
0.485
0.462
0.44
0.418
0.397
0.375
0.354
0.333
0.313
0.294
0.276
0.259
0.244
0.23
0.218
0.208
0.2
0.195
0.192
0.192
0.195
0.201
0.21
0.223
0.24
0.261
0.286
0.315
0.348
0.386
0.427
0.471
0.52
0.571
0.626
0.683
0.743
0.806
0.871
0.938
1.007
1.078
1.15
1.224
1.3
1.376
1.453
1.531
1.609
1.688
1.767
1.845
1.924
2.002
2.08
2.157
2.233
2.307
2.381
2.453
2.523
2.592
2.658
2.722
2.784
2.844
2.9
2.954
3.004
3.051
3.095
3.135
3.171
3.203
3.23
3.254
3.272
3.286
3.296
3.299
3.298
3.291
3.278
3.26
3.236
3.205
3.168
3.124
3.073
3.016
2.951
2.879
2.8
2.713
2.617
2.514
2.403
2.283
2.155
2.018
1.872
1.716
1.552
1.378
1.194
1.0
0.798
0.595
0.4
0.221
0.059
-0.086
-0.216
-0.33
-0.43
-0.516
-0.588
-0.648
-0.695
-0.73
-0.755
-0.769
-0.773
-0.767
-0.753
-0.731
-0.701
-0.664
-0.62
-0.571
-0.517
-0.458
-0.394
-0.328
-0.258
-0.186
-0.112
-0.038
0.038
0.113
0.188
0.262
0.333
0.403
0.47
0.535
0.598
0.658
0.716
0.772
0.826
0.878
0.928
0.975
1.021
1.064
1.106
1.146
1.183
1.219
1.253
1.285
1.316
1.344
1.371
1.396
1.42
1.442
1.462
1.48
1.497
1.513
1.527
1.54
1.551
1.56
1.569
1.576
1.581
1.586
1.589
1.591
1.591
1.591
1.589
1.587
1.583
1.578
1.572
1.565
1.557
1.548
1.539
1.528
1.517
1.504
1.491
1.478
1.463
1.448
1.432
1.416
1.398
1.381
1.362
1.344
1.324
1.305
1.285
1.264
1.243
1.222
1.2
1.178
1.156
1.134
1.112
1.089
1.066
1.043
1.02
0.997
0.974
0.951
0.928
0.905
0.882
0.86
0.837
0.815
0.793
0.771
0.749
0.728
0.707
0.687
0.667
0.647
0.628
0.609
0.59
0.572
0.555
0.538
0.521
0.505
0.489
0.473
0.458
0.443
0.429
0.415
0.401
0.388
0.375
0.362
0.35
0.338
0.326
0.315
0.305
0.294
0.284
0.274
0.265
0.256
0.247
0.238
0.23
0.222
0.215
0.207
0.2
0.194
0.187
0.181
0.175
0.17
0.165
0.16
0.155
0.151
0.146
0.142
0.139
0.135
0.132
0.129
0.127
0.124
0.122
0.12
0.118
0.117
0.115
0.114
0.113
0.112
0.112
0.112
0.112
0.112
0.112
0.112
0.113
0.114
0.115
0.116
0.117
0.119
0.12
0.122
0.124
0.126
0.128
0.13
0.133
0.136
0.138
0.141
0.144
0.147
0.15
0.154
0.157
0.16
0.164
0.168
0.171
0.175
0.179
0.183
0.187
0.192
0.196
0.2
0.204
0.209
0.213
0.218
0.222
0.227
0.231
0.236
0.241
0.245
0.25
0.255
0.259
0.264
0.269
0.274
0.278
0.283
0.288
0.293
0.297
0.302
0.307
0.311
0.316
0.32
0.325
0.329
0.334
0.338
0.342
0.347
0.351
0.355
0.359
0.363
0.367
0.371
0.374
0.378
0.381
0.385
0.388
0.391
0.395
0.398
0.4
0.403
0.406
0.408
0.411
0.413
0.415
0.417
0.419
0.421
0.422
0.423
0.425
0.426
0.427
0.427
0.428
0.428
0.428
0.428
0.428
0.428
0.427
0.426
0.425
0.424
0.422
0.421
0.419
0.417
0.414
0.412
0.409
0.406
0.403
0.399
0.395
0.391
0.387
0.382
0.377
0.372
0.367
0.361
0.355
0.349
0.342
0.335
0.328
0.321
0.313
0.305
0.297
0.288
0.279
0.27
0.26
0.25
