0.0
0.025
0.049
0.073
0.096
0.118
0.14
0.161
0.181
0.201
0.22
0.239
0.257
0.275
0.292
0.308
0.324
0.339
0.354
0.368
0.382
0.395
0.407
0.42
0.431
0.442
0.453
0.463
0.473
0.483
0.492
0.5
0.508
0.516
0.523
0.53
0.536
0.542
0.548
0.553
0.558
0.563
0.567
0.571
0.574
0.578
0.581
0.583
0.585
0.587
0.589
0.591
0.592
0.593
0.593
0.594
0.594
0.594
0.594
0.593
0.593
0.592
0.591
0.59
0.588
0.587
0.585
0.583
0.581
0.579
0.577
0.574
0.572
0.569
0.566
0.564
0.561
0.558
0.555
0.552
0.549
0.546
0.542
0.539
0.536
0.533
0.53
0.526
0.523
0.52
0.517
0.514
0.511
0.508
0.505
0.502
0.499
0.497
0.494
0.491
0.489
0.487
0.485
0.483
0.481
0.479
0.478
0.476
0.475
0.474
0.473
0.473
0.472
0.472
0.472
0.472
0.473
0.473
0.474
0.476
0.477
0.479
0.481
0.483
0.486
0.489
0.492
0.496
0.5
0.504
0.509
0.514
0.519
0.525
0.53
0.536
0.542
0.549
0.555
0.562
0.569
0.576
0.583
0.591
0.598
0.606
0.613
0.621
0.628
0.636
0.643
0.651
0.658
0.666
0.673
0.68
0.687
0.695
0.701
0.708
0.715
0.721
0.727
0.733
0.739
0.744
0.749
0.754
0.758
0.762
0.766
0.77
0.773
0.775
0.778
0.779
0.781
0.782
0.782
0.782
0.781
0.78
0.779
0.776
0.773
0.77
0.766
0.761
0.756
0.75
0.743
0.736
0.728
0.719
0.71
0.7
0.69
0.679
0.668
0.656
0.644
0.631
0.618
0.604
0.59
0.576
0.561
0.547
0.531
0.516
0.5
0.484
0.468
0.451
0.435
0.418
0.401
0.384
0.367
0.349
0.332
0.314
0.296
0.278
0.26
0.242
0.223
0.205
0.187
0.168
0.15
0.131
0.112
0.094
0.075
0.056
0.038
0.019
0.0
-0.018
-0.037
-0.055
-0.074
-0.092
-0.111
-0.129
-0.147
-0.165
-0.183
-0.201
-0.219
-0.236
-0.254
-0.271
-0.288
-0.305
-0.322
-0.338
-0.355
-0.371
-0.387
-0.403
-0.418
-0.433
-0.448
-0.463
-0.478
-0.492
-0.506
-0.519
-0.533
-0.546
-0.558
-0.571
-0.582
-0.594
-0.605
-0.616
-0.627
-0.637
-0.647
-0.656
-0.665
-0.673
-0.681
-0.689
-0.696
-0.703
-0.709
-0.715
-0.72
-0.725
-0.729
-0.733
-0.736
-0.739
-0.741
-0.742
-0.743
-0.744
-0.744
-0.743
-0.742
-0.74
-0.737
-0.734
-0.73
-0.726
-0.721
-0.715
-0.709
-0.702
-0.694
-0.686
-0.676
-0.667
-0.656
-0.645
-0.633
-0.62
-0.606
-0.592
-0.577
-0.561
-0.544
-0.527
-0.508
-0.489
-0.469
-0.448
-0.427
-0.404
-0.381
-0.357
-0.332
-0.306
-0.279
-0.251
-0.222
-0.192
-0.162
-0.13
-0.098
-0.064
-0.03
0.006
0.042
0.08
0.118
0.158
0.198
0.24
0.282
0.326
0.371
0.416
0.463
0.511
0.56
0.611
0.662
0.714
0.768
0.82
0.87
0.915
0.953
0.982
1.001
1.008
1.0
0.976
0.938
0.888
0.828
0.759
0.685
0.607
0.528
0.449
0.373
0.301
0.236
0.181
0.136
0.105
0.089
0.09
0.111
0.152
0.208
0.271
0.333
0.39
0.44
0.484
0.522
0.556
0.584
0.609
0.63
0.646
0.659
0.669
0.675
0.678
0.679
0.676
0.671
0.664
0.654
0.643
0.63
0.615
0.598
0.581
0.562
0.543
0.523
0.503
0.482
0.461
0.44
0.42
0.4
0.381
0.362
0.344
0.327
0.311
0.296
0.282
0.269
0.257
0.247
0.237
0.229
0.223
0.217
0.214
0.212
0.211
0.212
0.215
0.22
0.227
0.235
0.246
0.258
0.273
0.29
0.308
0.329
0.351
0.374
0.399
0.424
0.45
0.477
0.504
0.531
0.558
0.585
0.611
0.636
0.661
0.685
0.707
0.729
0.75
0.77
0.79
0.808
0.826
0.843
0.859
0.874
0.889
0.902
0.915
0.928
0.939
0.95
0.96
0.97
0.979
0.987
0.994
1.001
1.008
1.013
1.018
1.023
1.027
1.031
1.033
1.036
1.038
1.039
1.04
1.041
1.041
1.04
1.039
1.038
1.036
1.034
1.032
1.029
1.026
1.023
1.019
1.015
1.01
1.006
1.001
0.995
0.99
0.984
0.978
0.972
0.966
0.959
0.953
0.946
0.939
0.932
0.925
0.917
0.91
0.903
0.895
0.887
0.88
0.872
0.865
0.857
0.849
0.842
0.834
0.827
0.819
0.812
0.805
0.798
0.791
0.784
0.777
0.77
0.764
0.758
0.752
0.746
0.74
0.735
0.73
0.725
0.721
0.716
0.712
0.709
0.705
0.702
0.7
0.698
0.696
0.694
0.693
0.693
0.692
0.693
0.693
0.695
0.696
0.698
0.701
0.704
0.708
0.712
0.717
0.723
0.729
0.735
0.743
0.751
0.759
0.768
0.778
0.789
0.8
0.812
0.825
0.838
0.852
0.867
0.882
0.898
0.915
0.932
0.95
0.968
0.987
1.007
1.027
1.048
1.07
1.092
1.114
1.137
1.161
1.185
1.21
1.235
1.261
1.287
1.314
1.341
1.368
1.396
1.425
1.453
1.483
1.512
1.543
1.573
1.604
1.635
1.667
1.699
1.731
1.764
1.796
1.83
1.863
1.897
1.931
1.966
2.0
2.035
2.071
2.106
2.142
2.178
2.214
2.25
2.287
2.323
2.36
2.397
2.434
2.472
2.509
2.547
2.585
2.623
2.66
2.699
2.737
2.775
2.813
2.851
2.89
2.928
2.967
3.005
3.043
3.082
3.12
3.159
3.197
3.235
3.274
3.312
3.35
3.388
3.426
3.464
3.502
3.54
3.577
3.614
3.652
3.689
3.726
3.763
3.799
3.836
3.872
3.908
3.944
3.979
4.015
4.05
4.085
4.119
4.153
4.188
4.221
4.255
4.288
4.321
4.353
4.385
4.417
4.448
4.479
4.51
4.54
4.57
4.6
4.629
4.657
4.686
4.713
4.741
4.768
4.794
4.82
4.845
4.87
4.895
4.919
4.942
4.965
4.987
5.009
5.03
5.051
5.071
5.09
5.109
5.127
5.145
5.162
5.178
5.194
5.209
5.223
5.237
5.25
5.262
5.274
5.285
5.295
5.304
5.313
5.321
5.328
5.335
5.34
5.345
5.349
5.352
5.355
5.356
5.357
5.357
5.356
5.354
5.352
5.348
5.344
5.338
5.332
5.325
5.317
5.308
5.298
5.287
5.275
5.262
5.248
5.234
5.218
5.201
5.183
5.164
5.144
5.123
5.101
5.078
5.054
5.028
5.002
4.974
4.946
4.916
4.885
4.853
4.82
4.786
4.75
4.713
4.676
4.636
4.596
4.555
4.512
4.468
4.423
4.376
4.329
4.279
4.229
4.178
4.125
4.07
4.015
3.958
3.9
3.84
3.779
3.717
3.654
3.588
3.522
3.454
3.385
3.314
3.242
3.169
3.094
3.017
2.939
2.86
2.779
2.696
2.612
2.527
2.44
2.352
2.262
2.17
2.077
1.982
1.886
1.788
1.688
1.587
1.484
1.38
1.274
1.166
1.057
0.946
0.833
0.72
0.609
0.504
0.411
0.333
0.274
0.233
0.208
0.197
0.199
0.212
0.234
0.265
0.301
0.341
0.384
0.428
0.471
0.511
0.547
0.577
0.6
0.614
0.619
0.616
0.606
0.59
0.568
0.542
0.511
0.478
0.442
0.405
0.367
0.329
0.291
0.255
0.221
0.191
0.164
0.142
0.125
0.115
0.111
0.115
0.126
0.143
0.165
0.192
0.223
0.257
0.293
0.331
0.369
0.407
0.444
0.48
0.514
0.547
0.578
0.607
0.635
0.662
0.687
0.71
0.732
0.753
0.772
0.79
0.807
0.823
0.837
0.85
0.861
0.872
0.882
0.89
0.897
0.903
0.908
0.913
0.916
0.918
0.919
0.92
0.919
0.918
0.915
0.913
0.909
0.904
0.899
0.893
0.887
0.88
0.872
0.863
0.855
0.845
0.835
0.825
0.814
0.803
0.791
0.779
0.767
0.754
0.741
0.728
0.715
0.701
0.687
0.673
0.659
0.645
0.631
0.617
0.603
0.588
0.574
0.56
0.546
0.532
0.518
0.505
0.491
0.478
0.465
0.453
0.441
0.429
0.417
0.406
0.395
0.384
0.374
0.364
0.354
0.345
0.336
0.327
0.318
0.31
0.302
0.294
0.286
0.278
0.27
0.263
0.256
0.249
0.242
0.235
0.228
0.222
0.216
0.21
0.204
0.198
0.192
0.187
0.181
0.176
0.171
0.167
0.162
0.157
0.153
0.149
0.145
0.141
0.137
0.134
0.13
0.127
0.124
0.121
0.119
0.116
0.114
0.111
0.109
0.107
0.106
0.104
0.103
0.101
0.1
0.099
0.099
0.098
0.098
0.097
0.097
0.097
0.098
0.098
0.099
0.099
0.1
0.101
0.102
0.104
0.105
0.107
0.109
0.111
0.113
0.115
0.118
0.121
0.123
0.126
0.13
0.133
0.137
0.14
0.144
0.148
0.152
0.157
0.161
0.166
0.171
0.176
0.181
0.186
0.192
0.197
0.203
0.209
0.215
0.221
0.228
0.235
0.241
0.248
0.256
0.263
0.27
0.278
0.286
0.294
0.302
0.31
0.319
0.327
0.336
0.345
0.354
0.364
0.373
0.383
0.393
0.403
0.413
0.423
0.434
0.444
0.455
0.466
0.477
0.489
0.5
0.512
0.523
0.535
0.547
0.559
0.571
0.583
0.595
0.606
0.618
0.629
0.64
0.651
0.661
0.671
0.681
0.69
0.699
0.707
0.715
0.722
0.728
0.734
0.739
0.743
0.747
0.749
0.751
0.752
0.752
0.751
0.749
0.746
0.742
0.737
0.731
0.723
0.714
0.704
0.693
0.681
0.668
0.654
0.639
0.624
0.608
0.592
0.575
0.559
0.542
0.526
0.509
0.493
0.478
0.463
0.449
0.435
0.422
0.411
0.4
0.391
0.383
0.376
0.371
0.368
0.366
0.367
0.369
0.374
0.38
0.389
0.401
0.415
0.432
0.452
0.474
0.5
0.529
0.559
0.591
0.622
0.653
0.681
0.706
0.726
0.742
0.75
0.751
0.745
0.733
0.714
0.69
0.662
0.629
0.592
0.551
0.509
0.464
0.417
0.369
0.321
0.273
0.225
0.178
0.131
0.085
0.04
-0.005
-0.05
-0.094
-0.137
-0.18
-0.222
-0.264
-0.305
-0.345
-0.385
-0.425
-0.463
-0.502
-0.54
-0.577
-0.613
-0.65
-0.685
-0.72
-0.755
-0.789
-0.822
-0.855
-0.888
-0.92
-0.951
-0.982
-1.012
-1.042
-1.071
-1.1
-1.128
-1.155
-1.182
-1.209
-1.235
-1.261
-1.286
-1.31
-1.334
-1.358
-1.381
-1.403
-1.425
-1.446
-1.467
-1.488
-1.507
-1.527
-1.546
-1.564
-1.582
-1.599
-1.616
-1.632
-1.648
-1.663
-1.678
-1.693
-1.706
-1.72
-1.733
-1.745
-1.757
-1.768
-1.779
-1.789
-1.799
-1.809
-1.818
-1.826
-1.834
-1.841
-1.848
-1.855
-1.861
-1.866
-1.871
-1.876
-1.88
-1.884
-1.887
-1.889
-1.892
-1.893
-1.894
-1.895
-1.896
-1.895
-1.895
-1.894
-1.892
-1.89
-1.888
-1.885
-1.881
-1.877
-1.873
-1.868
-1.863
-1.857
-1.851
-1.845
-1.837
-1.83
-1.822
-1.814
-1.805
-1.795
-1.786
-1.775
-1.765
-1.754
-1.742
-1.73
-1.718
-1.705
-1.692
-1.678
-1.664
-1.649
-1.634
-1.619
-1.603
-1.586
-1.57
-1.553
-1.535
-1.517
-1.498
-1.48
-1.46
-1.44
-1.42
-1.4
-1.379
-1.357
-1.335
-1.313
-1.291
-1.267
-1.244
-1.22
-1.196
-1.171
-1.146
-1.12
-1.094
-1.068
-1.041
-1.014
-0.987
-0.959
-0.93
-0.901
-0.872
-0.843
-0.813
-0.782
-0.752
-0.72
-0.689
-0.657
-0.625
-0.592
-0.559
-0.525
-0.491
-0.457
-0.422
-0.387
-0.352
-0.316
-0.28
-0.243
-0.206
-0.169
-0.131
-0.093
-0.055
-0.016
0.023
0.063
0.103
0.143
0.183
0.224
0.265
0.306
0.346
0.386
0.425
0.463
0.5
0.536
0.57
0.603
0.634
0.663
0.69
0.714
0.736
0.756
0.773
0.788
0.801
0.812
0.821
0.828
0.833
0.837
0.839
0.84
0.84
0.838
0.835
0.831
0.826
0.821
0.814
0.807
0.8
0.792
0.784
0.776
0.767
0.758
0.75
0.742
0.734
0.726
0.718
0.71
0.703
0.696
0.689
0.682
0.675
0.668
0.662
0.656
0.65
0.644
0.638
0.632
0.627
0.622
0.616
0.611
0.607
0.602
0.597
0.593
0.588
0.584
0.58
0.576
0.572
0.569
0.565
0.562
0.558
0.555
0.552
0.549
0.546
0.543
0.541
0.538
0.536
0.533
0.531
0.529
0.527
0.525
0.523
0.521
0.52
0.518
0.517
0.515
0.514
0.512
0.511
0.51
0.509
0.508
0.507
0.506
0.505
0.505
0.504
0.503
0.503
0.502
0.502
0.501
0.501
0.501
0.5
0.5
0.5
0.5
0.5
0.5
0.5
0.5
0.501
0.502
0.503
0.504
0.505
0.506
0.507
0.509
0.51
0.512
0.513
0.515
0.517
0.518
0.52
0.522
0.523
0.525
0.526
0.528
0.529
0.53
0.531
0.532
0.533
0.534
0.535
0.535
0.535
0.535
0.535
0.534
0.533
0.532
0.531
0.529
0.528
0.525
0.523
0.52
0.517
0.513
0.509
0.505
0.5
0.495
0.489
0.484
0.478
0.472
0.466
0.461
0.456
0.452
0.448
0.444
0.442
0.44
0.44
0.44
0.442
0.446
0.45
0.457
0.465
0.474
0.486
0.5
0.516
0.534
0.553
0.574
0.597
0.621
0.645
0.671
0.697
0.723
0.75
0.777
0.803
0.829
0.854
0.879
0.903
0.925
0.947
0.966
0.984
1.0
1.014
1.026
1.035
1.043
1.049
1.053
1.055
1.055
1.054
1.051
1.047
1.041
1.033
1.024
1.014
1.002
0.99
0.976
0.961
0.944
0.927
0.909
0.89
0.87
0.849
0.828
0.806
0.783
0.76
0.736
0.712
0.687
0.663
0.637
0.612
0.586
0.561
0.535
0.509
0.483
0.458
0.432
0.407
0.382
0.358
0.333
0.31
0.286
0.263
0.241
0.219
0.198
0.177
0.156
0.136
0.117
0.097
0.079
0.061
0.043
0.026
0.009
-0.007
-0.023
-0.039
-0.053
-0.068
-0.082
-0.095
-0.108
-0.121
-0.133
-0.144
-0.155
-0.166
-0.176
-0.185
-0.194
-0.203
-0.211
-0.218
-0.225
-0.232
-0.238
-0.244
-0.249
-0.253
-0.257
-0.261
-0.264
-0.266
-0.268
-0.27
-0.271
-0.271
-0.271
-0.271
-0.27
-0.268
-0.266
-0.263
-0.26
-0.256
-0.252
-0.247
-0.242
-0.236
-0.23
-0.223
-0.216
-0.208
-0.199
-0.19
-0.181
-0.171
-0.16
-0.149
-0.137
-0.125
-0.112
-0.099
-0.085
-0.07
-0.055
-0.04
-0.024
-0.007
0.01
0.028
0.046
0.065
0.085
0.105
0.125
0.146
0.168
0.19
0.213
0.237
0.261
0.285
0.31
0.336
0.362
0.389
0.417
0.445
0.473
0.502
0.532
0.563
0.593
0.625
0.657
0.689
0.721
0.752
0.781
0.809
0.834
0.856
0.875
0.89
0.902
0.91
0.914
0.916
0.914
0.91
0.904
0.895
0.884
0.871
0.857
0.84
0.823
0.804
0.785
0.765
0.744
0.723
0.701
0.68
0.659
0.639
0.619
0.6
0.581
0.565
0.549
0.535
0.523
0.513
0.505
0.5
0.497
0.496
0.497
0.498
0.5
0.502
0.503
0.505
0.507
0.509
0.512
0.515
0.518
0.523
0.528
0.534
0.542
0.55
0.56
0.571
0.584
0.599
0.615
0.632
0.65
0.67
0.691
0.714
0.737
0.761
0.786
0.813
0.84
0.867
0.896
0.925
0.955
0.985
1.016
1.047
1.078
1.11
1.142
1.174
1.206
1.238
1.27
1.302
1.334
1.366
1.397
1.428
1.459
1.489
1.519
1.548
1.576
1.604
1.631
1.657
1.682
1.706
1.73
1.752
1.773
1.792
1.811
1.828
1.844
1.858
1.871
1.882
1.892
1.9
1.906
1.91
1.913
1.913
1.911
1.908
1.902
1.894
1.884
1.871
1.856
1.839
1.819
1.797
1.772
1.744
1.713
1.68
1.644
1.605
1.562
1.517
1.469
1.417
1.363
1.305
1.243
1.178
1.11
1.038
0.962
0.883
0.8
0.714
0.625
0.537
0.45
0.368
0.291
0.222
0.162
0.112
0.07
0.036
0.011
-0.007
-0.018
-0.023
-0.021
-0.013
-0.001
0.017
0.039
0.066
0.096
0.129
0.165
0.203
0.243
0.285
0.327
0.371
0.414
0.457
0.5
0.542
0.582
0.622
0.66
0.697
0.734
0.769
0.803
0.836
0.869
0.9
0.93
0.96
0.988
1.016
1.042
1.068
1.092
1.116
1.139
1.161
1.182
1.203
1.222
1.241
1.259
1.276
1.292
1.307
1.322
1.336
1.349
1.361
1.373
1.383
1.394
1.403
1.412
1.42
1.427
1.434
1.44
1.445
1.45
1.454
1.458
1.461
1.463
1.465
1.466
1.466
1.466
1.466
1.465
1.463
1.461
1.459
1.456
1.452
1.448
1.444
1.439
1.433
1.428
1.421
1.415
1.408
1.4
1.393
1.385
1.376
1.367
1.358
1.349
1.339
1.329
1.318
1.308
1.297
1.286
1.274
1.263
1.251
1.239
1.226
1.214
1.201
1.188
1.175
1.162
1.149
1.135
1.122
1.108
1.094
1.081
1.067
1.053
1.039
1.024
1.01
0.996
0.982
0.968
0.953
0.939
0.925
0.911
0.897
0.883
0.869
0.855
0.841
0.828
0.814
0.8
0.787
0.774
0.761
0.748
0.735
0.723
0.71
0.698
0.686
0.675
0.663
0.652
0.641
0.63
0.62
0.61
0.6
0.59
0.581
0.572
0.564
0.555
0.547
0.54
0.532
0.525
0.518
0.511
0.505
0.499
0.493
0.487
0.482
0.476
0.471
0.467
0.462
0.458
0.454
0.45
0.446
0.443
0.439
0.436
0.433
0.431
0.428
0.426
0.423
0.421
0.419
0.418
0.416
0.415
0.413
0.412
0.411
0.41
0.409
0.408
0.408
0.407
0.407
0.407
0.406
0.406
0.406
0.406
0.406
0.407
0.407
0.407
0.408
0.408
0.408
0.409
0.409
0.41
0.411
0.411
0.412
0.413
0.413
0.414
0.415
0.415
0.416
0.417
0.417
0.418
0.418
0.419
0.419
0.42
0.42
0.421
0.421
0.421
0.421
0.422
0.422
0.422
0.421
0.421
0.421
0.421
0.42
0.419
0.419
0.418
0.417
0.416
0.415
0.413
0.412
0.41
0.409
0.407
0.405
0.402
0.4
0.397
0.395
0.392
0.389
0.386
0.383
0.38
0.376
0.373
0.37
0.367
0.363
0.36
0.357
0.354
0.351
0.348
0.346
0.343
0.341
0.339
0.337
0.336
0.334
0.333
0.332
0.332
0.332
0.332
0.332
0.333
0.335
0.336
0.338
0.341
0.344
0.347
0.35
0.354
0.358
0.362
0.367
0.371
0.376
0.381
0.387
0.392
0.398
0.403
0.409
0.415
0.421
0.427
0.433
0.439
0.445
0.452
0.458
0.464
0.47
0.476
0.482
0.487
0.493
0.499
0.504
0.509
0.514
0.519
0.524
0.528
0.532
0.536
0.54
0.543
0.546
0.549
0.551
0.553
0.555
0.556
0.557
0.557
0.557
0.556
0.555
0.554
0.552
0.549
0.546
0.542
0.538
0.533
0.528
0.522
0.515
0.508
0.5
0.491
0.482
0.473
0.463
0.453
0.443
0.433
0.423
0.414
0.405
0.397
0.389
0.383
0.378
0.373
0.37
0.369
0.369
0.371
0.375
0.381
0.388
0.398
0.409
0.421
0.435
0.45
0.466
0.483
0.501
0.52
0.539
0.559
0.579
0.599
0.619
0.64
0.66
0.68
0.699
0.718
0.736
0.753
0.77
0.785
0.799
0.812
0.823
0.833
0.841
0.847
0.852
0.854
0.854
0.851
0.847
0.839
0.829
0.816
0.8
0.781
0.759
0.735
0.709
0.681
0.652
0.622
0.591
0.561
0.53
0.5
0.471
0.442
0.415
0.388
0.363
0.338
0.314
0.291
0.268
0.247
0.226
0.206
0.187
0.168
0.151
0.134
0.118
0.102
0.088
0.074
0.061
0.048
0.036
0.025
0.015
0.005
-0.004
-0.013
-0.02
-0.028
-0.034
-0.04
-0.045
-0.05
-0.054
-0.058
-0.061
-0.063
-0.065
-0.066
-0.067
-0.068
-0.067
-0.067
-0.065
-0.064
-0.062
-0.059
-0.056
-0.052
-0.048
-0.044
-0.039
-0.034
-0.028
-0.022
-0.015
-0.008
-0.001
0.006
0.014
0.022
0.031
0.04
0.049
0.059
0.069
0.079
0.089
0.1
0.111
0.122
0.133
0.145
0.157
0.169
0.181
0.194
0.206
0.219
0.232
0.245
0.259
0.272
0.286
0.299
0.313
0.327
0.341
0.355
0.369
0.384
0.398
0.412
0.427
0.441
0.456
0.47
0.485
0.499
0.513
0.528
0.542
0.556
0.571
0.585
0.599
0.613
0.627
0.641
0.654
0.668
0.681
0.695
0.708
0.721
0.734
0.746
0.759
0.771
0.783
0.795
0.807
0.818
0.829
0.84
0.851
0.861
0.871
0.881
0.89
0.899
0.908
0.917
0.925
0.933
0.94
0.947
0.954
0.96
0.966
0.972
0.977
0.982
0.986
0.99
0.993
0.996
0.999
1.001
1.002
1.003
1.003
1.003
1.003
1.002
1.0
0.998
0.995
0.992
0.988
0.984
0.979
0.974
0.969
0.963
0.956
0.95
0.943
0.936
0.928
0.92
0.912
0.904
0.895
0.887
0.878
0.869
0.86
0.851
0.842
0.832
0.823
0.814
0.805
0.795
0.786
0.777
0.768
0.759
0.75
0.741
0.733
0.724
0.716
0.708
0.7
0.692
0.685
0.677
0.67
0.662
0.655
0.648
0.641
0.634
0.627
0.62
0.613
0.607
0.6
0.593
0.587
0.581
0.574
0.568
0.562
0.555
0.549
0.543
0.537
0.531
0.524
0.518
0.512
0.506
0.5
0.494
0.488
0.482
0.475
0.469
0.463
0.457
0.451
0.444
0.438
0.432
0.426
0.42
0.413
0.407
0.401
0.395
0.389
0.382
0.376
0.37
0.364
0.357
0.351
0.345
0.339
0.332
0.326
0.32
0.314
0.308
0.301
0.295
0.289
0.283
0.276
0.27
0.264
0.258
0.252
0.246
0.239
0.233
0.227
0.221
0.215
0.209
0.203
0.197
0.191
0.185
0.179
0.172
0.166
0.16
0.154
0.148
0.143
0.137
0.131
0.125
0.119
0.113
0.107
0.101
0.095
0.09
0.084
0.078
0.072
0.067
0.061
0.055
0.05
0.044
0.038
0.033
0.027
0.022
0.016
0.011
0.005
-0.0
-0.006
-0.011
-0.016
-0.022
-0.027
-0.032
-0.037
-0.043
-0.048
-0.053
-0.058
-0.063
-0.068
-0.073
-0.078
-0.083
-0.088
-0.093
-0.098
-0.103
-0.107
-0.112
-0.117
-0.122
-0.126
-0.131
-0.135
-0.14
-0.144
-0.149
-0.153
-0.158
-0.162
-0.166
-0.17
-0.175
-0.179
-0.183
-0.187
-0.191
-0.195
-0.199
-0.203
-0.207
-0.211
-0.214
-0.218
-0.222
-0.225
-0.229
-0.232
-0.236
-0.239
-0.243
-0.246
-0.249
-0.252
-0.256
-0.259
-0.262
-0.265
-0.268
-0.271
-0.273
-0.276
-0.279
-0.282
-0.284
-0.287
-0.289
-0.292
-0.294
-0.297
-0.299
-0.301
-0.303
-0.305
-0.307
-0.309
-0.311
-0.313
-0.315
-0.317
-0.318
-0.32
-0.322
-0.323
-0.324
-0.326
-0.327
-0.328
-0.329
-0.331
-0.332
-0.332
-0.333
-0.334
-0.335
-0.336
-0.336
-0.337
-0.337
-0.338
-0.338
-0.338
-0.338
-0.338
-0.339
-0.338
-0.338
-0.338
-0.338
-0.338
-0.337
-0.337
-0.336
-0.335
-0.335
-0.334
-0.333
-0.332
-0.331
-0.33
-0.329
-0.327
-0.326
-0.325
-0.323
-0.321
-0.32
-0.318
-0.316
-0.314
-0.312
-0.31
-0.308
-0.306
-0.303
-0.301
-0.298
-0.296
-0.293
-0.29
-0.287
-0.284
-0.281
-0.278
-0.275
-0.271
-0.268
-0.264
-0.261
-0.257
-0.253
-0.249
-0.245
-0.241
-0.237
-0.233
-0.228
-0.224
-0.219
-0.214
-0.21
-0.205
-0.2
-0.195
-0.19
-0.184
-0.179
-0.174
-0.168
-0.162
-0.156
-0.151
-0.145
-0.139
-0.132
-0.126
-0.12
-0.113
-0.107
-0.1
-0.093
-0.086
-0.079
-0.072
-0.065
-0.057
-0.05
-0.042
-0.035
-0.027
-0.019
-0.011
-0.003
0.006
0.014
0.022
0.031
0.04
0.049
0.057
0.067
0.076
0.085
0.094
0.104
0.113
0.123
0.133
0.143
0.153
0.163
0.174
0.184
0.195
0.206
0.216
0.227
0.238
0.25
0.261
0.272
0.284
0.296
0.307
0.319
0.331
0.344
0.356
0.368
0.381
0.394
0.407
0.419
0.433
0.446
0.459
0.473
0.486
0.5
0.514
0.528
0.542
0.556
0.57
0.584
0.599
0.613
0.627
0.641
0.655
0.669
0.682
0.696
0.709
0.722
0.735
0.747
0.76
0.771
0.783
0.794
0.805
0.816
0.826
0.835
0.844
0.853
0.861
0.868
0.875
0.882
0.887
0.892
0.897
0.9
0.903
0.906
0.907
0.908
0.908
0.907
0.905
0.902
0.899
0.894
0.889
0.882
0.875
0.867
0.857
0.847
0.835
0.823
0.81
0.797
0.784
0.77
0.757
0.744
0.731
0.719
0.707
0.696
0.687
0.678
0.671
0.666
0.662
0.66
0.66
0.662
0.667
0.674
0.683
0.695
0.709
0.725
0.744
0.764
0.787
0.811
0.837
0.866
0.895
0.927
0.96
0.995
1.031
1.068
1.107
1.147
1.188
1.23
1.273
1.318
1.363
1.409
1.455
1.503
1.551
1.599
1.648
1.697
1.747
1.797
1.847
1.897
1.947
1.998
2.048
2.098
2.147
2.197
2.246
2.295
2.343
2.39
2.437
2.483
2.528
2.573
2.616
2.659
2.7
2.741
2.78
2.817
2.854
2.889
2.922
2.954
2.984
3.013
3.04
3.065
3.088
3.109
3.128
3.145
3.159
3.172
3.182
3.189
3.194
3.197
3.197
3.194
3.189
3.18
3.169
3.155
3.138
3.117
3.094
3.067
3.037
3.004
2.967
2.926
2.882
2.834
2.783
2.728
2.668
2.605
2.538
2.467
2.391
2.312
2.228
2.139
2.047
1.949
1.847
1.741
1.63
1.514
1.393
1.267
1.136
1.0
0.86
0.725
0.602
0.5
0.427
0.379
0.351
0.337
0.333
0.335
0.34
0.348
0.36
0.374
0.391
0.41
0.431
0.453
0.476
0.5
0.524
0.549
0.573
0.598
0.623
0.647
0.672
0.697
0.721
0.745
0.769
0.793
0.816
0.839
0.861
0.882
0.903
0.923
0.943
0.961
0.979
0.996
1.011
1.026
1.04
1.052
1.063
1.073
1.081
1.088
1.093
1.097
1.099
1.1
1.099
1.096
1.091
1.084
1.075
1.065
1.052
1.037
1.02
1.0
0.978
0.954
0.929
0.901
0.872
0.842
0.812
0.78
0.748
0.716
0.684
0.652
0.62
0.59
0.56
0.532
0.505
0.479
0.456
0.435
0.416
0.4
0.387
0.376
0.368
0.363
0.36
0.36
0.362
0.366
0.372
0.38
0.39
0.402
0.416
0.431
0.448
0.466
0.485
0.506
0.528
0.55
0.574
0.599
0.624
0.65
0.676
0.703
0.73
0.758
0.786
0.813
0.841
0.868
0.896
0.922
0.949
0.975
1.0
1.025
1.048
1.071
1.094
1.116
1.136
1.157
1.176
1.195
1.214
1.231
1.248
1.264
1.28
1.295
1.309
1.323
1.336
1.348
1.36
1.372
1.382
1.392
1.402
1.411
1.419
1.427
1.434
1.441
1.447
1.453
1.458
1.463
1.467
1.47
1.473
1.476
1.478
1.48
1.481
1.481
1.482
1.481
1.481
1.48
1.478
1.476
1.474
1.471
1.468
1.464
1.46
1.456
1.451
1.446
1.44
1.435
1.428
1.422
1.415
1.408
1.4
1.392
1.384
1.376
1.367
1.358
1.349
1.339
1.329
1.319
1.308
1.298
1.287
1.276
1.264
1.253
1.241
1.229
1.217
1.204
1.192
1.179
1.166
1.153
1.139
1.126
1.112
1.098
1.084
1.07
1.056
1.042
1.028
1.013
0.999
0.984
0.969
0.954
0.939
0.924
0.909
0.894
0.879
0.864
0.849
0.834
0.818
0.803
0.788
0.773
0.757
0.742
0.727
0.712
0.697
0.682
0.667
0.652
0.637
0.622
0.607
0.593
0.578
0.564
0.55
0.536
0.522
0.509
0.496
0.483
0.47
0.458
0.446
0.434
0.423
0.412
0.401
0.391
0.381
0.371
0.362
0.354
0.346
0.338
0.331
0.325
0.319
0.314
0.309
0.305
0.301
0.298
0.296
0.294
0.293
0.293
0.294
0.295
0.297
0.3
0.303
0.307
0.313
0.319
0.325
0.333
0.342
0.351
0.362
0.373
0.385
0.399
0.413
0.428
0.444
0.462
0.48
0.499
0.518
0.537
0.556
0.574
0.593
0.61
0.626
0.641
0.655
0.667
0.677
0.685
0.691
0.696
0.699
0.7
0.7
0.699
0.697
0.693
0.688
0.683
0.676
0.669
0.661
0.653
0.644
0.634
0.624
0.614
0.604
0.594
0.584
0.574
0.564
0.554
0.545
0.537
0.529
0.521
0.515
0.509
0.504
0.5
0.497
0.496
0.495
0.495
0.496
0.498
0.5
0.503
0.506
0.51
0.515
0.519
0.524
0.529
0.534
0.539
0.544
0.549
0.554
0.558
0.562
0.566
0.569
0.571
0.573
0.574
0.574
0.573
0.571
0.569
0.565
0.56
0.553
0.546
0.536
0.526
0.514
0.5
