0.0
0.003
0.006
0.008
0.011
0.014
0.016
0.019
0.022
0.024
0.027
0.029
0.032
0.034
0.036
0.039
0.041
0.043
0.046
0.048
0.05
0.052
0.054
0.056
0.059
0.061
0.063
0.065
0.066
0.068
0.07
0.072
0.074
0.076
0.077
0.079
0.081
0.083
0.084
0.086
0.087
0.089
0.09
0.092
0.093
0.095
0.096
0.098
0.099
0.1
0.102
0.103
0.104
0.105
0.107
0.108
0.109
0.11
0.111
0.112
0.113
0.114
0.115
0.116
0.117
0.118
0.119
0.12
0.121
0.122
0.123
0.123
0.124
0.125
0.126
0.126
0.127
0.128
0.128
0.129
0.129
0.13
0.131
0.131
0.132
0.132
0.133
0.133
0.134
0.134
0.134
0.135
0.135
0.136
0.136
0.136
0.136
0.137
0.137
0.137
0.137
0.138
0.138
0.138
0.138
0.138
0.138
0.139
0.139
0.139
0.139
0.139
0.139
0.139
0.139
0.139
0.139
0.139
0.139
0.139
0.139
0.139
0.139
0.138
0.138
0.138
0.138
0.138
0.138
0.137
0.137
0.137
0.137
0.137
0.136
0.136
0.136
0.136
0.135
0.135
0.135
0.135
0.134
0.134
0.134
0.133
0.133
0.133
0.132
0.132
0.131
0.131
0.131
0.13
0.13
0.129
0.129
0.129
0.128
0.128
0.127
0.127
0.126
0.126
0.125
0.125
0.125
0.124
0.124
0.123
0.123
0.122
0.122
0.121
0.121
0.12
0.12
0.119
0.119
0.118
0.118
0.117
0.117
0.116
0.116
0.115
0.115
0.114
0.114
0.113
0.113
0.112
0.112
0.111
0.11
0.11
0.109
0.109
0.108
0.108
0.107
0.107
0.106
0.106
0.105
0.105
0.105
0.104
0.104
0.103
0.103
0.102
0.102
0.101
0.101
0.1
0.1
0.1
0.099
0.099
0.098
0.098
0.097
0.097
0.097
0.096
0.096
0.096
0.095
0.095
0.094
0.094
0.094
0.094
0.093
0.093
0.093
0.092
0.092
0.092
0.092
0.091
0.091
0.091
0.091
0.09
0.09
0.09
0.09
0.09
0.09
0.09
0.089
0.089
0.089
0.089
0.089
0.089
0.089
0.089
0.089
0.089
0.089
0.089
0.089
0.089
0.089
0.089
0.089
0.089
0.09
0.09
0.09
0.09
0.09
0.091
0.091
0.091
0.091
0.092
0.092
0.092
0.093
0.093
0.093
0.094
0.094
0.094
0.095
0.095
0.096
0.096
0.097
0.097
0.098
0.099
0.099
0.1
0.101
0.101
0.102
0.103
0.103
0.104
0.105
0.106
0.107
0.107
0.108
0.109
0.11
0.111
0.112
0.113
0.114
0.115
0.116
0.117
0.118
0.119
0.121
0.122
0.123
0.124
0.126
0.127
0.128
0.13
0.131
0.132
0.134
0.135
0.137
0.138
0.14
0.141
0.143
0.144
0.146
0.148
0.15
0.151
0.153
0.155
0.157
0.158
0.16
0.162
0.164
0.166
0.168
0.17
0.172
0.174
0.176
0.178
0.18
0.183
0.185
0.187
0.189
0.191
0.194
0.196
0.198
0.2
0.203
0.205
0.207
0.21
0.212
0.215
0.217
0.22
0.222
0.225
0.227
0.23
0.232
0.235
0.237
0.24
0.243
0.245
0.248
0.251
0.253
0.256
0.259
0.261
0.264
0.267
0.27
0.272
0.275
0.278
0.281
0.284
0.287
0.289
0.292
0.295
0.298
0.301
0.304
0.307
0.31
0.313
0.316
0.319
0.322
0.324
0.327
0.33
0.333
0.336
0.339
0.342
0.345
0.349
0.352
0.355
0.358
0.361
0.364
0.367
0.37
0.373
0.376
0.379
0.382
0.385
0.388
0.391
0.394
0.398
0.401
0.404
0.407
0.41
0.413
0.416
0.419
0.422
0.425
0.428
0.431
0.435
0.438
0.441
0.444
0.447
0.45
0.453
0.456
0.459
0.462
0.465
0.468
0.471
0.474
0.477
0.48
0.483
0.486
0.489
0.492
0.495
0.498
0.501
0.504
0.507
0.51
0.513
0.516
0.519
0.522
0.525
0.528
0.531
0.533
0.536
0.539
0.542
0.545
0.548
0.55
0.553
0.556
0.559
0.562
0.564
0.567
0.57
0.572
0.575
0.578
0.58
0.583
0.586
0.588
0.591
0.593
0.596
0.598
0.601
0.603
0.606
0.608
0.611
0.613
0.616
0.618
0.62
0.623
0.625
0.627
0.63
0.632
0.634
0.636
0.638
0.641
0.643
0.645
0.647
0.649
0.651
0.653
0.655
0.657
0.659
0.661
0.663
0.665
0.667
0.668
0.67
0.672
0.674
0.675
0.677
0.679
0.68
0.682
0.684
0.685
0.687
0.688
0.69
0.691
0.692
0.694
0.695
0.696
0.698
0.699
0.7
0.701
0.702
0.704
0.705
0.706
0.707
0.708
0.709
0.709
0.71
0.711
0.712
0.713
0.714
0.714
0.715
0.715
0.716
0.717
0.717
0.718
0.718
0.718
0.719
0.719
0.719
0.72
0.72
0.72
0.72
0.72
0.72
0.72
0.72
0.72
0.72
0.72
0.72
0.719
0.719
0.719
0.718
0.718
0.717
0.717
0.716
0.716
0.715
0.714
0.714
0.713
0.712
0.711
0.71
0.709
0.708
0.707
0.706
0.705
0.704
0.702
0.701
0.7
0.699
0.697
0.696
0.694
0.693
0.692
0.69
0.688
0.687
0.685
0.684
0.682
0.68
0.678
0.677
0.675
0.673
0.671
0.669
0.667
0.666
0.664
0.662
0.66
0.658
0.656
0.654
0.651
0.649
0.647
0.645
0.643
0.641
0.639
0.636
0.634
0.632
0.63
0.628
0.625
0.623
0.621
0.619
0.616
0.614
0.612
0.609
0.607
0.605
0.602
0.6
0.598
0.595
0.593
0.591
0.588
0.586
0.584
0.581
0.579
0.576
0.574
0.572
0.569
0.567
0.565
0.562
0.56
0.558
0.556
0.553
0.551
0.549
0.546
0.544
0.542
0.54
0.537
0.535
0.533
0.531
0.529
0.526
0.524
0.522
0.52
0.518
0.516
0.514
0.512
0.51
0.508
0.505
0.503
0.501
0.499
0.497
0.495
0.494
0.492
0.49
0.488
0.486
0.484
0.482
0.48
0.479
0.477
0.475
0.473
0.472
0.47
0.468
0.466
0.465
0.463
0.462
0.46
0.458
0.457
0.455
0.454
0.452
0.451
0.449
0.448
0.447
0.445
0.444
0.443
0.441
0.44
0.439
0.438
0.436
0.435
0.434
0.433
0.432
0.431
0.43
0.429
0.428
0.427
0.426
0.425
0.424
0.424
0.423
0.422
0.421
0.421
0.42
0.419
0.419
0.418
0.418
0.417
0.417
0.416
0.416
0.415
0.415
0.415
0.414
0.414
0.414
0.414
0.414
0.414
0.413
0.413
0.413
0.413
0.414
0.414
0.414
0.414
0.414
0.415
0.415
0.415
0.416
0.416
0.416
0.417
0.418
0.418
0.419
0.419
0.42
0.421
0.422
0.423
0.423
0.424
0.425
0.426
0.427
0.429
0.43
0.431
0.432
0.433
0.435
0.436
0.437
0.439
0.44
0.442
0.444
0.445
0.447
0.449
0.45
0.452
0.454
0.456
0.458
0.46
0.462
0.464
0.467
0.469
0.471
0.473
0.476
0.478
0.481
0.483
0.486
0.489
0.491
0.494
0.497
0.5
0.503
0.506
0.509
0.512
0.515
0.518
0.521
0.525
0.528
0.531
0.535
0.538
0.542
0.546
0.549
0.553
0.557
0.561
0.565
0.569
0.573
0.577
0.581
0.585
0.59
0.594
0.599
0.603
0.608
0.612
0.617
0.622
0.626
0.631
0.636
0.641
0.646
0.651
0.657
0.662
0.667
0.673
0.678
0.684
0.689
0.695
0.701
0.706
0.712
0.718
0.724
0.73
0.736
0.742
0.749
0.755
0.761
0.768
0.774
0.781
0.788
0.794
0.801
0.808
0.815
0.822
0.829
0.837
0.844
0.851
0.859
0.866
0.874
0.881
0.889
0.897
0.905
0.912
0.92
0.928
0.937
0.945
0.953
0.961
0.97
0.978
0.987
0.995
1.004
1.012
1.021
1.03
1.038
1.047
1.056
1.065
1.073
1.082
1.091
1.1
1.109
1.118
1.127
1.136
1.145
1.154
1.163
1.172
1.181
1.19
1.199
1.208
1.217
1.226
1.235
1.244
1.253
1.262
1.271
1.28
1.289
1.297
1.306
1.315
1.324
1.332
1.341
1.35
1.358
1.367
1.375
1.384
1.392
1.401
1.409
1.417
1.425
1.434
1.442
1.45
1.458
1.465
1.473
1.481
1.489
1.496
1.504
1.511
1.518
1.525
1.533
1.54
1.547
1.553
1.56
1.567
1.573
1.58
1.586
1.592
1.598
1.604
1.61
1.616
1.622
1.627
1.633
1.638
1.643
1.648
1.653
1.657
1.662
1.666
1.671
1.675
1.679
1.683
1.687
1.69
1.693
1.697
1.7
1.703
1.705
1.708
1.71
1.713
1.715
1.717
1.718
1.72
1.721
1.722
1.723
1.724
1.725
1.725
1.725
1.725
1.725
1.725
1.724
1.723
1.722
1.721
1.72
1.718
1.716
1.714
1.712
1.709
1.706
1.703
1.7
1.697
1.693
1.689
1.685
1.68
1.676
1.671
1.666
1.66
1.655
1.649
1.643
1.636
1.629
1.622
1.615
1.608
1.6
1.592
1.584
1.575
1.566
1.557
1.548
1.538
1.528
1.517
1.507
1.496
1.485
1.473
1.462
1.449
1.437
1.424
1.411
1.398
1.384
1.37
1.356
1.341
1.327
1.311
1.296
1.28
1.264
1.247
1.23
1.213
1.195
1.177
1.159
1.14
1.121
1.102
1.082
1.062
1.042
1.021
1.0
0.979
0.957
0.934
0.912
0.889
0.866
0.843
0.819
0.795
0.771
0.747
0.722
0.697
0.672
0.647
0.622
0.597
0.571
0.546
0.52
0.494
0.468
0.442
0.417
0.391
0.365
0.339
0.313
0.287
0.261
0.235
0.21
0.184
0.159
0.134
0.108
0.083
0.058
0.034
0.009
-0.015
-0.039
-0.063
-0.087
-0.111
-0.134
-0.158
-0.181
-0.204
-0.227
-0.249
-0.272
-0.294
-0.316
-0.338
-0.36
-0.382
-0.404
-0.425
-0.446
-0.467
-0.488
-0.509
-0.529
-0.55
-0.57
-0.59
-0.61
-0.63
-0.649
-0.669
-0.688
-0.707
-0.726
-0.745
-0.764
-0.782
-0.801
-0.819
-0.837
-0.855
-0.873
-0.89
-0.908
-0.925
-0.942
-0.959
-0.976
-0.993
-1.009
-1.026
-1.042
-1.058
-1.074
-1.09
-1.106
-1.121
-1.136
-1.152
-1.167
-1.182
-1.196
-1.211
-1.226
-1.24
-1.254
-1.268
-1.282
-1.296
-1.31
-1.323
-1.336
-1.35
-1.363
-1.376
-1.388
-1.401
-1.414
-1.426
-1.438
-1.45
-1.462
-1.474
-1.486
-1.497
-1.509
-1.52
-1.531
-1.542
-1.553
-1.564
-1.574
-1.585
-1.595
-1.605
-1.615
-1.625
-1.635
-1.645
-1.654
-1.664
-1.673
-1.682
-1.691
-1.7
-1.709
-1.717
-1.726
-1.734
-1.742
-1.751
-1.759
-1.766
-1.774
-1.782
-1.789
-1.797
-1.804
-1.811
-1.818
-1.825
-1.832
-1.838
-1.845
-1.851
-1.857
-1.864
-1.87
-1.875
-1.881
-1.887
-1.892
-1.898
-1.903
-1.908
-1.913
-1.918
-1.923
-1.928
-1.933
-1.937
-1.941
-1.946
-1.95
-1.954
-1.958
-1.962
-1.965
-1.969
-1.972
-1.976
-1.979
-1.982
-1.985
-1.988
-1.991
-1.994
-1.996
-1.999
-2.001
-2.003
-2.005
-2.007
-2.009
-2.011
-2.013
-2.015
-2.016
-2.017
-2.019
-2.02
-2.021
-2.022
-2.023
-2.024
-2.024
-2.025
-2.026
-2.026
-2.026
-2.026
-2.026
-2.026
-2.026
-2.026
-2.026
-2.025
-2.025
-2.024
-2.024
-2.023
-2.022
-2.021
-2.02
-2.019
-2.017
-2.016
-2.014
-2.013
-2.011
-2.01
-2.008
-2.006
-2.004
-2.002
-1.999
-1.997
-1.995
-1.992
-1.99
-1.987
-1.984
-1.981
-1.979
-1.976
-1.972
-1.969
-1.966
-1.963
-1.959
-1.956
-1.952
-1.948
-1.945
-1.941
-1.937
-1.933
-1.929
-1.925
-1.92
-1.916
-1.911
-1.907
-1.902
-1.898
-1.893
-1.888
-1.883
-1.878
-1.873
-1.868
-1.863
-1.857
-1.852
-1.847
-1.841
-1.835
-1.83
-1.824
-1.818
-1.812
-1.806
-1.8
-1.794
-1.788
-1.782
-1.775
-1.769
-1.763
-1.756
-1.749
-1.743
-1.736
-1.729
-1.722
-1.715
-1.708
-1.701
-1.694
-1.687
-1.679
-1.672
-1.665
-1.657
-1.65
-1.642
-1.634
-1.626
-1.619
-1.611
-1.603
-1.595
-1.587
-1.579
-1.57
-1.562
-1.554
-1.546
-1.537
-1.529
-1.52
-1.512
-1.503
-1.494
-1.485
-1.477
-1.468
-1.459
-1.45
-1.441
-1.432
-1.422
-1.413
-1.404
-1.395
-1.385
-1.376
-1.366
-1.357
-1.347
-1.338
-1.328
-1.318
-1.308
-1.298
-1.289
-1.279
-1.269
-1.259
-1.249
-1.238
-1.228
-1.218
-1.208
-1.197
-1.187
-1.177
-1.166
-1.156
-1.145
-1.135
-1.124
-1.113
-1.103
-1.092
-1.081
-1.07
-1.059
-1.048
-1.038
-1.027
-1.015
-1.004
-0.993
-0.982
-0.971
-0.96
-0.948
-0.937
-0.926
-0.914
-0.903
-0.892
-0.88
-0.869
-0.857
-0.846
-0.834
-0.822
-0.811
-0.799
-0.787
-0.775
-0.764
-0.752
-0.74
-0.728
-0.716
-0.704
-0.692
-0.68
-0.668
-0.656
-0.644
-0.632
-0.62
-0.607
-0.595
-0.583
-0.571
-0.558
-0.546
-0.534
-0.522
-0.509
-0.497
-0.484
-0.472
-0.459
-0.447
-0.434
-0.422
-0.409
-0.397
-0.384
-0.372
-0.359
-0.346
-0.334
-0.321
-0.308
-0.296
-0.283
-0.27
-0.258
-0.245
-0.232
-0.219
-0.206
-0.194
-0.181
-0.168
-0.155
-0.142
-0.129
-0.116
-0.103
-0.091
-0.078
-0.065
-0.052
-0.039
-0.026
-0.013
0.0
0.013
0.026
0.039
0.052
0.065
0.078
0.091
0.104
0.117
0.13
0.143
0.156
0.169
0.182
0.196
0.209
0.222
0.235
0.248
0.261
0.274
0.287
0.3
0.313
0.326
0.339
0.352
0.365
0.378
0.391
0.404
0.417
0.429
0.442
0.455
0.467
0.48
0.492
0.504
0.516
0.528
0.54
0.552
0.563
0.575
0.586
0.597
0.608
0.619
0.629
0.64
0.65
0.66
0.67
0.679
0.689
0.698
0.707
0.715
0.724
0.732
0.74
0.748
0.755
0.762
0.769
0.775
0.781
0.787
0.793
0.798
0.803
0.807
0.811
0.815
0.819
0.822
0.824
0.827
0.829
0.83
0.831
0.832
0.832
0.832
0.832
0.831
0.829
0.827
0.825
0.822
0.819
0.815
0.811
0.806
0.801
0.795
0.789
0.782
0.775
0.767
0.759
0.75
0.741
0.731
0.72
0.709
0.698
0.686
0.673
0.66
0.647
0.634
0.62
0.606
0.591
0.576
0.561
0.546
0.53
0.514
0.498
0.482
0.466
0.449
0.433
0.416
0.4
0.383
0.366
0.349
0.332
0.316
0.299
0.282
0.266
0.25
0.233
0.217
0.201
0.186
0.17
0.155
0.14
0.125
0.111
0.096
0.083
0.069
0.056
0.043
0.03
0.018
0.005
-0.006
-0.018
-0.029
-0.04
-0.051
-0.062
-0.072
-0.082
-0.092
-0.101
-0.11
-0.119
-0.128
-0.136
-0.144
-0.152
-0.16
-0.167
-0.175
-0.182
-0.188
-0.195
-0.201
-0.207
-0.213
-0.218
-0.224
-0.229
-0.234
-0.238
-0.243
-0.247
-0.251
-0.255
-0.259
-0.262
-0.265
-0.268
-0.271
-0.274
-0.276
-0.278
-0.28
-0.282
-0.284
-0.285
-0.287
-0.288
-0.289
-0.29
-0.29
-0.291
-0.291
-0.291
-0.291
-0.291
-0.29
-0.29
-0.289
-0.288
-0.287
-0.286
-0.284
-0.283
-0.281
-0.28
-0.278
-0.276
-0.273
-0.271
-0.269
-0.266
-0.263
-0.26
-0.257
-0.254
-0.251
-0.248
-0.244
-0.241
-0.237
-0.233
-0.23
-0.226
-0.222
-0.217
-0.213
-0.209
-0.204
-0.2
-0.195
-0.19
-0.185
-0.181
-0.176
-0.171
-0.165
-0.16
-0.155
-0.149
-0.144
-0.139
-0.133
-0.127
-0.122
-0.116
-0.11
-0.104
-0.098
-0.092
-0.086
-0.08
-0.074
-0.068
-0.062
-0.056
-0.049
-0.043
-0.037
-0.03
-0.024
-0.018
-0.011
-0.005
0.002
0.008
0.015
0.021
0.028
0.034
0.041
0.047
0.054
0.06
0.067
0.073
0.08
0.087
0.093
0.1
0.106
0.112
0.119
0.125
0.132
0.138
0.144
0.151
0.157
0.163
0.17
0.176
0.182
0.188
0.194
0.2
0.206
0.212
0.218
0.224
0.229
0.235
0.241
0.246
0.252
0.257
0.263
0.268
0.274
0.279
0.284
0.29
0.295
0.3
0.305
0.31
0.315
0.32
0.325
0.33
0.335
0.34
0.344
0.349
0.354
0.358
0.363
0.368
0.372
0.377
0.381
0.385
0.39
0.394
0.398
0.402
0.407
0.411
0.415
0.419
0.423
0.427
0.431
0.435
0.438
0.442
0.446
0.45
0.453
0.457
0.461
0.464
0.468
0.471
0.475
0.478
0.482
0.485
0.488
0.492
0.495
0.498
0.501
0.504
0.507
0.51
0.513
0.516
0.519
0.522
0.525
0.528
0.531
0.534
0.536
0.539
0.542
0.544
0.547
0.55
0.552
0.555
0.557
0.56
0.562
0.564
0.567
0.569
0.571
0.574
0.576
0.578
0.58
0.582
0.584
0.587
0.589
0.591
0.593
0.595
0.596
0.598
0.6
0.602
0.604
0.606
0.607
0.609
0.611
0.613
0.614
0.616
0.617
0.619
0.62
0.622
0.623
0.625
0.626
0.628
0.629
0.63
0.632
0.633
0.634
0.636
0.637
0.638
0.639
0.64
0.642
0.643
0.644
0.645
0.646
0.647
0.648
0.649
0.65
0.651
0.652
0.653
0.653
0.654
0.655
0.656
0.657
0.657
0.658
0.659
0.66
0.66
0.661
0.662
0.662
0.663
0.663
0.664
0.665
0.665
0.666
0.666
0.667
0.667
0.668
0.668
0.668
0.669
0.669
0.67
0.67
0.67
0.67
0.671
0.671
0.671
0.672
0.672
0.672
0.672
0.672
0.673
0.673
0.673
0.673
0.673
0.673
0.673
0.673
0.674
0.674
0.674
0.674
0.674
0.674
0.674
0.674
0.674
0.674
0.674
0.674
0.673
0.673
0.673
0.673
0.673
0.673
0.673
0.673
0.673
0.672
0.672
0.672
0.672
0.672
0.672
0.671
0.671
0.671
0.671
0.671
0.67
0.67
0.67
0.67
0.669
0.669
0.669
0.668
0.668
0.668
0.668
0.667
0.667
0.667
0.666
0.666
0.666
0.665
0.665
0.665
0.664
0.664
0.664
0.663
0.663
0.663
0.662
0.662
0.662
0.661
0.661
0.661
0.66
0.66
0.66
0.659
0.659
0.658
0.658
0.658
0.657
0.657
0.657
0.656
0.656
0.656
0.655
0.655
0.655
0.654
0.654
0.654
0.653
0.653
0.653
0.652
0.652
0.652
0.651
0.651
0.651
0.65
0.65
0.65
0.65
0.649
0.649
0.649
0.649
0.648
0.648
0.648
0.648
0.647
0.647
0.647
0.647
0.646
0.646
0.646
0.646
0.646
0.646
0.645
0.645
0.645
0.645
0.645
0.645
0.645
0.645
0.645
0.645
0.645
0.644
0.644
0.644
0.644
0.644
0.644
0.644
0.644
0.645
0.645
0.645
0.645
0.645
0.645
0.645
0.645
0.645
0.646
0.646
0.646
0.646
0.646
0.647
0.647
0.647
0.647
0.648
0.648
0.648
0.649
0.649
0.649
0.65
0.65
0.651
0.651
0.652
0.652
0.653
0.653
0.654
0.654
0.655
0.655
0.656
0.657
0.657
0.658
0.659
0.659
0.66
0.661
0.662
0.662
0.663
0.664
0.665
0.666
0.667
0.668
0.669
0.669
0.67
0.671
0.672
0.674
0.675
0.676
0.677
0.678
0.679
0.68
0.681
0.683
0.684
0.685
0.686
0.688
0.689
0.69
0.691
0.693
0.694
0.696
0.697
0.698
0.7
0.701
0.703
0.704
0.706
0.707
0.709
0.71
0.712
0.713
0.715
0.716
0.718
0.719
0.721
0.723
0.724
0.726
0.728
0.729
0.731
0.733
0.734
0.736
0.738
0.74
0.741
0.743
0.745
0.747
0.748
0.75
0.752
0.754
0.756
0.758
0.759
0.761
0.763
0.765
0.767
0.769
0.771
0.772
0.774
0.776
0.778
0.78
0.782
0.784
0.786
0.788
0.79
0.792
0.794
0.795
0.797
0.799
0.801
0.803
0.805
0.807
0.809
0.811
0.813
0.815
0.817
0.819
0.821
0.823
0.825
0.827
0.829
0.831
0.833
0.835
0.837
0.839
0.841
0.843
0.845
0.847
0.848
0.85
0.852
0.854
0.856
0.858
0.86
0.862
0.864
0.866
0.868
0.87
0.872
0.874
0.876
0.877
0.879
0.881
0.883
0.885
0.887
0.889
0.89
0.892
0.894
0.896
0.898
0.9
0.901
0.903
0.905
0.907
0.909
0.91
0.912
0.914
0.916
0.917
0.919
0.921
0.922
0.924
0.926
0.927
0.929
0.931
0.932
0.934
0.935
0.937
0.938
0.94
0.942
0.943
0.945
0.946
0.948
0.949
0.95
0.952
0.953
0.955
0.956
0.957
0.959
0.96
0.961
0.963
0.964
0.965
0.967
0.968
0.969
0.97
0.971
0.973
0.974
0.975
0.976
0.977
0.978
0.979
0.98
0.981
0.982
0.983
0.984
0.985
0.986
0.987
0.987
0.988
0.989
0.99
0.991
0.991
0.992
0.993
0.993
0.994
0.995
0.995
0.996
0.996
0.997
0.997
0.998
0.998
0.999
0.999
0.999
1.0
1.0
1.0
1.001
1.001
1.001
1.001
1.001
1.001
1.002
1.002
1.002
1.002
1.002
1.002
1.002
1.002
1.002
1.002
1.002
1.002
1.002
1.002
1.001
1.001
1.001
1.001
1.001
1.001
1.001
1.001
1.001
1.001
1.001
1.0
1.0
1.0
1.0
1.0
1.0
1.0
1.0
1.0
1.0
1.0
1.0
1.0
1.0
1.0
1.0
1.0
1.0
1.0
1.0
1.0
1.0
1.0
1.0
1.0
1.0
1.0
1.0
1.0
1.0
1.0
1.0
1.0
0.999
0.999
0.999
0.999
0.999
0.999
0.998
0.998
0.998
0.998
0.997
0.997
0.997
0.996
0.996
0.995
0.995
0.994
0.994
0.993
0.993
0.992
0.991
0.991
0.99
0.989
0.988
0.987
0.987
0.986
0.985
0.984
0.983
0.981
0.98
0.979
0.978
0.977
0.975
0.974
0.973
0.971
0.97
0.968
0.966
0.965
0.963
0.961
0.959
0.957
0.955
0.953
0.951
0.949
0.947
0.945
0.942
0.94
0.938
0.935
0.933
0.93
0.927
0.924
0.922
0.919
0.916
0.913
0.91
0.906
0.903
0.9
0.896
0.893
0.889
0.886
0.882
0.878
0.874
0.87
0.866
0.862
0.858
0.853
0.849
0.844
0.84
0.835
0.83
0.826
0.821
0.816
0.811
0.805
0.8
0.795
0.789
0.784
0.778
0.772
0.766
0.76
0.754
0.748
0.742
0.736
0.729
0.723
0.717
0.71
0.703
0.697
0.69
0.683
0.677
0.67
0.663
0.656
0.649
0.642
0.634
0.627
0.62
0.613
0.605
0.598
0.591
0.583
0.576
0.568
0.561
0.553
0.546
0.538
0.531
0.523
0.516
0.508
0.5
0.493
0.485
0.477
0.47
0.462
0.455
0.447
0.439
0.432
0.424
0.416
0.409
0.401
0.394
0.386
0.379
0.371
0.364
0.356
0.349
0.342
0.334
0.327
0.32
0.312
0.305
0.298
0.291
0.284
0.277
0.27
0.263
0.256
0.249
0.243
0.236
0.23
0.223
0.217
0.21
0.204
0.198
0.191
0.185
0.179
0.173
0.167
0.162
0.156
0.15
0.145
0.139
0.134
0.129
0.124
0.119
0.114
0.109
0.104
0.1
0.095
0.091
0.087
0.083
0.078
0.075
0.071
0.067
0.063
0.06
0.057
0.053
0.05
0.047
0.044
0.042
0.039
0.036
0.034
0.031
0.029
0.027
0.025
0.023
0.021
0.019
0.018
0.016
0.015
0.013
0.012
0.011
0.01
0.009
0.008
0.008
0.007
0.007
0.006
0.006
0.006
0.005
0.005
0.006
0.006
0.006
0.006
0.007
0.007
0.008
0.009
0.01
0.01
0.011
0.013
0.014
0.015
0.016
0.018
0.019
0.021
0.023
0.025
0.027
0.029
0.031
0.033
0.035
0.038
0.04
0.042
0.045
0.048
0.051
0.053
0.056
0.059
0.063
0.066
0.069
0.072
0.076
0.079
0.083
0.087
0.09
0.094
0.098
0.102
0.106
0.11
0.114
0.119
0.123
0.127
0.132
0.137
0.141
0.146
0.151
0.156
0.161
0.166
0.171
0.176
0.181
0.186
0.192
0.197
0.203
0.208
0.214
0.22
0.225
0.231
0.237
0.243
0.249
0.255
0.261
0.268
0.274
0.28
0.287
0.293
0.3
0.306
0.313
0.32
0.326
0.333
0.34
0.347
0.354
0.361
0.368
0.376
0.383
0.39
0.397
0.405
0.412
0.42
0.427
0.435
0.443
0.45
0.458
0.466
0.474
0.482
0.49
0.498
0.506
0.514
0.522
0.53
0.539
0.547
0.555
0.564
0.572
0.581
0.589
0.598
0.606
0.615
0.624
0.633
0.641
0.65
0.659
0.668
0.677
0.686
0.695
0.704
0.713
0.722
0.732
0.741
0.75
0.759
0.769
0.778
0.788
0.797
0.807
0.816
0.826
0.835
0.845
0.854
0.864
0.874
0.884
0.893
0.903
0.913
0.923
0.933
0.943
0.953
0.963
0.973
0.983
0.993
1.003
1.013
1.023
1.033
1.043
1.053
1.064
1.074
1.084
1.094
1.105
1.115
1.125
1.136
1.146
1.157
1.167
1.177
1.188
1.198
1.209
1.219
1.23
1.241
1.251
1.262
1.272
1.283
1.293
1.304
1.315
1.325
1.336
1.347
1.357
1.368
1.379
1.39
1.4
1.411
1.422
1.432
1.443
1.454
1.465
1.476
1.486
1.497
1.508
1.519
1.529
1.54
1.551
1.562
1.573
1.583
1.594
1.605
1.616
1.627
1.638
1.648
1.659
1.67
1.681
1.692
1.702
1.713
1.724
1.735
1.746
1.756
1.767
1.778
1.789
1.799
1.81
1.821
1.832
1.842
1.853
1.864
1.874
1.885
1.896
1.906
1.917
1.928
1.938
1.949
1.959
1.97
1.981
1.991
2.002
2.012
2.023
2.033
2.044
2.054
2.065
2.075
2.085
2.096
2.106
2.116
2.127
2.137
2.147
2.158
2.168
2.178
2.188
2.198
2.208
2.219
2.229
2.239
2.249
2.259
2.269
2.279
2.289
2.298
2.308
2.318
2.328
2.338
2.348
2.357
2.367
2.377
2.386
2.396
2.405
2.415
2.424
2.434
2.443
2.453
2.462
2.471
2.481
2.49
2.499
2.508
2.517
2.526
2.536
2.545
2.554
2.562
2.571
2.58
2.589
2.598
2.607
2.615
2.624
2.632
2.641
2.65
2.658
2.666
2.675
2.683
2.691
2.7
2.708
2.716
2.724
2.732
2.74
2.748
2.756
2.764
2.772
2.779
2.787
2.795
2.802
2.81
2.817
2.825
2.832
2.839
2.847
2.854
2.861
2.868
2.875
2.882
2.889
2.896
2.903
2.909
2.916
2.923
2.929
2.936
2.942
2.948
2.955
2.961
2.967
2.973
2.979
2.985
2.991
2.997
3.003
3.009
3.014
3.02
3.025
3.031
3.036
3.042
3.047
3.052
3.057
3.062
3.067
3.072
3.077
3.082
3.086
3.091
3.095
3.1
3.104
3.109
3.113
3.117
3.121
3.125
3.129
3.133
3.137
3.14
3.144
3.147
3.151
3.154
3.158
3.161
3.164
3.167
3.17
3.173
3.176
3.178
3.181
3.184
3.186
3.188
3.191
3.193
3.195
3.197
3.199
3.201
3.203
3.204
3.206
3.207
3.209
3.21
3.211
3.212
3.213
3.214
3.215
3.216
3.217
3.217
3.218
3.218
3.218
3.219
3.219
3.219
3.219
3.219
3.218
3.218
3.217
3.217
3.216
3.215
3.214
3.213
3.212
3.211
3.21
3.208
3.207
3.205
3.204
3.202
3.2
3.198
3.196
3.194
3.191
3.189
3.186
3.183
3.181
3.178
3.175
3.172
3.169
3.165
3.162
3.158
3.155
3.151
3.147
3.143
3.139
3.135
3.13
3.126
3.121
3.117
3.112
3.107
3.102
3.097
3.091
3.086
3.08
3.075
3.069
3.063
3.057
3.051
3.045
3.039
3.032
3.025
3.019
3.012
3.005
2.998
2.991
2.983
2.976
2.968
2.96
2.953
2.945
2.936
2.928
2.92
2.911
2.903
2.894
2.885
2.876
2.867
2.858
2.848
2.839
2.829
2.819
2.809
2.799
2.789
2.779
2.768
2.758
2.747
2.736
2.725
2.714
2.702
2.691
2.679
2.668
2.656
2.644
2.632
2.619
2.607
2.594
2.581
2.569
2.556
2.542
2.529
2.516
2.502
2.488
2.474
2.46
2.446
2.432
2.417
2.403
2.388
2.373
2.358
2.343
2.327
2.312
2.296
2.28
2.264
2.248
2.232
2.216
2.199
2.182
2.165
2.148
2.131
2.114
2.096
2.079
2.061
2.043
2.025
2.006
1.988
1.969
1.95
1.931
1.912
1.893
1.874
1.854
1.834
1.814
1.794
1.774
1.753
1.733
1.712
1.691
1.67
1.649
1.627
1.606
1.584
1.562
1.54
1.518
1.495
1.473
1.45
1.427
1.404
1.381
1.357
1.333
1.31
1.286
1.262
1.237
1.213
1.188
1.163
1.138
1.113
1.087
1.062
1.036
1.01
0.984
0.958
0.931
0.905
0.878
0.851
0.824
0.796
0.769
0.741
0.713
0.685
0.657
0.628
0.6
0.571
0.542
0.513
0.483
0.454
0.424
0.394
0.364
0.333
