1.0
1.029
1.058
1.087
1.116
1.145
1.174
1.204
1.233
1.262
1.291
1.32
1.349
1.378
1.407
1.436
1.465
1.494
1.523
1.552
1.582
1.611
1.64
1.669
1.698
1.727
1.756
1.785
1.814
1.843
1.872
1.901
1.93
1.96
1.989
2.018
2.047
2.076
2.105
2.134
2.163
2.192
2.221
2.25
2.279
2.308
2.338
2.367
2.396
2.425
2.454
2.483
2.512
2.541
2.57
2.599
2.628
2.657
2.686
2.716
2.745
2.774
2.803
2.832
2.861
2.89
2.919
2.948
2.977
3.006
3.035
3.064
3.094
3.123
3.152
3.181
3.21
3.239
3.268
3.297
3.326
3.355
3.384
3.413
3.442
3.472
3.501
3.53
3.559
3.588
3.617
3.646
3.675
3.704
3.733
3.762
3.791
3.82
3.85
3.879
3.908
3.937
3.966
3.995
4.024
4.053
4.082
4.111
4.14
4.169
4.198
4.228
4.257
4.286
4.315
4.344
4.373
4.402
4.431
4.46
4.489
4.518
4.547
4.576
4.606
4.635
4.664
4.693
4.722
4.751
4.78
4.809
4.838
4.867
4.896
4.925
4.954
4.984
5.013
5.042
5.071
5.1
5.129
5.158
5.187
5.216
5.245
5.274
5.303
5.332
5.362
5.391
5.42
5.449
5.478
5.507
5.536
5.565
5.594
5.623
5.652
5.681
5.71
5.74
5.769
5.798
5.827
5.856
5.885
5.914
5.943
5.972
6.001
6.03
6.059
6.088
6.118
6.147
6.176
6.205
6.234
6.263
6.292
6.321
6.35
6.379
6.408
6.437
6.466
6.496
6.525
6.554
6.583
6.612
6.641
6.67
6.699
6.728
6.757
6.786
6.815
6.844
6.874
6.903
6.932
6.961
6.99
7.019
7.048
7.077
7.106
7.135
7.164
7.193
7.222
7.252
7.281
7.31
7.339
7.368
7.397
7.426
7.455
7.484
7.513
7.542
7.571
7.6
7.63
7.659
7.688
7.717
7.746
7.775
7.804
7.833
7.862
7.891
7.92
7.949
7.978
8.008
8.037
8.066
8.095
8.124
8.153
8.182
8.211
8.24
8.269
8.298
8.327
8.356
8.386
8.415
8.444
8.473
8.502
8.531
8.56
8.589
8.618
8.647
8.676
8.705
8.734
8.764
8.793
8.822
8.851
8.88
8.909
8.938
8.967
8.996
9.025
9.054
9.083
9.112
9.142
9.171
9.2
9.229
9.258
9.287
9.316
9.345
9.374
9.403
9.432
9.461
9.49
9.52
9.549
9.578
9.607
9.636
9.665
9.694
9.723
9.752
9.781
9.81
9.839
9.868
9.898
9.927
9.956
9.985
10.014
10.043
10.072
10.101
10.13
10.159
10.188
10.217
10.246
10.276
10.305
10.334
10.363
10.392
10.421
10.45
10.479
10.508
10.537
10.566
10.595
10.624
10.654
10.683
10.712
10.741
10.77
10.799
10.828
10.857
10.886
10.915
10.944
10.973
11.002
11.032
11.061
11.09
11.119
11.148
11.177
11.206
11.235
11.264
11.293
11.322
11.351
11.38
11.41
11.439
11.468
11.497
11.526
11.555
11.584
11.613
11.642
11.671
11.7
11.729
11.758
11.788
11.817
11.846
11.875
11.904
11.933
11.962
11.991
12.02
12.049
12.078
12.107
12.136
12.166
12.195
12.224
12.253
12.282
12.311
12.34
12.369
12.398
12.427
12.456
12.485
12.514
12.544
12.573
12.602
12.631
12.66
12.689
12.718
12.747
12.776
12.805
12.834
12.863
12.892
12.922
12.951
12.98
13.009
13.038
13.067
13.096
13.125
13.154
13.183
13.212
13.241
13.27
13.3
13.329
13.358
13.387
13.416
13.445
13.474
13.503
13.532
13.561
13.59
13.619
13.648
13.678
13.707
13.736
13.765
13.794
13.823
13.852
13.881
13.91
13.939
13.968
13.997
13.994
13.988
13.981
13.975
13.969
13.962
13.956
13.949
13.943
13.937
13.93
13.924
13.918
13.911
13.905
13.898
13.892
13.886
13.879
13.873
13.866
13.86
13.854
13.847
13.841
13.834
13.828
13.822
13.815
13.809
13.802
13.796
13.79
13.783
13.777
13.771
13.764
13.758
13.751
13.745
13.739
13.732
13.726
13.719
13.713
13.707
13.7
13.694
13.687
13.681
13.675
13.668
13.662
13.655
13.649
13.643
13.636
13.63
13.624
13.617
13.611
13.604
13.598
13.592
13.585
13.579
13.572
13.566
13.56
13.553
13.547
13.54
13.534
13.528
13.521
13.515
13.509
13.502
13.496
13.489
13.483
13.477
13.47
13.464
13.457
13.451
13.445
13.438
13.432
13.425
13.419
13.413
13.406
13.4
13.393
13.387
13.381
13.374
13.368
13.362
13.355
13.349
13.342
13.336
13.33
13.323
13.317
13.31
13.304
13.298
13.291
13.285
13.278
13.272
13.266
13.259
13.253
13.246
13.24
13.234
13.227
13.221
13.215
13.208
13.202
13.195
13.189
13.183
13.176
13.17
13.163
13.157
13.151
13.144
13.138
13.131
13.125
13.119
13.112
13.106
13.1
13.093
13.087
13.08
13.074
13.068
13.061
13.055
13.048
13.042
13.036
13.029
13.023
13.016
13.01
13.004
12.997
12.991
12.984
12.978
12.972
12.965
12.959
12.953
12.946
12.94
12.933
12.927
12.921
12.914
12.908
12.901
12.895
12.889
12.882
12.876
12.869
12.863
12.857
12.85
12.844
12.838
12.831
12.825
12.818
12.812
12.806
12.799
12.793
12.786
12.78
12.774
12.767
12.761
12.754
12.748
12.742
12.735
12.729
12.722
12.716
12.71
12.703
12.697
12.691
12.684
12.678
12.671
12.665
12.659
12.652
12.646
12.639
12.633
12.627
12.62
12.614
12.607
12.601
12.595
12.588
12.582
12.575
12.569
12.563
12.556
12.55
12.544
12.537
12.531
12.524
12.518
12.512
12.505
12.499
12.492
12.486
12.48
12.473
12.467
12.46
12.454
12.448
12.441
12.435
12.429
12.422
12.416
12.409
12.403
12.397
12.39
12.384
12.377
12.371
12.365
12.358
12.352
12.345
12.339
12.333
12.326
12.32
12.313
12.307
12.301
12.294
12.288
12.282
12.275
12.269
12.262
12.256
12.25
12.243
12.237
12.23
12.224
12.218
12.211
12.205
12.198
12.192
12.186
12.179
12.173
12.167
12.16
12.154
12.147
12.141
12.135
12.128
12.122
12.115
12.109
12.103
12.096
12.09
12.083
12.077
12.071
12.064
12.058
12.051
12.045
12.039
12.032
12.026
12.02
12.013
12.007
12.0
11.994
11.988
11.981
11.975
11.968
11.962
11.956
11.949
11.943
11.936
11.93
11.924
11.917
11.911
11.904
11.898
11.892
11.885
11.879
11.873
11.866
11.86
11.853
11.847
11.841
11.834
11.828
11.821
11.815
11.809
11.802
11.796
11.789
11.783
11.777
11.77
11.764
11.758
11.751
11.745
11.738
11.732
11.726
11.719
11.713
11.706
11.7
11.694
11.687
11.681
11.674
11.668
11.662
11.655
11.649
11.642
11.636
11.63
11.623
11.617
11.611
11.604
11.598
11.591
11.585
11.579
11.572
11.566
11.559
11.553
11.547
11.54
11.534
11.527
11.521
11.515
11.508
11.502
11.495
11.489
11.483
11.476
11.47
11.464
11.457
11.451
11.444
11.438
11.432
11.425
11.419
11.412
11.406
11.4
11.393
11.387
11.38
11.374
11.368
11.361
11.355
11.349
11.342
11.336
11.329
11.323
11.317
11.31
11.304
11.297
11.291
11.285
11.278
11.272
11.265
11.259
11.253
11.246
11.24
11.233
11.227
11.221
11.214
11.208
11.202
11.195
11.189
11.182
11.176
11.17
11.163
11.157
11.15
11.144
11.138
11.131
11.125
11.118
11.112
11.106
11.099
11.093
11.087
11.08
11.074
11.067
11.061
11.055
11.048
11.042
11.035
11.029
11.023
11.016
11.01
11.003
10.997
10.991
10.984
10.978
10.971
10.965
10.959
10.952
10.946
10.94
10.933
10.927
10.92
10.914
10.908
10.901
10.895
10.888
10.882
10.876
10.869
10.863
10.856
10.85
10.844
10.837
10.831
10.824
10.818
10.812
10.805
10.799
10.793
10.786
10.78
10.773
10.767
10.761
10.754
10.748
10.741
10.735
10.729
10.722
10.716
10.709
10.703
10.697
10.69
10.684
10.678
10.671
10.665
10.658
10.652
10.646
10.639
10.633
10.626
10.62
10.614
10.607
10.601
10.594
10.588
10.582
10.575
10.569
10.562
10.556
10.55
10.543
10.537
10.531
10.524
10.518
10.511
10.505
10.499
10.492
10.486
10.479
10.473
10.467
10.46
10.454
10.447
10.441
10.435
10.428
10.422
10.415
10.409
10.403
10.396
10.39
10.384
10.377
10.371
10.364
10.358
10.352
10.345
10.339
10.332
10.326
10.32
10.313
10.307
10.3
10.294
10.288
10.281
10.275
10.269
10.262
10.256
10.249
10.243
10.237
10.23
10.224
10.217
10.211
10.205
10.198
10.192
10.185
10.179
10.173
10.166
10.16
10.153
10.147
10.141
10.134
10.128
10.122
10.115
10.109
10.102
10.096
10.09
10.083
10.077
10.07
10.064
10.058
10.051
10.045
10.038
10.032
10.026
10.019
10.013
10.007
10.0
9.994
9.987
9.981
9.975
9.968
9.962
9.955
9.949
9.943
9.936
9.93
9.923
9.917
9.911
9.904
9.898
9.891
9.885
9.879
9.872
9.866
9.86
9.853
9.847
9.84
9.834
9.828
9.821
9.815
9.808
9.802
9.796
9.789
9.783
9.776
9.77
9.764
9.757
9.751
9.744
9.738
9.732
9.725
9.719
9.713
9.706
9.7
9.693
9.687
9.681
9.674
9.668
9.661
9.655
9.649
9.642
9.636
9.629
9.623
9.617
9.61
9.604
9.598
9.591
9.585
9.578
9.572
9.566
9.559
9.553
9.546
9.54
9.534
9.527
9.521
9.514
9.508
9.502
9.495
9.489
9.482
9.476
9.47
9.463
9.457
9.451
9.444
9.438
9.431
9.425
9.419
9.412
9.406
9.399
9.393
9.387
9.38
9.374
9.367
9.361
9.355
9.348
9.342
9.336
9.329
9.323
9.316
9.31
9.304
9.297
9.291
9.284
9.278
9.272
9.265
9.259
9.252
9.246
9.24
9.233
9.227
9.22
9.214
9.208
9.201
9.195
9.189
9.182
9.176
9.169
9.163
9.157
9.15
9.144
9.137
9.131
9.125
9.118
9.112
9.105
9.099
9.093
9.086
9.08
9.073
9.067
9.061
9.054
9.048
9.042
9.035
9.029
9.022
9.016
9.01
9.003
8.997
8.99
8.984
8.978
8.971
8.965
8.958
8.952
8.946
8.939
8.933
8.927
8.92
8.914
8.907
8.901
8.895
8.888
8.882
8.875
8.869
8.863
8.856
8.85
8.843
8.837
8.831
8.824
8.818
8.811
8.805
8.799
8.792
8.786
8.78
8.773
8.767
8.76
8.754
8.748
8.741
8.735
8.728
8.722
8.716
8.709
8.703
8.696
8.69
8.684
8.677
8.671
8.664
8.658
8.652
8.645
8.639
8.633
8.626
8.62
8.613
8.607
8.601
8.594
8.588
8.581
8.575
8.569
8.562
8.556
8.549
8.543
8.537
8.53
8.524
8.518
8.511
8.505
8.498
8.492
8.486
8.479
8.473
8.466
8.46
8.454
8.447
8.441
8.434
8.428
8.422
8.415
8.409
8.402
8.396
8.39
8.383
8.377
8.371
8.364
8.358
8.351
8.345
8.339
8.332
8.326
8.319
8.313
8.307
8.3
8.294
8.287
8.281
8.275
8.268
8.262
8.256
8.249
8.243
8.236
8.23
8.224
8.217
8.211
8.204
8.198
8.192
8.185
8.179
8.172
8.166
8.16
8.153
8.147
8.14
8.134
8.128
8.121
8.115
8.109
8.102
8.096
8.089
8.083
8.077
8.07
8.064
8.057
8.051
8.045
8.038
8.032
8.025
8.019
8.013
8.006
8.0
7.993
7.987
7.981
7.974
7.968
7.962
7.955
7.949
7.942
7.936
7.93
7.923
7.917
7.91
7.904
7.898
7.891
7.885
7.878
7.872
7.866
7.859
7.853
7.847
7.84
7.834
7.827
7.821
7.815
7.808
7.802
7.795
7.789
7.783
7.776
7.77
7.763
7.757
7.751
7.744
7.738
7.731
7.725
7.719
7.712
7.706
7.7
7.693
7.687
7.68
7.674
7.668
7.661
7.655
7.648
7.642
7.636
7.629
7.623
7.616
7.61
7.604
7.597
7.591
7.585
7.578
7.572
7.565
7.559
7.553
7.546
7.54
7.533
7.527
7.521
7.514
7.508
7.501
7.495
7.489
7.482
7.476
7.469
7.463
7.457
7.45
7.444
7.438
7.431
7.425
7.418
7.412
7.406
7.399
7.393
7.386
7.38
7.374
7.367
7.361
7.354
7.348
7.342
7.335
7.329
7.322
7.316
7.31
7.303
7.297
7.291
7.284
7.278
7.271
7.265
7.259
7.252
7.246
7.239
7.233
7.227
7.22
7.214
7.207
7.201
7.195
7.188
7.182
7.176
7.169
7.163
7.156
7.15
7.144
7.137
7.131
7.124
7.118
7.112
7.105
7.099
7.092
7.086
7.08
7.073
7.067
7.06
7.054
7.048
7.041
7.035
7.029
7.022
7.016
7.009
7.003
6.997
6.99
6.984
6.977
6.971
6.965
6.958
6.952
6.945
6.939
6.933
6.926
6.92
6.913
6.907
6.901
6.894
6.888
6.882
6.875
6.869
6.862
6.856
6.85
6.843
6.837
6.83
6.824
6.818
6.811
6.805
6.798
6.792
6.786
6.779
6.773
6.767
6.76
6.754
6.747
6.741
6.735
6.728
6.722
6.715
6.709
6.703
6.696
6.69
6.683
6.677
6.671
6.664
6.658
6.651
6.645
6.639
6.632
6.626
6.62
6.613
6.607
6.6
6.594
6.588
6.581
6.575
6.568
6.562
6.556
6.549
6.543
6.536
6.53
6.524
6.517
6.511
6.505
6.498
6.492
6.485
6.479
6.473
6.466
6.46
6.453
6.447
6.441
6.434
6.428
6.421
6.415
6.409
6.402
6.396
6.389
6.383
6.377
6.37
6.364
6.358
6.351
6.345
6.338
6.332
6.326
6.319
6.313
6.306
6.3
6.294
6.287
6.281
6.274
6.268
6.262
6.255
6.249
6.242
6.236
6.23
6.223
6.217
6.211
6.204
6.198
6.191
6.185
6.179
6.172
6.166
6.159
6.153
6.147
6.14
6.134
6.127
6.121
6.115
6.108
6.102
6.096
6.089
6.083
6.076
6.07
6.064
6.057
6.051
6.044
6.038
6.032
6.025
6.019
6.012
6.006
6.0
5.993
5.987
5.98
5.974
5.968
5.961
5.955
5.949
5.942
5.936
5.929
5.923
5.917
5.91
5.904
5.897
5.891
5.885
5.878
5.872
5.865
5.859
5.853
5.846
5.84
5.833
5.827
5.821
5.814
5.808
5.802
5.795
5.789
5.782
5.776
5.77
5.763
5.757
5.75
5.744
5.738
5.731
5.725
5.718
5.712
5.706
5.699
5.693
5.687
5.68
5.674
5.667
5.661
5.655
5.648
5.642
5.635
5.629
5.623
5.616
5.61
5.603
5.597
5.591
5.584
5.578
5.571
5.565
5.559
5.552
5.546
5.54
5.533
5.527
5.52
5.514
5.508
5.501
5.495
5.488
5.482
5.476
5.469
5.463
5.456
5.45
5.444
5.437
5.431
5.425
5.418
5.412
5.405
5.399
5.393
5.386
5.38
5.373
5.367
5.361
5.354
5.348
5.341
5.335
5.329
5.322
5.316
5.309
5.303
5.297
5.29
5.284
5.278
5.271
5.265
5.258
5.252
5.246
5.239
5.233
5.226
5.22
5.214
5.207
5.201
5.194
5.188
5.182
5.175
5.169
5.162
5.156
5.15
5.143
5.137
5.131
5.124
5.118
5.111
5.105
5.099
5.092
5.086
5.079
5.073
5.067
5.06
5.054
5.047
5.041
5.035
5.028
5.022
5.016
5.009
5.003
4.996
4.99
4.984
4.977
4.971
4.964
4.958
4.952
4.945
4.939
4.932
4.926
4.92
4.913
4.907
4.9
4.894
4.888
4.881
4.875
4.869
4.862
4.856
4.849
4.843
4.837
4.83
4.824
4.817
4.811
4.805
4.798
4.792
4.785
4.779
4.773
4.766
4.76
4.754
4.747
4.741
4.734
4.728
4.722
4.715
4.709
4.702
4.696
4.69
4.683
4.677
4.67
4.664
4.658
4.651
4.645
4.638
4.632
4.626
4.619
4.613
4.607
4.6
4.594
4.587
4.581
4.575
4.568
4.562
4.555
4.549
4.543
4.536
4.53
4.523
4.517
4.511
4.504
4.498
4.491
4.485
4.479
4.472
4.466
4.46
4.453
4.447
4.44
4.434
4.428
4.421
4.415
4.408
4.402
4.396
4.389
4.383
4.376
4.37
4.364
4.357
4.351
4.345
4.338
4.332
4.325
4.319
4.313
4.306
4.3
4.293
4.287
4.281
4.274
4.268
4.261
4.255
4.249
4.242
4.236
4.229
4.223
4.217
4.21
4.204
4.198
4.191
4.185
4.178
4.172
4.166
4.159
4.153
4.146
4.14
4.134
4.127
4.121
4.114
4.108
4.102
4.095
4.089
4.082
4.076
4.07
4.063
4.057
4.051
4.044
4.038
4.031
4.025
4.019
4.012
4.006
4.003
4.034
4.065
4.097
4.128
4.159
4.191
4.222
4.253
4.285
4.316
4.347
4.379
4.41
4.441
4.473
4.504
4.535
4.566
4.598
4.629
4.66
4.692
4.723
4.754
4.786
4.817
4.848
4.88
4.911
4.942
4.974
5.005
5.036
5.068
5.099
5.13
5.161
5.193
5.224
5.255
5.287
5.318
5.349
5.381
5.412
5.443
5.475
5.506
5.537
5.569
5.6
5.631
5.662
5.694
5.725
5.756
5.788
5.819
5.85
5.882
5.913
5.944
5.976
6.007
6.038
6.07
6.101
6.132
6.163
6.195
6.226
6.257
6.289
6.32
6.351
6.383
6.414
6.445
6.477
6.508
6.539
6.571
6.602
6.633
6.664
6.696
6.727
6.758
6.79
6.821
6.852
6.884
6.915
6.946
6.978
7.009
7.04
7.072
7.103
7.134
7.166
7.197
7.228
7.259
7.291
7.322
7.353
7.385
7.416
7.447
7.479
7.51
7.541
7.573
7.604
7.635
7.667
7.698
7.729
7.76
7.792
7.823
7.854
7.886
7.917
7.948
7.98
8.011
8.042
8.074
8.105
8.136
8.168
8.199
8.23
8.261
8.293
8.324
8.355
8.387
8.418
8.449
8.481
8.512
8.543
8.575
8.606
8.637
8.669
8.7
8.731
8.763
8.794
8.825
8.856
8.888
8.919
8.95
8.982
9.013
9.044
9.076
9.107
9.138
9.17
9.201
9.232
9.264
9.295
9.326
9.357
9.389
9.42
9.451
9.483
9.514
9.545
9.577
9.608
9.639
9.671
9.702
9.733
9.765
9.796
9.827
9.858
9.89
9.921
9.952
9.984
10.015
10.046
10.078
10.109
10.14
10.172
10.203
10.234
10.266
10.297
10.328
10.359
10.391
10.422
10.453
10.485
10.516
10.547
10.579
10.61
10.641
10.673
10.704
10.735
10.767
10.798
10.829
10.861
10.892
10.923
10.954
10.986
11.017
11.048
11.08
11.111
11.142
11.174
11.205
11.236
11.268
11.299
11.33
11.362
11.393
11.424
11.455
11.487
11.518
11.549
11.581
11.612
11.643
11.675
11.706
11.737
11.769
11.8
11.831
11.863
11.894
11.925
11.956
11.988
12.019
12.05
12.082
12.113
12.144
12.176
12.207
12.238
12.27
12.301
12.332
12.364
12.395
12.426
12.458
12.489
12.52
12.551
12.583
12.614
12.645
12.677
12.708
12.739
12.771
12.802
12.833
12.865
12.896
12.927
12.959
12.99
13.021
13.052
13.084
13.115
13.146
13.178
13.209
13.24
13.272
13.303
13.334
13.366
13.397
13.428
13.46
13.491
13.522
13.553
13.585
13.616
13.647
13.679
13.71
13.741
13.773
13.804
13.835
13.867
13.898
13.929
13.961
13.992
14.023
14.054
14.086
14.117
14.148
14.18
14.211
14.242
14.274
14.305
14.336
14.368
14.399
14.43
14.462
14.493
14.524
14.556
14.587
14.618
14.649
14.681
14.712
14.743
14.775
14.806
14.837
14.869
14.9
14.931
14.963
14.994
15.025
15.057
15.088
15.119
15.15
15.182
15.213
15.244
15.276
15.307
15.338
15.37
15.401
15.432
15.464
15.495
15.526
15.558
15.589
15.62
15.651
15.683
15.714
15.745
15.777
15.808
15.839
15.871
15.902
15.933
15.965
15.996
16.027
16.059
16.09
16.121
16.153
16.184
16.215
16.246
16.278
16.309
16.34
16.372
16.403
16.434
16.466
16.497
16.528
16.56
16.591
16.622
16.654
16.685
16.716
16.747
16.779
16.81
16.841
16.873
16.904
16.935
16.967
16.998
17.029
17.061
17.092
17.123
17.155
17.186
17.217
17.248
17.28
17.311
17.342
17.374
17.405
17.436
17.468
17.499
17.53
17.562
17.593
17.624
17.656
17.687
17.718
17.749
17.781
17.812
17.843
17.875
17.906
17.937
17.969
18.0
17.996
17.993
17.989
17.985
17.982
17.978
17.974
17.971
17.967
17.963
17.96
17.956
17.952
17.949
17.945
17.941
17.938
17.934
17.93
17.927
17.923
17.919
17.916
17.912
17.908
17.905
17.901
17.898
17.894
17.89
17.887
17.883
17.879
17.876
17.872
17.868
17.865
17.861
17.857
17.854
17.85
17.846
17.843
17.839
17.835
17.832
17.828
17.824
17.821
17.817
17.813
17.81
17.806
17.802
17.799
17.795
17.791
17.788
17.784
17.78
17.777
17.773
17.769
17.766
17.762
17.758
17.755
17.751
17.747
17.744
17.74
17.736
17.733
17.729
17.725
17.722
17.718
17.715
17.711
17.707
17.704
17.7
17.696
17.693
17.689
17.685
17.682
17.678
17.674
17.671
17.667
17.663
17.66
17.656
17.652
17.649
17.645
17.641
17.638
17.634
17.63
17.627
17.623
17.619
17.616
17.612
17.608
17.605
17.601
17.597
17.594
17.59
17.586
17.583
17.579
17.575
17.572
17.568
17.564
17.561
17.557
17.553
17.55
17.546
17.542
17.539
17.535
17.532
17.528
17.524
17.521
17.517
17.513
17.51
17.506
17.502
17.499
17.495
17.491
17.488
17.484
17.48
17.477
17.473
17.469
17.466
17.462
17.458
17.455
17.451
17.447
17.444
17.44
17.436
17.433
17.429
17.425
17.422
17.418
17.414
17.411
17.407
17.403
17.4
17.396
17.392
17.389
17.385
17.381
17.378
17.374
17.37
17.367
17.363
17.359
17.356
17.352
17.349
17.345
17.341
17.338
17.334
17.33
17.327
17.323
17.319
17.316
17.312
17.308
17.305
17.301
17.297
17.294
17.29
17.286
17.283
17.279
17.275
17.272
17.268
17.264
17.261
17.257
17.253
17.25
17.246
17.242
17.239
17.235
17.231
17.228
17.224
17.22
17.217
17.213
17.209
17.206
17.202
17.198
17.195
17.191
17.187
17.184
17.18
17.176
17.173
17.169
17.166
17.162
17.158
17.155
17.151
17.147
17.144
17.14
17.136
17.133
17.129
17.125
17.122
17.118
17.114
17.111
17.107
17.103
17.1
17.096
17.092
17.089
17.085
17.081
17.078
17.074
17.07
17.067
17.063
17.059
17.056
17.052
17.048
17.045
17.041
17.037
17.034
17.03
17.026
17.023
17.019
17.015
17.012
17.008
17.004
17.001
16.997
16.993
16.99
16.986
16.983
16.979
16.975
16.972
16.968
16.964
16.961
16.957
16.953
16.95
16.946
16.942
16.939
16.935
16.931
16.928
16.924
16.92
16.917
16.913
16.909
16.906
16.902
16.898
16.895
16.891
16.887
16.884
16.88
16.876
16.873
16.869
16.865
16.862
16.858
16.854
16.851
16.847
16.843
16.84
16.836
16.832
16.829
16.825
16.821
16.818
16.814
16.81
16.807
16.803
16.8
16.796
16.792
16.789
16.785
16.781
16.778
16.774
16.77
16.767
16.763
16.759
16.756
16.752
16.748
16.745
16.741
16.737
16.734
16.73
16.726
16.723
16.719
16.715
16.712
16.708
16.704
16.701
16.697
16.693
16.69
16.686
16.682
16.679
16.675
16.671
16.668
16.664
16.66
16.657
16.653
16.649
16.646
16.642
16.638
16.635
16.631
16.627
16.624
16.62
16.617
16.613
16.609
16.606
16.602
16.598
16.595
16.591
16.587
16.584
16.58
16.576
16.573
16.569
16.565
16.562
16.558
16.554
16.551
16.547
16.543
16.54
16.536
16.532
16.529
16.525
16.521
16.518
16.514
16.51
16.507
16.503
16.499
16.496
16.492
16.488
16.485
16.481
16.477
16.474
16.47
16.466
16.463
16.459
16.455
16.452
16.448
16.444
16.441
16.437
16.434
16.43
16.426
16.423
16.419
16.415
16.412
16.408
16.404
16.401
16.397
16.393
16.39
16.386
16.382
16.379
16.375
16.371
16.368
16.364
16.36
16.357
16.353
16.349
16.346
16.342
16.338
16.335
16.331
16.327
16.324
16.32
16.316
16.313
16.309
16.305
16.302
16.298
16.294
16.291
16.287
16.283
16.28
16.276
16.272
16.269
16.265
16.261
16.258
16.254
16.251
16.247
16.243
16.24
16.236
16.232
16.229
16.225
16.221
16.218
16.214
16.21
16.207
16.203
16.199
16.196
16.192
16.188
16.185
16.181
16.177
16.174
16.17
16.166
16.163
16.159
16.155
16.152
16.148
16.144
16.141
16.137
16.133
16.13
16.126
16.122
16.119
16.115
16.111
16.108
16.104
16.1
16.097
16.093
16.089
16.086
16.082
16.078
16.075
16.071
16.068
16.064
16.06
16.057
16.053
16.049
16.046
16.042
16.038
16.035
16.031
16.027
16.024
16.02
16.016
16.013
16.009
16.005
16.002
15.998
15.994
15.991
15.987
15.983
15.98
15.976
15.972
15.969
15.965
15.961
15.958
15.954
15.95
15.947
15.943
15.939
15.936
15.932
15.928
15.925
15.921
15.917
15.914
15.91
15.906
15.903
15.899
15.895
15.892
15.888
15.885
15.881
15.877
15.874
15.87
15.866
15.863
15.859
15.855
15.852
15.848
15.844
15.841
15.837
15.833
15.83
15.826
15.822
15.819
15.815
15.811
15.808
15.804
15.8
15.797
15.793
15.789
15.786
15.782
15.778
15.775
15.771
15.767
15.764
15.76
15.756
15.753
15.749
15.745
15.742
15.738
15.734
15.731
15.727
15.723
15.72
15.716
15.712
15.709
15.705
15.702
15.698
15.694
15.691
15.687
15.683
15.68
15.676
15.672
15.669
15.665
15.661
15.658
15.654
15.65
15.647
15.643
15.639
15.636
15.632
15.628
15.625
15.621
15.617
15.614
15.61
15.606
15.603
15.599
15.595
15.592
15.588
15.584
15.581
15.577
15.573
15.57
15.566
15.562
15.559
15.555
15.551
15.548
15.544
15.54
15.537
15.533
15.529
15.526
15.522
15.519
15.515
15.511
15.508
15.504
15.5
15.497
15.493
15.489
15.486
15.482
15.478
15.475
15.471
15.467
15.464
15.46
15.456
15.453
15.449
15.445
15.442
15.438
15.434
15.431
15.427
15.423
15.42
15.416
15.412
15.409
15.405
15.401
15.398
15.394
15.39
15.387
15.383
15.379
15.376
15.372
15.368
15.365
15.361
15.357
15.354
15.35
15.346
15.343
15.339
15.336
15.332
15.328
15.325
15.321
15.317
15.314
15.31
15.306
15.303
15.299
15.295
15.292
15.288
15.284
15.281
15.277
15.273
15.27
15.266
15.262
15.259
15.255
15.251
15.248
15.244
15.24
15.237
15.233
15.229
15.226
15.222
15.218
15.215
15.211
15.207
15.204
15.2
15.196
15.193
15.189
15.185
15.182
15.178
15.174
15.171
15.167
15.163
15.16
15.156
15.153
15.149
15.145
15.142
15.138
15.134
15.131
15.127
15.123
15.12
15.116
15.112
15.109
15.105
15.101
15.098
15.094
15.09
15.087
15.083
15.079
15.076
15.072
15.068
15.065
15.061
15.057
15.054
15.05
15.046
15.043
15.039
15.035
15.032
15.028
15.024
15.021
15.017
15.013
15.01
15.006
15.002
14.999
14.995
14.991
14.988
14.984
14.98
14.977
14.973
14.969
14.966
14.962
14.959
14.955
14.951
14.948
14.944
14.94
14.937
14.933
14.929
14.926
14.922
14.918
14.915
14.911
14.907
14.904
14.9
14.896
14.893
14.889
14.885
14.882
14.878
14.874
14.871
14.867
14.863
14.86
14.856
14.852
14.849
14.845
14.841
14.838
14.834
14.83
14.827
14.823
14.819
14.816
14.812
14.808
14.805
14.801
14.797
14.794
14.79
14.786
14.783
14.779
14.776
14.772
14.768
14.765
14.761
14.757
14.754
14.75
14.746
14.743
14.739
14.735
14.732
14.728
14.724
14.721
14.717
14.713
14.71
14.706
14.702
14.699
14.695
14.691
14.688
14.684
14.68
14.677
14.673
14.669
14.666
14.662
14.658
14.655
14.651
14.647
14.644
14.64
14.636
14.633
14.629
14.625
14.622
14.618
14.614
14.611
14.607
14.603
14.6
14.596
14.593
14.589
14.585
14.582
14.578
14.574
14.571
14.567
14.563
14.56
14.556
14.552
14.549
14.545
14.541
14.538
14.534
14.53
14.527
14.523
14.519
14.516
14.512
14.508
14.505
14.501
14.497
14.494
14.49
14.486
14.483
14.479
14.475
14.472
14.468
14.464
14.461
14.457
14.453
14.45
14.446
14.442
14.439
14.435
14.431
14.428
14.424
14.42
14.417
14.413
14.41
14.406
14.402
14.399
14.395
14.391
14.388
14.384
14.38
14.377
14.373
14.369
14.366
14.362
14.358
14.355
14.351
14.347
14.344
14.34
14.336
14.333
14.329
14.325
14.322
14.318
14.314
14.311
14.307
14.303
14.3
14.296
14.292
14.289
14.285
14.281
14.278
14.274
14.27
14.267
14.263
14.259
14.256
14.252
14.248
14.245
14.241
14.237
14.234
14.23
14.227
14.223
14.219
14.216
14.212
14.208
14.205
14.201
14.197
14.194
14.19
14.186
14.183
14.179
14.175
14.172
14.168
14.164
14.161
14.157
14.153
14.15
14.146
14.142
14.139
14.135
14.131
14.128
14.124
14.12
14.117
14.113
14.109
14.106
14.102
14.098
14.095
14.091
14.087
14.084
14.08
14.076
14.073
14.069
14.065
14.062
14.058
14.054
14.051
14.047
14.044
14.04
14.036
14.033
14.029
14.025
14.022
14.018
14.014
14.011
14.007
14.003
14.0
13.996
13.992
13.989
13.985
13.981
13.978
13.974
13.97
13.967
13.963
13.959
13.956
13.952
13.948
13.945
13.941
13.937
13.934
13.93
13.926
13.923
13.919
13.915
13.912
13.908
13.904
13.901
13.897
13.893
13.89
13.886
13.882
13.879
13.875
13.871
13.868
13.864
13.861
13.857
13.853
13.85
13.846
13.842
13.839
13.835
13.831
13.828
13.824
13.82
13.817
13.813
13.809
13.806
13.802
13.798
13.795
13.791
13.787
13.784
13.78
13.776
13.773
13.769
13.765
13.762
13.758
13.754
13.751
13.747
13.743
13.74
13.736
13.732
13.729
13.725
13.721
13.718
13.714
13.71
13.707
13.703
13.699
13.696
13.692
13.688
13.685
13.681
13.678
13.674
13.67
13.667
13.663
13.659
13.656
13.652
13.648
13.645
13.641
13.637
13.634
13.63
13.626
13.623
13.619
13.615
13.612
13.608
13.604
13.601
13.597
13.593
13.59
13.586
13.582
13.579
13.575
13.571
13.568
13.564
13.56
13.557
13.553
13.549
13.546
13.542
13.538
13.535
13.531
13.527
13.524
13.52
13.516
13.513
13.509
13.505
13.502
13.498
13.495
13.491
13.487
13.484
13.48
13.476
13.473
13.469
13.465
13.462
13.458
13.454
13.451
13.447
13.443
13.44
13.436
13.432
13.429
13.425
13.421
13.418
13.414
13.41
13.407
13.403
13.399
13.396
13.392
13.388
13.385
13.381
13.377
13.374
13.37
13.366
13.363
13.359
13.355
13.352
13.348
13.344
13.341
13.337
13.333
13.33
13.326
13.322
13.319
13.315
13.312
13.308
13.304
13.301
13.297
13.293
13.29
13.286
13.282
13.279
13.275
13.271
13.268
13.264
13.26
13.257
13.253
13.249
13.246
13.242
13.238
13.235
13.231
13.227
13.224
13.22
13.216
13.213
13.209
13.205
13.202
13.198
13.194
13.191
13.187
13.183
13.18
13.176
13.172
13.169
13.165
13.161
13.158
13.154
13.15
13.147
13.143
13.139
13.136
13.132
13.129
13.125
13.121
13.118
13.114
13.11
13.107
13.103
13.099
13.096
13.092
13.088
13.085
13.081
13.077
13.074
13.07
13.066
13.063
13.059
13.055
13.052
13.048
13.044
13.041
13.037
13.033
13.03
13.026
13.022
13.019
13.015
13.011
13.008
13.004
13.0
12.997
12.993
12.989
12.986
12.982
12.978
12.975
12.971
12.967
12.964
12.96
12.956
12.953
12.949
12.946
12.942
12.938
12.935
12.931
12.927
12.924
12.92
12.916
12.913
12.909
12.905
12.902
12.898
12.894
12.891
12.887
12.883
12.88
12.876
12.872
12.869
12.865
12.861
12.858
12.854
12.85
12.847
12.843
12.839
12.836
12.832
12.828
12.825
12.821
12.817
12.814
12.81
12.806
12.803
12.799
12.795
12.792
12.788
12.784
12.781
12.777
12.773
12.77
12.766
12.763
12.759
12.755
12.752
12.748
12.744
12.741
12.737
12.733
12.73
12.726
12.722
12.719
12.715
12.711
12.708
12.704
12.7
12.697
12.693
12.689
12.686
12.682
12.678
12.675
12.671
12.667
12.664
12.66
12.656
12.653
12.649
12.645
12.642
12.638
12.634
12.631
12.627
12.623
12.62
12.616
12.612
12.609
12.605
12.601
12.598
12.594
12.59
12.587
12.583
12.58
12.576
12.572
12.569
12.565
12.561
12.558
12.554
12.55
12.547
12.543
12.539
12.536
12.532
12.528
12.525
12.521
12.517
12.514
12.51
12.506
12.503
12.499
12.495
12.492
12.488
12.484
12.481
12.477
12.473
12.47
12.466
12.462
12.459
12.455
12.451
12.448
12.444
12.44
12.437
12.433
12.429
12.426
12.422
12.418
12.415
12.411
12.407
12.404
12.4
12.397
12.393
12.389
12.386
12.382
12.378
12.375
12.371
12.367
12.364
12.36
12.356
12.353
12.349
12.345
12.342
12.338
12.334
12.331
12.327
12.323
12.32
12.316
12.312
12.309
12.305
12.301
12.298
12.294
12.29
12.287
12.283
12.279
12.276
12.272
12.268
12.265
12.261
12.257
12.254
12.25
12.246
12.243
12.239
12.235
12.232
12.228
12.224
12.221
12.217
12.214
12.21
12.206
12.203
12.199
12.195
12.192
12.188
12.184
12.181
12.177
12.173
12.17
12.166
12.162
12.159
12.155
12.151
12.148
12.144
12.14
12.137
12.133
12.129
12.126
12.122
12.118
12.115
12.111
12.107
12.104
12.1
12.096
12.093
12.089
12.085
12.082
12.078
12.074
12.071
12.067
12.063
12.06
12.056
12.052
12.049
12.045
12.041
12.038
12.034
12.031
12.027
12.023
12.02
12.016
12.012
12.009
12.005
12.001
11.998
11.994
11.99
11.987
11.983
11.979
11.976
11.972
11.968
11.965
11.961
11.957
11.954
11.95
11.946
11.943
11.939
11.935
11.932
11.928
11.924
11.921
11.917
11.913
11.91
11.906
11.902
11.899
11.895
11.891
11.888
11.884
11.88
11.877
11.873
11.869
11.866
11.862
11.858
11.855
11.851
11.847
11.844
11.84
11.837
11.833
11.829
11.826
11.822
11.818
11.815
11.811
11.807
11.804
11.8
11.796
11.793
11.789
11.785
11.782
11.778
11.774
11.771
11.767
11.763
11.76
11.756
11.752
11.749
11.745
11.741
11.738
11.734
11.73
11.727
11.723
11.719
11.716
11.712
11.708
11.705
11.701
11.697
11.694
11.69
11.686
11.683
11.679
11.675
11.672
11.668
11.664
11.661
11.657
11.654
11.65
11.646
11.643
11.639
11.635
11.632
11.628
11.624
11.621
11.617
11.613
11.61
11.606
11.602
11.599
11.595
11.591
11.588
11.584
11.58
11.577
11.573
11.569
11.566
11.562
11.558
11.555
11.551
11.547
11.544
11.54
11.536
11.533
11.529
11.525
11.522
11.518
11.514
11.511
11.507
11.503
11.5
11.496
11.492
11.489
11.485
11.481
11.478
11.474
11.471
11.467
11.463
11.46
11.456
11.452
11.449
11.445
11.441
11.438
11.434
11.43
11.427
11.423
11.419
11.416
11.412
11.408
11.405
11.401
11.397
11.394
11.39
11.386
11.383
11.379
11.375
11.372
11.368
11.364
11.361
11.357
11.353
11.35
11.346
11.342
11.339
11.335
11.331
11.328
11.324
11.32
11.317
11.313
11.309
11.306
11.302
11.298
11.295
11.291
11.288
11.284
11.28
11.277
11.273
11.269
11.266
11.262
11.258
11.255
11.251
11.247
11.244
11.24
11.236
11.233
11.229
11.225
11.222
11.218
11.214
11.211
11.207
11.203
11.2
11.196
11.192
11.189
11.185
11.181
11.178
11.174
11.17
11.167
11.163
11.159
11.156
11.152
11.148
11.145
11.141
11.137
11.134
11.13
11.126
11.123
11.119
11.115
11.112
11.108
11.105
11.101
11.097
11.094
11.09
11.086
11.083
11.079
11.075
11.072
11.068
11.064
11.061
11.057
11.053
11.05
11.046
11.042
11.039
11.035
11.031
11.028
11.024
11.02
11.017
11.013
11.009
11.006
11.002
10.998
10.995
10.991
10.987
10.984
10.98
10.976
10.973
10.969
10.965
10.962
10.958
10.954
10.951
10.947
10.943
10.94
10.936
10.932
10.929
10.925
10.922
10.918
10.914
10.911
10.907
10.903
10.9
10.896
10.892
10.889
10.885
10.881
10.878
10.874
10.87
10.867
10.863
10.859
10.856
10.852
10.848
10.845
10.841
10.837
10.834
10.83
10.826
10.823
10.819
10.815
10.812
10.808
10.804
10.801
10.797
10.793
10.79
10.786
10.782
10.779
10.775
10.771
10.768
10.764
10.76
10.757
10.753
10.749
10.746
10.742
10.739
10.735
10.731
10.728
10.724
10.72
10.717
10.713
10.709
10.706
10.702
10.698
10.695
10.691
10.687
10.684
10.68
10.676
10.673
10.669
10.665
10.662
10.658
10.654
10.651
10.647
10.643
10.64
10.636
10.632
10.629
10.625
10.621
10.618
10.614
10.61
10.607
10.603
10.599
10.596
10.592
10.588
10.585
10.581
10.577
10.574
10.57
10.566
10.563
10.559
10.556
10.552
10.548
10.545
10.541
10.537
10.534
10.53
10.526
10.523
10.519
10.515
10.512
10.508
10.504
10.501
10.497
10.493
10.49
10.486
10.482
10.479
10.475
10.471
10.468
10.464
10.46
10.457
10.453
10.449
10.446
10.442
10.438
10.435
10.431
10.427
10.424
10.42
10.416
10.413
10.409
10.405
10.402
10.398
10.394
10.391
10.387
10.383
10.38
10.376
10.373
10.369
10.365
10.362
10.358
10.354
10.351
10.347
10.343
10.34
10.336
10.332
10.329
10.325
10.321
10.318
10.314
10.31
10.307
10.303
10.299
10.296
10.292
10.288
10.285
10.281
10.277
10.274
10.27
10.266
10.263
10.259
10.255
10.252
10.248
10.244
10.241
10.237
10.233
10.23
10.226
10.222
10.219
10.215
10.211
10.208
10.204
10.2
10.197
10.193
10.19
10.186
10.182
10.179
10.175
10.171
10.168
10.164
10.16
10.157
10.153
10.149
10.146
10.142
10.138
10.135
10.131
10.127
10.124
10.12
10.116
10.113
10.109
10.105
10.102
10.098
10.094
10.091
10.087
10.083
10.08
10.076
10.072
10.069
10.065
10.061
10.058
10.054
10.05
10.047
10.043
10.039
10.036
10.032
10.028
10.025
10.021
10.017
10.014
10.01
10.007
10.003
9.999
9.996
9.992
9.988
9.985
9.981
9.977
9.974
9.97
9.966
9.963
9.959
9.955
9.952
9.948
9.944
9.941
9.937
9.933
9.93
9.926
9.922
9.919
9.915
9.911
9.908
9.904
9.9
9.897
9.893
9.889
9.886
9.882
9.878
9.875
9.871
9.867
9.864
9.86
9.856
9.853
9.849
9.845
9.842
9.838
9.834
9.831
9.827
9.824
9.82
9.816
9.813
9.809
9.805
9.802
9.798
9.794
9.791
9.787
9.783
9.78
9.776
9.772
9.769
9.765
9.761
9.758
9.754
9.75
9.747
9.743
9.739
9.736
9.732
9.728
9.725
9.721
9.717
9.714
9.71
9.706
9.703
9.699
9.695
9.692
9.688
9.684
9.681
9.677
9.673
9.67
9.666
9.662
9.659
9.655
9.651
9.648
9.644
9.641
9.637
9.633
9.63
9.626
9.622
9.619
9.615
9.611
9.608
9.604
9.6
9.597
9.593
9.589
9.586
9.582
9.578
9.575
9.571
9.567
9.564
9.56
9.556
9.553
9.549
9.545
9.542
9.538
9.534
9.531
9.527
9.523
9.52
9.516
9.512
9.509
9.505
9.501
9.498
9.494
9.49
9.487
9.483
9.479
9.476
9.472
9.468
9.465
9.461
9.458
9.454
9.45
9.447
9.443
9.439
9.436
9.432
9.428
9.425
9.421
9.417
9.414
9.41
9.406
9.403
9.399
9.395
9.392
9.388
9.384
9.381
9.377
9.373
9.37
9.366
9.362
9.359
9.355
9.351
9.348
9.344
9.34
9.337
9.333
9.329
9.326
9.322
9.318
9.315
9.311
9.307
9.304
9.3
9.296
9.293
9.289
9.285
9.282
9.278
9.275
9.271
9.267
9.264
9.26
9.256
9.253
9.249
9.245
9.242
9.238
9.234
9.231
9.227
9.223
9.22
9.216
9.212
9.209
9.205
9.201
9.198
9.194
9.19
9.187
9.183
9.179
9.176
9.172
9.168
9.165
9.161
9.157
9.154
9.15
9.146
9.143
9.139
9.135
9.132
9.128
9.124
9.121
9.117
9.113
9.11
9.106
9.102
9.099
9.095
9.092
9.088
9.084
9.081
9.077
9.073
9.07
9.066
9.062
9.059
9.055
9.051
9.048
9.044
9.04
9.037
9.033
9.029
9.026
9.022
9.018
9.015
9.011
9.007
9.004
9.0
8.996
8.992
8.988
8.984
8.98
8.976
8.972
8.968
8.964
8.96
8.956
8.952
8.948
8.944
8.94
8.936
8.932
8.928
8.924
8.92
8.916
8.913
8.909
8.905
8.901
8.897
8.893
8.889
8.885
8.881
8.877
8.873
8.869
8.865
8.861
8.857
8.853
8.849
8.845
8.841
8.837
8.833
8.829
8.825
8.821
8.817
8.813
8.809
8.805
8.801
8.797
8.793
8.789
8.785
8.781
8.777
8.773
8.769
8.765
8.761
8.757
8.753
8.749
8.746
8.742
8.738
8.734
8.73
8.726
8.722
8.718
8.714
8.71
8.706
8.702
8.698
8.694
8.69
8.686
8.682
8.678
8.674
8.67
8.666
8.662
8.658
8.654
8.65
8.646
8.642
8.638
8.634
8.63
8.626
8.622
8.618
8.614
8.61
8.606
8.602
8.598
8.594
8.59
8.586
8.582
8.579
8.575
8.571
8.567
8.563
8.559
8.555
8.551
8.547
8.543
8.539
8.535
8.531
8.527
8.523
8.519
8.515
8.511
8.507
8.503
8.499
8.495
8.491
8.487
8.483
8.479
8.475
8.471
8.467
8.463
8.459
8.455
8.451
8.447
8.443
8.439
8.435
8.431
8.427
8.423
8.419
8.415
8.412
8.408
8.404
8.4
8.396
8.392
8.388
8.384
8.38
8.376
8.372
8.368
8.364
8.36
8.356
8.352
8.348
8.344
8.34
8.336
8.332
8.328
8.324
8.32
8.316
8.312
8.308
8.304
8.3
8.296
8.292
8.288
8.284
8.28
8.276
8.272
8.268
8.264
8.26
8.256
8.252
8.248
8.244
8.241
8.237
8.233
8.229
8.225
8.221
8.217
8.213
8.209
8.205
8.201
8.197
8.193
8.189
8.185
8.181
8.177
8.173
8.169
8.165
8.161
8.157
8.153
8.149
8.145
8.141
8.137
8.133
8.129
8.125
8.121
8.117
8.113
8.109
8.105
8.101
8.097
8.093
8.089
8.085
8.081
8.077
8.074
8.07
8.066
8.062
8.058
8.054
8.05
8.046
8.042
8.038
8.034
8.03
8.026
8.022
8.018
8.014
8.01
8.006
8.002
7.998
7.994
7.99
7.986
7.982
7.978
7.974
7.97
7.966
7.962
7.958
7.954
7.95
7.946
7.942
7.938
7.934
7.93
7.926
7.922
7.918
7.914
7.91
7.907
7.903
7.899
7.895
7.891
7.887
7.883
7.879
7.875
7.871
7.867
7.863
7.859
7.855
7.851
7.847
7.843
7.839
7.835
7.831
7.827
7.823
7.819
7.815
7.811
7.807
7.803
7.799
7.795
7.791
7.787
7.783
7.779
7.775
7.771
7.767
7.763
7.759
7.755
7.751
7.747
7.743
7.74
7.736
7.732
7.728
7.724
7.72
7.716
7.712
7.708
7.704
7.7
7.696
7.692
7.688
7.684
7.68
7.676
7.672
7.668
7.664
7.66
7.656
7.652
7.648
7.644
7.64
7.636
7.632
7.628
7.624
7.62
7.616
7.612
7.608
7.604
7.6
7.596
7.592
7.588
7.584
7.58
7.576
7.573
7.569
7.565
7.561
7.557
7.553
7.549
7.545
7.541
7.537
7.533
7.529
7.525
7.521
7.517
7.513
7.509
7.505
7.501
7.497
7.493
7.489
7.485
7.481
7.477
7.473
7.469
7.465
7.461
7.457
7.453
7.449
7.445
7.441
7.437
7.433
7.429
7.425
7.421
7.417
7.413
7.409
7.405
7.402
7.398
7.394
7.39
7.386
7.382
7.378
7.374
7.37
7.366
7.362
7.358
7.354
7.35
7.346
7.342
7.338
7.334
7.33
7.326
7.322
7.318
7.314
7.31
7.306
7.302
7.298
7.294
7.29
7.286
7.282
7.278
7.274
7.27
7.266
7.262
7.258
7.254
7.25
7.246
7.242
7.238
7.235
7.231
7.227
7.223
7.219
7.215
7.211
7.207
7.203
7.199
7.195
7.191
7.187
7.183
7.179
7.175
7.171
7.167
7.163
7.159
7.155
7.151
7.147
7.143
7.139
7.135
7.131
7.127
7.123
7.119
7.115
7.111
7.107
7.103
7.099
7.095
7.091
7.087
7.083
7.079
7.075
7.071
7.068
7.064
7.06
7.056
7.052
7.048
7.044
7.04
7.036
7.032
7.028
7.024
7.02
7.016
7.012
7.008
7.004
7.0
6.996
6.992
6.988
6.984
6.98
6.976
6.972
6.968
6.964
6.96
6.956
6.952
6.948
6.944
6.94
6.936
6.932
6.928
6.924
6.92
6.916
6.912
6.908
6.904
6.901
6.897
6.893
6.889
6.885
6.881
6.877
6.873
6.869
6.865
6.861
6.857
6.853
6.849
6.845
6.841
6.837
6.833
6.829
6.825
6.821
6.817
6.813
6.809
6.805
6.801
6.797
6.793
6.789
6.785
6.781
6.777
6.773
6.769
6.765
6.761
6.757
6.753
6.749
6.745
6.741
6.737
6.733
6.73
6.726
6.722
6.718
6.714
6.71
6.706
6.702
6.698
6.694
6.69
6.686
6.682
6.678
6.674
6.67
6.666
6.662
6.658
6.654
6.65
6.646
6.642
6.638
6.634
6.63
6.626
6.622
6.618
6.614
6.61
6.606
6.602
6.598
6.594
6.59
6.586
6.582
6.578
6.574
6.57
6.566
6.563
6.559
6.555
6.551
6.547
6.543
6.539
6.535
6.531
6.527
6.523
6.519
6.515
6.511
6.507
6.503
6.499
6.495
6.491
6.487
6.483
6.479
6.475
6.471
6.467
6.463
6.459
6.455
6.451
6.447
6.443
6.439
6.435
6.431
6.427
6.423
6.419
6.415
6.411
6.407
6.403
6.399
6.396
6.392
6.388
6.384
6.38
6.376
6.372
6.368
6.364
6.36
6.356
6.352
6.348
6.344
6.34
6.336
6.332
6.328
6.324
6.32
6.316
6.312
6.308
6.304
6.3
6.296
6.292
6.288
6.284
6.28
6.276
6.272
6.268
6.264
6.26
6.256
6.252
6.248
6.244
6.24
6.236
6.232
6.229
6.225
6.221
6.217
6.213
6.209
6.205
6.201
6.197
6.193
6.189
6.185
6.181
6.177
6.173
6.169
6.165
6.161
6.157
6.153
6.149
6.145
6.141
6.137
6.133
6.129
6.125
6.121
6.117
6.113
6.109
6.105
6.101
6.097
6.093
6.089
6.085
6.081
6.077
6.073
6.069
6.065
6.061
6.058
6.054
6.05
6.046
6.042
6.038
6.034
6.03
6.026
6.022
6.018
6.014
6.01
6.006
6.002
5.998
5.994
5.99
5.986
5.982
5.978
5.974
5.97
5.966
5.962
5.958
5.954
5.95
5.946
5.942
5.938
5.934
5.93
5.926
5.922
5.918
5.914
5.91
5.906
5.902
5.898
5.894
5.891
5.887
5.883
5.879
5.875
5.871
5.867
5.863
5.859
5.855
5.851
5.847
5.843
5.839
5.835
5.831
5.827
5.823
5.819
5.815
5.811
5.807
5.803
5.799
5.795
5.791
5.787
5.783
5.779
5.775
5.771
5.767
5.763
5.759
5.755
5.751
5.747
5.743
5.739
5.735
5.731
5.727
5.724
5.72
5.716
5.712
5.708
5.704
5.7
5.696
5.692
5.688
5.684
5.68
5.676
5.672
5.668
5.664
5.66
5.656
5.652
5.648
5.644
5.64
5.636
5.632
5.628
5.624
5.62
5.616
5.612
5.608
5.604
5.6
5.596
5.592
5.588
5.584
5.58
5.576
5.572
5.568
5.564
5.56
5.557
5.553
5.549
5.545
5.541
5.537
5.533
5.529
5.525
5.521
5.517
5.513
5.509
5.505
5.501
5.497
5.493
5.489
5.485
5.481
5.477
5.473
5.469
5.465
5.461
5.457
5.453
5.449
5.445
5.441
5.437
5.433
5.429
5.425
5.421
5.417
5.413
5.409
5.405
5.401
5.397
5.393
5.389
5.386
5.382
5.378
5.374
5.37
5.366
5.362
5.358
5.354
5.35
5.346
5.342
5.338
5.334
5.33
5.326
5.322
5.318
5.314
5.31
5.306
5.302
5.298
5.294
5.29
5.286
5.282
5.278
5.274
5.27
5.266
5.262
5.258
5.254
5.25
5.246
5.242
5.238
5.234
5.23
5.226
5.222
5.219
5.215
5.211
5.207
5.203
5.199
5.195
5.191
5.187
5.183
5.179
5.175
5.171
5.167
5.163
5.159
5.155
5.151
5.147
5.143
5.139
5.135
5.131
5.127
5.123
5.119
5.115
5.111
5.107
5.103
5.099
5.095
5.091
5.087
5.083
5.079
5.075
5.071
5.067
5.063
5.059
5.055
5.052
5.048
5.044
5.04
5.036
5.032
5.028
5.024
5.02
5.016
5.012
5.008
5.004
5.0
4.996
4.992
4.988
4.984
4.98
4.976
4.972
4.968
4.964
4.96
4.956
4.952
4.948
4.944
4.94
4.936
4.932
4.928
4.924
4.92
4.916
4.912
4.908
4.904
4.9
4.896
4.892
4.888
4.885
4.881
4.877
4.873
4.869
4.865
4.861
4.857
4.853
4.849
4.845
4.841
4.837
4.833
4.829
4.825
4.821
4.817
4.813
4.809
4.805
4.801
4.797
4.793
4.789
4.785
4.781
4.777
4.773
4.769
4.765
4.761
4.757
4.753
4.749
4.745
4.741
4.737
4.733
4.729
4.725
4.721
4.718
4.714
4.71
4.706
4.702
4.698
4.694
4.69
4.686
4.682
4.678
4.674
4.67
4.666
4.662
4.658
4.654
4.65
4.646
4.642
4.638
4.634
4.63
4.626
4.622
4.618
4.614
4.61
4.606
4.602
4.598
4.594
4.59
4.586
4.582
4.578
4.574
4.57
4.566
4.562
4.558
4.554
4.55
4.547
4.543
4.539
4.535
4.531
4.527
4.523
4.519
4.515
4.511
4.507
4.503
4.499
4.495
4.491
4.487
4.483
4.479
4.475
4.471
4.467
4.463
4.459
4.455
4.451
4.447
4.443
4.439
4.435
4.431
4.427
4.423
4.419
4.415
4.411
4.407
4.403
4.399
4.395
4.391
4.387
4.383
4.38
4.376
4.372
4.368
4.364
4.36
4.356
4.352
4.348
4.344
4.34
4.336
4.332
4.328
4.324
4.32
4.316
4.312
4.308
4.304
4.3
4.296
4.292
4.288
4.284
4.28
4.276
4.272
4.268
4.264
4.26
4.256
4.252
4.248
4.244
4.24
4.236
4.232
4.228
4.224
4.22
4.216
4.213
4.209
4.205
4.201
4.197
4.193
4.189
4.185
4.181
4.177
4.173
4.169
4.165
4.161
4.157
4.153
4.149
4.145
4.141
4.137
4.133
4.129
4.125
4.121
4.117
4.113
4.109
4.105
4.101
4.097
4.093
4.089
4.085
4.081
4.077
4.073
4.069
4.065
4.061
4.057
4.053
4.049
4.046
4.042
4.038
4.034
4.03
4.026
4.022
4.018
4.014
4.01
4.006
4.002
3.998
3.994
3.99
3.986
3.982
3.978
3.974
3.97
3.966
3.962
3.958
3.954
3.95
3.946
3.942
3.938
3.934
3.93
3.926
3.922
3.918
3.914
3.91
3.906
3.902
3.898
3.894
3.89
3.886
3.882
3.878
3.875
3.871
3.867
3.863
3.859
3.855
3.851
3.847
3.843
3.839
3.835
3.831
3.827
3.823
3.819
3.815
3.811
3.807
3.803
3.799
3.795
3.791
3.787
3.783
3.779
3.775
3.771
3.767
3.763
3.759
3.755
3.751
3.747
3.743
3.739
3.735
3.731
3.727
3.723
3.719
3.715
3.711
3.708
3.704
3.7
3.696
3.692
3.688
3.684
3.68
3.676
3.672
3.668
3.664
3.66
3.656
3.652
3.648
3.644
3.64
3.636
3.632
3.628
3.624
3.62
3.616
3.612
3.608
3.604
3.6
3.596
3.592
3.588
3.584
3.58
3.576
3.572
3.568
3.564
3.56
3.556
3.552
3.548
3.544
3.541
3.537
3.533
3.529
3.525
3.521
3.517
3.513
3.509
3.505
3.501
3.497
3.493
3.489
3.485
3.481
3.477
3.473
3.469
3.465
3.461
3.457
3.453
3.449
3.445
3.441
3.437
3.433
3.429
3.425
3.421
3.417
3.413
3.409
3.405
3.401
3.397
3.393
3.389
3.385
3.381
3.377
3.374
3.37
3.366
3.362
3.358
3.354
3.35
3.346
3.342
3.338
3.334
3.33
3.326
3.322
3.318
3.314
3.31
3.306
3.302
3.298
3.294
3.29
3.286
3.282
3.278
3.274
3.27
3.266
3.262
3.258
3.254
3.25
3.246
3.242
3.238
3.234
3.23
3.226
3.222
3.218
3.214
3.21
3.206
3.203
3.199
3.195
3.191
3.187
3.183
3.179
3.175
3.171
3.167
3.163
3.159
3.155
3.151
3.147
3.143
3.139
3.135
3.131
3.127
3.123
3.119
3.115
3.111
3.107
3.103
3.099
3.095
3.091
3.087
3.083
3.079
3.075
3.071
3.067
3.063
3.059
3.055
3.051
3.047
3.043
3.039
3.036
3.032
3.028
3.024
3.02
3.016
3.012
3.008
3.004
3.0
2.996
2.992
2.988
2.984
2.98
2.976
2.972
2.968
2.964
2.96
2.956
2.952
2.948
2.944
2.94
2.936
2.932
2.928
2.924
2.92
2.916
2.912
2.908
2.904
2.9
2.896
2.892
2.888
2.884
2.88
2.876
2.872
2.869
2.865
2.861
2.857
2.853
2.849
2.845
2.841
2.837
2.833
2.829
2.825
2.821
2.817
2.813
2.809
2.805
2.801
2.797
2.793
2.789
2.785
2.781
2.777
2.773
2.769
2.765
2.761
2.757
2.753
2.749
2.745
2.741
2.737
2.733
2.729
2.725
2.721
2.717
2.713
2.709
2.705
2.702
2.698
2.694
2.69
2.686
2.682
2.678
2.674
2.67
2.666
2.662
2.658
2.654
2.65
2.646
2.642
2.638
2.634
2.63
2.626
2.622
2.618
2.614
2.61
2.606
2.602
2.598
2.594
2.59
2.586
2.582
2.578
2.574
2.57
2.566
2.562
2.558
2.554
2.55
2.546
2.542
2.538
2.534
2.531
2.527
2.523
2.519
2.515
2.511
2.507
2.503
2.499
2.495
2.491
2.487
2.483
2.479
2.475
2.471
2.467
2.463
2.459
2.455
2.451
2.447
2.443
2.439
2.435
2.431
2.427
2.423
2.419
2.415
2.411
2.407
2.403
2.399
2.395
2.391
2.387
2.383
2.379
2.375
2.371
2.367
2.364
2.36
2.356
2.352
2.348
2.344
2.34
2.336
2.332
2.328
2.324
2.32
2.316
2.312
2.308
2.304
2.3
2.296
2.292
2.288
2.284
2.28
2.276
2.272
2.268
2.264
2.26
2.256
2.252
2.248
2.244
2.24
2.236
2.232
2.228
2.224
2.22
2.216
2.212
2.208
2.204
2.2
2.197
2.193
2.189
2.185
2.181
2.177
2.173
2.169
2.165
2.161
2.157
2.153
2.149
2.145
2.141
2.137
2.133
2.129
2.125
2.121
2.117
2.113
2.109
2.105
2.101
2.097
2.093
2.089
2.085
2.081
2.077
2.073
2.069
2.065
2.061
2.057
2.053
2.049
2.045
2.041
2.037
2.033
2.03
2.026
2.022
2.018
2.014
2.01
2.006
2.002
1.998
1.994
1.99
1.986
1.982
1.978
1.974
1.97
1.966
1.962
1.958
1.954
1.95
1.946
1.942
1.938
1.934
1.93
1.926
1.922
1.918
1.914
1.91
1.906
1.902
1.898
1.894
1.89
1.886
1.882
1.878
1.874
1.87
1.866
1.863
1.859
1.855
1.851
1.847
1.843
1.839
1.835
1.831
1.827
1.823
1.819
1.815
1.811
1.807
1.803
1.799
1.795
1.791
1.787
1.783
1.779
1.775
1.771
1.767
1.763
1.759
1.755
1.751
1.747
1.743
1.739
1.735
1.731
1.727
1.723
1.719
1.715
1.711
1.707
1.703
1.699
1.695
1.692
1.688
1.684
1.68
1.676
1.672
1.668
1.664
1.66
1.656
1.652
1.648
1.644
1.64
1.636
1.632
1.628
1.624
1.62
1.616
1.612
1.608
1.604
1.6
1.596
1.592
1.588
1.584
1.58
1.576
1.572
1.568
1.564
1.56
1.556
1.552
1.548
1.544
1.54
1.536
1.532
1.528
1.525
1.521
1.517
1.513
1.509
1.505
1.501
1.497
1.493
1.489
1.485
1.481
1.477
1.473
1.469
1.465
1.461
1.457
1.453
1.449
1.445
1.441
1.437
1.433
1.429
1.425
1.421
1.417
1.413
1.409
1.405
1.401
1.397
1.393
1.389
1.385
1.381
1.377
1.373
1.369
1.365
1.361
1.358
1.354
1.35
1.346
1.342
1.338
1.334
1.33
1.326
1.322
1.318
1.314
1.31
1.306
1.302
1.298
1.294
1.29
1.286
1.282
1.278
1.274
1.27
1.266
1.262
1.258
1.254
1.25
1.246
1.242
1.238
1.234
1.23
1.226
1.222
1.218
1.214
1.21
1.206
1.202
1.198
1.194
1.191
1.187
1.183
1.179
1.175
1.171
1.167
1.163
1.159
1.155
1.151
1.147
1.143
1.139
1.135
1.131
1.127
1.123
1.119
1.115
1.111
1.107
1.103
1.099
1.095
1.091
1.087
1.083
1.079
1.075
1.071
1.067
1.063
1.059
1.055
1.051
1.047
1.043
1.039
1.035
1.031
1.027
1.023
1.02
1.016
1.012
1.008
1.004
1.0
1.0
1.0
1.0
1.0
1.0
1.0
1.0
1.0
1.0
1.0
1.0
1.0
1.0
1.0
1.0
1.0
1.0
1.0
1.0
1.0
1.0
1.0
1.0
1.0
1.0
1.0
1.0
1.0
1.0
1.0
1.0
1.0
1.0
1.0
1.0
1.0
1.0
1.0
1.0
1.0
1.0
1.0
1.0
1.0
1.0
1.0
1.0
1.0
1.0
1.0
1.0
1.0
1.0
1.0
1.0
1.0
1.0
1.0
1.0
1.0
1.0
1.0
1.0
1.0
1.0
1.0
1.0
1.0
1.0
1.0
1.0
1.0
1.0
1.0
1.0
1.0
1.0
1.0
1.0
1.0
1.0
1.0
1.0
1.0
1.0
1.0
1.0
1.0
1.0
1.0
1.0
1.0
1.0
1.0
1.0
1.0
1.0
1.0
1.0
1.0
1.0
1.0
1.0
1.0
1.0
1.0
1.0
1.0
1.0
1.0
1.0
1.0
1.0
1.0
1.0
1.0
1.0
1.0
1.0
1.0
1.0
1.0
1.0
1.0
1.0
1.0
1.0
1.0
1.0
1.0
1.0
1.0
1.0
1.0
1.0
1.0
1.0
1.0
1.0
1.0
1.0
1.0
1.0
1.0
1.0
1.0
1.0
1.0
1.0
1.0
1.0
1.0
1.0
1.0
1.0
1.0
1.0
1.0
1.0
1.0
1.0
1.0
1.0
1.0
1.0
1.0
1.0
1.0
1.0
1.0
1.0
1.0
1.0
1.0
1.0
1.0
1.0
1.0
1.0
1.0
1.0
1.0
1.0
1.0
1.0
1.0
1.0
1.0
1.0
1.0
1.0
1.0
1.0
1.0
1.0
1.0
1.0
1.0
1.0
1.0
1.0
1.0
1.0
1.0
1.0
1.0
1.0
1.0
1.0
1.0
1.0
1.0
1.0
1.0
1.0
1.0
1.0
1.0
1.0
1.0
1.0
1.0
1.0
1.0
1.0
1.0
1.0
1.0
1.0
1.0
1.0
1.0
1.0
1.0
1.0
1.0
1.0
1.0
1.0
1.0
1.0
1.0
1.0
1.0
1.0
1.0
1.0
1.0
1.0
1.0
1.0
1.0
1.0
1.0
1.0
1.0
1.0
1.0
1.0
1.0
1.0
1.0
1.0
1.0
1.0
1.0
1.0
1.0
1.0
1.0
1.0
1.0
1.0
1.0
1.0
1.0
1.0
1.0
1.0
1.0
1.0
1.0
1.0
1.0
1.0
1.0
1.0
1.0
1.0
1.0
1.0
1.0
1.0
1.0
1.0
1.0
1.0
1.0
1.0
1.0
1.0
1.0
1.0
1.0
1.0
1.0
1.0
1.0
1.0
1.0
1.0
1.0
1.0
1.0
1.0
1.0
1.0
1.0
1.0
1.0
1.0
1.0
1.0
1.0
1.0
1.0
1.0
1.0
1.0
1.0
1.0
1.0
1.0
1.0
1.0
1.0
1.0
1.0
1.0
1.0
1.0
1.0
1.0
1.0
1.0
1.0
1.0
1.0
1.0
1.0
1.0
1.0
1.0
1.0
1.0
1.0
1.0
1.0
1.0
1.0
1.0
1.0
1.0
1.0
1.0
1.0
1.0
1.0
1.0
1.0
1.0
1.0
1.0
1.0
1.0
1.0
1.0
1.0
1.0
1.0
1.0
1.0
1.0
1.0
1.0
1.0
1.0
1.0
1.0
1.0
1.0
1.0
1.0
1.0
1.0
1.0
1.0
1.0
1.0
1.0
1.0
1.0
1.0
1.0
1.0
1.0
1.0
1.0
1.0
1.0
1.0
1.0
1.0
1.0
1.0
1.0
1.0
1.0
1.0
1.0
1.0
1.0
1.0
1.0
1.0
1.0
1.0
1.0
1.0
1.0
1.0
1.0
1.0
1.0
1.0
1.0
1.0
1.0
1.0
1.0
1.0
1.0
1.0
1.0
1.0
1.0
1.0
