3.0
3.004
3.008
3.011
3.015
3.019
3.023
3.027
3.03
3.034
3.038
3.042
3.046
3.049
3.053
3.057
3.061
3.065
3.068
3.072
3.076
3.08
3.084
3.087
3.091
3.095
3.099
3.103
3.106
3.11
3.114
3.118
3.122
3.125
3.129
3.133
3.137
3.141
3.144
3.148
3.152
3.156
3.16
3.163
3.167
3.171
3.175
3.179
3.182
3.186
3.19
3.194
3.198
3.201
3.205
3.209
3.213
3.217
3.22
3.224
3.228
3.232
3.236
3.239
3.243
3.247
3.251
3.255
3.258
3.262
3.266
3.27
3.274
3.277
3.281
3.285
3.289
3.293
3.296
3.3
3.304
3.308
3.312
3.316
3.319
3.323
3.327
3.331
3.335
3.338
3.342
3.346
3.35
3.354
3.357
3.361
3.365
3.369
3.373
3.376
3.38
3.384
3.388
3.392
3.395
3.399
3.403
3.407
3.411
3.414
3.418
3.422
3.426
3.43
3.433
3.437
3.441
3.445
3.449
3.452
3.456
3.46
3.464
3.468
3.471
3.475
3.479
3.483
3.487
3.49
3.494
3.498
3.502
3.506
3.509
3.513
3.517
3.521
3.525
3.528
3.532
3.536
3.54
3.544
3.547
3.551
3.555
3.559
3.563
3.566
3.57
3.574
3.578
3.582
3.585
3.589
3.593
3.597
3.601
3.604
3.608
3.612
3.616
3.62
3.623
3.627
3.631
3.635
3.639
3.642
3.646
3.65
3.654
3.658
3.661
3.665
3.669
3.673
3.677
3.68
3.684
3.688
3.692
3.696
3.699
3.703
3.707
3.711
3.715
3.718
3.722
3.726
3.73
3.734
3.737
3.741
3.745
3.749
3.753
3.756
3.76
3.764
3.768
3.772
3.775
3.779
3.783
3.787
3.791
3.794
3.798
3.802
3.806
3.81
3.813
3.817
3.821
3.825
3.829
3.832
3.836
3.84
3.844
3.848
3.851
3.855
3.859
3.863
3.867
3.87
3.874
3.878
3.882
3.886
3.889
3.893
3.897
3.901
3.905
3.908
3.912
3.916
3.92
3.924
3.927
3.931
3.935
3.939
3.943
3.947
3.95
3.954
3.958
3.962
3.966
3.969
3.973
3.977
3.981
3.985
3.988
3.992
3.996
4.0
4.004
4.007
4.011
4.015
4.019
4.023
4.026
4.03
4.034
4.038
4.042
4.045
4.049
4.053
4.057
4.061
4.064
4.068
4.072
4.076
4.08
4.083
4.087
4.091
4.095
4.099
4.102
4.106
4.11
4.114
4.118
4.121
4.125
4.129
4.133
4.137
4.14
4.144
4.148
4.152
4.156
4.159
4.163
4.167
4.171
4.175
4.178
4.182
4.186
4.19
4.194
4.197
4.201
4.205
4.209
4.213
4.216
4.22
4.224
4.228
4.232
4.235
4.239
4.243
4.247
4.251
4.254
4.258
4.262
4.266
4.27
4.273
4.277
4.281
4.285
4.289
4.292
4.296
4.3
4.304
4.308
4.311
4.315
4.319
4.323
4.327
4.33
4.334
4.338
4.342
4.346
4.349
4.353
4.357
4.361
4.365
4.368
4.372
4.376
4.38
4.384
4.387
4.391
4.395
4.399
4.403
4.406
4.41
4.414
4.418
4.422
4.425
4.429
4.433
4.437
4.441
4.444
4.448
4.452
4.456
4.46
4.463
4.467
4.471
4.475
4.479
4.482
4.486
4.49
4.494
4.498
4.501
4.505
4.509
4.513
4.517
4.52
4.524
4.528
4.532
4.536
4.539
4.543
4.547
4.551
4.555
4.558
4.562
4.566
4.57
4.574
4.578
4.581
4.585
4.589
4.593
4.597
4.6
4.604
4.608
4.612
4.616
4.619
4.623
4.627
4.631
4.635
4.638
4.642
4.646
4.65
4.654
4.657
4.661
4.665
4.669
4.673
4.676
4.68
4.684
4.688
4.692
4.695
4.699
4.703
4.707
4.711
4.714
4.718
4.722
4.726
4.73
4.733
4.737
4.741
4.745
4.749
4.752
4.756
4.76
4.764
4.768
4.771
4.775
4.779
4.783
4.787
4.79
4.794
4.798
4.802
4.806
4.809
4.813
4.817
4.821
4.825
4.828
4.832
4.836
4.84
4.844
4.847
4.851
4.855
4.859
4.863
4.866
4.87
4.874
4.878
4.882
4.885
4.889
4.893
4.897
4.901
4.904
4.908
4.912
4.916
4.92
4.923
4.927
4.931
4.935
4.939
4.942
4.946
4.95
4.954
4.958
4.961
4.965
4.969
4.973
4.977
4.98
4.984
4.988
4.992
4.996
4.999
4.994
4.986
4.978
4.971
4.963
4.956
4.948
4.94
4.933
4.925
4.917
4.91
4.902
4.895
4.887
4.879
4.872
4.864
4.857
4.849
4.841
4.834
4.826
4.819
4.811
4.803
4.796
4.788
4.781
4.773
4.765
4.758
4.75
4.743
4.735
4.727
4.72
4.712
4.705
4.697
4.689
4.682
4.674
4.667
4.659
4.651
4.644
4.636
4.629
4.621
4.613
4.606
4.598
4.591
4.583
4.575
4.568
4.56
4.553
4.545
4.537
4.53
4.522
4.515
4.507
4.499
4.492
4.484
4.477
4.469
4.461
4.454
4.446
4.439
4.431
4.423
4.416
4.408
4.401
4.393
4.385
4.378
4.37
4.363
4.355
4.347
4.34
4.332
4.325
4.317
4.309
4.302
4.294
4.286
4.279
4.271
4.264
4.256
4.248
4.241
4.233
4.226
4.218
4.21
4.203
4.195
4.188
4.18
4.172
4.165
4.157
4.15
4.142
4.134
4.127
4.119
4.112
4.104
4.096
4.089
4.081
4.074
4.066
4.058
4.051
4.043
4.036
4.028
4.02
4.013
4.005
3.998
3.99
3.982
3.975
3.967
3.96
3.952
3.944
3.937
3.929
3.922
3.914
3.906
3.899
3.891
3.884
3.876
3.868
3.861
3.853
3.846
3.838
3.83
3.823
3.815
3.808
3.8
3.792
3.785
3.777
3.77
3.762
3.754
3.747
3.739
3.732
3.724
3.716
3.709
3.701
3.694
3.686
3.678
3.671
3.663
3.655
3.648
3.64
3.633
3.625
3.617
3.61
3.602
3.595
3.587
3.579
3.572
3.564
3.557
3.549
3.541
3.534
3.526
3.519
3.511
3.503
3.496
3.488
3.481
3.473
3.465
3.458
3.45
3.443
3.435
3.427
3.42
3.412
3.405
3.397
3.389
3.382
3.374
3.367
3.359
3.351
3.344
3.336
3.329
3.321
3.313
3.306
3.298
3.291
3.283
3.275
3.268
3.26
3.253
3.245
3.237
3.23
3.222
3.215
3.207
3.199
3.192
3.184
3.177
3.169
3.161
3.154
3.146
3.139
3.131
3.123
3.116
3.108
3.101
3.093
3.085
3.078
3.07
3.063
3.055
3.047
3.04
3.032
3.024
3.017
3.009
3.002
3.009
3.02
3.032
3.043
3.054
3.066
3.077
3.089
3.1
3.112
3.123
3.134
3.146
3.157
3.169
3.18
3.191
3.203
3.214
3.226
3.237
3.248
3.26
3.271
3.283
3.294
3.305
3.317
3.328
3.34
3.351
3.362
3.374
3.385
3.397
3.408
3.419
3.431
3.442
3.454
3.465
3.476
3.488
3.499
3.511
3.522
3.533
3.545
3.556
3.568
3.579
3.59
3.602
3.613
3.625
3.636
3.647
3.659
3.67
3.682
3.693
3.704
3.716
3.727
3.739
3.75
3.762
3.773
3.784
3.796
3.807
3.819
3.83
3.841
3.853
3.864
3.876
3.887
3.898
3.91
3.921
3.933
3.944
3.955
3.967
3.978
3.99
4.001
4.012
4.024
4.035
4.047
4.058
4.069
4.081
4.092
4.104
4.115
4.126
4.138
4.149
4.161
4.172
4.183
4.195
4.206
4.218
4.229
4.24
4.252
4.263
4.275
4.286
4.297
4.309
4.32
4.332
4.343
4.354
4.366
4.377
4.389
4.4
4.412
4.423
4.434
4.446
4.457
4.469
4.48
4.491
4.503
4.514
4.526
4.537
4.548
4.56
4.571
4.583
4.594
4.605
4.617
4.628
4.64
4.651
4.662
4.674
4.685
4.697
4.708
4.719
4.731
4.742
4.754
4.765
4.776
4.788
4.799
4.811
4.822
4.833
4.845
4.856
4.868
4.879
4.89
4.902
4.913
4.925
4.936
4.947
4.959
4.97
4.982
4.993
5.005
5.016
5.027
5.039
5.05
5.062
5.073
5.084
5.096
5.107
5.119
5.13
5.141
5.153
5.164
5.176
5.187
5.198
5.21
5.221
5.233
5.244
5.255
5.267
5.278
5.29
5.301
5.312
5.324
5.335
5.347
5.358
5.369
5.381
5.392
5.404
5.415
5.426
5.438
5.449
5.461
5.472
5.483
5.495
5.506
5.518
5.529
5.54
5.552
5.563
5.575
5.586
5.597
5.609
5.62
5.632
5.643
5.655
5.666
5.677
5.689
5.7
5.712
5.723
5.734
5.746
5.757
5.769
5.78
5.791
5.803
5.814
5.826
5.837
5.848
5.86
5.871
5.883
5.894
5.905
5.917
5.928
5.94
5.951
5.962
5.974
5.985
5.997
6.008
6.019
6.031
6.042
6.054
6.065
6.076
6.088
6.099
6.111
6.122
6.133
6.145
6.156
6.168
6.179
6.19
6.202
6.213
6.225
6.236
6.248
6.259
6.27
6.282
6.293
6.305
6.316
6.327
6.339
6.35
6.362
6.373
6.384
6.396
6.407
6.419
6.43
6.441
6.453
6.464
6.476
6.487
6.498
6.51
6.521
6.533
6.544
6.555
6.567
6.578
6.59
6.601
6.612
6.624
6.635
6.647
6.658
6.669
6.681
6.692
6.704
6.715
6.726
6.738
6.749
6.761
6.772
6.783
6.795
6.806
6.818
6.829
6.84
6.852
6.863
6.875
6.886
6.898
6.909
6.92
6.932
6.943
6.955
6.966
6.977
6.989
7.0
7.012
7.023
7.034
7.046
7.057
7.069
7.08
7.091
7.103
7.114
7.126
7.137
7.148
7.16
7.171
7.183
7.194
7.205
7.217
7.228
7.24
7.251
7.262
7.274
7.285
7.297
7.308
7.319
7.331
7.342
7.354
7.365
7.376
7.388
7.399
7.411
7.422
7.433
7.445
7.456
7.468
7.479
7.49
7.502
7.513
7.525
7.536
7.548
7.559
7.57
7.582
7.593
7.605
7.616
7.627
7.639
7.65
7.662
7.673
7.684
7.696
7.707
7.719
7.73
7.741
7.753
7.764
7.776
7.787
7.798
7.81
7.821
7.833
7.844
7.855
7.867
7.878
7.89
7.901
7.912
7.924
7.935
7.947
7.958
7.969
7.981
7.992
8.004
8.015
8.026
8.038
8.049
8.061
8.072
8.083
8.095
8.106
8.118
8.129
8.141
8.152
8.163
8.175
8.186
8.198
8.209
8.22
8.232
8.243
8.255
8.266
8.277
8.289
8.3
8.312
8.323
8.334
8.346
8.357
8.369
8.38
8.391
8.403
8.414
8.426
8.437
8.448
8.46
8.471
8.483
8.494
8.505
8.517
8.528
8.54
8.551
8.562
8.574
8.585
8.597
8.608
8.619
8.631
8.642
8.654
8.665
8.676
8.688
8.699
8.711
8.722
8.733
8.745
8.756
8.768
8.779
8.791
8.802
8.813
8.825
8.836
8.848
8.859
8.87
8.882
8.893
8.905
8.916
8.927
8.939
8.95
8.962
8.973
8.984
8.996
9.001
9.002
9.003
9.005
9.006
9.007
9.008
9.01
9.011
9.012
9.013
9.015
9.016
9.017
9.019
9.02
9.021
9.022
9.024
9.025
9.026
9.027
9.029
9.03
9.031
9.032
9.034
9.035
9.036
9.038
9.039
9.04
9.041
9.043
9.044
9.045
9.046
9.048
9.049
9.05
9.051
9.053
9.054
9.055
9.057
9.058
9.059
9.06
9.062
9.063
9.064
9.065
9.067
9.068
9.069
9.07
9.072
9.073
9.074
9.076
9.077
9.078
9.079
9.081
9.082
9.083
9.084
9.086
9.087
9.088
9.089
9.091
9.092
9.093
9.095
9.096
9.097
9.098
9.1
9.101
9.102
9.103
9.105
9.106
9.107
9.108
9.11
9.111
9.112
9.114
9.115
9.116
9.117
9.119
9.12
9.121
9.122
9.124
9.125
9.126
9.128
9.129
9.13
9.131
9.133
9.134
9.135
9.136
9.138
9.139
9.14
9.141
9.143
9.144
9.145
9.147
9.148
9.149
9.15
9.152
9.153
9.154
9.155
9.157
9.158
9.159
9.16
9.162
9.163
9.164
9.166
9.167
9.168
9.169
9.171
9.172
9.173
9.174
9.176
9.177
9.178
9.179
9.181
9.182
9.183
9.185
9.186
9.187
9.188
9.19
9.191
9.192
9.193
9.195
9.196
9.197
9.198
9.2
9.201
9.202
9.204
9.205
9.206
9.207
9.209
9.21
9.211
9.212
9.214
9.215
9.216
9.217
9.219
9.22
9.221
9.223
9.224
9.225
9.226
9.228
9.229
9.23
9.231
9.233
9.234
9.235
9.236
9.238
9.239
9.24
9.242
9.243
9.244
9.245
9.247
9.248
9.249
9.25
9.252
9.253
9.254
9.255
9.257
9.258
9.259
9.261
9.262
9.263
9.264
9.266
9.267
9.268
9.269
9.271
9.272
9.273
9.274
9.276
9.277
9.278
9.28
9.281
9.282
9.283
9.285
9.286
9.287
9.288
9.29
9.291
9.292
9.293
9.295
9.296
9.297
9.299
9.3
9.301
9.302
9.304
9.305
9.306
9.307
9.309
9.31
9.311
9.312
9.314
9.315
9.316
9.318
9.319
9.32
9.321
9.323
9.324
9.325
9.326
9.328
9.329
9.33
9.332
9.333
9.334
9.335
9.337
9.338
9.339
9.34
9.342
9.343
9.344
9.345
9.347
9.348
9.349
9.351
9.352
9.353
9.354
9.356
9.357
9.358
9.359
9.361
9.362
9.363
9.364
9.366
9.367
9.368
9.37
9.371
9.372
9.373
9.375
9.376
9.377
9.378
9.38
9.381
9.382
9.383
9.385
9.386
9.387
9.389
9.39
9.391
9.392
9.394
9.395
9.396
9.397
9.399
9.4
9.401
9.402
9.404
9.405
9.406
9.408
9.409
9.41
9.411
9.413
9.414
9.415
9.416
9.418
9.419
9.42
9.421
9.423
9.424
9.425
9.427
9.428
9.429
9.43
9.432
9.433
9.434
9.435
9.437
9.438
9.439
9.44
9.442
9.443
9.444
9.446
9.447
9.448
9.449
9.451
9.452
9.453
9.454
9.456
9.457
9.458
9.459
9.461
9.462
9.463
9.465
9.466
9.467
9.468
9.47
9.471
9.472
9.473
9.475
9.476
9.477
9.478
9.48
9.481
9.482
9.484
9.485
9.486
9.487
9.489
9.49
9.491
9.492
9.494
9.495
9.496
9.497
9.499
9.5
9.501
9.503
9.504
9.505
9.506
9.508
9.509
9.51
9.511
9.513
9.514
9.515
9.516
9.518
9.519
9.52
9.522
9.523
9.524
9.525
9.527
9.528
9.529
9.53
9.532
9.533
9.534
9.536
9.537
9.538
9.539
9.541
9.542
9.543
9.544
9.546
9.547
9.548
9.549
9.551
9.552
9.553
9.555
9.556
9.557
9.558
9.56
9.561
9.562
9.563
9.565
9.566
9.567
9.568
9.57
9.571
9.572
9.574
9.575
9.576
9.577
9.579
9.58
9.581
9.582
9.584
9.585
9.586
9.587
9.589
9.59
9.591
9.593
9.594
9.595
9.596
9.598
9.599
9.6
9.601
9.603
9.604
9.605
9.606
9.608
9.609
9.61
9.612
9.613
9.614
9.615
9.617
9.618
9.619
9.62
9.622
9.623
9.624
9.625
9.627
9.628
9.629
9.631
9.632
9.633
9.634
9.636
9.637
9.638
9.639
9.641
9.642
9.643
9.644
9.646
9.647
9.648
9.65
9.651
9.652
9.653
9.655
9.656
9.657
9.658
9.66
9.661
9.662
9.663
9.665
9.666
9.667
9.669
9.67
9.671
9.672
9.674
9.675
9.676
9.677
9.679
9.68
9.681
9.682
9.684
9.685
9.686
9.688
9.689
9.69
9.691
9.693
9.694
9.695
9.696
9.698
9.699
9.7
9.701
9.703
9.704
9.705
9.707
9.708
9.709
9.71
9.712
9.713
9.714
9.715
9.717
9.718
9.719
9.72
9.722
9.723
9.724
9.726
9.727
9.728
9.729
9.731
9.732
9.733
9.734
9.736
9.737
9.738
9.739
9.741
9.742
9.743
9.745
9.746
9.747
9.748
9.75
9.751
9.752
9.753
9.755
9.756
9.757
9.759
9.76
9.761
9.762
9.764
9.765
9.766
9.767
9.769
9.77
9.771
9.772
9.774
9.775
9.776
9.778
9.779
9.78
9.781
9.783
9.784
9.785
9.786
9.788
9.789
9.79
9.791
9.793
9.794
9.795
9.797
9.798
9.799
9.8
9.802
9.803
9.804
9.805
9.807
9.808
9.809
9.81
9.812
9.813
9.814
9.816
9.817
9.818
9.819
9.821
9.822
9.823
9.824
9.826
9.827
9.828
9.829
9.831
9.832
9.833
9.835
9.836
9.837
9.838
9.84
9.841
9.842
9.843
9.845
9.846
9.847
9.848
9.85
9.851
9.852
9.854
9.855
9.856
9.857
9.859
9.86
9.861
9.862
9.864
9.865
9.866
9.867
9.869
9.87
9.871
9.873
9.874
9.875
9.876
9.878
9.879
9.88
9.881
9.883
9.884
9.885
9.886
9.888
9.889
9.89
9.892
9.893
9.894
9.895
9.897
9.898
9.899
9.9
9.902
9.903
9.904
9.905
9.907
9.908
9.909
9.911
9.912
9.913
9.914
9.916
9.917
9.918
9.919
9.921
9.922
9.923
9.924
9.926
9.927
9.928
9.93
9.931
9.932
9.933
9.935
9.936
9.937
9.938
9.94
9.941
9.942
9.943
9.945
9.946
9.947
9.949
9.95
9.951
9.952
9.954
9.955
9.956
9.957
9.959
9.96
9.961
9.963
9.964
9.965
9.966
9.968
9.969
9.97
9.971
9.973
9.974
9.975
9.976
9.978
9.979
9.98
9.982
9.983
9.984
9.985
9.987
9.988
9.989
9.99
9.992
9.993
9.994
9.995
9.997
9.998
9.999
10.001
10.002
10.003
10.004
10.006
10.007
10.008
10.009
10.011
10.012
10.013
10.014
10.016
10.017
10.018
10.02
10.021
10.022
10.023
10.025
10.026
10.027
10.028
10.03
10.031
10.032
10.033
10.035
10.036
10.037
10.039
10.04
10.041
10.042
10.044
10.045
10.046
10.047
10.049
10.05
10.051
10.052
10.054
10.055
10.056
10.058
10.059
10.06
10.061
10.063
10.064
10.065
10.066
10.068
10.069
10.07
10.071
10.073
10.074
10.075
10.077
10.078
10.079
10.08
10.082
10.083
10.084
10.085
10.087
10.088
10.089
10.09
10.092
10.093
10.094
10.096
10.097
10.098
10.099
10.101
10.102
10.103
10.104
10.106
10.107
10.108
10.109
10.111
10.112
10.113
10.115
10.116
10.117
10.118
10.12
10.121
10.122
10.123
10.125
10.126
10.127
10.128
10.13
10.131
10.132
10.134
10.135
10.136
10.137
10.139
10.14
10.141
10.142
10.144
10.145
10.146
10.147
10.149
10.15
10.151
10.153
10.154
10.155
10.156
10.158
10.159
10.16
10.161
10.163
10.164
10.165
10.167
10.168
10.169
10.17
10.172
10.173
10.174
10.175
10.177
10.178
10.179
10.18
10.182
10.183
10.184
10.186
10.187
10.188
10.189
10.191
10.192
10.193
10.194
10.196
10.197
10.198
10.199
10.201
10.202
10.203
10.205
10.206
10.207
10.208
10.21
10.211
10.212
10.213
10.215
10.216
10.217
10.218
10.22
10.221
10.222
10.224
10.225
10.226
10.227
10.229
10.23
10.231
10.232
10.234
10.235
10.236
10.237
10.239
10.24
10.241
10.243
10.244
10.245
10.246
10.248
10.249
10.25
10.251
10.253
10.254
10.255
10.256
10.258
10.259
10.26
10.262
10.263
10.264
10.265
10.267
10.268
10.269
10.27
10.272
10.273
10.274
10.275
10.277
10.278
10.279
10.281
10.282
10.283
10.284
10.286
10.287
10.288
10.289
10.291
10.292
10.293
10.294
10.296
10.297
10.298
10.3
10.301
10.302
10.303
10.305
10.306
10.307
10.308
10.31
10.311
10.312
10.313
10.315
10.316
10.317
10.319
10.32
10.321
10.322
10.324
10.325
10.326
10.327
10.329
10.33
10.331
10.332
10.334
10.335
10.336
10.338
10.339
10.34
10.341
10.343
10.344
10.345
10.346
10.348
10.349
10.35
10.351
10.353
10.354
10.355
10.357
10.358
10.359
10.36
10.362
10.363
10.364
10.365
10.367
10.368
10.369
10.371
10.372
10.373
10.374
10.376
10.377
10.378
10.379
10.381
10.382
10.383
10.384
10.386
10.387
10.388
10.39
10.391
10.392
10.393
10.395
10.396
10.397
10.398
10.4
10.401
10.402
10.403
10.405
10.406
10.407
10.409
10.41
10.411
10.412
10.414
10.415
10.416
10.417
10.419
10.42
10.421
10.422
10.424
10.425
10.426
10.428
10.429
10.43
10.431
10.433
10.434
10.435
10.436
10.438
10.439
10.44
10.441
10.443
10.444
10.445
10.447
10.448
10.449
10.45
10.452
10.453
10.454
10.455
10.457
10.458
10.459
10.46
10.462
10.463
10.464
10.466
10.467
10.468
10.469
10.471
10.472
10.473
10.474
10.476
10.477
10.478
10.479
10.481
10.482
10.483
10.485
10.486
10.487
10.488
10.49
10.491
10.492
10.493
10.495
10.496
10.497
10.498
10.5
10.501
10.502
10.504
10.505
10.506
10.507
10.509
10.51
10.511
10.512
10.514
10.515
10.516
10.517
10.519
10.52
10.521
10.523
10.524
10.525
10.526
10.528
10.529
10.53
10.531
10.533
10.534
10.535
10.536
10.538
10.539
10.54
10.542
10.543
10.544
10.545
10.547
10.548
10.549
10.55
10.552
10.553
10.554
10.555
10.557
10.558
10.559
10.561
10.562
10.563
10.564
10.566
10.567
10.568
10.569
10.571
10.572
10.573
10.574
10.576
10.577
10.578
10.58
10.581
10.582
10.583
10.585
10.586
10.587
10.588
10.59
10.591
10.592
10.594
10.595
10.596
10.597
10.599
10.6
10.601
10.602
10.604
10.605
10.606
10.607
10.609
10.61
10.611
10.613
10.614
10.615
10.616
10.618
10.619
10.62
10.621
10.623
10.624
10.625
10.626
10.628
10.629
10.63
10.632
10.633
10.634
10.635
10.637
10.638
10.639
10.64
10.642
10.643
10.644
10.645
10.647
10.648
10.649
10.651
10.652
10.653
10.654
10.656
10.657
10.658
10.659
10.661
10.662
10.663
10.664
10.666
10.667
10.668
10.67
10.671
10.672
10.673
10.675
10.676
10.677
10.678
10.68
10.681
10.682
10.683
10.685
10.686
10.687
10.689
10.69
10.691
10.692
10.694
10.695
10.696
10.697
10.699
10.7
10.701
10.702
10.704
10.705
10.706
10.708
10.709
10.71
10.711
10.713
10.714
10.715
10.716
10.718
10.719
10.72
10.721
10.723
10.724
10.725
10.727
10.728
10.729
10.73
10.732
10.733
10.734
10.735
10.737
10.738
10.739
10.74
10.742
10.743
10.744
10.746
10.747
10.748
10.749
10.751
10.752
10.753
10.754
10.756
10.757
10.758
10.759
10.761
10.762
10.763
10.765
10.766
10.767
10.768
10.77
10.771
10.772
10.773
10.775
10.776
10.777
10.778
10.78
10.781
10.782
10.784
10.785
10.786
10.787
10.789
10.79
10.791
10.792
10.794
10.795
10.796
10.798
10.799
10.8
10.801
10.803
10.804
10.805
10.806
10.808
10.809
10.81
10.811
10.813
10.814
10.815
10.817
10.818
10.819
10.82
10.822
10.823
10.824
10.825
10.827
10.828
10.829
10.83
10.832
10.833
10.834
10.836
10.837
10.838
10.839
10.841
10.842
10.843
10.844
10.846
10.847
10.848
10.849
10.851
10.852
10.853
10.855
10.856
10.857
10.858
10.86
10.861
10.862
10.863
10.865
10.866
10.867
10.868
10.87
10.871
10.872
10.874
10.875
10.876
10.877
10.879
10.88
10.881
10.882
10.884
10.885
10.886
10.887
10.889
10.89
10.891
10.893
10.894
10.895
10.896
10.898
10.899
10.9
10.901
10.903
10.904
10.905
10.906
10.908
10.909
10.91
10.912
10.913
10.914
10.915
10.917
10.918
10.919
10.92
10.922
10.923
10.924
10.925
10.927
10.928
10.929
10.931
10.932
10.933
10.934
10.936
10.937
10.938
10.939
10.941
10.942
10.943
10.944
10.946
10.947
10.948
10.95
10.951
10.952
10.953
10.955
10.956
10.957
10.958
10.96
10.961
10.962
10.963
10.965
10.966
10.967
10.969
10.97
10.971
10.972
10.974
10.975
10.976
10.977
10.979
10.98
10.981
10.982
10.984
10.985
10.986
10.988
10.989
10.99
10.991
10.993
10.994
10.995
10.996
10.998
10.999
11.0
11.002
11.003
11.004
11.005
11.007
11.008
11.009
11.01
11.012
11.013
11.014
11.015
11.017
11.018
11.019
11.021
11.022
11.023
11.024
11.026
11.027
11.028
11.029
11.031
11.032
11.033
11.034
11.036
11.037
11.038
11.04
11.041
11.042
11.043
11.045
11.046
11.047
11.048
11.05
11.051
11.052
11.053
11.055
11.056
11.057
11.059
11.06
11.061
11.062
11.064
11.065
11.066
11.067
11.069
11.07
11.071
11.072
11.074
11.075
11.076
11.078
11.079
11.08
11.081
11.083
11.084
11.085
11.086
11.088
11.089
11.09
11.091
11.093
11.094
11.095
11.097
11.098
11.099
11.1
11.102
11.103
11.104
11.105
11.107
11.108
11.109
11.11
11.112
11.113
11.114
11.116
11.117
11.118
11.119
11.121
11.122
11.123
11.124
11.126
11.127
11.128
11.129
11.131
11.132
11.133
11.135
11.136
11.137
11.138
11.14
11.141
11.142
11.143
11.145
11.146
11.147
11.148
11.15
11.151
11.152
11.154
11.155
11.156
11.157
11.159
11.16
11.161
11.162
11.164
11.165
11.166
11.167
11.169
11.17
11.171
11.173
11.174
11.175
11.176
11.178
11.179
11.18
11.181
11.183
11.184
11.185
11.186
11.188
11.189
11.19
11.192
11.193
11.194
11.195
11.197
11.198
11.199
11.2
11.202
11.203
11.204
11.206
11.207
11.208
11.209
11.211
11.212
11.213
11.214
11.216
11.217
11.218
11.219
11.221
11.222
11.223
11.225
11.226
11.227
11.228
11.23
11.231
11.232
11.233
11.235
11.236
11.237
11.238
11.24
11.241
11.242
11.244
11.245
11.246
11.247
11.249
11.25
11.251
11.252
11.254
11.255
11.256
11.257
11.259
11.26
11.261
11.263
11.264
11.265
11.266
11.268
11.269
11.27
11.271
11.273
11.274
11.275
11.276
11.278
11.279
11.28
11.282
11.283
11.284
11.285
11.287
11.288
11.289
11.29
11.292
11.293
11.294
11.295
11.297
11.298
11.299
11.301
11.302
11.303
11.304
11.306
11.307
11.308
11.309
11.311
11.312
11.313
11.314
11.316
11.317
11.318
11.32
11.321
11.322
11.323
11.325
11.326
11.327
11.328
11.33
11.331
11.332
11.333
11.335
11.336
11.337
11.339
11.34
11.341
11.342
11.344
11.345
11.346
11.347
11.349
11.35
11.351
11.352
11.354
11.355
11.356
11.358
11.359
11.36
11.361
11.363
11.364
11.365
11.366
11.368
11.369
11.37
11.371
11.373
11.374
11.375
11.377
11.378
11.379
11.38
11.382
11.383
11.384
11.385
11.387
11.388
11.389
11.39
11.392
11.393
11.394
11.396
11.397
11.398
11.399
11.401
11.402
11.403
11.404
11.406
11.407
11.408
11.409
11.411
11.412
11.413
11.415
11.416
11.417
11.418
11.42
11.421
11.422
11.423
11.425
11.426
11.427
11.429
11.43
11.431
11.432
11.434
11.435
11.436
11.437
11.439
11.44
11.441
11.442
11.444
11.445
11.446
11.448
11.449
11.45
11.451
11.453
11.454
11.455
11.456
11.458
11.459
11.46
11.461
11.463
11.464
11.465
11.467
11.468
11.469
11.47
11.472
11.473
11.474
11.475
11.477
11.478
11.479
11.48
11.482
11.483
11.484
11.486
11.487
11.488
11.489
11.491
11.492
11.493
11.494
11.496
11.497
11.498
11.499
11.501
11.502
11.503
11.505
11.506
11.507
11.508
11.51
11.511
11.512
11.513
11.515
11.516
11.517
11.518
11.52
11.521
11.522
11.524
11.525
11.526
11.527
11.529
11.53
11.531
11.532
11.534
11.535
11.536
11.537
11.539
11.54
11.541
11.543
11.544
11.545
11.546
11.548
11.549
11.55
11.551
11.553
11.554
11.555
11.556
11.558
11.559
11.56
11.562
11.563
11.564
11.565
11.567
11.568
11.569
11.57
11.572
11.573
11.574
11.575
11.577
11.578
11.579
11.581
11.582
11.583
11.584
11.586
11.587
11.588
11.589
11.591
11.592
11.593
11.594
11.596
11.597
11.598
11.6
11.601
11.602
11.603
11.605
11.606
11.607
11.608
11.61
11.611
11.612
11.613
11.615
11.616
11.617
11.619
11.62
11.621
11.622
11.624
11.625
11.626
11.627
11.629
11.63
11.631
11.633
11.634
11.635
11.636
11.638
11.639
11.64
11.641
11.643
11.644
11.645
11.646
11.648
11.649
11.65
11.652
11.653
11.654
11.655
11.657
11.658
11.659
11.66
11.662
11.663
11.664
11.665
11.667
11.668
11.669
11.671
11.672
11.673
11.674
11.676
11.677
11.678
11.679
11.681
11.682
11.683
11.684
11.686
11.687
11.688
11.69
11.691
11.692
11.693
11.695
11.696
11.697
11.698
11.7
11.701
11.702
11.703
11.705
11.706
11.707
11.709
11.71
11.711
11.712
11.714
11.715
11.716
11.717
11.719
11.72
11.721
11.722
11.724
11.725
11.726
11.728
11.729
11.73
11.731
11.733
11.734
11.735
11.736
11.738
11.739
11.74
11.741
11.743
11.744
11.745
11.747
11.748
11.749
11.75
11.752
11.753
11.754
11.755
11.757
11.758
11.759
11.76
11.762
11.763
11.764
11.766
11.767
11.768
11.769
11.771
11.772
11.773
11.774
11.776
11.777
11.778
11.779
11.781
11.782
11.783
11.785
11.786
11.787
11.788
11.79
11.791
11.792
11.793
11.795
11.796
11.797
11.798
11.8
11.801
11.802
11.804
11.805
11.806
11.807
11.809
11.81
11.811
11.812
11.814
11.815
11.816
11.817
11.819
11.82
11.821
11.823
11.824
11.825
11.826
11.828
11.829
11.83
11.831
11.833
11.834
11.835
11.837
11.838
11.839
11.84
11.842
11.843
11.844
11.845
11.847
11.848
11.849
11.85
11.852
11.853
11.854
11.856
11.857
11.858
11.859
11.861
11.862
11.863
11.864
11.866
11.867
11.868
11.869
11.871
11.872
11.873
11.875
11.876
11.877
11.878
11.88
11.881
11.882
11.883
11.885
11.886
11.887
11.888
11.89
11.891
11.892
11.894
11.895
11.896
11.897
11.899
11.9
11.901
11.902
11.904
11.905
11.906
11.907
11.909
11.91
11.911
11.913
11.914
11.915
11.916
11.918
11.919
11.92
11.921
11.923
11.924
11.925
11.926
11.928
11.929
11.93
11.932
11.933
11.934
11.935
11.937
11.938
11.939
11.94
11.942
11.943
11.944
11.945
11.947
11.948
11.949
11.951
11.952
11.953
11.954
11.956
11.957
11.958
11.959
11.961
11.962
11.963
11.964
11.966
11.967
11.968
11.97
11.971
11.972
11.973
11.975
11.976
11.977
11.978
11.98
11.981
11.982
11.983
11.985
11.986
11.987
11.989
11.99
11.991
11.992
11.994
11.995
11.996
11.997
11.999
12.0
11.995
11.989
11.983
11.977
11.972
11.966
11.96
11.955
11.949
11.943
11.937
11.932
11.926
11.92
11.915
11.909
11.903
11.898
11.892
11.886
11.88
11.875
11.869
11.863
11.858
11.852
11.846
11.841
11.835
11.829
11.823
11.818
11.812
11.806
11.801
11.795
11.789
11.784
11.778
11.772
11.766
11.761
11.755
11.749
11.744
11.738
11.732
11.727
11.721
11.715
11.709
11.704
11.698
11.692
11.687
11.681
11.675
11.67
11.664
11.658
11.652
11.647
11.641
11.635
11.63
11.624
11.618
11.612
11.607
11.601
11.595
11.59
11.584
11.578
11.573
11.567
11.561
11.555
11.55
11.544
11.538
11.533
11.527
11.521
11.516
11.51
11.504
11.498
11.493
11.487
11.481
11.476
11.47
11.464
11.459
11.453
11.447
11.441
11.436
11.43
11.424
11.419
11.413
11.407
11.402
11.396
11.39
11.384
11.379
11.373
11.367
11.362
11.356
11.35
11.345
11.339
11.333
11.327
11.322
11.316
11.31
11.305
11.299
11.293
11.287
11.282
11.276
11.27
11.265
11.259
11.253
11.248
11.242
11.236
11.23
11.225
11.219
11.213
11.208
11.202
11.196
11.191
11.185
11.179
11.173
11.168
11.162
11.156
11.151
11.145
11.139
11.134
11.128
11.122
11.116
11.111
11.105
11.099
11.094
11.088
11.082
11.077
11.071
11.065
11.059
11.054
11.048
11.042
11.037
11.031
11.025
11.019
11.014
11.008
11.002
10.997
10.991
10.985
10.98
10.974
10.968
10.962
10.957
10.951
10.945
10.94
10.934
10.928
10.923
10.917
10.911
10.905
10.9
10.894
10.888
10.883
10.877
10.871
10.866
10.86
10.854
10.848
10.843
10.837
10.831
10.826
10.82
10.814
10.809
10.803
10.797
10.791
10.786
10.78
10.774
10.769
10.763
10.757
10.752
10.746
10.74
10.734
10.729
10.723
10.717
10.712
10.706
10.7
10.694
10.689
10.683
10.677
10.672
10.666
10.66
10.655
10.649
10.643
10.637
10.632
10.626
10.62
10.615
10.609
10.603
10.598
10.592
10.586
10.58
10.575
10.569
10.563
10.558
10.552
10.546
10.541
10.535
10.529
10.523
10.518
10.512
10.506
10.501
10.495
10.489
10.484
10.478
10.472
10.466
10.461
10.455
10.449
10.444
10.438
10.432
10.427
10.421
10.415
10.409
10.404
10.398
10.392
10.387
10.381
10.375
10.369
10.364
10.358
10.352
10.347
10.341
10.335
10.33
10.324
10.318
10.312
10.307
10.301
10.295
10.29
10.284
10.278
10.273
10.267
10.261
10.255
10.25
10.244
10.238
10.233
10.227
10.221
10.216
10.21
10.204
10.198
10.193
10.187
10.181
10.176
10.17
10.164
10.159
10.153
10.147
10.141
10.136
10.13
10.124
10.119
10.113
10.107
10.102
10.096
10.09
10.084
10.079
10.073
10.067
10.062
10.056
10.05
10.044
10.039
10.033
10.027
10.022
10.016
10.01
10.005
9.999
9.993
9.987
9.982
9.976
9.97
9.965
9.959
9.953
9.948
9.942
9.936
9.93
9.925
9.919
9.913
9.908
9.902
9.896
9.891
9.885
9.879
9.873
9.868
9.862
9.856
9.851
9.845
9.839
9.834
9.828
9.822
9.816
9.811
9.805
9.799
9.794
9.788
9.782
9.777
9.771
9.765
9.759
9.754
9.748
9.742
9.737
9.731
9.725
9.719
9.714
9.708
9.702
9.697
9.691
9.685
9.68
9.674
9.668
9.662
9.657
9.651
9.645
9.64
9.634
9.628
9.623
9.617
9.611
9.605
9.6
9.594
9.588
9.583
9.577
9.571
9.566
9.56
9.554
9.548
9.543
9.537
9.531
9.526
9.52
9.514
9.509
9.503
9.497
9.491
9.486
9.48
9.474
9.469
9.463
9.457
9.451
9.446
9.44
9.434
9.429
9.423
9.417
9.412
9.406
9.4
9.394
9.389
9.383
9.377
9.372
9.366
9.36
9.355
9.349
9.343
9.337
9.332
9.326
9.32
9.315
9.309
9.303
9.298
9.292
9.286
9.28
9.275
9.269
9.263
9.258
9.252
9.246
9.241
9.235
9.229
9.223
9.218
9.212
9.206
9.201
9.195
9.189
9.184
9.178
9.172
9.166
9.161
9.155
9.149
9.144
9.138
9.132
9.126
9.121
9.115
9.109
9.104
9.098
9.092
9.087
9.081
9.075
9.069
9.064
9.058
9.052
9.047
9.041
9.035
9.03
9.024
9.018
9.012
9.007
9.001
8.997
8.994
8.99
8.987
8.984
8.98
8.977
8.974
8.97
8.967
8.963
8.96
8.957
8.953
8.95
8.947
8.943
8.94
8.936
8.933
8.93
8.926
8.923
8.92
8.916
8.913
8.909
8.906
8.903
8.899
8.896
8.893
8.889
8.886
8.882
8.879
8.876
8.872
8.869
8.865
8.862
8.859
8.855
8.852
8.849
8.845
8.842
8.838
8.835
8.832
8.828
8.825
8.822
8.818
8.815
8.811
8.808
8.805
8.801
8.798
8.795
8.791
8.788
8.784
8.781
8.778
8.774
8.771
8.767
8.764
8.761
8.757
8.754
8.751
8.747
8.744
8.74
8.737
8.734
8.73
8.727
8.724
8.72
8.717
8.713
8.71
8.707
8.703
8.7
8.697
8.693
8.69
8.686
8.683
8.68
8.676
8.673
8.669
8.666
8.663
8.659
8.656
8.653
8.649
8.646
8.642
8.639
8.636
8.632
8.629
8.626
8.622
8.619
8.615
8.612
8.609
8.605
8.602
8.599
8.595
8.592
8.588
8.585
8.582
8.578
8.575
8.572
8.568
8.565
8.561
8.558
8.555
8.551
8.548
8.544
8.541
8.538
8.534
8.531
8.528
8.524
8.521
8.517
8.514
8.511
8.507
8.504
8.501
8.497
8.494
8.49
8.487
8.484
8.48
8.477
8.474
8.47
8.467
8.463
8.46
8.457
8.453
8.45
8.446
8.443
8.44
8.436
8.433
8.43
8.426
8.423
8.419
8.416
8.413
8.409
8.406
8.403
8.399
8.396
8.392
8.389
8.386
8.382
8.379
8.376
8.372
8.369
8.365
8.362
8.359
8.355
8.352
8.349
8.345
8.342
8.338
8.335
8.332
8.328
8.325
8.321
8.318
8.315
8.311
8.308
8.305
8.301
8.298
8.294
8.291
8.288
8.284
8.281
8.278
8.274
8.271
8.267
8.264
8.261
8.257
8.254
8.251
8.247
8.244
8.24
8.237
8.234
8.23
8.227
8.223
8.22
8.217
8.213
8.21
8.207
8.203
8.2
8.196
8.193
8.19
8.186
8.183
8.18
8.176
8.173
8.169
8.166
8.163
8.159
8.156
8.153
8.149
8.146
8.142
8.139
8.136
8.132
8.129
8.126
8.122
8.119
8.115
8.112
8.109
8.105
8.102
8.098
8.095
8.092
8.088
8.085
8.082
8.078
8.075
8.071
8.068
8.065
8.061
8.058
8.055
8.051
8.048
8.044
8.041
8.038
8.034
8.031
8.028
8.024
8.021
8.017
8.014
8.011
8.007
8.004
8.0
7.997
7.994
7.99
7.987
7.984
7.98
7.977
7.973
7.97
7.967
7.963
7.96
7.957
7.953
7.95
7.946
7.943
7.94
7.936
7.933
7.93
7.926
7.923
7.919
7.916
7.913
7.909
7.906
7.902
7.899
7.896
7.892
7.889
7.886
7.882
7.879
7.875
7.872
7.869
7.865
7.862
7.859
7.855
7.852
7.848
7.845
7.842
7.838
7.835
7.832
7.828
7.825
7.821
7.818
7.815
7.811
7.808
7.805
7.801
7.798
7.794
7.791
7.788
7.784
7.781
7.777
7.774
7.771
7.767
7.764
7.761
7.757
7.754
7.75
7.747
7.744
7.74
7.737
7.734
7.73
7.727
7.723
7.72
7.717
7.713
7.71
7.707
7.703
7.7
7.696
7.693
7.69
7.686
7.683
7.679
7.676
7.673
7.669
7.666
7.663
7.659
7.656
7.652
7.649
7.646
7.642
7.639
7.636
7.632
7.629
7.625
7.622
7.619
7.615
7.612
7.609
7.605
7.602
7.598
7.595
7.592
7.588
7.585
7.582
7.578
7.575
7.571
7.568
7.565
7.561
7.558
7.554
7.551
7.548
7.544
7.541
7.538
7.534
7.531
7.527
7.524
7.521
7.517
7.514
7.511
7.507
7.504
7.5
7.497
7.494
7.49
7.487
7.484
7.48
7.477
7.473
7.47
7.467
7.463
7.46
7.456
7.453
7.45
7.446
7.443
7.44
7.436
7.433
7.429
7.426
7.423
7.419
7.416
7.413
7.409
7.406
7.402
7.399
7.396
7.392
7.389
7.386
7.382
7.379
7.375
7.372
7.369
7.365
7.362
7.359
7.355
7.352
7.348
7.345
7.342
7.338
7.335
7.331
7.328
7.325
7.321
7.318
7.315
7.311
7.308
7.304
7.301
7.298
7.294
7.291
7.288
7.284
7.281
7.277
7.274
7.271
7.267
7.264
7.261
7.257
7.254
7.25
7.247
7.244
7.24
7.237
7.233
7.23
7.227
7.223
7.22
7.217
7.213
7.21
7.206
7.203
7.2
7.196
7.193
7.19
7.186
7.183
7.179
7.176
7.173
7.169
7.166
7.163
7.159
7.156
7.152
7.149
7.146
7.142
7.139
7.135
7.132
7.129
7.125
7.122
7.119
7.115
7.112
7.108
7.105
7.102
7.098
7.095
7.092
7.088
7.085
7.081
7.078
7.075
7.071
7.068
7.065
7.061
7.058
7.054
7.051
7.048
7.044
7.041
7.038
7.034
7.031
7.027
7.024
7.021
7.017
7.014
7.01
7.007
7.004
7.0
6.997
6.994
6.99
6.987
6.983
6.98
6.977
6.973
6.97
6.967
6.963
6.96
6.956
6.953
6.95
6.946
6.943
6.94
6.936
6.933
6.929
6.926
6.923
6.919
6.916
6.912
6.909
6.906
6.902
6.899
6.896
6.892
6.889
6.885
6.882
6.879
6.875
6.872
6.869
6.865
6.862
6.858
6.855
6.852
6.848
6.845
6.842
6.838
6.835
6.831
6.828
6.825
6.821
6.818
6.815
6.811
6.808
6.804
6.801
6.798
6.794
6.791
6.787
6.784
6.781
6.777
6.774
6.771
6.767
6.764
6.76
6.757
6.754
6.75
6.747
6.744
6.74
6.737
6.733
6.73
6.727
6.723
6.72
6.717
6.713
6.71
6.706
6.703
6.7
6.696
6.693
6.689
6.686
6.683
6.679
6.676
6.673
6.669
6.666
6.662
6.659
6.656
6.652
6.649
6.646
6.642
6.639
6.635
6.632
6.629
6.625
6.622
6.619
6.615
6.612
6.608
6.605
6.602
6.598
6.595
6.592
6.588
6.585
6.581
6.578
6.575
6.571
6.568
6.564
6.561
6.558
6.554
6.551
6.548
6.544
6.541
6.537
6.534
6.531
6.527
6.524
6.521
6.517
6.514
6.51
6.507
6.504
6.5
6.497
6.494
6.49
6.487
6.483
6.48
6.477
6.473
6.47
6.466
6.463
6.46
6.456
6.453
6.45
6.446
6.443
6.439
6.436
6.433
6.429
6.426
6.423
6.419
6.416
6.412
6.409
6.406
6.402
6.399
6.396
6.392
6.389
6.385
6.382
6.379
6.375
6.372
6.368
6.365
6.362
6.358
6.355
6.352
6.348
6.345
6.341
6.338
6.335
6.331
6.328
6.325
6.321
6.318
6.314
6.311
6.308
6.304
6.301
6.298
6.294
6.291
6.287
6.284
6.281
6.277
6.274
6.271
6.267
6.264
6.26
6.257
6.254
6.25
6.247
6.243
6.24
6.237
6.233
6.23
6.227
6.223
6.22
6.216
6.213
6.21
6.206
6.203
6.2
6.196
6.193
6.189
6.186
6.183
6.179
6.176
6.173
6.169
6.166
6.162
6.159
6.156
6.152
6.149
6.145
6.142
6.139
6.135
6.132
6.129
6.125
6.122
6.118
6.115
6.112
6.108
6.105
6.102
6.098
6.095
6.091
6.088
6.085
6.081
6.078
6.075
6.071
6.068
6.064
6.061
6.058
6.054
6.051
6.048
6.044
6.041
6.037
6.034
6.031
6.027
6.024
6.02
6.017
6.014
6.01
6.007
6.004
6.0
5.997
5.993
5.99
5.987
5.983
5.98
5.977
5.973
5.97
5.966
5.963
5.96
5.956
5.953
5.95
5.946
5.943
5.939
5.936
5.933
5.929
5.926
5.922
5.919
5.916
5.912
5.909
5.906
5.902
5.899
5.895
5.892
5.889
5.885
5.882
5.879
5.875
5.872
5.868
5.865
5.862
5.858
5.855
5.852
5.848
5.845
5.841
5.838
5.835
5.831
5.828
5.825
5.821
5.818
5.814
5.811
5.808
5.804
5.801
5.797
5.794
5.791
5.787
5.784
5.781
5.777
5.774
5.77
5.767
5.764
5.76
5.757
5.754
5.75
5.747
5.743
5.74
5.737
5.733
5.73
5.727
5.723
5.72
5.716
5.713
5.71
5.706
5.703
5.699
5.696
5.693
5.689
5.686
5.683
5.679
5.676
5.672
5.669
5.666
5.662
5.659
5.656
5.652
5.649
5.645
5.642
5.639
5.635
5.632
5.629
5.625
5.622
5.618
5.615
5.612
5.608
5.605
5.601
5.598
5.595
5.591
5.588
5.585
5.581
5.578
5.574
5.571
5.568
5.564
5.561
5.558
5.554
5.551
5.547
5.544
5.541
5.537
5.534
5.531
5.527
5.524
5.52
5.517
5.514
5.51
5.507
5.504
5.5
5.497
5.493
5.49
5.487
5.483
5.48
5.476
5.473
5.47
5.466
5.463
5.46
5.456
5.453
5.449
5.446
5.443
5.439
5.436
5.433
5.429
5.426
5.422
5.419
5.416
5.412
5.409
5.406
5.402
5.399
5.395
5.392
5.389
5.385
5.382
5.378
5.375
5.372
5.368
5.365
5.362
5.358
5.355
5.351
5.348
5.345
5.341
5.338
5.335
5.331
5.328
5.324
5.321
5.318
5.314
5.311
5.308
5.304
5.301
5.297
5.294
5.291
5.287
5.284
5.281
5.277
5.274
5.27
5.267
5.264
5.26
5.257
5.253
5.25
5.247
5.243
5.24
5.237
5.233
5.23
5.226
5.223
5.22
5.216
5.213
5.21
5.206
5.203
5.199
5.196
5.193
5.189
5.186
5.183
5.179
5.176
5.172
5.169
5.166
5.162
5.159
5.155
5.152
5.149
5.145
5.142
5.139
5.135
5.132
5.128
5.125
5.122
5.118
5.115
5.112
5.108
5.105
5.101
5.098
5.095
5.091
5.088
5.085
5.081
5.078
5.074
5.071
5.068
5.064
5.061
5.058
5.054
5.051
5.047
5.044
5.041
5.037
5.034
5.03
5.027
5.024
5.02
5.017
5.014
5.01
5.007
5.003
5.0
4.997
4.993
4.99
4.987
4.983
4.98
4.976
4.973
4.97
4.966
4.963
4.96
4.956
4.953
4.949
4.946
4.943
4.939
4.936
4.932
4.929
4.926
4.922
4.919
4.916
4.912
4.909
4.905
4.902
4.899
4.895
4.892
4.889
4.885
4.882
4.878
4.875
4.872
4.868
4.865
4.862
4.858
4.855
4.851
4.848
4.845
4.841
4.838
4.834
4.831
4.828
4.824
4.821
4.818
4.814
4.811
4.807
4.804
4.801
4.797
4.794
4.791
4.787
4.784
4.78
4.777
4.774
4.77
4.767
4.764
4.76
4.757
4.753
4.75
4.747
4.743
4.74
4.737
4.733
4.73
4.726
4.723
4.72
4.716
4.713
4.709
4.706
4.703
4.699
4.696
4.693
4.689
4.686
4.682
4.679
4.676
4.672
4.669
4.666
4.662
4.659
4.655
4.652
4.649
4.645
4.642
4.639
4.635
4.632
4.628
4.625
4.622
4.618
4.615
4.611
4.608
4.605
4.601
4.598
4.595
4.591
4.588
4.584
4.581
4.578
4.574
4.571
4.568
4.564
4.561
4.557
4.554
4.551
4.547
4.544
4.541
4.537
4.534
4.53
4.527
4.524
4.52
4.517
4.514
4.51
4.507
4.503
4.5
4.497
4.493
4.49
4.486
4.483
4.48
4.476
4.473
4.47
4.466
4.463
4.459
4.456
4.453
4.449
4.446
4.443
4.439
4.436
4.432
4.429
4.426
4.422
4.419
4.416
4.412
4.409
4.405
4.402
4.399
4.395
4.392
4.388
4.385
4.382
4.378
4.375
4.372
4.368
4.365
4.361
4.358
4.355
4.351
4.348
4.345
4.341
4.338
4.334
4.331
4.328
4.324
4.321
4.318
4.314
4.311
4.307
4.304
4.301
4.297
4.294
4.291
4.287
4.284
4.28
4.277
4.274
4.27
4.267
4.263
4.26
4.257
4.253
4.25
4.247
4.243
4.24
4.236
4.233
4.23
4.226
4.223
4.22
4.216
4.213
4.209
4.206
4.203
4.199
4.196
4.193
4.189
4.186
4.182
4.179
4.176
4.172
4.169
4.165
4.162
4.159
4.155
4.152
4.149
4.145
4.142
4.138
4.135
4.132
4.128
4.125
4.122
4.118
4.115
4.111
4.108
4.105
4.101
4.098
4.095
4.091
4.088
4.084
4.081
4.078
4.074
4.071
4.067
4.064
4.061
4.057
4.054
4.051
4.047
4.044
4.04
4.037
4.034
4.03
4.027
4.024
4.02
4.017
4.013
4.01
4.007
4.003
4.0
3.997
3.993
3.99
3.986
3.983
3.98
3.976
3.973
3.97
3.966
3.963
3.959
3.956
3.953
3.949
3.946
3.942
3.939
3.936
3.932
3.929
3.926
3.922
3.919
3.915
3.912
3.909
3.905
3.902
3.899
3.895
3.892
3.888
3.885
3.882
3.878
3.875
3.872
3.868
3.865
3.861
3.858
3.855
3.851
3.848
3.844
3.841
3.838
3.834
3.831
3.828
3.824
3.821
3.817
3.814
3.811
3.807
3.804
3.801
3.797
3.794
3.79
3.787
3.784
3.78
3.777
3.774
3.77
3.767
3.763
3.76
3.757
3.753
3.75
3.747
3.743
3.74
3.736
3.733
3.73
3.726
3.723
3.719
3.716
3.713
3.709
3.706
3.703
3.699
3.696
3.692
3.689
3.686
3.682
3.679
3.676
3.672
3.669
3.665
3.662
3.659
3.655
3.652
3.649
3.645
3.642
3.638
3.635
3.632
3.628
3.625
3.621
3.618
3.615
3.611
3.608
3.605
3.601
3.598
3.594
3.591
3.588
3.584
3.581
3.578
3.574
3.571
3.567
3.564
3.561
3.557
3.554
3.551
3.547
3.544
3.54
3.537
3.534
3.53
3.527
3.524
3.52
3.517
3.513
3.51
3.507
3.503
3.5
3.496
3.493
3.49
3.486
3.483
3.48
3.476
3.473
3.469
3.466
3.463
3.459
3.456
3.453
3.449
3.446
3.442
3.439
3.436
3.432
3.429
3.426
3.422
3.419
3.415
3.412
3.409
3.405
3.402
3.398
3.395
3.392
3.388
3.385
3.382
3.378
3.375
3.371
3.368
3.365
3.361
3.358
3.355
3.351
3.348
3.344
3.341
3.338
3.334
3.331
3.328
3.324
3.321
3.317
3.314
3.311
3.307
3.304
3.3
3.297
3.294
3.29
3.287
3.284
3.28
3.277
3.273
3.27
3.267
3.263
3.26
3.257
3.253
3.25
3.246
3.243
3.24
3.236
3.233
3.23
3.226
3.223
3.219
3.216
3.213
3.209
3.206
3.203
3.199
3.196
3.192
3.189
3.186
3.182
3.179
3.175
3.172
3.169
3.165
3.162
3.159
3.155
3.152
3.148
3.145
3.142
3.138
3.135
3.132
3.128
3.125
3.121
3.118
3.115
3.111
3.108
3.105
3.101
3.098
3.094
3.091
3.088
3.084
3.081
3.077
3.074
3.071
3.067
3.064
3.061
3.057
3.054
3.05
3.047
3.044
3.04
3.037
3.034
3.03
3.027
3.023
3.02
3.017
3.013
3.01
3.007
3.003
3.0
2.996
2.993
2.99
2.986
2.983
2.98
2.976
2.973
2.969
2.966
2.963
2.959
2.956
2.952
2.949
2.946
2.942
2.939
2.936
2.932
2.929
2.925
2.922
2.919
2.915
2.912
2.909
2.905
2.902
2.898
2.895
2.892
2.888
2.885
2.882
2.878
2.875
2.871
2.868
2.865
2.861
2.858
2.854
2.851
2.848
2.844
2.841
2.838
2.834
2.831
2.827
2.824
2.821
2.817
2.814
2.811
2.807
2.804
2.8
2.797
2.794
2.79
2.787
2.784
2.78
2.777
2.773
2.77
2.767
2.763
2.76
2.757
2.753
2.75
2.746
2.743
2.74
2.736
2.733
2.729
2.726
2.723
2.719
2.716
2.713
2.709
2.706
2.702
2.699
2.696
2.692
2.689
2.686
2.682
2.679
2.675
2.672
2.669
2.665
2.662
2.659
2.655
2.652
2.648
2.645
2.642
2.638
2.635
2.631
2.628
2.625
2.621
2.618
2.615
2.611
2.608
2.604
2.601
2.598
2.594
2.591
2.588
2.584
2.581
2.577
2.574
2.571
2.567
2.564
2.561
2.557
2.554
2.55
2.547
2.544
2.54
2.537
2.533
2.53
2.527
2.523
2.52
2.517
2.513
2.51
2.506
2.503
2.5
2.496
2.493
2.49
2.486
2.483
2.479
2.476
2.473
2.469
2.466
2.463
2.459
2.456
2.452
2.449
2.446
2.442
2.439
2.436
2.432
2.429
2.425
2.422
2.419
2.415
2.412
2.408
2.405
2.402
2.398
2.395
2.392
2.388
2.385
2.381
2.378
2.375
2.371
2.368
2.365
2.361
2.358
2.354
2.351
2.348
2.344
2.341
2.338
2.334
2.331
2.327
2.324
2.321
2.317
2.314
2.31
2.307
2.304
2.3
2.297
2.294
2.29
2.287
2.283
2.28
2.277
2.273
2.27
2.267
2.263
2.26
2.256
2.253
2.25
2.246
2.243
2.24
2.236
2.233
2.229
2.226
2.223
2.219
2.216
2.213
2.209
2.206
2.202
2.199
2.196
2.192
2.189
2.185
2.182
2.179
2.175
2.172
2.169
2.165
2.162
2.158
2.155
2.152
2.148
2.145
2.142
2.138
2.135
2.131
2.128
2.125
2.121
2.118
2.115
2.111
2.108
2.104
2.101
2.098
2.094
2.091
2.087
2.084
2.081
2.077
2.074
2.071
2.067
2.064
2.06
2.057
2.054
2.05
2.047
2.044
2.04
2.037
2.033
2.03
2.027
2.023
2.02
2.017
2.013
2.01
2.006
2.003
2.0
1.996
1.993
1.99
1.986
1.983
1.979
1.976
1.973
1.969
1.966
1.962
1.959
1.956
1.952
1.949
1.946
1.942
1.939
1.935
1.932
1.929
1.925
1.922
1.919
1.915
1.912
1.908
1.905
1.902
1.898
1.895
1.892
1.888
1.885
1.881
1.878
1.875
1.871
1.868
1.864
1.861
1.858
1.854
1.851
1.848
1.844
1.841
1.837
1.834
1.831
1.827
1.824
1.821
1.817
1.814
1.81
1.807
1.804
1.8
1.797
1.794
1.79
1.787
1.783
1.78
1.777
1.773
1.77
1.766
1.763
1.76
1.756
1.753
1.75
1.746
1.743
1.739
1.736
1.733
1.729
1.726
1.723
1.719
1.716
1.712
1.709
1.706
1.702
1.699
1.696
1.692
1.689
1.685
1.682
1.679
1.675
1.672
1.669
1.665
1.662
1.658
1.655
1.652
1.648
1.645
1.641
1.638
1.635
1.631
1.628
1.625
1.621
1.618
1.614
1.611
1.608
1.604
1.601
1.598
1.594
1.591
1.587
1.584
1.581
1.577
1.574
1.571
1.567
1.564
1.56
1.557
1.554
1.55
1.547
1.543
1.54
1.537
1.533
1.53
1.527
1.523
1.52
1.516
1.513
1.51
1.506
1.503
1.5
1.496
1.493
1.489
1.486
1.483
1.479
1.476
1.473
1.469
1.466
1.462
1.459
1.456
1.452
1.449
1.446
1.442
1.439
1.435
1.432
1.429
1.425
1.422
1.418
1.415
1.412
1.408
1.405
1.402
1.398
1.395
1.391
1.388
1.385
1.381
1.378
1.375
1.371
1.368
1.364
1.361
1.358
1.354
1.351
1.348
1.344
1.341
1.337
1.334
1.331
1.327
1.324
1.32
1.317
1.314
1.31
1.307
1.304
1.3
1.297
1.293
1.29
1.287
1.283
1.28
1.277
1.273
1.27
1.266
1.263
1.26
1.256
1.253
1.25
1.246
1.243
1.239
1.236
1.233
1.229
1.226
1.223
1.219
1.216
1.212
1.209
1.206
1.202
1.199
1.195
1.192
1.189
1.185
1.182
1.179
1.175
1.172
1.168
1.165
1.162
1.158
1.155
1.152
1.148
1.145
1.141
1.138
1.135
1.131
1.128
1.125
1.121
1.118
1.114
1.111
1.108
1.104
1.101
1.097
1.094
1.091
1.087
1.084
1.081
1.077
1.074
1.07
1.067
1.064
1.06
1.057
1.054
1.05
1.047
1.043
1.04
1.037
1.033
1.03
1.027
1.023
1.02
1.016
1.013
1.01
1.006
1.003
1.001
1.004
1.008
1.012
1.016
1.02
1.023
1.027
1.031
1.035
1.039
1.042
1.046
1.05
1.054
1.058
1.061
1.065
1.069
1.073
1.077
1.08
1.084
1.088
1.092
1.096
1.099
1.103
1.107
1.111
1.115
1.118
1.122
1.126
1.13
1.134
1.137
1.141
1.145
1.149
1.153
1.156
1.16
1.164
1.168
1.172
1.175
1.179
1.183
1.187
1.191
1.194
1.198
1.202
1.206
1.21
1.213
1.217
1.221
1.225
1.229
1.232
1.236
1.24
1.244
1.248
1.251
1.255
1.259
1.263
1.267
1.27
1.274
1.278
1.282
1.286
1.289
1.293
1.297
1.301
1.305
1.308
1.312
1.316
1.32
1.324
1.327
1.331
1.335
1.339
1.343
1.346
1.35
1.354
1.358
1.362
1.365
1.369
1.373
1.377
1.381
1.384
1.388
1.392
1.396
1.4
1.403
1.407
1.411
1.415
1.419
1.422
1.426
1.43
1.434
1.438
1.442
1.445
1.449
1.453
1.457
1.461
1.464
1.468
1.472
1.476
1.48
1.483
1.487
1.491
1.495
1.499
1.502
1.506
1.51
1.514
1.518
1.521
1.525
1.529
1.533
1.537
1.54
1.544
1.548
1.552
1.556
1.559
1.563
1.567
1.571
1.575
1.578
1.582
1.586
1.59
1.594
1.597
1.601
1.605
1.609
1.613
1.616
1.62
1.624
1.628
1.632
1.635
1.639
1.643
1.647
1.651
1.654
1.658
1.662
1.666
1.67
1.673
1.677
1.681
1.685
1.689
1.692
1.696
1.7
1.704
1.708
1.711
1.715
1.719
1.723
1.727
1.73
1.734
1.738
1.742
1.746
1.749
1.753
1.757
1.761
1.765
1.768
1.772
1.776
1.78
1.784
1.787
1.791
1.795
1.799
1.803
1.806
1.81
1.814
1.818
1.822
1.825
1.829
1.833
1.837
1.841
1.844
1.848
1.852
1.856
1.86
1.863
1.867
1.871
1.875
1.879
1.882
1.886
1.89
1.894
1.898
1.901
1.905
1.909
1.913
1.917
1.92
1.924
1.928
1.932
1.936
1.939
1.943
1.947
1.951
1.955
1.958
1.962
1.966
1.97
1.974
1.977
1.981
1.985
1.989
1.993
1.996
2.0
2.004
2.008
2.012
2.015
2.019
2.023
2.027
2.031
2.034
2.038
2.042
2.046
2.05
2.053
2.057
2.061
2.065
2.069
2.073
2.076
2.08
2.084
2.088
2.092
2.095
2.099
2.103
2.107
2.111
2.114
2.118
2.122
2.126
2.13
2.133
2.137
2.141
2.145
2.149
2.152
2.156
2.16
2.164
2.168
2.171
2.175
2.179
2.183
2.187
2.19
2.194
2.198
2.202
2.206
2.209
2.213
2.217
2.221
2.225
2.228
2.232
2.236
2.24
2.244
2.247
2.251
2.255
2.259
2.263
2.266
2.27
2.274
2.278
2.282
2.285
2.289
2.293
2.297
2.301
2.304
2.308
2.312
2.316
2.32
2.323
2.327
2.331
2.335
2.339
2.342
2.346
2.35
2.354
2.358
2.361
2.365
2.369
2.373
2.377
2.38
2.384
2.388
2.392
2.396
2.399
2.403
2.407
2.411
2.415
2.418
2.422
2.426
2.43
2.434
2.437
2.441
2.445
2.449
2.453
2.456
2.46
2.464
2.468
2.472
2.475
2.479
2.483
2.487
2.491
2.494
2.498
2.502
2.506
2.51
2.513
2.517
2.521
2.525
2.529
2.532
2.536
2.54
2.544
2.548
2.551
2.555
2.559
2.563
2.567
2.57
2.574
2.578
2.582
2.586
2.589
2.593
2.597
2.601
2.605
2.608
2.612
2.616
2.62
2.624
2.627
2.631
2.635
2.639
2.643
2.646
2.65
2.654
2.658
2.662
2.665
2.669
2.673
2.677
2.681
2.684
2.688
2.692
2.696
2.7
2.704
2.707
2.711
2.715
2.719
2.723
2.726
2.73
2.734
2.738
2.742
2.745
2.749
2.753
2.757
2.761
2.764
2.768
2.772
2.776
2.78
2.783
2.787
2.791
2.795
2.799
2.802
2.806
2.81
2.814
2.818
2.821
2.825
2.829
2.833
2.837
2.84
2.844
2.848
2.852
2.856
2.859
2.863
2.867
2.871
2.875
2.878
2.882
2.886
2.89
2.894
2.897
2.901
2.905
2.909
2.913
2.916
2.92
2.924
2.928
2.932
2.935
2.939
2.943
2.947
2.951
2.954
2.958
2.962
2.966
2.97
2.973
2.977
2.981
2.985
2.989
2.992
2.996
3.0
