20.0
19.985
19.969
19.954
19.938
19.923
19.907
19.892
19.876
19.861
19.845
19.83
19.814
19.799
19.783
19.768
19.752
19.737
19.721
19.706
19.69
19.675
19.659
19.644
19.629
19.613
19.598
19.582
19.567
19.551
19.536
19.52
19.505
19.489
19.474
19.458
19.443
19.427
19.412
19.396
19.381
19.365
19.35
19.334
19.319
19.303
19.288
19.273
19.257
19.242
19.226
19.211
19.195
19.18
19.164
19.149
19.133
19.118
19.102
19.087
19.071
19.056
19.04
19.025
19.009
18.994
18.978
18.963
18.947
18.932
18.917
18.901
18.886
18.87
18.855
18.839
18.824
18.808
18.793
18.777
18.762
18.746
18.731
18.715
18.7
18.684
18.669
18.653
18.638
18.622
18.607
18.591
18.576
18.561
18.545
18.53
18.514
18.499
18.483
18.468
18.452
18.437
18.421
18.406
18.39
18.375
18.359
18.344
18.328
18.313
18.297
18.282
18.266
18.251
18.235
18.22
18.205
18.189
18.174
18.158
18.143
18.127
18.112
18.096
18.081
18.065
18.05
18.034
18.019
18.003
17.988
17.972
17.957
17.941
17.926
17.91
17.895
17.879
17.864
17.849
17.833
17.818
17.802
17.787
17.771
17.756
17.74
17.725
17.709
17.694
17.678
17.663
17.647
17.632
17.616
17.601
17.585
17.57
17.554
17.539
17.523
17.508
17.493
17.477
17.462
17.446
17.431
17.415
17.4
17.384
17.369
17.353
17.338
17.322
17.307
17.291
17.276
17.26
17.245
17.229
17.214
17.198
17.183
17.167
17.152
17.137
17.121
17.106
17.09
17.075
17.059
17.044
17.028
17.013
16.997
16.982
16.966
16.951
16.935
16.92
16.904
16.889
16.873
16.858
16.842
16.827
16.811
16.796
16.781
16.765
16.75
16.734
16.719
16.703
16.688
16.672
16.657
16.641
16.626
16.61
16.595
16.579
16.564
16.548
16.533
16.517
16.502
16.486
16.471
16.455
16.44
16.424
16.409
16.394
16.378
16.363
16.347
16.332
16.316
16.301
16.285
16.27
16.254
16.239
16.223
16.208
16.192
16.177
16.161
16.146
16.13
16.115
16.099
16.084
16.068
16.053
16.038
16.022
16.007
15.991
15.976
15.96
15.945
15.929
15.914
15.898
15.883
15.867
15.852
15.836
15.821
15.805
15.79
15.774
15.759
15.743
15.728
15.712
15.697
15.682
15.666
15.651
15.635
15.62
15.604
15.589
15.573
15.558
15.542
15.527
15.511
15.496
15.48
15.465
15.449
15.434
15.418
15.403
15.387
15.372
15.356
15.341
15.326
15.31
15.295
15.279
15.264
15.248
15.233
15.217
15.202
15.186
15.171
15.155
15.14
15.124
15.109
15.093
15.078
15.062
15.047
15.031
15.016
15.0
14.985
14.97
14.954
14.939
14.923
14.908
14.892
14.877
14.861
14.846
14.83
14.815
14.799
14.784
14.768
14.753
14.737
14.722
14.706
14.691
14.675
14.66
14.644
14.629
14.614
14.598
14.583
14.567
14.552
14.536
14.521
14.505
14.49
14.474
14.459
14.443
14.428
14.412
14.397
14.381
14.366
14.35
14.335
14.319
14.304
14.288
14.273
14.258
14.242
14.227
14.211
14.196
14.18
14.165
14.149
14.134
14.118
14.103
14.087
14.072
14.056
14.041
14.025
14.01
13.994
13.979
13.963
13.948
13.932
13.917
13.902
13.886
13.871
13.855
13.84
13.824
13.809
13.793
13.778
13.762
13.747
13.731
13.716
13.7
13.685
13.669
13.654
13.638
13.623
13.607
13.592
13.576
13.561
13.546
13.53
13.515
13.499
13.484
13.468
13.453
13.437
13.422
13.406
13.391
13.375
13.36
13.344
13.329
13.313
13.298
13.282
13.267
13.251
13.236
13.22
13.205
13.19
13.174
13.159
13.143
13.128
13.112
13.097
13.081
13.066
13.05
13.035
13.019
13.004
12.988
12.973
12.957
12.942
12.926
12.911
12.895
12.88
12.864
12.849
12.834
12.818
12.803
12.787
12.772
12.756
12.741
12.725
12.71
12.694
12.679
12.663
12.648
12.632
12.617
12.601
12.586
12.57
12.555
12.539
12.524
12.508
12.493
12.478
12.462
12.447
12.431
12.416
12.4
12.385
12.369
12.354
12.338
12.323
12.307
12.292
12.276
12.261
12.245
12.23
12.214
12.199
12.183
12.168
12.152
12.137
12.122
12.106
12.091
12.075
12.06
12.044
12.029
12.013
11.998
11.982
11.967
11.951
11.936
11.92
11.905
11.889
11.874
11.858
11.843
11.827
11.812
11.796
11.781
11.766
11.75
11.735
11.719
11.704
11.688
11.673
11.657
11.642
11.626
11.611
11.595
11.58
11.564
11.549
11.533
11.518
11.502
11.487
11.471
11.456
11.44
11.425
11.41
11.394
11.379
11.363
11.348
11.332
11.317
11.301
11.286
11.27
11.255
11.239
11.224
11.208
11.193
11.177
11.162
11.146
11.131
11.115
11.1
11.084
11.069
11.054
11.038
11.023
11.007
10.992
10.976
10.961
10.945
10.93
10.914
10.899
10.883
10.868
10.852
10.837
10.821
10.806
10.79
10.775
10.759
10.744
10.728
10.713
10.698
10.682
10.667
10.651
10.636
10.62
10.605
10.589
10.574
10.558
10.543
10.527
10.512
10.496
10.481
10.465
10.45
10.434
10.419
10.403
10.388
10.372
10.357
10.342
10.326
10.311
10.295
10.28
10.264
10.249
10.233
10.218
10.202
10.187
10.171
10.156
10.14
10.125
10.109
10.094
10.078
10.063
10.047
10.032
10.016
10.001
9.985
9.97
9.955
9.939
9.924
9.908
9.893
9.877
9.862
9.846
9.831
9.815
9.8
9.784
9.769
9.753
9.738
9.722
9.707
9.691
9.676
9.66
9.645
9.629
9.614
9.599
9.583
9.568
9.552
9.537
9.521
9.506
9.49
9.475
9.459
9.444
9.428
9.413
9.397
9.382
9.366
9.351
9.335
9.32
9.304
9.289
9.273
9.258
9.243
9.227
9.212
9.196
9.181
9.165
9.15
9.134
9.119
9.103
9.088
9.072
9.057
9.041
9.026
9.01
8.995
8.979
8.964
8.948
8.933
8.917
8.902
8.887
8.871
8.856
8.84
8.825
8.809
8.794
8.778
8.763
8.747
8.732
8.716
8.701
8.685
8.67
8.654
8.639
8.623
8.608
8.592
8.577
8.561
8.546
8.531
8.515
8.5
8.484
8.469
8.453
8.438
8.422
8.407
8.391
8.376
8.36
8.345
8.329
8.314
8.298
8.283
8.267
8.252
8.236
8.221
8.205
8.19
8.175
8.159
8.144
8.128
8.113
8.097
8.082
8.066
8.051
8.035
8.02
8.004
7.989
7.973
7.958
7.942
7.927
7.911
7.896
7.88
7.865
7.849
7.834
7.819
7.803
7.788
7.772
7.757
7.741
7.726
7.71
7.695
7.679
7.664
7.648
7.633
7.617
7.602
7.586
7.571
7.555
7.54
7.524
7.509
7.493
7.478
7.463
7.447
7.432
7.416
7.401
7.385
7.37
7.354
7.339
7.323
7.308
7.292
7.277
7.261
7.246
7.23
7.215
7.199
7.184
7.168
7.153
7.137
7.122
7.107
7.091
7.076
7.06
7.045
7.029
7.014
6.998
6.983
6.967
6.952
6.936
6.921
6.905
6.89
6.874
6.859
6.843
6.828
6.812
6.797
6.781
6.766
6.751
6.735
6.72
6.704
6.689
6.673
6.658
6.642
6.627
6.611
6.596
6.58
6.565
6.549
6.534
6.518
6.503
6.487
6.472
6.456
6.441
6.425
6.41
6.395
6.379
6.364
6.348
6.333
6.317
6.302
6.286
6.271
6.255
6.24
6.224
6.209
6.193
6.178
6.162
6.147
6.131
6.116
6.1
6.085
6.069
6.054
6.039
6.023
6.008
5.992
5.977
5.961
5.946
5.93
5.915
5.899
5.884
5.868
5.853
5.837
5.822
5.806
5.791
5.775
5.76
5.744
5.729
5.713
5.698
5.683
5.667
5.652
5.636
5.621
5.605
5.59
5.574
5.559
5.543
5.528
5.512
5.497
5.481
5.466
5.45
5.435
5.419
5.404
5.388
5.373
5.357
5.342
5.327
5.311
5.296
5.28
5.265
5.249
5.234
5.218
5.203
5.187
5.172
5.156
5.141
5.125
5.11
5.094
5.079
5.063
5.048
5.032
5.017
5.001
4.986
4.971
4.955
4.94
4.924
4.909
4.893
4.878
4.862
4.847
4.831
4.816
4.8
4.785
4.769
4.754
4.738
4.723
4.707
4.692
4.676
4.661
4.645
4.63
4.615
4.599
4.584
4.568
4.553
4.537
4.522
4.506
4.491
4.475
4.46
4.444
4.429
4.413
4.398
4.382
4.367
4.351
4.336
4.32
4.305
4.289
4.274
4.259
4.243
4.228
4.212
4.197
4.181
4.166
4.15
4.135
4.119
4.104
4.088
4.073
4.057
4.042
4.026
4.011
3.995
3.98
3.964
3.949
3.933
3.918
3.903
3.887
3.872
3.856
3.841
3.825
3.81
3.794
3.779
3.763
3.748
3.732
3.717
3.701
3.686
3.67
3.655
3.639
3.624
3.608
3.593
3.577
3.562
3.547
3.531
3.516
3.5
3.485
3.469
3.454
3.438
3.423
3.407
3.392
3.376
3.361
3.345
3.33
3.314
3.299
3.283
3.268
3.252
3.237
3.221
3.206
3.19
3.175
3.16
3.144
3.129
3.113
3.098
3.082
3.067
3.051
3.036
3.02
3.005
2.989
2.974
2.958
2.943
2.927
2.912
2.896
2.881
2.865
2.85
2.834
2.819
2.804
2.788
2.773
2.757
2.742
2.726
2.711
2.695
2.68
2.664
2.649
2.633
2.618
2.602
2.587
2.571
2.556
2.54
2.525
2.509
2.494
2.478
2.463
2.448
2.432
2.417
2.401
2.386
2.37
2.355
2.339
2.324
2.308
2.293
2.277
2.262
2.246
2.231
2.215
2.2
2.184
2.169
2.153
2.138
2.122
2.107
2.092
2.076
2.061
2.045
2.03
2.014
1.999
1.983
1.968
1.952
1.937
1.921
1.906
1.89
1.875
1.859
1.844
1.828
1.813
1.797
1.782
1.766
1.751
1.736
1.72
1.705
1.689
1.674
1.658
1.643
1.627
1.612
1.596
1.581
1.565
1.55
1.534
1.519
1.503
1.488
1.472
1.457
1.441
1.426
1.41
1.395
1.38
1.364
1.349
1.333
1.318
1.302
1.287
1.271
1.256
1.24
1.225
1.209
1.194
1.178
1.163
1.147
1.132
1.116
1.101
1.085
1.07
1.054
1.039
1.024
1.008
1.009
1.029
1.048
1.068
1.088
1.107
1.127
1.146
1.166
1.185
1.205
1.224
1.244
1.264
1.283
1.303
1.322
1.342
1.361
1.381
1.4
1.42
1.44
1.459
1.479
1.498
1.518
1.537
1.557
1.576
1.596
1.615
1.635
1.655
1.674
1.694
1.713
1.733
1.752
1.772
1.791
1.811
1.831
1.85
1.87
1.889
1.909
1.928
1.948
1.967
1.987
2.007
2.026
2.046
2.065
2.085
2.104
2.124
2.143
2.163
2.182
2.202
2.222
2.241
2.261
2.28
2.3
2.319
2.339
2.358
2.378
2.398
2.417
2.437
2.456
2.476
2.495
2.515
2.534
2.554
2.574
2.593
2.613
2.632
2.652
2.671
2.691
2.71
2.73
2.749
2.769
2.789
2.808
2.828
2.847
2.867
2.886
2.906
2.925
2.945
2.965
2.984
3.004
3.023
3.043
3.062
3.082
3.101
3.121
3.141
3.16
3.18
3.199
3.219
3.238
3.258
3.277
3.297
3.316
3.336
3.356
3.375
3.395
3.414
3.434
3.453
3.473
3.492
3.512
3.532
3.551
3.571
3.59
3.61
3.629
3.649
3.668
3.688
3.708
3.727
3.747
3.766
3.786
3.805
3.825
3.844
3.864
3.883
3.903
3.923
3.942
3.962
3.981
4.001
4.02
4.04
4.059
4.079
4.099
4.118
4.138
4.157
4.177
4.196
4.216
4.235
4.255
4.275
4.294
4.314
4.333
4.353
4.372
4.392
4.411
4.431
4.45
4.47
4.49
4.509
4.529
4.548
4.568
4.587
4.607
4.626
4.646
4.666
4.685
4.705
4.724
4.744
4.763
4.783
4.802
4.822
4.842
4.861
4.881
4.9
4.92
4.939
4.959
4.978
4.998
5.017
5.037
5.057
5.076
5.096
5.115
5.135
5.154
5.174
5.193
5.213
5.233
5.252
5.272
5.291
5.311
5.33
5.35
5.369
5.389
5.408
5.428
5.448
5.467
5.487
5.506
5.526
5.545
5.565
5.584
5.604
5.624
5.643
5.663
5.682
5.702
5.721
5.741
5.76
5.78
5.8
5.819
5.839
5.858
5.878
5.897
5.917
5.936
5.956
5.975
5.995
6.015
6.034
6.054
6.073
6.093
6.112
6.132
6.151
6.171
6.191
6.21
6.23
6.249
6.269
6.288
6.308
6.327
6.347
6.367
6.386
6.406
6.425
6.445
6.464
6.484
6.503
6.523
6.542
6.562
6.582
6.601
6.621
6.64
6.66
6.679
6.699
6.718
6.738
6.758
6.777
6.797
6.816
6.836
6.855
6.875
6.894
6.914
6.934
6.953
6.973
6.992
7.012
7.031
7.051
7.07
7.09
7.109
7.129
7.149
7.168
7.188
7.207
7.227
7.246
7.266
7.285
7.305
7.325
7.344
7.364
7.383
7.403
7.422
7.442
7.461
7.481
7.501
7.52
7.54
7.559
7.579
7.598
7.618
7.637
7.657
7.676
7.696
7.716
7.735
7.755
7.774
7.794
7.813
7.833
7.852
7.872
7.892
7.911
7.931
7.95
7.97
7.989
8.009
8.028
8.048
8.068
8.087
8.107
8.126
8.146
8.165
8.185
8.204
8.224
8.243
8.263
8.283
8.302
8.322
8.341
8.361
8.38
8.4
8.419
8.439
8.459
8.478
8.498
8.517
8.537
8.556
8.576
8.595
8.615
8.635
8.654
8.674
8.693
8.713
8.732
8.752
8.771
8.791
8.81
8.83
8.85
8.869
8.889
8.908
8.928
8.947
8.967
8.986
9.006
9.026
9.045
9.065
9.084
9.104
9.123
9.143
9.162
9.182
9.202
9.221
9.241
9.26
9.28
9.299
9.319
9.338
9.358
9.377
9.397
9.417
9.436
9.456
9.475
9.495
9.514
9.534
9.553
9.573
9.593
9.612
9.632
9.651
9.671
9.69
9.71
9.729
9.749
9.769
9.788
9.808
9.827
9.847
9.866
9.886
9.905
9.925
9.944
9.964
9.984
10.003
10.023
10.042
10.062
10.081
10.101
10.12
10.14
10.16
10.179
10.199
10.218
10.238
10.257
10.277
10.296
10.316
10.336
10.355
10.375
10.394
10.414
10.433
10.453
10.472
10.492
10.511
10.531
10.551
10.57
10.59
10.609
10.629
10.648
10.668
10.687
10.707
10.727
10.746
10.766
10.785
10.805
10.824
10.844
10.863
10.883
10.903
10.922
10.942
10.961
10.981
11.0
11.02
11.039
11.059
11.078
11.098
11.118
11.137
11.157
11.176
11.196
11.215
11.235
11.254
11.274
11.294
11.313
11.333
11.352
11.372
11.391
11.411
11.43
11.45
11.469
11.489
11.509
11.528
11.548
11.567
11.587
11.606
11.626
11.645
11.665
11.685
11.704
11.724
11.743
11.763
11.782
11.802
11.821
11.841
11.861
11.88
11.9
11.919
11.939
11.958
11.978
11.997
12.017
12.036
12.056
12.076
12.095
12.115
12.134
12.154
12.173
12.193
12.212
12.232
12.252
12.271
12.291
12.31
12.33
12.349
12.369
12.388
12.408
12.428
12.447
12.467
12.486
12.506
12.525
12.545
12.564
12.584
12.603
12.623
12.643
12.662
12.682
12.701
12.721
12.74
12.76
12.779
12.799
12.819
12.838
12.858
12.877
12.897
12.916
12.936
12.955
12.975
12.995
12.993
12.983
12.973
12.964
12.954
12.944
12.934
12.925
12.915
12.905
12.895
12.885
12.876
12.866
12.856
12.846
12.837
12.827
12.817
12.807
12.797
12.788
12.778
12.768
12.758
12.749
12.739
12.729
12.719
12.709
12.7
12.69
12.68
12.67
12.661
12.651
12.641
12.631
12.621
12.612
12.602
12.592
12.582
12.573
12.563
12.553
12.543
12.533
12.524
12.514
12.504
12.494
12.485
12.475
12.465
12.455
12.446
12.436
12.426
12.416
12.406
12.397
12.387
12.377
12.367
12.358
12.348
12.338
12.328
12.318
12.309
12.299
12.289
12.279
12.27
12.26
12.25
12.24
12.23
12.221
12.211
12.201
12.191
12.182
12.172
12.162
12.152
12.142
12.133
12.123
12.113
12.103
12.094
12.084
12.074
12.064
12.054
12.045
12.035
12.025
12.015
12.006
11.996
11.986
11.976
11.967
11.957
11.947
11.937
11.927
11.918
11.908
11.898
11.888
11.879
11.869
11.859
11.849
11.839
11.83
11.82
11.81
11.8
11.791
11.781
11.771
11.761
11.751
11.742
11.732
11.722
11.712
11.703
11.693
11.683
11.673
11.663
11.654
11.644
11.634
11.624
11.615
11.605
11.595
11.585
11.575
11.566
11.556
11.546
11.536
11.527
11.517
11.507
11.497
11.487
11.478
11.468
11.458
11.448
11.439
11.429
11.419
11.409
11.4
11.39
11.38
11.37
11.36
11.351
11.341
11.331
11.321
11.312
11.302
11.292
11.282
11.272
11.263
11.253
11.243
11.233
11.224
11.214
11.204
11.194
11.184
11.175
11.165
11.155
11.145
11.136
11.126
11.116
11.106
11.096
11.087
11.077
11.067
11.057
11.048
11.038
11.028
11.018
11.008
10.999
10.989
10.979
10.969
10.96
10.95
10.94
10.93
10.92
10.911
10.901
10.891
10.881
10.872
10.862
10.852
10.842
10.833
10.823
10.813
10.803
10.793
10.784
10.774
10.764
10.754
10.745
10.735
10.725
10.715
10.705
10.696
10.686
10.676
10.666
10.657
10.647
10.637
10.627
10.617
10.608
10.598
10.588
10.578
10.569
10.559
10.549
10.539
10.529
10.52
10.51
10.5
10.49
10.481
10.471
10.461
10.451
10.441
10.432
10.422
10.412
10.402
10.393
10.383
10.373
10.363
10.353
10.344
10.334
10.324
10.314
10.305
10.295
10.285
10.275
10.266
10.256
10.246
10.236
10.226
10.217
10.207
10.197
10.187
10.178
10.168
10.158
10.148
10.138
10.129
10.119
10.109
10.099
10.09
10.08
10.07
10.06
10.05
10.041
10.031
10.021
10.011
10.002
9.992
9.982
9.972
9.962
9.953
9.943
9.933
9.923
9.914
9.904
9.894
9.884
9.874
9.865
9.855
9.845
9.835
9.826
9.816
9.806
9.796
9.786
9.777
9.767
9.757
9.747
9.738
9.728
9.718
9.708
9.699
9.689
9.679
9.669
9.659
9.65
9.64
9.63
9.62
9.611
9.601
9.591
9.581
9.571
9.562
9.552
9.542
9.532
9.523
9.513
9.503
9.493
9.483
9.474
9.464
9.454
9.444
9.435
9.425
9.415
9.405
9.395
9.386
9.376
9.366
9.356
9.347
9.337
9.327
9.317
9.307
9.298
9.288
9.278
9.268
9.259
9.249
9.239
9.229
9.219
9.21
9.2
9.19
9.18
9.171
9.161
9.151
9.141
9.132
9.122
9.112
9.102
9.092
9.083
9.073
9.063
9.053
9.044
9.034
9.024
9.014
9.004
8.995
8.985
8.975
8.965
8.956
8.946
8.936
8.926
8.916
8.907
8.897
8.887
8.877
8.868
8.858
8.848
8.838
8.828
8.819
8.809
8.799
8.789
8.78
8.77
8.76
8.75
8.74
8.731
8.721
8.711
8.701
8.692
8.682
8.672
8.662
8.653
8.643
8.633
8.623
8.613
8.604
8.594
8.584
8.574
8.565
8.555
8.545
8.535
8.525
8.516
8.506
8.496
8.486
8.477
8.467
8.457
8.447
8.437
8.428
8.418
8.408
8.398
8.389
8.379
8.369
8.359
8.349
8.34
8.33
8.32
8.31
8.301
8.291
8.281
8.271
8.261
8.252
8.242
8.232
8.222
8.213
8.203
8.193
8.183
8.173
8.164
8.154
8.144
8.134
8.125
8.115
8.105
8.095
8.086
8.076
8.066
8.056
8.046
8.037
8.027
8.017
8.007
7.998
7.988
7.978
7.968
7.958
7.949
7.939
7.929
7.919
7.91
7.9
7.89
7.88
7.87
7.861
7.851
7.841
7.831
7.822
7.812
7.802
7.792
7.782
7.773
7.763
7.753
7.743
7.734
7.724
7.714
7.704
7.694
7.685
7.675
7.665
7.655
7.646
7.636
7.626
7.616
7.606
7.597
7.587
7.577
7.567
7.558
7.548
7.538
7.528
7.519
7.509
7.499
7.489
7.479
7.47
7.46
7.45
7.44
7.431
7.421
7.411
7.401
7.391
7.382
7.372
7.362
7.352
7.343
7.333
7.323
7.313
7.303
7.294
7.284
7.274
7.264
7.255
7.245
7.235
7.225
7.215
7.206
7.196
7.186
7.176
7.167
7.157
7.147
7.137
7.127
7.118
7.108
7.098
7.088
7.079
7.069
7.059
7.049
7.039
7.03
7.02
7.01
7.0
6.991
6.981
6.971
6.961
6.952
6.942
6.932
6.922
6.912
6.903
6.893
6.883
6.873
6.864
6.854
6.844
6.834
6.824
6.815
6.805
6.795
6.785
6.776
6.766
6.756
6.746
6.736
6.727
6.717
6.707
6.697
6.688
6.678
6.668
6.658
6.648
6.639
6.629
6.619
6.609
6.6
6.59
6.58
6.57
6.56
6.551
6.541
6.531
6.521
6.512
6.502
6.492
6.482
6.472
6.463
6.453
6.443
6.433
6.424
6.414
6.404
6.394
6.385
6.375
6.365
6.355
6.345
6.336
6.326
6.316
6.306
6.297
6.287
6.277
6.267
6.257
6.248
6.238
6.228
6.218
6.209
6.199
6.189
6.179
6.169
6.16
6.15
6.14
6.13
6.121
6.111
6.101
6.091
6.081
6.072
6.062
6.052
6.042
6.033
6.023
6.013
6.003
5.993
5.984
5.974
5.964
5.954
5.945
5.935
5.925
5.915
5.906
5.896
5.886
5.876
5.866
5.857
5.847
5.837
5.827
5.818
5.808
5.798
5.788
5.778
5.769
5.759
5.749
5.739
5.73
5.72
5.71
5.7
5.69
5.681
5.671
5.661
5.651
5.642
5.632
5.622
5.612
5.602
5.593
5.583
5.573
5.563
5.554
5.544
5.534
5.524
5.514
5.505
5.495
5.485
5.475
5.466
5.456
5.446
5.436
5.426
5.417
5.407
5.397
5.387
5.378
5.368
5.358
5.348
5.339
5.329
5.319
5.309
5.299
5.29
5.28
5.27
5.26
5.251
5.241
5.231
5.221
5.211
5.202
5.192
5.182
5.172
5.163
5.153
5.143
5.133
5.123
5.114
5.104
5.094
5.084
5.075
5.065
5.055
5.045
5.035
5.026
5.016
5.006
4.996
4.987
4.977
4.967
4.957
4.947
4.938
4.928
4.918
4.908
4.899
4.889
4.879
4.869
4.859
4.85
4.84
4.83
4.82
4.811
4.801
4.791
4.781
4.772
4.762
4.752
4.742
4.732
4.723
4.713
4.703
4.693
4.684
4.674
4.664
4.654
4.644
4.635
4.625
4.615
4.605
4.596
4.586
4.576
4.566
4.556
4.547
4.537
4.527
4.517
4.508
4.498
4.488
4.478
4.468
4.459
4.449
4.439
4.429
4.42
4.41
4.4
4.39
4.38
4.371
4.361
4.351
4.341
4.332
4.322
4.312
4.302
4.292
4.283
4.273
4.263
4.253
4.244
4.234
4.224
4.214
4.205
4.195
4.185
4.175
4.165
4.156
4.146
4.136
4.126
4.117
4.107
4.097
4.087
4.077
4.068
4.058
4.048
4.038
4.029
4.019
4.009
3.999
3.989
3.98
3.97
3.96
3.95
3.941
3.931
3.921
3.911
3.901
3.892
3.882
3.872
3.862
3.853
3.843
3.833
3.823
3.813
3.804
3.794
3.784
3.774
3.765
3.755
3.745
3.735
3.725
3.716
3.706
3.696
3.686
3.677
3.667
3.657
3.647
3.638
3.628
3.618
3.608
3.598
3.589
3.579
3.569
3.559
3.55
3.54
3.53
3.52
3.51
3.501
3.491
3.481
3.471
3.462
3.452
3.442
3.432
3.422
3.413
3.403
3.393
3.383
3.374
3.364
3.354
3.344
3.334
3.325
3.315
3.305
3.295
3.286
3.276
3.266
3.256
3.246
3.237
3.227
3.217
3.207
3.198
3.188
3.178
3.168
3.158
3.149
3.139
3.129
3.119
3.11
3.1
3.09
3.08
3.071
3.061
3.051
3.041
3.031
3.022
3.012
3.002
2.992
2.983
2.973
2.963
2.953
2.943
2.934
2.924
2.914
2.904
2.895
2.885
2.875
2.865
2.855
2.846
2.836
2.826
2.816
2.807
2.797
2.787
2.777
2.767
2.758
2.748
2.738
2.728
2.719
2.709
2.699
2.689
2.679
2.67
2.66
2.65
2.64
2.631
2.621
2.611
2.601
2.592
2.582
2.572
2.562
2.552
2.543
2.533
2.523
2.513
2.504
2.494
2.484
2.474
2.464
2.455
2.445
2.435
2.425
2.416
2.406
2.396
2.386
2.376
2.367
2.357
2.347
2.337
2.328
2.318
2.308
2.298
2.288
2.279
2.269
2.259
2.249
2.24
2.23
2.22
2.21
2.2
2.191
2.181
2.171
2.161
2.152
2.142
2.132
2.122
2.112
2.103
2.093
2.083
2.073
2.064
2.054
2.044
2.034
2.025
2.015
2.005
1.995
1.985
1.976
1.966
1.956
1.946
1.937
1.927
1.917
1.907
1.897
1.888
1.878
1.868
1.858
1.849
1.839
1.829
1.819
1.809
1.8
1.79
1.78
1.77
1.761
1.751
1.741
1.731
1.721
1.712
1.702
1.692
1.682
1.673
1.663
1.653
1.643
1.633
1.624
1.614
1.604
1.594
1.585
1.575
1.565
1.555
1.545
1.536
1.526
1.516
1.506
1.497
1.487
1.477
1.467
1.458
1.448
1.438
1.428
1.418
1.409
1.399
1.389
1.379
1.37
1.36
1.35
1.34
1.33
1.321
1.311
1.301
1.291
1.282
1.272
1.262
1.252
1.242
1.233
1.223
1.213
1.203
1.194
1.184
1.174
1.164
1.154
1.145
1.135
1.125
1.115
1.106
1.096
1.086
1.076
1.066
1.057
1.047
1.037
1.027
1.018
1.008
1.006
1.033
1.061
1.089
1.116
1.144
1.172
1.199
1.227
1.255
1.283
1.31
1.338
1.366
1.393
1.421
1.449
1.476
1.504
1.532
1.56
1.587
1.615
1.643
1.67
1.698
1.726
1.753
1.781
1.809
1.836
1.864
1.892
1.92
1.947
1.975
2.003
2.03
2.058
2.086
2.113
2.141
2.169
2.197
2.224
2.252
2.28
2.307
2.335
2.363
2.39
2.418
2.446
2.474
2.501
2.529
2.557
2.584
2.612
2.64
2.667
2.695
2.723
2.751
2.778
2.806
2.834
2.861
2.889
2.917
2.944
2.972
3.0
3.028
3.055
3.083
3.111
3.138
3.166
3.194
3.221
3.249
3.277
3.304
3.332
3.36
3.388
3.415
3.443
3.471
3.498
3.526
3.554
3.581
3.609
3.637
3.665
3.692
3.72
3.748
3.775
3.803
3.831
3.858
3.886
3.914
3.942
3.969
3.997
4.025
4.052
4.08
4.108
4.135
4.163
4.191
4.219
4.246
4.274
4.302
4.329
4.357
4.385
4.412
4.44
4.468
4.496
4.523
4.551
4.579
4.606
4.634
4.662
4.689
4.717
4.745
4.772
4.8
4.828
4.856
4.883
4.911
4.939
4.966
4.994
5.022
5.049
5.077
5.105
5.133
5.16
5.188
5.216
5.243
5.271
5.299
5.326
5.354
5.382
5.41
5.437
5.465
5.493
5.52
5.548
5.576
5.603
5.631
5.659
5.687
5.714
5.742
5.77
5.797
5.825
5.853
5.88
5.908
5.936
5.964
5.991
6.019
6.047
6.074
6.102
6.13
6.157
6.185
6.213
6.24
6.268
6.296
6.324
6.351
6.379
6.407
6.434
6.462
6.49
6.517
6.545
6.573
6.601
6.628
6.656
6.684
6.711
6.739
6.767
6.794
6.822
6.85
6.878
6.905
6.933
6.961
6.988
7.016
7.044
7.071
7.099
7.127
7.155
7.182
7.21
7.238
7.265
7.293
7.321
7.348
7.376
7.404
7.432
7.459
7.487
7.515
7.542
7.57
7.598
7.625
7.653
7.681
7.708
7.736
7.764
7.792
7.819
7.847
7.875
7.902
7.93
7.958
7.985
8.013
8.041
8.069
8.096
8.124
8.152
8.179
8.207
8.235
8.262
8.29
8.318
8.346
8.373
8.401
8.429
8.456
8.484
8.512
8.539
8.567
8.595
8.623
8.65
8.678
8.706
8.733
8.761
8.789
8.816
8.844
8.872
8.9
8.927
8.955
8.983
9.01
9.038
9.066
9.093
9.121
9.149
9.176
9.204
9.232
9.26
9.287
9.315
9.343
9.37
9.398
9.426
9.453
9.481
9.509
9.537
9.564
9.592
9.62
9.647
9.675
9.703
9.73
9.758
9.786
9.814
9.841
9.869
9.897
9.924
9.952
9.98
10.007
10.035
10.063
10.091
10.118
10.146
10.174
10.201
10.229
10.257
10.284
10.312
10.34
10.368
10.395
10.423
10.451
10.478
10.506
10.534
10.561
10.589
10.617
10.644
10.672
10.7
10.728
10.755
10.783
10.811
10.838
10.866
10.894
10.921
10.949
10.977
11.005
11.032
11.06
11.088
11.115
11.143
11.171
11.198
11.226
11.254
11.282
11.309
11.337
11.365
11.392
11.42
11.448
11.475
11.503
11.531
11.559
11.586
11.614
11.642
11.669
11.697
11.725
11.752
11.78
11.808
11.836
11.863
11.891
11.919
11.946
11.974
12.002
12.029
12.057
12.085
12.112
12.14
12.168
12.196
12.223
12.251
12.279
12.306
12.334
12.362
12.389
12.417
12.445
12.473
12.5
12.528
12.556
12.583
12.611
12.639
12.666
12.694
12.722
12.75
12.777
12.805
12.833
12.86
12.888
12.916
12.943
12.971
12.999
13.027
13.054
13.082
13.11
13.137
13.165
13.193
13.22
13.248
13.276
13.304
13.331
13.359
13.387
13.414
13.442
13.47
13.497
13.525
13.553
13.58
13.608
13.636
13.664
13.691
13.719
13.747
13.774
13.802
13.83
13.857
13.885
13.913
13.941
13.968
13.996
14.024
14.051
14.079
14.107
14.134
14.162
14.19
14.218
14.245
14.273
14.301
14.328
14.356
14.384
14.411
14.439
14.467
14.495
14.522
14.55
14.578
14.605
14.633
14.661
14.688
14.716
14.744
14.772
14.799
14.827
14.855
14.882
14.91
14.938
14.965
14.993
15.021
15.048
15.076
15.104
15.132
15.159
15.187
15.215
15.242
15.27
15.298
15.325
15.353
15.381
15.409
15.436
15.464
15.492
15.519
15.547
15.575
15.602
15.63
15.658
15.686
15.713
15.741
15.769
15.796
15.824
15.852
15.879
15.907
15.935
15.963
15.99
16.018
16.046
16.073
16.101
16.129
16.156
16.184
16.212
16.24
16.267
16.295
16.323
16.35
16.378
16.406
16.433
16.461
16.489
16.516
16.544
16.572
16.6
16.627
16.655
16.683
16.71
16.738
16.766
16.793
16.821
16.849
16.877
16.904
16.932
16.96
16.987
17.015
17.043
17.07
17.098
17.126
17.154
17.181
17.209
17.237
17.264
17.292
17.32
17.347
17.375
17.403
17.431
17.458
17.486
17.514
17.541
17.569
17.597
17.624
17.652
17.68
17.708
17.735
17.763
17.791
17.818
17.846
17.874
17.901
17.929
17.957
17.984
17.998
17.993
17.988
17.983
17.978
17.973
17.968
17.963
17.957
17.952
17.947
17.942
17.937
17.932
17.927
17.922
17.917
17.912
17.907
17.902
17.897
17.892
17.887
17.882
17.877
17.872
17.867
17.862
17.857
17.852
17.847
17.842
17.837
17.832
17.827
17.822
17.816
17.811
17.806
17.801
17.796
17.791
17.786
17.781
17.776
17.771
17.766
17.761
17.756
17.751
17.746
17.741
17.736
17.731
17.726
17.721
17.716
17.711
17.706
17.701
17.696
17.691
17.686
17.681
17.675
17.67
17.665
17.66
17.655
17.65
17.645
17.64
17.635
17.63
17.625
17.62
17.615
17.61
17.605
17.6
17.595
17.59
17.585
17.58
17.575
17.57
17.565
17.56
17.555
17.55
17.545
17.54
17.534
17.529
17.524
17.519
17.514
17.509
17.504
17.499
17.494
17.489
17.484
17.479
17.474
17.469
17.464
17.459
17.454
17.449
17.444
17.439
17.434
17.429
17.424
17.419
17.414
17.409
17.404
17.398
17.393
17.388
17.383
17.378
17.373
17.368
17.363
17.358
17.353
17.348
17.343
17.338
17.333
17.328
17.323
17.318
17.313
17.308
17.303
17.298
17.293
17.288
17.283
17.278
17.273
17.268
17.263
17.257
17.252
17.247
17.242
17.237
17.232
17.227
17.222
17.217
17.212
17.207
17.202
17.197
17.192
17.187
17.182
17.177
17.172
17.167
17.162
17.157
17.152
17.147
17.142
17.137
17.132
17.127
17.122
17.116
17.111
17.106
17.101
17.096
17.091
17.086
17.081
17.076
17.071
17.066
17.061
17.056
17.051
17.046
17.041
17.036
17.031
17.026
17.021
17.016
17.011
17.006
17.001
16.996
16.991
16.986
16.981
16.975
16.97
16.965
16.96
16.955
16.95
16.945
16.94
16.935
16.93
16.925
16.92
16.915
16.91
16.905
16.9
16.895
16.89
16.885
16.88
16.875
16.87
16.865
16.86
16.855
16.85
16.845
16.839
16.834
16.829
16.824
16.819
16.814
16.809
16.804
16.799
16.794
16.789
16.784
16.779
16.774
16.769
16.764
16.759
16.754
16.749
16.744
16.739
16.734
16.729
16.724
16.719
16.714
16.709
16.704
16.698
16.693
16.688
16.683
16.678
16.673
16.668
16.663
16.658
16.653
16.648
16.643
16.638
16.633
16.628
16.623
16.618
16.613
16.608
16.603
16.598
16.593
16.588
16.583
16.578
16.573
16.568
16.563
16.557
16.552
16.547
16.542
16.537
16.532
16.527
16.522
16.517
16.512
16.507
16.502
16.497
16.492
16.487
16.482
16.477
16.472
16.467
16.462
16.457
16.452
16.447
16.442
16.437
16.432
16.427
16.422
16.416
16.411
16.406
16.401
16.396
16.391
16.386
16.381
16.376
16.371
16.366
16.361
16.356
16.351
16.346
16.341
16.336
16.331
16.326
16.321
16.316
16.311
16.306
16.301
16.296
16.291
16.286
16.281
16.275
16.27
16.265
16.26
16.255
16.25
16.245
16.24
16.235
16.23
16.225
16.22
16.215
16.21
16.205
16.2
16.195
16.19
16.185
16.18
16.175
16.17
16.165
16.16
16.155
16.15
16.145
16.139
16.134
16.129
16.124
16.119
16.114
16.109
16.104
16.099
16.094
16.089
16.084
16.079
16.074
16.069
16.064
16.059
16.054
16.049
16.044
16.039
16.034
16.029
16.024
16.019
16.014
16.009
16.004
15.998
15.993
15.988
15.983
15.978
15.973
15.968
15.963
15.958
15.953
15.948
15.943
15.938
15.933
15.928
15.923
15.918
15.913
15.908
15.903
15.898
15.893
15.888
15.883
15.878
15.873
15.868
15.863
15.857
15.852
15.847
15.842
15.837
15.832
15.827
15.822
15.817
15.812
15.807
15.802
15.797
15.792
15.787
15.782
15.777
15.772
15.767
15.762
15.757
15.752
15.747
15.742
15.737
15.732
15.727
15.722
15.716
15.711
15.706
15.701
15.696
15.691
15.686
15.681
15.676
15.671
15.666
15.661
15.656
15.651
15.646
15.641
15.636
15.631
15.626
15.621
15.616
15.611
15.606
15.601
15.596
15.591
15.586
15.58
15.575
15.57
15.565
15.56
15.555
15.55
15.545
15.54
15.535
15.53
15.525
15.52
15.515
15.51
15.505
15.5
15.495
15.49
15.485
15.48
15.475
15.47
15.465
15.46
15.455
15.45
15.445
15.439
15.434
15.429
15.424
15.419
15.414
15.409
15.404
15.399
15.394
15.389
15.384
15.379
15.374
15.369
15.364
15.359
15.354
15.349
15.344
15.339
15.334
15.329
15.324
15.319
15.314
15.309
15.304
15.298
15.293
15.288
15.283
15.278
15.273
15.268
15.263
15.258
15.253
15.248
15.243
15.238
15.233
15.228
15.223
15.218
15.213
15.208
15.203
15.198
15.193
15.188
15.183
15.178
15.173
15.168
15.163
15.157
15.152
15.147
15.142
15.137
15.132
15.127
15.122
15.117
15.112
15.107
15.102
15.097
15.092
15.087
15.082
15.077
15.072
15.067
15.062
15.057
15.052
15.047
15.042
15.037
15.032
15.027
15.021
15.016
15.011
15.006
15.001
14.996
14.991
14.986
14.981
14.976
14.971
14.966
14.961
14.956
14.951
14.946
14.941
14.936
14.931
14.926
14.921
14.916
14.911
14.906
14.901
14.896
14.891
14.886
14.88
14.875
14.87
14.865
14.86
14.855
14.85
14.845
14.84
14.835
14.83
14.825
14.82
14.815
14.81
14.805
14.8
14.795
14.79
14.785
14.78
14.775
14.77
14.765
14.76
14.755
14.75
14.745
14.739
14.734
14.729
14.724
14.719
14.714
14.709
14.704
14.699
14.694
14.689
14.684
14.679
14.674
14.669
14.664
14.659
14.654
14.649
14.644
14.639
14.634
14.629
14.624
14.619
14.614
14.609
14.604
14.598
14.593
14.588
14.583
14.578
14.573
14.568
14.563
14.558
14.553
14.548
14.543
14.538
14.533
14.528
14.523
14.518
14.513
14.508
14.503
14.498
14.493
14.488
14.483
14.478
14.473
14.468
14.462
14.457
14.452
14.447
14.442
14.437
14.432
14.427
14.422
14.417
14.412
14.407
14.402
14.397
14.392
14.387
14.382
14.377
14.372
14.367
14.362
14.357
14.352
14.347
14.342
14.337
14.332
14.327
14.321
14.316
14.311
14.306
14.301
14.296
14.291
14.286
14.281
14.276
14.271
14.266
14.261
14.256
14.251
14.246
14.241
14.236
14.231
14.226
14.221
14.216
14.211
14.206
14.201
14.196
14.191
14.186
14.18
14.175
14.17
14.165
14.16
14.155
14.15
14.145
14.14
14.135
14.13
14.125
14.12
14.115
14.11
14.105
14.1
14.095
14.09
14.085
14.08
14.075
14.07
14.065
14.06
14.055
14.05
14.045
14.039
14.034
14.029
14.024
14.019
14.014
14.009
14.004
13.999
13.994
13.989
13.984
13.979
13.974
13.969
13.964
13.959
13.954
13.949
13.944
13.939
13.934
13.929
13.924
13.919
13.914
13.909
13.903
13.898
13.893
13.888
13.883
13.878
13.873
13.868
13.863
13.858
13.853
13.848
13.843
13.838
13.833
13.828
13.823
13.818
13.813
13.808
13.803
13.798
13.793
13.788
13.783
13.778
13.773
13.768
13.762
13.757
13.752
13.747
13.742
13.737
13.732
13.727
13.722
13.717
13.712
13.707
13.702
13.697
13.692
13.687
13.682
13.677
13.672
13.667
13.662
13.657
13.652
13.647
13.642
13.637
13.632
13.627
13.621
13.616
13.611
13.606
13.601
13.596
13.591
13.586
13.581
13.576
13.571
13.566
13.561
13.556
13.551
13.546
13.541
13.536
13.531
13.526
13.521
13.516
13.511
13.506
13.501
13.496
13.491
13.486
13.48
13.475
13.47
13.465
13.46
13.455
13.45
13.445
13.44
13.435
13.43
13.425
13.42
13.415
13.41
13.405
13.4
13.395
13.39
13.385
13.38
13.375
13.37
13.365
13.36
13.355
13.35
13.344
13.339
13.334
13.329
13.324
13.319
13.314
13.309
13.304
13.299
13.294
13.289
13.284
13.279
13.274
13.269
13.264
13.259
13.254
13.249
13.244
13.239
13.234
13.229
13.224
13.219
13.214
13.209
13.203
13.198
13.193
13.188
13.183
13.178
13.173
13.168
13.163
13.158
13.153
13.148
13.143
13.138
13.133
13.128
13.123
13.118
13.113
13.108
13.103
13.098
13.093
13.088
13.083
13.078
13.073
13.068
13.062
13.057
13.052
13.047
13.042
13.037
13.032
13.027
13.022
13.017
13.012
13.007
13.002
12.997
12.992
12.987
12.982
12.977
12.972
12.967
12.962
12.957
12.952
12.947
12.942
12.937
12.932
12.927
12.921
12.916
12.911
12.906
12.901
12.896
12.891
12.886
12.881
12.876
12.871
12.866
12.861
12.856
12.851
12.846
12.841
12.836
12.831
12.826
12.821
12.816
12.811
12.806
12.801
12.796
12.791
12.786
12.78
12.775
12.77
12.765
12.76
12.755
12.75
12.745
12.74
12.735
12.73
12.725
12.72
12.715
12.71
12.705
12.7
12.695
12.69
12.685
12.68
12.675
12.67
12.665
12.66
12.655
12.65
12.644
12.639
12.634
12.629
12.624
12.619
12.614
12.609
12.604
12.599
12.594
12.589
12.584
12.579
12.574
12.569
12.564
12.559
12.554
12.549
12.544
12.539
12.534
12.529
12.524
12.519
12.514
12.509
12.503
12.498
12.493
12.488
12.483
12.478
12.473
12.468
12.463
12.458
12.453
12.448
12.443
12.438
12.433
12.428
12.423
12.418
12.413
12.408
12.403
12.398
12.393
12.388
12.383
12.378
12.373
12.368
12.362
12.357
12.352
12.347
12.342
12.337
12.332
12.327
12.322
12.317
12.312
12.307
12.302
12.297
12.292
12.287
12.282
12.277
12.272
12.267
12.262
12.257
12.252
12.247
12.242
12.237
12.232
12.227
12.221
12.216
12.211
12.206
12.201
12.196
12.191
12.186
12.181
12.176
12.171
12.166
12.161
12.156
12.151
12.146
12.141
12.136
12.131
12.126
12.121
12.116
12.111
12.106
12.101
12.096
12.091
12.085
12.08
12.075
12.07
12.065
12.06
12.055
12.05
12.045
12.04
12.035
12.03
12.025
12.02
12.015
12.01
12.005
12.0
11.995
11.99
11.985
11.98
11.975
11.97
11.965
11.96
11.955
11.95
11.944
11.939
11.934
11.929
11.924
11.919
11.914
11.909
11.904
11.899
11.894
11.889
11.884
11.879
11.874
11.869
11.864
11.859
11.854
11.849
11.844
11.839
11.834
11.829
11.824
11.819
11.814
11.809
11.803
11.798
11.793
11.788
11.783
11.778
11.773
11.768
11.763
11.758
11.753
11.748
11.743
11.738
11.733
11.728
11.723
11.718
11.713
11.708
11.703
11.698
11.693
11.688
11.683
11.678
11.673
11.668
11.662
11.657
11.652
11.647
11.642
11.637
11.632
11.627
11.622
11.617
11.612
11.607
11.602
11.597
11.592
11.587
11.582
11.577
11.572
11.567
11.562
11.557
11.552
11.547
11.542
11.537
11.532
11.526
11.521
11.516
11.511
11.506
11.501
11.496
11.491
11.486
11.481
11.476
11.471
11.466
11.461
11.456
11.451
11.446
11.441
11.436
11.431
11.426
11.421
11.416
11.411
11.406
11.401
11.396
11.391
11.385
11.38
11.375
11.37
11.365
11.36
11.355
11.35
11.345
11.34
11.335
11.33
11.325
11.32
11.315
11.31
11.305
11.3
11.295
11.29
11.285
11.28
11.275
11.27
11.265
11.26
11.255
11.25
11.244
11.239
11.234
11.229
11.224
11.219
11.214
11.209
11.204
11.199
11.194
11.189
11.184
11.179
11.174
11.169
11.164
11.159
11.154
11.149
11.144
11.139
11.134
11.129
11.124
11.119
11.114
11.109
11.103
11.098
11.093
11.088
11.083
11.078
11.073
11.068
11.063
11.058
11.053
11.048
11.043
11.038
11.033
11.028
11.023
11.018
11.013
11.008
11.003
10.998
10.993
10.988
10.983
10.978
10.973
10.967
10.962
10.957
10.952
10.947
10.942
10.937
10.932
10.927
10.922
10.917
10.912
10.907
10.902
10.897
10.892
10.887
10.882
10.877
10.872
10.867
10.862
10.857
10.852
10.847
10.842
10.837
10.832
10.826
10.821
10.816
10.811
10.806
10.801
10.796
10.791
10.786
10.781
10.776
10.771
10.766
10.761
10.756
10.751
10.746
10.741
10.736
10.731
10.726
10.721
10.716
10.711
10.706
10.701
10.696
10.691
10.685
10.68
10.675
10.67
10.665
10.66
10.655
10.65
10.645
10.64
10.635
10.63
10.625
10.62
10.615
10.61
10.605
10.6
10.595
10.59
10.585
10.58
10.575
10.57
10.565
10.56
10.555
10.55
10.544
10.539
10.534
10.529
10.524
10.519
10.514
10.509
10.504
10.499
10.494
10.489
10.484
10.479
10.474
10.469
10.464
10.459
10.454
10.449
10.444
10.439
10.434
10.429
10.424
10.419
10.414
10.408
10.403
10.398
10.393
10.388
10.383
10.378
10.373
10.368
10.363
10.358
10.353
10.348
10.343
10.338
10.333
10.328
10.323
10.318
10.313
10.308
10.303
10.298
10.293
10.288
10.283
10.278
10.273
10.267
10.262
10.257
10.252
10.247
10.242
10.237
10.232
10.227
10.222
10.217
10.212
10.207
10.202
10.197
10.192
10.187
10.182
10.177
10.172
10.167
10.162
10.157
10.152
10.147
10.142
10.137
10.132
10.126
10.121
10.116
10.111
10.106
10.101
10.096
10.091
10.086
10.081
10.076
10.071
10.066
10.061
10.056
10.051
10.046
10.041
10.036
10.031
10.026
10.021
10.016
10.011
10.006
10.001
9.996
9.991
9.985
9.98
9.975
9.97
9.965
9.96
9.955
9.95
9.945
9.94
9.935
9.93
9.925
9.92
9.915
9.91
9.905
9.9
9.895
9.89
9.885
9.88
9.875
9.87
9.865
9.86
9.855
9.849
9.844
9.839
9.834
9.829
9.824
9.819
9.814
9.809
9.804
9.799
9.794
9.789
9.784
9.779
9.774
9.769
9.764
9.759
9.754
9.749
9.744
9.739
9.734
9.729
9.724
9.719
9.714
9.708
9.703
9.698
9.693
9.688
9.683
9.678
9.673
9.668
9.663
9.658
9.653
9.648
9.643
9.638
9.633
9.628
9.623
9.618
9.613
9.608
9.603
9.598
9.593
9.588
9.583
9.578
9.573
9.567
9.562
9.557
9.552
9.547
9.542
9.537
9.532
9.527
9.522
9.517
9.512
9.507
9.502
9.497
9.492
9.487
9.482
9.477
9.472
9.467
9.462
9.457
9.452
9.447
9.442
9.437
9.432
9.426
9.421
9.416
9.411
9.406
9.401
9.396
9.391
9.386
9.381
9.376
9.371
9.366
9.361
9.356
9.351
9.346
9.341
9.336
9.331
9.326
9.321
9.316
9.311
9.306
9.301
9.296
9.291
9.285
9.28
9.275
9.27
9.265
9.26
9.255
9.25
9.245
9.24
9.235
9.23
9.225
9.22
9.215
9.21
9.205
9.2
9.195
9.19
9.185
9.18
9.175
9.17
9.165
9.16
9.155
9.149
9.144
9.139
9.134
9.129
9.124
9.119
9.114
9.109
9.104
9.099
9.094
9.089
9.084
9.079
9.074
9.069
9.064
9.059
9.054
9.049
9.044
9.039
9.034
9.029
9.024
9.019
9.014
9.008
9.003
8.998
8.993
8.988
8.983
8.978
8.973
8.968
8.963
8.958
8.953
8.948
8.943
8.938
8.933
8.928
8.923
8.918
8.913
8.908
8.903
8.898
8.893
8.888
8.883
8.878
8.873
8.867
8.862
8.857
8.852
8.847
8.842
8.837
8.832
8.827
8.822
8.817
8.812
8.807
8.802
8.797
8.792
8.787
8.782
8.777
8.772
8.767
8.762
8.757
8.752
8.747
8.742
8.737
8.732
8.726
8.721
8.716
8.711
8.706
8.701
8.696
8.691
8.686
8.681
8.676
8.671
8.666
8.661
8.656
8.651
8.646
8.641
8.636
8.631
8.626
8.621
8.616
8.611
8.606
8.601
8.596
8.59
8.585
8.58
8.575
8.57
8.565
8.56
8.555
8.55
8.545
8.54
8.535
8.53
8.525
8.52
8.515
8.51
8.505
8.5
8.495
8.49
8.485
8.48
8.475
8.47
8.465
8.46
8.455
8.449
8.444
8.439
8.434
8.429
8.424
8.419
8.414
8.409
8.404
8.399
8.394
8.389
8.384
8.379
8.374
8.369
8.364
8.359
8.354
8.349
8.344
8.339
8.334
8.329
8.324
8.319
8.314
8.308
8.303
8.298
8.293
8.288
8.283
8.278
8.273
8.268
8.263
8.258
8.253
8.248
8.243
8.238
8.233
8.228
8.223
8.218
8.213
8.208
8.203
8.198
8.193
8.188
8.183
8.178
8.173
8.167
8.162
8.157
8.152
8.147
8.142
8.137
8.132
8.127
8.122
8.117
8.112
8.107
8.102
8.097
8.092
8.087
8.082
8.077
8.072
8.067
8.062
8.057
8.052
8.047
8.042
8.037
8.031
8.026
8.021
8.016
8.011
8.006
8.001
7.996
7.991
7.986
7.981
7.976
7.971
7.966
7.961
7.956
7.951
7.946
7.941
7.936
7.931
7.926
7.921
7.916
7.911
7.906
7.901
7.896
7.89
7.885
7.88
7.875
7.87
7.865
7.86
7.855
7.85
7.845
7.84
7.835
7.83
7.825
7.82
7.815
7.81
7.805
7.8
7.795
7.79
7.785
7.78
7.775
7.77
7.765
7.76
7.755
7.749
7.744
7.739
7.734
7.729
7.724
7.719
7.714
7.709
7.704
7.699
7.694
7.689
7.684
7.679
7.674
7.669
7.664
7.659
7.654
7.649
7.644
7.639
7.634
7.629
7.624
7.619
7.614
7.608
7.603
7.598
7.593
7.588
7.583
7.578
7.573
7.568
7.563
7.558
7.553
7.548
7.543
7.538
7.533
7.528
7.523
7.518
7.513
7.508
7.503
7.498
7.493
7.488
7.483
7.478
7.472
7.467
7.462
7.457
7.452
7.447
7.442
7.437
7.432
7.427
7.422
7.417
7.412
7.407
7.402
7.397
7.392
7.387
7.382
7.377
7.372
7.367
7.362
7.357
7.352
7.347
7.342
7.337
7.331
7.326
7.321
7.316
7.311
7.306
7.301
7.296
7.291
7.286
7.281
7.276
7.271
7.266
7.261
7.256
7.251
7.246
7.241
7.236
7.231
7.226
7.221
7.216
7.211
7.206
7.201
7.196
7.19
7.185
7.18
7.175
7.17
7.165
7.16
7.155
7.15
7.145
7.14
7.135
7.13
7.125
7.12
7.115
7.11
7.105
7.1
7.095
7.09
7.085
7.08
7.075
7.07
7.065
7.06
7.055
7.049
7.044
7.039
7.034
7.029
7.024
7.019
7.014
7.009
7.004
6.999
6.994
6.989
6.984
6.979
6.974
6.969
6.964
6.959
6.954
6.949
6.944
6.939
6.934
6.929
6.924
6.919
6.913
6.908
6.903
6.898
6.893
6.888
6.883
6.878
6.873
6.868
6.863
6.858
6.853
6.848
6.843
6.838
6.833
6.828
6.823
6.818
6.813
6.808
6.803
6.798
6.793
6.788
6.783
6.778
6.772
6.767
6.762
6.757
6.752
6.747
6.742
6.737
6.732
6.727
6.722
6.717
6.712
6.707
6.702
6.697
6.692
6.687
6.682
6.677
6.672
6.667
6.662
6.657
6.652
6.647
6.642
6.637
6.631
6.626
6.621
6.616
6.611
6.606
6.601
6.596
6.591
6.586
6.581
6.576
6.571
6.566
6.561
6.556
6.551
6.546
6.541
6.536
6.531
6.526
6.521
6.516
6.511
6.506
6.501
6.496
6.49
6.485
6.48
6.475
6.47
6.465
6.46
6.455
6.45
6.445
6.44
6.435
6.43
6.425
6.42
6.415
6.41
6.405
6.4
6.395
6.39
6.385
6.38
6.375
6.37
6.365
6.36
6.355
6.349
6.344
6.339
6.334
6.329
6.324
6.319
6.314
6.309
6.304
6.299
6.294
6.289
6.284
6.279
6.274
6.269
6.264
6.259
6.254
6.249
6.244
6.239
6.234
6.229
6.224
6.219
6.213
6.208
6.203
6.198
6.193
6.188
6.183
6.178
6.173
6.168
6.163
6.158
6.153
6.148
6.143
6.138
6.133
6.128
6.123
6.118
6.113
6.108
6.103
6.098
6.093
6.088
6.083
6.078
6.072
6.067
6.062
6.057
6.052
6.047
6.042
6.037
6.032
6.027
6.022
6.017
6.012
6.007
6.002
5.997
5.992
5.987
5.982
5.977
5.972
5.967
5.962
5.957
5.952
5.947
5.942
5.937
5.931
5.926
5.921
5.916
5.911
5.906
5.901
5.896
5.891
5.886
5.881
5.876
5.871
5.866
5.861
5.856
5.851
5.846
5.841
5.836
5.831
5.826
5.821
5.816
5.811
5.806
5.801
5.796
5.79
5.785
5.78
5.775
5.77
5.765
5.76
5.755
5.75
5.745
5.74
5.735
5.73
5.725
5.72
5.715
5.71
5.705
5.7
5.695
5.69
5.685
5.68
5.675
5.67
5.665
5.66
5.654
5.649
5.644
5.639
5.634
5.629
5.624
5.619
5.614
5.609
5.604
5.599
5.594
5.589
5.584
5.579
5.574
5.569
5.564
5.559
5.554
5.549
5.544
5.539
5.534
5.529
5.524
5.519
5.513
5.508
5.503
5.498
5.493
5.488
5.483
5.478
5.473
5.468
5.463
5.458
5.453
5.448
5.443
5.438
5.433
5.428
5.423
5.418
5.413
5.408
5.403
5.398
5.393
5.388
5.383
5.378
5.372
5.367
5.362
5.357
5.352
5.347
5.342
5.337
5.332
5.327
5.322
5.317
5.312
5.307
5.302
5.297
5.292
5.287
5.282
5.277
5.272
5.267
5.262
5.257
5.252
5.247
5.242
5.237
5.231
5.226
5.221
5.216
5.211
5.206
5.201
5.196
5.191
5.186
5.181
5.176
5.171
5.166
5.161
5.156
5.151
5.146
5.141
5.136
5.131
5.126
5.121
5.116
5.111
5.106
5.101
5.095
5.09
5.085
5.08
5.075
5.07
5.065
5.06
5.055
5.05
5.045
5.04
5.035
5.03
5.025
5.02
5.015
5.01
5.005
5.0
4.995
4.99
4.985
4.98
4.975
4.97
4.965
4.96
4.954
4.949
4.944
4.939
4.934
4.929
4.924
4.919
4.914
4.909
4.904
4.899
4.894
4.889
4.884
4.879
4.874
4.869
4.864
4.859
4.854
4.849
4.844
4.839
4.834
4.829
4.824
4.819
4.813
4.808
4.803
4.798
4.793
4.788
4.783
4.778
4.773
4.768
4.763
4.758
4.753
4.748
4.743
4.738
4.733
4.728
4.723
4.718
4.713
4.708
4.703
4.698
4.693
4.688
4.683
4.678
4.672
4.667
4.662
4.657
4.652
4.647
4.642
4.637
4.632
4.627
4.622
4.617
4.612
4.607
4.602
4.597
4.592
4.587
4.582
4.577
4.572
4.567
4.562
4.557
4.552
4.547
4.542
4.536
4.531
4.526
4.521
4.516
4.511
4.506
4.501
4.496
4.491
4.486
4.481
4.476
4.471
4.466
4.461
4.456
4.451
4.446
4.441
4.436
4.431
4.426
4.421
4.416
4.411
4.406
4.401
4.395
4.39
4.385
4.38
4.375
4.37
4.365
4.36
4.355
4.35
4.345
4.34
4.335
4.33
4.325
4.32
4.315
4.31
4.305
4.3
4.295
4.29
4.285
4.28
4.275
4.27
4.265
4.26
4.254
4.249
4.244
4.239
4.234
4.229
4.224
4.219
4.214
4.209
4.204
4.199
4.194
4.189
4.184
4.179
4.174
4.169
4.164
4.159
4.154
4.149
4.144
4.139
4.134
4.129
4.124
4.119
4.113
4.108
4.103
4.098
4.093
4.088
4.083
4.078
4.073
4.068
4.063
4.058
4.053
4.048
4.043
4.038
4.033
4.028
4.023
4.018
4.013
4.008
4.003
3.998
3.993
3.988
3.983
3.977
3.972
3.967
3.962
3.957
3.952
3.947
3.942
3.937
3.932
3.927
3.922
3.917
3.912
3.907
3.902
3.897
3.892
3.887
3.882
3.877
3.872
3.867
3.862
3.857
3.852
3.847
3.842
3.836
3.831
3.826
3.821
3.816
3.811
3.806
3.801
3.796
3.791
3.786
3.781
3.776
3.771
3.766
3.761
3.756
3.751
3.746
3.741
3.736
3.731
3.726
3.721
3.716
3.711
3.706
3.701
3.695
3.69
3.685
3.68
3.675
3.67
3.665
3.66
3.655
3.65
3.645
3.64
3.635
3.63
3.625
3.62
3.615
3.61
3.605
3.6
3.595
3.59
3.585
3.58
3.575
3.57
3.565
3.56
3.554
3.549
3.544
3.539
3.534
3.529
3.524
3.519
3.514
3.509
3.504
3.499
3.494
3.489
3.484
3.479
3.474
3.469
3.464
3.459
3.454
3.449
3.444
3.439
3.434
3.429
3.424
3.418
3.413
3.408
3.403
3.398
3.393
3.388
3.383
3.378
3.373
3.368
3.363
3.358
3.353
3.348
3.343
3.338
3.333
3.328
3.323
3.318
3.313
3.308
3.303
3.298
3.293
3.288
3.283
3.277
3.272
3.267
3.262
3.257
3.252
3.247
3.242
3.237
3.232
3.227
3.222
3.217
3.212
3.207
3.202
3.197
3.192
3.187
3.182
3.177
3.172
3.167
3.162
3.157
3.152
3.147
3.142
3.136
3.131
3.126
3.121
3.116
3.111
3.106
3.101
3.096
3.091
3.086
3.081
3.076
3.071
3.066
3.061
3.056
3.051
3.046
3.041
3.036
3.031
3.026
3.021
3.016
3.011
3.006
3.001
2.995
2.99
2.985
2.98
2.975
2.97
2.965
2.96
2.955
2.95
2.945
2.94
2.935
2.93
2.925
2.92
2.915
2.91
2.905
2.9
2.895
2.89
2.885
2.88
2.875
2.87
2.865
2.86
2.854
2.849
2.844
2.839
2.834
2.829
2.824
2.819
2.814
2.809
2.804
2.799
2.794
2.789
2.784
2.779
2.774
2.769
2.764
2.759
2.754
2.749
2.744
2.739
2.734
2.729
2.724
2.718
2.713
2.708
2.703
2.698
2.693
2.688
2.683
2.678
2.673
2.668
2.663
2.658
2.653
2.648
2.643
2.638
2.633
2.628
2.623
2.618
2.613
2.608
2.603
2.598
2.593
2.588
2.583
2.577
2.572
2.567
2.562
2.557
2.552
2.547
2.542
2.537
2.532
2.527
2.522
2.517
2.512
2.507
2.502
2.497
2.492
2.487
2.482
2.477
2.472
2.467
2.462
2.457
2.452
2.447
2.442
2.436
2.431
2.426
2.421
2.416
2.411
2.406
2.401
2.396
2.391
2.386
2.381
2.376
2.371
2.366
2.361
2.356
2.351
2.346
2.341
2.336
2.331
2.326
2.321
2.316
2.311
2.306
2.301
2.295
2.29
2.285
2.28
2.275
2.27
2.265
2.26
2.255
2.25
2.245
2.24
2.235
2.23
2.225
2.22
2.215
2.21
2.205
2.2
2.195
2.19
2.185
2.18
2.175
2.17
2.165
2.159
2.154
2.149
2.144
2.139
2.134
2.129
2.124
2.119
2.114
2.109
2.104
2.099
2.094
2.089
2.084
2.079
2.074
2.069
2.064
2.059
2.054
2.049
2.044
2.039
2.034
2.029
2.024
2.018
2.013
2.008
2.003
1.998
1.993
1.988
1.983
1.978
1.973
1.968
1.963
1.958
1.953
1.948
1.943
1.938
1.933
1.928
1.923
1.918
1.913
1.908
1.903
1.898
1.893
1.888
1.883
1.877
1.872
1.867
1.862
1.857
1.852
1.847
1.842
1.837
1.832
1.827
1.822
1.817
1.812
1.807
1.802
1.797
1.792
1.787
1.782
1.777
1.772
1.767
1.762
1.757
1.752
1.747
1.742
1.736
1.731
1.726
1.721
1.716
1.711
1.706
1.701
1.696
1.691
1.686
1.681
1.676
1.671
1.666
1.661
1.656
1.651
1.646
1.641
1.636
1.631
1.626
1.621
1.616
1.611
1.606
1.6
1.595
1.59
1.585
1.58
1.575
1.57
1.565
1.56
1.555
1.55
1.545
1.54
1.535
1.53
1.525
1.52
1.515
1.51
1.505
1.5
1.495
1.49
1.485
1.48
1.475
1.47
1.465
1.459
1.454
1.449
1.444
1.439
1.434
1.429
1.424
1.419
1.414
1.409
1.404
1.399
1.394
1.389
1.384
1.379
1.374
1.369
1.364
1.359
1.354
1.349
1.344
1.339
1.334
1.329
1.324
1.318
1.313
1.308
1.303
1.298
1.293
1.288
1.283
1.278
1.273
1.268
1.263
1.258
1.253
1.248
1.243
1.238
1.233
1.228
1.223
1.218
1.213
1.208
1.203
1.198
1.193
1.188
1.183
1.177
1.172
1.167
1.162
1.157
1.152
1.147
1.142
1.137
1.132
1.127
1.122
1.117
1.112
1.107
1.102
1.097
1.092
1.087
1.082
1.077
1.072
1.067
1.062
1.057
1.052
1.047
1.041
1.036
1.031
1.026
1.021
1.016
1.011
1.006
1.001
1.024
1.054
1.085
1.116
1.147
1.178
1.209
1.24
1.271
1.302
1.333
1.364
1.395
1.426
1.457
1.488
1.519
1.55
1.581
1.612
1.643
1.674
1.705
1.736
1.766
1.797
1.828
1.859
1.89
1.921
1.952
1.983
2.014
2.045
2.076
2.107
2.138
2.169
2.2
2.231
2.262
2.293
2.324
2.355
2.386
2.417
2.448
2.478
2.509
2.54
2.571
2.602
2.633
2.664
2.695
2.726
2.757
2.788
2.819
2.85
2.881
2.912
2.943
2.974
3.005
3.036
3.067
3.098
3.129
3.16
3.19
3.221
3.252
3.283
3.314
3.345
3.376
3.407
3.438
3.469
3.5
3.531
3.562
3.593
3.624
3.655
3.686
3.717
3.748
3.779
3.81
3.841
3.872
3.903
3.933
3.964
3.995
4.026
4.057
4.088
4.119
4.15
4.181
4.212
4.243
4.274
4.305
4.336
4.367
4.398
4.429
4.46
4.491
4.522
4.553
4.584
4.615
4.645
4.676
4.707
4.738
4.769
4.8
4.831
4.862
4.893
4.924
4.955
4.986
5.017
5.048
5.079
5.11
5.141
5.172
5.203
5.234
5.265
5.296
5.327
5.357
5.388
5.419
5.45
5.481
5.512
5.543
5.574
5.605
5.636
5.667
5.698
5.729
5.76
5.791
5.822
5.853
5.884
5.915
5.946
5.977
6.008
6.039
6.069
6.1
6.131
6.162
6.193
6.224
6.255
6.286
6.317
6.348
6.379
6.41
6.441
6.472
6.503
6.534
6.565
6.596
6.627
6.658
6.689
6.72
6.751
6.781
6.812
6.843
6.874
6.905
6.936
6.967
6.998
7.029
7.06
7.091
7.122
7.153
7.184
7.215
7.246
7.277
7.308
7.339
7.37
7.401
7.432
7.463
7.493
7.524
7.555
7.586
7.617
7.648
7.679
7.71
7.741
7.772
7.803
7.834
7.865
7.896
7.927
7.958
7.989
8.02
8.051
8.082
8.113
8.144
8.175
8.205
8.236
8.267
8.298
8.329
8.36
8.391
8.422
8.453
8.484
8.515
8.546
8.577
8.608
8.639
8.67
8.701
8.732
8.763
8.794
8.825
8.856
8.887
8.917
8.948
8.979
9.01
9.041
9.072
9.103
9.134
9.165
9.196
9.227
9.258
9.289
9.32
9.351
9.382
9.413
9.444
9.475
9.506
9.537
9.568
9.599
9.629
9.66
9.691
9.722
9.753
9.784
9.815
9.846
9.877
9.908
9.939
9.97
10.001
10.032
10.063
10.094
10.125
10.156
10.187
10.218
10.249
10.28
10.311
10.342
10.372
10.403
10.434
10.465
10.496
10.527
10.558
10.589
10.62
10.651
10.682
10.713
10.744
10.775
10.806
10.837
10.868
10.899
10.93
10.961
10.992
11.023
11.054
11.084
11.115
11.146
11.177
11.208
11.239
11.27
11.301
11.332
11.363
11.394
11.425
11.456
11.487
11.518
11.549
11.58
11.611
11.642
11.673
11.704
11.735
11.766
11.796
11.827
11.858
11.889
11.92
11.951
11.982
12.013
12.044
12.075
12.106
12.137
12.168
12.199
12.23
12.261
12.292
12.323
12.354
12.385
12.416
12.447
12.478
12.508
12.539
12.57
12.601
12.632
12.663
12.694
12.725
12.756
12.787
12.818
12.849
12.88
12.911
12.942
12.973
13.004
13.035
13.066
13.097
13.128
13.159
13.19
13.22
13.251
13.282
13.313
13.344
13.375
13.406
13.437
13.468
13.499
13.53
13.561
13.592
13.623
13.654
13.685
13.716
13.747
13.778
13.809
13.84
13.871
13.902
13.932
13.963
13.994
14.025
14.056
14.087
14.118
14.149
14.18
14.211
14.242
14.273
14.304
14.335
14.366
14.397
14.428
14.459
14.49
14.521
14.552
14.583
14.614
14.644
14.675
14.706
14.737
14.768
14.799
14.83
14.861
14.892
14.923
14.954
14.985
15.016
15.047
15.078
15.109
15.14
15.171
15.202
15.233
15.264
15.295
15.326
15.356
15.387
15.418
15.449
15.48
15.511
15.542
15.573
15.604
15.635
15.666
15.697
15.728
15.759
15.79
15.821
15.852
15.883
15.914
15.945
15.976
16.007
16.038
16.068
16.099
16.13
16.161
16.192
16.223
16.254
16.285
16.316
16.347
16.378
16.409
16.44
16.471
16.502
16.533
16.564
16.595
16.626
16.657
16.688
16.719
16.75
16.781
16.811
16.842
16.873
16.904
16.935
16.966
16.997
17.028
17.059
17.09
17.121
17.152
17.183
17.214
17.245
17.276
17.307
17.338
17.369
17.4
17.431
17.462
17.493
17.523
17.554
17.585
17.616
17.647
17.678
17.709
17.74
17.771
17.802
17.833
17.864
17.895
17.926
17.957
17.988
18.019
18.05
18.081
18.112
18.143
18.174
18.205
18.235
18.266
18.297
18.328
18.359
18.39
18.421
18.452
18.483
18.514
18.545
18.576
18.607
18.638
18.669
18.7
18.731
18.762
18.793
18.824
18.855
18.886
18.917
18.947
18.978
19.009
19.04
19.071
19.102
19.133
19.164
19.195
19.226
19.257
19.288
19.319
19.35
19.381
19.412
19.443
19.474
19.505
19.536
19.567
19.598
19.629
19.659
19.69
19.721
19.752
19.783
19.814
19.845
19.876
19.907
19.938
19.969
20.0
