0.0343237173950596
0.03501900155467266
0.03587407151494214
0.03690620141647954
0.0380894800483676
0.03941527034030058
0.040883572292278465
0.04246847469338401
0.044195888754534465
0.046048540335118335
0.04796165140784247
0.049982725859388503
0.05209448954914494
0.053925548453964425
0.05583434099153568
0.05770858524788392
0.05963465192606669
0.06154344446363795
0.06349542235273796
0.0654430817066851
0.06733028156849198
0.06919588875453447
0.07106149594057695
0.07288823631024358
0.07466315425807568
0.07637329417861463
0.0780618414233892
0.07966833650025912
0.08124460183105893
0.08277768181032995
0.08415529452409745
0.08547676628087754
0.08674641561582312
0.08800310934531008
0.08838745897391605
0.08863361547763
0.08880203834859218
0.08896614268440146
0.08897477975470722
0.08903955778200037
0.08895318707894283
0.08880203834859218
0.0885602003800311
0.08837018483330455
0.08803765762653311
0.08768353774399726
0.08738987735360167
0.08694506823285544
0.0865693556745552
0.08603817585075145
0.08557609258939369
0.08518310589048196
0.08463897046121957
0.08416393159440319
0.08212990153739853
0.07957332872689586
0.07702539298669892
0.07445154603558475
0.0719036102953878
0.06945068232855417
0.06702798410779065
0.06467438244947314
0.06227759543962688
0.05998445327344966
0.05782518569701158
0.05565296251511488
0.053649162204180346
0.05172741406115047
0.04987044394541372
0.04818189670063915
0.04650198652617033
0.045150285023320094
0.04862238728623252
0.05214199343582658
0.05574365175332528
0.05940576956296425
0.06301174641561584
0.0667472793228537
0.07040939713249268
0.0740801520124374
0.07770772154085336
0.08129210571774055
0.08482034893764036
0.0876014855760926
0.08795992399378133
0.08822335463810678
0.08839177750906893
0.08847382967697359
0.08846087407151496
0.08835291069269305
0.08823199170841252
0.08809379858352048
0.08786923475557093
0.08755398168941096
0.08730350665054415
0.0869666609086198
0.08654776299879083
0.08619364311625498
0.08575315253066161
0.08523492831231648
0.0847944377267231
0.08426325790291934
0.08373207807911559
0.0832008982553118
0.08266108136120229
0.08212990153739853
0.08159872171359475
0.08105890481948524
0.0804543098980826
0.07991017446882018
0.07937467610986355
0.07886077042667129
0.07832527206771464
0.07780272931421663
0.07728018656071861
0.07683969597512524
0.07639488685437901
0.07594575919847987
0.0755830022456383
0.07522888236310245
0.07485748833995509
0.07450336845741927
0.07428744169977544
0.07464156158231129
0.07505182242183452
0.07546640179651064
0.07594575919847987
0.07640784245983763
0.07693470374848853
0.07746156503713941
0.07796683365002594
0.07823890136465712
0.07856279150112283
0.07878303679391953
0.07905510450855072
0.07930126101226465
0.07951718776990846
0.07977629987908103
0.07994040421489033
0.0802340646052859
0.08040680601140095
0.080648643979962
0.08086025220245294
0.08104594921402662
0.08120141647953016
0.08133529106926932
0.08143461737778546
0.08150803247538436
0.08155553636206599
0.08162031438935913
0.08161167731905339
0.08168941095180517
0.08156417343237175
0.08158576610813614
0.08152962515114873
0.0814475729832441
0.08128346864743481
0.08102435653826223
0.0809423043703576
0.08070910347210228
0.0804543098980826
0.08012178269131112
0.07976766280877527
0.07948263948868545
0.07903783036793921
0.07857574710658145
0.07818276040766972
0.07763430644325446
0.07721108999827259
0.07653739851442391
0.07603644843669029
0.07547503886681639
0.07486612541026084
0.07404560373121438
0.07337191224736571
0.07268094662290552
0.07194679564691657
0.07116514078424599
0.07034030057004666
0.06907496977025394
0.06793487648989464
0.06680773881499397
0.06565468992917603
0.0644843669027466
0.0633269994817758
0.062178269131110735
0.06116341337018484
0.060019001554672664
0.05886163413370186
0.057751770599412694
0.056628951459664886
0.055501813784764216
0.05442217999654518
0.053355501813784775
0.052310416306788746
0.051265330799792716
0.050647780272931424
0.0501641043358093
0.049689065468992925
0.04921834513732942
0.04863102435653827
0.048194852306097775
0.04776299879081017
0.047331145275522554
0.04681292105717741
0.04643720849887719
0.04604422179996546
0.04558213853860771
0.045236655726377625
0.045107099671791336
0.045016410433580935
0.044921402660217664
0.04482639488685439
0.044765935394714115
0.04472275004318536
0.04467524615650372
0.04466229055104509
0.04464933494558646
0.04467092762135085
0.044696838832268104
0.044748661254102616
0.04482207635170152
0.04491708412506478
0.04502504750388669
0.0451675591639316
0.04532734496458802
0.04552167904646744
0.04573760580411126
0.04598808084297807
0.04653653480739334
0.04708498877180861
0.04765503541198826
0.048207807911556405
0.048747624805665926
0.04924857488339956
0.049702021074451555
0.05010364484366903
0.050418897909828994
0.050660735878390054
0.050228882363102446
0.049719295215063054
0.04913629296942478
0.04849714976679911
0.04780618414233893
0.04707203316634998
0.04631628951459666
0.04556054586284333
0.044817757816548634
0.04409224391086544
0.04340127828640526
0.042978061841423394
0.04261098635342893
0.04229573328726897
0.042019347037484896
0.04175591639315945
0.04152703403005701
0.04133701848333046
0.041164277077215414
0.04100880981171187
0.040870616686819836
0.04075401623769218
0.04063309725341165
0.04049490412851962
0.04050354119882537
0.04049490412851962
0.04048194852306099
0.04047331145275523
0.040447400241837975
0.040434444636379345
0.0404258075660736
0.04039557782000346
0.040365348073933334
0.040339436863016075
0.04030920711694594
0.0402789773708758
0.040248747624805674
0.04021851787873554
0.04018828813266541
0.04015805838659527
0.04011055449991364
0.0400803247538435
0.04004577647262049
0.039998272585938854
0.039968042839868725
0.03991622041803421
0.039864397996199695
0.03983416825012956
0.03978234582829505
0.03975211608222491
0.03970029366039041
0.03967006391432027
0.03961824149248575
0.03956641907065125
0.03953187078942823
0.039480048367593716
0.03944550008637071
0.03941527034030058
0.03936344791846606
0.03932889963724306
0.039294351356020045
0.03925980307479704
0.03920798065296252
0.03917343237173951
0.0391388840905165
0.03912592848505787
0.03909138020383486
0.039056831922611855
0.039039557782000356
0.03900932803593022
0.038992053895318714
0.03897477975470721
0.03896182414924858
0.03894455000863708
0.03893159440317845
0.038935912938331325
0.03891863879771982
0.038922957332872696
0.03892727586802557
0.03893159440317845
0.038935912938331325
0.03896182414924858
0.038966142684401454
0.03898773536016584
0.03900932803593022
0.03903523924684747
0.03907842459837623
0.039121609949905004
0.03914752116082226
0.03920798065296252
0.039255484539644156
0.03931594403178443
0.03938072205907756
0.03944550008637071
0.039505959578510975
0.0395923302815685
0.03967438244947315
0.03976075315253067
0.039864397996199695
0.03995076869925722
0.04007168768353775
0.040179651062359656
0.04030488858179306
0.0404258075660736
0.040551045085507005
0.04069787528070479
0.04084470547590258
0.04098721713594749
0.04115564000690967
0.04131974434271896
0.041509759889445504
0.041691138365866305
0.04208412506477804
0.04247279322853689
0.04288305406806012
0.043293314907583355
0.04370357574710659
0.04413542926239421
0.044550008637070315
0.04498186215235793
0.04541371566764554
0.045823976507168775
0.046260148557609265
0.046692002072896886
0.047106581447572994
0.047542753498013485
0.04795733287268959
0.0483719122473657
0.048786491622041815
0.04917947832095354
0.04939108654344448
0.04960701330108828
0.04979702884781483
0.04998704439454137
0.05017705994126793
0.05036707548799448
0.05053549835895665
0.050708239765071696
0.05085938849542236
0.05102781136638453
0.051157367420970816
0.051304197616168605
0.05145534634651927
0.05158922093625844
0.05171445845569184
0.05182242183451374
0.051951977889100026
0.052059941267921926
0.05216790464674383
0.05225859388495423
0.05236655726377614
0.05245292796683366
0.05253929866989118
0.0526083952323372
0.05269476593539472
0.05276386249784074
0.052828640525133884
0.052893418552427025
0.05294092243910866
0.05300570046640181
0.05304888581793057
0.05309638970461221
0.05313957505614096
0.0531870789428226
0.053208671618586986
0.05323458282950424
0.05328208671618588
0.05330367939195026
0.05330799792710314
0.053329590602867516
0.053355501813784775
0.05335982034893765
0.05336413888409052
0.05336413888409052
0.053368457419243405
0.053368457419243405
0.053368457419243405
0.05335118327863189
0.053355501813784775
0.0533339091380204
0.053316634997408886
0.05329504232164451
0.05327344964588013
0.05325617550526862
0.053238901364657115
0.05321730868889274
0.05319571601312836
0.053156849196752474
0.05313957505614096
0.05309638970461221
0.05307479702884782
0.05303593021247194
0.053014337536707555
0.052971152185178796
0.052932285368802914
0.05288910001727415
0.05284591466574538
0.05280704784936951
0.05278113663845225
0.05274226982207636
0.052699084470547594
0.05265589911901884
0.05261271376749008
0.05256952841596131
0.052530661599585436
0.052483157712903794
0.052444290896527905
0.05234064605285888
0.05225427534980136
0.05215063050613233
0.05206425980307481
0.051977889100017285
0.051874244256348255
0.05178787355329074
0.0516842287096217
0.05159785800656418
0.051489894627742276
0.05140352392468476
0.05132147175678011
0.051213508377958204
0.05112713767490068
0.05104076697184316
0.05095439626878563
0.05084643288996373
0.050760062186906214
0.05067801001900156
0.050591639315944036
0.05048367593712214
0.05039730523406461
0.050310934531007094
0.05022456382794957
0.05013819312489204
0.0500561409569874
0.04994385904301262
0.04985748833995509
0.04977111763689757
0.049689065468992925
0.0496026947659354
0.049512005527725
0.04942995335982036
0.04933926412160996
0.04925289341855244
0.04916652271549491
0.049080152012437386
0.04899378130937987
0.04890741060632234
0.04883831404387633
0.04875194334081881
0.04866557263776128
0.048579201934703754
0.04849283123164624
0.048406460528588706
0.048337363966142695
0.04825099326308517
0.048164622560027646
0.04807825185697013
0.048009155294524104
0.04792278459146659
0.047836413888409056
0.04776731732596304
0.04768094662290552
0.04761616859561237
0.047529797892554855
0.04744342718949733
0.04737433062705131
0.04728795992399378
0.04721886336154777
0.04713249265849025
0.04706339609604423
0.046977025392986704
0.04691224736569356
0.04684746933840042
0.04675678010019002
0.046692002072896886
0.04662290551045086
0.04653653480739334
0.04646743824494732
0.046402660217654185
0.04631197097944378
0.046247192952150636
0.046178096389704625
0.04611331836241148
0.07511660044912766
0.11798669891172917
0.1319701157367421
0.12714631197097945
0.11368111936431165
0.08866384522370013
0.05308343409915358
0.0982466747279323
0.11528761444118157
0.11469597512523753
0.10913370184833307
0.10177059941267924
0.0913326999481776
0.08079979271031268
0.07146743824494732
0.0629987908101572
0.05531179823803766
0.047875280704784945
0.044947313871134924
0.044774572465019875
0.04470979443772673
0.04466229055104509
0.04459751252375195
0.04452841596130593
0.04448523060977717
0.04441613404733115
0.04437294869580239
0.04430385213335637
0.04423907410606323
0.044191570219381596
0.04412247365693558
0.04407928830540681
0.04401451027811367
0.04396268785627915
0.04391950250475039
0.04385472447745726
0.04380722059077562
0.0437381240283296
0.04369493867680083
0.04364743479011919
0.04359993090343756
0.043535152876144415
0.04348764898946278
0.043440145102781144
0.04339695975125238
0.04334945586457074
0.0432846778372776
0.04323717395059597
0.04318967006391433
0.043146484712385566
0.04309898082570393
0.043051476939022296
0.04300829158749352
0.042960787700811895
0.04291328381413026
0.04287009846260149
0.04283986871653136
0.0427966833650026
0.042749179478320964
0.042705994126792206
0.042658490240110564
0.042632579029193304
0.04260234928312317
0.0425980307479703
0.04257211953705304
0.042563482466747286
0.04253757125583003
0.04252893418552428
0.04252029711521852
0.04249438590430127
0.042485748833995515
0.04248143029884264
0.04245551908792538
0.04244688201761963
0.04243824494731387
0.04241233373639662
0.042403696666090875
0.042377785455173615
0.042369148384867855
0.0423432371739506
0.04233460010364485
0.0423086888927276
0.04230005182242184
0.042274140611504585
0.04226550354119883
0.04223959233028158
0.04221368111936432
0.042183451373294184
0.04215754016237693
0.04214890309207117
0.042122991881153926
0.04209708067023667
0.042049576783555025
0.042023665572637765
0.041997754361720506
0.04197184315080326
0.04192433926412162
0.04189842805320436
0.0418552427016756
0.041825012955605465
0.041781827604076706
0.041794783209535336
0.041825012955605465
0.041833650025911225
0.04185956123682848
0.04188979098289861
0.04192002072896874
0.04196752461565038
0.042010709967179136
0.042079806529625154
0.0421618586975298
0.04224391086543445
0.042364829849714986
0.042485748833995515
0.04264121609949906
0.0427966833650026
0.04300829158749352
0.04321558127483159
0.04346173777854552
0.043906546899291764
0.04435135602003801
0.04481343928139576
0.045253929866989125
0.045677146311970986
0.04606581447572984
0.04641129728795993
0.046363793401278296
0.04625583002245639
0.04611763689756435
0.04592330281568493
0.045694420452582485
0.04544394541371567
0.045163240628778724
0.04486094316807739
0.04454569010191744
0.0442261185006046
0.043889272758680264
0.0435567455519088
0.04324581102090171
0.04301692865779928
0.04280963897046123
0.042606667818276045
0.0424166522715495
0.04223095525997582
0.04205821385386078
0.04190706512351011
0.04175591639315945
0.04162204180342029
0.041492485748834004
0.04135861115909484
0.041242010709967185
0.041147002936603914
0.04103040248747626
0.04095266885472448
0.040857661081361206
0.04077992744860944
0.04071946795646917
0.040641734323717406
0.040581274831577134
0.0405337709448955
0.04047762998790811
0.04043012610122647
0.040391259284850586
0.040365348073933334
0.04032216272240456
0.04029625151148731
0.04027034030057006
0.0402444290896528
0.04021851787873554
0.040209880808429785
0.040183969597512526
0.04017533252720678
0.040166695456901026
0.04015805838659527
0.04013214717567802
0.04012782864052514
0.04011919157021939
0.04011055449991364
0.040101917429607885
0.04009328035930213
0.04008464328899638
0.04005873207807912
0.04005009500777337
0.04004145793746762
0.04001554672655036
0.0399896355156331
0.039980998445327355
0.039955087234410096
0.03991622041803421
0.039890309207116954
0.03984712385558819
0.03982553117982381
0.03978234582829505
0.03975643461737779
0.03971324926584903
0.03967438244947315
0.03961824149248575
0.03957505614095699
0.039518915183969605
0.039480048367593716
0.03941958887545345
0.03938072205907756
0.039324581102090174
0.039268440145102786
0.03922525479357403
0.03916911383658664
0.03913024702021075
0.03907410606322336
0.03903523924684747
0.038992053895318714
0.038953187078942825
0.03891432026256695
0.038922957332872696
0.03893159440317845
0.038953187078942825
0.03896182414924858
0.03898773536016584
0.039013646571083097
0.03903523924684747
0.03907410606322336
0.03910001727414062
0.0391388840905165
0.03917775090689239
0.03919934358265677
0.03923821039903266
0.039294351356020045
0.039333218172395934
0.039372084988771816
0.039423907410606335
0.039480048367593716
0.03951459664881673
0.03956641907065125
0.039622560027638636
0.03967438244947315
0.03974347901191916
0.03979530143375368
0.03984712385558819
0.03991190188288134
0.03996372430471585
0.04003282086716186
0.04009759889445501
0.04016237692174815
0.0402271549490413
0.04029625151148731
0.04036102953878045
0.0404258075660736
0.04049058559336674
0.040555363620659875
0.04063309725341165
0.04069787528070479
0.04075833477284506
0.04083606840559682
0.04090084643288997
0.04097426153048886
0.04105199516324064
0.04111677319053378
0.04119018828813267
0.041254966315425814
0.04132838141302471
0.04140611504577648
0.041479530143375375
0.04153998963551564
0.041613404733114534
0.04168681983071343
0.04176023492831232
0.041820694420452595
0.04189410951805148
0.04196752461565038
0.042023665572637765
0.04209708067023667
0.042166177232682685
0.04222663672482295
0.04229573328726897
0.042369148384867855
0.042420970806702374
0.04249438590430127
0.04254620832613578
0.042619623423734675
0.042671445845569186
0.04272758680255658
0.04279236482984972
0.04284850578683711
0.04290032820867163
0.042952150630506135
0.04300829158749352
0.04306011400932804
0.04311193643116256
0.04316375885299707
0.04321558127483159
0.043254448091207466
0.043306270513041985
0.043340818794265
0.04339695975125238
0.04343150803247539
0.043466056313698404
0.043504923130074286
0.0435394714112973
0.043574019692520304
0.043608567973743316
0.04364743479011919
0.043664708930730704
0.04368630160649508
0.04372084988771809
0.043742442563482475
0.04376403523924686
0.043785627915011234
0.04379426498531699
0.043811539125928486
0.04381585766108137
0.043837450336845746
0.04384176887199863
0.043850405942304375
0.04384176887199863
0.0438460874071515
0.04384176887199863
0.0438460874071515
0.043837450336845746
0.043833131801692876
0.043811539125928486
0.04380290205562274
0.04378130937985836
0.04375971670409398
0.043742442563482475
0.04372084988771809
0.04369925721195371
0.043664708930730704
0.04363016064950769
0.04359993090343756
0.04356538262221456
0.043517878735532915
0.04347469338400415
0.04342718949732252
0.04338400414579375
0.04324581102090171
0.04309898082570393
0.04296942477111764
0.04282259457591985
0.04267576438072206
0.04253325272067715
0.042377785455173615
0.0422352737951287
0.042079806529625154
0.04193729486958025
0.04178614613922958
0.04164363447918467
0.04148816721368113
0.04134997408878909
0.041198825358438426
0.04106063223354639
0.0409138020383486
0.04077560891345656
0.04063741578856452
0.04050354119882537
0.040365348073933334
0.04029193297633443
0.0402271549490413
0.040166695456901026
0.04010623596476076
0.04004577647262049
0.039985316980480225
0.03993349455864571
0.03987303506650545
0.03982553117982381
0.0397737087579893
0.03972620487130766
0.039678700984626024
0.03964415270340301
0.0395923302815685
0.03955778200034549
0.03952323371912248
0.0394843669027466
0.03944981862152358
0.03941527034030058
0.03938072205907756
0.03935481084816031
0.039333218172395934
0.039294351356020045
0.03927275868025567
0.039251166004491286
0.03922525479357403
0.039203662117809644
0.03919070651235102
0.03916479530143376
0.03915183969597513
0.03913024702021075
0.03911729141475212
0.039108654344446374
0.039095698738987744
0.039082743133529114
0.039069787528070485
0.03906115045776473
0.0390481948523061
0.039043876317153225
0.0390309207116946
0.0390309207116946
0.03901796510623597
0.03901796510623597
0.03901796510623597
0.03901796510623597
0.03900500950077734
0.03900500950077734
0.03900069096562447
0.03900069096562447
0.0389963724304716
0.0389963724304716
0.03900500950077734
0.03900500950077734
0.03900500950077734
0.03900069096562447
0.03900932803593022
0.03900500950077734
0.03901796510623597
0.039013646571083097
0.03902228364138885
0.03902228364138885
0.039026602176541726
0.039026602176541726
0.03903523924684747
0.0390309207116946
0.039039557782000356
0.039039557782000356
0.039043876317153225
0.039043876317153225
0.039052513387458986
0.039056831922611855
0.039056831922611855
0.03906115045776473
0.039056831922611855
0.039065468992917615
0.039065468992917615
0.039069787528070485
0.039065468992917615
0.03907410606322336
0.039069787528070485
0.03907842459837623
0.03907410606322336
0.039082743133529114
0.03907842459837623
0.03907410606322336
0.039069787528070485
0.03907842459837623
0.03907410606322336
0.039069787528070485
0.039065468992917615
0.03906115045776473
0.039056831922611855
0.039056831922611855
0.039052513387458986
0.039039557782000356
0.03903523924684747
0.0390309207116946
0.03901796510623597
0.03900500950077734
0.038992053895318714
0.038966142684401454
0.03891863879771982
0.038858179305579554
0.03880203834859216
0.038741578856451894
0.03866384522370012
0.03859906719640699
0.03852133356365521
0.03843928139575056
0.038352910692693046
0.0382708585247884
0.03817585075142512
0.03808516151321473
0.037994472275004326
0.03790378303679393
0.03780445672827778
0.037705130419761625
0.03760580411124547
0.037510796337882193
0.03741147002936605
0.03731646225600277
0.03721713594748662
0.037122128174123345
0.03702712040076007
0.03693211262739679
0.03685006045949215
0.03675505268612887
0.03666868198307135
0.03658662981516671
0.03650457764726206
0.03641820694420453
0.03634479184660564
0.036271376749006747
0.0362065987217136
0.03614182069442046
0.03607704266712732
0.03602090171013993
0.035969079288305415
0.03592157540162377
0.03588270858524789
0.03584816030402488
0.03581793055795475
0.035787700811884614
0.03576610813612023
0.0357531525306616
0.035744515460355855
0.035744515460355855
0.03574883399550873
0.035757471065814485
0.03577474520642599
0.03580065641734324
0.035839523233719126
0.035878390050095015
0.03592589393677666
0.035982034893764045
0.03604249438590431
0.036275695284159616
0.036500259112109176
0.036737778545517366
0.036975297978925556
0.03722145448263949
0.037467610986353435
0.03771808602522025
0.03795992399378132
0.038206080497495264
0.03845223700120919
0.03870703057522889
0.03894455000863708
0.03919502504750389
0.039428225945759204
0.03966142684401452
0.039890309207116954
0.039993954050785985
0.04008464328899638
0.040179651062359656
0.04026602176541717
0.04034807393332182
0.04043012610122647
0.04050354119882537
0.040581274831577134
0.04065037139402315
0.0407151494213163
0.04077560891345656
0.04083606840559682
0.040892209362584225
0.04094403178441873
0.04099153567110037
0.04103903955778201
0.041082224909310766
0.04111677319053378
0.04115995854206254
0.04119018828813267
0.0412204180342028
0.04125064778027294
0.04127655899119019
0.04130247020210745
0.04131974434271896
0.04133701848333046
0.04135429262394197
0.0413672482294006
0.041375885299706344
0.0413845223700121
0.041388840905164974
0.04139747797547073
0.041388840905164974
0.04139315944031785
0.0413845223700121
0.04138020383485923
0.04138020383485923
0.0413672482294006
0.04135861115909484
0.04134565555363621
0.04132838141302471
0.04131542580756608
0.04129815166695458
0.04127224045603732
0.04125928485057869
0.04123337363966143
0.04120746242874417
0.041185869752979797
0.04115995854206254
0.041125410260839525
0.04109949904992227
0.04106495076869927
0.04103472102262913
0.04100017274140612
0.04096130592503023
0.040926757643807224
0.040883572292278465
0.040853342546208336
0.04081447572983245
0.04077129037830369
0.0407324235619278
0.040684919675246164
0.04064605285887028
0.04060286750734152
0.040555363620659875
0.04050354119882537
0.04046467438244948
0.04040853342546209
0.040365348073933334
0.04031784418725169
0.04027034030057006
0.04021419934358267
0.040166695456901026
0.04011487303506651
0.040063050613232
0.040011228191397484
0.03996372430471585
0.03991190188288134
0.03985576092589395
0.039799619968906554
0.03974347901191916
0.039691656590084654
0.039635515633097265
0.03958801174641562
0.03952755225427536
0.03947572983244084
0.03941958887545345
0.039359129383313186
0.0393029884263258
0.03924684746933841
0.03919070651235102
0.0391388840905165
0.039082743133529114
0.039026602176541726
0.03897046121955434
0.03891432026256695
0.038858179305579554
0.03880203834859216
0.03874589739160478
0.04935221972706859
0.050090689238210404
0.050829158749352225
0.05145966488167215
0.052111763689756445
0.0526818103299361
0.053212990153739856
0.05370530316116774
0.05413715667645536
0.05453878044567284
0.05490153739851444
0.055212471929521514
0.0555061323199171
0.05578683710485404
0.05598117118673347
0.05620141647953015
0.05633529106926932
0.05646052858870273
0.056572810502677505
0.0566462256002764
0.05670668509241666
0.05673259630333392
0.05672395923302817
0.056693729486958035
0.0566634997408879
0.056628951459664886
0.056499395405078603
0.05642166177232684
0.05630937985835206
0.05616686819830714
0.05602003800310936
0.055873207807911565
0.05566591812057351
0.05548022110899984
0.0552686128865089
0.05508291587493523
0.054845396441527035
0.05460787700811885
0.054374676109863546
0.05413283814130248
0.05386940749697703
0.05360597685265159
0.05335118327863189
0.05307047849369495
0.052789773708757995
0.05251338745897392
0.052219727068578345
0.05194765935394715
0.05165831749870445
0.05136897564346174
0.05108395232337192
0.05078165486267059
0.05050526861288652
0.05019001554672656
0.049900673691483856
0.04957246501986527
0.04927016755916394
0.0489333218172396
0.048643979961996896
0.04831577129037831
0.0479918811539126
0.047702539298669897
0.04739160476766282
0.04708498877180861
0.04678700984626016
0.04651062359647608
0.04620832613577475
0.04592330281568493
0.04563396096044223
0.04536189324581103
0.04507686992572121
0.044817757816548634
0.04454569010191744
0.044295215063050626
0.044036102953878054
0.04379426498531699
0.04352651580583867
0.043280359302124725
0.043055795474175165
0.04283555018137848
0.042606667818276045
0.042377785455173615
0.04214890309207117
0.04194161340473312
0.041734323717395064
0.04153567110036276
0.041332699948177586
0.041138365866298154
0.04095266885472448
0.04077560891345656
0.040576956296424264
0.04040421489030921
0.040235792019347044
0.04007600621869063
0.03991622041803421
0.03975643461737779
0.03960528588702713
0.039454137156676464
0.039307306961478675
0.039160476766280886
0.0390309207116946
0.03890136465710832
0.038767490067369154
0.0386508896182415
0.03852997063396097
0.03841768871998619
0.03830540680601141
0.03816289514596649
0.03798583520469857
0.037808775263430655
0.03763171532216273
0.037467610986353435
0.03730782518569702
0.03716099499049923
0.03701416479530144
0.036867334600103656
0.03673346001036449
0.03660390395577821
0.0364786664363448
0.036357747452064264
0.03624546553808949
0.03613318362411471
0.03602953878044568
0.035930212471929526
0.03583520469856625
0.035744515460355855
0.035653826222145454
0.03557177405424081
0.03549404042148904
0.03542062532389014
0.03534721022629125
0.03527811366384523
0.03521765417170497
0.03515287614441182
0.035096735187424434
0.03503627569528416
0.03498877180860253
0.034936949386768015
0.03489376403523925
0.03485057868371049
0.03480739333218173
0.03476852651580584
0.03473397823458284
0.03476420798065297
0.03482034893764036
0.034867852824322
0.03491967524615651
0.03497149766799103
0.03502332008982554
0.0350665054413543
0.03511400932803593
0.035161513214717575
0.03520469856624634
0.035243565382622216
0.03528675073415099
0.035325617550526864
0.03536448436690275
0.035399032648125765
0.03543789946450164
0.03547244774572466
0.03550267749179479
0.03553290723786492
0.03556313698393506
0.03559336673000519
0.035614959405769565
0.035640870616686825
0.035666781827604084
0.035653826222145454
0.03563655208153395
0.035623596476075325
0.035610640870616696
0.035597685265158066
0.035584729659699436
0.03557177405424081
0.03555449991362931
0.03554154430817068
0.03553290723786492
0.03551563309725342
0.03550267749179479
0.03548972188633616
0.03547676628087753
0.03546812921057178
0.035455173605113154
0.035442217999654524
0.035424943859043025
0.035416306788737265
0.03540766971843151
0.03539471411297288
0.03538175850751425
0.035373121437208506
0.035360165831749876
0.03535152876144412
0.035338573155985493
0.03532993608567975
0.035321299015373994
0.035312661945068234
0.03530402487476249
0.035295387804456735
0.03528675073415099
0.03527811366384523
0.035269476593539476
0.03527811366384523
0.03528675073415099
0.035295387804456735
0.03530402487476249
0.035312661945068234
0.035321299015373994
0.03533425462083262
0.03534289169113838
0.03535152876144412
0.03536448436690275
0.035373121437208506
0.03545949214026603
0.03555018137847643
0.0356451891518397
0.0357358783900501
0.03583088616341338
0.0359345310070824
0.03603385731559856
0.03614182069442046
0.03625410260839523
0.036366384522370024
0.03648298497149768
0.03660390395577821
0.03673346001036449
0.036854378994645026
0.03698393504923131
0.03712644670927622
0.03726032129901538
0.03740715149421317
0.037558300224563836
0.0377094489549145
0.03787355329072379
0.03803333909138021
0.038193124892036634
0.038365866298151675
0.03853860770426672
0.038711349110381765
0.03890568319226119
0.03908706166868199
0.039268440145102786
0.03945845569182934
0.039665745379167394
0.03985576092589395
0.04005009500777337
0.04024011055449993
0.040447400241837975
0.040641734323717406
0.04083606840559682
0.04102608395232338
0.041211780963897056
0.04141475211608223
0.04160044912765591
0.041781827604076706
0.04195456901019175
0.04213162895145967
0.04229573328726897
0.04245983762307826
0.0426153048885818
0.042762135083779594
0.04289169113836588
0.04300829158749352
0.04311193643116256
0.04317239592330282
0.04324581102090171
0.043280359302124725
0.043310589048194854
0.04332786318880637
0.04320694420452583
0.043077388149939555
0.04291760234928313
0.042766453618932464
0.042563482466747286
0.04237346692002074
0.04217913283814131
0.04195456901019175
0.04172136811193644
0.04150112281913975
0.04126360338573156
0.04099153567110037
0.04074106063223356
0.04048626705821386
0.0402271549490413
0.039968042839868725
0.03970029366039041
0.03943254448091208
0.03917343237173951
0.038922957332872696
0.038672482294005876
0.03843496286059769
0.03818880635688375
0.03797287959923995
0.03776127137674901
0.037571255830022465
0.03737692174814304
0.03720849887718086
0.0370573501468302
0.03693211262739679
0.036819830713422014
0.03672482294005874
0.03665572637761272
0.036616859561236836
0.03658662981516671
0.03661254102608395
0.036642770772154096
0.03670754879944723
0.03681551217826914
0.03695370530316117
0.03711780963897047
0.037320780791155646
0.038024702021074455
0.038767490067369154
0.03951459664881673
0.04029193297633443
0.041069269303852136
0.04184660563136985
0.04222663672482295
0.0426153048885818
0.042960787700811895
0.04332786318880637
0.04366902746588358
0.044010191742960794
0.04434271894973226
0.04464933494558646
0.044947313871134924
0.04521506305061324
0.0455130419761617
0.04579806529625152
0.046022629124201075
0.04628174123337365
0.04652789773708759
0.046765417170495774
0.046946795646916575
0.04717135947486613
0.047370012091898436
0.047560027638624984
0.04769390222836415
0.04785800656417344
0.04801779236482986
0.048164622560027646
0.04830281568491968
0.04842373466920022
0.04849283123164624
0.048592157540162384
0.04869148384867854
0.04878217308688893
0.04885126964933496
0.04892036621178097
0.048972188633615486
0.04901537398514425
0.04904992226636726
0.04902401105545
0.04903696666090863
0.04903264812575575
0.04902401105545
0.04901537398514425
0.04899809984453274
0.04896787009846261
0.04892036621178097
0.04887286232509933
0.048816721368111944
0.048747624805665926
0.04867420970806703
0.04859647607531526
0.04850146830195198
0.04841077906374159
0.04829849714976681
0.04819917084125066
0.04806961478666437
0.047953014337536716
0.04781482121264468
0.047676628087752644
0.047529797892554855
0.04737864916220419
0.04721886336154777
0.04706339609604423
0.04689497322508206
0.046717913283814146
0.04653221627224046
0.04635515633097254
0.04616082224909311
0.04604422179996546
0.04584125064778028
0.04564691656590086
0.04544394541371567
0.045223700120918996
0.04501209189842806
0.04479616514078426
0.0445716013128347
0.04435135602003801
0.04413111072724133
0.043902228364138894
0.04374676109863535
0.043664708930730704
0.04357833822767319
0.04348333045430991
0.0433926412160995
0.04329763344273623
0.04319830713422008
0.0431032993608568
0.043003973052340654
0.04283555018137848
0.042723268267403705
0.04262826049404043
0.04252029711521852
0.042408015201243744
0.04230005182242184
0.04219208844359994
0.042010709967179136
0.041902746588357236
0.04178614613922958
0.041678182760407675
0.04156158231128002
0.041453618932458115
0.041267921920884444
0.041151321471756784
0.04096562446018311
0.040922439108654354
0.04087493522197271
0.040823112800138193
0.04076697184315081
0.0407151494213163
0.04065900846432891
0.04059854897218864
0.040538089480048375
0.04048194852306099
0.0404258075660736
0.040365348073933334
0.04030920711694594
0.040248747624805674
0.040183969597512526
0.04012351010537227
0.04005873207807912
0.039993954050785985
0.03993349455864571
0.039864397996199695
0.03980825703921231
0.03974347901191916
0.039665745379167394
0.039596648816721376
0.03951459664881673
0.03944550008637071
0.039372084988771816
0.039298669891172915
0.03922525479357403
0.03915183969597513
0.03907842459837623
0.03900500950077734
0.03893159440317845
0.03886681637588531
0.03880203834859216
0.03873294178614615
0.03866816375885301
0.03860338573155986
0.03853428916911384
0.03847814821212645
0.038409051649680434
0.038352910692693046
0.03829245120055278
0.03824062877871826
0.038184487821730874
0.03813266539989636
0.03808516151321473
0.03803333909138021
0.0379815166695457
0.03794264985316981
0.03789946450164105
0.03785627915011229
0.0378174123337364
0.037782864052513396
0.03775263430644326
0.03771808602522025
0.03768785627915012
0.03766194506823286
0.03764035239246848
0.037614441181551224
0.037601485576092594
0.03758852997063397
0.03757557436517534
0.03756693729486958
0.03755398168941096
0.037558300224563836
0.03755398168941096
0.037558300224563836
0.03756693729486958
0.03757989290032821
0.03759716704093972
0.03761012264639835
0.0376360338573156
0.03766194506823286
0.03768353774399724
0.03772240456037313
0.037756952841596136
0.037800138193124895
0.03784764207980654
0.0378908274313353
0.03795128692347556
0.03800310934531008
0.03806788737260322
0.03813698393504923
0.03821039903264813
0.0382881326653999
0.038365866298151675
0.038456555536362076
0.03855156330972535
0.038646571083088624
0.03874589739160478
0.03885386077042668
0.038966142684401454
0.039082743133529114
0.0392122991881154
0.03934185524270168
0.03947141129728797
0.03973916047676629
0.040006909656244614
0.04028329590602868
0.04055968215581275
0.04083606840559682
0.041112454655380895
0.04139315944031785
0.0416738642252548
0.04195456901019175
0.0422352737951287
0.0425073415097599
0.04277940922439109
0.043038521333563666
0.04330195197788911
0.04356538262221456
0.04380722059077562
0.04405337709448956
0.04427362238728624
0.0444981862152358
0.04470979443772673
0.04490412851960615
0.044852306097771646
0.044791846605631375
0.04471411297287961
0.04462342373466921
0.04452841596130593
0.04441181551217828
0.044295215063050626
0.04416134047331146
0.044018828813266554
0.04385904301261013
0.04369925721195371
0.04352651580583867
0.043340818794265
0.043146484712385566
0.04295646916565902
0.042749179478320964
0.04252893418552428
0.04231300742788047
0.04208412506477804
0.041850924166522724
0.041613404733114534
0.04137156676455347
0.04112972879599241
0.04087493522197271
0.04060718604249439
0.04035671100362758
0.04008896182414926
0.039821212644670936
0.03955346346519262
0.0392857142857143
0.03901796510623597
0.038737260321299025
0.03846519260666782
0.038197443427189504
0.037916738642252555
0.03764467092762136
0.03737260321299016
0.037109172568664715
0.03683710485403352
0.03657367420970808
0.036310243565382636
0.03605976852651581
0.03580497495249612
0.03555449991362931
0.035442217999654524
0.03533425462083262
0.03522197270685784
0.03512264639834169
0.03502332008982554
0.034936949386768015
0.034846260148557615
0.03476852651580584
0.03469079288305408
0.03462601485576093
0.03455691829331491
0.03449214026602177
0.03443599930903438
0.034379858352046995
0.03433667300051823
0.034289169113836594
0.03425462083261358
0.03421143548108482
0.03417688719986181
0.034155294524097435
0.03413370184833305
0.03410779063741579
0.034099153567110047
0.03408619796165142
0.03407324235619279
0.03407324235619279
0.03407324235619279
0.03407324235619279
0.03408619796165142
0.03409483503195717
0.03410779063741579
0.03412074624287442
0.034142338918638805
0.03416393159440319
0.03419847987562619
0.034220072551390576
0.03425462083261358
0.034289169113836594
0.03433667300051823
0.034379858352046995
0.03442736223872863
0.03447054759025739
0.03451805147693903
0.03457419243392642
0.034634651926066684
0.03469079288305408
0.03474693384004147
0.034816030402487486
0.034885126964933504
0.03494558645707377
0.035027638624978416
0.035096735187424434
0.03516583174987045
0.0352478839177751
0.035325617550526864
0.03540766971843151
0.03548972188633616
0.03557177405424081
0.035666781827604084
0.035744515460355855
0.035839523233719126
0.0359345310070824
0.036025220245292804
0.03612022801865608
0.03621523579201936
0.03630592503022975
0.03640093280359303
0.03650889618241493
0.03659958542062533
0.03670754879944723
0.03681551217826914
0.03690620141647954
0.03701416479530144
0.037122128174123345
0.037225773017792375
0.03733373639661427
0.037437381240283306
0.037545344619105206
0.03765330799792711
0.03776127137674901
0.03786491622041804
0.03797287959923995
0.038080842978061843
0.03818880635688375
0.03829245120055278
0.03840041457937468
0.03850837795819658
0.03861634133701849
0.038724304715840395
0.0388322680946623
0.038940231473484195
0.039043876317153225
0.03915183969597513
0.039251166004491286
0.039359129383313186
0.03946709276213509
0.03956210053549837
0.03967006391432027
0.03976507168768354
0.039864397996199695
0.03995940576956297
0.04005441354292625
0.0401537398514424
0.040248747624805674
0.04033511832786319
0.04043012610122647
0.04051649680428399
0.04059854897218864
0.04069787528070479
0.04076697184315081
0.040853342546208336
0.040939713249265854
0.04101312834686475
0.04108654344446365
0.04115995854206254
0.04123337363966143
0.04130247020210745
0.0413672482294006
0.041440663326999486
0.04150112281913975
0.04156158231128002
0.04160908619796166
0.04166090861979617
0.04172136811193644
0.04176023492831232
0.041807738814993965
0.04184660563136985
0.04188547244774573
0.04192433926412162
0.04195888754534463
0.04198479875626189
0.042010709967179136
0.042036621178096395
0.042049576783555025
0.042066850924166524
0.042075487994472284
0.04209276213508378
0.04209276213508378
0.04209708067023667
0.04208412506477804
0.042075487994472284
0.042066850924166524
0.0420538953187079
0.04203230264294352
0.042006391432026266
0.04197616168595613
0.04193729486958025
0.04190706512351011
0.04185956123682848
0.041812057350146835
0.04175159785800658
0.04169545690101918
0.04163499740887892
0.0415659008464329
0.041496804283986874
0.04132838141302471
0.041151321471756784
0.04098289860079462
0.040818794264985324
0.04066332699948178
0.0405337709448955
0.04040421489030921
0.04030488858179306
0.04041285196061497
0.04054672655035413
0.04069355674555192
0.040870616686819836
0.04106495076869927
0.041267921920884444
0.04148384867852825
0.04172568664708932
0.0419632060804975
0.04223095525997582
0.04249438590430127
0.04275781654862671
0.04303420279841078
0.043306270513041985
0.04347901191915703
0.04364743479011919
0.04381585766108137
0.04398428053204354
0.04414838486785283
0.044316807738815
0.0444981862152358
0.04466660908619797
0.04483935049231302
0.045003454828122305
0.04517187769908448
0.04534030057004665
0.045508723441008814
0.045664190706512356
0.04583261357747453
0.0460010364484367
0.04616945931939887
0.04632492658490241
0.04648039385040595
0.046648816721368114
0.04680428398687166
0.046959751252375205
0.04711521851787874
0.04727068578338229
0.0474131974434272
0.04756866470893074
0.047715494904128526
0.04785800656417344
0.04799619968906548
0.048130074278804634
0.04827258593884955
0.048406460528588706
0.048536016583174996
0.048669891172914155
0.048786491622041815
0.04890309207116947
0.04902401105545
0.04914061150457766
0.04924857488339956
0.04936949386768009
0.04946018310589049
0.04956814648471239
0.049663154258075666
0.04975816203143894
0.049848851269649344
0.04993522197270687
0.050017274140611516
0.050090689238210404
0.05015546726550355
0.050228882363102446
0.050289341855242704
0.05034116427707722
0.05040162376921749
0.05044912765589913
0.05049231300742789
0.050526861288650894
0.05056140956987391
0.050578683710485406
0.050604594921402665
0.050617550526861295
0.05062186906201418
0.05063482466747281
0.050630506132319925
0.050630506132319925
0.050617550526861295
0.050587320780791166
0.05056140956987391
0.05052254275349802
0.05048367593712214
0.05044480912074625
0.05038434962860598
0.05033252720677148
0.050259112109172575
0.05018137847642081
0.05011228191397479
0.050008637070305756
0.049926584902401115
0.04981430298842633
0.049706339609604425
0.04958110209017102
0.04945586457073761
0.04932630851615133
0.049175159785800664
0.04903264812575575
0.04887286232509933
0.04870443945413717
0.048536016583174996
0.0483546381067542
0.04815598548972189
0.04795733287268959
0.04775004318535154
0.04753411642770773
0.047305234064605295
0.04707203316634998
0.04682155812748317
0.04657108308861635
0.04630333390913803
0.04602694765935396
0.04575487994472276
0.045465538089480055
0.04515460355847297
0.04484366902746589
0.044524097426153056
0.04420020728968734
0.04385472447745726
0.043504923130074286
0.04313784764207981
0.04277077215408534
0.041997754361720506
0.04121609949904993
0.040421489030920715
0.039626878562791505
0.03882363102435654
0.03802902055622734
0.037225773017792375
0.03642252547935741
0.03563223354638108
0.0352651580583866
0.03490240110554501
0.03453532561755054
0.03418120573501469
0.033827085852478844
0.03348592157540163
0.03314475729832442
0.03281654862670583
0.03248833995508724
0.03217308688892728
0.03185783382276732
0.03153826222145449
0.03123596476075316
0.030929348764898956
0.03064000690965625
0.030346346519260672
0.030057004664017974
0.029776299879081022
0.0295085506996027
0.02922784591466575
0.02897305234064606
0.028705303161167737
0.028450509587148044
0.028208671618586978
0.027962515114873042
0.027720677146311976
0.027491794783209542
0.02725859388495423
0.027038348592157545
0.02682242183451374
0.02661513214717568
0.026407842459837627
0.026200552772499573
0.026006218690620145
0.025824840214199347
0.025630506132319923
0.02544480912074625
0.025276386249784077
0.02510796337882191
0.024935221972706863
0.02477975470720332
0.024632924512005532
0.024473138711349113
0.024339264121609958
0.024192433926412165
0.024058559336673006
0.023933321817239596
0.023812402832959066
0.023691483848678533
0.023579201934703756
0.023466920020728976
0.023367593712212822
0.023272585938849545
0.023173259630333395
0.023082570392122997
0.022996199689065473
0.022922784591466575
0.022849369493867684
0.02278459146657454
0.022724131974434278
0.022659353947141133
0.02260321299015374
0.022568664708930736
0.022525479357401974
0.02248661254102609
0.022447745724650203
0.02241751597858007
0.022400241837968564
0.02238728623250994
0.022365693556745555
0.022361375021592682
0.022357056486439805
0.022361375021592682
0.022370012091898435
0.02237433062705131
0.022391604767662814
0.022421834513732947
0.022452064259803076
0.02248229400587321
0.022508205216790467
0.02256434617377786
0.02260321299015374
0.02265503541198826
0.022706857833822775
0.022767317325963037
0.02283209535325618
0.022905510450855072
0.022983244083606847
0.02306529625151149
0.023143029884263262
0.023238037657626536
0.023337363966142687
0.023432371739505964
0.023540335118327867
0.023648298497149774
0.023756261875971674
0.02387286232509933
0.023993781309379864
0.024123337363966147
0.024252893418552433
0.024399723613750222
0.02453791673864226
0.024689065468992924
0.02484021419934359
0.024991362929694255
0.025155467265503547
0.02531957160131284
0.02548367593712213
0.025665054413542932
0.025837795819657977
0.026019174296078775
0.02620487130765245
0.026403523924684754
0.0265935394714113
0.02680082915874936
0.027008118846087413
0.02721108999827259
0.027431335291069274
0.02765589911901883
0.02787182587666264
0.028109345310070828
0.028338227673173264
0.028571428571428577
0.028821903610295393
0.029068060114009333
0.029314216617723272
0.029573328726895845
0.02983244083606841
0.03009155294524098
0.030354983589566422
0.030635688374503374
0.030916393159440326
0.031192779409224398
0.031482121264467096
0.03176714458455693
0.03205648643979962
0.03235446536534808
0.03266539989635516
0.03297201589220937
0.033282950423216454
0.03359820348937641
0.033917775090689245
0.03423734669200208
0.03456555536362066
0.03490240110554501
0.035243565382622216
0.03558041112454656
0.03592589393677666
0.036275695284159616
0.03662117809638971
0.03697961651407843
0.03733805493176715
0.037705130419761625
0.03808516151321473
0.03844791846605632
0.03882363102435654
0.0392122991881154
0.039600967351874246
0.039985316980480225
0.04038262221454483
0.04077560891345656
0.04118155121782693
0.04158749352219728
0.04198911729141476
0.042403696666090875
0.04282259457591985
0.04323285541544309
0.04365607186042495
0.04407928830540681
0.04450250475038867
0.044921402660217664
0.04535325617550528
0.04577215408533426
0.04620400760062188
0.046618586975297985
0.0470504404905856
0.04746501986526171
0.04787959923993782
0.04829849714976681
0.04870012091898429
0.049119018828813275
0.049512005527725
0.049913629296942486
0.05029366039039559
0.05068664708930731
0.05105372257730179
0.05142079806529626
0.05178787355329074
0.05213335636552082
0.05247883917775092
0.05281136638452237
0.05313525652098809
0.053446191051995176
0.05374848851269651
0.05403783036793921
0.054314216617723274
0.05456901019174296
0.05482812230091554
0.05506132319917085
0.05528588702712041
0.05548022110899984
0.05567023665572639
0.05585161513214718
0.0560114009328036
0.05614959405769564
0.05627915011228192
0.05638711349110383
0.056469165659008475
0.056546899291760246
0.056598721713594764
0.05663326999481777
0.05663758852997064
0.056628951459664886
0.056598721713594764
0.05653826222145449
0.056469165659008475
0.05636983935049232
0.05624892036621179
0.05610640870616688
0.05594230437035758
0.05574797028847816
0.05553636206598722
0.05529452409742616
0.05502677491794784
0.05472447745724651
0.054400587320780805
0.0540551045085507
0.05368371048540336
0.053277768181033
0.052841596130592514
0.05237087579892901
0.051887199861806885
0.05136465710830887
0.05080756607358785
0.05022456382794957
0.04961565037139403
0.048972188633615486
0.04829417861461393
0.04758593884954224
0.04683451373294179
0.04606581447572984
0.045258248402142
0.04441181551217828
0.042766453618932464
0.0411685956123683
0.039665745379167394
0.0383442736223873
0.03805925030229747
0.03796424252893419
0.03802902055622734
0.03821903610295388
0.03848246674727933
0.03878044567282778
0.039065468992917615
0.039311625496631544
0.03931594403178443
0.039251166004491286
0.03911729141475212
0.038922957332872696
0.03868975643461738
0.03841768871998619
0.038128346864743486
0.0378174123337364
0.037497840732423564
0.037186906201416486
0.03688892727586803
0.03662117809638971
0.03638365866298152
0.036185006045949215
0.03604249438590431
0.03596476075315254
0.03596044221799966
0.03648730350665055
0.03709189842805321
0.037756952841596136
0.03846519260666782
0.0392122991881154
0.039998272585938854
0.04080152012437382
0.04160908619796166
0.042420970806702374
0.04285714285714286
0.0432846778372776
0.04370357574710659
0.04410951805147695
0.0445154603558473
0.04490412851960615
0.04528415961305926
0.04565987217135948
0.046022629124201075
0.046381067541889795
0.046717913283814146
0.04705475902573848
0.04738728623250994
0.04770685783382277
0.04801779236482986
0.04832008982553119
0.04860943168077389
0.04889877353601659
0.049175159785800664
0.04943859043012611
0.04971065814475731
0.04996113318362413
0.050207289687338064
0.05044912765589913
0.05067801001900156
0.05089393677664537
0.05111418206944205
0.05132579029193298
0.051520124373812405
0.051718776990844706
0.051913111072724144
0.052085852478839186
0.05225427534980136
0.052427016755916406
0.05257816548626707
0.05274226982207636
0.05288478148212127
0.05302297460701331
0.053156849196752474
0.05329072378649163
0.09996113318362412
0.12931421661772327
0.15281568491967526
0.17107445154603562
0.18445327344964593
0.1933624114700294
0.1984280532043531
0.2
0.1986828467783728
0.19501641043358095
0.18952323371912252
0.18279063741578858
0.17533684574192435
0.16780100190015548
0.16062791501122822
0.14306875107963382
0.11920020728968736
0.09744774572465022
0.07868371048540336
0.06309811711867336
0.08621955432717224
0.12069873898773538
0.15601140093280363
0.173013473829677
0.17702971152185182
0.179569010191743
0.18040680601140094
0.18010450855069962
0.17846778372775957
0.17601485576092593
0.17297892554845398
0.1693340818794265
0.1650500950077734
0.1607229227845915
0.15622300915529452
0.1519390222836414
0.1454396268785628
0.13857747452064262
0.1319182933149076
0.12568664708930732
0.1196968388322681
0.11390136465710832
0.10835204698566248
0.10299706339609606
0.09791414752116084
0.09280963897046123
0.0879642425289342
0.08334340991535671
0.0787484885126965
0.07437813093798584
0.0698609431680774
0.06557695629642427
0.06132319917084125
0.05768267403696667
0.05606322335463811
0.05430126101226465
0.05272931421661774
0.05224995681464848
0.0521376749006737
0.052003800310934545
0.05189151839695976
0.051770599412679225
0.05163240628778719
0.05151148730350666
0.05137329417861462
0.05124373812402833
0.05111418206944205
0.05096735187424426
0.050842114354810855
0.050695284159613066
0.05055709103472103
0.05042321644498187
0.05026774917947833
0.05013387458973917
0.049982725859388503
0.049835895664190714
0.04969338400414581
0.04954223527379514
0.04939108654344448
0.04923993781309381
0.049088789082743146
0.04893764035239248
0.04878217308688893
0.04863102435653827
0.04847555709103473
0.048324408360684065
0.048177578165486276
0.04801347382967698
0.047862325099326315
0.04769822076351702
0.04755139056831924
0.047395923302815696
0.04723613750215928
0.04708930730696149
0.04692520297115219
0.04676973570564865
0.04660994990499224
0.04645880117464157
0.04630333390913803
0.04614354810848161
0.045992399378130946
0.045836932112627404
0.04568146484712386
0.04552599758162032
0.04537916738642254
0.04522801865607187
0.04507686992572121
0.044921402660217664
0.044770253929867
0.04462342373466921
0.044472275004318544
0.04432112627396788
0.04417429607877009
0.0440274658835723
0.04388495422352739
0.043742442563482475
0.04359993090343756
0.04345741924339265
0.043319226118500614
0.04318103299360858
0.04303420279841078
0.0429046467438245
0.042762135083779594
0.042632579029193304
0.04250302297460702
0.042369148384867855
0.04224391086543445
0.042114354810848166
0.04198911729141476
0.04186819830713423
0.04175159785800658
0.041626360338573164
0.041505441354292634
0.0413845223700121
0.04127224045603732
0.041164277077215414
0.04104767662808776
0.040948350319571614
0.04083606840559682
0.0407324235619278
0.040628778718258776
0.040538089480048375
0.040434444636379345
0.040339436863016075
0.0402444290896528
0.04015805838659527
0.04007600621869063
0.0399896355156331
0.039903264812575584
0.03982553117982381
0.03974779754707204
0.03967006391432027
0.039596648816721376
0.03952755225427536
0.03945845569182934
0.039397996199689075
0.039337536707548804
0.03927275868025567
0.03922093625842115
0.03916479530143376
0.03911297287959924
0.039065468992917615
0.0390309207116946
0.03898341682501297
0.03894455000863708
0.03891432026256695
0.038884090516496814
0.03885386077042668
0.03885386077042668
0.0388495422352738
0.03885386077042668
0.03886249784073243
0.038871134911038184
0.03887977198134394
0.03889272758680256
0.03890568319226119
0.038922957332872696
0.03894455000863708
0.038966142684401454
0.03898773536016584
0.03901796510623597
0.039039557782000356
0.039069787528070485
0.039095698738987744
0.03913456555536363
0.03916479530143376
0.03919934358265677
0.03922525479357403
0.03926412160994991
0.039298669891172915
0.039333218172395934
0.03936776645361894
0.039410951805147705
0.03944550008637071
0.0394843669027466
0.03951459664881673
0.03954914493003974
0.0395923302815685
0.039626878562791505
0.03966142684401452
0.03969597512523752
0.03972620487130766
0.03976507168768354
0.03979530143375368
0.039821212644670936
0.03985576092589395
0.039881672136811194
0.039907583347728454
0.03993349455864571
0.03995940576956297
0.03997667991017447
0.04000259112109173
0.04001986526170323
0.04003282086716186
0.04005009500777337
0.040063050613232
0.04007600621869063
0.04007600621869063
0.0400803247538435
0.04008896182414926
0.04008464328899638
0.04003282086716186
0.03997667991017447
0.03991622041803421
0.03986007946104682
0.0397909828986008
0.039730523406460536
0.039665745379167394
0.039596648816721376
0.03952323371912248
0.039454137156676464
0.03937640352392469
0.039307306961478675
0.03923389186387978
0.03915183969597513
0.03907410606322336
0.038992053895318714
0.03891863879771982
0.0388322680946623
0.038750215926757654
0.03866384522370012
0.03858611159094836
0.03849542235273796
0.03841337018483331
0.03833131801692867
0.03824926584902402
0.03816289514596649
0.038076524442908974
0.03799015373985145
0.03790378303679393
0.03783036793919503
0.03774399723613751
0.03765762653307999
0.03757557436517534
0.03748920366211782
0.03741147002936605
0.0373294178614614
0.037251684228709635
0.03717826913111073
0.03709189842805321
0.03701848333045432
0.03694074969770254
0.036871653135256525
0.03679823803765764
0.03672914147521162
0.03666436344791847
0.036595266885472454
0.036526170323026436
0.03646139229573329
0.03639661426844015
0.03633615477629988
0.036284332354465376
0.036223872862325104
0.036167731905337716
0.03612022801865608
0.03612022801865608
0.0361159094835032
0.03612022801865608
0.03612022801865608
0.03612454655380895
0.03612886508896183
0.03613750215926758
0.03614613922957334
0.03615909483503197
0.036167731905337716
0.036185006045949215
0.0362065987217136
0.03621955432717223
0.03624114700293661
0.03625410260839523
0.036275695284159616
0.03630592503022975
0.03632319917084125
0.036353428916911394
0.03637070305752289
0.03640093280359303
0.03642684401451028
0.03644843669027467
0.03648298497149768
0.03650889618241493
0.036543444463637935
0.036565037139402325
0.03659958542062533
0.036629815166695466
0.036660044912765595
0.0366945931939886
0.03672482294005874
0.03675505268612887
0.03678528243219901
0.03681551217826914
0.036845741924339266
0.0368759716704094
0.03690620141647954
0.036936431162549674
0.0369666609086198
0.03699689065468993
0.03702712040076007
0.0370573501468302
0.03708757989290034
0.03711780963897047
0.03714372084988773
0.03716963206080499
0.03719554327172223
0.03722145448263949
0.037243047158403875
0.03726463983416826
0.03728623250993264
0.03730782518569702
0.03732509932630852
0.0373466920020729
0.03736396614268441
0.03738124028329591
0.03739851442390742
0.0374201070996718
0.037428744169977546
0.03744601831058906
0.03745897391604768
0.037480566591812065
0.037493522197270694
0.037506477802729324
0.037519433408187954
0.037532389013646576
0.037545344619105206
0.037558300224563836
0.037571255830022465
0.037584211435481095
0.03759284850578684
0.03760580411124547
0.0376187597167041
0.037627396787009854
0.0376360338573156
0.03764898946277423
0.03765762653307999
0.03766626360338574
0.03767490067369149
0.03768785627915012
0.03769649334945587
0.037705130419761625
0.03771376749006738
0.03772240456037313
0.03773104163067888
0.03774399723613751
0.03774831577129038
0.03776127137674901
0.037769908447054766
0.03777854551736052
0.037787182587666265
0.037795819657972025
0.03780445672827778
0.037813093798583525
0.037821730868889285
0.03783468647434791
0.03784332354465366
0.037851960614959414
0.03786059768526516
0.03786923475557091
0.03788219036102954
0.0378908274313353
0.03789946450164105
0.03791242010709968
0.03792105717740543
0.03793401278286406
0.03794696838832269
0.03795560545862844
0.03796856106408707
0.03797719813439282
0.037994472275004326
0.03800310934531008
0.03801606495076871
0.03802902055622734
0.03804197616168597
0.03805925030229747
0.0380722059077561
0.038080842978061843
0.038080842978061843
0.0380894800483676
0.03809379858352047
0.03809811711867336
0.03809811711867336
0.03809811711867336
0.038102435653826226
0.038102435653826226
0.03809811711867336
0.03809379858352047
0.03808516151321473
0.0380722059077561
0.0380549317671446
0.038037657626533085
0.03801606495076871
0.03799015373985145
0.03795992399378132
0.03792537571255831
0.03783036793919503
0.037735360165831754
0.0376360338573156
0.037532389013646576
0.037424425634824676
0.03731646225600277
0.03720849887718086
0.037096216963206086
0.03697961651407843
0.036867334600103656
0.03675505268612887
0.03663413370184834
0.03651753325272068
0.0364052513387459
0.036288650889618246
0.036180687510796346
0.03612454655380895
0.03606840559682156
0.03601658317498705
0.03596476075315254
0.0359172568664709
0.035865434444636385
0.03582224909310762
0.035770426671273114
0.03572724131974435
0.03568405596821558
0.0356451891518397
0.035602003800310936
0.03556313698393506
0.03552427016755917
0.03548972188633616
0.03545085506996027
0.03542062532389014
0.035386077042667136
0.03535584729659701
0.035321299015373994
0.03529106926930386
0.0352651580583866
0.03523492831231647
0.03520901710139921
0.03518310589048195
0.035161513214717575
0.03513560200380032
0.03511400932803593
0.03509241665227156
0.035070823976507175
0.035053549835895675
0.035031957160131286
0.035014683019519786
0.03499740887890828
0.03498445327344966
0.03497149766799103
0.03495422352737952
0.03494126792192089
0.03492831231646226
0.03491535671100363
0.03490671964069788
0.034898082570392126
0.03488944550008638
0.03487648989462775
0.034872171359474874
0.034867852824322
0.03486353428916912
0.03485489721886337
0.03485057868371049
0.03485057868371049
0.034846260148557615
0.03484194161340474
0.03484194161340474
0.03484194161340474
0.03484194161340474
0.03484194161340474
0.03484194161340474
0.034846260148557615
0.034846260148557615
0.03485057868371049
0.03485489721886337
0.03485489721886337
0.03486353428916912
0.03486353428916912
0.034872171359474874
0.03487648989462775
0.034885126964933504
0.03489376403523925
0.03490240110554501
0.034911038175850756
0.03491967524615651
0.034923993781309386
0.034936949386768015
0.03494558645707377
0.0349585420625324
0.034967179132838144
0.034980134738296774
0.03498877180860253
0.03500604594921403
0.035014683019519786
0.035027638624978416
0.035040594230437046
0.035057868371048545
0.035070823976507175
0.035083779581965804
0.035101053722577304
0.03511400932803593
0.03513128346864744
0.03514423907410607
0.035161513214717575
0.0351744688201762
0.03519174296078771
0.03520901710139921
0.03522629124201072
0.035243565382622216
0.03526083952323373
0.03527811366384523
0.035295387804456735
0.035312661945068234
0.03532993608567975
0.03534721022629125
0.03536448436690275
0.035386077042667136
0.035403351183278635
0.03542062532389014
0.03543789946450164
0.03545949214026603
0.03548108481603041
0.03549835895664191
0.03551563309725342
0.0355372257730178
0.03555449991362931
0.03557609258939368
0.03559336673000519
0.035614959405769565
0.03563223354638108
0.035653826222145454
0.03567541889790984
0.03569269303852134
0.03571428571428572
0.035731559854897225
0.0357531525306616
0.03577474520642599
0.03579201934703749
0.035809293487649
0.03583088616341338
0.035852478839177755
0.03586975297978926
0.03589134565555364
0.03591293833131803
0.035930212471929526
0.03595180514769391
0.035969079288305415
0.03599067196406979
0.036007946104681304
0.03602953878044568
0.036046812921057186
0.03606840559682156
0.03608567973743307
0.036102953878044575
0.03612022801865608
0.03613750215926758
0.03615909483503197
0.03617636897564347
0.036193643116254975
0.03621523579201936
0.03623250993263086
0.036249784073242364
0.03626705821385386
0.036284332354465376
0.036301606495076875
0.03631888063568838
0.03633615477629988
0.03634911038175851
0.036366384522370024
0.03638365866298152
0.03640093280359303
0.03641388840905166
0.03643116254966316
0.03644411815512179
0.03645707376058042
0.03647434790119192
0.03649162204180343
0.03650457764726206
0.03651753325272068
0.03653048885817931
0.036543444463637935
0.036556400069096565
0.036569355674555194
0.036582311280013824
0.036595266885472454
0.03660822249093108
0.03661254102608395
0.036616859561236836
0.03662549663154258
0.036629815166695466
0.03663845223700121
0.036642770772154096
0.03664708930730697
0.03665140784245984
0.03665572637761272
0.036660044912765595
0.03666436344791847
0.03666868198307135
0.03666868198307135
0.036673000518224225
0.0366773190533771
0.0366773190533771
0.03668163758852998
0.036685956123682854
0.036685956123682854
0.03669027465883573
0.03669027465883573
0.03669027465883573
0.0366945931939886
0.0366945931939886
0.0366945931939886
0.0366945931939886
0.036698911729141484
0.036698911729141484
0.036698911729141484
0.036698911729141484
0.036698911729141484
0.0366945931939886
0.0366945931939886
0.036698911729141484
0.036698911729141484
0.0366945931939886
0.0366945931939886
0.03669027465883573
0.03669027465883573
0.03669027465883573
0.03669027465883573
0.03668163758852998
0.03668163758852998
0.0366773190533771
0.0366773190533771
0.0366773190533771
0.036673000518224225
0.03666868198307135
0.03666868198307135
0.036660044912765595
0.036660044912765595
0.036660044912765595
0.03665140784245984
0.03664708930730697
0.036642770772154096
0.03663845223700121
0.03663845223700121
0.03663413370184834
0.036629815166695466
0.03662549663154258
0.036616859561236836
0.03661254102608395
0.03660822249093108
0.03660390395577821
0.036595266885472454
0.036595266885472454
0.03659094835031958
0.036582311280013824
0.03657799274486095
0.036569355674555194
0.036565037139402325
0.03656071860424945
0.036552081533943695
0.03654776299879082
0.036543444463637935
0.03653480739333219
0.036526170323026436
0.03651753325272068
0.036513214717567806
0.03650889618241493
0.036500259112109176
0.03649162204180343
0.03648730350665055
0.0364786664363448
0.03647002936603905
0.03646571083088617
0.03645707376058042
0.03644843669027467
0.03644411815512179
0.03643548108481604
0.03642684401451028
0.03641820694420453
0.03641388840905166
0.0364052513387459
0.03639661426844015
0.0363879771981344
0.03638365866298152
0.03637070305752289
0.03636206598721714
0.036357747452064264
0.03634911038175851
0.03633615477629988
0.03633183624114701
0.03632319917084125
0.036310243565382636
0.03630592503022975
0.036297287959924006
0.036284332354465376
0.03628001381931249
0.036271376749006747
0.03625842114354812
0.03625410260839523
0.03624114700293661
0.03623250993263086
0.036223872862325104
0.03621523579201936
0.0362065987217136
0.036197961651407845
0.036185006045949215
0.03617636897564347
0.036167731905337716
0.03615909483503197
0.03615045776472621
0.03614182069442046
0.03612886508896183
0.03612454655380895
0.03611159094835033
0.036102953878044575
0.03609431680773882
0.03608136120228019
0.03607272413197444
0.03606408706166869
0.03605113145621006
0.03604249438590431
0.03603385731559856
0.036025220245292804
0.036012264639834174
0.03600362756952842
0.035994990499222675
0.035982034893764045
0.03597771635861116
0.03596476075315254
0.035956123682846786
0.03594748661254103
0.0359345310070824
0.03592589393677666
0.03591293833131803
0.03590430126101227
0.03589566419070652
0.03588702712040077
0.03587407151494214
0.035865434444636385
0.03585679737433064
0.03584816030402488
0.03583520469856625
0.03582224909310762
0.03581793055795475
0.03580497495249612
0.03579633788219037
0.03578338227673174
0.03577474520642599
0.03576610813612023
0.035757471065814485
0.035744515460355855
0.0357358783900501
0.03572292278459147
0.03571428571428572
0.03570564864397997
0.03569701157367421
0.03568405596821558
0.03567541889790984
0.03566246329245121
0.035653826222145454
0.0356451891518397
0.03563655208153395
0.035623596476075325
0.035614959405769565
0.035602003800310936
0.03559336673000519
0.035584729659699436
0.03557609258939368
0.03556745551908793
0.03555449991362931
0.03554586284332355
0.0355372257730178
0.03552858870271205
0.03551563309725342
0.03550699602694767
0.03549404042148904
0.03548972188633616
0.03547676628087753
0.03546812921057178
0.03545949214026603
0.03545085506996027
0.035442217999654524
0.035429262394195894
0.03542062532389014
0.035411988253584395
0.035403351183278635
0.03539471411297288
0.03538175850751425
0.035373121437208506
0.03536448436690275
0.03535584729659701
0.03534721022629125
0.03533425462083262
0.03532993608567975
0.03531698048022112
0.035308343409915365
0.03529970633960961
0.03529106926930386
0.035282432198998105
0.03527379512869236
0.0352651580583866
0.035256520988080846
0.035243565382622216
0.03523492831231647
0.03523060977716359
0.03521765417170497
0.03520901710139921
0.03520469856624634
0.03519174296078771
0.03518742442563483
0.03517878735532908
0.03516583174987045
0.0351571946795647
0.03515287614441182
0.03513992053895319
0.03513560200380032
0.03512696493349456
0.03511832786318881
0.035109690792883064
0.035101053722577304
0.03509241665227156
0.035083779581965804
0.03507514251166005
0.0350665054413543
0.035057868371048545
0.035053549835895675
0.035044912765589915
0.03503627569528416
0.035027638624978416
0.03501900155467266
0.03501036448436691
0.03500172741406116
0.03499740887890828
0.03498877180860253
0.034980134738296774
0.0349758162031439
0.034967179132838144
0.0349585420625324
0.03494990499222664
0.03494558645707377
0.034936949386768015
0.03492831231646226
0.03491967524615651
0.03491535671100363
0.03490671964069788
0.034898082570392126
0.03489376403523925
0.034885126964933504
0.03488080842978062
0.034872171359474874
0.03486353428916912
0.034859215754016244
0.03485057868371049
0.034846260148557615
0.03483762307825186
0.03483330454309899
0.03482466747279323
0.03482034893764036
0.0348117118673346
0.034803074797028856
0.03479875626187597
0.034790119191570226
0.03478580065641735
0.03478148212126447
0.03477284505095872
0.03476852651580584
0.0347598894455001
0.034755570910347214
0.034751252375194344
0.034742615304888584
0.034738296769735715
0.034729659699429954
0.034725341164277085
0.03472102262912421
0.034712385558818455
0.03470806702366558
0.0347037484885127
0.03469511141820695
0.03469079288305408
0.034686474347901196
0.034682155812748326
0.034673518742442566
0.0346692002072897
0.03466488167213682
0.034660563136983936
0.03465192606667819
0.03464760753152531
0.03464328899637244
0.03463897046121956
0.034634651926066684
0.03463033339091381
0.03462601485576093
0.03461737778545518
0.0346130592503023
0.03460874071514943
0.03460442217999655
0.03460010364484368
0.0345957851096908
0.03459146657453792
0.03458714803938505
0.03458282950423217
0.03457851096907929
0.03457419243392642
0.03456987389877354
0.03456555536362066
0.03456123682846779
0.03455691829331491
0.03455259975816204
0.03454828122300916
0.03454396268785628
0.03453964415270341
0.03453532561755054
0.03453100708239766
0.03452668854724478
0.03452237001209191
0.03452237001209191
0.03451805147693903
0.03451373294178615
0.03450941440663328
0.0345050958714804
0.034500777336327525
0.034500777336327525
0.03449645880117465
0.03449214026602177
0.034487821730868895
0.03448350319571602
0.03448350319571602
0.03447918466056314
0.034474866125410265
0.03447054759025739
0.03447054759025739
0.03446622905510452
0.034461910519951636
0.034461910519951636
0.03445759198479876
0.03445327344964589
0.03445327344964589
0.03444895491449301
0.03444463637934013
0.03444463637934013
0.03444031784418726
0.03444031784418726
0.03443599930903438
0.03443599930903438
0.03443168077388151
0.03443168077388151
0.03442736223872863
0.03442736223872863
0.034423043703575754
0.034423043703575754
0.03441872516842288
0.03441872516842288
0.03441872516842288
0.03441440663327
0.03441440663327
0.034410088098117124
0.034410088098117124
0.034410088098117124
0.034410088098117124
0.03440576956296425
0.03440576956296425
0.03440576956296425
0.03440576956296425
0.03440145102781137
0.03440145102781137
0.03440145102781137
0.03440145102781137
0.03440145102781137
0.03440145102781137
0.03440145102781137
0.03440145102781137
0.03440576956296425
0.03440576956296425
0.034410088098117124
0.034410088098117124
0.03441440663327
0.03441440663327
0.03441872516842288
0.03441872516842288
0.034423043703575754
0.03442736223872863
0.03442736223872863
0.03443168077388151
0.03443168077388151
0.03443599930903438
0.03443599930903438
0.03444031784418726
0.03444463637934013
0.03444463637934013
0.03444895491449301
0.03444895491449301
0.03445327344964589
0.03445327344964589
0.03445759198479876
0.034461910519951636
0.034461910519951636
0.03446622905510452
0.03446622905510452
0.03447054759025739
0.03447054759025739
0.034474866125410265
0.034474866125410265
0.03447918466056314
0.03447918466056314
0.03447918466056314
0.03448350319571602
0.03448350319571602
0.034487821730868895
0.034487821730868895
0.034487821730868895
0.03449214026602177
0.03449214026602177
0.03449214026602177
0.03449645880117465
0.03449645880117465
0.03449645880117465
0.034500777336327525
0.034500777336327525
0.034500777336327525
0.034500777336327525
0.034500777336327525
0.034500777336327525
0.034500777336327525
0.034500777336327525
0.034500777336327525
0.034500777336327525
0.034500777336327525
0.03449645880117465
0.03449645880117465
0.03449645880117465
0.03449645880117465
0.03449645880117465
0.03449645880117465
0.03449645880117465
0.03449645880117465
0.03449645880117465
0.03449214026602177
0.03449214026602177
0.03449214026602177
0.03449214026602177
0.03449214026602177
0.03449214026602177
0.034487821730868895
0.034487821730868895
0.034487821730868895
0.034487821730868895
0.034487821730868895
0.034487821730868895
0.034487821730868895
0.034487821730868895
0.03448350319571602
0.034487821730868895
0.03448350319571602
0.03448350319571602
0.03448350319571602
0.03448350319571602
0.03448350319571602
0.03448350319571602
0.03448350319571602
0.03448350319571602
0.03448350319571602
0.03448350319571602
0.03448350319571602
0.03448350319571602
0.03448350319571602
0.03448350319571602
0.03448350319571602
0.034487821730868895
0.034487821730868895
0.03449214026602177
0.03449214026602177
0.03449645880117465
0.03449645880117465
0.034500777336327525
0.034500777336327525
0.0345050958714804
0.0345050958714804
0.0345050958714804
0.03450941440663328
0.03450941440663328
0.03451373294178615
0.03451373294178615
0.03451805147693903
0.03451805147693903
0.03451805147693903
0.03452237001209191
0.03452237001209191
0.03452668854724478
0.03452668854724478
0.03453100708239766
0.03453100708239766
0.03453532561755054
0.03453532561755054
0.03453964415270341
0.03453964415270341
0.03453964415270341
0.03454396268785628
0.03454396268785628
0.03454828122300916
0.03454828122300916
0.03455259975816204
0.03455259975816204
0.03455259975816204
0.03455691829331491
0.03455691829331491
0.03456123682846779
0.03455691829331491
0.03456123682846779
0.03456555536362066
0.03456555536362066
0.03456555536362066
0.03456987389877354
0.03456987389877354
0.03456987389877354
0.03456987389877354
0.03457419243392642
0.03457419243392642
0.03457419243392642
0.03457851096907929
0.03457851096907929
0.03457851096907929
0.03458282950423217
0.03458282950423217
0.03457851096907929
0.03457851096907929
0.03457851096907929
0.03457419243392642
0.03457419243392642
0.03457419243392642
0.03457419243392642
0.03457419243392642
0.03457419243392642
0.03456987389877354
0.03456987389877354
0.03456987389877354
0.03456555536362066
0.03456555536362066
0.03456555536362066
0.03456555536362066
0.03456123682846779
0.03456123682846779
0.03456123682846779
0.03455691829331491
0.03455691829331491
0.03455691829331491
0.03455259975816204
0.03455259975816204
0.03455259975816204
0.03455259975816204
0.03454828122300916
0.03454828122300916
0.03454828122300916
0.03454828122300916
0.03454396268785628
0.03454396268785628
0.03454396268785628
0.03453964415270341
0.03453964415270341
0.03453532561755054
0.03453532561755054
0.03453532561755054
0.03453532561755054
0.03453532561755054
0.03453100708239766
0.03452668854724478
0.03452668854724478
0.03452668854724478
0.03452668854724478
0.03452237001209191
0.03452237001209191
0.03451805147693903
0.03451805147693903
0.03451805147693903
0.03451805147693903
0.03451373294178615
0.03451373294178615
0.03450941440663328
0.03450941440663328
0.03450941440663328
0.0345050958714804
0.0345050958714804
0.034500777336327525
0.034500777336327525
0.034500777336327525
0.03449645880117465
0.03449645880117465
0.03449645880117465
0.03449214026602177
0.03449214026602177
0.03489376403523925
0.034923993781309386
0.03494990499222664
0.034980134738296774
0.03500172741406116
0.035027638624978416
0.03504923130074279
0.0350665054413543
0.03508809811711868
0.035101053722577304
0.03512264639834169
0.03513128346864744
0.03514423907410607
0.0351571946795647
0.03516583174987045
0.03517015028502333
0.03517878735532908
0.03518310589048195
0.03519174296078771
0.03519174296078771
0.03519606149594058
0.03519606149594058
0.03519606149594058
0.03519174296078771
0.03519174296078771
0.03518742442563483
0.03517878735532908
0.0351744688201762
0.03517015028502333
0.035161513214717575
0.035148557609258946
0.03513560200380032
0.03512264639834169
0.03510537225773018
0.03509241665227156
0.03507514251166005
0.03506218690620142
0.03504923130074279
0.035031957160131286
0.03501900155467266
0.03500604594921403
0.034993090343755404
0.03498445327344966
0.03497149766799103
0.03496286059768527
0.03495422352737952
0.03494990499222664
0.03494558645707377
0.03494126792192089
0.03494558645707377
0.03494558645707377
0.0349758162031439
0.03500604594921403
0.035040594230437046
0.03507514251166005
0.035109690792883064
0.035148557609258946
0.03518742442563483
0.03522629124201072
0.0352651580583866
0.03530402487476249
0.035338573155985493
0.03537743997236138
0.035411988253584395
0.0354465365348074
0.03547676628087753
0.03550267749179479
0.03553290723786492
0.03555881844878218
0.03555449991362931
0.03554154430817068
0.03553290723786492
0.03551563309725342
0.03549835895664191
0.03547676628087753
0.035455173605113154
0.03543789946450164
0.035411988253584395
0.035386077042667136
0.03535584729659701
0.03532993608567975
0.03529970633960961
0.035269476593539476
0.035243565382622216
0.03520901710139921
0.0351744688201762
0.03514423907410607
0.03511832786318881
0.035083779581965804
0.035053549835895675
0.03501900155467266
0.03498877180860253
0.0349585420625324
0.03493263085161514
0.03490240110554501
0.03487648989462775
0.03485057868371049
0.03482466747279323
0.034803074797028856
0.03478148212126447
0.0347598894455001
0.034742615304888584
0.034742615304888584
0.03474693384004147
0.034755570910347214
0.03476420798065297
0.03477284505095872
0.03478148212126447
0.03478580065641735
0.034790119191570226
0.034790119191570226
0.0347944377267231
0.03479875626187597
0.03479875626187597
0.034803074797028856
0.034803074797028856
0.03480739333218173
0.0348117118673346
0.0348117118673346
0.0348117118673346
0.034816030402487486
0.034816030402487486
0.0348117118673346
0.0348117118673346
0.0348117118673346
0.03480739333218173
0.03480739333218173
0.03479875626187597
0.0347944377267231
0.034790119191570226
0.03478148212126447
0.03477284505095872
0.03476420798065297
0.034755570910347214
0.034742615304888584
0.03473397823458284
0.03472102262912421
0.03470806702366558
0.03469511141820695
0.034686474347901196
0.034673518742442566
0.03465624460183107
0.03464760753152531
0.03465624460183107
0.0347037484885127
0.0347598894455001
0.03482034893764036
0.034872171359474874
0.034923993781309386
0.03498445327344966
0.035040594230437046
0.035096735187424434
0.0351571946795647
0.03521333563655209
0.035269476593539476
0.035325617550526864
0.03538175850751425
0.03543358092934877
0.03548540335118328
0.0355372257730178
0.035589048194852306
0.035640870616686825
0.03568837450336847
0.0357358783900501
0.03578338227673174
0.0358265676282605
0.03586975297978926
0.03588270858524789
0.03587407151494214
0.03586975297978926
0.03586111590948351
0.035852478839177755
0.035839523233719126
0.03583088616341338
0.03581793055795475
0.03580065641734324
0.035787700811884614
0.035770426671273114
0.035757471065814485
0.03574019692520297
0.035718604249438596
0.035701330108827097
0.035679737433062714
0.03566246329245121
0.035640870616686825
0.03561927794092245
0.03559336673000519
0.03557177405424081
0.03555018137847643
0.03552427016755917
0.03550267749179479
0.03548108481603041
0.03548540335118328
0.03548972188633616
0.03548972188633616
0.03548972188633616
0.03548540335118328
0.03548108481603041
0.03547676628087753
0.03547244774572466
0.03546812921057178
0.03545949214026603
0.035455173605113154
0.03545085506996027
0.035442217999654524
0.03543358092934877
0.0354465365348074
0.03545949214026603
0.03547244774572466
0.03548972188633616
0.03550267749179479
0.03552427016755917
0.03554154430817068
0.03555881844878218
0.03558041112454656
0.035597685265158066
0.03561927794092245
0.035640870616686825
0.035666781827604084
0.03568405596821558
0.03570996717913284
0.0357358783900501
0.035757471065814485
0.03577474520642599
0.03580065641734324
0.0358265676282605
0.03584816030402488
0.03587407151494214
0.03589134565555364
0.0359172568664709
0.03593884954223528
0.03596044221799966
0.035973397823458285
0.03599067196406979
0.036007946104681304
0.03603817585075143
0.03606840559682156
0.0360986353428917
0.03612022801865608
0.03615045776472621
0.03617205044049059
0.036197961651407845
0.03621955432717223
0.03624114700293661
0.03626273967870099
0.036284332354465376
0.036310243565382636
0.03633183624114701
0.03636206598721714
0.03638365866298152
0.03640956987389878
0.03643116254966316
0.03644843669027467
0.0364786664363448
0.03650889618241493
0.03653480739333219
0.036565037139402325
0.03659094835031958
0.03663413370184834
0.03666436344791847
0.036698911729141484
0.03674209708067024
0.036780963897046125
0.036819830713422014
0.036858697529797896
0.036897564346173785
0.03694506823285542
0.036988253584384186
0.037044394541371574
0.037096216963206086
0.03715667645534636
0.037212817412333746
0.03728623250993264
0.0373466920020729
0.037428744169977546
0.037510796337882193
0.037584211435481095
0.03767490067369149
0.037769908447054766
0.03786923475557091
0.03796424252893419
0.038080842978061843
0.038193124892036634
0.03831404387631716
0.038443599930903447
0.03856883745033685
0.038789082743133536
0.03900069096562447
0.03922093625842115
0.03944550008637071
0.03968301951977889
0.03991190188288134
0.04014510278113665
0.040369666609086204
0.040594230437035764
0.04081447572983245
0.04102608395232338
0.04123769217481431
0.041427707721540856
0.04163499740887892
0.04181637588529971
0.04198911729141476
0.042140266021765425
0.04230437035757472
0.042433926412161004
0.04255052686128866
0.04266712731041632
0.04265417170495769
0.042619623423734675
0.04256780100190016
0.04249006736914839
0.04243824494731387
0.042351874244256356
0.04225686647089308
0.042196406978752814
0.04209708067023667
0.04201502850233202
0.04194161340473312
0.041837968561064094
0.04175159785800658
0.04163499740887892
0.04155294524097427
0.041436344791846616
0.04134133701848334
0.04125928485057869
0.04114268440145104
0.04103472102262913
0.04094403178441873
0.040823112800138193
0.04072810502677493
0.04063309725341165
0.04051649680428399
0.04041717049576784
0.04032216272240456
0.04023147348419417
0.04011487303506651
0.040024183796856114
0.03996372430471585
0.039903264812575584
0.03984280532043532
0.03976507168768354
0.03970893073069615
0.03964847123855589
0.0395923302815685
0.03954914493003974
0.03948868543789947
0.03943686301606496
0.03938935912938332
0.03931594403178443
0.039268440145102786
0.039216617723268274
0.03916479530143376
0.039121609949905004
0.03907410606322336
0.0390309207116946
0.03898341682501297
0.038935912938331325
0.03889272758680256
0.03884522370012093
0.03880203834859216
0.0387588529970634
0.03871566764553464
0.038672482294005876
0.038633615477629994
0.03858611159094836
0.0385429262394196
0.038499740887890835
0.038456555536362076
0.03841337018483331
0.03837450336845743
0.038326999481775786
0.0382881326653999
0.03824494731387114
0.038197443427189504
0.038154258075660745
0.038111072724131986
0.03806788737260322
0.038024702021074455
0.0379815166695457
0.03793401278286406
0.03788650889618242
0.037839005009500784
0.037795819657972025
0.03774399723613751
0.03770081188460875
0.03767490067369149
0.03762307825185698
0.037571255830022465
0.03752375194334082
0.03747624805665919
0.037424425634824676
0.03736828467783729
0.03731646225600277
0.03728623250993264
0.03727759543962688
0.037268958369321134
0.03726032129901538
0.037251684228709635
0.037243047158403875
0.03723441008809812
0.037225773017792375
0.037212817412333746
0.03717826913111073
0.03716963206080499
0.03716099499049923
0.037152357920193474
0.037139402314734844
0.0371307652444291
0.037122128174123345
0.037083261357747456
0.037070305752288826
0.0370573501468302
0.037044394541371574
0.03703143893591295
0.03701416479530144
0.036975297978925556
0.03695802383831405