0.036556400069096565
0.03714372084988773
0.03777422698220764
0.03846087407151495
0.039203662117809644
0.0399723613750216
0.04075401623769218
0.04160476766280878
0.042433926412161004
0.043323544653653484
0.04421316289514597
0.045089825531179836
0.04598376230782519
0.046886336154776304
0.0477759543962688
0.04865261703230265
0.04955950941440664
0.05040162376921749
0.05125237519433409
0.052059941267921926
0.05285023320089826
0.053614613922957334
0.05439195025047505
0.055095871480393854
0.05578251856970117
0.056430298842632585
0.05703057522888237
0.0575876662636034
0.05814907583347729
0.058680255657281064
0.0591077906374158
0.059526688547244785
0.05991967524615651
0.06025220245292798
0.06060200380031095
0.06086111590948351
0.061077042667127324
0.06132319917084125
0.06121955432717223
0.061141820694420465
0.061020901710139935
0.06089134565555365
0.060666781827604085
0.06052427016755917
0.06028243219899811
0.060031957160131294
0.059807393332181734
0.059543962687856285
0.0593064432544481
0.059025738469511146
0.05872344100880982
0.058507514251166015
0.058244083606840566
0.05796337882190362
0.05694420452582485
0.05573069614786665
0.05449991362929695
0.05329504232164451
0.052085852478839186
0.050941440663327
0.04978839177750907
0.048669891172914155
0.04757730177923649
0.04648471238555882
0.04549576783555019
0.044472275004318544
0.04354378994645017
0.04265417170495769
0.041794783209535336
0.04099585420625325
0.040209880808429785
0.03957937467610987
0.0413111072724132
0.043077388149939555
0.044895491449300405
0.04679132838141303
0.04870012091898429
0.05071255830022457
0.05269476593539472
0.05474175159785801
0.056801692865779935
0.058930730696147876
0.06104681292105718
0.06284764207980655
0.0633788219036103
0.06386681637588532
0.06438504059423045
0.06491190188288133
0.06539557782000346
0.06591380203834861
0.0663672482294006
0.06684660563136985
0.06733460010364485
0.06785714285714287
0.06838400414579376
0.06891518396959752
0.06935135602003802
0.06992140266021768
0.07044826394886856
0.07100535498358958
0.07156244601831059
0.0721238555881845
0.0726334427362239
0.07322940058732079
0.07390309207116946
0.07443859043012611
0.07505614095698741
0.07575574365175335
0.0769735705648644
0.07833390913802041
0.07962515114873037
0.08084297806184143
0.08212126446709277
0.08331749870443947
0.08450941440663329
0.08568837450336847
0.08685437899464504
0.08792105717740545
0.08898341682501297
0.08994213162895147
0.09089652789773711
0.09166522715494906
0.09242960787700813
0.09309034375539818
0.09375107963378823
0.09327604076697185
0.09271894973225082
0.0921791328381413
0.09155294524097429
0.09083606840559683
0.09005441354292626
0.08889272758680257
0.0877439972361375
0.08643979961996891
0.08515287614441183
0.08387027120400761
0.08252720677146312
0.08119277940922441
0.07979789255484541
0.07851096907928831
0.07714631197097946
0.07581188460874072
0.07455950941440664
0.07325531179823805
0.07196838832268095
0.0706944204525825
0.06943772672309553
0.06819398859906721
0.06697184315080325
0.06583174987044395
0.06464415270340301
0.06359906719640698
0.062726723095526
0.0619321126273968
0.06120228018656073
0.06047676628087754
0.0597598894455001
0.058982553117982395
0.05839523233719123
0.05774745206425981
0.05710830886163414
0.05647348419416135
0.05583865952668855
0.05532475384349629
0.05475470720331664
0.054180342027984114
0.053726895836932125
0.053161167731905344
0.05270772154085335
0.05219813439281396
0.05174900673691485
0.051304197616168605
0.05090257384695113
0.05039730523406461
0.05
0.049598376230782525
0.04923993781309381
0.04883831404387633
0.04847987562618761
0.048022110899982734
0.047659353947141145
0.04729659699429954
0.046933840041457946
0.04657108308861635
0.04623855588184489
0.04587148039385041
0.04559941267921922
0.045258248402142
0.04491708412506478
0.044575919847987575
0.04423043703575748
0.04388495422352739
0.043561064087061674
0.04320694420452583
0.04287441699775437
0.04252029711521852
0.04237346692002074
0.04228709621696321
0.042196406978752814
0.04210571774054241
0.04195456901019175
0.04185956123682848
0.041768871998618076
0.0416738642252548
0.04152703403005701
0.04143202625669374
0.041332699948177586
0.04118155121782693
0.041077906374157896
0.041125410260839525
0.04115995854206254
0.04120746242874417
0.04125928485057869
0.04128951459664882
0.04134133701848334
0.04137156676455347
0.041423389186387986
0.04147089307306962
0.04150112281913975
0.04155294524097427
0.04160044912765591
0.04163499740887892
0.04168250129556056
0.041717049576783564
0.04176455346346521
0.04181637588529971
0.04184660563136985
0.04189842805320436
0.04192865779927449
0.0419632060804975
0.042010709967179136
0.04204525824840215
0.042075487994472284
0.042110036275695296
0.042140266021765425
0.04217481430298843
0.04220504404905857
0.04223959233028158
0.04226982207635171
0.04230005182242184
0.04231732596303334
0.04234755570910348
0.04236051131456211
0.042395059595785115
0.042408015201243744
0.042420970806702374
0.042433926412161004
0.04244688201761963
0.04245983762307826
0.04245551908792538
0.04247279322853689
0.04246415615823113
0.04245983762307826
0.04245551908792538
0.0424512005527725
0.04244688201761963
0.04243824494731387
0.0424166522715495
0.042390741060632245
0.042382103990326485
0.04236051131456211
0.04231732596303334
0.04229141475211609
0.04224822940058733
0.04222231818967007
0.04217481430298843
0.04213162895145967
0.04207116945931941
0.042023665572637765
0.04195888754534463
0.04189410951805148
0.04182933149075834
0.04170841250647781
0.04160908619796166
0.04148384867852825
0.04134133701848334
0.0412204180342028
0.041077906374157896
0.04095266885472448
0.04081015719467958
0.04066764553463466
0.04052081533943687
0.04037830367939196
0.04023147348419417
0.04008896182414926
0.039942131628951466
0.03977802729314217
0.03963119709794438
0.0394843669027466
0.03931594403178443
0.03916911383658664
0.03902228364138885
0.038871134911038184
0.03871998618068752
0.03857315598548973
0.038422007255139064
0.0382708585247884
0.03811970979443773
0.03799015373985145
0.037839005009500784
0.037705130419761625
0.03757557436517534
0.037441699775436176
0.03730782518569702
0.03717395059595786
0.0370573501468302
0.03694506823285542
0.03682846778372777
0.03673346001036449
0.036616859561236836
0.03652185178787356
0.03644843669027467
0.03634911038175851
0.036271376749006747
0.03621523579201936
0.03613750215926758
0.03608136120228019
0.03604249438590431
0.03600362756952842
0.03596476075315254
0.03594748661254103
0.035930212471929526
0.03591293833131803
0.03591293833131803
0.0359345310070824
0.035956123682846786
0.03597771635861116
0.03601658317498705
0.03607704266712732
0.03614182069442046
0.03643979961996891
0.03676368975643462
0.037083261357747456
0.03740715149421317
0.03774831577129038
0.03809379858352047
0.038456555536362076
0.03881931248920367
0.03918638797719814
0.03954914493003974
0.03991622041803421
0.04030488858179306
0.04066764553463466
0.04105631369839351
0.04144498186215237
0.041812057350146835
0.04220072551390569
0.04256780100190016
0.04293919502504752
0.043310589048194854
0.043677664536189334
0.0440274658835723
0.04439885990671965
0.04473138711349111
0.04507686992572121
0.04539212299188117
0.04557782000345484
0.045746242874417004
0.04591466574537918
0.04606581447572984
0.04621264467092763
0.04634220072551391
0.0464717567801002
0.04659699429953361
0.046704957678355516
0.04681292105717741
0.046920884435999316
0.04700725513905684
0.04709794437726724
0.04718431508032476
0.047253411642770776
0.047318189670063925
0.04738728623250994
0.04745206425980308
0.0475211608222491
0.04756434617377786
0.0476118500604595
0.047676628087752644
0.04772413197443428
0.04777163586111592
0.0477932285368803
0.04784073242356193
0.047888236310243575
0.04793142166177233
0.04795733287268959
0.04800051822421835
0.04804802211089999
0.04803074797028849
0.04801779236482986
0.04801779236482986
0.04800483675937123
0.048009155294524104
0.04798756261875972
0.0479918811539126
0.04797892554845397
0.04797892554845397
0.04796165140784247
0.04796596994299534
0.04794869580238384
0.04794869580238384
0.04793142166177233
0.04793574019692522
0.047918466056313704
0.04792278459146659
0.04792278459146659
0.047905510450855074
0.04790982898600796
0.047892554845396444
0.04787096216963207
0.04787096216963207
0.04785368802902056
0.04785800656417344
0.047836413888409056
0.04781913974779756
0.04781913974779756
0.04780186560718605
0.04778027293142167
0.04776299879081017
0.04774140611504578
0.04772413197443428
0.047702539298669897
0.04768094662290552
0.047663672482294014
0.04764207980652963
0.04762480566591813
0.04758162031438937
0.04756434617377786
0.0475211608222491
0.047503886681637596
0.04746070133010884
0.04743910865434445
0.04740024183796857
0.047357056486439814
0.04731387113491104
0.047275004318535166
0.04719295215063052
0.047106581447572994
0.04702452927966834
0.046920884435999316
0.04683451373294179
0.04675246156503715
0.046648816721368114
0.046562446018310596
0.04645880117464157
0.046376749006736925
0.046273104163067895
0.04616945931939887
0.046061495940576964
0.04597944377267232
0.04587148039385041
0.045767835550181386
0.045664190706512356
0.04556054586284333
0.0454569010191743
0.04537053031611678
0.04526256693729488
0.045158922093625854
0.04505527724995682
0.04495163240628779
0.04484366902746589
0.04475729832440837
0.04465365348073934
0.04461046812921058
0.04454569010191744
0.04450250475038867
0.044459319398859914
0.04439454137156677
0.04435135602003801
0.04430817066850925
0.04426498531698048
0.044221799965451725
0.044178614613922966
0.04413111072724133
0.044087925375712565
0.0440447400241838
0.04400155467265504
0.043979961996890665
0.0439367766453619
0.04389359129383314
0.0438460874071515
0.043824494731387116
0.04378130937985836
0.043755398168941105
0.04371221281741234
0.043690620141647964
0.04364311625496632
0.043621523579201946
0.043595612368284686
0.0435567455519088
0.043530834340991545
0.043504923130074286
0.04348333045430991
0.04345741924339265
0.04343582656762827
0.04340991535671101
0.04338400414579375
0.04336241147002937
0.043358092934876497
0.043332181723959244
0.043310589048194854
0.043306270513041985
0.0432846778372776
0.043280359302124725
0.043254448091207466
0.043250129556054596
0.04324581102090171
0.04321989980998446
0.04321989980998446
0.04321558127483159
0.04321126273967871
0.04320694420452583
0.04320262566937296
0.04319830713422008
0.04319398859906721
0.04318967006391433
0.04320262566937296
0.04320262566937296
0.04319398859906721
0.04321126273967871
0.04320694420452583
0.04322421834513734
0.06534375539816895
0.09837623078251859
0.10964328899637245
0.1064648471238556
0.09646743824494733
0.07719813439281398
0.04923993781309381
0.08553290723786493
0.09982725859388497
0.09984453273449648
0.09578079115564003
0.09028329590602868
0.08198738987735361
0.07357056486439802
0.06593539471411299
0.05897391604767664
0.052509068923821046
0.04618673346001037
0.04371653135256522
0.04365607186042495
0.043690620141647964
0.04372516842287097
0.04375971670409398
0.043811539125928486
0.0438460874071515
0.04388063568837452
0.04393245811020902
0.04398859906719641
0.044018828813266554
0.04407065123510106
0.04412247365693558
0.044178614613922966
0.04423043703575748
0.04434271894973226
0.044472275004318544
0.04458455691829332
0.04471411297287961
0.04484366902746589
0.04495595094144067
0.04508550699602696
0.04521506305061324
0.04532302642943514
0.0454569010191743
0.04558213853860771
0.045711694593194
0.04584125064778028
0.045970806702366564
0.046078770081188464
0.04620832613577475
0.04633356365520817
0.04645880117464157
0.04656676455346348
0.046692002072896886
0.04681723959233029
0.04692520297115219
0.04705475902573848
0.047158403869407506
0.04728364138884091
0.04738728623250994
0.04749524961133185
0.04759889445500087
0.047702539298669897
0.04781050267749181
0.047914147521160834
0.04801779236482986
0.048099844532734505
0.04810848160304026
0.048112800138193135
0.04812143720849889
0.04810848160304026
0.048117118673346004
0.048104163067887375
0.04809120746242875
0.04809552599758163
0.048086888927275875
0.04805234064605287
0.04803938504059424
0.04802642943513561
0.04799619968906548
0.04798324408360685
0.04794869580238384
0.047914147521160834
0.047905510450855074
0.04787096216963207
0.04781913974779756
0.04778891000172742
0.04775868025565729
0.04772413197443428
0.04767230955259977
0.047637761271376755
0.04759025738469511
0.04753843496286061
0.047503886681637596
0.04745638279495596
0.04740024183796857
0.04735273795128693
0.04728364138884091
0.0472318189670064
0.04717999654517189
0.04712817412333737
0.04705907756089135
0.04700725513905684
0.0469424771117637
0.04689065468992919
0.04681723959233029
0.04675246156503715
0.04670063914320263
0.046631542580756614
0.04655812748315772
0.04649334945586458
0.04642425289341856
0.04635515633097254
0.046286059768526525
0.04621696320608051
0.04613059250302298
0.046061495940576964
0.045992399378130946
0.04592330281568493
0.045836932112627404
0.045767835550181386
0.045703057522888245
0.04561668681983072
0.0455475902573847
0.045461219554327185
0.04539212299188117
0.045305752288823636
0.0452409742615305
0.04515460355847297
0.04508550699602696
0.045003454828122305
0.044934358265676294
0.044852306097771646
0.044765935394714115
0.04470115736742098
0.04461478666436345
0.04452841596130593
0.044463637934012784
0.04438158576610814
0.044312489203662125
0.04423043703575748
0.04414406633269996
0.04407928830540681
0.043997236137502164
0.043915183969597524
0.0438460874071515
0.04376403523924686
0.04369925721195371
0.04361720504404907
0.04355242701675593
0.04347037484885128
0.04340559682155813
0.043323544653653484
0.04325876662636034
0.04319398859906721
0.04311193643116256
0.04304715840386941
0.04298238037657627
0.04291760234928313
0.04285714285714286
0.04279236482984972
0.04272758680255658
0.042680082915874946
0.042619623423734675
0.04255484539644154
0.04249438590430127
0.04244688201761963
0.042382103990326485
0.04232164449818623
0.042274140611504585
0.04221368111936432
0.042166177232682685
0.04210571774054241
0.04205821385386078
0.041997754361720506
0.04195025047503887
0.04188979098289861
0.04184660563136985
0.041799101744688205
0.04173864225254795
0.04169545690101918
0.04164795301433754
0.04160476766280878
0.04156158231128002
0.04150112281913975
0.04145793746761099
0.04141043358092936
0.0413672482294006
0.04132406287787183
0.041280877526343074
0.04123769217481431
0.04119450682328554
0.041147002936603914
0.04110381758507515
0.04106063223354639
0.04101744688201763
0.04097426153048886
0.040948350319571614
0.04090516496804285
0.04086197961651408
0.040818794264985324
0.040792883054068065
0.040749697702539306
0.04070651235101054
0.04066332699948178
0.04063741578856452
0.040594230437035764
0.040555363620659875
0.04052945240974262
0.04048626705821386
0.040460355847296604
0.04041717049576784
0.040391259284850586
0.04034807393332182
0.04032216272240456
0.0402789773708758
0.040253066159958543
0.04021419934358267
0.04018828813266541
0.04014510278113665
0.04011919157021939
0.0400803247538435
0.04005441354292625
0.04002850233200899
0.039985316980480225
0.03996372430471585
0.039937813093798596
0.039894627742269824
0.03986871653135258
0.03984712385558819
0.039821212644670936
0.03978234582829505
0.03975643461737779
0.039730523406460536
0.03970461219554328
0.039665745379167394
0.039639834168250135
0.039613922957332875
0.0395923302815685
0.03955346346519262
0.03952755225427536
0.0395016410433581
0.03947572983244084
0.039454137156676464
0.039428225945759204
0.03938935912938332
0.03936344791846606
0.039385040594230446
0.03939367766453619
0.039397996199689075
0.03940231473484195
0.039410951805147705
0.03941527034030058
0.03943686301606496
0.039441181551217834
0.03944550008637071
0.03944981862152358
0.03947141129728797
0.03947572983244084
0.039480048367593716
0.03948868543789947
0.039505959578510975
0.03951027811366385
0.039518915183969605
0.03953618932458111
0.03954050785973399
0.03954482639488686
0.03956641907065125
0.03957073760580412
0.03957505614095699
0.0395923302815685
0.039596648816721376
0.039613922957332875
0.03961824149248575
0.039639834168250135
0.039639834168250135
0.03966142684401452
0.03966142684401452
0.03968301951977889
0.03968301951977889
0.03970461219554328
0.03970461219554328
0.03972620487130766
0.03974347901191916
0.03974347901191916
0.03976075315253067
0.03977802729314217
0.03978234582829505
0.039799619968906554
0.03981689410951806
0.03983416825012956
0.03983416825012956
0.039851442390741065
0.03986871653135258
0.03988599067196408
0.039903264812575584
0.03991622041803421
0.03993349455864571
0.03994645016410434
0.03996372430471585
0.039980998445327355
0.039993954050785985
0.040006909656244614
0.040024183796856114
0.04004145793746762
0.04005441354292625
0.04007168768353775
0.04008464328899638
0.04011055449991364
0.04012782864052514
0.04014078424598377
0.040166695456901026
0.040183969597512526
0.040196925202971155
0.040222836413888415
0.04024011055449993
0.04026602176541717
0.04027465883572293
0.04030488858179306
0.04031784418725169
0.04034375539816895
0.04035671100362758
0.04038262221454483
0.04040853342546209
0.040434444636379345
0.040447400241837975
0.04046899291760236
0.04049490412851962
0.04052081533943687
0.04054672655035413
0.040568319226118504
0.040594230437035764
0.040615823112800147
0.040641734323717406
0.04066332699948178
0.04068923821039904
0.04071083088616342
0.040749697702539306
0.04077129037830369
0.040792883054068065
0.04082743133529108
0.040853342546208336
0.04087493522197271
0.040909483503195725
0.0409310761789601
0.04096562446018311
0.04099585420625325
0.0410217654171705
0.04105199516324064
0.04108654344446365
0.041108136120228025
0.041138365866298154
0.04117291414752117
0.0412031438935913
0.04123769217481431
0.041267921920884444
0.04129815166695458
0.041332699948177586
0.041362929694247715
0.04140611504577648
0.041436344791846616
0.041466574537916745
0.041496804283986874
0.04153998963551564
0.0415659008464329
0.04160908619796166
0.041639315944031786
0.04168250129556056
0.04172136811193644
0.04175159785800658
0.04179046467438245
0.04182933149075834
0.04186819830713423
0.04190706512351011
0.04195025047503887
0.04198479875626189
0.042023665572637765
0.042062532389013654
0.04209708067023667
0.042140266021765425
0.04218776990844706
0.04222231818967007
0.04226118500604596
0.0423086888927276
0.0423432371739506
0.042369148384867855
0.042395059595785115
0.042420970806702374
0.04242960787700813
0.04245551908792538
0.04247711176368976
0.04250302297460702
0.042524615650371404
0.04253757125583003
0.04255916393159441
0.04258507514251167
0.042593712212817415
0.0426153048885818
0.04262826049404043
0.04264121609949906
0.04264985316980481
0.04266280877526344
0.042658490240110564
0.042671445845569186
0.04266712731041632
0.042671445845569186
0.042671445845569186
0.042658490240110564
0.042658490240110564
0.042645534634651934
0.04263689756434618
0.04261098635342893
0.042589393677664546
0.04256780100190016
0.04254620832613578
0.04251597858006565
0.04246847469338401
0.04243824494731387
0.042399378130938
0.04235619277940923
0.04230437035757472
0.04224391086543445
0.04218776990844706
0.042127310416306796
0.04205821385386078
0.04198479875626189
0.041902746588357236
0.041825012955605465
0.04174296078770082
0.04164363447918467
0.04155294524097427
0.04144498186215237
0.041332699948177586
0.04122905510450856
0.041112454655380895
0.04098289860079462
0.040857661081361206
0.04062446018310589
0.040391259284850586
0.04016237692174815
0.03992053895318708
0.03967438244947315
0.039441181551217834
0.03919502504750389
0.038953187078942825
0.03871998618068752
0.03847814821212645
0.03823631024356539
0.038007427880462956
0.037782864052513396
0.03755398168941096
0.03733805493176715
0.03712644670927622
0.03691915702193816
0.03672914147521162
0.036543444463637935
0.03636206598721714
0.0361893245811021
0.03602953878044568
0.03588702712040077
0.035744515460355855
0.03561927794092245
0.03550699602694767
0.035411988253584395
0.03532993608567975
0.03543358092934877
0.03555881844878218
0.03569701157367421
0.03583520469856625
0.035994990499222675
0.03615045776472621
0.03631888063568838
0.03649162204180343
0.03666868198307135
0.03685006045949215
0.03703575747106582
0.037225773017792375
0.03741147002936605
0.037601485576092594
0.03779150112281915
0.03797287959923995
0.03814993954050786
0.038326999481775786
0.03849542235273796
0.03866384522370012
0.03882363102435654
0.03897046121955434
0.03912592848505787
0.03926412160994991
0.03940231473484195
0.03952755225427536
0.03964847123855589
0.03976507168768354
0.03987303506650545
0.039881672136811194
0.03988599067196408
0.03987303506650545
0.039864397996199695
0.03984712385558819
0.03981257557436518
0.0397737087579893
0.039730523406460536
0.03968301951977889
0.03963119709794438
0.03957937467610987
0.039518915183969605
0.039454137156676464
0.03939367766453619
0.039320262566937304
0.039251166004491286
0.03918206944204527
0.039108654344446374
0.0390309207116946
0.03895750561409571
0.03887977198134394
0.03880635688374504
0.03873294178614615
0.03865952668854725
0.03858611159094836
0.03850405942304371
0.03843064432544482
0.0383615477629988
0.0382881326653999
0.03822767317325964
0.038154258075660745
0.03809379858352047
0.03802902055622734
0.03796856106408707
0.037916738642252555
0.03786059768526516
0.037808775263430655
0.03776127137674901
0.03772240456037313
0.03768785627915012
0.03764898946277423
0.03762307825185698
0.03759284850578684
0.03757557436517534
0.037558300224563836
0.03754966315425808
0.037545344619105206
0.03754966315425808
0.03754966315425808
0.03756261875971671
0.03757989290032821
0.03766626360338574
0.03775263430644326
0.03784332354465366
0.037929694247711185
0.03802038348592158
0.038111072724131986
0.038197443427189504
0.03827517705994127
0.038352910692693046
0.03841768871998619
0.03848246674727933
0.03852997063396097
0.03856883745033685
0.03850837795819658
0.038443599930903447
0.038365866298151675
0.03827517705994127
0.038180169286578004
0.03808516151321473
0.0379815166695457
0.03787355329072379
0.03776127137674901
0.03764035239246848
0.03752375194334082
0.03740715149421317
0.03728623250993264
0.037165313525652104
0.03704871307652445
0.036923475557091044
0.03681119364311626
0.036698911729141484
0.03659094835031958
0.03648730350665055
0.03638365866298152
0.036288650889618246
0.036197961651407845
0.0361159094835032
0.03603817585075143
0.035969079288305415
0.03591293833131803
0.03586111590948351
0.03581793055795475
0.03578338227673174
0.03576178960096736
0.03584384176887201
0.035930212471929526
0.03602953878044568
0.03612454655380895
0.03623250993263086
0.036340473311452764
0.03644843669027467
0.036556400069096565
0.036673000518224225
0.03677664536189325
0.036884608740715155
0.03698393504923131
0.0370400760062187
0.03709189842805321
0.037139402314734844
0.03717826913111073
0.03721713594748662
0.037256002763862504
0.03728623250993264
0.03731646225600277
0.03733805493176715
0.03736828467783729
0.03738555881844879
0.037402832959060286
0.0374201070996718
0.03743306270513043
0.03744601831058906
0.03745033684574193
0.03745897391604768
0.03746329245120056
0.03746329245120056
0.03746329245120056
0.03745897391604768
0.03745897391604768
0.03745033684574193
0.037441699775436176
0.037428744169977546
0.04498186215235793
0.04561668681983072
0.04625151148730352
0.04680860252202454
0.04738728623250994
0.04790982898600796
0.04839782345828296
0.04887286232509933
0.0493133529106927
0.049719295215063054
0.05010364484366903
0.05044912765589913
0.05078597339782347
0.05109258939367767
0.05136033857315599
0.05162808775263431
0.051835377439972366
0.05203403005700467
0.052228364138884105
0.05238814993954052
0.052543617205044066
0.05264726204871309
0.05276818103299362
0.05283295906028676
0.052776818103299365
0.052699084470547594
0.05258248402141994
0.052487476248056664
0.05234064605285888
0.052215408533425475
0.05204266712731043
0.051887199861806885
0.051688547244774584
0.051502850233200906
0.051278286405251346
0.05109690792883055
0.05084643288996373
0.050643461737778554
0.05040162376921749
0.05017705994126793
0.04993522197270687
0.04966747279322855
0.049434271894973236
0.049175159785800664
0.04889877353601659
0.04864829849714977
0.04838054931767145
0.048117118673346004
0.04785800656417344
0.047620487130765256
0.047348419416134054
0.047080670236655735
0.04683451373294179
0.0465797201589221
0.04630765244429091
0.04605717740542409
0.04581533943686302
0.04557782000345484
0.04534030057004665
0.045089825531179836
0.044852306097771646
0.04463637934012783
0.044403178441872526
0.04418725168422871
0.043967006391432036
0.04376403523924686
0.0435567455519088
0.043358092934876497
0.04315944031784419
0.04295646916565902
0.04277940922439109
0.04266712731041632
0.042576438072205916
0.042485748833995515
0.042382103990326485
0.04229141475211609
0.04220504404905857
0.042101399205389536
0.04202798410779065
0.04194161340473312
0.0418552427016756
0.041768871998618076
0.0416738642252548
0.04158749352219728
0.041518396959751264
0.04143202625669374
0.04135861115909484
0.04127655899119019
0.04119018828813267
0.04111677319053378
0.04103472102262913
0.040948350319571614
0.04087493522197271
0.040792883054068065
0.04071946795646917
0.04063309725341165
0.04055968215581275
0.04046899291760236
0.040391259284850586
0.04030920711694594
0.040235792019347044
0.04014942131628952
0.04006736914838487
0.039993954050785985
0.03991190188288134
0.03982984971497669
0.03975211608222491
0.039635515633097265
0.039441181551217834
0.039251166004491286
0.039065468992917615
0.03888840905164969
0.038698393504923136
0.03852133356365521
0.03834859215754017
0.038171532216272244
0.037998790810157196
0.03780445672827778
0.03762307825185698
0.037441699775436176
0.037268958369321134
0.03710053549835897
0.03694074969770254
0.03678528243219901
0.03663845223700121
0.03649162204180343
0.036353428916911394
0.036223872862325104
0.0360986353428917
0.035982034893764045
0.035865434444636385
0.03576178960096736
0.03566246329245121
0.03556313698393506
0.03547676628087753
0.035386077042667136
0.035308343409915365
0.03523060977716359
0.035161513214717575
0.03509241665227156
0.035027638624978416
0.03497149766799103
0.034923993781309386
0.03497149766799103
0.035053549835895675
0.03513128346864744
0.03521333563655209
0.03529106926930386
0.035368802902055636
0.035442217999654524
0.03551995163240629
0.03559336673000519
0.035666781827604084
0.0357358783900501
0.035809293487649
0.03587407151494214
0.03594748661254103
0.036012264639834174
0.03608136120228019
0.03614182069442046
0.0362065987217136
0.03626705821385386
0.036327517705994135
0.03639229573328727
0.03644843669027467
0.03650457764726206
0.03657367420970808
0.03657799274486095
0.03657799274486095
0.03658662981516671
0.03658662981516671
0.036595266885472454
0.03659094835031958
0.036595266885472454
0.036595266885472454
0.03660390395577821
0.03660390395577821
0.03660390395577821
0.03660390395577821
0.03660822249093108
0.03660822249093108
0.03660822249093108
0.03660822249093108
0.03660390395577821
0.03659958542062533
0.03660390395577821
0.03660390395577821
0.03660390395577821
0.03660390395577821
0.03659958542062533
0.03659958542062533
0.036595266885472454
0.036595266885472454
0.03659094835031958
0.03658662981516671
0.03658662981516671
0.036582311280013824
0.036582311280013824
0.03657799274486095
0.03657799274486095
0.03657367420970808
0.03657367420970808
0.036569355674555194
0.03656071860424945
0.03656071860424945
0.036556400069096565
0.036552081533943695
0.03654776299879082
0.03654776299879082
0.03653480739333219
0.036526170323026436
0.036513214717567806
0.03665140784245984
0.03678960096735188
0.03694074969770254
0.03707894282259458
0.03722145448263949
0.03735964760753153
0.037497840732423564
0.03763171532216273
0.03777422698220764
0.0379081015719468
0.03804629469683884
0.038180169286578004
0.03831404387631716
0.03844791846605632
0.03857315598548973
0.03870271204007601
0.03881931248920367
0.038948868543789955
0.039069787528070485
0.03919070651235102
0.039311625496631544
0.039423907410606335
0.03953187078942823
0.039652789773708765
0.03976075315253067
0.039864397996199695
0.03997667991017447
0.0400803247538435
0.04017533252720678
0.04027465883572293
0.04037398514423908
0.04047331145275523
0.040555363620659875
0.040641734323717406
0.040736742097080676
0.04081447572983245
0.040896527897737095
0.04097426153048886
0.04104767662808776
0.041134047331145285
0.041198825358438426
0.041267921920884444
0.041332699948177586
0.041401796510623604
0.041466574537916745
0.041518396959751264
0.04157885645189152
0.041639315944031786
0.04168681983071343
0.04173000518224219
0.04175591639315945
0.04177319053377095
0.041794783209535336
0.04180342027984108
0.041812057350146835
0.041825012955605465
0.041825012955605465
0.041837968561064094
0.041820694420452595
0.04182933149075834
0.041820694420452595
0.041820694420452595
0.041807738814993965
0.041794783209535336
0.04177750906892382
0.041768871998618076
0.04176455346346521
0.04172568664708932
0.04169977543617206
0.04168681983071343
0.0416565900846433
0.041639315944031786
0.04160044912765591
0.0415659008464329
0.04152703403005701
0.04148816721368113
0.04146225600276387
0.04141475211608223
0.0413672482294006
0.04133701848333046
0.04130247020210745
0.04125064778027294
0.041211780963897056
0.04115995854206254
0.04110381758507515
0.04106063223354639
0.04100017274140612
0.04095698738987736
0.040909483503195725
0.04084470547590258
0.04077992744860944
0.04074537916738643
0.04067628260494041
0.04060718604249439
0.040564000690965635
0.04049490412851962
0.040434444636379345
0.04037398514423908
0.040313525652098815
0.040253066159958543
0.04018828813266541
0.04012782864052514
0.040063050613232
0.040011228191397484
0.039929176023492836
0.039877353601658325
0.03980393850405943
0.03973484194161341
0.039665745379167394
0.039609604422180006
0.03954914493003974
0.039480048367593716
0.03941958887545345
0.03934617377785456
0.039281395750561415
0.03922525479357403
0.03914752116082226
0.039082743133529114
0.03903523924684747
0.03897046121955434
0.03889272758680256
0.03884090516496805
0.03877612713767491
0.038724304715840395
0.03864225254793575
0.03859043012610123
0.03853860770426672
0.038486785282432205
0.03843064432544482
0.0383615477629988
0.03829245120055278
0.03825358438417689
0.038197443427189504
0.038141302470202115
0.03808516151321473
0.03804197616168597
0.03798583520469857
0.03794264985316981
0.03788650889618242
0.03783036793919503
0.037782864052513396
0.03773967870098464
0.03769649334945587
0.03764898946277423
0.03760580411124547
0.037558300224563836
0.03752807047849371
0.037480566591812065
0.03744601831058906
0.03739851442390742
0.03736396614268441
0.0373294178614614
0.03729486958023839
0.03726032129901538
0.037225773017792375
0.037186906201416486
0.037165313525652104
0.03712644670927622
0.03710053549835897
0.03707462428744171
0.03705303161167733
0.03702280186560719
0.03699689065468993
0.03697097944377268
0.03694074969770254
0.036923475557091044
0.03689324581102091
0.0368759716704094
0.036854378994645026
0.03685006045949215
0.03682846778372777
0.03680255657281051
0.036793919502504754
0.0367680082915875
0.036750734150975996
0.036737778545517366
0.03670754879944723
0.036698911729141484
0.03668163758852998
0.036660044912765595
0.03666436344791847
0.0366773190533771
0.036698911729141484
0.03672050440490586
0.03674209708067024
0.03676368975643462
0.036793919502504754
0.03681551217826914
0.036845741924339266
0.03685006045949215
0.036880290205562286
0.03690620141647954
0.03694506823285542
0.0369666609086198
0.03700552772499569
0.03703575747106582
0.037044394541371574
0.03707894282259458
0.03711780963897047
0.0371480393850406
0.03719122473656936
0.037225773017792375
0.037238728623251005
0.03727327690447401
0.03728623250993264
0.03735964760753153
0.03743306270513043
0.037506477802729324
0.03757989290032821
0.03765330799792711
0.037735360165831754
0.037821730868889285
0.0379081015719468
0.03799015373985145
0.038076524442908974
0.038171532216272244
0.0382708585247884
0.038365866298151675
0.03846087407151495
0.03856883745033685
0.03866816375885301
0.03877612713767491
0.038966142684401454
0.03915615823112801
0.03935049231300743
0.03954050785973399
0.03971756780100191
0.039903264812575584
0.0400803247538435
0.04025738469511143
0.0404258075660736
0.040581274831577134
0.040736742097080676
0.040883572292278465
0.04102608395232338
0.04115995854206254
0.04127655899119019
0.04127224045603732
0.041254966315425814
0.04123337363966143
0.0412031438935913
0.04115995854206254
0.04111677319053378
0.04105199516324064
0.04098721713594749
0.040926757643807224
0.040853342546208336
0.04077992744860944
0.04069787528070479
0.04061150457764727
0.040538089480048375
0.04045603731214373
0.04037830367939196
0.04030488858179306
0.04023147348419417
0.04016237692174815
0.04009759889445501
0.04004145793746762
0.039993954050785985
0.039955087234410096
0.03991622041803421
0.03986871653135258
0.03982553117982381
0.03979530143375368
0.03974779754707204
0.03970893073069615
0.03967006391432027
0.03961824149248575
0.03955778200034549
0.03949732250820522
0.039428225945759204
0.03935481084816031
0.039268440145102786
0.039095698738987744
0.03891432026256695
0.03873294178614615
0.03852997063396097
0.038339955087234416
0.038124028329590616
0.03791242010709968
0.03769649334945587
0.037480566591812065
0.03726463983416826
0.03704871307652445
0.03683278631888064
0.03662117809638971
0.03641388840905166
0.0362065987217136
0.03601658317498705
0.035956123682846786
0.0358999827258594
0.03584816030402488
0.03582224909310762
0.03578338227673174
0.03576610813612023
0.035744515460355855
0.0357358783900501
0.03572724131974435
0.035731559854897225
0.035744515460355855
0.035757471065814485
0.03577906374157886
0.03580065641734324
0.03583520469856625
0.035865434444636385
0.03590861979616515
0.03595180514769391
0.036007946104681304
0.03606408706166869
0.0361159094835032
0.036180687510796346
0.03625842114354812
0.03632319917084125
0.03639661426844015
0.03648298497149768
0.03656071860424945
0.03664708930730697
0.03673346001036449
0.03683278631888064
0.03691915702193816
0.03701848333045432
0.03711780963897047
0.03721713594748662
0.03732509932630852
0.037424425634824676
0.037532389013646576
0.03763171532216273
0.03774399723613751
0.03785627915011229
0.03796424252893419
0.038076524442908974
0.03818880635688375
0.03829676973570566
0.03840041457937468
0.038512696493349464
0.03862497840732424
0.03874589739160478
0.038871134911038184
0.038992053895318714
0.03910433580929349
0.0392295733287269
0.03934185524270168
0.03946709276213509
0.03958369321126275
0.03969597512523752
0.03981257557436518
0.03992485748833997
0.04004145793746762
0.04014078424598377
0.04025738469511143
0.04036102953878045
0.04047762998790811
0.040581274831577134
0.040684919675246164
0.04078856451891519
0.04088789082743134
0.04099153567110037
0.04108654344446365
0.04119018828813267
0.04128519606149595
0.04138020383485923
0.0414752116082225
0.041557263776127146
0.041652271549490416
0.04173864225254795
0.041820694420452595
0.04190706512351011
0.04198911729141476
0.042062532389013654
0.0421445845569183
0.04222231818967007
0.04229573328726897
0.042369148384867855
0.04242960787700813
0.0425073415097599
0.04256780100190016
0.042632579029193304
0.042693038521333576
0.04274486094316808
0.0427966833650026
0.04285714285714286
0.04290032820867163
0.042952150630506135
0.043003973052340654
0.04304715840386941
0.0430860252202453
0.04304715840386941
0.04300829158749352
0.042960787700811895
0.042921920884436006
0.04287009846260149
0.04282259457591985
0.042766453618932464
0.04271894973225082
0.04266712731041632
0.042606667818276045
0.04254188979098291
0.04248143029884264
0.042420970806702374
0.04235619277940923
0.04229141475211609
0.04223095525997582
0.042166177232682685
0.04209276213508378
0.04203230264294352
0.04195888754534463
0.04188115391259285
0.04181637588529971
0.04174296078770082
0.041678182760407675
0.04160044912765591
0.04152703403005701
0.04146225600276387
0.0413845223700121
0.04132406287787183
0.04124632924512006
0.04118155121782693
0.04110381758507515
0.04103903955778201
0.04097426153048886
0.040896527897737095
0.040831749870443954
0.04076697184315081
0.04071083088616342
0.04064605285887028
0.040589911901882894
0.040525133874589746
0.04047331145275523
0.04041717049576784
0.04036102953878045
0.04030920711694594
0.04026602176541717
0.040222836413888415
0.040179651062359656
0.04013214717567802
0.04012782864052514
0.04012782864052514
0.04013214717567802
0.04012351010537227
0.04012782864052514
0.04014078424598377
0.04014510278113665
0.04014510278113665
0.04014942131628952
0.040166695456901026
0.040166695456901026
0.040166695456901026
0.040183969597512526
0.04018828813266541
0.04018828813266541
0.040192606667818286
0.040192606667818286
0.040196925202971155
0.04020124373812404
0.04020124373812404
0.040205562273276915
0.040205562273276915
0.040209880808429785
0.040209880808429785
0.04021419934358267
0.04021851787873554
0.04021851787873554
0.040222836413888415
0.040222836413888415
0.0402271549490413
0.0402271549490413
0.04023147348419417
0.04021851787873554
0.040222836413888415
0.0402271549490413
0.0402271549490413
0.0402271549490413
0.04023147348419417
0.04023147348419417
0.040235792019347044
0.040222836413888415
0.0402271549490413
0.0402271549490413
0.04023147348419417
0.04023147348419417
0.040235792019347044
0.040235792019347044
0.040235792019347044
0.04024011055449993
0.04024011055449993
0.0402444290896528
0.0402444290896528
0.04025738469511143
0.040261703230264304
0.040261703230264304
0.04027465883572293
0.040287614441181556
0.040300570046640186
0.04031784418725169
0.04033079979271032
0.04034375539816895
0.040369666609086204
0.04038262221454483
0.04039557782000346
0.04040853342546209
0.040434444636379345
0.040447400241837975
0.040460355847296604
0.04048194852306099
0.040499222663672486
0.040512178269131116
0.0405337709448955
0.040551045085507005
0.04057263776127138
0.04059854897218864
0.04061150457764727
0.04063741578856452
0.04065037139402315
0.04067628260494041
0.04070219381585767
0.0407151494213163
0.040736742097080676
0.040762653307997936
0.04078856451891519
0.04080152012437382
0.04082743133529108
0.04084902401105545
0.04087493522197271
0.04090084643288997
0.040922439108654354
0.040939713249265854
0.04096130592503023
0.04098721713594749
0.04101312834686475
0.04103903955778201
0.04106063223354639
0.04108654344446365
0.041112454655380895
0.041134047331145285
0.04115995854206254
0.041185869752979797
0.04120746242874417
0.04123337363966143
0.04127224045603732
0.041293833131801704
0.04131974434271896
0.04134565555363621
0.0413672482294006
0.04139315944031785
0.04141907065123511
0.041453618932458115
0.041479530143375375
0.04150112281913975
0.04152703403005701
0.04154862670582139
0.04158749352219728
0.041613404733114534
0.04163499740887892
0.04166090861979617
0.04168250129556056
0.04172136811193644
0.04174296078770082
0.041768871998618076
0.04179046467438245
0.04182933149075834
0.041850924166522724
0.04187683537743998
0.04189842805320436
0.04193729486958025
0.04195888754534463
0.04198479875626189
0.042006391432026266
0.04204525824840215
0.042066850924166524
0.04209276213508378
0.042114354810848166
0.04214890309207117
0.04217481430298843
0.042196406978752814
0.04222231818967007
0.04225686647089308
0.04228277768181034
0.04230437035757472
0.0423259630333391
0.042351874244256356
0.04238642252547937
0.042408015201243744
0.042433926412161004
0.04245551908792538
0.04247711176368976
0.04251597858006565
0.04253757125583003
0.04255916393159441
0.04258507514251167
0.042606667818276045
0.042632579029193304
0.04265417170495769
0.04267576438072206
0.04270167559163932
0.042723268267403705
0.04274486094316808
0.04277940922439109
0.042801001900155476
0.04282691311107273
0.04283986871653136
0.04285714285714286
0.04288305406806012
0.0429046467438245
0.04292623941958889
0.042952150630506135
0.04297374330627052
0.0429953359820349
0.04302124719295215
0.04302988426325791
0.043051476939022296
0.04307306961478667
0.04309898082570393
0.04310761789600968
0.04312921057177406
0.04315080324753844
0.04317239592330282
0.04318103299360858
0.04320694420452583
0.04321558127483159
0.04323717395059597
0.04324581102090171
0.04327172223181897
0.043280359302124725
0.04330195197788911
0.04331490758334774
0.043332181723959244
0.043345137329417874
0.04335377439972363
0.043375367075488
0.04338832268094663
0.04339695975125238
0.04340559682155813
0.04342718949732252
0.04343582656762827
0.0434487821730869
0.04345741924339265
0.043466056313698404
0.04347469338400415
0.04348333045430991
0.04349196752461566
0.04350060459492141
0.04351356020038004
0.043522197270685785
0.043530834340991545
0.04352651580583867
0.0435394714112973
0.043548108481603044
0.04354378994645017
0.04355242701675593
0.04356538262221456
0.043561064087061674
0.04356970115736743
0.04356538262221456
0.043574019692520304
0.043574019692520304
0.043574019692520304
0.04357833822767319
0.04357833822767319
0.043574019692520304
0.04356970115736743
0.04356538262221456
0.04356538262221456
0.043574019692520304
0.04356970115736743
0.0435567455519088
0.04355242701675593
0.043548108481603044
0.043548108481603044
0.04354378994645017
0.04352651580583867
0.04352651580583867
0.043522197270685785
0.043504923130074286
0.04350060459492141
0.04348764898946278
0.04348333045430991
0.04347037484885128
0.043453100708239774
0.0434487821730869
0.04343582656762827
0.04338400414579375
0.043345137329417874
0.04329763344273623
0.04325876662636034
0.04320694420452583
0.04316807738814995
0.04312057350146831
0.043068751079633795
0.04302124719295215
0.04298238037657627
0.04293055795474176
0.04287873553290725
0.04283123164622561
0.04277940922439109
0.04273190533770945
0.042680082915874946
0.042632579029193304
0.042580756607358786
0.04252893418552428
0.04247711176368976
0.04242960787700813
0.042377785455173615
0.04231732596303334
0.04226550354119883
0.04221799965451719
0.042166177232682685
0.04211867334600104
0.04207116945931941
0.042006391432026266
0.04195456901019175
0.04190706512351011
0.04185956123682848
0.041807738814993965
0.04175591639315945
0.04170841250647781
0.04164795301433754
0.04159613059250303
0.04154862670582139
0.04150112281913975
0.041449300397305246
0.04139747797547073
0.04134997408878909
0.04129815166695458
0.04125064778027294
0.0412031438935913
0.041151321471756784
0.04110381758507515
0.04105199516324064
0.041004491276559
0.04096562446018311
0.04091812057350147
0.040866298151666966
0.040831749870443954
0.04077992744860944
0.0407324235619278
0.04069355674555192
0.04064605285887028
0.04060718604249439
0.040568319226118504
0.04052081533943687
0.04048194852306099
0.040447400241837975
0.04040853342546209
0.040369666609086204
0.04032216272240456
0.04029625151148731
0.04025738469511143
0.040222836413888415
0.040183969597512526
0.04014510278113665
0.04011919157021939
0.04008464328899638
0.04005873207807912
0.04001986526170323
0.039993954050785985
0.039968042839868725
0.03996372430471585
0.03996372430471585
0.03994645016410434
0.039942131628951466
0.039937813093798596
0.039937813093798596
0.03993349455864571
0.039942131628951466
0.039937813093798596
0.039937813093798596
0.039929176023492836
0.039929176023492836
0.03992485748833997
0.03993349455864571
0.039929176023492836
0.03992485748833997
0.03992053895318708
0.03992053895318708
0.03992485748833997
0.03992053895318708
0.03992053895318708
0.03991622041803421
0.03992053895318708
0.03992053895318708
0.03991622041803421
0.03991190188288134
0.039907583347728454
0.03991622041803421
0.03991190188288134
0.039907583347728454
0.039903264812575584
0.03991190188288134
0.039907583347728454
0.039903264812575584
0.03989894627742271
0.039894627742269824
0.039903264812575584
0.03989894627742271
0.039894627742269824
0.039890309207116954
0.03988599067196408
0.039894627742269824
0.039890309207116954
0.03988599067196408
0.039881672136811194
0.039881672136811194
0.039877353601658325
0.03987303506650545
0.039877353601658325
0.03987303506650545
0.03987303506650545
0.03986871653135258
0.039864397996199695
0.03986007946104682
0.03985576092589395
0.039851442390741065
0.03984712385558819
0.03984280532043532
0.039838486785282436
0.03983416825012956
0.03982984971497669
0.03982984971497669
0.03982553117982381
0.039821212644670936
0.03980393850405943
0.039799619968906554
0.03979530143375368
0.0397909828986008
0.03978666436344793
0.03978234582829505
0.03976939022283642
0.03976507168768354
0.03976075315253067
0.03974347901191916
0.03973916047676629
0.03973484194161341
0.03972188633615478
0.03971756780100191
0.03971324926584903
0.03969597512523752
0.039691656590084654
0.039678700984626024
0.03967438244947315
0.03965710830886164
0.03965710830886164
0.03964415270340301
0.039626878562791505
0.039622560027638636
0.039609604422180006
0.0395923302815685
0.03958801174641562
0.03957505614095699
0.03955778200034549
0.03954482639488686
0.03952755225427536
0.03952323371912248
0.03951027811366385
0.03949732250820522
0.039480048367593716
0.03946709276213509
0.03944981862152358
0.03943686301606496
0.03941958887545345
0.03940663326999482
0.03938935912938332
0.03937640352392469
0.039359129383313186
0.03934617377785456
0.039333218172395934
0.03931594403178443
0.039294351356020045
0.03927707721540854
0.03926412160994991
0.03924684746933841
0.03923389186387978
0.03922093625842115
0.039203662117809644
0.03918206944204527
0.03916479530143376
0.03915183969597513
0.03913456555536363
0.039121609949905004
0.039095698738987744
0.039082743133529114
0.039069787528070485
0.039052513387458986
0.0390309207116946
0.039013646571083097
0.03900069096562447
0.03898341682501297
0.03896182414924858
0.03894455000863708
0.03893159440317845
0.03891863879771982
0.03889272758680256
0.03887545344619106
0.03886249784073243
0.0388495422352738
0.03882363102435654
0.03881067541889791
0.03879771981343929
0.03878044567282778
0.0387588529970634
0.038741578856451894
0.03872862325099327
0.03871566764553464
0.03870271204007601
0.03867680082915875
0.03866384522370012
0.038646571083088624
0.038633615477629994
0.038620659872171365
0.03860338573155986
0.03858179305579548
0.03856883745033685
0.03855588184487822
0.0385429262394196
0.038525652098808094
0.038512696493349464
0.038499740887890835
0.03848246674727933
0.038469511141820706
0.038456555536362076
0.038443599930903447
0.03843064432544482
0.03841337018483331
0.03840041457937468
0.038396096044221804
0.038383140438763175
0.038365866298151675
0.038352910692693046
0.038339955087234416
0.03833563655208154
0.03832268094662291
0.03830972534116429
0.03829676973570566
0.03829245120055278
0.03827517705994127
0.03827517705994127
0.03826222145448265
0.03824926584902402
0.03824062877871826
0.03822767317325964
0.03822335463810676
0.03822335463810676
0.038206080497495264
0.03820176196234238
0.03820176196234238
0.038184487821730874
0.038180169286578004
0.038180169286578004
0.038171532216272244
0.03815857661081362
0.03815857661081362
0.038154258075660745
0.03814993954050786
0.03814562100535499
0.038141302470202115
0.03813698393504923
0.03813266539989636
0.03813698393504923
0.03813266539989636
0.038128346864743486
0.038128346864743486
0.03813266539989636
0.038128346864743486
0.03813266539989636
0.038128346864743486
0.03813266539989636
0.03813266539989636
0.03813698393504923
0.03813266539989636
0.03813698393504923
0.038141302470202115
0.03814562100535499
0.038154258075660745
0.03814993954050786
0.038154258075660745
0.03815857661081362
0.038171532216272244
0.038180169286578004
0.038184487821730874
0.03818880635688375
0.038193124892036634
0.03821039903264813
0.04770685783382277
0.05365348073933322
0.0583304543098981
0.06198825358438418
0.06457937467610987
0.06634133701848334
0.06733028156849198
0.06764553463465194
0.06728709621696322
0.06656590084643291
0.06547762998790811
0.0641388840905165
0.06273104163067889
0.061249784073242365
0.05983762307825187
0.05633097253411644
0.05156762826049405
0.047175678010019005
0.04339695975125238
0.040222836413888415
0.04502072896873381
0.052219727068578345
0.05960874071514943
0.06330108827085854
0.06430730696147867
0.06501986526170324
0.06539557782000346
0.06557695629642427
0.06543012610122648
0.06510623596476077
0.0646484712385559
0.0641043358092935
0.06336154776299881
0.06266626360338573
0.06207462428744171
0.06150457764726206
0.06039903264812577
0.05916393159440318
0.057937467610986365
0.056771463119709806
0.055657281050267765
0.05451718776990846
0.053398687165313534
0.05229314216617724
0.05124373812402833
0.05013387458973917
0.049045603731214374
0.04800483675937123
0.04691656590084644
0.04585420625323891
0.04471843150803248
0.043621523579201946
0.04248143029884264
0.041492485748834004
0.04110381758507515
0.04065037139402315
0.0402444290896528
0.040183969597512526
0.04023147348419417
0.04028329590602868
0.04033511832786319
0.04038262221454483
0.0404258075660736
0.04048194852306099
0.04052081533943687
0.040568319226118504
0.040615823112800147
0.04064605285887028
0.04069355674555192
0.04072810502677493
0.040762653307997936
0.04079720158922095
0.040831749870443954
0.040866298151666966
0.040892209362584225
0.040926757643807224
0.04095698738987736
0.040922439108654354
0.04088789082743134
0.040853342546208336
0.040818794264985324
0.04078856451891519
0.04074537916738643
0.04070651235101054
0.04065900846432891
0.04062014164795302
0.040581274831577134
0.04052945240974262
0.04048194852306099
0.04043012610122647
0.04038262221454483
0.04033079979271032
0.04027465883572293
0.04021851787873554
0.040166695456901026
0.040101917429607885
0.04004145793746762
0.039985316980480225
0.03992485748833997
0.03985576092589395
0.0397909828986008
0.039730523406460536
0.03966142684401452
0.039600967351874246
0.03952755225427536
0.039454137156676464
0.039385040594230446
0.039311625496631544
0.03923821039903266
0.03916479530143376
0.03908706166868199
0.03900932803593022
0.038935912938331325
0.038858179305579554
0.03878044567282778
0.03868975643461738
0.03861202280186562
0.038525652098808094
0.03844791846605632
0.0383615477629988
0.03826222145448265
0.03815857661081362
0.0380549317671446
0.03794696838832269
0.03784764207980654
0.03774831577129038
0.03764035239246848
0.03754102608395233
0.037437381240283306
0.03733805493176715
0.037238728623251005
0.037139402314734844
0.0370400760062187
0.03694074969770254
0.03685006045949215
0.03676368975643462
0.036673000518224225
0.036582311280013824
0.036500259112109176
0.03641820694420453
0.03633615477629988
0.03626273967870099
0.0361893245811021
0.0361159094835032
0.03605113145621006
0.035994990499222675
0.03593884954223528
0.03588270858524789
0.03590430126101227
0.03592589393677666
0.03595180514769391
0.03599067196406979
0.03601658317498705
0.03605976852651581
0.0360986353428917
0.03614182069442046
0.036193643116254975
0.03624114700293661
0.03629296942477112
0.03634911038175851
0.03640093280359303
0.03646571083088617
0.036526170323026436
0.03658662981516671
0.03665140784245984
0.03671618586975299
0.036780963897046125
0.036854378994645026
0.03691915702193816
0.036988253584384186
0.0370573501468302
0.0371307652444291
0.03720849887718086
0.03727759543962688
0.0373466920020729
0.037424425634824676
0.037493522197270694
0.03756261875971671
0.03764035239246848
0.0377094489549145
0.037782864052513396
0.037851960614959414
0.03792105717740543
0.03798583520469857
0.0380549317671446
0.038124028329590616
0.03818880635688375
0.03824926584902402
0.03831404387631716
0.03837450336845743
0.03843064432544482
0.03848246674727933
0.0385429262394196
0.03859043012610123
0.03863793401278287
0.038685437899464506
0.03872862325099327
0.03877180860252203
0.03881067541889791
0.03884522370012093
0.03887977198134394
0.03890568319226119
0.038935912938331325
0.03895750561409571
0.03897477975470721
0.03898773536016584
0.03900069096562447
0.03900932803593022
0.03901796510623597
0.039013646571083097
0.039013646571083097
0.03900932803593022
0.038922957332872696
0.03884522370012093
0.038750215926757654
0.03866816375885301
0.0385774745206426
0.03847814821212645
0.03838745897391606
0.03829245120055278
0.03820176196234238
0.0381067541889791
0.03801606495076871
0.037929694247711185
0.037839005009500784
0.03774831577129038
0.03771376749006738
0.03767058213853862
0.03763171532216273
0.03759716704093972
0.037571255830022465
0.03754102608395233
0.03751511487303508
0.037493522197270694
0.037467610986353435
0.03745033684574193
0.037437381240283306
0.0374201070996718
0.03740715149421317
0.03739419588875454
0.03738124028329591
0.03737692174814304
0.03737260321299016
0.03736396614268441
0.03735964760753153
0.03736396614268441
0.03735532907237866
0.03735964760753153
0.03735964760753153
0.03735964760753153
0.03736828467783729
0.03736828467783729
0.03737692174814304
0.03738124028329591
0.03738555881844879
0.03739419588875454
0.037402832959060286
0.03740715149421317
0.037415788564518916
0.037424425634824676
0.03743306270513043
0.037437381240283306
0.03744601831058906
0.03745897391604768
0.037467610986353435
0.03747624805665919
0.037480566591812065
0.03748920366211782
0.037497840732423564
0.03750215926757645
0.03750215926757645
0.037510796337882193
0.03751511487303508
0.03751511487303508
0.037519433408187954
0.03752375194334082
0.03752375194334082
0.03752375194334082
0.037519433408187954
0.037519433408187954
0.03751511487303508
0.037506477802729324
0.03750215926757645
0.037497840732423564
0.037484885126964934
0.03747192952150631
0.03745897391604768
0.03744601831058906
0.037428744169977546
0.03741147002936605
0.03739419588875454
0.03737260321299016
0.0373294178614614
0.03729486958023839
0.037243047158403875
0.03720418034202799
0.03715667645534636
0.03710485403351184
0.03706166868198308
0.03701416479530144
0.036962342373466926
0.036914838486785284
0.036858697529797896
0.036806875107963384
0.03675505268612887
0.03670323026429436
0.03664708930730697
0.036595266885472454
0.036543444463637935
0.03649162204180343
0.03643548108481604
0.03638365866298152
0.03633183624114701
0.036284332354465376
0.036223872862325104
0.03617636897564347
0.03613318362411471
0.03608136120228019
0.03603385731559856
0.03599067196406979
0.035943168077388156
0.03590430126101227
0.03585679737433064
0.03582224909310762
0.03577906374157886
0.035744515460355855
0.03570996717913284
0.035679737433062714
0.03564950768699258
0.035614959405769565
0.03559336673000519
0.03557177405424081
0.03554586284332355
0.03552858870271205
0.03551563309725342
0.03550267749179479
0.03549404042148904
0.03548540335118328
0.03548108481603041
0.03548108481603041
0.03548540335118328
0.03548540335118328
0.03549404042148904
0.03551131456210054
0.03552427016755917
0.03554586284332355
0.035640870616686825
0.0357358783900501
0.03583088616341338
0.0359345310070824
0.03603817585075143
0.03614182069442046
0.036249784073242364
0.036357747452064264
0.03646571083088617
0.03657799274486095
0.036685956123682854
0.03679823803765764
0.03690620141647954
0.03701848333045432
0.037122128174123345
0.037230091552945245
0.03733373639661427
0.037441699775436176
0.03754102608395233
0.03764035239246848
0.03773967870098464
0.03783036793919503
0.03786491622041804
0.0378908274313353
0.037916738642252555
0.03793401278286406
0.03795992399378132
0.03797287959923995
0.03798583520469857
0.037998790810157196
0.038007427880462956
0.03801606495076871
0.03802038348592158
0.038024702021074455
0.03802038348592158
0.03802038348592158
0.03801606495076871
0.038011746415615826
0.03800310934531008
0.03799015373985145
0.0379815166695457
0.03796424252893419
0.03795128692347556
0.03793401278286406
0.03791242010709968
0.03789514596648817
0.03786923475557091
0.037851960614959414
0.037821730868889285
0.037795819657972025
0.03776558991190189
0.03773967870098464
0.0377094489549145
0.03767490067369149
0.03764467092762136
0.03761012264639835
0.037571255830022465
0.03754102608395233
0.037497840732423564
0.03746329245120056
0.037424425634824676
0.03738987735360167
0.0373466920020729
0.03730782518569702
0.03726463983416826
0.037225773017792375
0.03717826913111073
0.037139402314734844
0.037096216963206086
0.03704871307652445
0.03700552772499569
0.036962342373466926
0.036914838486785284
0.036871653135256525
0.03682414924857489
0.036780963897046125
0.03673346001036449
0.03669027465883573
0.036642770772154096
0.03659958542062533
0.036552081533943695
0.03650889618241493
0.03646139229573329
0.03641388840905166
0.03637502159267577
0.036327517705994135
0.03628001381931249
0.036236828467783734
0.036197961651407845
0.03615045776472621
0.03611159094835033
0.03606840559682156
0.036025220245292804
0.035982034893764045
0.035943168077388156
0.0358999827258594
0.03586111590948351
0.03582224909310762
0.035787700811884614
0.03574883399550873
0.03571428571428572
0.035679737433062714
0.035640870616686825
0.035610640870616696
0.03557609258939368
0.03554586284332355
0.03551563309725342
0.03548540335118328
0.035455173605113154
0.035429262394195894
0.035403351183278635
0.03537743997236138
0.03535584729659701
0.03532993608567975
0.035312661945068234
0.03529106926930386
0.03527379512869236
0.03525220245292797
0.03523924684746935
0.03522197270685784
0.03520901710139921
0.03519606149594058
0.03518742442563483
0.03517878735532908
0.03517015028502333
0.03516583174987045
0.035161513214717575
0.0351571946795647
0.0351571946795647
0.0351571946795647
0.0351571946795647
0.03516583174987045
0.03517015028502333
0.03517878735532908
0.03518742442563483
0.03520038003109346
0.03521333563655209
0.03522629124201072
0.03523924684746935
0.0352651580583866
0.035282432198998105
0.03530402487476249
0.03532993608567975
0.03535584729659701
0.035386077042667136
0.035416306788737265
0.0354465365348074
0.03548108481603041
0.03551995163240629
0.03555881844878218
0.035602003800310936
0.035640870616686825
0.035744515460355855
0.03584384176887201
0.03594748661254103
0.03605113145621006
0.036154776299879086
0.03625410260839523
0.036353428916911394
0.03644843669027467
0.036543444463637935
0.03663413370184834
0.03672050440490586
0.03680255657281051
0.036880290205562286
0.03688892727586803
0.03688892727586803
0.03689324581102091
0.036884608740715155
0.0368759716704094
0.03686301606495077
0.036845741924339266
0.03682414924857489
0.03679823803765764
0.0367680082915875
0.036737778545517366
0.03670754879944723
0.036673000518224225
0.03663413370184834
0.03659094835031958
0.036543444463637935
0.03650457764726206
0.03645707376058042
0.03641388840905166
0.036366384522370024
0.03631888063568838
0.036271376749006747
0.036223872862325104
0.03617636897564347
0.03612454655380895
0.036089998272585945
0.03605113145621006
0.03601658317498705
0.03597771635861116
0.035943168077388156
0.03590861979616515
0.03586975297978926
0.03583520469856625
0.03580065641734324
0.035770426671273114
0.035731559854897225
0.035701330108827097
0.035666781827604084
0.03563223354638108
0.035602003800310936
0.03557177405424081
0.03554154430817068
0.03551131456210054
0.03548108481603041
0.03545085506996027
0.035424943859043025
0.03539471411297288
0.03536448436690275
0.035338573155985493
0.035312661945068234
0.03528675073415099
0.03526083952323373
0.03523492831231647
0.03520901710139921
0.03518310589048195
0.035161513214717575
0.03513560200380032
0.03511400932803593
0.03508809811711868
0.0350665054413543
0.035044912765589915
0.03502332008982554
0.03500172741406116
0.03498445327344966
0.03496286059768527
0.03494558645707377
0.034923993781309386
0.03490671964069788
0.03488944550008638
0.03487648989462775
0.034859215754016244
0.03484194161340474
0.03482466747279323
0.0348117118673346
0.03479875626187597
0.03478580065641735
0.03477284505095872
0.0347598894455001
0.034751252375194344
0.034738296769735715
0.034729659699429954
0.034716704093971325
0.03470806702366558
0.034699429953359825
0.03469511141820695
0.034686474347901196
0.03467783727759545
0.034673518742442566
0.03466488167213682
0.034660563136983936
0.03465624460183107
0.03465192606667819
0.03464760753152531
0.03464328899637244
0.03464328899637244
0.03464328899637244
0.03464328899637244
0.03464328899637244
0.03464328899637244
0.03464328899637244
0.03464328899637244
0.03464760753152531
0.03464760753152531
0.03465192606667819
0.034660563136983936
0.034660563136983936
0.0346692002072897
0.034673518742442566
0.034682155812748326
0.034686474347901196
0.03469511141820695
0.0347037484885127
0.034712385558818455
0.03472102262912421
0.034729659699429954
0.034742615304888584
0.034755570910347214
0.03476852651580584
0.03478148212126447
0.0347944377267231
0.03480739333218173
0.03482034893764036
0.03483762307825186
0.03485489721886337
0.034867852824322
0.034885126964933504
0.03490240110554501
0.03491967524615651
0.03494126792192089
0.03496286059768527
0.034980134738296774
0.03500172741406116
0.03502332008982554
0.035044912765589915
0.0350665054413543
0.03509241665227156
0.03511400932803593
0.03513992053895319
0.035161513214717575
0.03518742442563483
0.03521765417170497
0.035243565382622216
0.035269476593539476
0.03529970633960961
0.03535584729659701
0.03542062532389014
0.03548108481603041
0.03554154430817068
0.035602003800310936
0.03566246329245121
0.035718604249438596
0.03577906374157886
0.03583520469856625
0.03588702712040077
0.035943168077388156
0.035994990499222675
0.03604249438590431
0.03609431680773882
0.03613750215926758
0.036180687510796346
0.036185006045949215
0.0361893245811021
0.0361893245811021
0.0361893245811021
0.036185006045949215
0.036180687510796346
0.036167731905337716
0.03616341337018484
0.03615045776472621
0.03613750215926758
0.03612454655380895
0.03611159094835033
0.03609431680773882
0.03607704266712732
0.03605544999136293
0.03603817585075143
0.03601658317498705
0.035994990499222675
0.035973397823458285
0.03595180514769391
0.03592589393677666
0.03590430126101227
0.035878390050095015
0.035852478839177755
0.03583088616341338
0.03580497495249612
0.03577906374157886
0.0357531525306616
0.035731559854897225
0.03570564864397997
0.035679737433062714
0.035653826222145454
0.035627915011228195
0.03560632233546382
0.035584729659699436
0.03555881844878218
0.0355372257730178
0.03551563309725342
0.03549404042148904
0.03547244774572466
0.035455173605113154
0.03543789946450164
0.035416306788737265
0.035399032648125765
0.03539471411297288
0.03539039557782001
0.03539039557782001
0.03539039557782001
0.03539039557782001
0.03539039557782001
0.03539039557782001
0.03539471411297288
0.035399032648125765
0.035399032648125765
0.03540766971843151
0.03540766971843151
0.035416306788737265
0.03542062532389014
0.035424943859043025
0.03543358092934877
0.035442217999654524
0.0354465365348074
0.035455173605113154
0.0354638106754189
0.03547244774572466
0.03548108481603041
0.03548972188633616
0.03549835895664191
0.03550699602694767
0.03551563309725342
0.03552427016755917
0.0355372257730178
0.03554586284332355
0.03555881844878218
0.03556745551908793
0.03557609258939368
0.035589048194852306
0.035597685265158066
0.03560632233546382
0.035614959405769565
0.035627915011228195
0.03563655208153395
0.0356451891518397
0.035653826222145454
0.03566246329245121
0.035671100362756954
0.03567541889790984
0.03568837450336847
0.03569269303852134
0.035701330108827097
0.03570996717913284
0.03571428571428572
0.035718604249438596
0.03572724131974435
0.035731559854897225
0.0357358783900501
0.03574019692520297
0.035744515460355855
0.03574883399550873
0.03574019692520297
0.035731559854897225
0.03572724131974435
0.035718604249438596
0.03571428571428572
0.035701330108827097
0.03569701157367421
0.03568405596821558
0.03567541889790984
0.03566246329245121
0.035653826222145454
0.03564950768699258
0.03563655208153395
0.035623596476075325
0.035610640870616696
0.035602003800310936
0.035589048194852306
0.03558041112454656
0.03556745551908793
0.03555449991362931
0.03554154430817068
0.03552858870271205
0.03551995163240629
0.03550267749179479
0.03548972188633616
0.03547676628087753
0.0354638106754189
0.03545085506996027
0.03543789946450164
0.035424943859043025
0.035411988253584395
0.035399032648125765
0.03538175850751425
0.035368802902055636
0.035360165831749876
0.03534289169113838
0.03532993608567975
0.03531698048022112
0.03530402487476249
0.03529106926930386
0.03527811366384523
0.0352651580583866
0.03525220245292797
0.03523924684746935
0.03522629124201072
0.03521333563655209
0.03520038003109346
0.03518742442563483
0.0351744688201762
0.035161513214717575
0.03515287614441182
0.03513992053895319
0.03512696493349456
0.03511832786318881
0.03510537225773018
0.03509241665227156
0.035083779581965804
0.035070823976507175
0.03506218690620142
0.035053549835895675
0.035040594230437046
0.035031957160131286
0.03502332008982554
0.035014683019519786
0.03501036448436691
0.03500604594921403
0.03499740887890828
0.034993090343755404
0.03498877180860253
0.03498445327344966
0.034980134738296774
0.0349758162031439
0.03497149766799103
0.034967179132838144
0.03496286059768527
0.0349585420625324
0.0349585420625324
0.03495422352737952
0.03494990499222664
0.03494558645707377
0.03494126792192089
0.03494126792192089
0.034936949386768015
0.034936949386768015
0.03493263085161514
0.03492831231646226
0.03492831231646226
0.034923993781309386
0.034923993781309386
0.03491967524615651
0.03491967524615651
0.03491535671100363
0.03491535671100363
0.034911038175850756
0.034911038175850756
0.034911038175850756
0.03490671964069788
0.03490240110554501
0.03490240110554501
0.03490240110554501
0.03490240110554501
0.034898082570392126
0.034898082570392126
0.03489376403523925
0.03489376403523925
0.03489376403523925
0.03489376403523925
0.03488944550008638
0.034885126964933504
0.034885126964933504
0.034885126964933504
0.034885126964933504
0.03488080842978062
0.03487648989462775
0.03487648989462775
0.03487648989462775
0.034872171359474874
0.034872171359474874
0.034872171359474874
0.034867852824322
0.034867852824322
0.034867852824322
0.03486353428916912
0.034859215754016244
0.034859215754016244
0.034859215754016244
0.03485489721886337
0.03485057868371049
0.03485057868371049
0.034846260148557615
0.034846260148557615
0.03484194161340474
0.03484194161340474
0.03484194161340474
0.03483762307825186
0.03483762307825186
0.034828986007946115
0.034828986007946115
0.03482466747279323
0.03482466747279323
0.03482034893764036
0.03482034893764036
0.034816030402487486
0.034816030402487486
0.0348117118673346
0.0348117118673346
0.03480739333218173
0.03480739333218173
0.034803074797028856
0.03479875626187597
0.0347944377267231
0.0347944377267231
0.034790119191570226
0.03478580065641735
0.03478580065641735
0.03478148212126447
0.0347771635861116
0.0347771635861116
0.03477284505095872
0.03477284505095872
0.03476852651580584
0.03476420798065297
0.03476420798065297
0.0347598894455001
0.0347598894455001
0.034755570910347214
0.034751252375194344
0.034751252375194344
0.03474693384004147
0.034742615304888584
0.034742615304888584
0.034738296769735715
0.034738296769735715
0.03473397823458284
0.034729659699429954
0.034729659699429954
0.034725341164277085
0.034725341164277085
0.03472102262912421
0.034716704093971325
0.034716704093971325
0.034712385558818455
0.034712385558818455
0.03470806702366558
0.0347037484885127
0.0347037484885127
0.034699429953359825
0.034699429953359825
0.034699429953359825
0.03469511141820695
0.03469079288305408
0.03469079288305408
0.034686474347901196
0.034686474347901196
0.034682155812748326
0.034682155812748326
0.03467783727759545
0.03467783727759545
0.034673518742442566
0.034673518742442566
0.034673518742442566
0.0346692002072897
0.03466488167213682
0.03466488167213682
0.034660563136983936
0.034660563136983936
0.034660563136983936
0.034660563136983936
0.03465624460183107
0.03465624460183107
0.03465192606667819
0.03465192606667819
0.03464760753152531
0.03464760753152531
0.03464328899637244
0.03464328899637244
0.03464328899637244
0.03463897046121956
0.03463897046121956
0.03463897046121956
0.034634651926066684
0.034634651926066684
0.034634651926066684
0.034634651926066684
0.03463033339091381
0.03463033339091381
0.03463033339091381
0.03463033339091381
0.03462601485576093
0.03462601485576093
0.03462601485576093
0.03462169632060806
0.03462169632060806
0.03462169632060806
0.03462169632060806
0.03462169632060806
0.03462169632060806
0.03461737778545518
0.03461737778545518
0.03461737778545518
0.03461737778545518
0.03461737778545518
0.0346130592503023
0.0346130592503023
0.0346130592503023
0.0346130592503023
0.0346130592503023
0.0346130592503023
0.0346130592503023
0.0346130592503023
0.0346130592503023
0.0346130592503023
0.0346130592503023
0.0346130592503023
0.0346130592503023
0.0346130592503023
0.0346130592503023
0.0346130592503023
0.0346130592503023
0.0346130592503023
0.0346130592503023
0.0346130592503023
0.0346130592503023
0.0346130592503023
0.0346130592503023
0.0346130592503023
0.0346130592503023
0.0346130592503023
0.0346130592503023
0.0346130592503023
0.0346130592503023
0.0346130592503023
0.03461737778545518
0.0346130592503023
0.0346130592503023
0.0346130592503023
0.0346130592503023
0.0346130592503023
0.0346130592503023
0.0346130592503023
0.0346130592503023
0.0346130592503023
0.0346130592503023
0.0346130592503023
0.0346130592503023
0.0346130592503023
0.0346130592503023
0.0346130592503023
0.03460874071514943
0.0346130592503023
0.03460874071514943
0.0346130592503023
0.03460874071514943
0.03460874071514943
0.03460874071514943
0.03460874071514943
0.03460874071514943
0.03460874071514943
0.03460874071514943
0.03460874071514943
0.03460442217999655
0.03460442217999655
0.03460442217999655
0.03460442217999655
0.03460442217999655
0.03460442217999655
0.03460010364484368
0.03460010364484368
0.03460010364484368
0.0345957851096908
0.0345957851096908
0.0345957851096908
0.0345957851096908
0.03459146657453792
0.0345957851096908
0.03459146657453792
0.03459146657453792
0.03458714803938505
0.03458714803938505
0.03458714803938505
0.03458714803938505
0.03458282950423217
0.03458282950423217
0.03457851096907929
0.03457851096907929
0.03457851096907929
0.03457851096907929
0.03457419243392642
0.03457419243392642
0.03456987389877354
0.03456987389877354
0.03456555536362066
0.03456555536362066
0.03456123682846779
0.03456123682846779
0.03456123682846779
0.03455691829331491
0.03455691829331491
0.03455259975816204
0.03455259975816204
0.03454828122300916
0.03454828122300916
0.03454396268785628
0.03454396268785628
0.03453964415270341
0.03453964415270341
0.03453532561755054
0.03453100708239766
0.03453100708239766
0.03452668854724478
0.03452668854724478
0.03452237001209191
0.03451805147693903
0.03451805147693903
0.03451373294178615
0.03450941440663328
0.0345050958714804
0.03449645880117465
0.03449214026602177
0.03449214026602177
0.03448350319571602
0.03447918466056314
0.034474866125410265
0.03447054759025739
0.03446622905510452
0.034461910519951636
0.03445759198479876
0.03445327344964589
0.03444895491449301
0.03444463637934013
0.03444031784418726
0.03443599930903438
0.03443599930903438
0.03443599930903438
0.03443168077388151
0.03443168077388151
0.03443168077388151
0.03442736223872863
0.03442736223872863
0.03442736223872863
0.03442736223872863
0.03442736223872863
0.034423043703575754
0.034423043703575754
0.034423043703575754
0.034423043703575754
0.034423043703575754
0.034423043703575754
0.03441872516842288
0.03441872516842288
0.03441872516842288
0.034423043703575754
0.03441872516842288
0.03441872516842288
0.03441872516842288
0.03441872516842288
0.03441872516842288
0.03441872516842288
0.03441872516842288
0.034423043703575754
0.034423043703575754
0.03441872516842288
0.034423043703575754
0.034423043703575754
0.034423043703575754
0.034423043703575754
0.034423043703575754
0.034423043703575754
0.034423043703575754
0.03442736223872863
0.03442736223872863
0.03442736223872863
0.03442736223872863
0.03442736223872863
0.03442736223872863
0.03442736223872863
0.03443168077388151
0.03442736223872863
0.03443168077388151
0.03443168077388151
0.03443168077388151
0.03443168077388151
0.03443599930903438
0.03443599930903438
0.03443599930903438
0.03443599930903438
0.03443599930903438
0.03444031784418726
0.03444031784418726
0.03444031784418726
0.03444031784418726
0.03444463637934013
0.03473397823458284
0.03476420798065297
0.034790119191570226
0.03482034893764036
0.03485057868371049
0.03488080842978062
0.03490671964069788
0.03493263085161514
0.0349585420625324
0.03498877180860253
0.035014683019519786
0.035040594230437046
0.0350665054413543
0.03509241665227156
0.03511832786318881
0.03513992053895319
0.03516583174987045
0.03518742442563483
0.03520901710139921
0.03523492831231647
0.035256520988080846
0.03527811366384523
0.03529970633960961
0.03531698048022112
0.035338573155985493
0.03535584729659701
0.035373121437208506
0.03539471411297288
0.035411988253584395
0.035429262394195894
0.035442217999654524
0.03545949214026603
0.03547244774572466
0.03548108481603041
0.03549404042148904
0.03549835895664191
0.03551131456210054
0.03551995163240629
0.03552858870271205
0.03553290723786492
0.03554154430817068
0.03554586284332355
0.03555449991362931
0.03555449991362931
0.03555881844878218
0.03556313698393506
0.03556745551908793
0.03556745551908793
0.03557177405424081
0.03557177405424081
0.03557177405424081
0.03557177405424081
0.03557177405424081
0.03557177405424081
0.03557177405424081
0.03556745551908793
0.03556745551908793
0.03556313698393506
0.03555881844878218
0.03555881844878218
0.03555449991362931
0.03555018137847643
0.03554586284332355
0.03554154430817068
0.03553290723786492
0.03552858870271205
0.03551995163240629
0.03551563309725342
0.03551131456210054
0.03550699602694767
0.03549835895664191
0.03548972188633616
0.03548108481603041
0.03547676628087753
0.03546812921057178
0.03545949214026603
0.03545085506996027
0.0354465365348074
0.03543358092934877
0.035424943859043025
0.035416306788737265
0.03540766971843151
0.035399032648125765
0.03539039557782001
0.03538175850751425
0.035368802902055636
0.03536448436690275
0.03535152876144412
0.03534289169113838
0.03533425462083262
0.035325617550526864
0.035312661945068234
0.03530402487476249
0.035295387804456735
0.03528675073415099
0.03527811366384523
0.035269476593539476
0.03526083952323373
0.03525220245292797
0.035243565382622216
0.03523492831231647
0.03522197270685784
0.03521765417170497
0.03520901710139921
0.03519606149594058
0.03519174296078771
0.03518310589048195
0.0351744688201762
0.035148557609258946
0.03512696493349456
0.035101053722577304
0.03507514251166005
0.035053549835895675
0.035027638624978416
0.03500172741406116
0.034980134738296774
0.0349585420625324
0.034936949386768015
0.03491535671100363
0.03488944550008638
0.034872171359474874
0.03485057868371049
0.034828986007946115
0.03480739333218173
0.03478580065641735
0.03476852651580584
0.034751252375194344
0.034729659699429954
0.034712385558818455
0.03469511141820695
0.03467783727759545
0.034660563136983936
0.03464328899637244
0.03462601485576093
0.0346130592503023
0.0345957851096908
0.03458282950423217
0.03456555536362066
0.03455259975816204
0.03453964415270341
0.03452668854724478
0.03451373294178615
0.0345050958714804
0.03450941440663328
0.03453100708239766
0.03456123682846779
0.03459146657453792
0.03462169632060806
0.03465192606667819
0.034682155812748326
0.034712385558818455
0.034742615304888584
0.03477284505095872
0.03480739333218173
0.03484194161340474
0.034872171359474874
0.03490671964069788
0.03494126792192089
0.0349758162031439
0.03501036448436691
0.035044912765589915
0.03507946104681293
0.03511832786318881
0.03515287614441182
0.03518742442563483
0.03522629124201072
0.0352651580583866
0.03528675073415099
0.03529970633960961
0.035312661945068234
0.035325617550526864
0.03533425462083262
0.03535152876144412
0.03536448436690275
0.03537743997236138
0.03539039557782001
0.035403351183278635
0.035416306788737265
0.035429262394195894
0.0354465365348074
0.03545949214026603
0.03547244774572466
0.03548972188633616
0.03550699602694767
0.03551995163240629
0.03554154430817068
0.03555449991362931
0.03557609258939368
0.03559336673000519
0.035610640870616696
0.035627915011228195
0.035653826222145454
0.03570564864397997
0.03576178960096736
0.03581793055795475
0.035865434444636385
0.03592157540162377
0.035986353428916915
0.03604249438590431
0.036102953878044575
0.03616341337018484
0.036223872862325104
0.03629296942477112
0.036357747452064264
0.03642684401451028
0.03649162204180343
0.036565037139402325
0.03663413370184834
0.03672482294005874
0.036819830713422014
0.036914838486785284
0.03700984626014856
0.03711349110381759
0.037212817412333746
0.03731214372084989
0.037415788564518916
0.03751511487303508
0.037627396787009854
0.037735360165831754
0.037839005009500784
0.03794696838832269
0.038050613231991715
0.038154258075660745
0.03826222145448265
0.0383615477629988
0.038469511141820706
0.03856883745033685
0.038672482294005876
0.038767490067369154
0.03886681637588531
0.03895750561409571
0.039056831922611855
0.0391388840905165
0.0392295733287269
0.039307306961478675
0.03938935912938332
0.03945845569182934
0.03952755225427536
0.039596648816721376
0.039652789773708765
0.03970029366039041
0.03975211608222491
0.039799619968906554
0.03982984971497669
0.03986007946104682
0.039877353601658325
0.039799619968906554
0.03969597512523752
0.0395923302815685
0.03947572983244084
0.03936344791846606
0.03923389186387978
0.03910001727414062
0.03895750561409571
0.03881499395405079
0.038672482294005876
0.038512696493349464
0.038352910692693046
0.038197443427189504
0.03803333909138021
0.03786491622041804
0.03769649334945587
0.03752375194334082
0.03734237346692003
0.037165313525652104
0.036988253584384186
0.036819830713422014
0.03664708930730697
0.03648730350665055
0.03631888063568838
0.03616341337018484
0.036012264639834174
0.035865434444636385
0.035731559854897225
0.03572292278459147
0.03572724131974435
0.03572724131974435
0.035744515460355855
0.03576178960096736
0.03580065641734324
0.03583088616341338
0.035865434444636385
0.0359172568664709
0.035969079288305415
0.03602090171013993
0.03608136120228019
0.03615045776472621
0.03621523579201936
0.036288650889618246
0.036366384522370024
0.03644843669027467
0.03653480739333219
0.03662117809638971
0.036711867334600114
0.03680255657281051
0.03689324581102091
0.03698393504923131
0.03707894282259458
0.03717826913111073
0.03727327690447401
0.03736828467783729
0.03746329245120056
0.037558300224563836
0.03766194506823286
0.03775263430644326
0.03784332354465366
0.03794264985316981
0.03802902055622734
0.038115391259284856
0.038206080497495264
0.03828381413024703
0.038370184833304545
0.038443599930903447
0.038473829676973575
0.038512696493349464
0.03853860770426672
0.03857315598548973
0.03861202280186562
0.03862497840732424
0.0386508896182415
0.03865520815339438
0.038672482294005876
0.038672482294005876
0.03868975643461738
0.03870703057522889
0.038698393504923136
0.03870271204007601
0.038698393504923136
0.03868975643461738
0.038685437899464506
0.038681119364311636
0.03866384522370012
0.038646571083088624
0.03864225254793575
0.03862497840732424
0.03859906719640699
0.03857315598548973
0.03855588184487822
0.03852997063396097
0.03850837795819658
0.038469511141820706
0.03843928139575056
0.03841337018483331
0.038383140438763175
0.038352910692693046
0.03831836241147004
0.03828381413024703
0.03824926584902402
0.038197443427189504
0.03816289514596649
0.038124028329590616
0.038080842978061843
0.03804197616168597
0.037998790810157196
0.03796424252893419
0.037916738642252555
0.03787355329072379
0.03783468647434791
0.037787182587666265
0.03774399723613751
0.03769649334945587
0.03764898946277423
0.03760580411124547
0.037558300224563836
0.037510796337882193
0.03746329245120056
0.037415788564518916
0.03737260321299016
0.03732509932630852
0.03727759543962688
0.037230091552945245
0.03718258766626362
0.037135083779581975
0.03709189842805321
0.037044394541371574
0.03699689065468993
0.03695802383831405
0.03690620141647954
0.036867334600103656
0.036819830713422014
0.03677664536189325
0.03673346001036449
0.03669027465883573
0.03664708930730697
0.03660390395577821
0.03657799274486095
0.03653480739333219
0.03649594057695631
0.03645275522542754
0.03641388840905166
0.03637502159267577
0.03633615477629988
0.036297287959924006
0.036275695284159616
0.03626705821385386
0.03626273967870099
0.03625842114354812
0.036249784073242364
0.036249784073242364
0.03624546553808949
0.03624114700293661
0.03624114700293661
0.036223872862325104
0.03622819139747799
0.03622819139747799
0.03622819139747799
0.03623250993263086
0.036236828467783734
0.03624114700293661
0.03622819139747799
0.036236828467783734
0.03624546553808949
0.03625410260839523
0.03625842114354812
0.03626705821385386
0.03626273967870099
0.036275695284159616