0.0
0.074
0.146
0.217
0.285
0.352
0.416
0.479
0.54
0.6
0.641
0.681
0.719
0.756
0.791
0.824
0.857
0.888
0.918
0.946
0.974
1.0
1.009
1.016
1.022
1.027
1.031
1.033
1.034
1.034
1.032
1.029
1.024
1.018
1.01
1.0
0.97
0.939
0.907
0.873
0.838
0.802
0.765
0.727
0.689
0.65
0.611
0.572
0.532
0.493
0.454
0.416
0.377
0.34
0.304
0.268
0.233
0.2
0.193
0.187
0.183
0.179
0.177
0.176
0.177
0.178
0.181
0.185
0.189
0.195
0.202
0.209
0.218
0.227
0.237
0.248
0.26
0.273
0.286
0.3
0.314
0.329
0.345
0.361
0.378
0.395
0.413
0.431
0.45
0.468
0.488
0.507
0.527
0.546
0.566
0.587
0.607
0.627
0.648
0.668
0.688
0.709
0.729
0.749
0.769
0.789
0.809
0.828
0.847
0.866
0.884
0.902
0.92
0.937
0.953
0.969
0.985
1.0
1.006
1.012
1.017
1.022
1.026
1.029
1.032
1.035
1.036
1.038
1.039
1.039
1.039
1.039
1.038
1.037
1.035
1.033
1.03
1.027
1.024
1.021
1.017
1.012
1.008
1.003
0.998
0.993
0.987
0.981
0.975
0.969
0.963
0.956
0.949
0.942
0.935
0.928
0.921
0.913
0.906
0.898
0.891
0.883
0.875
0.868
0.86
0.853
0.846
0.838
0.831
0.824
0.816
0.809
0.801
0.794
0.787
0.779
0.772
0.765
0.757
0.75
0.743
0.735
0.728
0.721
0.714
0.707
0.7
0.693
0.686
0.679
0.672
0.665
0.658
0.652
0.645
0.638
0.632
0.625
0.619
0.613
0.607
0.601
0.595
0.589
0.583
0.577
0.571
0.566
0.561
0.555
0.55
0.545
0.54
0.535
0.53
0.526
0.521
0.517
0.513
0.509
0.505
0.501
0.498
0.494
0.491
0.488
0.485
0.482
0.479
0.477
0.475
0.473
0.471
0.469
0.467
0.466
0.465
0.464
0.463
0.462
0.462
0.462
0.462
0.462
0.462
0.463
0.464
0.465
0.466
0.468
0.469
0.471
0.474
0.476
0.479
0.482
0.485
0.489
0.492
0.496
0.501
0.505
0.51
0.515
0.52
0.526
0.532
0.538
0.545
0.551
0.558
0.566
0.573
0.581
0.589
0.598
0.607
0.616
0.626
0.635
0.645
0.656
0.667
0.683
0.7
0.716
0.733
0.751
0.768
0.785
0.802
0.819
0.836
0.852
0.868
0.884
0.9
0.915
0.929
0.943
0.956
0.969
0.981
0.992
1.002
1.011
1.019
1.027
1.033
1.038
1.041
1.044
1.045
1.045
1.043
1.04
1.035
1.029
1.021
1.011
1.0
0.979
0.956
0.931
0.905
0.878
0.848
0.818
0.786
0.753
0.719
0.683
0.647
0.61
0.571
0.532
0.493
0.452
0.412
0.37
0.328
0.286
0.244
0.201
0.159
0.116
0.073
0.031
-0.012
-0.054
-0.095
-0.137
-0.178
-0.218
-0.258
-0.297
-0.335
-0.372
-0.409
-0.444
-0.479
-0.512
-0.544
-0.575
-0.604
-0.632
-0.658
-0.683
-0.706
-0.727
-0.746
-0.764
-0.78
-0.793
-0.804
-0.814
-0.821
-0.825
-0.827
-0.827
-0.824
-0.818
-0.81
-0.799
-0.785
-0.768
-0.748
-0.725
-0.699
-0.67
-0.637
-0.601
-0.561
-0.518
-0.471
-0.421
-0.366
-0.308
-0.246
-0.18
-0.11
-0.036
0.043
0.125
0.212
0.304
0.4
0.603
0.8
0.885
0.955
1.013
1.059
1.093
1.116
1.13
1.135
1.132
1.122
1.105
1.083
1.056
1.024
0.99
0.953
0.915
0.876
0.838
0.8
0.763
0.727
0.693
0.661
0.631
0.602
0.574
0.549
0.524
0.502
0.48
0.46
0.442
0.425
0.409
0.395
0.381
0.369
0.359
0.349
0.341
0.333
0.327
0.322
0.318
0.314
0.312
0.311
0.31
0.311
0.312
0.314
0.317
0.32
0.325
0.33
0.335
0.341
0.348
0.355
0.363
0.371
0.38
0.389
0.399
0.409
0.419
0.43
0.44
0.451
0.462
0.474
0.485
0.497
0.509
0.52
0.532
0.544
0.555
0.567
0.578
0.59
0.601
0.612
0.622
0.633
0.643
0.662
0.68
0.698
0.716
0.734
0.751
0.768
0.784
0.8
0.816
0.831
0.846
0.861
0.875
0.889
0.903
0.916
0.929
0.933
0.937
0.94
0.944
0.947
0.949
0.951
0.953
0.955
0.957
0.958
0.959
0.959
0.96
0.96
0.96
0.96
0.959
0.959
0.958
0.957
0.956
0.955
0.953
0.952
0.95
0.949
0.947
0.945
0.943
0.941
0.939
0.937
0.935
0.933
0.931
0.929
0.928
0.926
0.924
0.922
0.92
0.918
0.917
0.915
0.914
0.913
0.912
0.911
0.91
0.909
0.91
0.911
0.912
0.913
0.914
0.916
0.918
0.919
0.921
0.923
0.925
0.928
0.93
0.932
0.935
0.937
0.94
0.942
0.945
0.947
0.95
0.953
0.956
0.958
0.961
0.964
0.966
0.969
0.972
0.974
0.977
0.979
0.981
0.984
0.986
0.988
0.99
0.992
0.994
0.996
0.997
0.999
1.0
1.0
1.0
1.0
1.0
0.999
0.999
0.999
0.998
0.998
0.997
0.997
0.996
0.996
0.996
0.996
0.996
0.996
0.996
0.996
0.997
0.998
0.999
1.0
0.99
0.98
0.967
0.952
0.933
0.91
0.88
0.844
0.8
0.745
0.683
0.618
0.551
0.487
0.426
0.372
0.328
0.295
0.277
0.275
0.294
0.334
0.4
0.6
0.694
0.775
0.844
0.901
0.948
0.985
1.011
1.029
1.038
1.039
1.033
1.02
1.001
0.976
0.947
0.912
0.874
0.833
0.789
0.742
0.695
0.646
0.597
0.548
0.5
0.453
0.408
0.366
0.327
0.291
0.26
0.234
0.213
0.198
0.19
0.189
0.196
0.211
0.235
0.269
0.312
0.367
0.433
0.51
0.6
0.8
0.9
0.996
1.087
1.174
1.258
1.337
1.412
1.484
1.552
1.616
1.677
1.734
1.787
1.837
1.884
1.927
1.967
2.004
2.038
2.069
2.097
2.122
2.145
2.164
2.181
2.195
2.207
2.216
2.223
2.227
2.229
2.229
2.227
2.222
2.216
2.208
2.198
2.186
2.172
2.157
2.14
2.121
2.101
2.08
2.057
2.033
2.008
1.981
1.954
1.926
1.896
1.866
1.835
1.803
1.771
1.738
1.705
1.671
1.636
1.602
1.567
1.532
1.497
1.461
1.426
1.391
1.356
1.321
1.287
1.252
1.219
1.185
1.153
1.121
1.089
1.059
1.029
1.0
0.971
0.942
0.915
0.889
0.863
0.839
0.815
0.792
0.77
0.749
0.729
0.709
0.691
0.673
0.656
0.64
0.624
0.609
0.595
0.582
0.57
0.558
0.547
0.537
0.527
0.518
0.51
0.502
0.495
0.488
0.483
0.477
0.473
0.469
0.465
0.462
0.46
0.458
0.457
0.456
0.455
0.455
0.456
0.457
0.459
0.461
0.463
0.466
0.469
0.473
0.476
0.481
0.485
0.491
0.496
0.502
0.508
0.514
0.52
0.527
0.534
0.542
0.549
0.557
0.565
0.573
0.582
0.59
0.599
0.608
0.617
0.627
0.636
0.645
0.655
0.665
0.674
0.684
0.694
0.704
0.714
0.724
0.734
0.744
0.753
0.763
0.773
0.783
0.793
0.802
0.812
0.821
0.831
0.84
0.849
0.858
0.867
0.876
0.884
0.892
0.9
0.908
0.916
0.923
0.931
0.937
0.944
0.95
0.956
0.962
0.968
0.973
0.977
0.982
0.986
0.989
0.993
0.996
0.998
1.0
0.997
0.994
0.99
0.986
0.981
0.976
0.971
0.965
0.958
0.951
0.944
0.936
0.928
0.919
0.91
0.901
0.891
0.88
0.869
0.858
0.846
0.834
0.821
0.808
0.794
0.78
0.765
0.75
0.722
0.694
0.665
0.635
0.605
0.574
0.542
0.509
0.476
0.441
0.405
0.368
0.33
0.291
0.25
0.23
0.209
0.187
0.164
0.141
0.116
0.092
0.066
0.041
0.016
-0.009
-0.033
-0.057
-0.081
-0.103
-0.125
-0.146
-0.165
-0.183
-0.199
-0.214
-0.227
-0.238
-0.246
-0.253
-0.256
-0.257
-0.256
-0.251
-0.243
-0.232
-0.218
-0.2
-0.178
-0.153
-0.123
-0.089
-0.051
-0.009
0.039
0.091
0.148
0.21
0.277
0.35
0.428
0.512
0.602
0.698
0.8
1.0
1.09
1.169
1.237
1.296
1.346
1.386
1.418
1.443
1.46
1.47
1.473
1.471
1.463
1.449
1.432
1.41
1.385
1.356
1.325
1.291
1.256
1.22
1.182
1.145
1.107
1.071
1.035
1.001
0.969
0.94
0.913
0.89
0.872
0.857
0.849
0.845
0.845
0.848
0.853
0.861
0.87
0.879
0.889
0.898
0.906
0.913
0.917
0.918
0.916
0.91
0.899
0.883
0.862
0.833
0.787
0.735
0.679
0.621
0.562
0.503
0.446
0.394
0.346
0.305
0.272
0.249
0.237
0.238
0.253
0.284
0.333
0.4
0.597
0.8
0.897
0.986
1.067
1.14
1.205
1.264
1.315
1.359
1.397
1.428
1.454
1.474
1.489
1.498
1.503
1.503
1.499
1.491
1.48
1.465
1.447
1.426
1.402
1.376
1.348
1.319
1.288
1.256
1.223
1.189
1.155
1.121
1.087
1.053
1.021
0.989
0.959
0.93
0.904
0.879
0.857
0.835
0.816
0.799
0.785
0.772
0.762
0.753
0.747
0.741
0.738
0.735
0.734
0.734
0.735
0.736
0.738
0.741
0.743
0.746
0.749
0.752
0.755
0.757
0.759
0.76
0.76
0.759
0.758
0.754
0.75
0.734
0.717
0.698
0.679
0.658
0.636
0.613
0.59
0.566
0.541
0.516
0.49
0.464
0.438
0.412
0.386
0.361
0.335
0.31
0.286
0.277
0.269
0.262
0.255
0.248
0.243
0.238
0.233
0.229
0.225
0.222
0.22
0.218
0.216
0.216
0.215
0.215
0.216
0.216
0.218
0.22
0.222
0.225
0.228
0.231
0.235
0.239
0.244
0.249
0.254
0.26
0.266
0.273
0.28
0.287
0.294
0.302
0.31
0.318
0.327
0.335
0.345
0.354
0.363
0.373
0.383
0.394
0.404
0.415
0.426
0.437
0.448
0.459
0.471
0.482
0.494
0.506
0.518
0.53
0.543
0.555
0.567
0.58
0.593
0.605
0.618
0.631
0.644
0.656
0.669
0.682
0.695
0.708
0.721
0.733
0.746
0.759
0.771
0.784
0.797
0.809
0.821
0.834
0.846
0.858
0.87
0.881
0.893
0.905
0.916
0.927
0.938
0.949
0.96
0.97
0.98
0.99
1.0
1.006
1.012
1.017
1.022
1.027
1.031
1.035
1.039
1.043
1.046
1.048
1.05
1.052
1.054
1.054
1.055
1.055
1.054
1.053
1.051
1.049
1.046
1.042
1.038
1.034
1.028
1.022
1.016
1.008
1.0
0.98
0.96
0.939
0.918
0.896
0.873
0.851
0.827
0.804
0.78
0.756
0.732
0.707
0.683
0.659
0.634
0.61
0.586
0.562
0.539
0.515
0.492
0.47
0.448
0.426
0.405
0.385
0.365
0.346
0.328
0.31
0.294
0.278
0.264
0.25
0.256
0.264
0.272
0.282
0.292
0.303
0.315
0.328
0.342
0.356
0.371
0.387
0.403
0.419
0.437
0.454
0.472
0.491
0.51
0.529
0.548
0.568
0.587
0.607
0.627
0.647
0.667
0.687
0.707
0.726
0.746
0.765
0.784
0.803
0.821
0.84
0.857
0.866
0.874
0.882
0.889
0.896
0.902
0.908
0.914
0.919
0.924
0.928
0.932
0.936
0.94
0.943
0.945
0.948
0.95
0.951
0.953
0.954
0.955
0.955
0.956
0.956
0.955
0.955
0.954
0.953
0.952
0.951
0.949
0.948
0.946
0.943
0.941
0.939
0.936
0.933
0.93
0.927
0.924
0.921
0.918
0.914
0.911
0.907
0.903
0.899
0.896
0.892
0.888
0.884
0.88
0.876
0.872
0.868
0.864
0.86
0.856
0.852
0.849
0.845
0.841
0.837
0.834
0.83
0.827
0.824
0.82
0.817
0.814
0.812
0.809
0.807
0.804
0.802
0.8
0.798
0.796
0.794
0.793
0.791
0.79
0.789
0.788
0.787
0.786
0.785
0.784
0.783
0.783
0.782
0.782
0.781
0.78
0.78
0.779
0.779
0.778
0.777
0.776
0.776
0.775
0.774
0.772
0.771
0.77
0.768
0.767
0.765
0.763
0.761
0.758
0.756
0.753
0.75
0.745
0.74
0.735
0.73
0.724
0.719
0.713
0.707
0.702
0.696
0.69
0.684
0.678
0.672
0.667
0.661
0.656
0.65
0.645
0.64
0.635
0.63
0.626
0.622
0.618
0.614
0.611
0.608
0.606
0.604
0.602
0.601
0.6
0.6
0.6
0.602
0.605
0.609
0.612
0.616
0.621
0.625
0.63
0.634
0.639
0.644
0.648
0.653
0.657
0.661
0.665
0.668
0.671
0.673
0.675
0.676
0.677
0.677
0.676
0.674
0.672
0.668
0.664
0.659
0.652
0.644
0.636
0.626
0.614
0.601
0.587
0.571
0.54
0.507
0.473
0.439
0.405
0.37
0.337
0.304
0.272
0.242
0.213
0.187
0.163
0.143
0.125
0.143
0.165
0.189
0.216
0.246
0.278
0.313
0.349
0.386
0.425
0.465
0.506
0.547
0.589
0.631
0.673
0.714
0.754
0.794
0.833
0.87
0.906
0.939
0.971
1.0
1.009
1.016
1.02
1.023
1.023
1.021
1.018
1.013
1.007
1.0
0.977
0.954
0.929
0.903
0.877
0.85
0.822
0.794
0.765
0.736
0.706
0.676
0.646
0.615
0.584
0.553
0.522
0.491
0.46
0.429
0.398
0.368
0.338
0.308
0.279
0.25
0.236
0.223
0.21
0.198
0.186
0.175
0.164
0.154
0.144
0.135
0.126
0.118
0.11
0.102
0.095
0.089
0.083
0.077
0.072
0.067
0.062
0.058
0.055
0.051
0.048
0.046
0.043
0.042
0.04
0.039
0.038
0.037
0.037
0.037
0.037
0.038
0.039
0.04
0.041
0.043
0.045
0.047
0.049
0.052
0.055
0.058
0.061
0.064
0.068
0.071
0.075
0.079
0.084
0.088
0.093
0.097
0.102
0.107
0.112
0.117
0.122
0.128
0.133
0.138
0.144
0.149
0.155
0.161
0.166
0.172
0.178
0.183
0.189
0.195
0.201
0.206
0.212
0.217
0.223
0.229
0.234
0.239
0.245
0.25
0.259
0.268
0.277
0.286
0.295
0.304
0.313
0.322
0.33
0.339
0.347
0.356
0.364
0.373
0.381
0.389
0.397
0.405
0.413
0.421
0.429
0.437
0.445
0.453
0.461
0.469
0.477
0.485
0.493
0.5
0.508
0.516
0.524
0.531
0.539
0.547
0.555
0.563
0.57
0.578
0.586
0.594
0.602
0.61
0.618
0.626
0.633
0.642
0.65
0.658
0.666
0.674
0.682
0.69
0.699
0.707
0.716
0.724
0.733
0.741
0.75
0.761
0.771
0.782
0.793
0.804
0.815
0.826
0.838
0.849
0.861
0.872
0.884
0.896
0.909
0.921
0.934
0.947
0.96
0.973
0.986
1.0
1.006
1.013
1.019
1.025
1.032
1.038
1.043
1.049
1.053
1.057
1.061
1.064
1.065
1.066
1.066
1.065
1.062
1.058
1.053
1.046
1.037
1.027
1.015
1.001
0.985
0.967
0.947
0.925
0.9
0.846
0.791
0.733
0.675
0.617
0.558
0.5
0.443
0.387
0.333
0.314
0.297
0.283
0.271
0.26
0.252
0.246
0.242
0.239
0.239
0.24
0.242
0.246
0.252
0.259
0.267
0.276
0.286
0.298
0.31
0.323
0.338
0.352
0.368
0.384
0.4
0.417
0.435
0.452
0.47
0.488
0.506
0.524
0.541
0.559
0.576
0.593
0.609
0.625
0.64
0.655
0.669
0.682
0.694
0.705
0.715
0.724
0.732
0.739
0.744
0.747
0.749
0.75
0.743
0.735
0.726
0.715
0.703
0.689
0.675
0.659
0.643
0.626
0.609
0.591
0.572
0.553
0.534
0.515
0.496
0.477
0.458
0.44
0.422
0.404
0.387
0.371
0.356
0.342
0.328
0.316
0.305
0.296
0.288
0.281
0.277
0.274
0.273
0.274
0.277
0.282
0.29
0.3
0.312
0.327
0.345
0.366
0.39
0.417
0.446
0.48
0.516
0.556
0.6
0.699
0.799
0.9
1.0
1.042
1.081
1.118
1.152
1.183
1.212
1.238
1.262
1.283
1.302
1.319
1.333
1.345
1.355
1.363
1.369
1.372
1.374
1.374
1.371
1.367
1.362
1.354
1.345
1.334
1.321
1.307
1.292
1.275
1.256
1.236
1.215
1.193
1.169
1.144
1.119
1.092
1.063
1.034
1.005
0.974
0.942
0.91
0.876
0.843
0.808
0.773
0.737
0.701
0.665
0.628
0.59
0.553
0.515
0.477
0.438
0.4
0.36
0.32
0.28
0.242
0.205
0.17
0.137
0.107
0.079
0.054
0.033
0.016
0.004
-0.004
-0.008
-0.005
0.003
0.017
0.038
0.065
0.1
0.199
0.3
0.354
0.406
0.456
0.505
0.551
0.597
0.64
0.682
0.722
0.76
0.797
0.833
0.867
0.899
0.93
0.96
0.988
1.015
1.04
1.065
1.087
1.109
1.129
1.148
1.166
1.183
1.198
1.213
1.226
1.238
1.25
1.26
1.269
1.277
1.284
1.291
1.296
1.301
1.305
1.308
1.31
1.311
1.312
1.312
1.312
1.31
1.308
1.306
1.303
1.299
1.295
1.29
1.285
1.279
1.273
1.267
1.26
1.253
1.246
1.238
1.23
1.222
1.214
1.205
1.196
1.187
1.178
1.169
1.16
1.151
1.142
1.133
1.124
1.115
1.106
1.097
1.088
1.08
1.072
1.064
1.056
1.049
1.042
1.035
1.028
1.022
1.017
1.011
1.007
1.003
0.999
0.996
0.993
0.991
0.99
0.989
0.989
0.99
0.991
0.993
0.996
1.0
1.001
1.003
1.006
1.009
1.013
1.017
1.022
1.027
1.033
1.039
1.045
1.051
1.058
1.064
1.071
1.077
1.083
1.089
1.095
1.1
1.106
1.11
1.114
1.118
1.121
1.123
1.125
1.126
1.125
1.124
1.122
1.119
1.115
1.11
1.103
1.096
1.087
1.076
1.064
1.05
1.035
1.018
1.0
0.971
0.94
0.907
0.874
0.841
0.807
0.772
0.738
0.705
0.672
0.64
0.61
0.581
0.554
0.529
0.507
0.487
0.47
0.457
0.447
0.441
0.439
0.441
0.448
0.46
0.477
0.5
0.579
0.662
0.747
0.833
0.878
0.922
0.964
1.005
1.045
1.084
1.12
1.156
1.19
1.222
1.253
1.283
1.311
1.337
1.361
1.384
1.406
1.425
1.443
1.458
1.472
1.485
1.495
1.503
1.51
1.514
1.516
1.517
1.515
1.511
1.505
1.497
1.487
1.474
1.46
1.443
1.423
1.402
1.378
1.351
1.322
1.291
1.257
1.221
1.182
1.14
1.096
1.049
1.0
0.918
0.834
0.751
0.669
0.59
0.516
0.448
0.388
0.336
0.296
0.267
0.251
0.25
0.356
0.474
0.602
0.734
0.868
1.0
1.064
1.122
1.174
1.221
1.263
1.3
1.332
1.359
1.382
1.401
1.416
1.427
1.435
1.439
1.44
1.438
1.433
1.426
1.416
1.404
1.39
1.375
1.358
1.339
1.319
1.299
1.278
1.256
1.233
1.211
1.189
1.167
1.145
1.124
1.104
1.085
1.068
1.052
1.037
1.024
1.014
1.006
1.0
0.997
0.996
0.996
0.998
1.0
1.002
1.004
1.005
1.003
1.0
0.983
0.964
0.942
0.92
0.896
0.872
0.847
0.823
0.8
0.789
0.78
0.772
0.765
0.759
0.753
0.749
0.746
0.744
0.743
0.743
0.743
0.745
0.747
0.751
0.755
0.759
0.765
0.771
0.778
0.786
0.794
0.803
0.813
0.823
0.833
0.847
0.86
0.874
0.888
0.903
0.917
0.931
0.946
0.96
0.973
0.987
0.999
1.012
1.023
1.034
1.044
1.052
1.06
1.066
1.072
1.076
1.078
1.079
1.078
1.075
1.071
1.064
1.056
1.045
1.033
1.018
1.0
0.957
0.913
0.868
0.823
0.779
0.736
0.696
0.66
0.627
0.6
0.615
0.635
0.66
0.689
0.722
0.757
0.795
0.835
0.876
0.917
0.959
1.0
1.022
1.042
1.062
1.08
1.098
1.114
1.129
1.143
1.155
1.167
1.177
1.187
1.195
1.202
1.208
1.212
1.216
1.218
1.219
1.219
1.218
1.216
1.212
1.207
1.201
1.194
1.186
1.176
1.165
1.153
1.14
1.126
1.11
1.093
1.075
1.056
1.035
1.014
0.991
0.967
0.941
0.914
0.886
0.857
0.806
0.755
0.704
0.656
0.61
0.568
0.531
0.5
0.519
0.544
0.574
0.61
0.65
0.694
0.741
0.79
0.841
0.894
0.947
1.0
1.032
1.062
1.093
1.122
1.151
1.179
1.206
1.233
1.259
1.284
1.308
1.332
1.355
1.377
1.398
1.419
1.439
1.458
1.477
1.494
1.511
1.527
1.542
1.557
1.571
1.584
1.596
1.607
1.618
1.627
1.636
1.645
1.652
1.658
1.664
1.669
1.673
1.676
1.678
1.68
1.68
1.68
1.679
1.677
1.674
1.67
1.666
1.66
1.654
1.647
1.639
1.63
1.62
1.609
1.597
1.585
1.571
1.557
1.541
1.525
1.508
1.49
1.471
1.451
1.43
1.408
1.385
1.361
1.337
1.311
1.284
1.257
1.228
1.198
1.168
1.136
1.104
1.07
1.036
1.0
0.958
0.916
0.872
0.828
0.783
0.738
0.692
0.646
0.599
0.553
0.506
0.459
0.413
0.366
0.32
0.274
0.229
0.184
0.14
0.097
0.055
0.013
-0.027
-0.067
-0.105
-0.142
-0.177
-0.211
-0.244
-0.274
-0.303
-0.33
-0.356
-0.379
-0.4
-0.418
-0.435
-0.449
-0.46
-0.469
-0.476
-0.479
-0.48
-0.477
-0.472
-0.464
-0.452
-0.437
-0.418
-0.396
-0.37
-0.341
-0.308
-0.271
-0.23
-0.185
-0.136
-0.082
-0.024
0.038
0.105
0.176
0.252
0.333
0.471
0.606
0.732
0.841
0.927
0.983
1.0
0.847
0.672
0.5
0.454
0.431
0.43
0.448
0.483
0.532
0.594
0.665
0.743
0.827
0.913
1.0
1.064
1.127
1.188
1.246
1.303
1.358
1.412
1.463
1.513
1.561
1.607
1.651
1.694
1.735
1.774
1.811
1.847
1.881
1.914
1.944
1.973
2.001
2.027
2.051
2.074
2.095
2.115
2.133
2.15
2.165
2.179
2.191
2.202
2.211
2.219
2.225
2.23
2.234
2.236
2.237
2.237
2.235
2.232
2.227
2.222
2.215
2.206
2.197
2.186
2.174
2.161
2.147
2.131
2.114
2.096
2.077
2.057
2.036
2.014
1.99
1.966
1.94
1.914
1.886
1.857
1.828
1.797
1.766
1.733
1.7
1.665
1.63
1.594
1.557
1.519
1.48
1.44
1.4
1.358
1.316
1.273
1.23
1.185
1.14
1.094
1.047
1.0
0.941
0.882
0.823
0.766
0.711
0.659
0.611
0.567
0.528
0.495
0.468
0.448
0.437
0.433
0.44
0.456
0.483
0.521
0.571
0.714
0.787
0.853
0.914
0.97
1.021
1.067
1.108
1.144
1.176
1.204
1.227
1.247
1.263
1.276
1.285
1.292
1.295
1.295
1.293
1.289
1.283
1.274
1.264
1.252
1.238
1.223
1.207
1.191
1.173
1.155
1.137
1.118
1.1
1.082
1.064
1.047
1.03
1.014
1.0
0.979
0.959
0.941
0.924
0.908
0.894
0.881
0.869
0.859
0.85
0.842
0.836
0.831
0.827
0.825
0.824
0.824
0.826
0.829
0.833
0.849
0.866
0.884
0.901
0.919
0.935
0.951
0.966
0.978
0.989
0.996
1.001
1.002
1.0
0.975
0.948
0.919
0.89
0.862
0.837
0.816
0.8
0.806
0.819
0.837
0.86
0.888
0.919
0.954
0.992
1.032
1.074
1.117
1.16
1.204
1.247
1.288
1.328
1.366
1.401
1.432
1.459
1.482
1.499
1.511
1.517
1.515
1.507
1.49
1.465
1.43
1.386
1.332
1.266
1.19
1.101
1.0
0.826
0.659
0.519
0.426
0.4
0.6
0.706
0.796
0.872
0.935
0.986
1.025
1.053
1.072
1.083
1.085
1.081
1.07
1.055
1.036
1.013
0.989
0.963
0.936
0.91
0.886
0.864
0.845
0.831
0.821
0.818
0.822
0.833
0.85
0.876
0.909
0.951
1.0
1.056
1.119
1.188
1.264
1.346
1.433
1.525
1.622
1.724
1.83
1.94
2.054
2.17
2.29
2.412
2.537
2.664
2.792
2.921
3.051
3.182
3.314
3.445
3.576
3.706
3.835
3.963
4.089
4.213
4.335
4.454
4.57
4.683
4.792
4.897
4.998
5.094
5.186
5.272
5.352
5.426
5.495
5.556
5.611
5.658
5.698
5.73
5.753
5.768
5.775
5.771
5.759
5.736
5.704
5.66
5.606
5.541
5.464
5.375
5.274
5.161
5.035
4.895
4.742
4.575
4.395
4.199
3.989
3.764
3.523
3.266
2.993
2.704
2.398
2.075
1.735
1.376
1.0
0.333
0.382
0.65
1.0
1.203
1.357
1.464
1.531
1.561
1.56
1.531
1.48
1.41
1.326
1.233
1.136
1.038
0.945
0.861
0.791
0.738
0.708
0.706
0.735
0.8
1.0
1.084
1.15
1.199
1.233
1.252
1.258
1.252
1.235
1.209
1.175
1.133
1.086
1.034
0.979
0.922
0.864
0.806
0.75
0.704
0.661
0.62
0.582
0.547
0.514
0.483
0.455
0.429
0.405
0.384
0.365
0.347
0.332
0.319
0.308
0.298
0.29
0.284
0.28
0.277
0.276
0.277
0.278
0.281
0.286
0.291
0.298
0.306
0.315
0.326
0.337
0.349
0.361
0.375
0.389
0.404
0.42
0.436
0.453
0.47
0.487
0.505
0.523
0.541
0.559
0.577
0.596
0.614
0.632
0.65
0.668
0.686
0.703
0.72
0.736
0.752
0.768
0.782
0.796
0.809
0.822
0.833
0.85
0.866
0.882
0.896
0.91
0.924
0.937
0.95
0.963
0.975
0.988
1.0
1.003
1.007
1.01
1.013
1.016
1.019
1.022
1.024
1.026
1.028
1.029
1.03
1.03
1.029
1.028
1.025
1.022
1.018
1.013
1.007
1.0
0.992
0.983
0.972
0.96
0.947
0.932
0.916
0.898
0.878
0.857
0.834
0.808
0.782
0.754
0.724
0.694
0.662
0.629
0.596
0.562
0.527
0.492
0.457
0.421
0.385
0.349
0.313
0.277
0.242
0.207
0.173
0.139
0.107
0.075
0.044
0.014
-0.014
-0.042
-0.067
-0.091
-0.114
-0.134
-0.153
-0.169
-0.184
-0.196
-0.205
-0.212
-0.217
-0.219
-0.218
-0.214
-0.206
-0.196
-0.182
-0.165
-0.145
-0.12
-0.092
-0.06
-0.024
0.016
0.061
0.109
0.163
0.22
0.283
0.35
0.423
0.5
0.667
0.747
0.82
0.885
0.944
0.996
1.042
1.081
1.115
1.144
1.167
1.185
1.199
1.208
1.213
1.214
1.211
1.206
1.197
1.185
1.171
1.155
1.137
1.117
1.096
1.074
1.05
1.027
1.003
0.979
0.955
0.932
0.909
0.888
0.868
0.85
0.833
0.817
0.803
0.791
0.781
0.772
0.765
0.76
0.756
0.754
0.753
0.753
0.755
0.757
0.76
0.764
0.769
0.774
0.78
0.786
0.793
0.799
0.806
0.813
0.82
0.827
0.833
0.839
0.844
0.849
0.854
0.857
0.856
0.854
0.852
0.848
0.844
0.84
0.834
0.829
0.822
0.815
0.808
0.801
0.793
0.785
0.776
0.768
0.759
0.75
0.741
0.732
0.723
0.714
0.708
0.702
0.696
0.691
0.685
0.68
0.675
0.67
0.665
0.661
0.657
0.653
0.649
0.646
0.643
0.64
0.638
0.636
0.634
0.633
0.632
0.631
0.631
0.631
0.632
0.633
0.635
0.637
0.64
0.643
0.647
0.651
0.656
0.661
0.667
0.683
0.7
0.717
0.735
0.753
0.772
0.791
0.81
0.83
0.849
0.869
0.889
0.902
0.914
0.927
0.939
0.952
0.964
0.975
0.986
0.997
1.007
1.016
1.025
1.033
1.039
1.045
1.05
1.054
1.056
1.058
1.058
1.056
1.053
1.049
1.042
1.035
1.025
1.013
1.0
0.969
0.936
0.901
0.866
0.829
0.792
0.754
0.717
0.68
0.643
0.607
0.572
0.538
0.506
0.475
0.447
0.422
0.399
0.379
0.362
0.349
0.339
0.334
0.333
0.373
0.417
0.463
0.513
0.563
0.615
0.667
0.719
0.769
0.817
0.862
0.904
0.941
0.973
1.0
0.986
0.966
0.942
0.915
0.886
0.856
0.826
0.798
0.772
0.75
0.747
0.748
0.754
0.764
0.778
0.795
0.816
0.841
0.869
0.899
0.933
0.968
1.007
1.047
1.089
1.133
1.178
1.225
1.273
1.322
1.371
1.421
1.471
1.522
1.572
1.622
1.671
1.719
1.767
1.813
1.859
1.902
1.944
1.984
2.021
2.057
2.089
2.119
2.146
2.17
2.19
2.207
2.22
2.229
2.234
2.234
2.23
2.221
2.207
2.187
2.163
2.132
2.096
2.054
2.005
1.95
1.888
1.82
1.744
1.661
1.571
1.473
1.367
1.253
1.131
1.0
0.752
0.521
0.333
0.36
0.437
0.546
0.667
0.747
0.822
0.89
0.952
1.009
1.06
1.106
1.146
1.182
1.213
1.24
1.262
1.28
1.294
1.305
1.311
1.315
1.315
1.313
1.307
1.299
1.289
1.276
1.261
1.245
1.227
1.207
1.187
1.165
1.142
1.119
1.095
1.071
1.047
1.024
1.0
0.971
0.942
0.914
0.886
0.86
0.833
0.808
0.783
0.759
0.736
0.713
0.692
0.671
0.651
0.632
0.614
0.597
0.581
0.566
0.552
0.539
0.527
0.517
0.507
0.499
0.492
0.486
0.482
0.479
0.477
0.476
0.477
0.48
0.483
0.489
0.496
0.504
0.514
0.525
0.539
0.553
0.57
0.588
0.608
0.63
0.653
0.679
0.706
0.735
0.766
0.799
0.833
0.875
0.917
0.961
1.006
1.05
1.095
1.138
1.181
1.222
1.26
1.297
1.33
1.36
1.386
1.407
1.424
1.436
1.441
1.441
1.434
1.42
1.399
1.369
1.331
1.285
1.229
1.163
1.087
1.0
0.801
0.598
0.4
0.319
0.249
0.191
0.143
0.106
0.078
0.06
0.05
0.048
0.053
0.066
0.085
0.109
0.139
0.173
0.212
0.254
0.3
0.347
0.397
0.448
0.5
0.553
0.605
0.656
0.706
0.754
0.8
0.843
0.882
0.917
0.947
0.972
0.992
1.005
1.011
1.01
1.001
0.984
0.957
0.921
0.875
0.779
0.677
0.575
0.478
0.391
0.319
0.269
0.244
0.25
0.406
0.58
0.75
0.801
0.832
0.845
0.841
0.822
0.79
0.748
0.696
0.638
0.575
0.508
0.44
0.374
0.309
0.25
0.223
0.203
0.189
0.18
0.177
0.178
0.184
0.195
0.209
0.227
0.248
0.273
0.3
0.329
0.361
0.394
0.428
0.464
0.5
0.537
0.574
0.61
0.646
0.681
0.715
0.748
0.778
0.806
0.832
0.855
0.875
0.872
0.865
0.856
0.844
0.829
0.812
0.793
0.773
0.751
0.728
0.704
0.679
0.654
0.629
0.604
0.58
0.556
0.533
0.511
0.49
0.471
0.455
0.466
0.481
0.497
0.517
0.539
0.563
0.591
0.622
0.657
0.694
0.736
0.781
0.829
0.882
0.939
1.0
1.048
1.096
1.14
1.176
1.201
1.209
1.197
1.161
1.097
1.0
0.763
0.528
0.333
0.36
0.441
0.552
0.667
0.708
0.73
0.736
0.727
0.705
0.672
0.63
0.58
0.525
0.466
0.406
0.346
0.287
0.233
0.184
0.143
0.151
0.168
0.192
0.224
0.262
0.306
0.355
0.408
0.464
0.523
0.584
0.646
0.709
0.771
0.832
0.891
0.947
1.0
1.025
1.046
1.064
1.078
1.088
1.096
1.101
1.103
1.103
1.101
1.097
1.091
1.084
1.075
1.066
1.055
1.045
1.033
1.022
1.011
1.0
0.988
0.977
0.966
0.956
0.946
0.936
0.928
0.919
0.911
0.904
0.897
0.89
0.884
0.879
0.873
0.868
0.864
0.859
0.855
0.852
0.849
0.846
0.843
0.84
0.838
0.836
0.835
0.833
0.832
0.831
0.83
0.83
0.829
0.829
0.828
0.828
0.828
0.828
0.829
0.829
0.829
0.83
0.83
0.831
0.831
0.831
0.832
0.832
0.833
0.833
0.833
0.833
0.836
0.838
0.84
0.842
0.844
0.846
0.848
0.85
0.852
0.854
0.855
0.857
0.858
0.859
0.861
0.862
0.863
0.864
0.866
0.867
0.868
0.868
0.869
0.87
0.871
0.872
0.872
0.873
0.874
0.874
0.875
0.875
0.876
0.876
0.877
0.877
0.878
0.878
0.878
0.879
0.879
0.879
0.879
0.88
0.88
0.88
0.881
0.881
0.881
0.881
0.882
0.882
0.882
0.882
0.883
0.883
0.883
0.884
0.884
0.884
0.885
0.885
0.886
0.886
0.887
0.887
0.888
0.888
0.889
0.89
0.89
0.891
0.892
0.893
0.894
0.895
0.896
0.897
0.898
0.899
0.9
0.902
0.903
0.904
0.906
0.907
0.909
0.911
0.912
0.914
0.916
0.918
0.92
0.923
0.925
0.927
0.93
0.932
0.935
0.937
0.94
0.943
0.946
0.949
0.953
0.956
0.959
0.963
0.966
0.97
0.974
0.978
0.982
0.987
0.991
0.995
1.0
1.004
1.008
1.012
1.015
1.018
1.02
1.021
1.021
1.02
1.018
1.014
1.008
1.0
0.983
0.964
0.944
0.922
0.898
0.874
0.848
0.822
0.795
0.767
0.74
0.712
0.685
0.658
0.631
0.605
0.58
0.557
0.534
0.513
0.493
0.476
0.46
0.447
0.436
0.428
0.422
0.42
0.42
0.424
0.431
0.442
0.457
0.477
0.5
0.555
0.612
0.668
0.72
0.766
0.801
0.825
0.833
0.763
0.68
0.59
0.499
0.411
0.333
0.333
0.346
0.37
0.405
0.448
0.498
0.554
0.613
0.675
0.737
0.798
0.856
0.91
0.959
1.0
1.011
1.014
1.012
1.007
1.0
0.992
0.985
0.978
0.971
0.965
0.958
0.952
0.946
0.94
0.934
0.929
0.924
0.919
0.914
0.909
0.905
0.9
0.896
0.892
0.888
0.885
0.881
0.878
0.875
0.872
0.869
0.866
0.864
0.861
0.859
0.857
0.855
0.853
0.851
0.85
0.848
0.847
0.845
0.844
0.843
0.842
0.842
0.841
0.84
0.84
0.839
0.839
0.839
0.839
0.839
0.839
0.839
0.839
0.839
0.839
0.84
0.84
0.841
0.841
0.842
0.842
0.843
0.844
0.845
0.845
0.846
0.847
0.848
0.849
0.85
0.851
0.852
0.853
0.854
0.855
0.856
0.857
0.858
0.859
0.86
0.861
0.862
0.863
0.864
0.865
0.866
0.867
0.868
0.869
0.87
0.871
0.871
0.872
0.873
0.873
0.874
0.874
0.875
0.875
0.875
0.876
0.876
0.876
0.876
0.876
0.876
0.876
0.875
0.875
0.875
0.875
0.875
