24.908
24.972
25.01
25.047
25.084
25.122
25.159
25.169
25.18
25.19
25.2
25.184
25.194
25.178
25.161
25.144
25.101
25.057
25.04
24.996
24.925
24.881
24.81
24.765
24.694
24.622
24.524
24.452
24.353
24.281
24.181
24.083
23.983
23.857
23.757
23.631
23.504
23.404
23.277
23.123
22.995
22.867
22.713
22.585
22.431
22.276
22.12
21.965
21.81
21.654
21.498
21.316
21.159
20.977
20.82
20.637
20.454
20.27
20.087
19.903
19.719
19.535
19.35
19.139
18.955
18.77
18.559
18.374
18.163
17.978
17.766
17.581
17.369
17.157
16.971
16.759
16.547
16.335
16.149
15.857
15.565
15.274
14.982
14.69
14.399
14.107
13.815
13.523
13.231
12.939
12.648
12.356
12.064
11.772
11.48
11.189
10.897
10.605
10.34
10.049
9.757
9.492
9.2
8.936
8.67
8.379
8.115
7.85
7.585
7.321
7.056
6.792
6.528
6.29
6.026
5.789
5.525
5.288
5.155
5.075
4.995
4.941
4.861
4.806
4.726
4.672
4.618
4.565
4.511
4.457
4.403
4.349
4.321
4.267
4.239
4.186
4.158
4.13
4.102
4.074
4.046
4.019
3.991
3.989
3.961
3.959
3.931
3.929
3.927
3.9
3.897
3.895
3.893
3.891
3.889
3.913
3.911
3.908
3.932
3.93
3.953
3.951
3.974
3.997
3.995
4.018
4.041
4.064
4.087
4.11
4.133
4.156
4.179
4.227
4.249
4.272
4.32
4.343
4.39
4.413
4.46
4.483
4.53
4.577
4.599
4.647
4.694
4.741
4.762
4.809
4.856
4.902
4.949
4.995
5.042
5.088
5.134
5.18
5.251
5.297
5.342
5.388
5.433
5.479
5.549
5.594
5.639
5.684
5.753
5.798
5.842
5.911
5.956
6.0
6.069
6.112
6.156
6.224
6.268
6.336
6.379
6.422
6.49
6.533
6.575
6.642
6.685
6.727
6.794
6.836
6.878
6.944
6.985
7.027
7.068
7.134
7.223
7.288
7.377
7.442
7.531
7.595
7.683
7.747
7.835
7.898
7.961
8.049
8.111
8.174
8.26
8.323
8.385
8.471
8.532
8.594
8.655
8.716
8.801
8.861
8.922
8.982
9.042
9.102
9.162
9.221
9.281
9.34
9.398
9.457
9.516
9.574
9.632
9.69
9.747
9.735
9.747
9.757
9.769
9.779
9.767
9.778
9.788
9.799
9.786
9.796
9.807
9.794
9.804
9.814
9.801
9.81
9.797
9.807
9.794
9.804
9.79
9.8
9.786
9.795
9.782
9.791
9.777
9.764
9.773
9.759
9.745
9.753
9.74
9.726
9.734
9.72
9.706
9.692
9.7
9.686
9.672
9.658
9.644
9.629
9.637
9.622
9.608
9.594
9.579
9.564
9.55
9.536
9.521
9.506
9.492
9.477
9.462
9.447
9.433
9.418
9.403
9.388
9.373
9.337
9.322
9.307
9.292
9.277
9.262
9.226
9.211
9.196
9.181
9.166
9.13
9.114
9.099
9.063
9.048
9.033
9.017
8.982
8.966
8.951
8.915
8.9
8.864
8.849
8.833
8.797
8.782
8.746
8.731
8.696
8.68
8.644
8.629
8.613
8.578
8.562
8.527
8.492
8.476
8.441
8.426
8.39
8.375
8.339
8.324
8.289
8.254
8.238
8.203
8.168
8.153
8.118
8.103
8.068
8.033
8.018
7.983
7.948
7.933
7.898
7.864
7.829
7.814
7.779
7.745
7.711
7.696
7.661
7.627
7.593
7.578
7.544
7.51
7.476
7.461
7.427
7.393
7.359
7.326
7.311
7.277
7.244
7.211
7.177
7.144
7.129
7.095
7.062
7.029
6.996
6.963
6.931
6.915
6.883
6.85
6.817
6.785
6.752
6.72
6.688
6.655
6.623
6.608
6.576
6.544
6.512
6.48
6.448
6.416
6.385
6.353
6.321
6.29
6.258
6.244
6.212
6.181
6.15
6.118
6.087
6.056
6.025
5.994
5.964
5.933
5.902
5.872
5.841
5.811
5.78
5.75
5.72
5.69
5.676
5.645
5.615
5.586
5.556
5.526
5.496
5.467
5.437
5.408
5.378
5.349
5.32
5.29
5.261
5.232
5.203
5.175
5.161
5.133
5.104
5.075
5.047
5.018
4.99
4.961
4.933
4.905
4.877
4.845
4.812
4.795
4.762
4.729
4.697
4.665
4.633
4.601
4.569
4.537
4.52
4.488
4.456
4.425
4.393
4.362
4.331
4.314
4.283
4.253
4.222
4.191
4.161
4.144
4.114
4.083
4.053
4.023
4.007
3.977
3.947
3.918
3.888
3.872
3.843
3.813
3.784
3.768
3.739
3.711
3.682
3.666
3.637
3.609
3.593
3.565
3.537
3.521
3.493
3.465
3.449
3.422
3.394
3.379
3.351
3.324
3.309
3.282
3.266
3.24
3.224
3.197
3.171
3.156
3.129
3.114
3.088
3.073
3.047
3.032
3.006
2.991
2.965
2.951
2.925
2.91
2.895
2.87
2.856
2.83
2.816
2.801
2.776
2.762
2.747
2.723
2.708
2.694
2.669
2.655
2.641
2.617
2.602
2.588
2.574
2.55
2.536
2.521
2.507
2.493
2.479
2.455
2.441
2.427
2.413
2.399
2.385
2.371
2.357
2.343
2.329
2.315
2.301
2.287
2.273
2.259
2.245
2.231
2.218
2.204
2.19
2.176
2.162
2.148
2.142
2.137
2.123
2.117
2.111
2.097
2.09
2.084
2.07
2.064
2.057
2.051
2.036
2.03
2.023
2.008
2.002
1.995
1.987
1.973
1.966
1.959
1.951
1.937
1.929
1.921
1.914
1.899
1.891
1.883
1.869
1.861
1.852
1.838
1.83
1.821
1.806
1.798
1.789
1.775
1.766
1.751
1.742
1.727
1.718
1.704
1.695
1.68
1.671
1.656
1.641
1.632
1.617
1.602
1.592
1.577
1.563
1.548
1.533
1.518
1.508
1.494
1.479
1.464
1.449
1.435
1.415
1.401
1.386
1.372
1.357
1.338
1.323
1.309
1.29
1.276
1.257
1.243
1.212
1.185
1.159
1.134
1.108
1.083
1.054
1.03
1.005
0.978
0.954
0.927
0.904
0.878
0.852
0.827
0.805
0.781
0.757
0.733
0.71
0.686
0.661
0.639
0.617
0.595
0.571
0.551
0.528
0.505
0.486
0.464
0.443
0.422
0.402
0.382
0.363
0.344
0.326
0.235
0.23
0.226
0.221
0.217
0.212
0.208
0.203
0.2
0.198
0.196
0.195
0.193
0.191
0.19
0.188
0.186
0.185
0.183
0.182
0.18
0.179
0.177
0.175
0.174
0.173
0.171
0.169
0.168
0.167
0.165
0.164
0.162
0.161
0.159
0.158
0.156
0.155
0.153
0.152
0.151
0.149
0.148
0.147
0.145
0.144
0.143
0.141
0.14
0.139
0.137
0.136
0.135
0.133
0.132
0.131
0.13
0.128
0.127
0.126
0.125
0.123
0.122
0.121
0.12
0.119
0.117
0.116
0.115
0.114
0.113
0.112
0.111
0.109
0.108
0.107
0.106
0.105
0.104
0.103
0.102
0.101
0.1
0.099
0.098
0.097
0.096
0.095
0.094
0.093
0.092
0.091
0.09
0.089
0.088
0.087
0.086
0.085
0.084
0.083
0.082
0.081
0.081
0.08
0.079
0.078
0.077
0.076
0.075
0.074
0.074
0.073
0.072
0.071
0.07
0.07
0.069
0.068
0.067
0.067
0.066
0.065
0.064
0.064
0.063
0.062
0.061
0.061
0.06
0.059
0.059
0.058
0.057
0.057
0.056
0.055
0.055
0.054
0.054
0.053
0.052
0.052
0.051
0.051
0.05
0.049
0.049
0.048
0.048
0.047
0.047
0.046
0.046
0.045
0.045
0.044
0.044
0.043
0.043
0.042
0.042
0.041
0.041
0.04
0.04
0.04
0.039
0.039
0.038
0.038
0.037
0.037
0.037
0.036
0.036
0.035
0.035
0.035
0.034
0.034
0.034
0.034
0.033
0.033
0.033
0.032
0.032
0.032
0.031
0.031
0.031
0.031
0.03
0.03
0.03
0.03
0.029
0.029
0.029
0.029
0.029
0.028
0.028
0.028
0.028
0.028
0.028
0.027
0.027
0.027
0.027
0.027
0.027
0.027
0.026
0.026
0.026
0.026
0.026
0.026
0.026
0.026
0.026
0.026
0.026
0.026
0.026
0.026
0.026
0.026
0.026
0.026
0.025
0.025
0.026
0.026
0.026
0.026
0.026
0.026
0.026
0.026
0.026
0.026
0.026
0.026
0.026
0.026
0.026
0.026
0.026
0.027
0.027
0.027
0.027
0.027
0.027
0.027
0.027
0.028
0.028
0.028
0.028
0.028
0.028
0.028
0.029
0.029
0.029
0.029
0.029
0.03
0.03
0.03
0.03
0.031
0.031
0.031
0.031
0.032
0.032
0.032
0.032
0.033
0.033
0.033
0.034
0.034
0.034
0.034
0.035
0.035
0.035
0.036
0.036
0.036
0.037
0.037
0.038
0.038
0.038
0.039
0.039
0.039
0.04
0.04
0.041
0.041
0.041
0.042
0.042
0.043
0.043
0.043
0.044
0.044
0.045
0.045
0.046
0.046
0.047
0.047
0.047
0.048
0.048
0.049
0.049
0.05
0.05
0.051
0.051
0.052
0.052
0.053
0.053
0.054
0.054
0.055
0.056
0.056
0.057
0.057
0.058
0.058
0.059
0.059
0.06
0.061
0.061
0.062
0.062
0.063
0.064
0.064
0.065
0.065
0.066
0.067
0.067
0.068
0.069
0.069
0.07
0.07
0.071
0.072
0.072
0.073
0.074
0.074
0.075
0.076
0.076
0.077
0.078
0.079
0.079
0.08
0.081
0.081
0.082
0.083
0.083
0.084
0.085
0.086
0.086
0.087
0.088
0.089
0.089
0.09
0.091
0.092
0.092
0.093
0.094
0.095
0.096
0.096
0.097
0.098
0.099
0.099
0.1
0.101
0.102
0.103
0.103
0.104
0.105
0.106
0.107
0.108
0.108
0.109
0.11
0.111
0.112
0.113
0.114
0.114
0.115
0.116
0.117
0.118
0.119
0.12
0.12
0.121
0.122
0.123
0.124
0.125
0.126
0.127
0.128
0.129
0.129
0.13
0.131
0.132
0.133
0.134
0.135
0.136
1.311
1.327
1.338
1.34
1.337
1.326
1.31
1.288
1.259
1.226
1.189
1.148
1.104
1.058
1.008
0.955
0.893
0.813
0.732
0.653
0.573
0.495
0.417
0.343
0.304
0.287
0.272
0.263
0.254
0.251
0.251
0.254
0.259
0.267
0.277
0.289
0.305
0.321
0.34
0.359
0.379
0.403
0.425
0.449
0.473
0.498
0.521
0.547
0.584
0.619
0.654
0.688
0.722
0.757
0.788
0.811
0.823
0.836
0.847
0.855
0.865
0.872
0.881
0.888
0.895
0.9
0.905
0.909
0.912
0.915
0.917
0.918
0.921
0.92
0.92
0.921
0.919
0.917
0.915
0.912
0.91
0.905
0.901
0.896
0.892
0.888
0.883
0.876
0.871
0.864
0.857
0.852
0.845
0.837
0.829
0.824
0.816
0.808
0.8
0.794
0.785
0.78
0.771
0.765
0.759
0.75
0.743
0.739
0.732
0.726
0.722
0.717
0.713
0.708
0.704
0.702
0.7
0.698
0.698
0.696
0.696
0.7
0.7
0.703
0.709
0.715
0.729
0.74
0.754
0.769
0.78
0.795
0.807
0.819
0.828
0.837
0.846
0.849
0.853
0.854
0.852
0.817
0.774
0.724
0.671
0.612
0.549
0.48
0.407
0.3
0.302
0.303
0.304
0.305
0.307
0.308
0.309
0.31
0.311
0.313
0.314
0.315
0.316
0.318
0.319
0.32
0.321
0.322
0.324
0.325
0.326
0.327
0.329
0.33
0.331
0.332
0.333
0.335
0.336
0.337
0.338
0.34
0.341
0.342
0.343
0.345
0.346
0.347
0.348
0.349
0.351
0.352
0.353
0.354
0.356
0.357
0.358
0.359
0.361
0.362
0.363
0.364
0.365
0.367
0.368
0.369
0.37
0.372
0.373
0.374
0.375
0.377
0.378
0.379
0.38
0.382
0.383
0.384
0.385
0.386
0.388
0.389
0.39
0.391
0.393
0.394
0.395
0.396
0.398
0.399
0.4
0.401
0.402
0.404
0.405
0.406
0.407
0.409
0.41
0.411
0.412
0.413
0.415
0.416
0.417
0.418
0.42
0.421
0.422
0.423
0.424
0.426
0.427
0.428
0.429
0.43
0.432
0.433
0.434
0.435
0.437
0.438
0.439
0.44
0.441
0.443
0.444
0.445
0.446
0.448
0.449
0.45
0.451
0.452
0.454
0.455
0.456
0.457
0.458
0.46
0.461
0.462
0.463
0.464
0.465
0.467
0.468
0.469
0.47
0.471
0.473
0.474
0.475
0.476
0.477
0.479
0.48
0.481
0.482
0.483
0.484
0.486
0.487
0.488
0.489
0.49
0.491
0.492
0.494
0.495
0.496
0.497
0.498
0.5
0.501
0.503
0.504
0.506
0.508
0.51
0.511
0.513
0.515
0.517
0.518
0.52
0.522
0.524
0.525
0.527
0.529
0.53
0.532
0.534
0.536
0.537
0.539
0.541
0.542
0.544
0.546
0.548
0.549
0.551
0.553
0.554
0.556
0.558
0.56
0.561
0.563
0.565
0.566
0.568
0.57
0.572
0.573
0.575
0.577
0.578
0.58
0.582
0.583
0.585
0.587
0.588
0.59
0.592
0.593
0.595
0.597
0.598
0.6
0.602
0.603
0.605
0.607
0.608
0.61
0.612
0.613
0.615
0.617
0.618
0.62
0.622
0.623
0.625
0.627
0.628
0.63
0.632
0.633
0.635
0.636
0.638
0.64
0.641
0.643
0.645
0.646
0.648
0.65
0.651
0.653
0.654
0.656
0.658
0.659
0.661
0.663
0.664
0.666
0.667
0.669
0.671
0.672
0.674
0.675
0.677
0.679
0.68
0.682
0.683
0.685
0.687
0.688
0.69
0.692
0.693
0.695
0.696
0.698
0.7
0.701
0.703
0.704
0.706
0.708
0.709
0.711
0.712
0.714
0.715
0.717
0.719
0.72
0.722
0.723
0.725
0.726
0.728
0.73
0.731
0.733
0.734
0.736
0.737
0.739
0.741
0.742
0.744
0.745
0.747
0.748
0.75
0.752
0.753
0.755
0.756
0.758
0.759
0.761
0.762
0.764
0.766
0.767
0.769
0.77
0.772
0.773
0.775
0.776
0.778
0.779
0.781
0.783
0.784
0.786
0.787
0.789
0.79
0.792
0.793
0.795
0.796
0.798
0.799
0.801
0.802
0.804
0.805
0.807
0.809
0.81
0.812
0.813
0.815
0.816
0.818
0.819
0.821
0.822
0.824
0.825
0.827
0.828
0.83
0.831
0.833
0.834
0.836
0.837
0.839
0.84
0.842
0.843
0.845
0.846
0.848
0.849
0.851
0.852
0.854
0.855
0.857
0.858
0.86
0.861
0.863
0.864
0.866
0.867
0.869
0.87
0.872
0.873
0.875
0.876
0.878
0.879
0.881
0.882
0.884
0.885
0.887
0.888
0.89
0.891
0.893
0.894
0.896
0.897
0.898
0.9
0.901
0.901
0.902
0.902
0.903
0.903
0.904
0.905
0.905
0.906
0.906
0.907
0.907
0.908
0.908
0.909
0.91
0.91
0.911
0.911
0.912
0.912
0.913
0.913
0.914
0.914
0.915
0.915
0.916
0.917
8.787
8.856
8.852
8.765
8.614
8.408
8.146
7.838
7.492
7.109
6.698
6.268
5.828
5.268
4.623
3.988
3.37
2.77
2.187
1.781
1.642
1.532
1.459
1.422
1.404
1.414
1.453
1.509
1.585
1.679
1.782
1.905
2.027
2.159
2.301
2.442
2.584
2.717
2.906
3.113
3.312
3.502
3.692
3.872
3.978
4.027
4.067
4.097
4.128
4.149
4.17
4.182
4.184
4.186
4.179
4.172
4.165
4.148
4.122
4.095
4.069
4.043
4.007
3.971
3.926
3.88
3.835
3.789
3.743
3.688
3.642
3.587
3.532
3.476
3.421
3.365
3.309
3.253
3.198
3.151
3.096
3.04
2.993
2.937
2.891
2.844
2.807
2.76
2.723
2.686
2.658
2.621
2.594
2.576
2.558
2.54
2.531
2.532
2.534
2.535
2.565
2.605
2.655
2.695
2.745
2.785
2.825
2.856
2.877
2.897
2.899
2.881
2.823
2.63
2.417
2.174
1.922
1.64
1.328
0.977
0.977
0.978
0.978
0.979
0.979
0.98
0.98
0.981
0.981
0.981
0.982
0.982
0.983
0.983
0.984
0.984
0.985
0.985
0.986
0.986
0.986
0.987
0.987
0.988
0.988
0.989
0.989
0.99
0.99
0.99
0.991
0.991
0.992
0.992
0.993
0.993
0.993
0.994
0.994
0.995
0.995
0.996
0.996
0.996
0.997
0.997
0.998
0.998
0.999
0.999
0.999
1.0
1.0
1.001
1.001
1.002
1.002
1.002
1.003
1.003
1.004
1.004
1.004
1.005
1.005
1.006
1.006
1.006
1.007
1.007
1.008
1.008
1.009
1.009
1.009
1.01
1.01
1.011
1.011
1.011
1.012
1.012
1.013
1.013
1.013
1.014
1.014
1.015
1.015
1.015
1.016
1.016
1.017
1.017
1.017
1.018
1.018
1.019
1.019
1.019
1.02
1.02
1.02
1.021
1.021
1.022
1.022
1.022
1.023
1.023
1.024
1.024
1.024
1.025
1.025
1.026
1.026
1.026
1.027
1.027
1.027
1.028
1.028
1.028
1.029
1.029
1.03
1.03
1.03
1.031
1.031
1.031
1.032
1.032
1.032
1.033
1.033
1.034
1.034
1.034
1.035
1.035
1.035
1.036
1.036
1.036
1.037
1.037
1.038
1.038
1.038
1.039
1.039
1.039
1.04
1.04
1.04
1.041
1.041
1.041
1.042
1.042
1.043
1.043
1.043
1.044
1.044
1.044
1.044
1.045
1.045
1.046
1.046
1.046
1.046
1.047
1.047
1.048
1.048
1.048
1.048
1.049
1.049
1.049
1.05
1.05
1.051
1.051
1.051
1.052
1.052
1.052
1.052
1.053
1.053
1.054
1.054
1.054
1.054
1.055
1.055
1.055
1.056
1.056
1.056
1.057
1.057
1.057
1.058
1.058
1.058
1.059
1.059
1.059
1.059
1.06
1.06
1.06
1.061
1.061
1.061
1.062
1.062
1.062
1.063
1.063
1.063
1.063
1.064
1.064
1.064
1.065
1.065
1.065
1.065
1.066
1.066
1.066
1.067
1.067
1.067
1.068
1.068
1.068
1.068
1.069
1.069
1.069
1.07
1.07
1.07
1.07
1.071
1.071
1.071
1.072
1.072
1.072
1.072
1.073
1.073
1.073
1.073
1.074
1.074
1.074
1.075
1.075
1.075
1.075
1.076
1.076
1.076
1.076
1.077
1.077
1.077
1.078
1.078
1.078
1.078
1.079
1.079
1.079
1.079
10.343
10.323
9.645
8.491
7.067
5.113
3.038
1.882
1.644
1.677
1.915
2.295
2.739
3.216
3.877
4.485
4.681
4.769
4.803
4.782
4.729
4.632
4.514
4.363
4.201
4.017
3.834
3.65
3.466
3.304
3.152
3.023
2.925
2.861
2.84
2.905
3.058
3.179
3.234
3.104
2.397
1.471
1.09
1.09
1.09
1.091
1.091
1.091
1.091
1.091
1.092
1.092
1.092
1.092
1.093
1.093
1.093
1.093
1.093
1.094
1.094
1.094
1.094
1.095
1.095
1.095
1.095
1.095
1.096
1.096
1.096
1.096
1.096
1.097
1.097
1.097
1.097
1.097
1.098
1.098
1.098
1.098
1.098
1.099
1.099
1.099
1.099
1.099
1.1
1.1
1.1
1.1
1.1
1.101
1.101
1.101
1.101
1.101
1.102
1.102
1.102
1.102
1.102
1.103
1.103
1.103
1.103
1.103
1.103
1.104
1.104
1.104
1.104
1.104
1.105
1.105
1.105
1.105
1.105
1.105
1.106
1.106
1.106
1.106
1.106
1.106
1.107
1.107
1.107
1.107
1.107
1.107
1.108
1.108
1.108
1.108
1.108
1.108
1.109
1.109
1.109
1.109
1.109
1.109
1.11
1.11
1.11
1.11
1.11
1.11
1.111
1.111
1.111
1.111
1.111
1.111
1.111
1.112
1.112
1.112
1.112
1.112
1.112
1.112
1.113
1.113
1.113
1.113
1.113
1.113
1.113
1.113
1.114
1.114
1.114
1.114
1.114
1.114
1.115
1.115
1.115
1.115
1.115
1.115
1.115
1.115
1.115
1.116
1.116
1.116
1.116
1.116
1.116
1.116
1.117
1.117
1.117
1.117
1.117
1.117
1.117
1.117
1.118
1.118
1.118
1.118
1.118
1.118
1.118
1.118
1.118
1.119
1.119
1.119
1.119
1.119
1.119
1.119
1.119
1.119
1.12
1.12
1.12
1.12
1.12
1.12
1.12
1.12
1.12
1.12
1.121
1.121
1.121
1.121
1.121
1.121
1.121
1.121
1.121
1.121
1.121
1.121
1.122
1.122
1.122
1.122
1.122
1.122
1.122
1.122
1.122
1.122
1.123
1.123
1.123
1.123
1.123
1.123
1.123
1.123
1.123
1.123
1.123
1.123
1.123
1.123
1.124
1.124
1.124
1.124
1.124
1.124
1.124
1.124
1.124
1.124
1.124
1.124
1.124
1.124
1.125
1.125
1.125
1.125
1.125
1.125
1.125
1.125
1.125
1.125
1.125
1.125
1.125
1.125
1.125
1.125
1.125
1.126
1.126
1.126
1.126
1.126
1.126
1.126
1.126
1.126
1.126
1.126
1.126
1.126
1.126
1.126
1.126
1.126
1.126
1.126
1.126
1.126
1.126
1.126
1.127
1.127
1.127
1.127
1.127
1.127
1.127
1.127
1.127
1.127
1.127
1.127
1.127
1.127
1.127
1.127
1.127
1.127
1.127
1.127
1.127
1.127
1.127
1.127
1.127
1.127
1.127
1.127
1.127
1.127
1.127
1.127
1.127
1.127
1.127
1.127
1.127
1.127
1.127
1.127
1.127
1.127
1.127
1.127
1.127
1.127
1.127
1.127
1.127
1.127
1.127
1.127
1.127
1.127
1.127
1.127
1.127
1.127
1.127
1.127
1.127
1.127
1.127
1.127
1.127
1.127
1.127
1.127
1.127
1.127
1.127
1.127
1.127
1.127
1.127
1.127
1.127
1.127
1.127
1.127
1.127
1.127
1.127
1.127
1.127
1.127
1.127
1.127
1.127
1.127
1.127
1.127
1.127
1.127
1.127
1.127
1.127
1.127
1.127
1.127
1.126
1.126
1.126
1.126
1.126
1.126
1.126
1.126
1.126
1.126
1.126
1.126
1.126
1.126
1.126
1.126
1.126
1.126
1.126
1.126
1.126
1.126
1.126
1.125
1.125
1.125
1.125
1.125
1.125
1.125
1.125
1.125
1.125
1.125
1.125
1.125
1.125
1.125
1.125
1.125
1.125
1.124
1.124
1.124
1.124
1.124
1.124
1.124
1.124
1.124
1.124
1.124
1.124
1.124
1.123
1.123
1.123
1.123
1.123
1.123
1.123
1.123
1.123
1.123
1.123
1.123
1.123
1.123
10.753
10.841
10.729
10.448
10.02
9.47
8.818
8.111
7.336
6.427
5.305
4.206
3.151
2.209
1.962
1.794
1.704
1.693
1.737
1.838
1.983
2.163
2.375
2.599
2.845
3.08
3.326
3.673
4.02
4.333
4.646
4.769
4.836
4.891
4.924
4.946
4.957
4.957
4.945
4.911
4.877
4.832
4.775
4.719
4.651
4.573
4.494
4.415
4.325
4.235
4.134
4.045
3.944
3.843
3.753
3.652
3.562
3.473
3.394
3.304
3.237
3.17
3.102
3.046
3.001
2.967
2.934
2.922
2.911
2.922
2.988
3.055
3.132
3.199
3.254
3.298
3.309
3.297
3.175
2.84
2.45
2.004
1.503
1.113
1.113
1.113
1.113
1.113
1.113
1.112
1.112
1.112
1.112
1.112
1.112
1.111
1.111
1.111
1.111
1.111
1.111
1.111
1.11
1.11
1.11
1.11
1.11
1.11
1.11
1.109
1.109
1.109
1.109
1.109
1.109
1.108
1.108
1.108
1.108
1.108
1.107
1.107
1.107
1.107
1.107
1.107
1.107
1.106
1.106
1.106
1.106
1.106
1.105
1.105
1.105
1.105
1.105
1.105
1.104
1.104
1.104
1.104
1.104
1.104
1.103
1.103
1.103
1.103
1.103
1.102
1.102
1.102
1.102
1.102
1.102
1.101
1.101
1.101
1.101
1.101
1.1
1.1
1.1
1.1
1.099
1.099
1.099
1.099
1.099
1.099
1.098
1.098
1.098
1.098
1.097
1.097
1.097
1.097
1.097
1.097
1.096
1.096
1.096
1.096
1.096
1.095
1.095
1.095
1.095
1.094
1.094
1.094
1.094
1.094
1.093
1.093
1.093
1.093
1.092
1.092
1.092
1.092
1.092
1.091
1.091
1.091
1.091
1.09
1.09
1.09
1.09
1.089
1.089
1.089
1.089
1.089
1.088
1.088
1.088
1.088
1.087
1.087
1.087
1.087
1.087
1.086
1.086
1.086
1.086
1.085
1.085
1.085
1.085
1.084
1.084
1.084
1.084
1.083
1.083
1.083
1.083
1.082
1.082
1.082
1.082
1.081
1.081
1.081
1.081
1.08
1.08
1.08
1.08
1.079
1.079
1.079
1.079
1.078
1.078
1.078
1.078
1.077
1.077
1.077
1.076
1.076
1.076
1.076
1.075
1.075
1.075
1.075
1.074
1.074
1.074
1.073
1.073
1.073
1.073
1.072
1.072
1.072
1.072
1.071
1.071
1.071
1.07
1.07
1.07
1.07
1.069
1.069
1.069
1.068
1.068
1.068
1.068
1.067
1.067
1.067
1.066
1.066
1.066
1.065
1.065
1.065
1.065
1.064
1.064
1.064
1.063
1.063
1.063
1.063
1.062
1.062
1.062
1.061
1.061
1.061
1.06
1.06
1.06
1.06
1.059
1.059
1.059
1.058
1.058
1.058
1.057
1.057
1.057
1.056
1.056
1.056
1.056
1.055
1.055
1.054
1.054
1.054
1.054
1.053
1.053
1.053
1.052
1.052
1.052
1.051
1.051
1.051
1.05
1.05
1.05
1.049
1.049
1.049
1.048
1.048
1.048
1.047
1.047
1.047
1.046
1.046
1.046
1.045
1.045
1.045
1.044
1.044
1.044
1.043
1.043
1.043
1.042
1.042
1.042
1.041
1.041
1.04
1.04
1.04
1.04
1.039
1.039
1.038
1.038
1.038
1.037
1.037
1.037
1.036
1.036
1.036
1.035
1.035
1.035
1.034
1.034
1.034
1.033
1.033
1.032
1.032
1.032
1.031
1.031
1.031
1.03
1.03
1.03
1.029
1.029
1.028
1.028
1.028
1.027
1.027
1.027
1.026
1.026
1.025
1.025
1.025
1.024
1.024
1.024
1.023
1.023
1.022
1.022
1.022
1.021
1.021
1.02
1.02
1.02
1.019
1.019
1.019
1.018
1.018
1.017
1.017
1.016
1.016
1.016
1.015
1.015
1.015
1.014
1.014
1.013
1.013
1.013
1.012
1.012
1.011
1.011
1.011
1.01
1.01
1.009
1.009
1.009
1.008
1.008
1.007
1.007
1.006
1.006
1.006
1.005
1.005
1.004
1.004
1.004
1.003
1.003
1.002
1.002
1.002
1.001
1.001
1.0
1.0
0.999
0.999
0.999
0.998
0.998
0.997
0.997
0.997
0.996
0.996
0.995
0.995
0.994
0.994
0.994
0.993
0.993
0.992
0.992
0.991
0.991
0.99
0.99
0.99
0.989
0.989
0.988
0.988
0.987
0.987
0.987
0.986
0.986
0.985
0.985
0.984
0.984
0.983
0.983
0.982
0.982
0.982
0.981
0.981
0.98
0.98
0.979
0.979
0.979
0.978
0.978
0.977
0.977
0.976
0.976
0.975
0.975
0.974
0.974
0.973
0.973
0.973
0.972
0.972
0.971
0.971
0.97
0.97
0.969
0.969
0.968
0.968
0.967
0.967
0.966
0.966
0.966
0.965
0.965
0.964
0.964
0.963
0.963
0.962
0.962
0.961
0.961
0.96
0.96
0.959
0.959
0.958
0.958
0.957
0.957
0.956
0.956
0.955
0.955
0.954
0.954
0.953
0.953
0.952
0.952
0.952
0.951
0.951
0.95
0.95
0.949
0.949
0.948
0.948
0.947
0.947
0.946
0.946
0.945
0.945
0.944
0.944
0.943
0.943
0.942
0.941
0.941
0.94
0.94
0.939
0.939
0.938
0.938
0.937
0.937
0.936
0.936
0.935
0.935
0.934
0.934
0.933
0.933
0.932
0.932
0.931
0.931
0.93
0.93
0.929
0.929
0.928
0.928
0.927
0.926
0.926
0.925
0.925
0.924
0.924
0.923
0.923
0.922
0.922
0.921
0.921
0.92
0.92
0.919
0.919
0.918
0.917
0.917
0.916
0.916
0.915
0.915
0.914
0.914
0.913
0.913
0.912
0.911
0.911
0.91
0.91
0.909
0.909
0.908
0.908
0.907
0.906
0.906
0.905
0.905
0.904
0.904
0.903
0.903
0.902
0.902
0.901
0.9
0.9
0.899
0.899
0.898
0.897
0.897
0.896
0.896
0.895
0.895
0.894
0.894
0.893
0.892
0.892
0.891
0.891
0.89
0.89
0.889
0.888
0.888
0.887
0.887
0.886
0.886
0.885
0.884
0.884
0.883
0.883
0.882
0.881
0.881
0.88
0.88
0.879
0.879
0.878
0.877
0.877
0.876
0.876
0.875
0.874
0.874
0.873
0.873
0.872
0.872
0.871
0.87
0.87
0.869
0.869
0.868
0.867
0.867
0.866
8.291
8.329
8.34
8.326
8.286
8.211
8.119
8.001
7.867
7.706
7.537
7.351
7.14
6.929
6.702
6.457
6.213
5.961
5.7
5.439
5.162
4.792
4.414
4.045
3.676
3.316
2.957
2.615
2.274
1.95
1.669
1.574
1.497
1.437
1.377
1.334
1.307
1.281
1.272
1.271
1.278
1.294
1.318
1.351
1.392
1.432
1.482
1.539
1.596
1.654
1.719
1.793
1.867
1.94
2.013
2.087
2.16
2.241
2.314
2.387
2.468
2.582
2.696
2.801
2.906
3.011
3.108
3.204
3.3
3.396
3.468
3.489
3.511
3.525
3.547
3.56
3.574
3.579
3.593
3.598
3.603
3.6
3.606
3.602
3.599
3.597
3.594
3.583
3.572
3.56
3.55
3.539
3.527
3.509
3.49
3.47
3.452
3.433
3.414
3.387
3.368
3.341
3.314
3.296
3.269
3.242
3.208
3.181
3.154
3.127
3.093
3.067
3.032
3.006
2.972
2.938
2.911
2.877
2.843
2.809
2.783
2.749
2.715
2.689
2.655
2.622
2.596
2.562
2.529
2.503
2.47
2.444
2.411
2.385
2.359
2.334
2.309
2.283
2.258
2.233
2.207
2.19
2.165
2.147
2.13
2.113
2.095
2.078
2.061
2.051
2.042
2.032
2.023
2.013
2.004
2.002
2.0
1.998
1.996
1.994
2.007
2.028
2.049
2.07
2.083
2.104
2.125
2.145
2.166
2.179
2.192
2.205
2.218
2.223
2.229
2.234
2.232
2.222
2.213
2.196
2.104
2.013
1.906
1.8
1.68
1.559
1.431
1.297
1.155
1.006
0.739
0.738
0.737
0.737
0.736
0.735
0.734
0.734
0.733
0.732
0.731
0.731
0.73
0.729
0.729
0.728
0.727
0.726
0.726
0.725
0.724
0.723
0.723
0.722
0.721
0.72
0.72
0.719
0.718
0.717
0.717
0.716
0.715
0.714
0.714
0.713
0.712
0.711
0.711
0.71
0.709
0.708
0.707
0.707
0.706
0.705
0.704
0.704
0.703
0.702
0.701
0.701
0.7
0.699
0.698
0.698
0.697
0.696
0.695
0.694
0.694
0.693
0.692
0.691
0.691
0.69
0.689
0.688
0.687
0.687
0.686
0.685
0.684
0.683
0.683
0.682
0.681
0.68
0.68
0.679
0.678
0.677
0.676
0.676
0.675
0.674
0.673
0.672
0.672
0.671
0.67
0.669
0.668
0.668
0.667
0.666
0.665
0.665
0.664
0.663
0.662
0.661
0.661
0.66
0.659
0.658
0.657
0.657
0.656
0.655
0.654
0.653
0.653
0.652
0.651
0.65
0.649
0.649
0.648
0.647
0.646
0.645
0.644
0.644
0.643
0.642
0.641
0.64
0.639
0.639
0.638
0.637
0.636
0.635
0.635
0.634
0.633
0.632
0.631
0.63
0.63
0.629
0.628
0.627
0.626
0.625
0.625
0.624
0.623
0.622
0.621
0.62
0.62
0.619
0.618
0.617
0.616
0.615
0.615
0.614
0.613
0.612
0.611
0.61
0.61
0.609
0.608
0.607
0.606
0.605
0.604
0.604
0.603
0.602
0.601
0.6
0.599
0.599
0.598
0.597
0.596
0.595
0.594
0.593
0.593
0.592
0.591
0.59
0.589
0.588
0.587
0.587
0.586
0.585
0.584
0.583
0.582
0.581
0.58
0.58
0.579
0.578
0.577
0.576
0.575
0.574
0.574
0.573
0.572
0.571
0.57
0.569
0.568
0.567
0.567
0.566
0.565
0.564
0.563
0.562
0.561
0.56
0.559
0.558
0.558
0.557
0.556
0.555
0.554
0.553
0.552
0.551
0.55
0.55
0.549
0.548
0.547
0.546
0.545
0.544
0.543
0.542
0.542
0.541
0.54
0.539
0.538
0.537
0.536
0.535
0.534
0.533
0.533
0.532
0.531
0.53
0.529
0.528
0.527
0.526
0.525
0.524
0.524
0.523
0.522
0.521
0.52
0.519
0.518
0.517
0.516
0.515
0.514
0.513
0.513
0.512
0.511
0.51
0.509
0.508
0.507
0.506
0.505
0.504
0.503
0.502
4.803
4.815
4.821
4.811
4.798
4.779
4.746
4.706
4.663
4.615
4.557
4.49
4.422
4.35
4.269
4.187
4.096
4.006
3.911
3.812
3.712
3.609
3.501
3.393
3.286
3.174
3.068
2.952
2.818
2.665
2.508
2.357
2.206
2.051
1.906
1.757
1.613
1.474
1.337
1.204
1.071
0.944
0.887
0.853
0.819
0.794
0.765
0.745
0.725
0.71
0.699
0.693
0.687
0.681
0.68
0.683
0.686
0.693
0.701
0.713
0.725
0.736
0.752
0.773
0.789
0.809
0.829
0.854
0.874
0.898
0.922
0.946
0.974
0.998
1.026
1.053
1.077
1.104
1.132
1.154
1.182
1.208
1.231
1.266
1.305
1.344
1.379
1.417
1.452
1.49
1.524
1.557
1.591
1.624
1.653
1.686
1.715
1.723
1.731
1.734
1.739
1.743
1.742
1.746
1.746
1.749
1.749
1.75
1.75
1.751
1.748
1.748
1.745
1.745
1.741
1.738
1.734
1.731
1.727
1.72
1.716
1.713
1.705
1.698
1.691
1.687
1.68
1.672
1.661
1.654
1.647
1.64
1.629
1.622
1.611
1.6
1.593
1.582
1.571
1.56
1.549
1.538
1.528
1.517
1.506
1.496
1.481
1.471
1.46
1.446
1.436
1.422
1.412
1.398
1.387
1.374
1.363
1.349
1.336
1.326
1.312
1.299
1.289
1.275
1.262
1.252
1.239
1.225
1.216
1.202
1.189
1.176
1.167
1.154
1.141
1.131
1.118
1.109
1.096
1.087
1.074
1.065
1.052
1.044
1.031
1.022
1.013
1.001
0.992
0.983
0.974
0.965
0.956
0.948
0.939
0.93
0.921
0.916
0.907
0.902
0.894
0.888
0.88
0.875
0.869
0.864
0.859
0.854
0.849
0.844
0.839
0.837
0.832
0.83
0.828
0.826
0.821
0.823
0.821
0.819
0.821
0.822
0.826
0.831
0.835
0.839
0.844
0.851
0.855
0.86
0.864
0.868
0.872
0.874
0.878
0.882
0.883
0.884
0.885
0.886
0.887
0.886
0.887
0.885
0.88
0.878
0.873
0.866
0.843
0.815
0.787
0.757
0.726
0.695
0.659
0.626
0.59
0.551
0.513
0.474
0.43
0.389
0.286
0.285
0.285
0.284
0.284
0.283
0.283
0.282
0.281
0.281
0.28
0.28
0.279
0.279
0.278
0.278
0.277
0.277
0.276
0.276
0.275
0.275
0.275
0.274
0.274
0.273
0.273
0.272
0.272
0.271
0.271
0.27
0.27
0.27
0.269
0.269
0.268
0.268
0.268
0.267
0.267
0.266
0.266
0.266
0.265
0.265
0.265
0.264
0.264
0.264
0.263
0.263
0.263
0.262
0.262
0.262
0.261
0.261
0.261
0.26
0.26
0.26
0.26
0.259
0.259
0.259
0.258
0.258
0.258
0.258
0.257
0.257
0.257
0.257
0.257
0.256
0.256
0.256
0.256
0.256
0.255
0.255
0.255
0.255
0.255
0.255
0.255
0.254
0.254
0.254
0.254
0.254
0.254
0.254
0.254
0.254
0.253
0.253
0.253
0.253
0.253
0.253
0.253
0.253
0.253
0.253
0.253
0.253
0.253
0.253
0.253
0.253
0.253
0.253
0.253
0.253
0.253
0.253
0.253
0.253
0.253
0.254
0.254
0.254
0.254
0.254
0.254
0.254
0.254
0.255
0.255
0.255
0.255
0.255
0.255
0.256
0.256
0.256
0.256
0.256
0.257
0.257
0.257
0.257
0.258
0.258
0.258
0.258
0.259
0.259
0.259
0.26
0.26
0.26
0.261
0.261
0.261
0.262
0.262
0.262
0.263
0.263
0.263
0.264
0.264
0.265
0.265
0.266
0.266
0.266
0.267
0.267
0.268
0.268
0.269
0.269
0.27
0.27
0.271
0.271
0.272
0.273
0.273
0.274
0.274
0.275
0.275
0.276
0.277
0.277
0.278
0.279
0.279
0.28
0.281
0.281
0.282
0.283
0.283
0.284
0.285
0.286
0.286
0.287
0.288
0.288
0.289
0.29
0.291
0.292
0.292
0.293
0.294
0.295
0.296
0.297
0.298
0.298
0.299
0.3
0.301
0.302
0.303
0.304
0.305
0.306
0.307
0.308
0.309
0.31
0.311
0.312
0.313
0.314
0.315
0.316
0.317
0.318
0.319
0.321
0.322
0.323
0.324
0.325
0.326
0.327
0.329
0.33
0.331
0.332
0.333
0.335
0.336
0.337
0.338
0.34
0.341
0.342
0.344
0.345
0.346
0.347
0.349
0.35
0.352
0.353
0.354
0.356
0.357
0.359
0.36
0.361
0.363
0.364
0.366
0.367
0.369
0.37
0.372
0.373
0.375
0.377
0.378
0.38
0.381
0.383
0.385
0.386
0.388
0.389
0.391
0.393
0.394
0.396
0.398
0.4
0.401
0.403
0.405
0.407
0.408
0.41
0.412
0.414
0.416
0.417
0.419
0.421
0.423
0.425
0.427
0.429
0.431
0.433
0.435
0.437
0.439
0.441
0.443
0.445
0.447
0.449
0.451
0.453
0.455
0.457
0.459
0.461
0.463
0.465
0.468
0.47
0.472
0.474
0.476
0.479
0.481
0.483
0.485
0.488
0.49
0.492
0.494
0.497
0.499
0.504
0.51
0.517
0.523
0.53
0.536
0.543
0.549
0.556
0.562
0.569
0.575
0.582
0.589
0.595
0.602
0.609
0.615
0.622
0.629
0.635
0.642
0.649
0.655
0.662
0.669
0.676
0.683
0.69
0.696
0.703
0.71
0.717
0.724
0.731
0.738
0.745
0.752
0.758
0.765
0.772
0.779
0.786
0.793
0.801
0.808
0.815
0.822
0.829
0.836
0.843
0.85
0.857
0.865
0.872
0.879
0.886
0.893
0.901
0.908
0.915
0.922
0.93
0.937
0.945
0.952
0.959
0.967
0.974
0.981
0.989
0.996
1.004
1.011
1.019
1.026
1.034
1.041
1.049
1.056
1.064
1.072
1.079
1.087
1.095
1.102
1.11
1.118
1.125
1.133
1.141
1.148
1.156
1.164
1.172
1.18
1.187
1.195
1.203
1.211
1.219
1.227
1.235
1.243
1.251
1.259
1.267
1.275
1.283
1.291
1.299
1.307
1.315
1.323
1.331
1.339
1.348
1.356
1.364
1.372
1.38
1.389
1.397
1.405
1.413
1.422
1.43
1.438
1.447
1.455
1.463
1.472
1.48
1.489
1.497
1.506
1.514
1.523
1.531
1.54
1.548
1.557
1.565
1.574
1.583
1.591
1.6
1.609
1.617
1.626
1.635
1.643
1.652
1.661
1.67
16.098
16.301
16.284
16.063
15.667
15.093
14.392
13.578
12.669
11.696
10.624
9.133
7.625
6.156
4.744
3.535
3.207
2.967
2.834
2.793
2.844
2.951
3.135
3.376
3.658
3.981
4.326
4.693
5.083
5.476
5.913
6.471
7.034
7.562
8.075
8.453
8.614
8.756
8.878
8.96
9.043
9.106
9.148
9.191
9.192
9.192
9.172
9.15
9.107
9.042
8.977
8.888
8.799
8.709
8.595
8.48
8.364
8.247
8.128
7.986
7.865
7.72
7.596
7.447
7.32
7.192
7.063
6.955
6.846
6.736
6.648
6.559
6.47
6.426
6.359
6.338
6.317
6.32
6.347
6.374
6.523
6.673
6.849
7.026
7.18
7.31
7.416
7.497
7.503
7.458
6.877
6.19
5.419
4.513
3.522
