0.0
0.237
0.441
0.614
0.759
0.877
0.97
1.04
1.089
1.119
1.132
1.129
1.112
1.084
1.046
1.0
0.948
0.892
0.835
0.776
0.72
0.667
0.619
0.576
0.538
0.506
0.478
0.454
0.435
0.421
0.41
0.403
0.4
0.401
0.405
0.412
0.422
0.435
0.451
0.469
0.489
0.512
0.537
0.564
0.592
0.622
0.653
0.685
0.718
0.753
0.787
0.823
0.858
0.894
0.929
0.965
1.0
1.035
1.069
1.102
1.135
1.167
1.199
1.231
1.261
1.292
1.321
1.351
1.379
1.408
1.435
1.463
1.489
1.515
1.541
1.566
1.591
1.615
1.639
1.662
1.685
1.707
1.729
1.751
1.772
1.792
1.812
1.832
1.851
1.869
1.887
1.905
1.922
1.939
1.956
1.971
1.987
2.002
2.017
2.031
2.045
2.058
2.071
2.084
2.096
2.108
2.119
2.13
2.14
2.151
2.16
2.17
2.179
2.187
2.196
2.203
2.211
2.218
2.225
2.231
2.237
2.243
2.248
2.253
2.257
2.262
2.266
2.269
2.272
2.275
2.278
2.28
2.282
2.283
2.284
2.285
2.286
2.286
2.286
2.286
2.285
2.284
2.283
2.281
2.28
2.277
2.275
2.272
2.269
2.266
2.263
2.259
2.255
2.25
2.246
2.241
2.236
2.23
2.225
2.219
2.213
2.206
2.2
2.193
2.186
2.178
2.171
2.163
2.155
2.147
2.138
2.13
2.121
2.112
2.103
2.093
2.083
2.073
2.063
2.053
2.043
2.032
2.021
2.01
1.999
1.988
1.976
1.964
1.953
1.941
1.928
1.916
1.904
1.891
1.878
1.865
1.852
1.839
1.826
1.812
1.798
1.785
1.771
1.757
1.743
1.729
1.714
1.7
1.685
1.671
1.656
1.641
1.626
1.611
1.596
1.581
1.565
1.55
1.535
1.519
1.503
1.488
1.472
1.456
1.44
1.424
1.408
1.392
1.376
1.36
1.344
1.328
1.312
1.295
1.279
1.263
1.246
1.23
1.214
1.197
1.181
1.164
1.148
1.131
1.115
1.099
1.082
1.066
1.049
1.033
1.016
1.0
0.984
0.967
0.951
0.935
0.919
0.903
0.887
0.871
0.856
0.841
0.825
0.811
0.796
0.782
0.768
0.754
0.74
0.727
0.715
0.702
0.691
0.679
0.668
0.658
0.647
0.638
0.629
0.62
0.612
0.605
0.598
0.592
0.587
0.582
0.578
0.574
0.571
0.569
0.568
0.567
0.568
0.568
0.57
0.571
0.574
0.577
0.581
0.585
0.59
0.595
0.6
0.606
0.613
0.62
0.627
0.634
0.642
0.651
0.659
0.668
0.677
0.686
0.696
0.705
0.715
0.725
0.735
0.745
0.756
0.766
0.776
0.787
0.797
0.807
0.818
0.828
0.838
0.848
0.858
0.868
0.877
0.887
0.896
0.905
0.913
0.922
0.93
0.937
0.945
0.952
0.958
0.965
0.97
0.976
0.981
0.985
0.989
0.992
0.995
0.997
0.999
1.0
1.0
1.0
0.999
0.997
0.994
0.991
0.987
0.982
0.977
0.971
0.965
0.957
0.95
0.941
0.933
0.923
0.914
0.903
0.893
0.881
0.87
0.858
0.845
0.833
0.82
0.806
0.793
0.779
0.765
0.751
0.736
0.721
0.706
0.691
0.676
0.661
0.645
0.63
0.615
0.599
0.583
0.568
0.552
0.537
0.522
0.506
0.491
0.476
0.461
0.447
0.432
0.418
0.404
0.39
0.377
0.364
0.351
0.338
0.326
0.314
0.303
0.292
0.281
0.271
0.261
0.252
0.244
0.236
0.228
0.221
0.215
0.209
0.204
0.2
0.196
0.193
0.191
0.189
0.188
0.188
0.189
0.191
0.193
0.196
0.2
0.206
0.212
0.218
0.226
0.235
0.245
0.256
0.268
0.281
0.295
0.31
0.327
0.344
0.363
0.382
0.404
0.426
0.449
0.474
0.5
0.527
0.556
0.585
0.615
0.645
0.675
0.705
0.735
0.764
0.793
0.82
0.847
0.871
0.894
0.915
0.934
0.95
0.964
0.975
0.982
0.986
0.987
0.984
0.976
0.965
0.948
0.927
0.901
0.87
0.833
0.791
0.744
0.694
0.641
0.587
0.533
0.48
0.429
0.381
0.338
0.3
0.268
0.243
0.224
0.211
0.203
0.2
0.202
0.208
0.219
0.234
0.252
0.274
0.299
0.327
0.358
0.391
0.426
0.462
0.5
0.539
0.579
0.619
0.659
0.7
0.74
0.78
0.82
0.859
0.898
0.936
0.974
1.011
1.048
1.085
1.121
1.157
1.192
1.226
1.26
1.294
1.326
1.359
1.39
1.421
1.451
1.481
1.51
1.538
1.566
1.593
1.619
1.644
1.669
1.692
1.715
1.737
1.759
1.779
1.799
1.817
1.835
1.852
1.868
1.883
1.897
1.91
1.922
1.933
1.942
1.951
1.959
1.966
1.972
1.976
1.98
1.982
1.983
1.983
1.982
1.979
1.975
1.971
1.964
1.957
1.948
1.938
1.927
1.914
1.9
1.885
1.868
1.85
1.83
1.809
1.786
1.763
1.737
1.71
1.682
1.652
1.62
1.587
1.553
1.516
1.479
1.439
1.398
1.355
1.311
1.265
1.217
1.167
1.116
1.063
1.008
0.952
0.893
0.833
0.771
0.708
0.644
0.58
0.517
0.454
0.393
0.333
0.277
0.222
0.171
0.121
0.075
0.03
-0.012
-0.052
-0.089
-0.125
-0.158
-0.189
-0.218
-0.245
-0.27
-0.293
-0.314
-0.333
-0.351
-0.367
-0.381
-0.393
-0.404
-0.413
-0.42
-0.426
-0.431
-0.434
-0.435
-0.436
-0.435
-0.433
-0.429
-0.425
-0.419
-0.412
-0.404
-0.396
-0.386
-0.375
-0.364
-0.351
-0.338
-0.324
-0.31
-0.294
-0.279
-0.262
-0.245
-0.228
-0.21
-0.192
-0.173
-0.154
-0.135
-0.116
-0.096
-0.077
-0.057
-0.037
-0.017
0.003
0.022
0.042
0.061
0.081
0.1
0.118
0.137
0.155
0.172
0.189
0.206
0.222
0.237
0.252
0.266
0.279
0.292
0.303
0.314
0.324
0.333
0.341
0.349
0.355
0.36
0.365
0.368
0.371
0.374
0.375
0.376
0.377
0.377
0.376
0.375
0.374
0.372
0.37
0.368
0.365
0.362
0.359
0.356
0.353
0.349
0.346
0.343
0.34
0.337
0.334
0.331
0.329
0.326
0.325
0.323
0.322
0.322
0.321
0.322
0.323
0.324
0.327
0.33
0.333
0.338
0.343
0.349
0.355
0.363
0.371
0.379
0.388
0.397
0.407
0.418
0.429
0.44
0.451
0.463
0.475
0.487
0.5
0.513
0.526
0.539
0.552
0.565
0.579
0.592
0.606
0.619
0.633
0.647
0.661
0.675
0.689
0.703
0.717
0.731
0.745
0.759
0.773
0.786
0.8
0.814
0.828
0.841
0.855
0.868
0.881
0.894
0.907
0.92
0.932
0.945
0.957
0.969
0.981
0.992
1.004
1.015
1.025
1.036
1.046
1.056
1.066
1.075
1.084
1.093
1.101
1.109
1.117
1.124
1.131
1.137
1.143
1.148
1.154
1.158
1.162
1.166
1.169
1.172
1.174
1.176
1.177
1.178
1.178
1.177
1.176
1.175
1.172
1.169
1.166
1.162
1.157
1.152
1.146
1.139
1.132
1.123
1.115
1.105
1.095
1.084
1.072
1.059
1.046
1.032
1.017
1.001
0.985
0.968
0.949
0.93
0.91
0.89
0.868
0.845
0.822
0.798
0.772
0.746
0.719
0.69
0.661
0.631
0.6
0.568
0.535
0.501
0.466
0.431
0.395
0.358
0.321
0.283
0.246
0.207
0.169
0.131
0.092
0.054
0.016
-0.022
-0.06
-0.097
-0.134
-0.17
-0.206
-0.241
-0.276
-0.309
-0.342
-0.374
-0.405
-0.434
-0.463
-0.49
-0.516
-0.54
-0.563
-0.584
-0.604
-0.622
-0.638
-0.652
-0.665
-0.675
-0.683
-0.689
-0.693
-0.695
-0.694
-0.69
-0.684
-0.676
-0.664
-0.65
-0.633
-0.613
-0.59
-0.564
-0.535
-0.503
-0.467
-0.428
-0.385
-0.339
-0.289
-0.236
-0.179
-0.118
-0.053
0.016
0.089
0.167
0.248
0.332
0.417
0.502
0.586
0.667
0.743
0.815
0.883
0.947
1.007
1.062
1.114
1.162
1.206
1.247
1.285
1.319
1.349
1.377
1.401
1.422
1.441
1.456
1.469
1.48
1.487
1.493
1.496
1.497
1.495
1.492
1.486
1.479
1.47
1.46
1.447
1.434
1.419
1.402
1.385
1.366
1.347
1.326
1.305
1.283
1.261
1.238
1.214
1.19
1.166
1.142
1.118
1.094
1.07
1.046
1.023
1.0
0.978
0.956
0.935
0.914
0.894
0.874
0.855
0.836
0.818
0.8
0.783
0.766
0.75
0.735
0.719
0.705
0.69
0.676
0.663
0.65
0.638
0.626
0.614
0.603
0.592
0.582
0.572
0.563
0.554
0.545
0.537
0.529
0.522
0.514
0.508
0.502
0.496
0.49
0.485
0.48
0.475
0.471
0.467
0.464
0.461
0.458
0.456
0.453
0.452
0.45
0.449
0.448
0.447
0.447
0.447
0.447
0.447
0.448
0.449
0.45
0.452
0.454
0.456
0.458
0.46
0.463
0.466
0.469
0.472
0.476
0.48
0.484
0.488
0.492
0.497
0.502
0.507
0.512
0.517
0.522
0.528
0.534
0.539
0.545
0.552
0.558
0.564
0.571
0.578
0.584
0.591
0.598
0.605
0.612
0.62
0.627
0.634
0.642
0.649
0.657
0.665
0.673
0.68
0.688
0.696
0.704
0.712
0.72
0.728
0.736
0.744
0.752
0.76
0.768
0.776
0.784
0.792
0.8
0.808
0.816
0.824
0.831
0.839
0.846
0.853
0.86
0.867
0.874
0.88
0.885
0.891
0.896
0.901
0.905
0.909
0.912
0.915
0.917
0.918
0.919
0.92
0.919
0.918
0.917
0.914
0.911
0.907
0.902
0.897
0.89
0.883
0.874
0.865
0.854
0.843
0.831
0.817
0.802
0.787
0.77
0.752
0.733
0.712
0.69
0.667
0.643
0.617
0.59
0.561
0.531
0.5
0.467
0.433
0.399
0.364
0.329
0.295
0.262
0.23
0.2
0.172
0.146
0.123
0.101
0.081
0.063
0.047
0.033
0.021
0.011
0.002
-0.005
-0.011
-0.015
-0.018
-0.019
-0.019
-0.017
-0.014
-0.01
-0.005
0.002
0.009
0.018
0.028
0.038
0.05
0.062
0.075
0.089
0.104
0.119
0.135
0.151
0.168
0.185
0.203
0.221
0.24
0.258
0.277
0.296
0.316
0.335
0.354
0.373
0.392
0.411
0.43
0.449
0.467
0.485
0.503
0.52
0.537
0.553
0.568
0.583
0.598
0.611
0.624
0.636
0.647
0.657
0.667
0.675
0.682
0.688
0.694
0.698
0.702
0.704
0.706
0.707
0.707
0.707
0.706
0.704
0.701
0.698
0.694
0.69
0.685
0.679
0.673
0.667
0.659
0.652
0.644
0.636
0.627
0.619
0.609
0.6
0.59
0.58
0.57
0.56
0.549
0.539
0.528
0.518
0.507
0.496
0.486
0.475
0.464
0.454
0.444
0.433
0.423
0.414
0.404
0.395
0.386
0.377
0.369
0.361
0.353
0.346
0.34
0.333
0.328
0.322
0.318
0.313
0.31
0.306
0.303
0.301
0.299
0.298
0.296
0.296
0.296
0.296
0.296
0.297
0.298
0.3
0.302
0.305
0.307
0.31
0.314
0.318
0.322
0.326
0.331
0.336
0.341
0.346
0.352
0.358
0.365
0.371
0.378
0.385
0.393
0.4
0.408
0.416
0.424
0.432
0.441
0.45
0.458
0.467
0.477
0.486
0.495
0.505
0.515
0.524
0.534
0.544
0.554
0.565
0.575
0.585
0.596
0.606
0.616
0.627
0.637
0.648
0.659
0.669
0.68
0.69
0.701
0.711
0.722
0.732
0.743
0.753
0.763
0.774
0.784
0.794
0.804
0.814
0.823
0.833
0.843
0.852
0.861
0.87
0.879
0.888
0.897
0.905
0.913
0.921
0.929
0.937
0.944
0.951
0.958
0.965
0.972
0.978
0.984
0.989
0.995
1.0
1.005
1.009
1.014
1.018
1.021
1.025
1.028
1.031
1.034
1.036
1.038
1.04
1.042
1.044
1.045
1.046
1.047
1.048
1.049
1.049
1.049
1.049
1.049
1.049
1.049
1.048
1.048
1.047
1.046
1.045
1.044
1.042
1.041
1.04
1.038
1.036
1.035
1.033
1.031
1.029
1.027
1.025
1.023
1.021
1.019
1.017
1.015
1.013
1.011
1.008
1.006
1.004
1.002
1.0
0.998
0.996
0.994
0.992
0.99
0.988
0.986
0.984
0.983
0.981
0.979
0.977
0.975
0.974
0.972
0.97
0.968
0.967
0.965
0.963
0.962
0.96
0.958
0.957
0.955
0.953
0.952
0.95
0.948
0.947
0.945
0.943
0.942
0.94
0.938
0.936
0.935
0.933
0.931
0.929
0.927
0.926
0.924
0.922
0.92
0.918
0.916
0.914
0.912
0.91
0.908
0.906
0.903
0.901
0.899
0.897
0.894
0.892
0.89
0.887
0.885
0.882
0.88
0.877
0.874
0.871
0.869
0.866
0.863
0.86
0.857
0.854
0.851
0.847
0.844
0.841
0.837
0.834
0.83
0.827
0.823
0.819
0.816
0.812
0.808
0.804
0.8
0.795
0.791
0.787
0.782
0.778
0.773
0.768
0.763
0.759
0.754
0.748
0.743
0.738
0.733
0.727
0.722
0.716
0.71
0.704
0.698
0.692
0.686
0.68
0.673
0.667
0.66
0.653
0.646
0.639
0.632
0.625
0.618
0.611
0.604
0.596
0.589
0.581
0.574
0.566
0.559
0.551
0.543
0.536
0.528
0.52
0.513
0.505
0.497
0.49
0.482
0.475
0.467
0.46
0.453
0.445
0.438
0.431
0.424
0.417
0.41
0.403
0.396
0.39
0.383
0.377
0.371
0.365
0.359
0.353
0.347
0.342
0.336
0.331
0.326
0.321
0.317
0.312
0.308
0.304
0.3
0.297
0.293
0.29
0.287
0.285
0.282
0.28
0.278
0.276
0.275
0.274
0.273
0.273
0.272
0.272
0.273
0.273
0.274
0.276
0.278
0.28
0.282
0.285
0.288
0.291
0.295
0.299
0.303
0.308
0.314
0.319
0.326
0.332
0.339
0.346
0.354
0.362
0.371
0.38
0.39
0.4
0.41
0.421
0.433
0.444
0.457
0.47
0.483
0.496
0.51
0.524
0.538
0.552
0.566
0.579
0.593
0.607
0.62
0.632
0.645
0.657
0.668
0.679
0.689
0.698
0.707
0.714
0.721
0.726
0.731
0.734
0.737
0.738
0.737
0.735
0.732
0.727
0.721
0.713
0.703
0.692
0.678
0.663
0.646
0.627
0.605
0.581
0.556
0.527
0.497
0.465
0.432
0.397
0.362
0.326
0.289
0.253
0.216
0.181
0.145
0.111
0.078
0.047
0.018
-0.009
-0.034
-0.056
-0.075
-0.091
-0.103
-0.112
-0.116
-0.116
-0.111
-0.102
-0.087
-0.066
-0.04
-0.008
0.03
0.075
0.127
0.186
0.253
0.327
0.409
0.5
0.598
0.701
0.805
0.906
1.0
1.084
1.157
1.22
1.274
1.319
1.354
1.382
1.401
1.413
1.418
1.416
1.408
1.394
1.375
1.351
1.322
1.289
1.252
1.212
1.168
1.123
1.075
1.025
0.975
0.923
0.871
0.819
0.767
0.716
0.667
0.619
0.572
0.528
0.485
0.444
0.404
0.367
0.332
0.298
0.267
0.238
0.211
0.186
0.163
0.143
0.125
0.109
0.095
0.084
0.074
0.067
0.061
0.057
0.055
0.055
0.057
0.06
0.065
0.071
0.078
0.087
0.097
0.109
0.122
0.135
0.15
0.166
0.183
0.2
0.219
0.238
0.257
0.278
0.299
0.32
0.342
0.364
0.386
0.409
0.431
0.454
0.477
0.5
0.523
0.545
0.568
0.59
0.612
0.634
0.655
0.677
0.698
0.718
0.738
0.758
0.777
0.796
0.814
0.831
0.848
0.865
0.881
0.896
0.91
0.924
0.936
0.948
0.96
0.97
0.979
0.988
0.995
1.002
1.007
1.012
1.015
1.018
1.019
1.019
1.018
1.015
1.011
1.006
1.0
0.992
0.983
0.973
0.962
0.949
0.936
0.921
0.906
0.89
0.873
0.855
0.837
0.818
0.799
0.779
0.759
0.738
0.717
0.697
0.676
0.654
0.633
0.613
0.592
0.571
0.551
0.531
0.511
0.492
0.474
0.456
0.439
0.422
0.407
0.392
0.378
0.365
0.353
0.343
0.333
0.325
0.318
0.312
0.308
0.304
0.302
0.301
0.3
0.301
0.302
0.305
0.308
0.312
0.317
0.323
0.329
0.336
0.343
0.351
0.36
0.369
0.379
0.389
0.399
0.41
0.421
0.433
0.444
0.456
0.468
0.48
0.492
0.504
0.517
0.529
0.541
0.553
0.565
0.576
0.588
0.599
0.61
0.62
0.631
0.64
0.65
0.658
0.667
0.674
0.682
0.688
0.694
0.7
0.705
0.709
0.713
0.717
0.72
0.722
0.724
0.726
0.727
0.728
0.729
0.729
0.728
0.728
0.726
0.725
0.723
0.721
0.718
0.716
0.712
0.709
0.705
0.701
0.697
0.693
0.688
0.683
0.678
0.672
0.667
0.661
0.655
0.649
0.643
0.636
0.63
0.623
0.616
0.609
0.602
0.595
0.588
0.581
0.573
0.566
0.559
0.551
0.544
0.537
0.529
0.522
0.515
0.507
0.5
0.493
0.486
0.479
0.472
0.465
0.458
0.451
0.445
0.438
0.432
0.425
0.419
0.413
0.407
0.401
0.395
0.389
0.384
0.378
0.373
0.368
0.363
0.358
0.353
0.348
0.344
0.34
0.335
0.331
0.327
0.324
0.32
0.317
0.313
0.31
0.307
0.305
0.302
0.3
0.298
0.296
0.294
0.292
0.291
0.29
0.289
0.288
0.288
0.288
0.288
0.288
0.288
0.289
0.29
0.291
0.292
0.294
0.296
0.298
0.3
0.303
0.306
0.309
0.312
0.316
0.32
0.324
0.329
0.333
0.338
0.344
0.349
0.355
0.36
0.366
0.372
0.377
0.382
0.387
0.392
0.396
0.4
0.403
0.406
0.409
0.411
0.412
0.413
0.414
0.414
0.414
0.414
0.413
0.412
0.411
0.409
0.407
0.405
0.403
0.4
0.397
0.394
0.391
0.388
0.384
0.38
0.377
0.373
0.369
0.365
0.361
0.357
0.353
0.349
0.345
0.341
0.337
0.333
0.33
0.326
0.323
0.319
0.316
0.313
0.31
0.307
0.305
0.303
0.301
0.299
0.298
0.297
0.296
0.295
0.295
0.296
0.296
0.297
0.299
0.301
0.303
0.306
0.309
0.313
0.317
0.322
0.327
0.333
0.34
0.347
0.354
0.363
0.372
0.381
0.391
0.402
0.414
0.427
0.44
0.454
0.468
0.484
0.5
0.517
0.535
0.553
0.573
0.592
0.612
0.633
0.654
0.675
0.697
0.718
0.74
0.762
0.783
0.805
0.826
0.848
0.868
0.889
0.909
0.928
0.947
0.966
0.983
1.0
1.016
1.031
1.045
1.059
1.072
1.083
1.094
1.105
1.114
1.123
1.131
1.138
1.145
1.15
1.155
1.16
1.163
1.166
1.169
1.17
1.171
1.171
1.171
1.169
1.168
1.165
1.162
1.159
1.154
1.15
1.144
1.138
1.132
1.124
1.117
1.109
1.1
1.09
1.081
1.07
1.059
1.048
1.036
1.024
1.011
0.998
0.984
0.97
0.955
0.94
0.925
0.909
0.893
0.876
0.859
0.842
0.824
0.806
0.787
0.769
0.75
0.73
0.71
0.69
0.67
0.649
0.628
0.607
0.585
0.563
0.541
0.519
0.497
0.474
0.451
0.428
0.404
0.381
0.357
0.333
0.309
0.286
0.262
0.24
0.219
0.199
0.182
0.166
0.154
0.144
0.138
0.135
0.137
0.143
0.153
0.169
0.188
0.211
0.239
0.269
0.303
0.34
0.38
0.422
0.467
0.513
0.562
0.611
0.662
0.714
0.767
0.82
0.874
0.927
0.98
1.033
1.085
1.136
1.185
1.233
1.279
1.324
1.366
1.405
1.442
1.475
1.506
1.532
1.555
1.574
1.589
1.599
1.604
1.604
1.599
1.589
1.572
1.55
1.521
1.485
1.443
1.394
1.337
1.273
1.201
1.121
1.032
0.935
0.829
0.714
