0.0
0.015
0.029
0.044
0.058
0.071
0.085
0.098
0.111
0.124
0.136
0.149
0.161
0.172
0.184
0.195
0.206
0.217
0.228
0.238
0.248
0.258
0.268
0.277
0.287
0.296
0.304
0.313
0.322
0.33
0.338
0.346
0.353
0.361
0.368
0.375
0.382
0.389
0.395
0.402
0.408
0.414
0.42
0.426
0.431
0.436
0.442
0.447
0.452
0.456
0.461
0.466
0.47
0.474
0.478
0.482
0.486
0.49
0.493
0.497
0.5
0.503
0.506
0.509
0.512
0.515
0.518
0.52
0.523
0.525
0.527
0.529
0.531
0.533
0.535
0.537
0.539
0.541
0.542
0.544
0.545
0.547
0.548
0.549
0.55
0.552
0.553
0.554
0.555
0.556
0.557
0.557
0.558
0.559
0.56
0.561
0.561
0.562
0.563
0.563
0.564
0.565
0.565
0.566
0.567
0.567
0.568
0.568
0.569
0.57
0.57
0.571
0.571
0.572
0.573
0.573
0.574
0.575
0.576
0.577
0.577
0.578
0.579
0.58
0.581
0.582
0.583
0.584
0.585
0.587
0.588
0.589
0.59
0.592
0.593
0.595
0.596
0.598
0.599
0.601
0.603
0.605
0.607
0.609
0.611
0.613
0.615
0.617
0.62
0.622
0.625
0.627
0.63
0.633
0.636
0.639
0.642
0.645
0.648
0.651
0.655
0.658
0.662
0.666
0.67
0.674
0.678
0.682
0.686
0.691
0.695
0.7
0.704
0.709
0.714
0.719
0.725
0.73
0.735
0.741
0.746
0.752
0.758
0.763
0.769
0.774
0.78
0.786
0.791
0.796
0.802
0.807
0.812
0.817
0.822
0.826
0.831
0.835
0.839
0.843
0.847
0.851
0.854
0.857
0.859
0.862
0.864
0.865
0.867
0.868
0.869
0.869
0.869
0.868
0.867
0.866
0.864
0.862
0.859
0.856
0.852
0.848
0.843
0.838
0.832
0.825
0.818
0.811
0.802
0.794
0.784
0.774
0.763
0.751
0.739
0.726
0.712
0.698
0.683
0.667
0.65
0.632
0.614
0.595
0.576
0.556
0.536
0.515
0.494
0.473
0.451
0.429
0.407
0.385
0.363
0.341
0.319
0.297
0.275
0.254
0.233
0.212
0.191
0.171
0.152
0.133
0.115
0.097
0.08
0.064
0.048
0.034
0.02
0.008
-0.004
-0.014
-0.023
-0.031
-0.038
-0.044
-0.048
-0.051
-0.052
-0.052
-0.05
-0.046
-0.041
-0.034
-0.026
-0.015
-0.003
0.012
0.028
0.046
0.067
0.09
0.114
0.142
0.171
0.203
0.237
0.274
0.313
0.355
0.4
0.447
0.496
0.547
0.599
0.651
0.702
0.753
0.801
0.848
0.892
0.932
0.968
1.0
1.026
1.048
1.064
1.076
1.084
1.087
1.087
1.083
1.075
1.065
1.051
1.035
1.016
0.995
0.972
0.947
0.921
0.894
0.865
0.836
0.805
0.775
0.745
0.714
0.684
0.655
0.625
0.596
0.568
0.539
0.512
0.484
0.457
0.43
0.403
0.377
0.351
0.326
0.301
0.276
0.252
0.227
0.204
0.18
0.157
0.134
0.112
0.09
0.068
0.046
0.025
0.004
-0.017
-0.037
-0.057
-0.076
-0.096
-0.115
-0.133
-0.152
-0.17
-0.188
-0.205
-0.222
-0.239
-0.256
-0.272
-0.288
-0.304
-0.319
-0.335
-0.349
-0.364
-0.378
-0.392
-0.406
-0.42
-0.433
-0.446
-0.458
-0.471
-0.483
-0.495
-0.506
-0.518
-0.529
-0.539
-0.55
-0.56
-0.57
-0.58
-0.59
-0.599
-0.608
-0.617
-0.625
-0.633
-0.641
-0.649
-0.657
-0.664
-0.671
-0.678
-0.684
-0.691
-0.697
-0.703
-0.709
-0.714
-0.719
-0.724
-0.729
-0.734
-0.738
-0.742
-0.746
-0.75
-0.753
-0.756
-0.759
-0.762
-0.765
-0.767
-0.77
-0.772
-0.774
-0.775
-0.777
-0.778
-0.779
-0.78
-0.781
-0.781
-0.782
-0.782
-0.782
-0.781
-0.781
-0.781
-0.78
-0.779
-0.778
-0.777
-0.775
-0.773
-0.772
-0.77
-0.768
-0.765
-0.763
-0.76
-0.758
-0.755
-0.752
-0.749
-0.745
-0.742
-0.738
-0.734
-0.73
-0.726
-0.722
-0.718
-0.713
-0.709
-0.704
-0.699
-0.694
-0.689
-0.684
-0.678
-0.673
-0.667
-0.661
-0.656
-0.65
-0.644
-0.637
-0.631
-0.625
-0.618
-0.611
-0.605
-0.598
-0.591
-0.584
-0.576
-0.569
-0.562
-0.554
-0.547
-0.539
-0.531
-0.524
-0.516
-0.508
-0.499
-0.491
-0.483
-0.475
-0.466
-0.458
-0.449
-0.441
-0.432
-0.423
-0.414
-0.405
-0.397
-0.387
-0.378
-0.369
-0.36
-0.351
-0.341
-0.332
-0.323
-0.313
-0.304
-0.294
-0.285
-0.275
-0.265
-0.255
-0.246
-0.236
-0.226
-0.216
-0.206
-0.196
-0.186
-0.176
-0.166
-0.156
-0.146
-0.136
-0.126
-0.116
-0.106
-0.096
-0.085
-0.075
-0.065
-0.055
-0.045
-0.034
-0.024
-0.014
-0.004
0.006
0.017
0.027
0.037
0.047
0.057
0.068
0.078
0.088
0.098
0.108
0.118
0.128
0.138
0.148
0.158
0.168
0.178
0.188
0.198
0.208
0.218
0.227
0.237
0.247
0.256
0.266
0.275
0.285
0.294
0.304
0.313
0.322
0.332
0.341
0.35
0.359
0.368
0.377
0.386
0.395
0.403
0.412
0.421
0.429
0.438
0.446
0.454
0.463
0.471
0.479
0.487
0.495
0.502
0.51
0.518
0.525
0.533
0.54
0.547
0.554
0.562
0.568
0.575
0.582
0.589
0.595
0.602
0.608
0.614
0.62
0.626
0.632
0.638
0.643
0.649
0.654
0.659
0.664
0.669
0.674
0.679
0.683
0.688
0.692
0.696
0.7
0.704
0.708
0.711
0.715
0.718
0.721
0.724
0.727
0.73
0.732
0.734
0.737
0.739
0.741
0.742
0.744
0.745
0.746
0.747
0.748
0.749
0.749
0.75
0.75
0.75
0.75
0.749
0.749
0.748
0.747
0.746
0.744
0.743
0.741
0.739
0.737
0.735
0.732
0.729
0.727
0.723
0.72
0.716
0.713
0.709
0.704
0.7
0.695
0.69
0.685
0.68
0.674
0.668
0.662
0.656
0.649
0.642
0.634
0.626
0.618
0.61
0.601
0.591
0.582
0.571
0.561
0.55
0.538
0.526
0.514
0.501
0.488
0.474
0.459
0.444
0.429
0.412
0.396
0.379
0.361
0.343
0.325
0.306
0.287
0.268
0.248
0.228
0.208
0.188
0.168
0.148
0.127
0.107
0.087
0.066
0.046
0.026
0.007
-0.013
-0.032
-0.051
-0.07
-0.088
-0.106
-0.124
-0.141
-0.158
-0.174
-0.189
-0.204
-0.218
-0.232
-0.245
-0.257
-0.268
-0.279
-0.289
-0.297
-0.305
-0.312
-0.318
-0.323
-0.327
-0.33
-0.332
-0.332
-0.331
-0.329
-0.326
-0.322
-0.316
-0.309
-0.3
-0.29
-0.279
-0.266
-0.251
-0.235
-0.217
-0.197
-0.176
-0.153
-0.129
-0.102
-0.074
-0.044
-0.012
0.022
0.058
0.096
0.136
0.178
0.222
0.269
0.317
0.367
0.42
0.474
0.53
0.588
0.647
0.708
0.771
0.835
0.9
0.967
1.035
1.104
1.175
1.246
1.318
1.392
1.466
1.541
1.616
1.692
1.769
1.847
1.924
2.002
2.081
2.16
2.238
2.317
2.396
2.475
2.554
2.633
2.711
2.789
2.867
2.944
3.02
3.097
3.172
3.247
3.321
3.394
3.466
3.537
3.607
3.676
3.743
3.81
3.875
3.938
4.001
4.061
4.12
4.177
4.233
4.287
4.339
4.388
4.436
4.482
4.526
4.567
4.606
4.643
4.677
4.708
4.738
4.764
4.788
4.809
4.827
4.842
4.854
4.863
4.87
4.872
4.872
4.868
4.861
4.85
4.836
4.818
4.797
4.772
4.743
4.71
4.673
4.632
4.587
4.538
4.485
4.427
4.365
4.299
4.228
4.153
4.073
3.988
3.898
3.804
3.705
3.6
3.491
3.377
3.257
3.132
3.002
2.866
2.725
2.579
2.427
2.269
2.105
1.936
1.761
1.58
1.393
1.199
1.0
0.796
0.593
0.4
0.223
0.062
-0.082
-0.211
-0.325
-0.425
-0.51
-0.583
-0.643
-0.69
-0.727
-0.752
-0.767
-0.773
-0.769
-0.756
-0.736
-0.708
-0.673
-0.633
-0.586
-0.534
-0.478
-0.418
-0.354
-0.288
-0.22
-0.149
-0.078
-0.007
0.065
0.136
0.205
0.273
0.338
0.4
0.459
0.514
0.565
0.614
0.659
0.7
0.739
0.774
0.807
0.836
0.863
0.887
0.908
0.926
0.942
0.956
0.967
0.975
0.982
0.986
0.988
0.988
0.986
0.982
0.976
0.969
0.959
0.948
0.936
0.922
0.907
0.89
0.873
0.854
0.834
0.812
0.79
0.768
0.744
0.719
0.694
0.669
0.642
0.616
0.589
0.562
0.534
0.506
0.479
0.451
0.423
0.396
0.369
0.342
0.315
0.289
0.264
0.239
0.215
0.191
0.168
0.147
0.126
0.106
0.087
0.07
0.054
0.039
0.025
0.013
0.003
-0.006
-0.013
-0.018
-0.021
-0.023
-0.022
-0.02
-0.015
-0.008
0.001
0.013
0.027
0.043
0.063
0.084
0.109
0.136
0.167
0.2
0.236
0.275
0.317
0.362
0.409
0.459
0.511
0.565
0.621
0.68
0.74
0.801
0.865
0.929
0.996
1.063
1.131
1.201
1.271
1.342
1.414
1.486
1.559
1.632
1.705
1.778
1.851
1.924
1.996
2.068
2.139
2.21
2.28
2.349
2.417
2.483
2.549
2.613
2.675
2.736
2.795
2.852
2.907
2.96
3.011
3.059
3.105
3.148
3.189
3.226
3.261
3.292
3.321
3.346
3.367
3.385
3.399
3.41
3.416
3.418
3.416
3.41
3.4
3.385
3.365
3.34
3.311
3.276
3.236
3.191
3.141
3.085
3.024
2.957
2.883
2.804
2.719
2.628
2.53
2.425
2.315
2.197
2.073
1.941
1.803
1.657
1.504
1.344
1.176
1.0
0.82
0.652
0.516
0.432
0.42
0.5
0.667
0.837
0.989
1.124
1.243
1.346
1.434
1.508
1.568
1.615
1.65
1.673
1.685
1.688
1.68
1.664
1.64
1.608
1.57
1.525
1.476
1.421
1.362
1.301
1.236
1.17
1.102
1.034
0.966
0.899
0.833
0.77
0.71
0.653
0.6
0.552
0.509
0.471
0.437
0.407
0.382
0.36
0.343
0.329
0.318
0.311
0.307
0.306
0.307
0.312
0.318
0.327
0.339
0.352
0.367
0.383
0.401
0.421
0.441
0.463
0.485
0.508
0.531
0.555
0.578
0.602
0.626
0.649
0.671
0.693
0.714
0.734
0.753
0.771
0.788
0.804
0.819
0.834
0.847
0.859
0.871
0.881
0.891
0.9
0.908
0.915
0.922
0.927
0.932
0.936
0.94
0.943
0.945
0.946
0.947
0.947
0.947
0.946
0.944
0.942
0.939
0.936
0.932
0.928
0.923
0.918
0.912
0.906
0.899
0.892
0.885
0.877
0.869
0.861
0.852
0.843
0.834
0.825
0.815
0.805
0.795
0.784
0.774
0.763
0.752
0.741
0.73
0.719
0.707
0.696
0.684
0.673
0.662
0.65
0.639
0.627
0.616
0.605
0.594
0.583
0.572
0.561
0.55
0.54
0.529
0.519
0.51
0.5
0.491
0.482
0.473
0.464
0.456
0.448
0.44
0.432
0.425
0.418
0.411
0.404
0.398
0.392
0.386
0.38
0.375
0.369
0.364
0.36
0.355
0.351
0.346
0.342
0.339
0.335
0.332
0.328
0.325
0.323
0.32
0.317
0.315
0.313
0.311
0.31
0.308
0.307
0.306
0.305
0.304
0.303
0.303
0.302
0.302
0.302
0.302
0.302
0.303
0.303
0.304
0.305
0.306
0.307
0.308
0.31
0.311
0.313
0.315
0.317
0.319
0.321
0.323
0.326
0.328
0.331
0.334
0.337
0.34
0.343
0.346
0.349
0.352
0.356
0.359
0.363
0.367
0.37
0.374
0.378
0.382
0.386
0.391
0.395
0.399
0.404
0.408
0.413
0.417
0.422
0.426
0.431
0.436
0.441
0.446
0.451
0.456
0.461
0.466
0.471
0.476
0.481
0.486
0.491
0.497
0.502
0.507
0.512
0.518
0.523
0.528
0.533
0.539
0.544
0.549
0.555
0.56
0.565
0.571
0.576
0.581
0.586
0.592
0.597
0.602
0.607
0.612
0.618
0.623
0.628
0.633
0.638
0.643
0.648
0.652
0.657
0.662
0.667
0.671
0.676
0.68
0.685
0.689
0.694
0.698
0.702
0.706
0.71
0.714
0.718
0.722
0.726
0.729
0.733
0.736
0.74
0.743
0.746
0.749
0.752
0.755
0.758
0.76
0.763
0.765
0.767
0.769
0.771
0.773
0.775
0.776
0.778
0.779
0.78
0.781
0.781
0.782
0.782
0.783
0.783
0.782
0.782
0.782
0.781
0.78
0.779
0.778
0.776
0.775
0.773
0.771
0.769
0.766
0.763
0.761
0.758
0.755
0.751
0.748
0.744
0.74
0.736
0.732
0.728
0.723
0.719
0.714
0.709
0.704
0.699
0.694
0.688
0.683
0.677
0.671
0.665
0.659
0.653
0.646
0.64
0.633
0.627
0.62
0.613
0.606
0.599
0.592
0.585
0.578
0.57
0.563
0.555
0.547
0.54
0.532
0.524
0.516
0.508
0.5
0.492
0.484
0.476
0.467
0.459
0.451
0.443
0.434
0.426
0.418
0.41
0.402
0.394
0.386
0.378
0.371
0.363
0.356
0.348
0.341
0.334
0.327
0.321
0.314
0.308
0.302
0.296
0.291
0.286
0.281
0.276
0.271
0.267
0.263
0.26
0.257
0.254
0.251
0.249
0.247
0.246
0.245
0.244
0.244
0.244
0.245
0.246
0.247
0.249
0.252
0.255
0.258
0.262
0.267
0.272
0.278
0.284
0.291
0.298
0.306
0.314
0.324
0.333
0.344
0.355
0.366
0.378
0.391
0.404
0.418
0.432
0.447
0.461
0.477
0.492
0.508
0.525
0.541
0.558
0.575
0.592
0.609
0.626
0.644
0.661
0.679
0.697
0.714
0.732
0.749
0.767
0.784
0.801
0.818
0.835
0.852
0.868
0.884
0.9
0.915
0.93
0.945
0.959
0.973
0.987
1.0
1.012
1.024
1.035
1.046
1.056
1.065
1.074
1.082
1.089
1.096
1.102
1.107
1.111
1.114
1.116
1.118
1.118
1.118
1.116
1.114
1.11
1.106
1.1
1.093
1.085
1.076
1.066
1.054
1.041
1.027
1.011
0.994
0.976
0.956
0.935
0.913
0.889
0.863
0.837
0.808
0.779
0.749
0.718
0.687
0.654
0.622
0.589
0.556
0.523
0.49
0.457
0.425
0.393
0.362
0.332
0.303
0.275
0.248
0.222
0.198
0.175
0.154
0.135
0.116
0.099
0.083
0.069
0.056
0.044
0.033
0.024
0.015
0.008
0.002
-0.003
-0.007
-0.01
-0.012
-0.013
-0.013
-0.013
-0.011
-0.009
-0.005
-0.001
0.003
0.009
0.015
0.022
0.03
0.038
0.047
0.056
0.066
0.076
0.087
0.098
0.11
0.122
0.134
0.147
0.16
0.173
0.187
0.201
0.215
0.229
0.243
0.257
0.272
0.286
0.301
0.315
0.33
0.344
0.358
0.372
0.386
0.4
0.414
0.427
0.44
0.453
0.466
0.478
0.491
0.503
0.515
0.526
0.538
0.549
0.56
0.571
0.581
0.592
0.602
0.612
0.622
0.631
0.641
0.65
0.659
0.668
0.676
0.685
0.693
0.701
0.709
0.716
0.724
0.731
0.738
0.744
0.751
0.757
0.763
0.769
0.775
0.781
0.786
0.791
0.796
0.801
0.806
0.81
0.814
0.818
0.822
0.826
0.829
0.832
0.835
0.838
0.841
0.843
0.845
0.847
0.849
0.851
0.852
0.854
0.855
0.856
0.856
0.857
0.857
0.857
0.857
0.857
0.857
0.856
0.855
0.855
0.853
0.852
0.851
0.849
0.847
0.845
0.843
0.84
0.838
0.835
0.832
0.829
0.825
0.822
0.818
0.814
0.81
0.806
0.802
0.797
0.792
0.787
0.782
0.777
0.771
0.766
0.76
0.754
0.748
0.741
0.735
0.728
0.721
0.714
0.707
0.7
0.692
0.684
0.677
0.669
0.661
0.652
0.644
0.636
0.627
0.619
0.61
0.601
0.593
0.584
0.575
0.566
0.557
0.548
0.539
0.531
0.522
0.513
0.504
0.495
0.486
0.478
0.469
0.46
0.452
0.444
0.435
0.427
0.419
0.411
0.403
0.395
0.388
0.38
0.373
0.366
0.359
0.352
0.346
0.339
0.333
0.327
0.322
0.316
0.311
0.306
0.301
0.296
0.292
0.288
0.284
0.28
0.276
0.273
0.269
0.266
0.263
0.261
0.258
0.256
0.253
0.251
0.249
0.248
0.246
0.244
0.243
0.242
0.241
0.24
0.239
0.239
0.238
0.238
0.238
0.238
0.238
0.238
0.238
0.238
0.239
0.239
0.24
0.241
0.242
0.243
0.244
0.245
0.246
0.248
0.249
0.251
0.252
0.254
0.256
0.258
0.259
0.261
0.263
0.265
0.268
0.27
0.272
0.274
0.276
0.279
0.281
0.284
0.286
0.289
0.291
0.294
0.296
0.299
0.301
0.304
0.306
0.309
0.312
0.314
0.317
0.319
0.322
0.325
0.327
0.33
0.332
0.335
0.337
0.34
0.342
0.345
0.347
0.349
0.352
0.354
0.356
0.358
0.36
0.363
0.364
0.366
0.368
0.37
0.372
0.374
0.375
0.377
0.378
0.379
0.381
0.382
0.383
0.384
0.385
0.386
0.386
0.387
0.387
0.388
0.388
0.388
0.388
0.388
0.388
0.387
0.387
0.386
0.386
0.385
0.384
0.382
0.381
0.38
0.378
0.376
0.374
0.372
0.37
0.367
0.365
0.362
0.359
0.356
0.353
0.349
0.346
0.342
0.338
0.333
0.329
0.324
0.319
0.314
0.309
0.304
0.299
0.293
0.288
0.282
0.277
0.271
0.265
0.26
0.254
0.248
0.243
0.237
0.232
0.226
0.221
0.216
0.211
0.206
0.201
0.196
0.192
0.187
0.183
0.18
0.176
0.173
0.17
0.167
0.164
0.162
0.161
0.159
0.158
0.157
0.157
0.157
0.157
0.158
0.16
0.162
0.164
0.167
0.17
0.174
0.178
0.183
0.188
0.194
0.201
0.208
0.216
0.225
0.234
0.244
0.254
0.265
0.277
0.29
0.303
0.317
0.332
0.348
0.365
0.382
0.4
0.419
0.439
0.459
0.48
0.502
0.524
0.547
0.57
0.593
0.616
0.64
0.664
0.687
0.711
0.735
0.758
0.781
0.804
0.827
0.849
0.87
0.891
0.911
0.931
0.949
0.967
0.984
1.0
1.015
1.029
1.041
1.053
1.064
1.074
1.083
1.091
1.098
1.104
1.109
1.114
1.117
1.12
1.122
1.123
1.124
1.124
1.123
1.121
1.119
1.116
1.113
1.109
1.104
1.099
1.093
1.087
1.08
1.073
1.065
1.057
1.048
1.039
1.03
1.02
1.01
1.0
0.989
0.978
0.967
0.956
0.944
0.932
0.921
0.908
0.896
0.884
0.871
0.859
0.846
0.834
0.821
0.809
0.796
0.784
0.771
0.759
0.747
0.735
0.723
0.711
0.7
0.689
0.677
0.667
0.656
0.646
0.636
0.626
0.617
0.608
0.599
0.59
0.582
0.574
0.566
0.558
0.551
0.544
0.537
0.53
0.523
0.517
0.511
0.505
0.5
0.494
0.489
0.484
0.48
0.475
0.471
0.467
0.463
0.459
0.455
0.452
0.449
0.446
0.443
0.44
0.438
0.435
0.433
0.431
0.429
0.428
0.426
0.425
0.423
0.422
0.421
0.42
0.419
0.419
0.418
0.418
0.418
0.418
0.418
0.418
0.418
0.418
0.419
0.419
0.42
0.42
0.421
0.422
0.423
0.424
0.425
0.426
0.427
0.429
0.43
0.431
0.433
0.434
0.436
0.437
0.439
0.441
0.442
0.444
0.446
0.448
0.45
0.452
0.453
0.455
0.457
0.459
0.461
0.463
0.465
0.467
0.469
0.471
0.473
0.475
0.476
0.478
0.48
0.482
0.484
0.485
0.487
0.489
0.49
0.492
0.493
0.495
0.496
0.498
0.499
0.5
0.501
0.502
0.503
0.504
0.505
0.506
0.506
0.507
0.507
0.508
0.508
0.508
0.508
0.508
0.508
0.508
0.508
0.507
0.506
0.506
0.505
0.504
0.503
0.501
0.5
