0.006757289204097714
0.007031126871552403
0.0072635933806146575
0.007533490937746257
0.007801418439716311
0.008063435776201732
0.00832348305752561
0.008579590228526399
0.008871158392434988
0.009121355397951142
0.009403073286052008
0.009643420015760441
0.009919227738376673
0.010189125295508274
0.010457052797478328
0.01071513002364066
0.010973207249802995
0.011223404255319149
0.011469661150512213
0.011710007880220644
0.011979905437352244
0.012210401891252954
0.012472419227738375
0.01272655634357762
0.012937352245862883
0.013183609141055949
0.013414105594956658
0.013640661938534278
0.013861308116627263
0.01408589440504334
0.01429472025216706
0.01449960598896769
0.01468676122931442
0.01490937746256895
0.015094562647754137
0.01526201733648542
0.015466903073286051
0.015634357762017336
0.01581363278171789
0.01595547675334909
0.0161327817178881
0.01629038613081166
0.01644208037825059
0.016558313632781714
0.016710007880220642
0.016840031520882582
0.016964144996059888
0.017080378250591013
0.017188731284475962
0.01729117415287628
0.017385736800630415
0.017474389282899922
0.017537431048069346
0.017610323089046493
0.017677304964539006
0.01773640661938534
0.017789598108747043
0.01785657998423956
0.017895981087470446
0.017905831363278172
0.017929472025216706
0.017966903073286054
0.017976753349093773
0.017978723404255315
0.01797478329393223
0.017982663514578407
0.01794129235618597
0.018008274231678487
0.018047675334909374
0.01810086682427108
0.018130417651694243
0.01817966903073286
0.01820133963750985
0.018260441292356183
0.018221040189125296
0.018205279747832936
0.018159968479117414
0.018138297872340427
0.018087076438140268
0.018059495665878642
0.018029944838455478
0.017996453900709218
0.01796099290780142
0.01792356185973207
0.017882190701339635
0.017838849487785656
0.01779353821907013
0.017744286840031518
0.01772261623325453
0.017655634357762014
0.017630023640661935
0.017570921985815603
0.01753940110323089
0.017494089834515367
0.017458628841607565
0.01740937746256895
0.01736997635933806
0.01731678486997636
0.01730496453900709
0.0172478329393223
0.017222222222222222
0.01716115051221434
0.01714342001576044
0.017111899133175727
0.017080378250591013
0.01707840819542947
0.017044917257683215
0.0170311268715524
0.016993695823483056
0.01698778565799842
0.016983845547675333
0.016966115051221434
0.016958234830575257
0.01697399527186761
0.016954294720252165
0.016979905437352245
0.016993695823483056
0.01700748620961387
0.01702127659574468
0.017070527974783294
0.017084318360914105
0.017131599684791173
0.017169030732860517
0.01721828211189913
0.017293144208037823
0.01734239558707644
0.017417257683215125
0.017494089834515367
0.01756698187549251
0.017643814026792746
0.017756107171000787
0.01783293932230102
0.017947202521670605
0.01808904649330181
0.018203309692671393
0.0183451536643026
0.01844956658786446
0.01859338061465721
0.018774625689519302
0.018920409771473603
0.01910362490149724
0.019275019700551614
0.019460204885736798
0.019672970843183608
0.019860126083530338
0.020072892040977147
0.020325059101654844
0.020537825059101653
0.02078014184397163
0.02118991331757289
0.02182230102442868
0.02243104806934594
0.023065405831363277
0.02366036249014972
0.024296690307328603
0.024913317572892037
0.02554964539007092
0.0261682427107959
0.026802600472813236
0.027421197793538216
0.027996453900709217
0.02861308116627265
0.029168636721828206
0.029743892828999207
0.03029353821907013
0.03080772261623325
0.031044129235618594
0.0312391646966115
0.031438140267927496
0.03159574468085106
0.031727738376674544
0.031861702127659576
0.03199172576832151
0.032084318360914105
0.032174940898345154
0.03220449172576832
0.032232072498029944
0.032259653270291566
0.0322832939322301
0.03227344365642238
0.032259653270291566
0.03218282111899133
0.032145390070921986
0.032033096926713946
0.03195626477541371
0.031816390858944055
0.03170606776989755
0.031568163908589436
0.03117218282111899
0.03075059101654846
0.030330969267139476
0.029881796690307324
0.029432624113475175
0.028989361702127656
0.028520488573680062
0.028049645390070918
0.027555161544523244
0.02703900709219858
0.02657801418439716
0.025803782505910162
0.025051221434200154
0.02430851063829787
0.02358156028368794
0.022870370370370367
0.022153270291568165
0.021447990543735224
0.020760441292356185
0.02009259259259259
0.019414893617021277
0.01875886524822695
0.01814026792750197
0.017513790386130813
0.016910953506698186
0.016321907013396374
0.015748620961386916
0.015195035460992908
0.014643420015760439
0.014143026004728132
0.013642631993695824
0.01315799842395587
0.012704885736800628
0.012255713159968477
0.011826241134751772
0.011520882584712372
0.011237194641449962
0.010945626477541371
0.010661938534278959
0.010397951142631994
0.010139873916469661
0.009875886524822694
0.009637509850275807
0.009418833727344365
0.009280929866036248
0.009152876280535854
0.009040583136327817
0.008930260047281324
0.008827817178881007
0.008721434200157604
0.008622931442080376
0.008534278959810874
0.008451536643026005
0.008382584712371945
0.008315602836879432
0.008248620961386918
0.008183609141055948
0.008134357762017336
0.008083136327817177
0.008047675334909377
0.008012214342001575
0.007984633569739951
0.00796099290780142
0.007937352245862884
0.007929472025216705
0.007917651694247439
0.007915681639085893
0.007917651694247439
0.007929472025216705
0.00794917257683215
0.00797084318360914
0.007992513790386131
0.008022064617809297
0.008063435776201732
0.008106776989755713
0.008156028368794326
0.008213159968479117
0.0077304964539007094
0.007726556343577619
0.00772261623325453
0.007714736012608353
0.007710795902285263
0.007710795902285263
0.007706855791962174
0.007702915681639086
0.0076970055161544515
0.0076970055161544515
0.0076970055161544515
0.007693065405831363
0.007693065405831363
0.007691095350669818
0.007691095350669818
0.007691095350669818
0.007689125295508274
0.007689125295508274
0.007691095350669818
0.007691095350669818
0.007693065405831363
0.007693065405831363
0.0076970055161544515
0.0076989755713159965
0.007700945626477541
0.007700945626477541
0.007706855791962174
0.007710795902285263
0.0077127659574468075
0.007714736012608353
0.007718676122931442
0.007724586288416075
0.007726556343577619
0.007732466509062254
0.007740346729708431
0.0077462568951930655
0.00774822695035461
0.007754137115839242
0.0077600472813238765
0.00776595744680851
0.007771867612293144
0.007781717888100867
0.0077876280535855
0.007793538219070134
0.007803388494877856
0.0078092986603624905
0.007819148936170212
0.007828999211977935
0.00783490937746257
0.007842789598108748
0.007852639873916469
0.007862490149724191
0.00787037037037037
0.007880220646178092
0.007890070921985815
0.007899921197793537
0.007907801418439716
0.007921591804570527
0.007929472025216705
0.007939322301024428
0.007951142631993697
0.00796099290780142
0.007972813238770686
0.007984633569739951
0.007994483845547674
0.008006304176516942
0.008018124507486209
0.00803191489361702
0.008043735224586289
0.008055555555555555
0.008067375886524824
0.008081166272655635
0.008092986603624902
0.008104806934594167
0.00811859732072498
0.008132387706855792
0.008144208037825059
0.00815799842395587
0.008171788810086681
0.008185579196217494
0.008199369582348305
0.008211189913317572
0.008226950354609928
0.008238770685579197
0.008254531126871552
0.008270291568163909
0.00828408195429472
0.008297872340425531
0.008311662726556344
0.008327423167848699
0.008343183609141056
0.008356973995271867
0.008372734436564224
0.008386524822695035
0.008402285263987392
0.008418045705279747
0.00843183609141056
0.008449566587864459
0.008465327029156818
0.008481087470449171
0.008494877856579984
0.008512608353033883
0.008528368794326242
0.008542159180457053
0.008561859732072498
0.008575650118203309
0.008589440504334122
0.008607171000788021
0.008622931442080376
0.008640661938534279
0.00865445232466509
0.008672182821118991
0.008687943262411346
0.008703703703703703
0.008723404255319148
0.008737194641449961
0.00875492513790386
0.008768715524034673
0.008786446020488572
0.008804176516942474
0.008821907013396373
0.008835697399527187
0.008853427895981087
0.008871158392434988
0.008884948778565799
0.0089026792750197
0.008920409771473601
0.0089381402679275
0.008953900709219857
0.00896769109535067
0.00898542159180457
0.00900315208825847
0.009018912529550827
0.009036643026004727
0.009054373522458628
0.009066193853427896
0.009083924349881797
0.009101654846335697
0.009119385342789598
0.009135145784081955
0.009152876280535854
0.009166666666666667
0.009182427107959024
0.009198187549251379
0.009215918045705278
0.009233648542159181
0.009249408983451536
0.009265169424743893
0.009280929866036248
0.00929472025216706
0.00931245074862096
0.009330181245074863
0.009345941686367217
0.009357762017336485
0.009375492513790386
0.009393223010244287
0.009407013396375098
0.009424743892829
0.00943853427895981
0.009454294720252167
0.009466115051221432
0.009479905437352245
0.009491725768321512
0.009503546099290779
0.009517336485421591
0.009529156816390858
0.009540977147360125
0.009554767533490936
0.009566587864460204
0.009578408195429471
0.009590228526398738
0.009604018912529549
0.009613869188337272
0.00962568951930654
0.009639479905437353
0.00964736012608353
0.00966115051221434
0.009671000788022065
0.00968282111899133
0.009696611505122143
0.009706461780929865
0.009718282111899132
0.009728132387706857
0.009741922773837668
0.009749802994483844
0.009761623325453111
0.00977344365642238
0.009783293932230102
0.009793144208037825
0.009802994483845546
0.009814814814814814
0.009824665090622537
0.00983451536643026
0.009846335697399526
0.009856185973207249
0.009866036249014972
0.00987391646966115
0.009885736800630419
0.009895587076438138
0.009903467297084318
0.00991331757289204
0.009923167848699762
0.009931048069345942
0.009940898345153664
0.009950748620961387
0.009958628841607564
0.009968479117415288
0.00997832939322301
0.009984239558707642
0.009994089834515366
0.010003940110323089
0.010011820330969265
0.010021670606776988
0.010031520882584712
0.010037431048069347
0.010045311268715523
0.0100531914893617
0.01006107171000788
0.010068951930654059
0.010074862096138691
0.010084712371946414
0.010090622537431046
0.010098502758077227
0.010108353033884947
0.010114263199369582
0.010122143420015758
0.010128053585500393
0.010135933806146573
0.010141843971631204
0.010147754137115838
0.010155634357762016
0.01016154452324665
0.010167454688731285
0.010175334909377462
0.010181245074862096
0.010185185185185184
0.010191095350669819
0.010197005516154451
0.01020094562647754
0.010210795902285262
0.010216706067769896
0.010220646178092986
0.010226556343577619
0.010230496453900707
0.010236406619385342
0.010240346729708432
0.01024428684003152
0.010250197005516154
0.010256107171000789
0.010260047281323877
0.01026201733648542
0.01026595744680851
0.010271867612293144
0.010275807722616232
0.01027974783293932
0.010285657998423955
0.010285657998423955
0.010291568163908589
0.010295508274231677
0.010299448384554766
0.010301418439716312
0.0103053585500394
0.01030929866036249
0.010311268715524034
0.010313238770685578
0.010315208825847124
0.010321118991331755
0.010321118991331755
0.010325059101654845
0.010325059101654845
0.010328999211977935
0.010330969267139478
0.010332939322301024
0.01033490937746257
0.01033490937746257
0.01033490937746257
0.010336879432624112
0.010338849487785658
0.010342789598108746
0.010338849487785658
0.010342789598108746
0.01034475965327029
0.010342789598108746
0.010346729708431836
0.01034475965327029
0.010346729708431836
0.01034475965327029
0.01034475965327029
0.010346729708431836
0.01034475965327029
0.01034475965327029
0.010342789598108746
0.010342789598108746
0.010342789598108746
0.010342789598108746
0.010342789598108746
0.010340819542947202
0.010340819542947202
0.010338849487785658
0.01033490937746257
0.010336879432624112
0.010332939322301024
0.010332939322301024
0.010328999211977935
0.010328999211977935
0.04242907801418439
0.04227541371158392
0.04213356973995271
0.0419779353821907
0.04179866036249014
0.04161347517730496
0.04143617021276596
0.04125492513790385
0.04104018912529551
0.04086485421591804
0.040673758865248225
0.040462962962962964
0.04025019700551615
0.040039401103230884
0.03982466509062253
0.039590228526398735
0.039381402679275014
0.03916863672182821
0.03892434988179669
0.03869188337273444
0.03844562647754137
0.038205279747832936
0.03793538219070133
0.03772852639873916
0.03746453900709219
0.03719858156028369
0.036958234830575254
0.036660756501182036
0.036396769109535064
0.036158392434988175
0.035862884160756496
0.035602836879432616
0.03531126871552403
0.035051221434200155
0.03475965327029157
0.03444641449960598
0.03419227738376675
0.0339026792750197
0.0336150512214342
0.033309692671394796
0.033022064617809294
0.03273837667454689
0.03243301812450748
0.03213159968479118
0.03184988179669031
0.03151497241922774
0.031215524034672964
0.030939716312056734
0.0306107171000788
0.03031520882584712
0.030021670606776983
0.029698581560283682
0.029405043341213553
0.029083924349881794
0.028796296296296292
0.02845941686367218
0.028175728920409766
0.027856579984239557
0.027525610717100076
0.027245862884160754
0.02691883372734436
0.02660756501182033
0.02631599684791174
0.025992907801418434
0.025687549251379036
0.02540189125295508
0.025084712371946413
0.02476950354609929
0.024456264775413707
0.02417848699763593
0.0238672182821119
0.02355988967691095
0.023284081954294718
0.022966903073286048
0.022665484633569735
0.02236603624901497
0.022084318360914106
0.021788810086682427
0.02148148148148148
0.021264775413711582
0.02106382978723404
0.020853033884948777
0.020640267927501968
0.02043144208037825
0.020254137115839243
0.020047281323877068
0.01984239558707644
0.019639479905437348
0.01946414499605989
0.019253349093774623
0.01908195429472025
0.018882978723404255
0.018705673758865247
0.018498817966903072
0.018335303388494876
0.018130417651694243
0.017957052797478328
0.017795508274231677
0.017596532702915682
0.01742710795902285
0.01725965327029157
0.017092198581560282
0.016928684003152086
0.01675531914893617
0.016593774625689516
0.016432230102442866
0.01626280535855004
0.016130811662726556
0.015965327029156817
0.015809692671394798
0.01567178881008668
0.015508274231678484
0.015382190701339636
0.01524822695035461
0.015090622537431047
0.014958628841607563
0.014828605200945626
0.014692671394799054
0.01456461780929866
0.014460204885736799
0.014328211189913316
0.014202127659574466
0.014050433412135539
0.013871158392434987
0.013721434200157603
0.013573680063041766
0.013400315208825845
0.013256501182033096
0.013108747044917256
0.012966903073286053
0.012842789598108747
0.012704885736800628
0.012580772261623324
0.012446808510638296
0.012324665090622538
0.012212371946414498
0.012074468085106382
0.011981875492513791
0.011863672182821118
0.011753349093774625
0.011644996059889674
0.011552403467297084
0.01144602048857368
0.011355397951142631
0.011264775413711584
0.011174152876280536
0.011091410559495666
0.01101457840819543
0.01093183609141056
0.010856973995271867
0.010772261623325452
0.010703309692671394
0.01064026792750197
0.01057131599684791
0.010512214342001575
0.010486603624901497
0.010474783293932229
0.010449172576832151
0.01043538219070134
0.010429472025216706
0.010413711583924349
0.010417651694247439
0.01040977147360126
0.010413711583924349
0.010423561859732072
0.010425531914893616
0.010433412135539794
0.01043538219070134
0.01045311268715524
0.01047084318360914
0.010490543735224586
0.01051418439716312
0.01053191489361702
0.01055358550039401
0.010581166272655634
0.01061465721040189
0.01063632781717888
0.010754531126871551
0.010880614657210401
0.010994877856579982
0.011109141055949566
0.011231284475965327
0.011351457840819543
0.011471631205673759
0.011589834515366429
0.011717888100866825
0.01183412135539795
0.011962174940898344
0.012086288416075648
0.012202521670606776
0.01232663514578408
0.012440898345153661
0.012563041765169425
0.012687155240346727
0.01280141843971631
0.012923561859732072
0.013006304176516941
0.013057525610717099
0.013098896769109534
0.013140267927501968
0.013181639085894405
0.01322695035460993
0.013256501182033096
0.01330181245074862
0.013333333333333334
0.013378644602048857
0.0133983451536643
0.013433806146572103
0.013467297084318361
0.013477147360126082
0.013512608353033884
0.01353624901497242
0.013561859732072497
0.013575650118203308
0.013599290780141843
0.013615051221434199
0.013615051221434199
0.013618991331757289
0.0136327817178881
0.01363672182821119
0.013656422379826635
0.013660362490149723
0.013664302600472812
0.013658392434988178
0.013650512214342
0.013644602048857367
0.013638691883372734
0.013622931442080377
0.013617021276595745
0.013613081166272654
0.013611111111111112
0.013597320724980298
0.013605200945626478
0.01359338061465721
0.013577620173364854
0.013542159180457052
0.013455476753349092
0.013356973995271866
0.013268321513002364
0.013169818754925138
0.013069345941686367
0.012968873128447595
0.012856579984239558
0.01276595744680851
0.012653664302600471
0.012549251379038612
0.01243498817966903
0.012320724980299446
0.01220449172576832
0.012088258471237194
0.011962174940898344
0.01183412135539795
0.011715918045705279
0.01158589440504334
0.011467691095350669
0.011337667454688732
0.011217494089834515
0.011083530338849488
0.01095350669818755
0.010829393223010244
0.01069739952718676
0.010573286052009455
0.01043144208037825
0.010307328605200944
0.010171394799054373
0.010047281323877067
0.00990937746256895
0.009783293932230102
0.009651300236406618
0.009523246650906224
0.009385342789598109
0.009257289204097713
0.009139085894405043
0.009005122143420015
0.008886918833727343
0.008823877068557919
0.008770685579196217
0.008703703703703703
0.008652482269503546
0.008599290780141844
0.008544129235618597
0.008490937746256895
0.008435776201733648
0.008394405043341213
0.00834909377462569
0.00830575256107171
0.008264381402679275
0.008219070133963752
0.00818754925137904
0.008152088258471236
0.008120567375886524
0.008100866824271078
0.008077226162332545
0.0080575256107171
0.00803585500394011
0.008026004728132386
0.008016154452324665
0.008004334121355398
0.008006304176516942
0.008006304176516942
0.008008274231678486
0.008018124507486209
0.00803191489361702
0.008043735224586289
0.008069345941686366
0.008092986603624902
0.008128447596532702
0.008163908589440504
0.008199369582348305
0.008246650906225374
0.00830575256107171
0.008351063829787233
0.008412135539795114
0.008481087470449171
0.007915681639085893
0.007915681639085893
0.007917651694247439
0.007917651694247439
0.007915681639085893
0.007919621749408983
0.007917651694247439
0.007919621749408983
0.007919621749408983
0.007919621749408983
0.007921591804570527
0.007921591804570527
0.007919621749408983
0.007921591804570527
0.007921591804570527
0.007921591804570527
0.007923561859732073
0.007923561859732073
0.007921591804570527
0.007923561859732073
0.007923561859732073
0.007923561859732073
0.007923561859732073
0.007925531914893615
0.007923561859732073
0.007923561859732073
0.007925531914893615
0.007925531914893615
0.007923561859732073
0.007923561859732073
0.007925531914893615
0.007925531914893615
0.007923561859732073
0.007923561859732073
0.007923561859732073
0.007925531914893615
0.007923561859732073
0.007923561859732073
0.007923561859732073
0.007923561859732073
0.007921591804570527
0.007923561859732073
0.007923561859732073
0.007923561859732073
0.007921591804570527
0.007923561859732073
0.007921591804570527
0.007921591804570527
0.007921591804570527
0.007921591804570527
0.007921591804570527
0.007921591804570527
0.007919621749408983
0.007919621749408983
0.007919621749408983
0.007919621749408983
0.007917651694247439
0.007917651694247439
0.007917651694247439
0.007917651694247439
0.007917651694247439
0.007917651694247439
0.007915681639085893
0.007915681639085893
0.007915681639085893
0.007915681639085893
0.00791371158392435
0.00791371158392435
0.00791371158392435
0.00791371158392435
0.00791371158392435
0.007915681639085893
0.007915681639085893
0.007915681639085893
0.007915681639085893
0.007915681639085893
0.007915681639085893
0.00791371158392435
0.00791371158392435
0.007915681639085893
0.007915681639085893
0.007915681639085893
0.007915681639085893
0.007915681639085893
0.007915681639085893
0.007915681639085893
0.007915681639085893
0.007915681639085893
0.007915681639085893
0.007915681639085893
0.00791371158392435
0.00791371158392435
0.00791371158392435
0.00791371158392435
0.00791371158392435
0.00791371158392435
0.007915681639085893
0.00791371158392435
0.00791371158392435
0.00791371158392435
0.00791371158392435
0.00791371158392435
0.00791371158392435
0.00791371158392435
0.007911741528762804
0.007911741528762804
0.007911741528762804
0.007911741528762804
0.007911741528762804
0.007909771473601262
0.007909771473601262
0.007909771473601262
0.007909771473601262
0.007909771473601262
0.007907801418439716
0.007907801418439716
0.007909771473601262
0.007909771473601262
0.007907801418439716
0.007907801418439716
0.007907801418439716
0.007907801418439716
0.00790583136327817
0.00790583136327817
0.00790583136327817
0.00790583136327817
0.007903861308116628
0.007903861308116628
0.007903861308116628
0.007903861308116628
0.007903861308116628
0.007901891252955082
0.007901891252955082
0.007901891252955082
0.007901891252955082
0.007901891252955082
0.007899921197793537
0.007899921197793537
0.007899921197793537
0.007899921197793537
0.007897951142631993
0.007897951142631993
0.007897951142631993
0.007897951142631993
0.007897951142631993
0.007895981087470449
0.007895981087470449
0.007895981087470449
0.007894011032308903
0.007892040977147359
0.00788810086682427
0.00788810086682427
0.007886130811662726
0.00788416075650118
0.007882190701339638
0.007880220646178092
0.007878250591016548
0.007876280535855004
0.007874310480693458
0.007872340425531914
0.00787037037037037
0.007868400315208825
0.007868400315208825
0.007866430260047281
0.007864460204885735
0.007860520094562647
0.007860520094562647
0.007858550039401103
0.007856579984239559
0.007854609929078014
0.007852639873916469
0.007850669818754924
0.00784869976359338
0.007846729708431836
0.007844759653270292
0.007840819542947203
0.007840819542947203
0.007838849487785658
0.007836879432624113
0.00783490937746257
0.00783490937746257
0.007832939322301023
0.007828999211977935
0.007828999211977935
0.00782702915681639
0.0078230890464933
0.007821118991331756
0.007821118991331756
0.007817178881008668
0.007815208825847124
0.007815208825847124
0.007811268715524035
0.0078092986603624905
0.0078092986603624905
0.0078073286052009454
0.0078053585500394
0.007803388494877856
0.007801418439716311
0.007799448384554767
0.007797478329393223
0.007795508274231679
0.007793538219070134
0.0077915681639085885
0.007789598108747044
0.007785657998423955
0.007785657998423955
0.007783687943262411
0.007781717888100867
0.007779747832939322
0.0077777777777777776
0.0077758077226162325
0.007773837667454688
0.007771867612293144
0.007769897557131599
0.007767927501970055
0.00776595744680851
0.007763987391646966
0.0077620173364854215
0.0077600472813238765
0.007758077226162332
0.007758077226162332
0.007756107171000788
0.007752167060677698
0.007752167060677698
0.00774822695035461
0.0077462568951930655
0.0077442868400315204
0.007742316784869976
0.007740346729708431
0.007738376674546886
0.007738376674546886
0.007736406619385342
0.007734436564223798
0.0077304964539007094
0.0077304964539007094
0.007726556343577619
0.007724586288416075
0.00772261623325453
0.007720646178092986
0.007718676122931442
0.007718676122931442
0.007716706067769898
0.007714736012608353
0.0077127659574468075
0.007708825847123719
0.007708825847123719
0.00770488573680063
0.00770488573680063
0.007700945626477541
0.007700945626477541
0.0076989755713159965
0.0076970055161544515
0.007695035460992907
0.007693065405831363
0.007689125295508274
0.007689125295508274
0.007687155240346729
0.007685185185185185
0.007685185185185185
0.007681245074862095
0.007679275019700551
0.007677304964539007
0.007675334909377463
0.007673364854215917
0.007671394799054373
0.007669424743892829
0.0076674546887312844
0.007665484633569739
0.007665484633569739
0.007661544523246651
0.007661544523246651
0.007657604412923561
0.007655634357762017
0.007653664302600473
0.007651694247438928
0.007651694247438928
0.007647754137115838
0.007647754137115838
0.00764381402679275
0.00764381402679275
0.007639873916469661
0.0076379038613081165
0.0076379038613081165
0.007635933806146572
0.0076339637509850265
0.007631993695823482
0.007630023640661938
0.007628053585500394
0.007626083530338849
0.007624113475177305
0.0076221434200157605
0.0076201733648542155
0.00761820330969267
0.007616233254531126
0.007614263199369582
0.007612293144208038
0.007610323089046493
0.007608353033884949
0.007608353033884949
0.007604412923561859
0.007604412923561859
0.00760047281323877
0.00760047281323877
0.007596532702915682
0.007596532702915682
0.007594562647754136
0.007592592592592592
0.007590622537431048
0.007588652482269503
0.007586682427107958
0.007584712371946414
0.007584712371946414
0.007580772261623325
0.00757880220646178
0.007576832151300236
0.0075748620961386915
0.0075748620961386915
0.007572892040977147
0.007570921985815602
0.007568951930654058
0.007565011820330969
0.007565011820330969
0.007563041765169424
0.00756107171000788
0.0075591016548463355
0.007557131599684791
0.007555161544523245
0.007553191489361701
0.007551221434200157
0.007549251379038613
0.007549251379038613
0.007545311268715524
0.007545311268715524
0.007541371158392434
0.007539401103230889
0.007539401103230889
0.007537431048069345
0.007535460992907801
0.007533490937746257
0.007531520882584713
0.007531520882584713
0.007527580772261623
0.007527580772261623
0.007523640661938533
0.007523640661938533
0.007519700551615445
0.007519700551615445
0.007517730496453901
0.007515760441292357
0.007513790386130811
0.0075118203309692665
0.014298660362490149
0.00863672182821119
0.007507880220646177
0.007505910165484633
0.007503940110323089
0.007503940110323089
0.0075
0.0075
0.0074960598896769105
0.007494089834515366
0.007494089834515366
0.007492119779353821
0.007490149724192277
0.007488179669030732
0.007486209613869188
0.007486209613869188
0.007484239558707644
0.007482269503546099
0.0074802994483845545
0.0074802994483845545
0.007476359338061465
0.00747438928289992
0.007472419227738376
0.007470449172576832
0.007470449172576832
0.007468479117415288
0.007466509062253743
0.007464539007092198
0.007462568951930654
0.007462568951930654
0.007460598896769108
0.007458628841607564
0.00745665878644602
0.007454688731284476
0.007454688731284476
0.007450748620961387
0.007450748620961387
0.0074487785657998415
0.007446808510638297
0.007444838455476752
0.007442868400315208
0.007442868400315208
0.007440898345153664
0.00743892828999212
0.007436958234830576
0.00743498817966903
0.00743498817966903
0.0074330181245074855
0.007431048069345941
0.007429078014184397
0.007427107959022852
0.007427107959022852
0.007425137903861308
0.007423167848699764
0.007421197793538219
0.007421197793538219
0.0074172576832151295
0.007415287628053585
0.007415287628053585
0.007413317572892041
0.007411347517730496
0.007409377462568952
0.007409377462568952
0.007407407407407407
0.007405437352245863
0.007405437352245863
0.007403467297084318
0.007401497241922773
0.007399527186761229
0.007399527186761229
0.007397557131599685
0.007395587076438139
0.007393617021276595
0.007393617021276595
0.007391646966115051
0.007389676910953507
0.0073877068557919616
0.0073877068557919616
0.007383766745468873
0.007383766745468873
0.007381796690307328
0.007381796690307328
0.007377856579984239
0.007377856579984239
0.007375886524822695
0.007373916469661151
0.007373916469661151
0.0073719464144996055
0.007369976359338061
0.007368006304176516
0.007368006304176516
0.007366036249014972
0.007366036249014972
0.007362096138691883
0.007362096138691883
0.007360126083530339
0.0073581560283687945
0.007356185973207249
0.007356185973207249
0.0073542159180457044
0.00735224586288416
0.00735224586288416
0.007350275807722616
0.007348305752561071
0.007348305752561071
0.007346335697399527
0.007344365642237983
0.007344365642237983
0.007342395587076438
0.007340425531914893
0.007338455476753348
0.007338455476753348
0.007336485421591804
0.00733451536643026
0.00733451536643026
0.007332545311268715
0.007330575256107171
0.007330575256107171
0.007328605200945626
0.007326635145784082
0.007326635145784082
0.0073246650906225366
0.0073246650906225366
0.007322695035460992
0.007320724980299448
0.007318754925137904
0.007318754925137904
0.007316784869976359
0.007316784869976359
0.007314814814814814
0.007314814814814814
0.0073108747044917256
0.0073108747044917256
0.0073089046493301805
0.0073089046493301805
0.007306934594168636
0.007306934594168636
0.007304964539007092
0.007304964539007092
0.007302994483845547
0.007301024428684003
0.007301024428684003
0.007299054373522458
0.007297084318360914
0.007297084318360914
0.0072951142631993695
0.0072951142631993695
0.0072931442080378245
0.00729117415287628
0.00729117415287628
0.007289204097714735
0.007287234042553191
0.007287234042553191
0.007285263987391647
0.007283293932230102
0.007283293932230102
0.007281323877068558
0.007281323877068558
0.0072793538219070135
0.0072793538219070135
0.0072773837667454684
0.0072773837667454684
0.007275413711583923
0.007273443656422379
0.007271473601260835
0.007271473601260835
0.007269503546099291
0.007269503546099291
0.007269503546099291
0.007267533490937746
0.007267533490937746
0.007265563435776202
0.0072635933806146575
0.0072635933806146575
0.0072616233254531115
0.0072616233254531115
0.007259653270291567
0.007257683215130023
0.007257683215130023
0.007255713159968479
0.007255713159968479
0.007253743104806935
0.007253743104806935
0.00725177304964539
0.00725177304964539
0.00725177304964539
0.007249802994483845
0.0072478329393223006
0.0072478329393223006
0.0072458628841607555
0.0072458628841607555
0.007243892828999211
0.007243892828999211
0.007241922773837667
0.007239952718676123
0.007239952718676123
0.007237982663514579
0.007237982663514579
0.007237982663514579
0.007236012608353033
0.007236012608353033
0.007234042553191489
0.007234042553191489
0.0072320724980299445
0.0072320724980299445
0.0072301024428683995
0.0072301024428683995
0.007228132387706855
0.007228132387706855
0.007228132387706855
0.007226162332545311
0.007226162332545311
0.007224192277383767
0.007224192277383767
0.007224192277383767
0.007224192277383767
0.007222222222222222
0.007222222222222222
0.007222222222222222
0.007222222222222222
0.007220252167060677
0.007220252167060677
0.007220252167060677
0.007220252167060677
0.007220252167060677
0.007218282111899133
0.007218282111899133
0.007218282111899133
0.007218282111899133
0.0072163120567375885
0.0072163120567375885
0.0072163120567375885
0.0072163120567375885
0.007214342001576044
0.0072163120567375885
0.007214342001576044
0.007214342001576044
0.007212371946414499
0.007214342001576044
0.007212371946414499
0.007212371946414499
0.007212371946414499
0.007212371946414499
0.007210401891252955
0.007210401891252955
0.007210401891252955
0.007210401891252955
0.007210401891252955
0.007210401891252955
0.00720843183609141
0.00720843183609141
0.00720843183609141
0.00720843183609141
0.00720843183609141
0.00720843183609141
0.007206461780929866
0.007206461780929866
0.007206461780929866
0.007206461780929866
0.007204491725768321
0.007204491725768321
0.007204491725768321
0.007204491725768321
0.007204491725768321
0.007204491725768321
0.007204491725768321
0.007202521670606777
0.007202521670606777
0.007202521670606777
0.007202521670606777
0.007202521670606777
0.007202521670606777
0.0072005516154452325
0.007202521670606777
0.0072005516154452325
0.0072005516154452325
0.0072005516154452325
0.0072005516154452325
0.0072005516154452325
0.007198581560283688
0.007198581560283688
0.007198581560283688
0.007198581560283688
0.007198581560283688
0.007198581560283688
0.007198581560283688
0.007198581560283688
0.007198581560283688
0.007196611505122142
0.007196611505122142
0.007196611505122142
0.007196611505122142
0.007196611505122142
0.007196611505122142
0.007196611505122142
0.007194641449960598
0.007196611505122142
0.007194641449960598
0.007194641449960598
0.007194641449960598
0.007194641449960598
0.007194641449960598
0.007192671394799054
0.007194641449960598
0.007194641449960598
0.007192671394799054
0.007192671394799054
0.007192671394799054
0.007192671394799054
0.007192671394799054
0.007192671394799054
0.007192671394799054
0.007192671394799054
0.007192671394799054
0.007192671394799054
0.00719070133963751
0.00719070133963751
0.007192671394799054
0.00719070133963751
0.00719070133963751
0.00719070133963751
0.00719070133963751
0.00719070133963751
0.00719070133963751
0.00719070133963751
0.00719070133963751
0.00719070133963751
0.00719070133963751
0.007188731284475965
0.007188731284475965
0.00719070133963751
0.007188731284475965
0.007188731284475965
0.007188731284475965
0.007188731284475965
0.007188731284475965
0.007188731284475965
0.007188731284475965
0.007188731284475965
0.007188731284475965
0.007188731284475965
0.007188731284475965
0.007188731284475965
0.007186761229314421
0.007188731284475965
0.007188731284475965
0.007186761229314421
0.007186761229314421
0.007188731284475965
0.007186761229314421
0.007186761229314421
0.007186761229314421
0.007186761229314421
0.007186761229314421
0.007186761229314421
0.007186761229314421
0.007186761229314421
0.007186761229314421
0.007186761229314421
0.007186761229314421
0.007186761229314421
0.007186761229314421
0.007186761229314421
0.007186761229314421
0.007186761229314421
0.007186761229314421
0.007186761229314421
0.007186761229314421
0.007184791174152876
0.007186761229314421
0.007186761229314421
0.007186761229314421
0.007186761229314421
0.007186761229314421
0.007186761229314421
0.007184791174152876
0.007186761229314421
0.007186761229314421
0.007186761229314421
0.007184791174152876
0.011048069345941686
0.011016548463356974
0.010979117415287627
0.010943656422379825
0.010900315208825846
0.010864854215918046
0.010819542947202521
0.010776201733648542
0.010730890464933017
0.01067966903073286
0.01063632781717888
0.010581166272655634
0.010527974783293932
0.010478723404255317
0.010421591804570527
0.010368400315208824
0.0103053585500394
0.010248226950354608
0.010185185185185184
0.01012608353033885
0.010068951930654059
0.010003940110323089
0.009938928289992119
0.00987391646966115
0.009810874704491726
0.009749802994483844
0.009678881008668242
0.009615839243498818
0.009544917257683215
0.009479905437352245
0.009410953506698187
0.009345941686367217
0.009278959810874704
0.009208037825059101
0.009141055949566589
0.009074074074074073
0.00900315208825847
0.008936170212765958
0.008869188337273444
0.008825847123719465
0.008782505910165484
0.008743104806934595
0.008701733648542157
0.008660362490149722
0.008620961386918834
0.008583530338849487
0.008540189125295507
0.008500788022064618
0.00846729708431836
0.008427895981087471
0.008394405043341213
0.008360914105594955
0.008327423167848699
0.008297872340425531
0.008268321513002363
0.008236800630417651
0.008207249802994483
0.008181639085894405
0.008156028368794326
0.00813632781717888
0.00811465721040189
0.008092986603624902
0.008077226162332545
0.008059495665878644
0.008047675334909377
0.00803585500394011
0.008026004728132386
0.008018124507486209
0.008012214342001575
0.008006304176516942
0.008008274231678486
0.008008274231678486
0.008012214342001575
0.008022064617809297
0.008033884948778566
0.008041765169424743
0.008055555555555555
0.008075256107171
0.008094956658786446
0.00811859732072498
0.008146178092986603
0.008177698975571315
0.008209219858156027
0.008246650906225374
0.00828408195429472
0.008331363278171789
0.008412135539795114
0.008530338849487786
0.008652482269503546
0.008774625689519307
0.008896769109535066
0.009022852639873916
0.009144996059889677
0.009265169424743893
0.009383372734436563
0.009495665878644602
0.009544917257683215
0.009592198581560282
0.009639479905437353
0.00967297084318361
0.009710401891252954
0.009739952718676122
0.009761623325453111
0.009783293932230102
0.009799054373522458
0.00980890464933018
0.009814814814814814
0.009818754925137903
0.009818754925137903
0.009812844759653268
0.009802994483845546
0.009793144208037825
0.009771473601260834
0.009753743104806934
0.009728132387706857
0.009629629629629629
0.00953506698187549
0.009432624113475178
0.009332151300236406
0.009223798266351458
0.009113475177304963
0.009005122143420015
0.008890858944050433
0.008780535855003938
0.008664302600472813
0.008546099290780141
0.008429866036249014
0.008313632781717888
0.00819739952718676
0.008085106382978723
0.007966903073286052
0.007852639873916469
0.0077442868400315204
0.007635933806146572
0.00758274231678487
0.007531520882584713
0.007482269503546099
0.007440898345153664
0.007401497241922773
0.007366036249014972
0.007332545311268715
0.007306934594168636
0.007287234042553191
0.007275413711583923
0.0072616233254531115
0.0072616233254531115
0.007267533490937746
0.0072773837667454684
0.007297084318360914
0.007320724980299448
0.0073581560283687945
0.007401497241922773
0.007452718676122932
0.007224192277383767
0.007226162332545311
0.007226162332545311
0.007226162332545311
0.007226162332545311
0.007228132387706855
0.007228132387706855
0.007228132387706855
0.007228132387706855
0.007228132387706855
0.0072301024428683995
0.0072301024428683995
0.0072301024428683995
0.0072301024428683995
0.0072320724980299445
0.0072320724980299445
0.007234042553191489
0.007234042553191489
0.007234042553191489
0.007234042553191489
0.007236012608353033
0.007236012608353033
0.007236012608353033
0.007236012608353033
0.007237982663514579
0.007237982663514579
0.007239952718676123
0.007239952718676123
0.007239952718676123
0.007239952718676123
0.007241922773837667
0.007241922773837667
0.007241922773837667
0.007241922773837667
0.007243892828999211
0.0072458628841607555
0.0072458628841607555
0.0072458628841607555
0.0072458628841607555
0.0072478329393223006
0.0072478329393223006
0.007249802994483845
0.007249802994483845
0.007249802994483845
0.00725177304964539
0.00725177304964539
0.00725177304964539
0.00725177304964539
0.007253743104806935
0.007253743104806935
0.007255713159968479
0.007255713159968479
0.007255713159968479
0.007255713159968479
0.007259653270291567
0.007259653270291567
0.007259653270291567
0.007259653270291567
0.007259653270291567
0.0072616233254531115
0.0072635933806146575
0.0072635933806146575
0.0072635933806146575
0.007265563435776202
0.007265563435776202
0.007267533490937746
0.007267533490937746
0.007267533490937746
0.007267533490937746
0.007269503546099291
0.007271473601260835
0.007271473601260835
0.007271473601260835
0.007271473601260835
0.007275413711583923
0.007275413711583923
0.007275413711583923
0.007275413711583923
0.007275413711583923
0.0072773837667454684
0.0072793538219070135
0.0072793538219070135
0.0072793538219070135
0.007281323877068558
0.007281323877068558
0.007283293932230102
0.007283293932230102
0.007285263987391647
0.007285263987391647
0.007287234042553191
0.007287234042553191
0.007289204097714735
0.007289204097714735
0.007289204097714735
0.00729117415287628
0.0072931442080378245
0.0072931442080378245
0.0072931442080378245
0.0072951142631993695
0.0072951142631993695
0.007297084318360914
0.007297084318360914
0.007299054373522458
0.007299054373522458
0.007299054373522458
0.007302994483845547
0.007302994483845547
0.007302994483845547
0.007302994483845547
0.007304964539007092
0.007304964539007092
0.007306934594168636
0.0073089046493301805
0.0073089046493301805
0.0073089046493301805
0.0073108747044917256
0.00731284475965327
0.00731284475965327
0.007314814814814814
0.007314814814814814
0.007316784869976359
0.007318754925137904
0.007318754925137904
0.007318754925137904
0.007320724980299448
0.007320724980299448
0.007322695035460992
0.0073246650906225366
0.0073246650906225366
0.0073246650906225366
0.007326635145784082
0.007328605200945626
0.007328605200945626
0.007330575256107171
0.007330575256107171
0.00733451536643026
0.00733451536643026
0.00733451536643026
0.007336485421591804
0.007336485421591804
0.007336485421591804
0.007340425531914893
0.007340425531914893
0.007342395587076438
0.007342395587076438
0.007344365642237983
0.007346335697399527
0.007346335697399527
0.007348305752561071
0.007348305752561071
0.007350275807722616
0.007350275807722616
0.00735224586288416
0.0073542159180457044
0.0073542159180457044
0.007356185973207249
0.0073581560283687945
0.0073581560283687945
0.007360126083530339
0.007360126083530339
0.007362096138691883
0.007364066193853427
0.007366036249014972
0.007366036249014972
0.007366036249014972
0.007368006304176516
0.007369976359338061
0.0073719464144996055
0.0073719464144996055
0.007373916469661151
0.007373916469661151
0.007377856579984239
0.007377856579984239
0.007379826635145783
0.007379826635145783
0.007383766745468873
0.007383766745468873
0.007383766745468873
0.007385736800630417
0.007385736800630417
0.0073877068557919616
0.007389676910953507
0.007391646966115051
0.007391646966115051
0.007393617021276595
0.007395587076438139
0.007397557131599685
0.007397557131599685
0.007399527186761229
0.007399527186761229
0.007401497241922773
0.007405437352245863
0.007405437352245863
0.007407407407407407
0.007407407407407407
0.007411347517730496
0.007411347517730496
0.007413317572892041
0.007413317572892041
0.007415287628053585
0.0074172576832151295
0.007419227738376674
0.007419227738376674
0.007421197793538219
0.007421197793538219
0.007425137903861308
0.007425137903861308
0.007427107959022852
0.007429078014184397
0.007429078014184397
0.0074330181245074855
0.0074330181245074855
0.00743498817966903
0.00743498817966903
0.00743892828999212
0.007440898345153664
0.007440898345153664
0.007442868400315208
0.007444838455476752
0.007444838455476752
0.0074487785657998415
0.0074487785657998415
0.007450748620961387
0.007452718676122932
0.007454688731284476
0.00745665878644602
0.00745665878644602
0.007458628841607564
0.007460598896769108
0.007462568951930654
0.007464539007092198
0.007464539007092198
0.007466509062253743
0.007470449172576832
0.007470449172576832
0.007472419227738376
0.00747438928289992
0.00747438928289992
0.00747832939322301
0.0074802994483845545
0.0074802994483845545
0.007482269503546099
0.007484239558707644
0.007486209613869188
0.007488179669030732
0.007490149724192277
0.007490149724192277
0.007494089834515366
0.0074960598896769105
0.0074960598896769105
0.007498029944838455
0.0075
0.007501970055161544
0.007503940110323089
0.007505910165484633
0.007505910165484633
0.007507880220646177
0.0075118203309692665
0.0075118203309692665
0.007513790386130811
0.007515760441292357
0.007519700551615445
0.007519700551615445
0.007521670606776989
0.007523640661938533
0.014438534278959811
0.014422773837667453
0.014397163120567375
0.01438140267927502
0.014363672182821119
0.014338061465721039
0.014310480693459415
0.014278959810874703
0.014253349093774625
0.014227738376674544
0.014194247438928288
0.01416863672182821
0.014135145784081954
0.014091804570527975
0.014066193853427895
0.014024822695035459
0.013979511426319936
0.013944050433412136
0.013902679275019699
0.01385933806146572
0.013814026792750197
0.013770685579196217
0.013725374310480693
0.013674152876280536
0.013630811662726556
0.013567769897557131
0.013522458628841608
0.013477147360126082
0.013416075650118204
0.013368794326241133
0.013307722616233255
0.013250591016548461
0.013187549251379037
0.013132387706855791
0.013077226162332544
0.013012214342001576
0.012955082742316784
0.01289204097714736
0.012825059101654844
0.01276201733648542
0.012702915681639086
0.012633963750985027
0.012568951930654059
0.012501970055161543
0.012425137903861308
0.012366036249014972
0.012289204097714734
0.012222222222222223
0.012159180457052797
0.012084318360914104
0.012011426319936956
0.011932624113475176
0.011869582348305752
0.011792750197005515
0.011721828211189913
0.011641055949566588
0.011578014184397164
0.01149921197793538
0.011422379826635146
0.011347517730496453
0.011268715524034674
0.011201733648542158
0.011128841607565011
0.011089440504334119
0.011044129235618596
0.010992907801418438
0.010947596532702915
0.010906225374310479
0.010860914105594956
0.010817572892040975
0.010780141843971629
0.010736800630417652
0.010689519306540583
0.010646178092986602
0.010608747044917256
0.010563435776201733
0.010526004728132386
0.010476753349093773
0.010437352245862883
0.010397951142631994
0.010350669818754925
0.010311268715524034
0.0102698975571316
0.010230496453900707
0.01020094562647754
0.010159574468085105
0.01011820330969267
0.010088652482269504
0.010057131599684792
0.010015760441292354
0.009984239558707642
0.009952718676122931
0.00992119779353822
0.00989952718676123
0.009868006304176516
0.009840425531914892
0.00980890464933018
0.009785263987391647
0.009761623325453111
0.009749802994483844
0.00972616233254531
0.009704491725768321
0.00969070133963751
0.009678881008668242
0.00966509062253743
0.009651300236406618
0.009645390070921986
0.009649330181245074
0.009653270291568164
0.009657210401891252
0.00966115051221434
0.00966509062253743
0.009663120567375887
0.009676910953506698
0.00969070133963751
0.009704491725768321
0.009730102442868399
0.00974389282899921
0.009767533490937745
0.009793144208037825
0.009816784869976359
0.00985224586288416
0.009877856579984239
0.00991331757289204
0.00995665878644602
0.009992119779353822
0.010039401103230889
0.010086682427107958
0.010135933806146573
0.01018321513002364
0.010242316784869976
0.010303388494877856
0.010360520094562647
0.010433412135539794
0.010502364066193853
0.010575256107171001
0.010648148148148148
0.010732860520094563
0.010819542947202521
0.010918045705279746
0.011118991331757288
0.01132387706855792
0.011538613081166271
0.011753349093774625
0.011973995271867611
0.012194641449960597
0.012421197793538218
0.01264381402679275
0.01287037037037037
0.01310086682427108
0.013311662726556341
0.013542159180457052
0.013766745468873126
0.013987391646966113
0.014200157604412922
0.014365642237982661
0.014470055161544523
0.014580378250591015
0.01468676122931442
0.014779353821907013
0.014873916469661151
0.014970449172576832
0.015065011820330968
0.015149724192277381
0.015210795902285263
0.015295508274231675
0.015356579984239557
0.01542750197005516
0.015486603624901497
0.015547675334909375
0.015585106382978721
0.01563238770685579
0.015679669030732857
0.01571513002364066
0.015748620961386916
0.015782111899133176
0.015795902285263987
0.015817572892040974
0.01582348305752561
0.015843183609141054
0.01585106382978723
0.01583727344365642
0.015831363278171785
0.01582348305752561
0.01580181245074862
0.01579393223010244
0.015677698975571315
0.015522064617809297
0.015360520094562647
0.015198975571315994
0.015033490937746256
0.01486997635933806
0.014678881008668243
0.014511426319936956
0.014326241134751772
0.014129235618597321
0.013934200157604413
0.013747044917257681
0.013542159180457052
0.01333727344365642
0.013144208037825058
0.012929472025216706
0.012720646178092987
0.01250985027580772
0.012295114263199368
0.012080378250591014
0.011859732072498028
0.011641055949566588
0.011422379826635146
0.011215524034672969
0.01098896769109535
0.010764381402679275
0.01055358550039401
0.01032702915681639
0.010108353033884947
0.009893617021276595
0.009676910953506698
0.009566587864460204
0.00946414499605989
0.009367612293144208
0.009284869976359337
0.009184397163120566
0.00909968479117415
0.009026792750197004
0.00894208037825059
0.008871158392434988
0.00881599684791174
0.008743104806934595
0.008685973207249802
0.008644602048857367
0.008603230890464933
0.008559889676910954
0.008534278959810874
0.008524428684003152
0.008494877856579984
0.008500788022064618
0.008506698187549252
0.00851063829787234
0.00853230890464933
0.008569739952718676
0.008609141055949565
0.008660362490149722
0.008731284475965327
0.00880220646178093
0.008890858944050433
0.008995271867612292
0.00909968479117415
0.009223798266351458
0.008416075650118203
0.008421985815602837
0.008425925925925925
0.008429866036249014
0.008433806146572104
0.008437746256895194
0.008441686367218282
0.00844562647754137
0.008451536643026005
0.008455476753349093
0.008459416863672183
0.008463356973995272
0.008469267139479906
0.008471237194641448
0.008477147360126083
0.008483057525610717
0.008485027580772261
0.008490937746256895
0.008494877856579984
0.008500788022064618
0.00850275807722616
0.008508668242710795
0.008512608353033883
0.008516548463356973
0.008520488573680063
0.008524428684003152
0.008528368794326242
0.00853230890464933
0.008538219070133964
0.008540189125295507
0.008546099290780141
0.00855003940110323
0.00855397951142632
0.00855791962174941
0.008563829787234042
0.008565799842395586
0.00857171000788022
0.008573680063041765
0.008577620173364853
0.008581560283687941
0.008585500394011033
0.008589440504334122
0.008595350669818754
0.008597320724980298
0.008603230890464933
0.008609141055949565
0.008611111111111111
0.008617021276595745
0.008620961386918834
0.008620961386918834
0.008626871552403468
0.00862884160756501
0.008634751773049645
0.008638691883372733
0.008642631993695823
0.008646572104018911
0.008652482269503546
0.00865445232466509
0.00865839243498818
0.008660362490149722
0.008666272655634357
0.008670212765957445
0.008674152876280535
0.008678092986603625
0.008684003152088258
0.008685973207249802
0.008687943262411346
0.008691883372734436
0.008695823483057525
0.008701733648542157
0.008703703703703703
0.008709613869188337
0.008711583924349882
0.00871552403467297
0.00871946414499606
0.008721434200157604
0.008727344365642237
0.008729314420803783
0.008733254531126871
0.008739164696611504
0.008739164696611504
0.008745074862096138
0.008747044917257684
0.008752955082742314
0.00875492513790386
0.008758865248226949
0.008762805358550039
0.008764775413711583
0.008768715524034673
0.008772655634357761
0.00877659574468085
0.008780535855003938
0.008782505910165484
0.008786446020488572
0.00879038613081166
0.008792356185973207
0.008794326241134751
0.008796296296296295
0.008798266351457841
0.008796296296296295
0.008798266351457841
0.008798266351457841
0.00880220646178093
0.00880220646178093
0.008804176516942474
0.008804176516942474
0.00880614657210402
0.00880614657210402
0.008808116627265562
0.008810086682427108
0.008810086682427108
0.008812056737588652
0.008812056737588652
0.008814026792750196
0.008812056737588652
0.008814026792750196
0.00881599684791174
0.008817966903073285
0.008817966903073285
0.00881993695823483
0.008821907013396373
0.008821907013396373
0.008821907013396373
0.008821907013396373
0.008823877068557919
0.008823877068557919
0.008825847123719465
0.008827817178881007
0.008827817178881007
0.008827817178881007
0.008829787234042553
0.008829787234042553
0.008831757289204097
0.008831757289204097
0.008833727344365641
0.008831757289204097
0.008833727344365641
0.008833727344365641
0.008835697399527187
0.008835697399527187
0.008837667454688732
0.008835697399527187
0.008837667454688732
0.008837667454688732
0.008839637509850276
0.008839637509850276
0.00884160756501182
0.008839637509850276
0.00884160756501182
0.00884160756501182
0.008843577620173364
0.008843577620173364
0.008845547675334908
0.008843577620173364
0.008845547675334908
0.008845547675334908
0.008847517730496452
0.008847517730496452
0.008849487785657998
0.008847517730496452
0.008847517730496452
0.008847517730496452
0.008849487785657998
0.008849487785657998
0.008851457840819543
0.008849487785657998
0.008851457840819543
0.008851457840819543
0.008853427895981087
0.008853427895981087
0.008851457840819543
0.008851457840819543
0.008851457840819543
0.008853427895981087
0.008853427895981087
0.008855397951142631
0.008853427895981087
0.008855397951142631
0.008855397951142631
0.008857368006304177
0.008855397951142631
0.008853427895981087
0.008855397951142631
0.008855397951142631
0.008857368006304177
0.008857368006304177
0.008857368006304177
0.008855397951142631
0.008857368006304177
0.008857368006304177
0.008857368006304177
0.00885933806146572
0.008855397951142631
0.008857368006304177
0.008857368006304177
0.00885933806146572
0.008857368006304177
0.008857368006304177
0.008857368006304177
0.008857368006304177
0.00885933806146572
0.008857368006304177
0.008857368006304177
0.008857368006304177
0.008857368006304177
0.008857368006304177
0.008855397951142631
0.008857368006304177
0.008857368006304177
0.008857368006304177
0.008857368006304177
0.008855397951142631
0.008857368006304177
0.008855397951142631
0.008857368006304177
0.008857368006304177
0.008855397951142631
0.008855397951142631
0.008855397951142631
0.008857368006304177
0.008855397951142631
0.008853427895981087
0.008855397951142631
0.008853427895981087
0.008855397951142631
0.008853427895981087
0.008851457840819543
0.008853427895981087
0.008853427895981087
0.008853427895981087
0.008851457840819543
0.008851457840819543
0.008851457840819543
0.008851457840819543
0.008851457840819543
0.008849487785657998
0.008849487785657998
0.008851457840819543
0.008847517730496452
0.008847517730496452
0.008847517730496452
0.008847517730496452
0.008849487785657998
0.008845547675334908
0.008845547675334908
0.008845547675334908
0.008845547675334908
0.008843577620173364
0.008843577620173364
0.008843577620173364
0.00884160756501182
0.00884160756501182
0.008839637509850276
0.00884160756501182
0.00884160756501182
0.008837667454688732
0.008839637509850276
0.008837667454688732
0.008837667454688732
0.008837667454688732
0.008835697399527187
0.008833727344365641
0.008835697399527187
0.008833727344365641
0.008831757289204097
0.008831757289204097
0.008831757289204097
0.008829787234042553
0.008829787234042553
0.008827817178881007
0.008827817178881007
0.008827817178881007
0.008825847123719465
0.008825847123719465
0.008825847123719465
0.008823877068557919
0.008825847123719465
0.008821907013396373
0.008821907013396373
0.00881993695823483
0.008821907013396373
0.008817966903073285
0.008817966903073285
0.008817966903073285
0.00881599684791174
0.027324665090622532
0.027042947202521667
0.026696217494089833
0.02632978723404255
0.025965327029156812
0.025539795114263197
0.02509259259259259
0.024647360126083526
0.024156816390858944
0.023652482269503543
0.023144208037825055
0.022596532702915676
0.022052797478329392
0.021487391646966114
0.020937746256895193
0.020354609929078015
0.019771473601260834
0.01920409771473601
0.018620961386918832
0.01801812450748621
0.017450748620961385
0.016849881796690308
0.01643420015760441
0.016059889676910955
0.015717100078802206
0.01536249014972419
0.015029550827423166
0.014708431836091407
0.01439519306540583
0.014105594956658786
0.013843577620173363
0.01359338061465721
0.013364854215918046
0.013156028368794327
0.012976753349093774
0.012807328605200945
0.012681245074862095
0.012594562647754137
0.0125354609929078
0.01250985027580772
0.012503940110323087
0.012565011820330969
0.01263987391646966
0.012773837667454687
0.01292750197005516
0.013148148148148148
0.013402285263987393
0.013695823483057524
0.01414696611505122
0.015106382978723404
0.016095350669818754
0.017062647754137114
0.018022064617809298
0.018924349881796688
0.019369582348305752
0.019672970843183608
0.019933018124507484
0.020116233254531126
0.020240346729708432
0.0203053585500394
0.020307328605200944
0.02023246650906225
0.02011820330969267
0.019944838455476753
0.01959022852639874
0.018808116627265562
0.017964933018124504
0.017107959022852635
0.016221434200157602
0.015307328605200943
0.014393223010244285
0.013483057525610716
0.012580772261623324
0.011692277383766745
0.010807722616233254
0.010234436564223797
0.009860126083530337
0.009529156816390858
0.00925137903861308
0.009054373522458628
0.00891646966115051
0.00885933806146572
0.008914499605988967
0.009046493301812451
0.009275019700551616
0.009645390070921986
0.00869385342789598
0.008689913317572892
0.008687943262411346
0.008685973207249802
0.008685973207249802
0.008682033096926714
0.00868006304176517
0.008678092986603625
0.008678092986603625
0.00867612293144208
0.008672182821118991
0.008670212765957445
0.008668242710795903
0.008668242710795903
0.008664302600472813
0.008662332545311268
0.008660362490149722
0.00865839243498818
0.00865839243498818
0.00865445232466509
0.008652482269503546
0.008650512214342002
0.008648542159180457
0.008648542159180457
0.008644602048857367
0.008642631993695823
0.008640661938534279
0.00863672182821119
0.00863672182821119
0.008634751773049645
0.008632781717888099
0.008630811662726556
0.008630811662726556
0.008626871552403468
0.008622931442080376
0.008620961386918834
0.008620961386918834
0.008618991331757288
0.0086150512214342
0.008613081166272655
0.008613081166272655
0.008611111111111111
0.008607171000788021
0.008605200945626477
0.008601260835303388
0.008601260835303388
0.008599290780141844
0.008597320724980298
0.008595350669818754
0.008595350669818754
0.008591410559495666
0.008587470449172576
0.008585500394011033
0.008583530338849487
0.008583530338849487
0.008579590228526399
0.008575650118203309
0.008573680063041765
0.00857171000788022
0.00857171000788022
0.008569739952718676
0.008565799842395586
0.008561859732072498
0.008561859732072498
0.008559889676910954
0.00855791962174941
0.00855397951142632
0.008552009456264775
0.008552009456264775
0.008548069345941687
0.008544129235618597
0.008542159180457053
0.008540189125295507
0.008540189125295507
0.008536249014972418
0.008534278959810874
0.008530338849487786
0.008528368794326242
0.008526398739164696
0.008524428684003152
0.008522458628841607
0.008518518518518517
0.008518518518518517
0.008516548463356973
0.008512608353033883
0.008508668242710795
0.008506698187549252
0.008504728132387706
0.00850275807722616
0.008500788022064618
0.008498817966903072
0.008494877856579984
0.008494877856579984
0.008490937746256895
0.008486997635933805
0.008485027580772261
0.008481087470449171
0.008481087470449171
0.008479117415287628
0.008475177304964538
0.008473207249802994
0.008469267139479906
0.008469267139479906
0.008465327029156818
0.008463356973995272
0.008459416863672183
0.008457446808510637
0.008455476753349093
0.008453506698187549
0.008449566587864459
0.008447596532702915
0.008447596532702915
0.008443656422379826
0.008441686367218282
0.008437746256895194
0.008433806146572104
0.008433806146572104
0.00843183609141056
0.008427895981087471
0.00842395587076438
0.008420015760441291
0.008420015760441291
0.008418045705279747
0.008414105594956658
0.008412135539795114
0.008408195429472024
0.00840622537431048
0.008404255319148936
0.008402285263987392
0.008398345153664302
0.008398345153664302
0.008394405043341213
0.008390464933018125
0.008388494877856579
0.00838455476753349
0.00838455476753349
0.008380614657210402
0.008378644602048856
0.008374704491725768
0.008374704491725768
0.00837076438140268
0.00836682427107959
0.008364854215918045
0.008360914105594955
0.008360914105594955
0.008356973995271867
0.008355003940110323
0.008351063829787233
0.00834909377462569
0.008347123719464144
0.008343183609141056
0.00834121355397951
0.008337273443656422
0.008335303388494877
0.008333333333333333
0.008329393223010243
0.008327423167848699
0.008325453112687155
0.00832348305752561
0.00831954294720252
0.008315602836879432
0.008315602836879432
0.008313632781717888
0.008309692671394798
0.00830575256107171
0.00830575256107171
0.008301812450748621
0.008297872340425531
0.008295902285263987
0.008293932230102443
0.008289992119779353
0.008288022064617808
0.00828408195429472
0.00828408195429472
0.008280141843971632
0.008278171788810086
0.008274231678486997
0.008272261623325452
0.008268321513002363
0.008266351457840819
0.008262411347517729
0.008262411347517729
0.00825847123719464
0.008256501182033096
0.008254531126871552
0.008250591016548464
0.008246650906225374
0.00824468085106383
0.008242710795902285
0.00824074074074074
0.008236800630417651
0.008234830575256105
0.008232860520094563
0.008228920409771474
0.008224980299448383
0.008224980299448383
0.008221040189125294
0.008219070133963752
0.008217100078802206
0.008213159968479117
0.008207249802994483
0.008203309692671393
0.00820133963750985
0.008195429472025216
0.008191489361702128
0.00818754925137904
0.008183609141055948
0.008177698975571315
0.008175728920409771
0.008169818754925137
0.008165878644602049
0.008161938534278958
0.00815799842395587
0.008154058313632782
0.008150118203309693
0.008146178092986603
0.008140267927501969
0.00813632781717888
0.008134357762017336
0.008130417651694246
0.008124507486209614
0.008120567375886524
0.008116627265563435
0.008112687155240347
0.008108747044917259
0.008104806934594167
0.008098896769109536
0.00809692671394799
0.008092986603624902
0.008089046493301812
0.008085106382978723
0.008079196217494089
0.008077226162332545
0.008073286052009455
0.008067375886524824
0.008065405831363278
0.008059495665878644
0.008055555555555555
0.008051615445232465
0.008047675334909377
0.008045705279747833
0.0080397951142632
0.00803585500394011
0.00803191489361702
0.008027974783293932
0.008022064617809297
0.008020094562647753
0.008016154452324665
0.008012214342001575
0.008008274231678486
0.008004334121355398
0.008000394011032308
0.00799645390070922
0.007992513790386131
0.007988573680063041
0.007982663514578409
0.007980693459416863
0.007976753349093774
0.007972813238770686
0.007968873128447596
0.007966903073286052
0.00796099290780142
0.007957052797478327
0.007953112687155239
0.00794917257683215
0.018650512214342
0.01854609929078014
0.018447596532702917
0.01832939322301024
0.01823286052009456
0.018116627265563432
0.018000394011032306
0.017894011032308903
0.017767927501970055
0.01766154452324665
0.017537431048069346
0.017419227738376675
0.017285263987391646
0.017169030732860517
0.017035066981875492
0.01692080378250591
0.016788810086682426
0.016662726556343578
0.016520882584712373
0.016408589440504332
0.016268715524034673
0.016134751773049644
0.01599487785657998
0.015874704491725768
0.015724980299448382
0.015594956658786446
0.015459022852639871
0.015327029156816389
0.015183215130023641
0.01504334121355398
0.014899527186761229
0.014771473601260833
0.014631599684791172
0.014493695823483057
0.014343971631205673
0.014217888100866823
0.014070133963750984
0.013936170212765955
0.013812056737588651
0.013666272655634358
0.013534278959810873
0.013390464933018124
0.013260441292356184
0.01311859732072498
0.01298857368006304
0.012858550039401102
0.012720646178092987
0.012580772261623324
0.012444838455476753
0.012318754925137903
0.01218282111899133
0.01205673758865248
0.011932624113475176
0.011800630417651694
0.011676516942474388
0.011574074074074073
0.011483451536643026
0.0114026792750197
0.01131205673758865
0.011231284475965327
0.011150512214342
0.01107171000788022
0.010992907801418438
0.010914105594956657
0.010837273443656422
0.010768321513002364
0.010683609141055948
0.01061465721040189
0.010545705279747832
0.010472813238770685
0.01040583136327817
0.010338849487785658
0.01026595744680851
0.01020882584712372
0.01014381402679275
0.010088652482269504
0.010025610717100078
0.00997044917257683
0.009915287628053585
0.009854215918045705
0.00980890464933018
0.009755713159968479
0.009704491725768321
0.009659180457052798
0.009613869188337272
0.009570527974783295
0.009529156816390858
0.009495665878644602
0.009460204885736801
0.009426713947990543
0.009387312844759653
0.009361702127659575
0.009326241134751771
0.00930260047281324
0.009280929866036248
0.00925531914893617
0.009239558707643813
0.009221828211189912
0.009202127659574467
0.009184397163120566
0.009178486997635934
0.009170606776989755
0.009162726556343577
0.009158786446020488
0.009160756501182032
0.009160756501182032
0.009160756501182032
0.009168636721828211
0.009174546887312843
0.009182427107959024
0.009200157604412923
0.009215918045705278
0.009231678486997635
0.00925531914893617
0.009275019700551616
0.00929866036249015
0.009330181245074863
0.009361702127659575
0.009393223010244287
0.009430654058313632
0.009468085106382978
0.009505516154452325
0.00954688731284476
0.009631599684791175
0.009761623325453111
0.009897557131599684
0.010033490937746256
0.010167454688731285
0.010301418439716312
0.010441292356185974
0.010573286052009455
0.010703309692671394
0.010833333333333334
0.01095350669818755
0.011073680063041765
0.011191883372734435
0.011310086682427107
0.011367218282111896
0.011408589440504333
0.011444050433412135
0.011471631205673759
0.011497241922773837
0.011524822695035459
0.011542553191489361
0.011552403467297084
0.01156422379826635
0.011576044129235618
0.011579984239558706
0.011576044129235618
0.011578014184397164
0.011566193853427895
0.011556343577620172
0.011544523246650906
0.011526792750197004
0.011509062253743105
0.011483451536643026
0.011457840819542948
0.011434200157604412
0.011410559495665877
0.01137312844759653
0.011333727344365642
0.011294326241134751
0.011250985027580773
0.011205673758865248
0.011120961386918832
0.011004728132387707
0.010886524822695033
0.010764381402679275
0.01064420803782506
0.010529944838455476
0.010403861308116628
0.010277777777777778
0.010153664302600472
0.010029550827423168
0.00989952718676123
0.009779353821907014
0.009657210401891252
0.009529156816390858
0.009403073286052008
0.009278959810874704
0.0091548463356974
0.009030732860520092
0.008914499605988967
0.008792356185973207
0.008672182821118991
0.008552009456264775
0.008435776201733648
0.008327423167848699
0.008209219858156027
0.008100866824271078
0.007990543735224585
0.007903861308116628
0.007844759653270292
0.0077915681639085885
0.0077462568951930655
0.007702915681639086
0.007655634357762017
0.007612293144208038
0.007572892040977147
0.007539401103230889
0.007507880220646177
0.007476359338061465
0.007450748620961387
0.007431048069345941
0.007409377462568952
0.007395587076438139
0.007381796690307328
0.007373916469661151
0.0073719464144996055
0.007368006304176516
0.0073719464144996055
0.007379826635145783
0.007395587076438139
0.007409377462568952
0.00743498817966903
0.007458628841607564
0.007488179669030732
0.007523640661938533
0.007563041765169424
0.007297084318360914
0.0072931442080378245
0.00729117415287628
0.007289204097714735
0.007287234042553191
0.007285263987391647
0.007281323877068558
0.007281323877068558
0.0072773837667454684
0.0072773837667454684
0.007273443656422379
0.007271473601260835
0.007269503546099291
0.007267533490937746
0.007265563435776202
0.0072635933806146575
0.0072616233254531115
0.007257683215130023
0.007255713159968479
0.007253743104806935
0.00725177304964539
0.007249802994483845
0.0072478329393223006
0.0072458628841607555
0.007241922773837667
0.007241922773837667
0.007239952718676123
0.007236012608353033
0.007236012608353033
0.0072320724980299445
0.0072301024428683995
0.007228132387706855
0.007226162332545311
0.007224192277383767
0.007222222222222222
0.007220252167060677
0.007218282111899133
0.0072163120567375885
0.007214342001576044
0.007212371946414499
0.00720843183609141
0.00720843183609141
0.007204491725768321
0.007202521670606777
0.0072005516154452325
0.007198581560283688
0.007196611505122142
0.007194641449960598
0.007192671394799054
0.00719070133963751
0.00719070133963751
0.007188731284475965
0.007186761229314421
0.007186761229314421
0.007184791174152876
0.007184791174152876
0.007184791174152876
0.007182821118991331
0.007180851063829786
0.007180851063829786
0.007178881008668242
0.007176910953506698
0.007176910953506698
0.007176910953506698
0.007172970843183609
0.007172970843183609
0.007172970843183609
0.0071710007880220646
0.0071690307328605195
0.007167060677698975
0.007167060677698975
0.007167060677698975
0.00716509062253743
0.007163120567375886
0.007163120567375886
0.007161150512214342
0.007159180457052798
0.007159180457052798
0.007157210401891253
0.007155240346729708
0.0071532702915681635
0.0071532702915681635
0.007151300236406619
0.007151300236406619
0.007149330181245074
0.00714736012608353
0.007145390070921986
0.007143420015760441
0.007143420015760441
0.007141449960598896
0.007139479905437352
0.0071375098502758074
0.0071375098502758074
0.007135539795114263
0.007133569739952718
0.007133569739952718
0.007129629629629629
0.007129629629629629
0.007127659574468085
0.00712568951930654
0.007123719464144996
0.007123719464144996
0.007121749408983451
0.007117809298660362
0.007117809298660362
0.007115839243498817
0.007113869188337273
0.007111899133175729
0.007111899133175729
0.007109929078014184
0.0071079590228526396
0.007105988967691095
0.00710401891252955
0.00710401891252955
0.007100078802206461
0.007098108747044917
0.007096138691883373
0.007096138691883373
0.007094168636721828
0.0070921985815602835
0.0070902285263987385
0.007088258471237194
0.007086288416075649
0.007084318360914105
0.007082348305752561
0.007080378250591017
0.007078408195429472
0.007076438140267927
0.0070744680851063824
0.007072498029944838
0.007070527974783293
0.007068557919621749
0.007066587864460205
0.007064617809298661
0.007062647754137115
0.007060677698975571
0.007058707643814026
0.007056737588652482
0.007054767533490937
0.007052797478329393
0.007050827423167848
0.007048857368006304
0.007046887312844759
0.00704294720252167
0.00704294720252167
0.007040977147360126
0.007039007092198581
0.007037037037037036
0.007035066981875492
0.007031126871552403
0.0070291568163908585
0.007027186761229314
0.00702521670606777
0.007023246650906225
0.00702127659574468
0.007019306540583136
0.007017336485421592
0.0070133963750985025
0.007011426319936958
0.007009456264775413
0.007009456264775413
0.007005516154452324
0.00700354609929078
0.007001576044129236
0.006997635933806146
0.006997635933806146
0.006993695823483057
0.006991725768321513
0.006989755713159968
0.006987785657998424
0.00698581560283688
0.0069818754925137895
0.006979905437352245
0.006977935382190701
0.006975965327029157
0.006973995271867612
0.006970055161544523
0.006970055161544523
0.0069661150512214335
0.006964144996059889
0.006962174940898345
0.006960204885736801
0.006956264775413711
0.006954294720252167
0.0069523246650906225
0.0069503546099290775
0.006946414499605989
0.006944444444444444
0.006942474389282899
0.006938534278959811
0.006938534278959811
0.006942474389282899
0.006944444444444444
0.006948384554767533
0.0069503546099290775
0.006954294720252167
0.006958234830575256
0.006962174940898345
0.0069661150512214335
0.0069680851063829785
0.006972025216706068
0.006973995271867612
0.006979905437352245
0.006983845547675335
0.00698581560283688
0.006989755713159968
0.006993695823483057
0.006997635933806146
0.007001576044129236
0.00700354609929078
0.007009456264775413
0.0070133963750985025
0.007015366430260047
0.00702127659574468
0.00702521670606777
0.007027186761229314
0.007031126871552403
0.007037037037037036
0.007040977147360126
0.0070449172576832145
0.007048857368006304
0.007052797478329393
0.007056737588652482
0.007060677698975571
0.007064617809298661
0.007068557919621749
0.0070744680851063824
0.007076438140267927
0.007080378250591017
0.007084318360914105
0.0070902285263987385
0.007094168636721828
0.007096138691883373
0.007100078802206461
0.00710401891252955
0.007109929078014184
0.007113869188337273
0.007117809298660362
0.007119779353821907
0.007123719464144996
0.007129629629629629
0.007133569739952718
0.0071375098502758074
0.007141449960598896
0.00714736012608353
0.007151300236406619
0.007155240346729708
0.007159180457052798
0.007163120567375886
0.007167060677698975
0.0071710007880220646
0.007174940898345154
0.007178881008668242
0.007182821118991331
0.007186761229314421
0.00719070133963751
0.007194641449960598
0.0072005516154452325
0.007204491725768321
0.007210401891252955
0.007214342001576044
0.007218282111899133
0.007222222222222222
0.007226162332545311
0.0072301024428683995
0.007234042553191489
0.007237982663514579
0.007241922773837667
0.0072458628841607555
0.007249802994483845
0.007253743104806935
0.007257683215130023
0.0072616233254531115
0.007265563435776202
0.007269503546099291
0.007273443656422379
0.007275413711583923
0.007281323877068558
0.007285263987391647
0.007287234042553191
0.00729117415287628
0.0072931442080378245
0.007299054373522458
0.007301024428684003
0.007304964539007092
0.012267533490937746
0.012281323877068557
0.012297084318360912
0.012285263987391647
0.012275413711583923
0.012263593380614656
0.012251773049645389
0.0122301024428684
0.012218282111899131
0.012198581560283688
0.012178881008668242
0.012159180457052797
0.012135539795114262
0.012113869188337272
0.012088258471237194
0.01206461780929866
0.012031126871552403
0.012001576044129235
0.011970055161544523
0.011942474389282899
0.011905043341213553
0.01187352245862884
0.011836091410559494
0.011804570527974782
0.01176516942474389
0.011727738376674547
0.011688337273443655
0.011646966115051222
0.01160756501182033
0.011560283687943262
0.011520882584712372
0.011479511426319935
0.011430260047281322
0.01138888888888889
0.011341607565011819
0.011292356185973207
0.011243104806934594
0.011199763593380615
0.011144602048857368
0.011101260835303387
0.011048069345941686
0.010998817966903073
0.010947596532702915
0.010896375098502758
0.010839243498817968
0.010793932230102441
0.010742710795902284
0.010683609141055948
0.01063632781717888
0.010583136327817178
0.010526004728132386
0.010472813238770685
0.010419621749408981
0.010366430260047282
0.010313238770685578
0.010260047281323877
0.01020488573680063
0.010151694247438928
0.010098502758077227
0.010045311268715523
0.009990149724192276
0.009942868400315209
0.009887706855791961
0.009840425531914892
0.009781323877068556
0.009732072498029945
0.009706461780929865
0.00968676122931442
0.009659180457052798
0.009637509850275807
0.00961780929866036
0.009598108747044917
0.009574468085106383
0.009552797478329393
0.009533096926713948
0.009507486209613869
0.00948581560283688
0.009460204885736801
0.009444444444444445
0.009422773837667455
0.009401103230890464
0.009385342789598109
0.009363672182821118
0.009342001576044128
0.009324271079590229
0.00930260047281324
0.009284869976359337
0.009267139479905437
0.009243498817966902
0.009231678486997635
0.00921197793538219
0.009188337273443654
0.009174546887312843
0.0091548463356974
0.009135145784081955
0.009121355397951142
0.009117415287628054
0.009105594956658785
0.00909968479117415
0.009093774625689518
0.009087864460204886
0.009087864460204886
0.00908589440504334
0.009078014184397163
0.009072104018912529
0.009070133963750985
0.009062253743104806
0.009060283687943262
0.009052403467297085
0.00905043341213554
0.009052403467297085
0.009044523246650905
0.009040583136327817
0.009042553191489361
0.009038613081166273
0.009034672970843184
0.009036643026004727
0.009030732860520092
0.009032702915681638
0.009026792750197004
0.009032702915681638
0.009026792750197004
0.009026792750197004
0.009030732860520092
0.009024822695035462
0.00902876280535855
0.00902876280535855
0.009032702915681638
0.00902876280535855
0.00902876280535855
0.009030732860520092
0.009034672970843184
0.009036643026004727
0.009040583136327817
0.009040583136327817
0.00905043341213554
0.009052403467297085
0.009052403467297085
0.009060283687943262
0.009062253743104806
0.009068163908589439
0.009076044129235619
0.009076044129235619
0.009087864460204886
0.009095744680851062
0.009093774625689518
0.009105594956658785
0.009113475177304963
0.00912529550827423
0.009135145784081955
0.009141055949566589
0.009152876280535854
0.009162726556343577
0.00917651694247439
0.009186367218282112
0.009196217494089835
0.009213947990543736
0.009223798266351458
0.00923758865248227
0.00925531914893617
0.009265169424743893
0.009284869976359337
0.00930260047281324
0.009320330969267139
0.00933806146572104
0.00935973207249803
0.009379432624113474
0.009405043341213552
0.009422773837667455
0.009450354609929079
0.009468085106382978
0.00949960598896769
0.009519306540583135
0.00954688731284476
0.009574468085106383
0.009607959022852641
0.009637509850275807
0.00966509062253743
0.009710401891252954
0.009737982663514578
0.00977344365642238
0.009812844759653268
0.009858156028368795
0.009887706855791961
0.009929078014184396
0.009976359338061465
0.010019700551615445
0.010066981875492513
0.010110323089046492
0.010169424743892827
0.010220646178092986
0.010273837667454688
0.01032702915681639
0.010382190701339637
0.010441292356185974
0.010494483845547674
0.010555555555555556
0.01061465721040189
0.010675728920409772
0.010750591016548464
0.01081166272655634
0.01088849487785658
0.010965327029156816
0.011042159180457053
0.011122931442080378
0.011201733648542158
0.011282505910165485
0.01136327817178881
0.01145981087470449
0.011544523246650906
0.011643026004728132
0.011741528762805358
0.011843971631205673
0.011948384554767532
0.012123719464144995
0.012332545311268714
0.012543341213553978
0.012742316784869975
0.012960992907801418
0.01317178881008668
0.013396375098502758
0.013622931442080377
0.013853427895981086
0.01408589440504334
0.014338061465721039
0.014580378250591015
0.014822695035460994
0.015059101654846335
0.015309298660362491
0.01556146572104019
0.015803782505910163
0.01606382978723404
0.01631599684791174
0.016566193853427894
0.016836091410559494
0.017094168636721824
0.01734042553191489
0.01760441292356186
0.01776595744680851
0.017933412135539794
0.01809692671394799
0.018248620961386918
0.018416075650118203
0.018583530338849484
0.018721434200157604
0.01889479905437352
0.019034672970843183
0.019192277383766745
0.019336091410559492
0.0194779353821907
0.019619779353821903
0.019767533490937746
0.01989558707643814
0.02003940110323089
0.020169424743892828
0.02030141843971631
0.020433412135539793
0.020547675334909376
0.020677698975571316
0.02081166272655634
0.020927895981087467
0.021022458628841605
0.021140661938534276
0.021256895193065405
0.021353427895981086
0.021434200157604413
0.021530732860520093
0.02162923561859732
0.021727738376674546
0.021828211189913314
0.02188731284475965
0.02196414499605989
0.022066587864460203
0.02212765957446808
0.022180851063829787
0.02224192277383767
0.022320724980299446
0.022356185973207248
0.022417257683215126
0.02247438928289992
0.022511820330969264
0.02254925137903861
0.02256304176516942
0.022598502758077225
0.022612293144208036
0.02252758077226162
0.022417257683215126
0.02227935382190701
0.022141449960598896
0.022001576044129237
0.021859732072498028
0.021696217494089832
0.02155043341213554
0.0214026792750197
0.021211583924349877
0.021057919621749407
0.0208628841607565
0.020663908589440505
0.020478723404255317
0.020303388494877856
0.02010047281323877
0.019893617021276594
0.01968676122931442
0.019450354609929076
0.01923758865248227
0.019022852639873914
0.018808116627265562
0.018563829787234042
0.018331363278171788
0.018108747044917255
0.01785657998423956
0.017620173364854216
0.017389676910953503
0.01712174940898345
0.01687746256895193
0.016605594956658785
0.01636918833727344
0.016120961386918833
0.0158451536643026
0.015591016548463356
0.015338849487785656
0.015047281323877067
0.01479117415287628
0.014533096926713947
0.01426516942474389
0.014005122143420014
0.013735224586288414
0.013469267139479903
0.013199369582348304
0.012925531914893616
0.012649724192277383
0.012403467297084317
0.01218282111899133
0.012048857368006302
0.011914893617021275
0.01180851063829787
0.01166863672182821
0.011560283687943262
0.011447990543735223
0.011337667454688732
0.011225374310480693
0.011111111111111112
0.010996847911741528
0.010912135539795113
0.01079787234042553
0.010711189913317572
0.010626477541371158
0.010541765169424743
0.010451142631993694
0.010364460204885736
0.010303388494877856
0.010246256895193066
0.010185185185185184
0.010124113475177304
0.01006107171000788
0.01
0.009968479117415288
0.00993498817966903
0.009897557131599684
0.009868006304176516
0.009858156028368795
0.009854215918045705
0.009846335697399526
0.009836485421591804
0.009856185973207249
0.009848305752561072
0.009866036249014972
0.009885736800630419
0.009933018124507484
0.009972419227738376
0.0100177304964539
0.010059101654846334
0.01012608353033885
0.010197005516154451
0.01026201733648542
0.01032702915681639
0.010411741528762805
0.010500394011032308
0.010587076438140268
0.010693459416863671