0.0
0.005
0.011
0.018
0.026
0.035
0.045
0.055
0.066
0.078
0.091
0.104
0.118
0.133
0.148
0.164
0.18
0.197
0.214
0.232
0.25
0.271
0.293
0.315
0.337
0.359
0.381
0.404
0.426
0.449
0.472
0.494
0.517
0.539
0.562
0.584
0.606
0.628
0.65
0.671
0.692
0.713
0.733
0.753
0.773
0.792
0.81
0.828
0.845
0.862
0.878
0.893
0.908
0.921
0.934
0.947
0.958
0.968
0.978
0.986
0.994
1.0
0.985
0.968
0.951
0.933
0.914
0.894
0.873
0.851
0.829
0.807
0.783
0.759
0.735
0.71
0.685
0.66
0.634
0.609
0.583
0.556
0.53
0.504
0.478
0.452
0.426
0.4
0.375
0.361
0.348
0.335
0.322
0.309
0.297
0.285
0.273
0.262
0.251
0.24
0.229
0.219
0.209
0.199
0.19
0.181
0.172
0.163
0.155
0.147
0.139
0.131
0.124
0.117
0.11
0.103
0.097
0.091
0.085
0.079
0.074
0.069
0.064
0.059
0.055
0.05
0.046
0.043
0.039
0.036
0.033
0.03
0.027
0.025
0.023
0.021
0.019
0.017
0.016
0.015
0.014
0.013
0.013
0.012
0.012
0.012
0.012
0.013
0.013
0.014
0.015
0.016
0.018
0.019
0.021
0.023
0.025
0.027
0.029
0.032
0.035
0.038
0.041
0.044
0.047
0.051
0.054
0.058
0.062
0.066
0.071
0.075
0.08
0.085
0.089
0.094
0.1
0.105
0.11
0.116
0.121
0.127
0.133
0.139
0.145
0.152
0.158
0.165
0.171
0.178
0.185
0.192
0.199
0.206
0.213
0.221
0.228
0.236
0.243
0.251
0.259
0.267
0.275
0.283
0.291
0.299
0.308
0.316
0.325
0.333
0.35
0.366
0.382
0.399
0.414
0.43
0.445
0.46
0.474
0.487
0.5
0.504
0.508
0.511
0.513
0.515
0.516
0.516
0.516
0.516
0.515
0.514
0.513
0.511
0.509
0.508
0.506
0.504
0.502
0.5
0.497
0.495
0.492
0.49
0.487
0.485
0.483
0.481
0.478
0.476
0.475
0.473
0.471
0.469
0.467
0.465
0.463
0.462
0.46
0.458
0.456
0.454
0.452
0.45
0.448
0.446
0.444
0.441
0.439
0.437
0.434
0.431
0.429
0.426
0.424
0.422
0.419
0.417
0.414
0.412
0.409
0.406
0.404
0.401
0.398
0.395
0.393
0.39
0.387
0.385
0.382
0.38
0.377
0.375
0.373
0.371
0.369
0.367
0.365
0.364
0.362
0.361
0.36
0.36
0.359
0.359
0.359
0.359
0.359
0.36
0.361
0.363
0.364
0.366
0.368
0.371
0.374
0.377
0.381
0.385
0.39
0.395
0.4
0.413
0.425
0.439
0.452
0.466
0.48
0.494
0.509
0.523
0.537
0.552
0.566
0.581
0.595
0.609
0.623
0.637
0.65
0.663
0.676
0.688
0.7
0.711
0.722
0.732
0.741
0.75
0.747
0.744
0.74
0.736
0.731
0.725
0.719
0.713
0.705
0.698
0.69
0.682
0.673
0.664
0.654
0.645
0.635
0.625
0.615
0.605
0.594
0.584
0.573
0.562
0.552
0.541
0.531
0.52
0.51
0.5
0.494
0.489
0.483
0.478
0.473
0.468
0.464
0.459
0.455
0.451
0.447
0.444
0.441
0.437
0.434
0.432
0.429
0.427
0.425
0.423
0.421
0.42
0.419
0.418
0.417
0.416
0.416
0.416
0.416
0.416
0.417
0.418
0.419
0.42
0.422
0.424
0.426
0.428
0.431
0.434
0.437
0.44
0.444
0.447
0.451
0.456
0.46
0.465
0.47
0.476
0.481
0.487
0.494
0.5
0.511
0.523
0.535
0.547
0.56
0.572
0.585
0.597
0.61
0.623
0.635
0.648
0.661
0.673
0.686
0.698
0.71
0.723
0.734
0.746
0.757
0.768
0.779
0.79
0.8
0.809
0.818
0.827
0.836
0.843
0.851
0.857
0.864
0.869
0.874
0.878
0.882
0.885
0.887
0.888
0.889
0.877
0.865
0.852
0.839
0.825
0.811
0.797
0.783
0.768
0.754
0.74
0.727
0.713
0.701
0.689
0.677
0.667
0.669
0.671
0.675
0.679
0.684
0.69
0.697
0.704
0.712
0.721
0.73
0.739
0.75
0.76
0.771
0.782
0.794
0.805
0.818
0.83
0.842
0.855
0.867
0.88
0.893
0.905
0.918
0.93
0.942
0.954
0.966
0.978
0.989
1.0
1.001
1.002
1.003
1.003
1.002
1.002
1.0
0.999
0.997
0.994
0.992
0.988
0.985
0.981
0.976
0.971
0.966
0.96
0.953
0.947
0.939
0.932
0.923
0.915
0.906
0.896
0.886
0.876
0.864
0.853
0.841
0.828
0.816
0.802
0.788
0.774
0.759
0.743
0.727
0.71
0.693
0.676
0.658
0.639
0.62
0.6
0.582
0.563
0.544
0.525
0.506
0.486
0.467
0.448
0.429
0.41
0.392
0.374
0.357
0.34
0.324
0.309
0.296
0.283
0.271
0.261
0.252
0.244
0.238
0.234
0.231
0.23
0.231
0.234
0.239
0.247
0.257
0.269
0.283
0.3
0.32
0.343
0.369
0.397
0.429
0.478
0.529
0.583
0.638
0.693
0.748
0.802
0.854
0.905
0.952
0.996
1.035
1.07
1.099
1.122
1.138
1.147
1.147
1.138
1.12
1.091
1.051
1.0
0.847
0.688
0.527
0.37
0.222
0.182
0.155
0.141
0.139
0.148
0.167
0.194
0.229
0.271
0.318
0.37
0.426
0.484
0.544
0.604
0.664
0.722
0.778
0.813
0.844
0.872
0.897
0.919
0.938
0.954
0.967
0.977
0.985
0.991
0.994
0.996
0.995
0.992
0.987
0.981
0.973
0.963
0.952
0.94
0.927
0.913
0.898
0.882
0.865
0.848
0.83
0.812
0.794
0.776
0.757
0.739
0.721
0.704
0.686
0.67
0.654
0.639
0.625
0.612
0.6
0.594
0.588
0.584
0.582
0.58
0.579
0.579
0.58
0.582
0.585
0.588
0.592
0.597
0.602
0.608
0.614
0.621
0.628
0.635
0.643
0.651
0.659
0.667
0.675
0.683
0.691
0.698
0.706
0.714
0.721
0.727
0.734
0.74
0.745
0.75
0.747
0.743
0.739
0.735
0.729
0.724
0.717
0.711
0.703
0.696
0.688
0.679
0.67
0.661
0.651
0.641
0.631
0.62
0.609
0.598
0.587
0.575
0.563
0.551
0.539
0.526
0.514
0.501
0.488
0.475
0.463
0.45
0.437
0.423
0.41
0.397
0.384
0.372
0.359
0.346
0.333
0.325
0.317
0.309
0.302
0.294
0.287
0.28
0.273
0.266
0.259
0.252
0.246
0.24
0.234
0.228
0.222
0.217
0.212
0.207
0.202
0.198
0.193
0.189
0.185
0.182
0.178
0.175
0.172
0.17
0.168
0.165
0.164
0.162
0.161
0.16
0.159
0.159
0.159
0.159
0.16
0.16
0.162
0.163
0.165
0.167
0.17
0.172
0.176
0.179
0.183
0.187
0.192
0.197
0.202
0.208
0.214
0.22
0.227
0.234
0.242
0.25
0.269
0.288
0.307
0.327
0.346
0.366
0.386
0.405
0.425
0.444
0.463
0.482
0.5
0.509
0.518
0.526
0.534
0.542
0.549
0.555
0.561
0.567
0.572
0.577
0.582
0.586
0.589
0.593
0.596
0.599
0.601
0.604
0.606
0.607
0.609
0.61
0.611
0.611
0.612
0.612
0.612
0.612
0.612
0.612
0.611
0.61
0.61
0.609
0.608
0.606
0.605
0.604
0.603
0.601
0.6
0.595
0.59
0.586
0.581
0.576
0.571
0.566
0.561
0.557
0.552
0.547
0.542
0.537
0.532
0.527
0.522
0.517
0.512
0.507
0.503
0.498
0.493
0.488
0.483
0.478
0.473
0.469
0.464
0.459
0.454
0.449
0.445
0.44
0.435
0.431
0.426
0.421
0.417
0.412
0.408
0.403
0.399
0.394
0.39
0.385
0.381
0.377
0.372
0.368
0.364
0.36
0.356
0.352
0.348
0.344
0.34
0.336
0.332
0.329
0.325
0.321
0.318
0.314
0.311
0.308
0.304
0.301
0.298
0.295
0.292
0.289
0.286
0.286
0.286
0.286
0.287
0.287
0.287
0.288
0.289
0.289
0.29
0.291
0.291
0.292
0.293
0.294
0.295
0.296
0.298
0.299
0.3
0.301
0.303
0.304
0.306
0.307
0.309
0.31
0.312
0.314
0.315
0.317
0.319
0.321
0.323
0.324
0.326
0.328
0.33
0.332
0.334
0.336
0.339
0.341
0.343
0.345
0.347
0.349
0.352
0.354
0.356
0.359
0.361
0.363
0.366
0.368
0.37
0.373
0.375
0.377
0.379
0.38
0.382
0.384
0.386
0.388
0.389
0.391
0.393
0.395
0.396
0.398
0.4
0.402
0.403
0.405
0.407
0.408
0.41
0.411
0.413
0.414
0.416
0.417
0.419
0.42
0.421
0.423
0.424
0.425
0.426
0.427
0.428
0.429
0.43
0.431
0.432
0.432
0.433
0.434
0.434
0.434
0.435
0.435
0.435
0.435
0.436
0.436
0.435
0.435
0.435
0.435
0.434
0.434
0.433
0.432
0.431
0.43
0.429
0.428
0.427
0.426
0.424
0.422
0.421
0.419
0.417
0.415
0.413
0.41
0.408
0.405
0.403
0.4
0.397
0.393
0.389
0.386
0.382
0.378
0.374
0.37
0.366
0.362
0.358
0.354
0.349
0.345
0.341
0.337
0.333
0.329
0.325
0.321
0.318
0.314
0.311
0.307
0.304
0.301
0.298
0.295
0.293
0.29
0.288
0.286
0.284
0.283
0.282
0.281
0.28
0.28
0.279
0.28
0.28
0.281
0.282
0.283
0.285
0.287
0.29
0.293
0.296
0.3
0.304
0.309
0.314
0.32
0.326
0.332
0.339
0.347
0.355
0.364
0.383
0.403
0.423
0.444
0.465
0.486
0.507
0.529
0.55
0.571
0.592
0.613
0.633
0.653
0.672
0.691
0.71
0.727
0.732
0.736
0.739
0.742
0.744
0.745
0.746
0.746
0.745
0.744
0.742
0.74
0.737
0.734
0.731
0.727
0.723
0.718
0.713
0.708
0.702
0.696
0.69
0.683
0.677
0.67
0.663
0.656
0.649
0.642
0.634
0.627
0.62
0.612
0.605
0.598
0.59
0.583
0.576
0.569
0.563
0.556
0.55
0.544
0.538
0.533
0.527
0.523
0.518
0.514
0.51
0.507
0.504
0.502
0.5
0.504
0.508
0.513
0.519
0.525
0.531
0.537
0.544
0.551
0.559
0.566
0.574
0.582
0.59
0.598
0.606
0.615
0.623
0.631
0.64
0.648
0.656
0.664
0.672
0.68
0.687
0.694
0.701
0.708
0.714
0.72
0.726
0.731
0.736
0.74
0.744
0.747
0.75
0.742
0.734
0.725
0.716
0.706
0.696
0.685
0.674
0.662
0.65
0.638
0.625
0.612
0.599
0.585
0.571
0.557
0.543
0.528
0.514
0.499
0.484
0.469
0.454
0.439
0.424
0.409
0.393
0.378
0.363
0.348
0.333
0.325
0.317
0.309
0.301
0.293
0.285
0.277
0.27
0.262
0.255
0.248
0.241
0.234
0.227
0.22
0.214
0.207
0.201
0.195
0.189
0.183
0.177
0.171
0.166
0.16
0.155
0.149
0.144
0.139
0.134
0.129
0.125
0.12
0.116
0.111
0.107
0.103
0.099
0.095
0.091
0.087
0.083
0.08
0.076
0.073
0.07
0.067
0.064
0.061
0.058
0.055
0.052
0.05
0.047
0.045
0.043
0.041
0.039
0.037
0.035
0.033
0.031
0.03
0.028
0.027
0.026
0.025
0.023
0.022
0.022
0.021
0.02
0.019
0.019
0.018
0.018
0.018
0.017
0.017
0.017
0.017
0.017
0.018
0.018
0.018
0.019
0.019
0.02
0.021
0.022
0.022
0.023
0.024
0.026
0.027
0.028
0.029
0.031
0.032
0.034
0.036
0.037
0.039
0.041
0.043
0.045
0.047
0.049
0.051
0.054
0.056
0.059
0.061
0.064
0.066
0.069
0.072
0.075
0.078
0.081
0.084
0.087
0.09
0.093
0.096
0.1
0.103
0.107
0.11
0.114
0.118
0.121
0.125
0.129
0.133
0.137
0.141
0.145
0.149
0.153
0.158
0.162
0.166
0.171
0.175
0.18
0.184
0.189
0.194
0.198
0.203
0.208
0.213
0.218
0.223
0.228
0.233
0.238
0.243
0.248
0.253
0.259
0.264
0.269
0.275
0.28
0.286
0.296
0.307
0.317
0.328
0.338
0.349
0.359
0.37
0.381
0.391
0.402
0.412
0.423
0.433
0.444
0.454
0.464
0.475
0.485
0.495
0.505
0.515
0.525
0.535
0.545
0.555
0.564
0.574
0.583
0.593
0.602
0.611
0.62
0.629
0.637
0.646
0.654
0.662
0.67
0.678
0.686
0.693
0.7
0.707
0.714
0.715
0.715
0.715
0.715
0.714
0.714
0.713
0.712
0.711
0.71
0.708
0.707
0.705
0.703
0.701
0.699
0.697
0.694
0.692
0.689
0.686
0.683
0.68
0.677
0.674
0.671
0.667
0.664
0.66
0.657
0.653
0.649
0.645
0.641
0.638
0.634
0.629
0.625
0.621
0.617
0.613
0.609
0.604
0.6
0.596
0.591
0.587
0.583
0.579
0.574
0.57
0.566
0.562
0.557
0.553
0.549
0.545
0.541
0.537
0.533
0.529
0.525
0.521
0.517
0.514
0.51
0.507
0.503
0.5
0.497
0.494
0.491
0.488
0.485
0.482
0.479
0.476
0.473
0.47
0.467
0.464
0.462
0.459
0.456
0.453
0.449
0.446
0.443
0.44
0.436
0.432
0.429
0.425
0.421
0.417
0.413
0.409
0.405
0.4
0.396
0.391
0.386
0.381
0.376
0.371
0.366
0.361
0.355
0.35
0.344
0.339
0.333
0.327
0.322
0.316
0.31
0.304
0.298
0.292
0.286
0.28
0.274
0.268
0.262
0.255
0.249
0.243
0.237
0.231
0.224
0.218
0.212
0.206
0.2
0.194
0.188
0.182
0.176
0.17
0.164
0.158
0.152
0.146
0.14
0.135
0.129
0.123
0.118
0.113
0.107
0.102
0.097
0.092
0.087
0.082
0.077
0.073
0.068
0.064
0.06
0.056
0.052
0.048
0.044
0.04
0.037
0.034
0.03
0.027
0.025
0.022
0.019
0.017
0.015
0.013
0.011
0.01
0.008
0.007
0.006
0.005
0.005
0.004
0.004
0.004
0.004
0.005
0.006
0.007
0.008
0.009
0.011
0.013
0.015
0.018
0.02
0.023
0.027
0.03
0.034
0.038
0.043
0.047
0.052
0.058
0.063
0.069
0.075
0.082
0.089
0.096
0.103
0.111
0.126
0.142
0.158
0.174
0.19
0.206
0.223
0.24
0.257
0.274
0.291
0.308
0.325
0.343
0.36
0.377
0.394
0.411
0.428
0.445
0.462
0.478
0.495
0.511
0.526
0.542
0.557
0.572
0.586
0.6
0.614
0.627
0.64
0.652
0.664
0.675
0.686
0.696
0.706
0.715
0.723
0.73
0.737
0.743
0.748
0.753
0.757
0.76
0.762
0.763
0.763
0.762
0.761
0.758
0.755
0.75
0.724
0.697
0.669
0.641
0.612
0.582
0.552
0.521
0.491
0.46
0.429
0.398
0.367
0.337
0.307
0.278
0.249
0.221
0.193
0.167
0.157
0.149
0.142
0.135
0.13
0.125
0.121
0.118
0.116
0.115
0.114
0.114
0.114
0.116
0.117
0.12
0.123
0.126
0.13
0.134
0.139
0.145
0.15
0.156
0.163
0.169
0.176
0.183
0.19
0.198
0.206
0.214
0.221
0.229
0.237
0.245
0.254
0.262
0.269
0.277
0.285
0.293
0.3
0.307
0.314
0.321
0.327
0.333
0.337
0.34
0.343
0.346
0.348
0.35
0.352
0.353
0.355
0.355
0.356
0.356
0.356
0.356
0.356
0.355
0.354
0.353
0.351
0.35
0.348
0.346
0.344
0.341
0.339
0.336
0.333
0.33
0.327
0.324
0.32
0.316
0.313
0.309
0.305
0.301
0.297
0.292
0.288
0.284
0.279
0.275
0.27
0.265
0.261
0.256
0.251
0.246
0.242
0.237
0.232
0.227
0.223
0.218
0.213
0.209
0.204
0.199
0.195
0.19
0.186
0.182
0.178
0.173
0.169
0.166
0.162
0.158
0.155
0.151
0.148
0.145
0.142
0.139
0.136
0.134
0.132
0.13
0.128
0.126
0.125
0.123
0.122
0.121
0.121
0.121
0.121
0.121
0.121
0.122
0.123
0.124
0.126
0.128
0.13
0.133
0.135
0.139
0.142
0.146
0.15
0.155
0.16
0.165
0.171
0.177
0.183
0.19
0.197
0.205
0.213
0.222
0.231
0.24
0.25
0.27
0.29
0.311
0.332
0.353
0.374
0.396
0.418
0.44
0.462
0.485
0.507
0.529
0.551
0.574
0.596
0.618
0.639
0.661
0.682
0.703
0.724
0.744
0.764
0.783
0.802
0.82
0.838
0.855
0.872
0.888
0.903
0.917
0.931
0.943
0.955
0.966
0.976
0.985
0.993
1.0
0.99
0.978
0.966
0.953
0.94
0.925
0.91
0.895
0.879
0.863
0.846
0.83
0.813
0.796
0.78
0.764
0.748
0.732
0.717
0.703
0.689
0.676
0.664
0.653
0.642
0.633
0.625
0.627
0.63
0.634
0.64
0.646
0.654
0.663
0.672
0.683
0.694
0.706
0.719
0.732
0.747
0.761
0.777
0.793
0.809
0.826
0.844
0.861
0.879
0.897
0.916
0.934
0.953
0.972
0.991
1.009
1.028
1.047
1.065
1.083
1.101
1.119
1.136
1.153
1.17
1.186
1.201
1.216
1.23
1.244
1.257
1.269
1.28
1.291
1.301
1.309
1.317
1.323
1.329
1.333
1.337
1.339
1.339
1.339
1.337
1.333
1.329
1.322
1.315
1.305
1.294
1.281
1.267
1.251
1.232
1.212
1.191
1.167
1.141
1.113
1.083
1.051
1.017
0.98
0.941
0.9
0.814
0.727
0.641
0.555
0.472
0.393
0.318
0.25
0.239
0.234
0.236
0.244
0.258
0.277
0.301
0.33
0.362
0.398
0.437
0.479
0.523
0.569
0.617
0.665
0.715
0.764
0.813
0.862
0.91
0.956
1.0
1.042
1.082
1.118
1.151
1.179
1.204
1.223
1.237
1.246
1.248
1.244
1.234
1.215
1.19
1.155
1.113
1.061
1.0
0.837
0.669
0.5
0.333
0.262
0.199
0.142
0.091
0.047
0.01
-0.022
-0.048
-0.069
-0.084
-0.095
-0.1
-0.101
-0.098
-0.091
-0.079
-0.064
-0.046
-0.025
-0.001
0.026
0.056
0.087
0.121
0.156
0.193
0.231
0.27
0.311
0.351
0.392
0.433
0.474
0.515
0.555
0.594
0.633
0.669
0.705
0.739
0.77
0.8
0.826
0.85
0.872
0.892
0.91
0.925
0.939
0.951
0.962
0.971
0.979
0.985
0.99
0.994
0.997
0.999
1.001
1.001
1.001
1.001
1.0
0.987
0.974
0.96
0.946
0.932
0.918
0.904
0.889
0.875
0.86
0.845
0.831
0.816
0.801
0.787
0.772
0.757
0.743
0.728
0.714
0.706
0.698
0.69
0.683
0.675
0.668
0.661
0.654
0.648
0.641
0.635
0.629
0.623
0.618
0.613
0.608
0.603
0.599
0.595
0.591
0.587
0.584
0.581
0.578
0.576
0.574
0.572
0.57
0.569
0.568
0.568
0.568
0.568
0.569
0.57
0.571
0.573
0.575
0.577
0.58
0.583
0.587
0.591
0.595
0.6
0.607
0.615
0.623
0.631
0.639
0.648
0.657
0.666
0.675
0.685
0.694
0.703
0.713
0.722
0.731
0.74
0.749
0.758
0.766
0.774
0.782
0.79
0.797
0.803
0.81
0.815
0.82
0.825
0.829
0.832
0.835
0.837
0.838
0.838
0.838
0.837
0.834
0.831
0.827
0.822
0.816
0.808
0.8
0.79
0.779
0.767
0.754
0.739
0.723
0.706
0.687
0.667
0.622
0.576
0.53
0.483
0.436
0.389
0.342
0.296
0.252
0.208
0.167
0.128
0.091
0.089
0.09
0.094
0.1
0.108
0.118
0.131
0.145
0.161
0.179
0.198
0.219
0.241
0.265
0.289
0.315
0.341
0.368
0.395
0.423
0.452
0.48
0.509
0.537
0.566
0.594
0.622
0.649
0.676
0.702
0.727
0.739
0.75
0.759
0.768
0.776
0.783
0.79
0.795
0.799
0.803
0.806
0.808
0.81
0.811
0.811
0.81
0.809
0.807
0.805
0.802
0.798
0.794
0.79
0.785
0.779
0.773
0.767
0.76
0.753
0.745
0.738
0.729
0.721
0.712
0.703
0.694
0.685
0.675
0.666
0.656
0.646
0.636
0.626
0.616
0.605
0.595
0.585
0.575
0.565
0.555
0.545
0.536
0.526
0.517
0.508
0.499
0.49
0.481
0.473
0.466
0.458
0.451
0.444
0.438
0.432
0.426
0.421
0.417
0.413
0.409
0.406
0.404
0.402
0.401
0.4
0.408
0.417
0.427
0.437
0.447
0.458
0.47
0.482
0.494
0.507
0.52
0.533
0.547
0.56
0.574
0.588
0.602
0.616
0.63
0.645
0.659
0.673
0.687
0.7
0.714
0.727
0.74
0.753
0.766
0.778
0.789
0.801
0.811
0.822
0.831
0.841
0.849
0.857
0.857
0.857
0.856
0.854
0.852
0.849
0.846
0.842
0.838
0.834
0.829
0.824
0.818
0.813
0.807
0.801
0.795
0.789
0.783
0.777
0.771
0.765
0.759
0.754
0.748
0.743
0.738
0.733
0.728
0.724
0.72
0.717
0.714
0.712
0.71
0.709
0.708
0.708
0.708
0.71
0.712
0.715
0.718
0.723
0.728
0.734
0.742
0.75
0.762
0.775
0.788
0.803
0.818
0.834
0.85
0.867
0.884
0.902
0.919
0.937
0.954
0.972
0.99
1.007
1.024
1.04
1.056
1.072
1.087
1.101
1.114
1.127
1.138
1.149
1.158
1.166
1.172
1.178
1.182
1.184
1.184
1.183
1.18
1.175
1.168
1.159
1.148
1.135
1.119
1.101
1.081
1.057
1.032
1.003
0.972
0.937
0.9
0.818
0.733
0.648
0.564
0.48
0.399
0.322
0.25
0.233
0.222
0.216
0.215
0.219
0.228
0.241
0.257
0.277
0.3
0.326
0.355
0.386
0.42
0.455
0.491
0.529
0.567
0.606
0.646
0.685
0.724
0.762
0.799
0.836
0.87
0.903
0.933
0.962
0.987
1.009
1.028
1.044
1.055
1.062
1.065
1.063
1.056
1.043
1.024
1.0
0.919
0.834
0.749
0.667
0.63
0.599
0.573
0.551
0.534
0.521
0.512
0.506
0.505
0.506
0.511
0.519
0.529
0.542
0.558
0.575
0.594
0.615
0.637
0.661
0.685
0.71
0.736
0.763
0.789
0.815
0.841
0.867
0.892
0.916
0.939
0.961
0.981
0.999
1.015
1.029
1.041
1.05
1.056
1.06
1.06
1.056
1.049
1.038
1.023
1.003
0.979
0.951
0.917
0.878
0.834
0.784
0.728
0.667
0.528
0.386
0.243
0.1
0.033
-0.031
-0.092
-0.149
-0.204
-0.255
-0.303
-0.349
-0.391
-0.431
-0.468
-0.502
-0.534
-0.563
-0.589
-0.613
-0.635
-0.654
-0.671
-0.686
-0.698
-0.708
-0.717
-0.723
-0.727
-0.73
-0.73
-0.729
-0.726
-0.722
-0.716
-0.708
-0.699
-0.688
-0.676
-0.663
-0.648
-0.632
-0.616
-0.598
-0.579
-0.559
-0.538
-0.516
-0.494
-0.471
-0.447
-0.422
-0.397
-0.372
-0.346
-0.319
-0.293
-0.266
-0.239
-0.211
-0.184
-0.157
-0.129
-0.102
-0.075
-0.048
-0.021
0.005
0.031
0.057
0.082
0.106
0.13
0.153
0.176
0.197
0.218
0.238
0.257
0.275
0.292
0.308
0.322
0.335
0.347
0.358
0.367
0.375
0.378
0.38
0.381
0.38
0.379
0.377
0.374
0.37
0.366
0.361
0.357
0.352
0.348
0.343
0.34
0.336
0.333
0.336
0.339
0.343
0.348
0.353
0.359
0.366
0.373
0.381
0.389
0.398
0.407
0.417
0.427
0.438
0.449
0.46
0.471
0.483
0.495
0.508
0.52
0.533
0.546
0.558
0.571
0.584
0.597
0.611
0.624
0.637
0.649
0.662
0.675
0.687
0.7
0.712
0.723
0.735
0.746
0.757
0.767
0.778
0.787
0.796
0.805
0.813
0.821
0.828
0.835
0.841
0.846
0.851
0.855
0.858
0.86
0.862
0.863
0.863
0.862
0.86
0.858
0.854
0.85
0.844
0.837
0.83
0.821
0.811
0.8
0.77
0.739
0.707
0.675
0.642
0.609
0.576
0.543
0.511
0.479
0.448
0.418
0.389
0.361
0.335
0.311
0.288
0.268
0.25
0.258
0.268
0.281
0.296
0.312
0.331
0.351
0.372
0.395
0.419
0.445
0.471
0.498
0.525
0.553
0.582
0.611
0.64
0.668
0.697
0.725
0.753
0.78
0.806
0.832
0.856
0.879
0.901
0.922
0.941
0.958
0.973
0.986
0.997
1.005
1.011
1.015
1.016
1.014
1.008
1.0
0.956
0.909
0.86
0.811
0.761
0.713
0.667
0.642
0.62
0.601
0.584
0.568
0.555
0.544
0.534
0.526
0.519
0.514
0.509
0.506
0.504
0.502
0.501
0.5
0.5
0.5
0.5
0.505
0.51
0.514
0.519
0.523
0.528
0.532
0.536
0.54
0.544
0.548
0.552
0.555
0.558
0.562
0.565
0.567
0.57
0.573
0.575
0.577
0.579
0.58
0.582
0.583
0.584
0.584
0.585
0.585
0.585
0.585
0.584
0.583
0.582
0.58
0.578
0.576
0.573
0.571
0.567
0.564
0.56
0.556
0.544
0.532
0.52
0.508
0.495
0.483
0.47
0.457
0.444
0.431
0.418
0.406
0.393
0.381
0.368
0.356
0.345
0.333
0.329
0.324
0.32
0.317
0.313
0.31
0.308
0.306
0.304
0.303
0.302
0.301
0.301
0.301
0.301
0.302
0.303
0.304
0.306
0.308
0.311
0.314
0.317
0.321
0.325
0.329
0.333
0.345
0.356
0.368
0.38
0.393
0.406
0.418
0.432
0.445
0.459
0.472
0.486
0.5
0.509
0.518
0.527
0.537
0.546
0.555
0.565
0.574
0.584
0.593
0.602
0.611
0.621
0.63
0.639
0.647
0.656
0.665
0.673
0.681
0.689
0.697
0.704
0.711
0.718
0.725
0.731
0.737
0.743
0.748
0.753
0.758
0.762
0.766
0.769
0.772
0.775
0.777
0.778
0.779
0.78
0.779
0.779
0.777
0.776
0.773
0.77
0.766
0.762
0.757
0.751
0.745
0.738
0.73
0.721
0.712
0.702
0.691
0.679
0.667
0.636
0.605
0.574
0.542
0.509
0.477
0.444
0.412
0.38
0.348
0.317
0.286
0.256
0.228
0.2
0.184
0.168
0.154
0.142
0.131
0.121
0.112
0.105
0.1
0.111
0.124
0.138
0.153
0.169
0.187
0.205
0.224
0.244
0.264
0.285
0.306
0.328
0.35
0.372
0.394
0.416
0.437
0.459
0.48
0.5
0.514
0.527
0.54
0.552
0.564
0.575
0.586
0.596
0.605
0.615
0.623
0.632
0.64
0.647
0.655
0.661
0.668
0.674
0.68
0.686
0.692
0.697
0.702
0.707
0.712
0.716
0.721
0.725
0.729
0.734
0.738
0.742
0.746
0.75
0.75
0.751
0.751
0.752
0.752
0.753
0.754
0.754
0.755
0.755
0.756
0.756
0.757
0.757
0.758
0.759
0.759
0.76
0.76
0.761
0.761
0.761
0.762
0.762
0.763
0.763
0.763
0.763
0.764
0.764
0.764
0.764
0.764
0.764
0.764
0.764
0.763
0.763
0.763
0.762
0.762
0.761
0.761
0.76
0.759
0.758
0.757
0.756
0.755
0.754
0.753
0.751
0.75
0.747
0.743
0.74
0.736
0.733
0.729
0.725
0.722
0.718
0.714
0.71
0.707
0.703
0.699
0.696
0.692
0.689
0.685
0.682
0.679
0.675
0.672
0.669
0.667
0.666
0.665
0.664
0.664
0.663
0.663
0.663
0.663
0.663
0.663
0.663
0.663
0.663
0.664
0.664
0.664
0.665
0.665
0.665
0.665
0.666
0.666
0.666
0.666
0.667
0.667
0.667
0.667
0.662
0.657
0.652
0.646
0.641
0.634
0.628
0.62
0.612
0.604
0.594
0.584
0.573
0.56
0.547
0.533
0.517
0.5
0.487
0.473
0.458
0.442
0.425
0.408
0.39
0.371
0.353
0.335
0.316
0.299
0.281
0.264
0.248
0.232
0.218
0.205
0.193
0.182
0.173
0.166
0.161
0.157
0.156
0.158
0.161
0.168
0.177
0.189
0.204
0.222
0.244
0.269
0.298
0.33
0.367
0.408
0.452
0.502
0.556
0.625
0.697
0.771
0.846
0.919
0.99
1.056
1.117
1.171
1.216
1.252
1.276
1.287
1.284
1.264
1.228
1.173
1.097
1.0
0.748
0.5
0.414
0.356
0.325
0.316
0.327
0.354
0.395
0.446
0.504
0.567
0.631
0.693
0.75
0.788
0.818
0.841
0.858
0.869
0.874
0.875
0.871
0.863
0.852
0.838
0.822
0.805
0.786
0.766
0.747
0.728
0.71
0.693
0.679
0.667
0.66
0.655
0.653
0.653
0.654
0.657
0.659
0.662
0.664
0.666
0.667
0.657
0.646
0.634
0.621
0.606
0.59
0.574
0.556
0.538
0.52
0.501
0.482
0.462
0.443
0.424
0.405
0.386
0.368
0.35
0.333
0.329
0.326
0.324
0.322
0.322
0.322
0.322
0.324
0.326
0.328
0.331
0.335
0.34
0.345
0.35
0.356
0.363
0.37
0.377
0.385
0.393
0.402
0.411
0.42
0.43
0.44
0.45
0.461
0.471
0.482
0.493
0.505
0.516
0.527
0.539
0.551
0.563
0.574
0.586
0.598
0.61
0.621
0.633
0.645
0.656
0.667
0.678
0.689
0.7
0.711
0.721
0.731
0.741
0.75
0.753
0.755
0.757
0.759
0.76
0.761
0.762
0.763
0.763
0.763
0.763
0.762
0.761
0.76
0.758
0.757
0.755
0.753
0.75
0.748
0.745
0.741
0.738
0.735
0.731
0.727
0.723
0.718
0.714
0.709
0.704
0.699
0.693
0.688
0.682
0.676
0.67
0.664
0.658
0.652
0.645
0.639
0.632
0.625
0.618
0.611
0.604
0.596
0.589
0.581
0.574
0.566
0.559
0.551
0.543
0.535
0.527
0.519
0.511
0.503
0.495
0.487
0.479
0.471
0.462
0.454
0.446
0.438
0.43
0.422
0.413
0.405
0.397
0.389
0.381
0.373
0.365
0.357
0.35
0.342
0.334
0.327
0.319
0.312
0.304
0.297
0.29
0.283
0.276
0.269
0.263
0.256
0.25
0.243
0.237
0.231
0.225
0.22
0.214
0.209
0.204
0.199
0.194
0.189
0.185
0.18
0.176
0.172
0.169
0.165
0.162
0.159
0.156
0.154
0.152
0.15
0.148
0.146
0.145
0.144
0.143
0.143
0.149
0.155
0.161
0.167
0.174
0.181
0.188
0.196
0.203
0.211
0.219
0.227
0.235
0.243
0.251
0.26
0.268
0.277
0.285
0.294
0.302
0.311
0.319
0.328
0.336
0.345
0.353
0.361
0.37
0.378
0.386
0.393
0.401
0.409
0.416
0.423
0.43
0.437
0.443
0.449
0.455
0.461
0.466
0.471
0.476
0.481
0.485
0.489
0.492
0.495
0.498
0.5
0.495
0.489
0.484
0.477
0.471
0.464
0.457
0.45
0.443
0.435
0.428
0.42
0.412
0.405
0.397
0.389
0.382
0.374
0.367
0.36
0.353
0.346
0.34
0.333
0.333
0.332
0.332
0.332
0.332
0.333
0.334
0.335
0.336
0.338
0.34
0.342
0.344
0.347
0.35
0.353
0.356
0.359
0.362
0.366
0.369
0.373
0.377
0.381
0.385
0.389
0.394
0.398
0.402
0.407
0.411
0.416
0.42
0.425
0.429
0.434
0.438
0.443
0.447
0.452
0.456
0.46
0.464
0.469
0.473
0.476
0.48
0.484
0.487
0.491
0.494
0.497
0.5
0.501
0.502
0.503
0.504
0.504
0.504
0.504
0.504
0.504
0.503
0.503
0.502
0.501
0.5
0.496
0.491
0.487
0.482
0.478
0.473
0.468
0.462
0.457
0.452
0.446
0.44
0.435
0.429
0.423
0.417
0.411
0.404
0.398
0.392
0.386
0.379
0.373
0.366
0.36
0.353
0.347
0.34
0.333
0.329
0.324
0.32
0.315
0.31
0.306
0.301
0.297
0.292
0.288
0.283
0.279
0.274
0.27
0.265
0.261
0.256
0.252
0.247
0.243
0.239
0.234
0.23
0.226
0.222
0.218
0.213
0.209
0.205
0.201
0.197
0.193
0.189
0.185
0.182
0.178
0.174
0.17
0.167
0.163
0.16
0.156
0.153
0.149
0.146
0.143
0.14
0.137
0.134
0.131
0.128
0.125
0.122
0.119
0.117
0.114
0.112
0.109
0.107
0.105
0.103
0.101
0.099
0.097
0.095
0.093
0.092
0.09
0.089
0.088
0.086
0.085
0.084
0.083
0.082
0.082
0.081
0.081
0.08
0.08
0.08
0.08
0.08
0.08
0.08
0.081
0.081
0.082
0.083
0.084
0.085
0.086
0.087
0.089
0.09
0.092
0.094
0.096
0.098
0.1
0.103
0.105
0.108
0.111
0.114
0.117
0.12
0.123
0.127
0.131
0.135
0.139
0.143
0.151
0.159
0.167
0.175
0.184
0.193
0.201
0.21
0.219
0.228
0.238
0.247
0.256
0.266
0.275
0.285
0.294
0.304
0.314
0.324
0.334
0.343
0.353
0.363
0.373
0.383
0.393
0.403
0.413
0.423
0.433
0.442
0.452
0.462
0.472
0.481
0.491
0.5
0.51
0.519
0.528
0.538
0.547
0.556
0.565
0.573
0.582
0.59
0.599
0.607
0.615
0.623
0.631
0.638
0.646
0.653
0.66
0.667
0.674
0.68
0.686
0.692
0.698
0.704
0.709
0.714
0.719
0.723
0.728
0.732
0.736
0.739
0.742
0.745
0.748
0.75
0.752
0.754
0.756
0.757
0.757
0.758
0.758
0.757
0.757
0.756
0.754
0.753
0.75
0.748
0.745
0.742
0.738
0.734
0.729
0.724
0.719
0.713
0.706
0.7
0.692
0.671
0.65
0.628
0.606
0.583
0.561
0.538
0.515
0.492
0.469
0.447
0.424
0.401
0.379
0.357
0.336
0.315
0.294
0.274
0.255
0.236
0.217
0.2
0.197
0.195
0.194
0.194
0.194
0.195
0.197
0.199
0.202
0.205
0.209
0.214
0.219
0.224
0.23
0.237
0.243
0.25
0.258
0.266
0.274
0.282
0.291
0.3
0.309
0.319
0.328
0.338
0.348
0.357
0.367
0.377
0.387
0.397
0.407
0.417
0.427
0.437
0.446
0.456
0.465
0.474
0.483
0.492
0.5
0.504
0.507
0.51
0.513
0.516
0.518
0.521
0.522
0.524
0.525
0.526
0.527
0.528
0.528
0.528
0.528
0.528
0.527
0.526
0.525
0.524
0.523
0.521
0.52
0.518
0.515
0.513
0.511
0.508
0.505
0.502
0.499
0.496
0.492
0.489
0.485
0.481
0.477
0.473
0.469
0.465
0.46
0.456
0.451
0.446
0.441
0.436
0.431
0.426
0.421
0.416
0.411
0.405
0.4
0.395
0.39
0.385
0.38
0.375
0.37
0.365
0.36
0.356
0.351
0.347
0.342
0.338
0.334
0.33
0.326
0.322
0.319
0.316
0.313
0.311
0.308
0.306
0.305
0.303
0.302
0.302
0.302
0.302
0.302
0.304
0.305
0.307
0.309
0.312
0.316
0.32
0.324
0.329
0.335
0.341
0.348
0.356
0.364
0.383
0.403
0.423
0.444
0.465
0.486
0.508
0.529
0.55
0.572
0.593
0.614
0.634
0.654
0.673
0.692
0.71
0.727
0.733
0.737
0.741
0.743
0.745
0.747
0.748
0.748
0.747
0.746
0.745
0.743
0.74
0.737
0.734
0.731
0.727
0.723
0.719
0.715
0.71
0.706
0.701
0.697
0.693
0.688
0.684
0.68
0.676
0.673
0.67
0.667
0.662
0.658
0.655
0.651
0.648
0.645
0.642
0.639
0.636
0.634
0.631
0.628
0.625
0.622
0.618
0.614
0.61
0.606
0.601
0.596
0.591
0.584
0.578
0.571
0.563
0.554
0.545
0.535
0.524
0.513
0.5
0.477
0.454
0.43
0.406
0.382
0.357
0.333
0.32
0.307
0.295
0.283
0.272
0.261
0.25
0.24
0.23
0.221
0.212
0.203
0.195
0.187
0.18
0.173
0.166
0.16
0.154
0.149
0.143
0.139
0.134
0.13
0.126
0.123
0.12
0.117
0.114
0.112
0.111
0.109
0.108
0.107
0.106
0.106
0.106
0.106
0.107
0.108
0.109
0.11
0.112
0.114
0.116
0.119
0.121
0.124
0.128
0.131
0.135
0.139
0.143
0.147
0.152
0.156
0.161
0.167
0.178
0.19
0.201
0.213
0.225
0.236
0.247
0.258
0.268
0.278
0.288
0.297
0.305
0.312
0.319
0.325
0.33
0.333
0.328
0.321
0.314
0.306
0.297
0.289
0.28
0.272
0.264
0.257
0.25
0.251
0.253
0.256
0.259
0.263
0.268
0.273
0.279
0.285
0.292
0.299
0.306
0.314
0.322
0.329
0.337
0.345
0.353
0.36
0.368
0.375
0.379
0.383
0.386
0.39
0.393
0.395
0.398
0.4
0.402
0.404
0.405
0.406
0.407
0.408
0.409
0.41
0.41
0.41
0.41
0.41
0.41
0.41
0.409
0.409
0.408
0.407
0.406
0.405
0.404
0.403
0.402
0.401
0.4
0.399
0.398
0.397
0.396
0.394
0.393
0.392
0.391
0.39
0.389
0.389
0.388
0.387
0.387
0.386
0.386
0.385
0.385
0.385
0.386
0.386
0.386
0.387
0.388
0.389
0.39
0.392
0.394
0.395
0.398
0.4
0.404
0.409
0.414
0.419
0.425
0.43
0.436
0.442
0.448
0.455
0.461
0.468
0.474
0.481
0.488
0.495
0.502
0.51
0.517
0.524
0.532
0.539
0.547
0.554
0.562
0.57
0.577
0.585
0.592
0.6
0.607
0.614
0.622
0.629
0.636
0.643
0.65
0.657
0.663
0.67
0.676
0.682
0.689
0.694
0.7
0.706
0.711
0.716
0.721
0.725
0.73
0.734
0.737
0.741
0.744
0.747
0.75
0.752
0.754
0.755
0.757
0.758
0.758
0.758
0.758
0.757
0.756
0.755
0.753
0.75
0.748
0.744
0.741
0.736
0.732
0.726
0.721
0.714
0.697
0.679
0.66
0.642
0.623
0.604
0.585
0.566
0.547
0.529
0.511
0.493
0.476
0.459
0.443
0.428
0.413
0.4
0.393
0.386
0.381
0.375
0.369
0.364
0.357
0.35
0.342
0.333
0.32
0.306
0.291
0.276
0.261
0.247
0.234
0.222
0.212
0.205
0.2
0.216
0.235
0.256
0.279
0.303
0.329
0.355
0.381
0.407
0.432
0.456
0.479
0.5
0.507
0.512
0.515
0.516
0.516
0.515
0.514
0.511
0.509
0.506
0.503
0.501
0.5
0.504
0.509
0.515
0.521
0.529
0.537
0.546
0.556
0.566
0.577
0.589
0.601
0.614
0.626
0.64
0.654
0.668
0.682
0.696
0.711
0.726
0.741
0.756
0.771
0.786
0.801
0.816
0.83
0.845
0.859
0.873
0.887
0.9
0.913
0.925
0.937
0.949
0.959
0.97
0.979
0.988
0.996
1.003
1.01
1.016
1.02
1.024
1.027
1.029
1.029
1.029
1.027
1.024
1.02
1.015
1.008
1.0
0.968
0.934
0.899
0.863
0.827
0.789
0.751
0.713
0.674
0.635
0.596
0.557
0.519
0.48
0.442
0.405
0.369
0.333
0.319
0.305
0.293
0.281
0.271
0.261
0.253
0.245
0.238
0.232
0.227
0.222
0.219
0.216
0.214
0.212
0.212
0.211
0.212
0.213
0.215
0.217
0.22
0.224
0.228
0.232
0.237
0.243
0.249
0.255
0.261
0.268
0.276
0.283
0.291
0.299
0.308
0.316
0.325
0.334
0.343
0.352
0.362
0.371
0.381
0.39
0.4
0.41
0.419
0.429
0.438
0.447
0.457
0.466
0.474
0.483
0.492
0.5
0.507
0.514
0.521
0.528
0.534
0.54
0.546
0.552
0.557
0.562
0.567
0.572
0.576
0.581
0.585
0.589
0.593
0.596
0.599
0.603
0.606
0.608
0.611
0.614
0.616
0.618
0.62
0.622
0.623
0.625
0.626
0.628
0.629
0.63
0.63
0.631
0.632
0.632
0.632
0.633
0.633
0.633
0.633
0.632
0.632
0.632
0.631
0.631
0.63
0.629
0.628
0.628
0.627
0.626
0.624
0.623
0.622
0.621
0.62
0.618
0.617
0.615
0.614
0.612
0.611
0.609
0.608
0.606
0.605
0.603
0.602
0.6
0.596
0.592
0.587
0.583
0.579
0.575
0.57
0.566
0.562
0.558
0.553
0.549
0.545
0.541
0.537
0.533
0.528
0.524
0.52
0.516
0.512
0.508
0.504
0.499
0.495
0.491
0.487
0.483
0.479
0.475
0.471
0.467
0.463
0.459
0.455
0.451
0.447
0.443
0.439
0.435
0.431
0.428
0.424
0.42
0.416
0.412
0.408
0.405
0.401
0.397
0.393
0.39
0.386
0.382
0.379
0.375
0.371
0.368
0.364
0.361
0.357
0.354
0.35
0.347
0.343
0.34
0.337
0.333
0.332
0.331
0.329
0.328
0.327
0.326
0.324
0.323
0.322
0.321
0.32
0.319
0.318
0.317
0.316
0.315
0.314
0.313
0.312
0.312
0.311
0.31
0.31
0.309
0.308
0.308
0.307
0.307
0.307
0.306
0.306
0.306
0.305
0.305
0.305
0.305
0.305
0.305
0.305
0.305
0.306
0.306
0.306
0.306
0.307
0.307
0.308
0.308
0.309
0.31
0.311
0.311
0.312
0.313
0.314
0.315
0.316
0.318
0.319
0.32
0.322
0.323
0.325
0.326
0.328
0.33
0.331
0.333
0.338
0.343
0.348
0.352
0.357
0.362
0.367
0.373
0.378
0.383
0.388
0.394
0.399
0.404
0.41
0.415
0.421
0.426
0.432
0.438
0.443
0.449
0.455
0.461
0.466
0.472
0.478
0.484
0.49
0.496
0.502
0.507
0.513
0.519
0.525
0.531
0.537
0.543
0.549
0.555
0.561
0.567
0.572
0.578
0.584
0.59
0.596
0.602
0.607
0.613
0.619
0.624
0.63
0.636
0.641
0.647
0.652
0.658
0.663
0.668
0.674
0.679
0.684
0.689
0.694
0.699
0.704
0.709
0.714
0.719
0.723
0.728
0.733
0.737
0.741
0.746
0.75
0.751
0.751
0.752
0.752
0.753
0.753
0.754
0.754
0.754
0.754
0.754
0.754
0.753
0.753
0.753
0.752
0.752
0.751
0.751
0.75
0.75
0.749
0.748
0.747
0.746
0.745
0.744
0.743
0.741
0.74
0.739
0.738
0.736
0.735
0.733
0.732
0.73
0.728
0.727
0.725
0.723
0.721
0.719
0.717
0.715
0.713
0.711
0.709
0.707
0.705
0.703
0.701
0.698
0.696
0.694
0.691
0.689
0.687
0.684
0.682
0.679
0.677
0.674
0.672
0.669
0.666
0.664
0.661
0.659
0.656
0.653
0.651
0.648
0.645
0.642
0.64
0.637
0.634
0.632
0.629
0.626
0.623
0.621
0.618
0.615
0.612
0.609
0.607
0.604
0.601
0.598
0.596
0.593
0.59
0.588
0.585
0.582
0.58
0.577
0.574
0.572
0.569
0.566
0.564
0.561
0.559
0.556
0.554
0.551
0.549
0.546
0.544
0.542
0.539
0.537
0.535
0.532
0.53
0.528
0.526
0.524
0.522
0.52
0.518
0.516
0.514
0.512
0.51
0.508
0.507
0.505
0.503
0.502
0.5
0.499
0.497
0.496
0.494
0.493
0.492
0.491
0.489
0.488
0.487
0.486
0.485
0.485
0.484
0.483
0.483
0.482
0.481
0.481
0.481
0.48
0.48
0.48
0.48
0.48
0.48
0.48
0.48
0.48
0.481
0.481
0.482
0.482
0.483
0.484
0.485
0.486
0.487
0.488
0.489
0.49
0.492
0.493
0.495
0.496
0.498
0.5
0.501
0.502
0.504
0.505
0.506
0.507
0.508
0.509
0.51
0.51
0.511
0.511
0.511
0.51
0.509
0.508
0.506
0.504
0.502
0.499
0.495
0.491
0.487
0.481
0.475
0.469
0.461
0.453
0.444
0.434
0.424
0.412
0.4
0.387
0.373
0.358
0.343
0.327
0.31
0.293
0.275
0.257
0.238
0.219
0.2
0.181
0.162
0.143
0.123
0.104
0.086
0.067
0.049
0.031
0.013
-0.004
-0.02
-0.036
-0.051
-0.065
-0.078
-0.09
-0.102
-0.112
-0.121
-0.129
-0.136
-0.142
-0.146
-0.148
-0.149
-0.149
-0.147
-0.143
-0.137
-0.13
-0.12
-0.109
-0.096
-0.08
-0.062
-0.042
-0.02
0.005
0.032
0.062
0.094
0.129
0.166
0.207
0.25
0.307
0.366
0.427
0.49
0.555
0.621
0.688
0.755
0.822
0.89
0.956
1.022
1.087
1.15
1.211
1.27
1.326
1.379
1.429
1.476
1.518
1.556
1.59
1.618
1.641
1.659
1.67
1.675
1.673
1.664
1.648
1.624
1.591
1.551
1.501
1.443
1.374
1.296
1.208
1.11
1.0
0.748
0.5
0.399
0.317
0.252
0.205
0.172
0.154
0.148
0.154
0.17
0.195
0.227
0.267
0.311
0.36
0.412
0.465
0.518
0.57
0.62
0.667
0.713
0.755
0.792
0.826
0.855
0.882
0.904
0.924
0.941
0.955
0.966
0.976
0.983
0.989
0.993
0.996
0.998
0.999
1.0
1.0
0.989
0.978
0.966
0.955
0.943
0.932
0.92
0.908
0.896
0.885
0.873
0.861
0.848
0.836
0.824
0.812
0.8
0.788
0.776
0.764
0.752
0.74
0.728
0.716
0.704
0.692
0.68
0.669
0.657
0.646
0.635
0.623
0.612
0.601
0.591
0.58
0.57
0.559
0.549
0.539
0.53
0.52
0.511
0.502
0.493
0.484
0.476
0.468
0.46
0.452
0.445
0.438
0.431
0.425
0.419
0.413
0.407
0.402
0.398
0.393
0.389
0.385
0.382
0.379
0.377
0.375
0.373
0.372
0.371
0.37
0.37
0.371
0.372
0.373
0.375
0.377
0.38
0.384
0.387
0.392
0.397
0.402
0.408
0.415
0.422
0.43
0.438
0.447
0.456
0.466
0.477
0.488
0.5
0.521
0.542
0.564
0.584
0.604
0.622
0.638
0.652
0.664
0.672
0.677
0.678
0.675
0.667
0.624
0.578
0.529
0.479
0.428
0.38
0.333
0.311
0.293
0.278
0.266
0.257
0.25
0.246
0.243
0.242
0.243
0.244
0.247
0.25
0.266
0.282
0.298
0.315
0.332
0.349
0.366
0.383
0.401
0.419
0.437
0.455
0.473
0.492
0.51
0.529
0.548
0.567
0.586
0.605
0.624
0.643
0.662
0.682
0.701
0.72
0.739
0.758
0.778
0.797
0.816
0.835
0.854
0.872
0.891
0.91
0.928
0.946
0.964
0.982
1.0
1.008
1.017
1.025
1.032
1.04
1.047
1.054
1.061
1.068
1.074
1.08
1.085
1.09
1.095
1.1
1.104
1.108
1.111
1.114
1.117
1.119
1.121
1.122
1.123
1.123
1.123
1.122
1.121
1.119
1.117
1.114
1.111
1.107
1.103
1.098
1.092
1.086
1.079
1.071
1.063
1.054
1.045
1.035
1.024
1.012
1.0
