0.0
0.012
0.023
0.035
0.047
0.058
0.07
0.081
0.093
0.105
0.116
0.128
0.14
0.151
0.163
0.174
0.186
0.198
0.209
0.221
0.233
0.244
0.256
0.267
0.279
0.291
0.302
0.314
0.326
0.337
0.349
0.36
0.372
0.384
0.395
0.407
0.419
0.43
0.442
0.453
0.465
0.477
0.488
0.5
0.503
0.506
0.509
0.512
0.514
0.517
0.52
0.523
0.526
0.529
0.532
0.535
0.538
0.541
0.543
0.546
0.549
0.552
0.555
0.558
0.561
0.564
0.567
0.57
0.572
0.575
0.578
0.581
0.584
0.587
0.59
0.593
0.596
0.599
0.601
0.604
0.607
0.61
0.613
0.616
0.619
0.622
0.625
0.628
0.63
0.633
0.636
0.639
0.642
0.645
0.648
0.651
0.654
0.657
0.659
0.662
0.665
0.668
0.671
0.674
0.677
0.68
0.683
0.686
0.688
0.691
0.694
0.697
0.7
0.703
0.706
0.709
0.712
0.714
0.717
0.72
0.723
0.726
0.729
0.732
0.735
0.738
0.741
0.743
0.746
0.749
0.752
0.755
0.758
0.761
0.764
0.767
0.77
0.772
0.775
0.778
0.781
0.784
0.787
0.79
0.793
0.796
0.799
0.801
0.804
0.807
0.81
0.813
0.816
0.819
0.822
0.825
0.828
0.83
0.833
0.832
0.832
0.831
0.83
0.829
0.828
0.827
0.826
0.826
0.825
0.824
0.823
0.822
0.821
0.82
0.819
0.819
0.818
0.817
0.816
0.815
0.814
0.813
0.813
0.812
0.811
0.81
0.809
0.808
0.807
0.807
0.806
0.805
0.804
0.803
0.802
0.801
0.8
0.8
0.799
0.798
0.797
0.796
0.795
0.794
0.794
0.793
0.792
0.791
0.79
0.789
0.788
0.787
0.787
0.786
0.785
0.784
0.783
0.782
0.781
0.781
0.78
0.779
0.778
0.777
0.776
0.775
0.774
0.774
0.773
0.772
0.771
0.77
0.769
0.768
0.768
0.767
0.766
0.765
0.764
0.763
0.762
0.762
0.761
0.76
0.759
0.758
0.757
0.756
0.755
0.755
0.754
0.753
0.752
0.751
0.75
0.749
0.749
0.748
0.747
0.746
0.745
0.744
0.743
0.742
0.742
0.741
0.74
0.739
0.738
0.737
0.736
0.736
0.735
0.734
0.733
0.732
0.731
0.73
0.729
0.729
0.728
0.727
0.726
0.725
0.724
0.723
0.723
0.722
0.721
0.72
0.719
0.718
0.717
0.717
0.716
0.715
0.714
0.713
0.712
0.711
0.71
0.71
0.709
0.708
0.707
0.706
0.705
0.704
0.704
0.703
0.702
0.701
0.7
0.699
0.698
0.697
0.697
0.696
0.695
0.694
0.693
0.692
0.691
0.691
0.69
0.689
0.688
0.687
0.686
0.685
0.684
0.684
0.683
0.682
0.681
0.68
0.679
0.678
0.678
0.677
0.676
0.675
0.674
0.673
0.672
0.672
0.671
0.67
0.669
0.668
0.667
0.666
0.665
0.665
0.664
0.663
0.662
0.661
0.66
0.659
0.659
0.658
0.657
0.656
0.655
0.654
0.653
0.652
0.652
0.651
0.65
0.649
0.648
0.647
0.646
0.646
0.645
0.644
0.643
0.642
0.641
0.64
0.639
0.639
0.638
0.637
0.636
0.635
0.634
0.633
0.633
0.632
0.631
0.63
0.629
0.628
0.627
0.627
0.626
0.625
0.624
0.623
0.622
0.621
0.62
0.62
0.619
0.618
0.617
0.616
0.615
0.614
0.614
0.613
0.612
0.611
0.61
0.609
0.608
0.607
0.607
0.606
0.605
0.604
0.603
0.602
0.601
0.601
0.6
0.599
0.598
0.597
0.596
0.595
0.594
0.594
0.593
0.592
0.591
0.59
0.589
0.588
0.588
0.587
0.586
0.585
0.584
0.583
0.582
0.582
0.581
0.58
0.579
0.578
0.577
0.576
0.575
0.575
0.574
0.573
0.572
0.571
0.57
0.569
0.569
0.568
0.567
0.566
0.565
0.564
0.563
0.562
0.562
0.561
0.56
0.559
0.558
0.557
0.556
0.556
0.54
0.524
0.508
0.492
0.476
0.46
0.444
0.429
0.413
0.397
0.381
0.365
0.349
0.333
0.335
0.337
0.339
0.341
0.343
0.346
0.348
0.35
0.352
0.354
0.356
0.358
0.36
0.362
0.364
0.366
0.368
0.37
0.372
0.374
0.376
0.378
0.38
0.382
0.384
0.386
0.388
0.39
0.392
0.394
0.396
0.398
0.4
0.402
0.404
0.407
0.409
0.411
0.413
0.415
0.417
0.419
0.421
0.423
0.425
0.427
0.429
0.431
0.433
0.435
0.437
0.439
0.441
0.443
0.445
0.447
0.449
0.451
0.453
0.455
0.457
0.459
0.461
0.463
0.465
0.467
0.47
0.472
0.474
0.476
0.478
0.48
0.482
0.484
0.486
0.488
0.49
0.492
0.494
0.496
0.498
0.5
0.498
0.495
0.493
0.49
0.488
0.485
0.483
0.48
0.478
0.475
0.473
0.471
0.468
0.466
0.463
0.461
0.458
0.456
0.453
0.451
0.449
0.446
0.444
0.441
0.439
0.436
0.434
0.431
0.429
0.426
0.424
0.422
0.419
0.417
0.414
0.412
0.409
0.407
0.404
0.402
0.4
0.397
0.395
0.392
0.39
0.387
0.385
0.382
0.38
0.377
0.375
0.373
0.37
0.368
0.365
0.363
0.36
0.358
0.355
0.353
0.35
0.348
0.346
0.343
0.341
0.338
0.336
0.333
0.331
0.328
0.326
0.324
0.321
0.319
0.316
0.314
0.311
0.309
0.306
0.304
0.301
0.299
0.297
0.294
0.292
0.289
0.287
0.284
0.282
0.279
0.277
0.275
0.272
0.27
0.267
0.265
0.262
0.26
0.257
0.255
0.252
0.25
0.248
0.245
0.243
0.24
0.238
0.235
0.233
0.23
0.228
0.225
0.223
0.221
0.218
0.216
0.213
0.211
0.208
0.206
0.203
0.201
0.199
0.196
0.194
0.191
0.189
0.186
0.184
0.181
0.179
0.176
0.174
0.172
0.169
0.167
0.171
0.175
0.18
0.184
0.189
0.193
0.197
0.202
0.206
0.211
0.215
0.219
0.224
0.228
0.232
0.237
0.241
0.246
0.25
0.254
0.259
0.263
0.268
0.272
0.276
0.281
0.285
0.289
0.294
0.298
0.303
0.307
0.311
0.316
0.32
0.325
0.329
0.333
0.336
0.339
0.341
0.344
0.346
0.349
0.352
0.354
0.357
0.359
0.362
0.365
0.367
0.37
0.372
0.375
0.378
0.38
0.383
0.385
0.388
0.391
0.393
0.396
0.398
0.401
0.404
0.406
0.409
0.411
0.414
0.417
0.419
0.422
0.424
0.427
0.43
0.432
0.435
0.438
0.44
0.443
0.445
0.448
0.451
0.453
0.456
0.458
0.461
0.464
0.466
0.469
0.471
0.474
0.477
0.479
0.482
0.484
0.487
0.49
0.492
0.495
0.497
0.5
0.503
0.505
0.508
0.51
0.513
0.516
0.518
0.521
0.523
0.526
0.529
0.531
0.534
0.536
0.539
0.542
0.544
0.547
0.549
0.552
0.555
0.557
0.56
0.562
0.565
0.568
0.57
0.573
0.576
0.578
0.581
0.583
0.586
0.589
0.591
0.594
0.596
0.599
0.602
0.604
0.607
0.609
0.612
0.615
0.617
0.62
0.622
0.625
0.628
0.63
0.633
0.635
0.638
0.641
0.643
0.646
0.648
0.651
0.654
0.656
0.659
0.661
0.664
0.667
0.669
0.672
0.674
0.677
0.68
0.682
0.685
0.688
0.69
0.693
0.695
0.698
0.701
0.703
0.706
0.708
0.711
0.714
0.716
0.719
0.721
0.724
0.727
0.729
0.732
0.734
0.737
0.74
0.742
0.745
0.747
0.75
0.753
0.755
0.758
0.76
0.763
0.766
0.768
0.771
0.773
0.776
0.779
0.781
0.784
0.786
0.789
0.792
0.794
0.797
0.799
0.802
0.805
0.807
0.81
0.812
0.815
0.818
0.82
0.823
0.826
0.828
0.831
0.833
0.836
0.839
0.841
0.844
0.846
0.849
0.852
0.854
0.857
0.859
0.862
0.865
0.867
0.87
0.872
0.875
0.878
0.88
0.883
0.885
0.888
0.891
0.893
0.896
0.898
0.901
0.904
0.906
0.909
0.911
0.914
0.917
0.919
0.922
0.924
0.927
0.93
0.932
0.935
0.938
0.94
0.943
0.945
0.948
0.951
0.953
0.956
0.958
0.961
0.964
0.966
0.969
0.971
0.974
0.977
0.979
0.982
0.984
0.987
0.99
0.992
0.995
0.997
1.0
0.999
0.998
0.998
0.997
0.996
0.995
0.994
0.994
0.993
0.992
0.991
0.99
0.99
0.989
0.988
0.987
0.986
0.986
0.985
0.984
0.983
0.982
0.981
0.981
0.98
0.979
0.978
0.977
0.977
0.976
0.975
0.974
0.973
0.973
0.972
0.971
0.97
0.969
0.969
0.968
0.967
0.966
0.965
0.965
0.964
0.963
0.962
0.961
0.961
0.96
0.959
0.958
0.957
0.957
0.956
0.955
0.954
0.953
0.952
0.952
0.951
0.95
0.949
0.948
0.948
0.947
0.946
0.945
0.944
0.944
0.943
0.942
0.941
0.94
0.94
0.939
0.938
0.937
0.936
0.936
0.935
0.934
0.933
0.932
0.932
0.931
0.93
0.929
0.928
0.928
0.927
0.926
0.925
0.924
0.924
0.923
0.922
0.921
0.92
0.919
0.919
0.918
0.917
0.916
0.915
0.915
0.914
0.913
0.912
0.911
0.911
0.91
0.909
0.908
0.907
0.907
0.906
0.905
0.904
0.903
0.903
0.902
0.901
0.9
0.899
0.899
0.898
0.897
0.896
0.895
0.895
0.894
0.893
0.892
0.891
0.89
0.89
0.889
0.888
0.887
0.886
0.886
0.885
0.884
0.883
0.882
0.882
0.881
0.88
0.879
0.878
0.878
0.877
0.876
0.875
0.874
0.874
0.873
0.872
0.871
0.87
0.87
0.869
0.868
0.867
0.866
0.866
0.865
0.864
0.863
0.862
0.862
0.861
0.86
0.859
0.858
0.857
0.857
0.856
0.855
0.854
0.853
0.853
0.852
0.851
0.85
0.849
0.849
0.848
0.847
0.846
0.845
0.845
0.844
0.843
0.842
0.841
0.841
0.84
0.839
0.838
0.837
0.837
0.836
0.835
0.834
0.833
0.833
0.832
0.831
0.83
0.829
0.829
0.828
0.827
0.826
0.825
0.824
0.824
0.823
0.822
0.821
0.82
0.82
0.819
0.818
0.817
0.816
0.816
0.815
0.814
0.813
0.812
0.812
0.811
0.81
0.809
0.808
0.808
0.807
0.806
0.805
0.804
0.804
0.803
0.802
0.801
0.8
0.8
0.799
0.798
0.797
0.796
0.795
0.795
0.794
0.793
0.792
0.791
0.791
0.79
0.789
0.788
0.787
0.787
0.786
0.785
0.784
0.783
0.783
0.782
0.781
0.78
0.779
0.779
0.778
0.775
0.773
0.771
0.768
0.766
0.763
0.761
0.759
0.756
0.754
0.751
0.749
0.747
0.744
0.742
0.74
0.737
0.735
0.732
0.73
0.728
0.725
0.723
0.72
0.718
0.716
0.713
0.711
0.708
0.706
0.704
0.701
0.699
0.696
0.694
0.692
0.689
0.687
0.685
0.682
0.68
0.677
0.675
0.673
0.67
0.668
0.665
0.663
0.661
0.658
0.656
0.653
0.651
0.649
0.646
0.644
0.641
0.639
0.637
0.634
0.632
0.63
0.627
0.625
0.622
0.62
0.618
0.615
0.613
0.61
0.608
0.606
0.603
0.601
0.598
0.596
0.594
0.591
0.589
0.586
0.584
0.582
0.579
0.577
0.575
0.572
0.57
0.567
0.565
0.563
0.56
0.558
0.555
0.553
0.551
0.548
0.546
0.543
0.541
0.539
0.536
0.534
0.532
0.529
0.527
0.524
0.522
0.52
0.517
0.515
0.512
0.51
0.508
0.505
0.503
0.5
0.498
0.496
0.493
0.491
0.488
0.486
0.484
0.481
0.479
0.477
0.474
0.472
0.469
0.467
0.465
0.462
0.46
0.457
0.455
0.453
0.45
0.448
0.445
0.443
0.441
0.438
0.436
0.433
0.431
0.429
0.426
0.424
0.422
0.419
0.417
0.414
0.412
0.41
0.407
0.405
0.402
0.4
0.403
0.406
0.41
0.413
0.416
0.419
0.423
0.426
0.429
0.432
0.436
0.439
0.442
0.445
0.449
0.452
0.455
0.458
0.462
0.465
0.468
0.471
0.475
0.478
0.481
0.484
0.488
0.491
0.494
0.497
0.501
0.504
0.507
0.51
0.514
0.517
0.52
0.523
0.526
0.53
0.533
0.536
0.539
0.543
0.546
0.549
0.552
0.556
0.559
0.562
0.565
0.569
0.572
0.575
0.578
0.582
0.585
0.588
0.591
0.595
0.598
0.601
0.604
0.608
0.611
0.614
0.617
0.621
0.624
0.627
0.63
0.634
0.637
0.64
0.643
0.646
0.65
0.653
0.656
0.659
0.663
0.666
0.669
0.672
0.676
0.679
0.682
0.685
0.689
0.692
0.695
0.698
0.702
0.705
0.708
0.711
0.715
0.718
0.721
0.724
0.728
0.731
0.734
0.737
0.741
0.744
0.747
0.75
0.754
0.757
0.76
0.763
0.766
0.77
0.773
0.776
0.779
0.783
0.786
0.789
0.792
0.796
0.799
0.802
0.805
0.809
0.812
0.815
0.818
0.822
0.825
0.828
0.831
0.835
0.838
0.841
0.844
0.848
0.851
0.854
0.857
0.861
0.864
0.867
0.87
0.874
0.877
0.88
0.883
0.886
0.89
0.893
0.896
0.899
0.903
0.906
0.909
0.912
0.916
0.919
0.922
0.925
0.929
0.932
0.935
0.938
0.942
0.945
0.948
0.951
0.955
0.958
0.961
0.964
0.968
0.971
0.974
0.977
0.981
0.984
0.987
0.99
0.994
0.997
1.0
0.997
0.993
0.99
0.986
0.983
0.979
0.976
0.972
0.969
0.965
0.962
0.958
0.955
0.951
0.948
0.944
0.941
0.937
0.934
0.93
0.927
0.923
0.92
0.916
0.913
0.909
0.906
0.902
0.899
0.895
0.892
0.888
0.885
0.881
0.878
0.874
0.871
0.867
0.864
0.86
0.857
0.853
0.85
0.846
0.843
0.839
0.836
0.832
0.829
0.825
0.822
0.818
0.815
0.811
0.808
0.804
0.801
0.797
0.794
0.79
0.787
0.783
0.78
0.776
0.773
0.769
0.766
0.762
0.759
0.755
0.752
0.748
0.745
0.741
0.738
0.734
0.731
0.727
0.724
0.72
0.717
0.713
0.71
0.706
0.703
0.699
0.696
0.692
0.689
0.685
0.682
0.678
0.675
0.671
0.668
0.664
0.661
0.657
0.654
0.65
0.647
0.643
0.64
0.636
0.633
0.629
0.626
0.622
0.619
0.615
0.612
0.608
0.605
0.601
0.598
0.594
0.591
0.587
0.584
0.58
0.577
0.573
0.57
0.566
0.563
0.559
0.556
0.552
0.549
0.545
0.542
0.538
0.535
0.531
0.528
0.524
0.521
0.517
0.514
0.51
0.507
0.503
0.5
0.499
0.498
0.498
0.497
0.496
0.495
0.495
0.494
0.493
0.492
0.492
0.491
0.49
0.489
0.489
0.488
0.487
0.486
0.486
0.485
0.484
0.483
0.483
0.482
0.481
0.48
0.48
0.479
0.478
0.477
0.477
0.476
0.475
0.474
0.474
0.473
0.472
0.471
0.471
0.47
0.469
0.468
0.468
0.467
0.466
0.465
0.465
0.464
0.463
0.462
0.462
0.461
0.46
0.459
0.459
0.458
0.457
0.456
0.456
0.455
0.454
0.453
0.453
0.452
0.451
0.45
0.45
0.449
0.448
0.447
0.447
0.446
0.445
0.444
0.444
0.443
0.442
0.441
0.441
0.44
0.439
0.438
0.438
0.437
0.436
0.435
0.435
0.434
0.433
0.432
0.432
0.431
0.43
0.429
0.429
0.428
0.427
0.426
0.426
0.425
0.424
0.423
0.423
0.422
0.421
0.42
0.42
0.419
0.418
0.417
0.417
0.416
0.415
0.414
0.414
0.413
0.412
0.411
0.411
0.41
0.409
0.408
0.408
0.407
0.406
0.405
0.405
0.404
0.403
0.402
0.402
0.401
0.4
0.399
0.399
0.398
0.397
0.396
0.396
0.395
0.394
0.393
0.393
0.392
0.391
0.39
0.39
0.389
0.388
0.387
0.387
0.386
0.385
0.384
0.384
0.383
0.382
0.381
0.381
0.38
0.379
0.378
0.378
0.377
0.376
0.375
0.375
0.374
0.373
0.372
0.372
0.371
0.37
0.369
0.369
0.368
0.367
0.366
0.366
0.365
0.364
0.363
0.363
0.362
0.361
0.36
0.36
0.359
0.358
0.357
0.357
0.356
0.355
0.354
0.354
0.353
0.352
0.351
0.351
0.35
0.349
0.348
0.348
0.347
0.346
0.345
0.345
0.344
0.343
0.342
0.342
0.341
0.34
0.339
0.339
0.338
0.337
0.336
0.336
0.335
0.334
0.333
0.335
0.337
0.339
0.341
0.342
0.344
0.346
0.348
0.35
0.352
0.353
0.355
0.357
0.359
0.361
0.362
0.364
0.366
0.368
0.37
0.372
0.373
0.375
0.377
0.379
0.381
0.382
0.384
0.386
0.388
0.39
0.392
0.393
0.395
0.397
0.399
0.401
0.402
0.404
0.406
0.408
0.41
0.412
0.413
0.415
0.417
0.419
0.421
0.422
0.424
0.426
0.428
0.43
0.432
0.433
0.435
0.437
0.439
0.441
0.442
0.444
0.446
0.448
0.45
0.452
0.453
0.455
0.457
0.459
0.461
0.462
0.464
0.466
0.468
0.47
0.472
0.473
0.475
0.477
0.479
0.481
0.482
0.484
0.486
0.488
0.49
0.492
0.493
0.495
0.497
0.499
0.501
0.502
0.504
0.506
0.508
0.51
0.512
0.513
0.515
0.517
0.519
0.521
0.522
0.524
0.526
0.528
0.53
0.532
0.533
0.535
0.537
0.539
0.541
0.542
0.544
0.546
0.548
0.55
0.552
0.553
0.555
0.557
0.559
0.561
0.562
0.564
0.566
0.568
0.57
0.572
0.573
0.575
0.577
0.579
0.581
0.582
0.584
0.586
0.588
0.59
0.592
0.593
0.595
0.597
0.599
0.601
0.602
0.604
0.606
0.608
0.61
0.612
0.613
0.615
0.617
0.619
0.621
0.622
0.624
0.626
0.628
0.63
0.632
0.633
0.635
0.637
0.639
0.641
0.642
0.644
0.646
0.648
0.65
0.652
0.653
0.655
0.657
0.659
0.661
0.662
0.664
0.666
0.668
0.67
0.672
0.673
0.675
0.677
0.679
0.681
0.682
0.684
0.686
0.688
0.69
0.692
0.693
0.695
0.697
0.699
0.701
0.702
0.704
0.706
0.708
0.71
0.712
0.713
0.715
0.717
0.719
0.721
0.722
0.724
0.726
0.728
0.73
0.732
0.733
0.735
0.737
0.739
0.741
0.742
0.744
0.746
0.748
0.75
0.752
0.753
0.755
0.757
0.759
0.761
0.762
0.764
0.766
0.768
0.77
0.772
0.773
0.775
0.777
0.779
0.781
0.782
0.784
0.786
0.788
0.79
0.792
0.793
0.795
0.797
0.799
0.801
0.802
0.804
0.806
0.808
0.81
0.812
0.813
0.815
0.817
0.819
0.821
0.822
0.824
0.826
0.828
0.83
0.832
0.833
0.826
0.819
0.812
0.804
0.797
0.79
0.783
0.775
0.768
0.761
0.754
0.746
0.739
0.732
0.725
0.717
0.71
0.703
0.696
0.688
0.681
0.674
0.667
0.659
0.652
0.645
0.638
0.63
0.623
0.616
0.609
0.601
0.594
0.587
0.58
0.572
0.565
0.558
0.551
0.543
0.536
0.529
0.522
0.514
0.507
0.5
0.507
0.515
0.522
0.53
0.537
0.545
0.552
0.56
0.567
0.575
0.582
0.59
0.597
0.604
0.612
0.619
0.627
0.634
0.642
0.649
0.657
0.664
0.672
0.679
0.687
0.694
0.701
0.709
0.716
0.724
0.731
0.739
0.746
0.754
0.761
0.769
0.776
0.784
0.791
0.799
0.806
0.813
0.821
0.828
0.836
0.843
0.851
0.858
0.866
0.873
0.881
0.888
0.896
0.903
0.91
0.918
0.925
0.933
0.94
0.948
0.955
0.963
0.97
0.978
0.985
0.993
1.0
1.0
1.0
1.0
1.0
1.0
1.0
1.0
1.0
1.0
1.0
1.0
1.0
1.0
1.0
1.0
1.0
1.0
1.0
1.0
1.0
1.0
1.0
1.0
1.0
1.0
1.0
1.0
1.0
1.0
1.0
1.0
1.0
1.0
1.0
1.0
1.0
1.0
1.0
1.0
1.0
1.0
1.0
1.0
1.0
1.0
1.0
1.0
1.0
1.0
1.0
1.0
1.0
1.0
1.0
1.0
1.0
1.0
1.0
1.0
1.0
1.0
1.0
1.0
1.0
1.0
1.0
1.0
1.0
1.0
1.0
1.0
1.0
1.0
1.0
1.0
1.0
1.0
1.0
1.0
1.0
1.0
1.0
1.0
1.0
1.0
1.0
1.0
1.0
1.0
1.0
1.0
1.0
1.0
1.0
1.0
1.0
1.0
1.0
1.0
1.0
1.0
1.0
1.0
1.0
1.0
1.0
1.0
1.0
1.0
1.0
1.0
1.0
1.0
1.0
1.0
1.0
1.0
1.0
1.0
1.0
1.0
1.0
1.0
1.0
1.0
1.0
1.0
1.0
1.0
1.0
1.0
1.0
0.99
0.981
0.971
0.962
0.952
0.942
0.933
0.923
0.913
0.904
0.894
0.885
0.875
0.865
0.856
0.846
0.837
0.827
0.817
0.808
0.798
0.788
0.779
0.769
0.76
0.75
0.74
0.731
0.721
0.712
0.702
0.692
0.683
0.673
0.663
0.654
0.644
0.635
0.625
0.615
0.606
0.596
0.587
0.577
0.567
0.558
0.548
0.538
0.529
0.519
0.51
0.5
0.514
0.529
0.543
0.558
0.572
0.587
0.601
0.616
0.63
0.645
0.659
0.674
0.688
0.703
0.717
0.732
0.746
0.761
0.775
0.79
0.804
0.819
0.833
0.834
0.835
0.835
0.836
0.837
0.837
0.838
0.838
0.839
0.84
0.84
0.841
0.842
0.842
0.843
0.844
0.844
0.845
0.846
0.846
0.847
0.847
0.848
0.849
0.849
0.85
0.851
0.851
0.852
0.853
0.853
0.854
0.854
0.855
0.856
0.856
0.857
0.858
0.858
0.859
0.86
0.86
0.861
0.862
0.862
0.863
0.863
0.864
0.865
0.865
0.866
0.867
0.867
0.868
0.869
0.869
0.87
0.871
0.871
0.872
0.872
0.873
0.874
0.874
0.875
0.876
0.876
0.877
0.878
0.878
0.879
0.879
0.88
0.881
0.881
0.882
0.883
0.883
0.884
0.885
0.885
0.886
0.887
0.887
0.888
0.888
0.889
0.89
0.89
0.891
0.892
0.892
0.893
0.894
0.894
0.895
0.896
0.896
0.897
0.897
0.898
0.899
0.899
0.9
0.901
0.901
0.902
0.903
0.903
0.904
0.904
0.905
0.906
0.906
0.907
0.908
0.908
0.909
0.91
0.91
0.911
0.912
0.912
0.913
0.913
0.914
0.915
0.915
0.916
0.917
0.917
0.918
0.919
0.919
0.92
0.921
0.921
0.922
0.922
0.923
0.924
0.924
0.925
0.926
0.926
0.927
0.928
0.928
0.929
0.929
0.93
0.931
0.931
0.932
0.933
0.933
0.934
0.935
0.935
0.936
0.937
0.937
0.938
0.938
0.939
0.94
0.94
0.941
0.942
0.942
0.943
0.944
0.944
0.945
0.946
0.946
0.947
0.947
0.948
0.949
0.949
0.95
0.951
0.951
0.952
0.953
0.953
0.954
0.954
0.955
0.956
0.956
0.957
0.958
0.958
0.959
0.96
0.96
0.961
0.962
0.962
0.963
0.963
0.964
0.965
0.965
0.966
0.967
0.967
0.968
0.969
0.969
0.97
0.971
0.971
0.972
0.972
0.973
0.974
0.974
0.975
0.976
0.976
0.977
0.978
0.978
0.979
0.979
0.98
0.981
0.981
0.982
0.983
0.983
0.984
0.985
0.985
0.986
0.987
0.987
0.988
0.988
0.989
0.99
0.99
0.991
0.992
0.992
0.993
0.994
0.994
0.995
0.996
0.996
0.997
0.997
0.998
0.999
0.999
1.0
0.986
0.972
0.957
0.943
0.929
0.915
0.9
0.886
0.872
0.858
0.843
0.829
0.815
0.801
0.787
0.772
0.758
0.744
0.73
0.715
0.701
0.687
0.673
0.659
0.644
0.63
0.616
0.602
0.587
0.573
0.559
0.545
0.53
0.516
0.502
0.488
0.474
0.459
0.445
0.431
0.417
0.417
0.417
0.417
0.418
0.418
0.418
0.419
0.419
0.419
0.419
0.42
0.42
0.42
0.42
0.421
0.421
0.421
0.421
0.422
0.422
0.422
0.423
0.423
0.423
0.423
0.424
0.424
0.424
0.424
0.425
0.425
0.425
0.425
0.426
0.426
0.426
0.427
0.427
0.427
0.427
0.428
0.428
0.428
0.428
0.429
0.429
0.429
0.429
0.43
0.43
0.43
0.431
0.431
0.431
0.431
0.432
0.432
0.432
0.432
0.433
0.433
0.433
0.433
0.434
0.434
0.434
0.435
0.435
0.435
0.435
0.436
0.436
0.436
0.436
0.437
0.437
0.437
0.437
0.438
0.438
0.438
0.438
0.439
0.439
0.439
0.44
0.44
0.44
0.44
0.441
0.441
0.441
0.441
0.442
0.442
0.442
0.442
0.443
0.443
0.443
0.444
0.444
0.444
0.444
0.445
0.445
0.445
0.445
0.446
0.446
0.446
0.446
0.447
0.447
0.447
0.448
0.448
0.448
0.448
0.449
0.449
0.449
0.449
0.45
0.45
0.45
0.45
0.451
0.451
0.451
0.452
0.452
0.452
0.452
0.453
0.453
0.453
0.453
0.454
0.454
0.454
0.454
0.455
0.455
0.455
0.456
0.456
0.456
0.456
0.457
0.457
0.457
0.457
0.458
0.458
0.458
0.458
0.459
0.459
0.459
0.46
0.46
0.46
0.46
0.461
0.461
0.461
0.461
0.462
0.462
0.462
0.462
0.463
0.463
0.463
0.464
0.464
0.464
0.464
0.465
0.465
0.465
0.465
0.466
0.466
0.466
0.466
0.467
0.467
0.467
0.468
0.468
0.468
0.468
0.469
0.469
0.469
0.469
0.47
0.47
0.47
0.47
0.471
0.471
0.471
0.472
0.472
0.472
0.472
0.473
0.473
0.473
0.473
0.474
0.474
0.474
0.474
0.475
0.475
0.475
0.476
0.476
0.476
0.476
0.477
0.477
0.477
0.477
0.478
0.478
0.478
0.478
0.479
0.479
0.479
0.479
0.48
0.48
0.48
0.481
0.481
0.481
0.481
0.482
0.482
0.482
0.482
0.483
0.483
0.483
0.483
0.484
0.484
0.484
0.485
0.485
0.485
0.485
0.486
0.486
0.486
0.486
0.487
0.487
0.487
0.487
0.488
0.488
0.488
0.489
0.489
0.489
0.489
0.49
0.49
0.49
0.49
0.491
0.491
0.491
0.491
0.492
0.492
0.492
0.493
0.493
0.493
0.493
0.494
0.494
0.494
0.494
0.495
0.495
0.495
0.495
0.496
0.496
0.496
0.497
0.497
0.497
0.497
0.498
0.498
0.498
0.498
0.499
0.499
0.499
0.499
0.5
0.5
0.504
0.508
0.512
0.516
0.52
0.524
0.528
0.533
0.537
0.541
0.545
0.549
0.553
0.557
0.561
0.565
0.569
0.573
0.577
0.581
0.585
0.589
0.593
0.598
0.602
0.606
0.61
0.614
0.618
0.622
0.626
0.63
0.634
0.638
0.642
0.646
0.65
0.654
0.659
0.663
0.667
0.671
0.675
0.679
0.683
0.687
0.691
0.695
0.699
0.703
0.707
0.711
0.715
0.72
0.724
0.728
0.732
0.736
0.74
0.744
0.748
0.752
0.756
0.76
0.764
0.768
0.772
0.776
0.78
0.785
0.789
0.793
0.797
0.801
0.805
0.809
0.813
0.817
0.821
0.825
0.829
0.833
0.837
0.841
0.846
0.85
0.854
0.858
0.862
0.866
0.87
0.874
0.878
0.882
0.886
0.89
0.894
0.898
0.902
0.907
0.911
0.915
0.919
0.923
0.927
0.931
0.935
0.939
0.943
0.947
0.951
0.955
0.959
0.963
0.967
0.972
0.976
0.98
0.984
0.988
0.992
0.996
1.0
1.0
1.0
1.0
1.0
1.0
1.0
1.0
1.0
1.0
1.0
1.0
1.0
1.0
1.0
1.0
1.0
1.0
1.0
1.0
1.0
1.0
1.0
1.0
1.0
1.0
1.0
1.0
1.0
1.0
1.0
1.0
1.0
1.0
1.0
1.0
1.0
1.0
1.0
1.0
1.0
1.0
1.0
1.0
1.0
1.0
1.0
1.0
1.0
1.0
1.0
1.0
1.0
1.0
1.0
1.0
1.0
1.0
1.0
1.0
1.0
1.0
1.0
1.0
1.0
1.0
1.0
1.0
1.0
1.0
1.0
1.0
1.0
1.0
1.0
1.0
1.0
1.0
1.0
1.0
1.0
1.0
1.0
1.0
1.0
1.0
1.0
1.0
1.0
1.0
1.0
1.0
1.0
1.0
1.0
1.0
1.0
1.0
1.0
1.0
1.0
1.0
1.0
1.0
1.0
1.0
1.0
1.0
1.0
1.0
1.0
1.0
1.0
1.0
1.0
1.0
1.0
1.0
1.0
1.0
1.0
1.0
1.0
1.0
1.0
1.0
1.0
1.0
1.0
1.0
1.0
1.0
1.0
1.0
1.0
1.0
1.0
1.0
1.0
1.0
1.0
1.0
1.0
1.0
1.0
1.0
1.0
1.0
1.0
1.0
1.0
1.0
1.0
1.0
1.0
1.0
1.0
1.0
1.0
1.0
1.0
1.0
1.0
1.0
1.0
1.0
1.0
1.0
1.0
1.0
1.0
1.0
1.0
1.0
1.0
1.0
1.0
1.0
1.0
1.0
1.0
1.0
1.0
1.0
1.0
1.0
1.0
1.0
1.0
1.0
1.0
1.0
1.0
1.0
1.0
1.0
1.0
1.0
1.0
1.0
1.0
1.0
1.0
1.0
1.0
1.0
1.0
1.0
1.0
1.0
1.0
1.0
1.0
1.0
1.0
1.0
1.0
1.0
1.0
1.0
1.0
1.0
1.0
1.0
1.0
1.0
1.0
1.0
1.0
1.0
1.0
1.0
1.0
1.0
1.0
1.0
1.0
1.0
1.0
1.0
1.0
1.0
1.0
1.0
1.0
1.0
1.0
1.0
1.0
1.0
1.0
1.0
1.0
1.0
1.0
1.0
1.0
1.0
1.0
1.0
1.0
1.0
1.0
1.0
1.0
1.0
1.0
1.0
1.0
1.0
1.0
1.0
1.0
1.0
1.0
1.0
1.0
1.0
1.0
1.0
1.0
1.0
1.0
1.0
1.0
1.0
1.0
1.0
1.0
1.0
1.0
1.0
1.0
1.0
1.0
1.0
1.0
1.0
1.0
1.0
1.0
1.0
1.0
1.0
1.0
1.0
1.0
1.0
1.0
1.0
1.0
1.0
1.0
1.0
1.0
1.0
1.0
1.0
1.0
1.0
1.0
1.0
1.0
1.0
1.0
1.0
1.0
1.0
1.0
1.0
1.0
1.0
1.0
1.0
1.0
1.0
1.0
1.0
1.0
1.0
1.0
1.0
1.0
1.0
1.0
1.0
1.0
1.0
1.0
1.0
1.0
1.0
1.0
1.0
1.0
1.0
1.0
1.0
1.0
1.0
1.0
1.0
1.0
1.0
1.0
1.0
1.0
1.0
1.0
1.0
1.0
1.0
1.0
1.0
0.996
0.993
0.989
0.986
0.982
0.978
0.975
0.971
0.967
0.964
0.96
0.957
0.953
0.949
0.946
0.942
0.938
0.935
0.931
0.928
0.924
0.92
0.917
0.913
0.909
0.906
0.902
0.899
0.895
0.891
0.888
0.884
0.88
0.877
0.873
0.87
0.866
0.862
0.859
0.855
0.851
0.848
0.844
0.841
0.837
0.833
0.83
0.826
0.822
0.819
0.815
0.812
0.808
0.804
0.801
0.797
0.793
0.79
0.786
0.783
0.779
0.775
0.772
0.768
0.764
0.761
0.757
0.754
0.75
0.746
0.743
0.739
0.736
0.732
0.728
0.725
0.721
0.717
0.714
0.71
0.707
0.703
0.699
0.696
0.692
0.688
0.685
0.681
0.678
0.674
0.67
0.667
0.663
0.659
0.656
0.652
0.649
0.645
0.641
0.638
0.634
0.63
0.627
0.623
0.62
0.616
0.612
0.609
0.605
0.601
0.598
0.594
0.591
0.587
0.583
0.58
0.576
0.572
0.569
0.565
0.562
0.558
0.554
0.551
0.547
0.543
0.54
0.536
0.533
0.529
0.525
0.522
0.518
0.514
0.511
0.507
0.504
0.5
0.497
0.495
0.492
0.489
0.486
0.484
0.481
0.478
0.475
0.473
0.47
0.467
0.464
0.462
0.459
0.456
0.454
0.451
0.448
0.445
0.443
0.44
0.437
0.434
0.432
0.429
0.426
0.423
0.421
0.418
0.415
0.413
0.41
0.407
0.404
0.402
0.399
0.396
0.393
0.391
0.388
0.385
0.383
0.38
0.377
0.374
0.372
0.369
0.366
0.363
0.361
0.358
0.355
0.352
0.35
0.347
0.344
0.342
0.339
0.336
0.333
0.334
0.335
0.336
0.337
0.337
0.338
0.339
0.34
0.341
0.342
0.342
0.343
0.344
0.345
0.346
0.346
0.347
0.348
0.349
0.35
0.351
0.351
0.352
0.353
0.354
0.355
0.356
0.356
0.357
0.358
0.359
0.36
0.36
0.361
0.362
0.363
0.364
0.365
0.365
0.366
0.367
0.368
0.369
0.369
0.37
0.371
0.372
0.373
0.374
0.374
0.375
0.376
0.377
0.378
0.378
0.379
0.38
0.381
0.382
0.383
0.383
0.384
0.385
0.386
0.387
0.388
0.388
0.389
0.39
0.391
0.392
0.392
0.393
0.394
0.395
0.396
0.397
0.397
0.398
0.399
0.4
0.401
0.401
0.402
0.403
0.404
0.405
0.406
0.406
0.407
0.408
0.409
0.41
0.411
0.411
0.412
0.413
0.414
0.415
0.415
0.416
0.417
0.418
0.419
0.42
0.42
0.421
0.422
0.423
0.424
0.424
0.425
0.426
0.427
0.428
0.429
0.429
0.43
0.431
0.432
0.433
0.433
0.434
0.435
0.436
0.437
0.438
0.438
0.439
0.44
0.441
0.442
0.443
0.443
0.444
0.445
0.446
0.447
0.447
0.448
0.449
0.45
0.451
0.452
0.452
0.453
0.454
0.455
0.456
0.456
0.457
0.458
0.459
0.46
0.461
0.461
0.462
0.463
0.464
0.465
0.466
0.466
0.467
0.468
0.469
0.47
0.47
0.471
0.472
0.473
0.474
0.475
0.475
0.476
0.477
0.478
0.479
0.479
0.48
0.481
0.482
0.483
0.484
0.484
0.485
0.486
0.487
0.488
0.489
0.489
0.49
0.491
0.492
0.493
0.493
0.494
0.495
0.496
0.497
0.498
0.498
0.499
0.5
0.501
0.503
0.504
0.505
0.507
0.508
0.509
0.511
0.512
0.513
0.515
0.516
0.517
0.519
0.52
0.521
0.523
0.524
0.525
0.527
0.528
0.529
0.531
0.532
0.533
0.535
0.536
0.537
0.539
0.54
0.541
0.543
0.544
0.545
0.542
0.538
0.534
0.531
0.527
0.523
0.519
0.516
0.512
0.508
0.505
0.501
0.497
0.493
0.49
0.486
0.482
0.479
0.475
0.471
0.467
0.464
0.46
0.456
0.453
0.449
0.445
0.441
0.438
0.434
0.43
0.427
0.423
0.419
0.415
0.412
0.408
0.404
0.401
0.397
0.393
0.389
0.386
0.382
0.378
0.375
0.371
0.367
0.363
0.36
0.356
0.352
0.349
0.345
0.341
0.337
0.334
0.33
0.326
0.323
0.319
0.315
0.311
0.308
0.304
0.3
0.297
0.293
0.289
0.286
0.282
0.278
0.274
0.271
0.267
0.263
0.26
0.256
0.252
0.248
0.245
0.241
0.237
0.234
0.23
0.226
0.222
0.219
0.215
0.211
0.208
0.204
0.2
0.196
0.193
0.189
0.185
0.182
0.178
0.174
0.17
0.167
0.233
0.3
0.367
0.433
0.5
0.498
0.497
0.495
0.494
0.492
0.49
0.489
0.487
0.486
0.484
0.483
0.481
0.479
0.478
0.476
0.475
0.473
0.471
0.47
0.468
0.467
0.465
0.463
0.462
0.46
0.459
0.457
0.456
0.454
0.452
0.451
0.449
0.448
0.446
0.444
0.443
0.441
0.44
0.438
0.437
0.435
0.433
0.432
0.43
0.429
0.427
0.425
0.424
0.422
0.421
0.419
0.417
0.416
0.414
0.413
0.411
0.41
0.408
0.406
0.405
0.403
0.402
0.4
0.402
0.404
0.407
0.409
0.411
0.413
0.415
0.417
0.42
0.422
0.424
0.426
0.428
0.43
0.433
0.435
0.437
0.439
0.441
0.443
0.446
0.448
0.45
0.452
0.454
0.456
0.459
0.461
0.463
0.465
0.467
0.469
0.472
0.474
0.476
0.478
0.48
0.482
0.485
0.487
0.489
0.491
0.493
0.495
0.498
0.5
0.502
0.504
0.506
0.508
0.511
0.513
0.515
0.517
0.519
0.521
0.524
0.526
0.528
0.53
0.532
0.534
0.537
0.539
0.541
0.543
0.545
0.547
0.55
0.552
0.554
0.556
0.558
0.56
0.563
0.565
0.567
0.569
0.571
0.573
0.576
0.578
0.58
0.582
0.584
0.586
0.589
0.591
0.593
0.595
0.597
0.599
0.602
0.604
0.606
0.608
0.61
0.612
0.615
0.617
0.619
0.621
0.623
0.625
0.628
0.63
0.632
0.634
0.636
0.638
0.641
0.643
0.645
0.647
0.649
0.651
0.654
0.656
0.658
0.66
0.662
0.664
0.667
0.662
0.657
0.652
0.647
0.642
0.637
0.632
0.627
0.622
0.617
0.612
0.607
0.602
0.597
0.592
0.587
0.582
0.577
0.572
0.567
0.562
0.558
0.553
0.548
0.543
0.538
0.533
0.528
0.523
0.518
0.513
0.508
0.503
0.498
0.493
0.488
0.483
0.478
0.473
0.468
0.463
0.458
0.453
0.448
0.443
0.438
0.434
0.429
0.424
0.419
0.414
0.409
0.404
0.399
0.394
0.389
0.384
0.379
0.374
0.369
0.364
0.359
0.354
0.349
0.344
0.339
0.334
0.329
0.324
0.319
0.314
0.31
0.305
0.3
0.295
0.29
0.285
0.28
0.275
0.27
0.265
0.26
0.255
0.25
0.25
0.25
0.25
0.25
0.25
0.25
0.25
0.25
0.25
0.25
0.25
0.25
0.25
0.25
0.25
0.25
0.25
0.25
0.25
0.25
0.25
0.25
0.25
0.25
0.25
0.25
0.25
0.25
0.25
0.25
0.25
0.25
0.25
0.25
0.25
0.25
0.25
0.25
0.25
0.25
0.25
0.25
0.25
0.25
0.25
0.25
0.25
0.25
0.25
0.25
0.25
0.25
0.25
0.25
0.25
0.25
0.25
0.25
0.25
0.25
0.25
0.25
0.25
0.25
0.25
0.25
0.25
0.25
0.25
0.25
0.25
0.25
0.25
0.25
0.25
0.25
0.25
0.25
0.25
0.25
0.25
0.25
0.25
0.25
0.25
0.25
0.25
0.25
0.25
0.25
0.25
0.25
0.25
0.25
0.25
0.25
0.25
0.252
0.255
0.257
0.259
0.262
0.264
0.266
0.269
0.271
0.274
0.276
0.278
0.281
0.283
0.285
0.288
0.29
0.292
0.295
0.297
0.299
0.302
0.304
0.306
0.309
0.311
0.313
0.316
0.318
0.321
0.323
0.325
0.328
0.33
0.332
0.335
0.337
0.339
0.342
0.344
0.346
0.349
0.351
0.353
0.356
0.358
0.36
0.363
0.365
0.368
0.37
0.372
0.375
0.377
0.379
0.382
0.384
0.386
0.389
0.391
0.393
0.396
0.398
0.4
0.403
0.405
0.407
0.41
0.412
0.415
0.417
0.419
0.422
0.424
0.426
0.429
0.431
0.433
0.436
0.438
0.44
0.443
0.445
0.447
0.45
0.452
0.454
0.457
0.459
0.462
0.464
0.466
0.469
0.471
0.473
0.476
0.478
0.48
0.483
0.485
0.487
0.49
0.492
0.494
0.497
0.499
0.501
0.504
0.506
0.509
0.511
0.513
0.516
0.518
0.52
0.523
0.525
0.527
0.53
0.532
0.534
0.537
0.539
0.541
0.544
0.546
0.549
0.551
0.553
0.556
0.558
0.56
0.563
0.565
0.567
0.57
0.572
0.574
0.577
0.579
0.581
0.584
0.586
0.588
0.591
0.593
0.596
0.598
0.6
0.603
0.605
0.607
0.61
0.612
0.614
0.617
0.619
0.621
0.624
0.626
0.628
0.631
0.633
0.635
0.638
0.64
0.643
0.645
0.647
0.65
0.652
0.654
0.657
0.659
0.661
0.664
0.666
0.668
0.671
0.673
0.675
0.678
0.68
0.682
0.685
0.687
0.69
0.692
0.694
0.697
0.699
0.701
0.704
0.706
0.708
0.711
0.713
0.715
0.718
0.72
0.722
0.725
0.727
0.729
0.732
0.734
0.737
0.739
0.741
0.744
0.746
0.748
0.751
0.753
0.755
0.758
0.76
0.762
0.765
0.767
0.769
0.772
0.774
0.776
0.779
0.781
0.784
0.786
0.788
0.791
0.793
0.795
0.798
0.8
0.794
0.787
0.781
0.774
0.768
0.762
0.755
0.749
0.742
0.736
0.73
0.723
0.717
0.71
0.704
0.698
0.691
0.685
0.678
0.672
0.666
0.659
0.653
0.647
0.64
0.634
0.627
0.621
0.615
0.608
0.602
0.595
0.589
0.583
0.576
0.57
0.563
0.557
0.551
0.544
0.538
0.531
0.525
0.519
0.512
0.506
0.499
0.493
0.487
0.48
0.474
0.467
0.461
0.455
0.448
0.442
0.435
0.429
0.423
0.416
0.41
0.403
0.397
0.391
0.384
0.378
0.372
0.365
0.359
0.352
0.346
0.34
0.333
0.327
0.32
0.314
0.308
0.301
0.295
0.288
0.282
0.276
0.269
0.263
0.256
0.25
0.25
0.25
0.25
0.25
0.25
0.25
0.25
0.25
0.25
0.25
0.25
0.25
0.25
0.25
0.25
0.25
0.25
0.25
0.25
0.25
0.25
0.25
0.25
0.25
0.25
0.25
0.25
0.25
0.25
0.25
0.25
0.25
0.25
0.25
0.25
0.25
0.25
0.25
0.25
0.25
0.25
0.25
0.25
0.25
0.255
0.26
0.266
0.271
0.276
0.281
0.286
0.291
0.297
0.302
0.307
0.312
0.317
0.323
0.328
0.333
0.338
0.343
0.349
0.354
0.359
0.364
0.369
0.374
0.38
0.385
0.39
0.395
0.4
0.406
0.411
0.416
0.421
0.426
0.431
0.437
0.442
0.447
0.452
0.457
0.463
0.468
0.473
0.478
0.483
0.488
0.494
0.499
0.504
0.509
0.514
0.52
0.525
0.53
0.535
0.54
0.546
0.551
0.556
0.561
0.566
0.571
0.569
0.567
0.565
0.563
0.561
0.559
0.557
0.554
0.552
0.55
0.548
0.546
0.544
0.542
0.54
0.537
0.535
0.533
0.531
0.529
0.527
0.525
0.523
0.52
0.518
0.516
0.514
0.512
0.51
0.508
0.506
0.503
0.501
0.499
0.497
0.495
0.493
0.491
0.489
0.486
0.484
0.482
0.48
0.478
0.476
0.474
0.472
0.469
0.467
0.465
0.463
0.461
0.459
0.457
0.455
0.452
0.45
0.448
0.446
0.444
0.442
0.44
0.438
0.435
0.433
0.431
0.429
0.427
0.425
0.423
0.42
0.418
0.416
0.414
0.412
0.41
0.408
0.406
0.403
0.401
0.399
0.397
0.395
0.393
0.391
0.389
0.386
0.384
0.382
0.38
0.378
0.376
0.374
0.372
0.369
0.367
0.365
0.363
0.361
0.359
0.357
0.355
0.352
0.35
0.348
0.346
0.344
0.342
0.34
0.338
0.335
0.333
0.335
0.337
0.339
0.34
0.342
0.344
0.346
0.347
0.349
0.351
0.352
0.354
0.356
0.358
0.359
0.361
0.363
0.365
0.366
0.368
0.37
0.372
0.373
0.375
0.377
0.379
0.38
0.382
0.384
0.386
0.387
0.389
0.391
0.393
0.394
0.396
0.398
0.399
0.401
0.403
0.405
0.406
0.408
0.41
0.412
0.413
0.415
0.417
0.419
0.42
0.422
0.424
0.426
0.427
0.429
0.431
0.433
0.434
0.436
0.438
0.44
0.441
0.443
0.445
0.446
0.448
0.45
0.452
0.453
0.455
0.457
0.459
0.46
0.462
0.464
0.466
0.467
0.469
0.471
0.473
0.474
0.476
0.478
0.48
0.481
0.483
0.485
0.487
0.488
0.49
0.492
0.493
0.495
0.497
0.499
0.5
0.502
0.504
0.506
0.507
0.509
0.511
0.513
0.514
0.516
0.518
0.52
0.521
0.523
0.525
0.527
0.528
0.53
0.532
0.534
0.535
0.537
0.539
0.54
0.542
0.544
0.546
0.547
0.549
0.551
0.553
0.554
0.556
0.558
0.56
0.561
0.563
0.565
0.567
0.568
0.57
0.572
0.574
0.575
0.577
0.579
0.581
0.582
0.584
0.586
0.587
0.589
0.591
0.593
0.594
0.596
0.598
0.6
0.601
0.603
0.605
0.607
0.608
0.61
0.612
0.614
0.615
0.617
0.619
0.621
0.622
0.624
0.626
0.628
0.629
0.631
0.633
0.634
0.636
0.638
0.64
0.641
0.643
0.645
0.647
0.648
0.65
0.652
0.654
0.655
0.657
0.659
0.661
0.662
0.664
0.666
0.668
0.669
0.671
0.673
0.674
0.676
0.678
0.68
0.681
0.683
0.685
0.687
0.688
0.69
0.692
0.694
0.695
0.697
0.699
0.701
0.702
0.704
0.706
0.708
0.709
0.711
0.713
0.715
0.716
0.718
0.72
0.721
0.723
0.725
0.727
0.728
0.73
0.732
0.734
0.735
0.737
0.739
0.741
0.742
0.744
0.746
0.748
0.749
0.751
0.753
0.755
0.756
0.758
0.76
0.762
0.763
0.765
0.767
0.768
0.77
0.772
0.774
0.775
0.777
0.779
0.781
0.782
0.784
0.786
0.788
0.789
0.791
0.793
0.795
0.796
0.798
0.8
0.802
0.803
0.805
0.807
0.809
0.81
0.812
0.814
0.815
0.817
0.819
0.821
0.822
0.824
0.826
0.828
0.829
0.831
0.833
0.835
0.836
0.838
0.84
0.842
0.843
0.845
0.847
0.849
0.85
0.852
0.854
0.856
0.857
0.859
0.861
0.862
0.864
0.866
0.868
0.869
0.871
0.873
0.875
0.876
0.878
0.88
0.882
0.883
0.885
0.887
0.889
0.89
0.892
0.894
0.896
0.897
0.899
0.901
0.903
0.904
0.906
0.908
0.909
0.911
0.913
0.915
0.916
0.918
0.92
0.922
0.923
0.925
0.927
0.929
0.93
0.932
0.934
0.936
0.937
0.939
0.941
0.943
0.944
0.946
0.948
0.95
0.951
0.953
0.955
0.956
0.958
0.96
0.962
0.963
0.965
0.967
0.969
0.97
0.972
0.974
0.976
0.977
0.979
0.981
0.983
0.984
0.986
0.988
0.99
0.991
0.993
0.995
0.997
0.998
1.0
0.989
0.979
0.968
0.957
0.947
0.936
0.925
0.915
0.904
0.893
0.883
0.872
0.861
0.851
0.84
0.829
0.819
0.808
0.797
0.787
0.776
0.765
0.755
0.744
0.733
0.723
0.712
0.701
0.691
0.68
0.669
0.659
0.648
0.637
0.627
0.616
0.605
0.595
0.584
0.573
0.563
0.552
0.541
0.531
0.52
0.509
0.499
0.488
0.477
0.467
0.456
0.445
0.435
0.424
0.413
0.403
0.392
0.381
0.371
0.36
0.349
0.339
0.328
0.317
0.307
0.296
0.285
0.275
0.264
0.253
0.243
0.232
0.221
0.211
0.2
0.202
0.205
0.208
0.21
0.213
0.215
0.218
0.22
0.222
0.225
0.228
0.23
0.232
0.235
0.238
0.24
0.243
0.245
0.248
0.25
0.252
0.255
0.258
0.26
0.262
0.265
0.268
0.27
0.272
0.275
0.278
0.28
0.283
0.285
0.288
0.29
0.292
0.295
0.298
0.3
0.302
0.305
0.308
0.31
0.312
0.315
0.318
0.32
0.322
0.325
0.328
0.33
0.332
0.335
0.338
0.34
0.342
0.345
0.348
0.35
0.353
0.355
0.358
0.36
0.363
0.365
0.368
0.37
0.373
0.375
0.378
0.38
0.382
0.385
0.388
0.39
0.392
0.395
0.398
0.4
0.402
0.405
0.408
0.41
0.412
0.415
0.418
0.42
0.422
0.425
0.428
0.43
0.432
0.435
0.438
0.44
0.442
0.445
0.448
0.45
0.452
0.455
0.458
0.46
0.462
0.465
0.468
0.47
0.473
0.475
0.478
0.48
0.483
0.485
0.488
0.49
0.492
0.495
0.498
0.5
0.518
0.536
0.554
0.571
0.589
0.607
0.625
0.643
0.661
0.679
0.696
0.714
0.732
0.75
0.768
0.786
0.804
0.821
0.839
0.857
0.875
0.893
0.911
0.929
0.946
0.964
0.982
1.0
0.991
0.982
0.974
0.965
0.956
0.947
0.939
0.93
0.921
0.912
0.904
0.895
0.886
0.877
0.868
0.86
0.851
0.842
0.833
0.825
0.816
0.807
0.798
0.789
0.781
0.772
0.763
0.754
0.746
0.737
0.728
0.719
0.711
0.702
0.693
0.684
0.675
0.667
0.658
0.649
0.64
0.632
0.623
0.614
0.605
0.596
0.588
0.579
0.57
0.561
0.553
0.544
0.535
0.526
0.518
0.509
0.5
0.501
0.501
0.502
0.502
0.503
0.503
0.504
0.504
0.505
0.505
0.506
0.506
0.507
0.507
0.508
0.508
0.509
0.509
0.51
0.51
0.511
0.511
0.512
0.512
0.513
0.513
0.514
0.514
0.515
0.515
0.516
0.516
0.517
0.517
0.518
0.518
0.519
0.519
0.52
0.52
0.521
0.521
0.522
0.522
0.523
0.523
0.524
0.524
0.525
0.526
0.526
0.527
0.527
0.528
0.528
0.529
0.529
0.53
0.53
0.531
0.531
0.532
0.532
0.533
0.533
0.534
0.534
0.535
0.535
0.536
0.536
0.537
0.537
0.538
0.538
0.539
0.539
0.54
0.54
0.541
0.541
0.542
0.542
0.543
0.543
0.544
0.544
0.545
0.545
0.546
0.546
0.547
0.547
0.548
0.548
0.549
0.549
0.55
0.551
0.551
0.552
0.552
0.553
0.553
0.554
0.554
0.555
0.555
0.556
0.556
0.557
0.557
0.558
0.558
0.559
0.559
0.56
0.56
0.561
0.561
0.562
0.562
0.563
0.563
0.564
0.564
0.565
0.565
0.566
0.566
0.567
0.567
0.568
0.568
0.569
0.569
0.57
0.57
0.571
0.571
0.607
0.643
0.679
0.714
0.715
0.717
0.718
0.719
0.72
0.721
0.723
0.724
0.725
0.726
0.727
0.729
0.73
0.731
0.732
0.733
0.735
0.736
0.737
0.738
0.739
0.741
0.742
0.743
0.744
0.745
0.747
0.748
0.749
0.75
0.752
0.753
0.754
0.755
0.756
0.758
0.759
0.76
0.761
0.762
0.764
0.765
0.766
0.767
0.768
0.77
0.771
0.772
0.773
0.774
0.776
0.777
0.778
0.779
0.78
0.782
0.783
0.784
0.785
0.786
0.788
0.789
0.79
0.791
0.792
0.794
0.795
0.796
0.797
0.798
0.8
0.801
0.802
0.803
0.804
0.806
0.807
0.808
0.809
0.81
0.812
0.813
0.814
0.815
0.816
0.818
0.819
0.82
0.821
0.822
0.824
0.825
0.826
0.827
0.828
0.83
0.831
0.832
0.833
0.834
0.836
0.837
0.838
0.839
0.84
0.842
0.843
0.844
0.845
0.846
0.848
0.849
0.85
0.851
0.852
0.854
0.855
0.856
0.857
0.858
0.86
0.861
0.862
0.863
0.864
0.866
0.867
0.868
0.869
0.87
0.872
0.873
0.874
0.875
0.876
0.878
0.879
0.88
0.881
0.882
0.884
0.885
0.886
0.887
0.888
0.89
0.891
0.892
0.893
0.894
0.896
0.897
0.898
0.899
0.9
0.902
0.903
0.904
0.905
0.906
0.908
0.909
0.91
0.911
0.912
0.914
0.915
0.916
0.917
0.918
0.92
0.921
0.922
0.923
0.924
0.926
0.927
0.928
0.929
0.93
0.932
0.933
0.934
0.935
0.936
0.938
0.939
0.94
0.941
0.942
0.944
0.945
0.946
0.947
0.948
0.95
0.951
0.952
0.953
0.954
0.956
0.957
0.958
0.959
0.96
0.962
0.963
0.964
0.965
0.966
0.968
0.969
0.97
0.971
0.972
0.974
0.975
0.976
0.977
0.978
0.98
0.981
0.982
0.983
0.984
0.986
0.987
0.988
0.989
0.99
0.992
0.993
0.994
0.995
0.996
0.998
0.999
1.0
0.993
0.987
0.98
0.973
0.967
0.96
0.953
0.947
0.94
0.933
0.927
0.92
0.913
0.907
0.9
0.893
0.887
0.88
0.873
0.867
0.86
0.853
0.847
0.84
0.833
0.827
0.82
0.813
0.807
0.8
0.793
0.787
0.78
0.773
0.767
0.76
0.753
0.747
0.74
0.733
0.727
0.72
0.713
0.707
0.7
0.693
0.687
0.68
0.673
0.667
0.66
0.653
0.647
0.64
0.633
0.627
0.62
0.613
0.607
0.6
0.593
0.587
0.58
0.573
0.567
0.56
0.553
0.547
0.54
0.533
0.527
0.52
0.513
0.507
0.5
0.493
0.486
0.479
0.472
0.465
0.458
0.451
0.444
0.438
0.431
0.424
0.417
0.41
0.403
0.396
0.389
0.382
0.375
0.368
0.361
0.354
0.347
0.34
0.333
0.334
0.335
0.337
0.338
0.339
0.34
0.341
0.342
0.343
0.344
0.345
0.346
0.347
0.348
0.349
0.35
0.351
0.353
0.354
0.355
0.356
0.357
0.358
0.359
0.36
0.361
0.362
0.363
0.364
0.365
0.366
0.368
0.369
0.37
0.371
0.372
0.373
0.374
0.375
0.376
0.377
0.378
0.379
0.38
0.381
0.382
0.384
0.385
0.386
0.387
0.388
0.389
0.39
0.391
0.392
0.393
0.394
0.395
0.396
0.397
0.399
0.4
0.401
0.402
0.403
0.404
0.405
0.406
0.407
0.408
0.409
0.41
0.411
0.412
0.413
0.415
0.416
0.417
0.418
0.419
0.42
0.421
0.422
0.423
0.424
0.425
0.426
0.427
0.428
0.429
0.431
0.432
0.433
0.434
0.435
0.436
0.437
0.438
0.439
0.44
0.441
0.442
0.443
0.444
0.446
0.447
0.448
0.449
0.45
0.451
0.452
0.453
0.454
0.455
0.456
0.457
0.458
0.459
0.46
0.462
0.463
0.464
0.465
0.466
0.467
0.468
0.469
0.47
0.471
0.472
0.473
0.474
0.475
0.476
0.478
0.479
0.48
0.481
0.482
0.483
0.484
0.485
0.486
0.487
0.488
0.489
0.49
0.491
0.493
0.494
0.495
0.496
0.497
0.498
0.499
0.5
0.5
0.5
0.5
0.5
0.5
0.5
0.5
0.5
0.5
0.5
0.5
0.5
0.5
0.5
0.5
0.5
0.5
0.5
0.5
0.5
0.5
0.5
0.5
0.5
0.5
0.5
0.5
0.5
0.5
0.5
0.5
0.5
0.5
0.5
0.5
0.5
0.5
0.5
0.5
0.5
0.5
0.5
0.5
0.5
0.5
0.5
0.5
0.5
0.5
0.5
0.5
0.5
0.5
0.5
0.5
0.5
0.5
0.5
0.5
0.5
0.5
0.5
0.5
0.5
0.5
0.5
0.5
0.5
0.5
0.5
0.5
0.5
0.5
0.5
0.5
0.5
0.5
0.5
0.5
0.5
0.5
0.5
0.5
0.5
0.5
0.5
0.5
0.5
0.5
0.5
0.5
0.5
0.5
0.5
0.5
0.5
0.5
0.5
0.5
0.5
0.5
0.5
0.5
0.5
0.5
0.5
0.507
0.514
0.521
0.529
0.536
0.543
0.55
0.557
0.564
0.571
0.579
0.586
0.593
0.6
0.607
0.614
0.621
0.629
0.636
0.643
0.65
0.657
0.664
0.671
0.679
0.686
0.693
0.7
0.707
0.714
0.721
0.729
0.736
0.743
0.75
0.757
0.764
0.771
0.779
0.786
0.793
0.8
0.807
0.814
0.821
0.829
0.836
0.843
0.85
0.857
0.864
0.871
0.879
0.886
0.893
0.9
0.907
0.914
0.921
0.929
0.936
0.943
0.95
0.957
0.964
0.971
0.979
0.986
0.993
1.0
0.988
0.976
0.964
0.952
0.94
0.928
0.916
0.904
0.892
0.88
0.868
0.856
0.844
0.832
0.82
0.808
0.796
0.784
0.772
0.76
0.748
0.736
0.724
0.712
0.7
0.688
0.676
0.664
0.652
0.64
0.628
0.616
0.604
0.592
0.58
0.568
0.556
0.548
0.54
0.532
0.524
0.516
0.508
0.5
0.492
0.484
0.476
0.468
0.46
0.452
0.444
0.437
0.429
0.432
0.435
0.438
0.442
0.445
0.448
0.451
0.454
0.458
0.461
0.464
0.467
0.471
0.474
0.477
0.48
0.484
0.487
0.49
0.493
0.497
0.5
0.503
0.506
0.51
0.513
0.516
0.519
0.522
0.526
0.529
0.532
0.535
0.539
0.542
0.545
0.548
0.552
0.555
0.558
0.561
0.565
0.568
0.571
0.574
0.578
0.581
0.584
0.587
0.59
0.594
0.597
0.6
0.603
0.607
0.61
0.613
0.616
0.62
0.623
0.626
0.629
0.633
0.636
0.639
0.642
0.646
0.649
0.652
0.655
0.658
0.662
0.665
0.668
0.671
0.675
0.678
0.681
0.684
0.688
0.691
0.694
0.697
0.701
0.704
0.707
0.71
0.714
0.717
0.72
0.723
0.726
0.73
0.733
0.736
0.739
0.743
0.746
0.749
0.752
0.756
0.759
0.762
0.765
0.769
0.772
0.775
0.778
0.782
0.785
0.788
0.791
0.794
0.798
0.801
0.804
0.807
0.811
0.814
0.817
0.82
0.824
0.827
0.83
0.833
0.835
0.838
0.84
0.842
0.844
0.846
0.848
0.851
0.853
0.855
0.857
0.859
0.861
0.864
0.866
0.868
0.87
0.872
0.874
0.877
0.879
0.881
0.883
0.885
0.887
0.89
0.892
0.894
0.896
0.898
0.9
0.903
0.905
0.907
0.909
0.911
0.913
0.916
0.918
0.92
0.922
0.924
0.926
0.929
0.931
0.933
0.935
0.937
0.939
0.942
0.944
0.946
0.948
0.95
0.952
0.955
0.957
0.959
0.961
0.963
0.965
0.968
0.97
0.972
0.974
0.976
0.978
0.981
0.983
0.985
0.987
0.989
0.991
0.994
0.996
0.998
1.0
0.998
0.996
0.994
0.992
0.99
0.988
0.987
0.985
0.983
0.981
0.979
0.977
0.975
0.973
0.971
0.969
0.967
0.965
0.963
0.962
0.96
0.958
0.956
0.954
0.952
0.95
0.948
0.946
0.944
0.942
0.94
0.938
0.937
0.935
0.933
0.931
0.929
0.927
0.925
0.923
0.921
0.919
0.917
0.915
0.913
0.912
0.91
0.908
0.906
0.904
0.902
0.9
0.898
0.896
0.894
0.892
0.89
0.888
0.887
0.885
0.883
0.881
0.879
0.877
0.875
0.873
0.871
0.869
0.867
0.865
0.863
0.862
0.86
0.858
0.856
0.854
0.852
0.85
0.848
0.846
0.844
0.842
0.84
0.838
0.837
0.835
0.833
0.831
0.829
0.827
0.825
0.823
0.821
0.819
0.817
0.815
0.813
0.812
0.81
0.808
0.806
0.804
0.802
0.8
0.798
0.796
0.794
0.792
0.79
0.788
0.787
0.785
0.783
0.781
0.779
0.777
0.775
0.773
0.771
0.769
0.767
0.765
0.763
0.762
0.76
0.758
0.756
0.754
0.752
0.75
0.748
0.746
0.744
0.742
0.74
0.738
0.737
0.735
0.733
0.731
0.729
0.727
0.725
0.723
0.721
0.719
0.717
0.715
0.713
0.712
0.71
0.708
0.706
0.704
0.702
0.7
0.698
0.696
0.694
0.692
0.69
0.688
0.687
0.685
0.683
0.681
0.679
0.677
0.675
0.673
0.671
0.669
0.667
0.665
0.663
0.662
0.66
0.658
0.656
0.654
0.652
0.65
0.648
0.646
0.644
0.642
0.64
0.638
0.637
0.635
0.633
0.631
0.629
0.627
0.625
0.623
0.621
0.619
0.617
0.615
0.613
0.612
0.61
0.608
0.606
0.604
0.602
0.6
0.598
0.596
0.594
0.592
0.59
0.588
0.587
0.585
0.583
0.581
0.579
0.577
0.575
0.573
0.571
0.569
0.567
0.565
0.563
0.562
0.56
0.558
0.556
0.554
0.552
0.55
0.548
0.546
0.544
0.542
0.54
0.538
0.537
0.535
0.533
0.531
0.529
0.527
0.525
0.523
0.521
0.519
0.517
0.515
0.513
0.512
0.51
0.508
0.506
0.504
0.502
0.5
0.504
0.507
0.511
0.515
0.519
0.522
0.526
0.53
0.534
0.537
0.541
0.545
0.549
0.552
0.556
0.56
0.564
0.567
0.571
0.575
0.579
0.582
0.586
0.59
0.594
0.597
0.601
0.605
0.609
0.612
0.616
0.62
0.624
0.627
0.631
0.635
0.639
0.642
0.646
0.65
0.654
0.657
0.661
0.665
0.669
0.672
0.676
0.68
0.684
0.687
0.691
0.695
0.699
0.702
0.706
0.71
0.713
0.717
0.721
0.725
0.728
0.732
0.736
0.74
0.743
0.747
0.751
0.755
0.758
0.762
0.766
0.77
0.773
0.777
0.781
0.785
0.788
0.792
0.796
0.8
0.803
0.807
0.811
0.815
0.818
0.822
0.826
0.83
0.833
0.831
0.829
0.827
0.824
0.822
0.82
0.818
0.815
0.813
0.811
0.809
0.806
0.804
0.802
0.8
0.798
0.795
0.793
0.791
0.789
0.786
0.784
0.782
0.78
0.777
0.775
0.773
0.771
0.768
0.766
0.764
0.762
0.759
0.757
0.755
0.753
0.751
0.748
0.746
0.744
0.742
0.739
0.737
0.735
0.733
0.73
0.728
0.726
0.724
0.721
0.719
0.717
0.715
0.712
0.71
0.708
0.706
0.704
0.701
0.699
0.697
0.695
0.692
0.69
0.688
0.686
0.683
0.681
0.679
0.677
0.674
0.672
0.67
0.668
0.665
0.663
0.661
0.659
0.657
0.654
0.652
0.65
0.648
0.645
0.643
0.641
0.639
0.636
0.634
0.632
0.63
0.627
0.625
0.623
0.621
0.618
0.616
0.614
0.612
0.61
0.607
0.605
0.603
0.601
0.598
0.596
0.594
0.592
0.589
0.587
0.585
0.583
0.58
0.578
0.576
0.574
0.571
0.569
0.567
0.565
0.563
0.56
0.558
0.556
0.554
0.551
0.549
0.547
0.545
0.542
0.54
0.538
0.536
0.533
0.531
0.529
0.527
0.524
0.522
0.52
0.518
0.516
0.513
0.511
0.509
0.507
0.504
0.502
0.5
0.498
0.495
0.493
0.491
0.489
0.486
0.484
0.482
0.48
0.478
0.475
0.473
0.471
0.469
0.466
0.464
0.462
0.46
0.457
0.455
0.453
0.451
0.448
0.446
0.444
0.442
0.439
0.437
0.435
0.433
0.431
0.428
0.426
0.424
0.422
0.419
0.417
0.415
0.413
0.41
0.408
0.406
0.404
0.401
0.399
0.397
0.395
0.392
0.39
0.388
0.386
0.384
0.381
0.379
0.377
0.375
0.372
0.37
0.368
0.366
0.363
0.361
0.359
0.357
0.354
0.352
0.35
0.348
0.345
0.343
0.341
0.339
0.337
0.334
0.332
0.33
0.328
0.325
0.323
0.321
0.319
0.316
0.314
0.312
0.31
0.307
0.305
0.303
0.301
0.298
0.296
0.294
0.292
0.29
0.287
0.285
0.283
0.281
0.278
0.276
0.274
0.272
0.269
0.267
0.265
0.263
0.26
0.258
0.256
0.254
0.251
0.249
0.247
0.245
0.243
0.24
0.238
0.236
0.234
0.231
0.229
0.227
0.225
0.222
0.22
0.218
0.216
0.213
0.211
0.209
0.207
0.204
0.202
0.2
0.224
0.247
0.271
0.294
0.318
0.341
0.365
0.388
0.412
0.435
0.459
0.482
0.506
0.529
0.553
0.576
0.6
0.624
0.647
0.671
0.694
0.718
0.741
0.765
0.788
0.812
0.835
0.859
0.882
0.906
0.929
0.953
0.976
1.0
0.991
0.983
0.974
0.966
0.957
0.948
0.94
0.931
0.923
0.914
0.905
0.897
0.888
0.88
0.871
0.862
0.854
0.845
0.837
0.828
0.819
0.811
0.802
0.794
0.785
0.776
0.768
0.759
0.751
0.742
0.733
0.725
0.716
0.708
0.699
0.69
0.682
0.673
0.665
0.656
0.647
0.639
0.63
0.622
0.613
0.604
0.596
0.587
0.578
0.57
0.561
0.553
0.544
0.535
0.527
0.518
0.51
0.501
0.492
0.484
0.475
0.467
0.458
0.449
0.441
0.432
0.424
0.415
0.406
0.398
0.389
0.381
0.372
0.363
0.355
0.346
0.338
0.329
0.32
0.312
0.303
0.295
0.286
0.277
0.269
0.26
0.252
0.243
0.234
0.226
0.217
0.209
0.2
0.2
0.2
0.2
0.2
0.2
0.2
0.2
0.2
0.2
0.2
0.2
0.2
0.2
0.2
0.2
0.2
0.2
0.2
0.2
0.2
0.2
0.2
0.2
0.2
0.2
0.2
0.2
0.2
0.2
0.2
0.2
0.2
0.2
0.2
0.2
0.2
0.2
0.2
0.2
0.2
0.2
0.2
0.2
0.2
0.2
0.2
0.2
0.2
0.2
0.2
0.2
0.2
0.2
0.2
0.2
0.2
0.2
0.2
0.2
0.2
0.2
0.2
0.2
0.2
0.2
0.2
0.2
0.2
0.2
0.2
0.2
0.2
0.2
0.2
0.2
0.2
0.2
0.2
0.2
0.2
0.2
0.2
