1, 0.0;
2, 0.001;
3, 0.001;
4, 0.002;
5, 0.003;
6, 0.003;
7, 0.004;
8, 0.005;
9, 0.005;
10, 0.006;
11, 0.007;
12, 0.007;
13, 0.008;
14, 0.009;
15, 0.009;
16, 0.01;
17, 0.011;
18, 0.011;
19, 0.012;
20, 0.013;
21, 0.013;
22, 0.014;
23, 0.015;
24, 0.015;
25, 0.016;
26, 0.017;
27, 0.017;
28, 0.018;
29, 0.019;
30, 0.019;
31, 0.02;
32, 0.021;
33, 0.022;
34, 0.022;
35, 0.023;
36, 0.024;
37, 0.024;
38, 0.025;
39, 0.026;
40, 0.026;
41, 0.027;
42, 0.028;
43, 0.028;
44, 0.029;
45, 0.03;
46, 0.031;
47, 0.031;
48, 0.032;
49, 0.033;
50, 0.033;
51, 0.034;
52, 0.035;
53, 0.035;
54, 0.036;
55, 0.037;
56, 0.038;
57, 0.038;
58, 0.039;
59, 0.04;
60, 0.04;
61, 0.041;
62, 0.042;
63, 0.043;
64, 0.043;
65, 0.044;
66, 0.045;
67, 0.045;
68, 0.046;
69, 0.047;
70, 0.048;
71, 0.048;
72, 0.049;
73, 0.05;
74, 0.05;
75, 0.051;
76, 0.052;
77, 0.053;
78, 0.053;
79, 0.054;
80, 0.055;
81, 0.056;
82, 0.056;
83, 0.057;
84, 0.058;
85, 0.058;
86, 0.059;
87, 0.06;
88, 0.061;
89, 0.061;
90, 0.062;
91, 0.063;
92, 0.064;
93, 0.064;
94, 0.065;
95, 0.066;
96, 0.067;
97, 0.067;
98, 0.068;
99, 0.069;
100, 0.07;
101, 0.07;
102, 0.071;
103, 0.072;
104, 0.073;
105, 0.073;
106, 0.074;
107, 0.075;
108, 0.076;
109, 0.076;
110, 0.077;
111, 0.078;
112, 0.079;
113, 0.079;
114, 0.08;
115, 0.081;
116, 0.082;
117, 0.082;
118, 0.083;
119, 0.084;
120, 0.085;
121, 0.085;
122, 0.086;
123, 0.087;
124, 0.088;
125, 0.088;
126, 0.089;
127, 0.09;
128, 0.091;
129, 0.091;
130, 0.092;
131, 0.093;
132, 0.094;
133, 0.095;
134, 0.095;
135, 0.096;
136, 0.097;
137, 0.098;
138, 0.098;
139, 0.099;
140, 0.1;
141, 0.101;
142, 0.101;
143, 0.102;
144, 0.103;
145, 0.104;
146, 0.105;
147, 0.105;
148, 0.106;
149, 0.107;
150, 0.108;
151, 0.109;
152, 0.109;
153, 0.11;
154, 0.111;
155, 0.112;
156, 0.112;
157, 0.113;
158, 0.114;
159, 0.115;
160, 0.116;
161, 0.116;
162, 0.117;
163, 0.118;
164, 0.119;
165, 0.12;
166, 0.12;
167, 0.121;
168, 0.122;
169, 0.123;
170, 0.124;
171, 0.124;
172, 0.125;
173, 0.126;
174, 0.127;
175, 0.128;
176, 0.128;
177, 0.129;
178, 0.13;
179, 0.131;
180, 0.132;
181, 0.132;
182, 0.133;
183, 0.134;
184, 0.135;
185, 0.136;
186, 0.136;
187, 0.137;
188, 0.138;
189, 0.139;
190, 0.14;
191, 0.14;
192, 0.141;
193, 0.142;
194, 0.143;
195, 0.143;
196, 0.144;
197, 0.144;
198, 0.145;
199, 0.145;
200, 0.146;
201, 0.146;
202, 0.146;
203, 0.147;
204, 0.147;
205, 0.148;
206, 0.148;
207, 0.149;
208, 0.149;
209, 0.15;
210, 0.15;
211, 0.15;
212, 0.151;
213, 0.151;
214, 0.152;
215, 0.152;
216, 0.153;
217, 0.153;
218, 0.154;
219, 0.154;
220, 0.155;
221, 0.155;
222, 0.156;
223, 0.156;
224, 0.156;
225, 0.157;
226, 0.157;
227, 0.158;
228, 0.158;
229, 0.159;
230, 0.159;
231, 0.16;
232, 0.16;
233, 0.161;
234, 0.161;
235, 0.162;
236, 0.162;
237, 0.163;
238, 0.163;
239, 0.163;
240, 0.164;
241, 0.164;
242, 0.165;
243, 0.165;
244, 0.166;
245, 0.166;
246, 0.167;
247, 0.167;
248, 0.168;
249, 0.168;
250, 0.169;
251, 0.169;
252, 0.17;
253, 0.17;
254, 0.171;
255, 0.171;
256, 0.172;
257, 0.172;
258, 0.173;
259, 0.173;
260, 0.174;
261, 0.174;
262, 0.175;
263, 0.175;
264, 0.175;
265, 0.176;
266, 0.176;
267, 0.177;
268, 0.177;
269, 0.178;
270, 0.178;
271, 0.179;
272, 0.179;
273, 0.18;
274, 0.18;
275, 0.181;
276, 0.181;
277, 0.182;
278, 0.182;
279, 0.183;
280, 0.183;
281, 0.184;
282, 0.184;
283, 0.185;
284, 0.185;
285, 0.186;
286, 0.186;
287, 0.187;
288, 0.187;
289, 0.188;
290, 0.188;
291, 0.189;
292, 0.189;
293, 0.19;
294, 0.19;
295, 0.191;
296, 0.191;
297, 0.192;
298, 0.192;
299, 0.193;
300, 0.193;
301, 0.194;
302, 0.194;
303, 0.195;
304, 0.195;
305, 0.196;
306, 0.196;
307, 0.197;
308, 0.197;
309, 0.198;
310, 0.199;
311, 0.199;
312, 0.2;
313, 0.2;
314, 0.201;
315, 0.201;
316, 0.202;
317, 0.202;
318, 0.203;
319, 0.203;
320, 0.204;
321, 0.204;
322, 0.205;
323, 0.205;
324, 0.206;
325, 0.206;
326, 0.207;
327, 0.207;
328, 0.208;
329, 0.208;
330, 0.209;
331, 0.209;
332, 0.21;
333, 0.21;
334, 0.211;
335, 0.211;
336, 0.212;
337, 0.213;
338, 0.213;
339, 0.214;
340, 0.214;
341, 0.215;
342, 0.215;
343, 0.216;
344, 0.216;
345, 0.217;
346, 0.217;
347, 0.218;
348, 0.218;
349, 0.219;
350, 0.219;
351, 0.22;
352, 0.22;
353, 0.221;
354, 0.222;
355, 0.222;
356, 0.223;
357, 0.223;
358, 0.224;
359, 0.224;
360, 0.225;
361, 0.225;
362, 0.226;
363, 0.226;
364, 0.227;
365, 0.227;
366, 0.228;
367, 0.229;
368, 0.229;
369, 0.23;
370, 0.23;
371, 0.231;
372, 0.231;
373, 0.232;
374, 0.232;
375, 0.233;
376, 0.233;
377, 0.234;
378, 0.235;
379, 0.235;
380, 0.236;
381, 0.236;
382, 0.237;
383, 0.237;
384, 0.238;
385, 0.238;
386, 0.239;
387, 0.239;
388, 0.24;
389, 0.241;
390, 0.241;
391, 0.242;
392, 0.242;
393, 0.243;
394, 0.243;
395, 0.244;
396, 0.244;
397, 0.245;
398, 0.246;
399, 0.246;
400, 0.247;
401, 0.247;
402, 0.248;
403, 0.248;
404, 0.249;
405, 0.249;
406, 0.25;
407, 0.251;
408, 0.251;
409, 0.252;
410, 0.252;
411, 0.253;
412, 0.253;
413, 0.254;
414, 0.254;
415, 0.255;
416, 0.256;
417, 0.256;
418, 0.257;
419, 0.257;
420, 0.258;
421, 0.258;
422, 0.259;
423, 0.259;
424, 0.26;
425, 0.261;
426, 0.261;
427, 0.262;
428, 0.262;
429, 0.263;
430, 0.263;
431, 0.264;
432, 0.265;
433, 0.265;
434, 0.266;
435, 0.266;
436, 0.267;
437, 0.267;
438, 0.268;
439, 0.269;
440, 0.269;
441, 0.27;
442, 0.27;
443, 0.271;
444, 0.271;
445, 0.272;
446, 0.273;
447, 0.273;
448, 0.274;
449, 0.274;
450, 0.275;
451, 0.275;
452, 0.276;
453, 0.277;
454, 0.277;
455, 0.278;
456, 0.278;
457, 0.279;
458, 0.279;
459, 0.28;
460, 0.281;
461, 0.281;
462, 0.282;
463, 0.282;
464, 0.283;
465, 0.283;
466, 0.284;
467, 0.285;
468, 0.285;
469, 0.286;
470, 0.286;
471, 0.287;
472, 0.288;
473, 0.288;
474, 0.289;
475, 0.289;
476, 0.29;
477, 0.29;
478, 0.291;
479, 0.292;
480, 0.292;
481, 0.293;
482, 0.293;
483, 0.294;
484, 0.295;
485, 0.295;
486, 0.296;
487, 0.296;
488, 0.297;
489, 0.297;
490, 0.298;
491, 0.299;
492, 0.299;
493, 0.3;
494, 0.3;
495, 0.301;
496, 0.302;
497, 0.302;
498, 0.303;
499, 0.303;
500, 0.304;
501, 0.304;
502, 0.305;
503, 0.306;
504, 0.306;
505, 0.307;
506, 0.307;
507, 0.308;
508, 0.309;
509, 0.309;
510, 0.31;
511, 0.31;
512, 0.311;
513, 0.312;
514, 0.312;
515, 0.313;
516, 0.313;
517, 0.314;
518, 0.315;
519, 0.315;
520, 0.316;
521, 0.316;
522, 0.317;
523, 0.318;
524, 0.318;
525, 0.319;
526, 0.319;
527, 0.32;
528, 0.32;
529, 0.321;
530, 0.322;
531, 0.322;
532, 0.323;
533, 0.323;
534, 0.324;
535, 0.325;
536, 0.325;
537, 0.326;
538, 0.326;
539, 0.327;
540, 0.328;
541, 0.328;
542, 0.329;
543, 0.329;
544, 0.33;
545, 0.331;
546, 0.331;
547, 0.332;
548, 0.332;
549, 0.333;
550, 0.334;
551, 0.334;
552, 0.335;
553, 0.335;
554, 0.336;
555, 0.337;
556, 0.337;
557, 0.338;
558, 0.338;
559, 0.339;
560, 0.34;
561, 0.34;
562, 0.341;
563, 0.341;
564, 0.342;
565, 0.343;
566, 0.343;
567, 0.344;
568, 0.344;
569, 0.345;
570, 0.346;
571, 0.346;
572, 0.347;
573, 0.347;
574, 0.348;
575, 0.349;
576, 0.349;
577, 0.35;
578, 0.351;
579, 0.351;
580, 0.352;
581, 0.352;
582, 0.353;
583, 0.354;
584, 0.354;
585, 0.355;
586, 0.355;
587, 0.356;
588, 0.357;
589, 0.357;
590, 0.358;
591, 0.358;
592, 0.359;
593, 0.36;
594, 0.36;
595, 0.361;
596, 0.361;
597, 0.362;
598, 0.363;
599, 0.363;
600, 0.364;
601, 0.364;
602, 0.365;
603, 0.366;
604, 0.366;
605, 0.367;
606, 0.368;
607, 0.368;
608, 0.369;
609, 0.369;
610, 0.37;
611, 0.371;
612, 0.371;
613, 0.372;
614, 0.372;
615, 0.373;
616, 0.374;
617, 0.374;
618, 0.375;
619, 0.375;
620, 0.376;
621, 0.377;
622, 0.377;
623, 0.378;
624, 0.379;
625, 0.379;
626, 0.38;
627, 0.38;
628, 0.381;
629, 0.382;
630, 0.382;
631, 0.383;
632, 0.383;
633, 0.384;
634, 0.385;
635, 0.385;
636, 0.386;
637, 0.387;
638, 0.387;
639, 0.388;
640, 0.388;
641, 0.389;
642, 0.39;
643, 0.39;
644, 0.391;
645, 0.391;
646, 0.392;
647, 0.393;
648, 0.393;
649, 0.394;
650, 0.394;
651, 0.395;
652, 0.396;
653, 0.396;
654, 0.397;
655, 0.398;
656, 0.398;
657, 0.399;
658, 0.399;
659, 0.4;
660, 0.401;
661, 0.401;
662, 0.402;
663, 0.402;
664, 0.403;
665, 0.404;
666, 0.404;
667, 0.405;
668, 0.406;
669, 0.406;
670, 0.407;
671, 0.407;
672, 0.408;
673, 0.409;
674, 0.409;
675, 0.41;
676, 0.41;
677, 0.411;
678, 0.412;
679, 0.412;
680, 0.413;
681, 0.414;
682, 0.414;
683, 0.415;
684, 0.415;
685, 0.416;
686, 0.417;
687, 0.417;
688, 0.418;
689, 0.418;
690, 0.419;
691, 0.42;
692, 0.42;
693, 0.421;
694, 0.422;
695, 0.422;
696, 0.423;
697, 0.423;
698, 0.424;
699, 0.425;
700, 0.425;
701, 0.426;
702, 0.427;
703, 0.427;
704, 0.428;
705, 0.428;
706, 0.429;
707, 0.43;
708, 0.43;
709, 0.431;
710, 0.431;
711, 0.432;
712, 0.433;
713, 0.433;
714, 0.434;
715, 0.435;
716, 0.435;
717, 0.436;
718, 0.436;
719, 0.437;
720, 0.438;
721, 0.438;
722, 0.439;
723, 0.439;
724, 0.44;
725, 0.441;
726, 0.441;
727, 0.442;
728, 0.443;
729, 0.443;
730, 0.444;
731, 0.444;
732, 0.445;
733, 0.446;
734, 0.446;
735, 0.447;
736, 0.447;
737, 0.448;
738, 0.449;
739, 0.449;
740, 0.45;
741, 0.451;
742, 0.451;
743, 0.452;
744, 0.452;
745, 0.453;
746, 0.454;
747, 0.454;
748, 0.455;
749, 0.455;
750, 0.456;
751, 0.457;
752, 0.457;
753, 0.458;
754, 0.459;
755, 0.459;
756, 0.46;
757, 0.46;
758, 0.461;
759, 0.462;
760, 0.462;
761, 0.463;
762, 0.463;
763, 0.464;
764, 0.465;
765, 0.465;
766, 0.466;
767, 0.467;
768, 0.467;
769, 0.468;
770, 0.468;
771, 0.469;
772, 0.47;
773, 0.47;
774, 0.471;
775, 0.471;
776, 0.472;
777, 0.473;
778, 0.473;
779, 0.474;
780, 0.475;
781, 0.475;
782, 0.476;
783, 0.476;
784, 0.477;
785, 0.478;
786, 0.478;
787, 0.479;
788, 0.479;
789, 0.48;
790, 0.481;
791, 0.481;
792, 0.482;
793, 0.482;
794, 0.483;
795, 0.484;
796, 0.484;
797, 0.485;
798, 0.486;
799, 0.486;
800, 0.487;
801, 0.487;
802, 0.488;
803, 0.489;
804, 0.489;
805, 0.49;
806, 0.49;
807, 0.491;
808, 0.492;
809, 0.492;
810, 0.493;
811, 0.493;
812, 0.494;
813, 0.495;
814, 0.495;
815, 0.496;
816, 0.496;
817, 0.497;
818, 0.498;
819, 0.498;
820, 0.499;
821, 0.5;
822, 0.5;
823, 0.501;
824, 0.501;
825, 0.502;
826, 0.503;
827, 0.503;
828, 0.504;
829, 0.504;
830, 0.505;
831, 0.506;
832, 0.506;
833, 0.507;
834, 0.507;
835, 0.508;
836, 0.509;
837, 0.509;
838, 0.51;
839, 0.51;
840, 0.511;
841, 0.512;
842, 0.512;
843, 0.513;
844, 0.513;
845, 0.514;
846, 0.515;
847, 0.515;
848, 0.516;
849, 0.516;
850, 0.517;
851, 0.518;
852, 0.518;
853, 0.519;
854, 0.519;
855, 0.52;
856, 0.521;
857, 0.521;
858, 0.522;
859, 0.523;
860, 0.523;
861, 0.524;
862, 0.524;
863, 0.525;
864, 0.526;
865, 0.526;
866, 0.527;
867, 0.527;
868, 0.528;
869, 0.529;
870, 0.529;
871, 0.53;
872, 0.53;
873, 0.531;
874, 0.531;
875, 0.532;
876, 0.533;
877, 0.533;
878, 0.534;
879, 0.534;
880, 0.535;
881, 0.536;
882, 0.536;
883, 0.537;
884, 0.537;
885, 0.538;
886, 0.539;
887, 0.539;
888, 0.54;
889, 0.54;
890, 0.541;
891, 0.542;
892, 0.542;
893, 0.543;
894, 0.543;
895, 0.544;
896, 0.545;
897, 0.545;
898, 0.546;
899, 0.546;
900, 0.547;
901, 0.548;
902, 0.548;
903, 0.549;
904, 0.549;
905, 0.55;
906, 0.551;
907, 0.551;
908, 0.552;
909, 0.552;
910, 0.553;
911, 0.553;
912, 0.554;
913, 0.555;
914, 0.555;
915, 0.556;
916, 0.556;
917, 0.557;
918, 0.558;
919, 0.558;
920, 0.559;
921, 0.559;
922, 0.56;
923, 0.56;
924, 0.561;
925, 0.562;
926, 0.562;
927, 0.563;
928, 0.563;
929, 0.564;
930, 0.565;
931, 0.565;
932, 0.566;
933, 0.566;
934, 0.567;
935, 0.567;
936, 0.568;
937, 0.569;
938, 0.569;
939, 0.57;
940, 0.57;
941, 0.571;
942, 0.572;
943, 0.572;
944, 0.573;
945, 0.573;
946, 0.574;
947, 0.574;
948, 0.575;
949, 0.576;
950, 0.576;
951, 0.577;
952, 0.577;
953, 0.578;
954, 0.578;
955, 0.579;
956, 0.58;
957, 0.58;
958, 0.581;
959, 0.581;
960, 0.582;
961, 0.583;
962, 0.583;
963, 0.584;
964, 0.584;
965, 0.585;
966, 0.585;
967, 0.586;
968, 0.587;
969, 0.587;
970, 0.588;
971, 0.588;
972, 0.589;
973, 0.589;
974, 0.59;
975, 0.591;
976, 0.591;
977, 0.592;
978, 0.592;
979, 0.593;
980, 0.593;
981, 0.594;
982, 0.594;
983, 0.595;
984, 0.596;
985, 0.596;
986, 0.597;
987, 0.597;
988, 0.598;
989, 0.598;
990, 0.599;
991, 0.6;
992, 0.6;
993, 0.601;
994, 0.601;
995, 0.602;
996, 0.602;
997, 0.603;
998, 0.603;
999, 0.604;
1000, 0.605;
1001, 0.605;
1002, 0.606;
1003, 0.606;
1004, 0.607;
1005, 0.607;
1006, 0.608;
1007, 0.609;
1008, 0.609;
1009, 0.61;
1010, 0.61;
1011, 0.611;
1012, 0.611;
1013, 0.612;
1014, 0.612;
1015, 0.613;
1016, 0.614;
1017, 0.614;
1018, 0.615;
1019, 0.615;
1020, 0.616;
1021, 0.616;
1022, 0.617;
1023, 0.617;
1024, 0.618;
1025, 0.618;
1026, 0.619;
1027, 0.62;
1028, 0.62;
1029, 0.621;
1030, 0.621;
1031, 0.622;
1032, 0.622;
1033, 0.623;
1034, 0.623;
1035, 0.624;
1036, 0.624;
1037, 0.625;
1038, 0.626;
1039, 0.626;
1040, 0.627;
1041, 0.627;
1042, 0.628;
1043, 0.628;
1044, 0.629;
1045, 0.629;
1046, 0.63;
1047, 0.63;
1048, 0.631;
1049, 0.632;
1050, 0.632;
1051, 0.633;
1052, 0.633;
1053, 0.634;
1054, 0.634;
1055, 0.635;
1056, 0.635;
1057, 0.636;
1058, 0.636;
1059, 0.637;
1060, 0.637;
1061, 0.638;
1062, 0.638;
1063, 0.639;
1064, 0.64;
1065, 0.64;
1066, 0.641;
1067, 0.641;
1068, 0.642;
1069, 0.642;
1070, 0.643;
1071, 0.643;
1072, 0.644;
1073, 0.644;
1074, 0.645;
1075, 0.645;
1076, 0.646;
1077, 0.646;
1078, 0.647;
1079, 0.647;
1080, 0.648;
1081, 0.649;
1082, 0.649;
1083, 0.65;
1084, 0.65;
1085, 0.651;
1086, 0.651;
1087, 0.652;
1088, 0.652;
1089, 0.653;
1090, 0.653;
1091, 0.654;
1092, 0.654;
1093, 0.655;
1094, 0.655;
1095, 0.656;
1096, 0.656;
1097, 0.657;
1098, 0.657;
1099, 0.658;
1100, 0.658;
1101, 0.659;
1102, 0.659;
1103, 0.66;
1104, 0.66;
1105, 0.661;
1106, 0.661;
1107, 0.662;
1108, 0.662;
1109, 0.663;
1110, 0.664;
1111, 0.664;
1112, 0.665;
1113, 0.665;
1114, 0.666;
1115, 0.666;
1116, 0.667;
1117, 0.667;
1118, 0.668;
1119, 0.668;
1120, 0.669;
1121, 0.669;
1122, 0.67;
1123, 0.67;
1124, 0.671;
1125, 0.671;
1126, 0.672;
1127, 0.672;
1128, 0.673;
1129, 0.673;
1130, 0.674;
1131, 0.674;
1132, 0.675;
1133, 0.675;
1134, 0.676;
1135, 0.676;
1136, 0.677;
1137, 0.677;
1138, 0.678;
1139, 0.678;
1140, 0.679;
1141, 0.679;
1142, 0.68;
1143, 0.68;
1144, 0.68;
1145, 0.681;
1146, 0.681;
1147, 0.682;
1148, 0.682;
1149, 0.683;
1150, 0.683;
1151, 0.684;
1152, 0.684;
1153, 0.685;
1154, 0.685;
1155, 0.686;
1156, 0.686;
1157, 0.687;
1158, 0.687;
1159, 0.688;
1160, 0.688;
1161, 0.689;
1162, 0.689;
1163, 0.69;
1164, 0.69;
1165, 0.691;
1166, 0.691;
1167, 0.692;
1168, 0.692;
1169, 0.693;
1170, 0.693;
1171, 0.693;
1172, 0.694;
1173, 0.694;
1174, 0.695;
1175, 0.695;
1176, 0.696;
1177, 0.696;
1178, 0.697;
1179, 0.697;
1180, 0.698;
1181, 0.698;
1182, 0.699;
1183, 0.699;
1184, 0.7;
1185, 0.7;
1186, 0.701;
1187, 0.701;
1188, 0.701;
1189, 0.702;
1190, 0.702;
1191, 0.703;
1192, 0.703;
1193, 0.704;
1194, 0.704;
1195, 0.705;
1196, 0.705;
1197, 0.706;
1198, 0.706;
1199, 0.707;
1200, 0.707;
1201, 0.707;
1202, 0.708;
1203, 0.708;
1204, 0.709;
1205, 0.709;
1206, 0.71;
1207, 0.71;
1208, 0.711;
1209, 0.711;
1210, 0.711;
1211, 0.712;
1212, 0.712;
1213, 0.713;
1214, 0.713;
1215, 0.714;
1216, 0.714;
1217, 0.715;
1218, 0.715;
1219, 0.715;
1220, 0.716;
1221, 0.716;
1222, 0.717;
1223, 0.717;
1224, 0.718;
1225, 0.718;
1226, 0.719;
1227, 0.719;
1228, 0.719;
1229, 0.72;
1230, 0.72;
1231, 0.721;
1232, 0.721;
1233, 0.722;
1234, 0.722;
1235, 0.722;
1236, 0.723;
1237, 0.723;
1238, 0.724;
1239, 0.724;
1240, 0.725;
1241, 0.725;
1242, 0.725;
1243, 0.726;
1244, 0.726;
1245, 0.727;
1246, 0.727;
1247, 0.728;
1248, 0.728;
1249, 0.728;
1250, 0.729;
1251, 0.729;
1252, 0.73;
1253, 0.73;
1254, 0.731;
1255, 0.731;
1256, 0.731;
1257, 0.732;
1258, 0.732;
1259, 0.733;
1260, 0.733;
1261, 0.733;
1262, 0.734;
1263, 0.734;
1264, 0.735;
1265, 0.735;
1266, 0.736;
1267, 0.736;
1268, 0.736;
1269, 0.737;
1270, 0.737;
1271, 0.738;
1272, 0.738;
1273, 0.738;
1274, 0.739;
1275, 0.739;
1276, 0.74;
1277, 0.74;
1278, 0.74;
1279, 0.741;
1280, 0.741;
1281, 0.742;
1282, 0.742;
1283, 0.742;
1284, 0.743;
1285, 0.743;
1286, 0.744;
1287, 0.744;
1288, 0.744;
1289, 0.745;
1290, 0.745;
1291, 0.746;
1292, 0.746;
1293, 0.746;
1294, 0.747;
1295, 0.747;
1296, 0.747;
1297, 0.748;
1298, 0.748;
1299, 0.749;
1300, 0.749;
1301, 0.749;
1302, 0.75;
1303, 0.75;
1304, 0.751;
1305, 0.751;
1306, 0.751;
1307, 0.752;
1308, 0.752;
1309, 0.752;
1310, 0.753;
1311, 0.753;
1312, 0.754;
1313, 0.754;
1314, 0.754;
1315, 0.755;
1316, 0.755;
1317, 0.755;
1318, 0.756;
1319, 0.756;
1320, 0.757;
1321, 0.757;
1322, 0.757;
1323, 0.758;
1324, 0.758;
1325, 0.758;
1326, 0.759;
1327, 0.759;
1328, 0.759;
1329, 0.76;
1330, 0.76;
1331, 0.761;
1332, 0.761;
1333, 0.761;
1334, 0.762;
1335, 0.762;
1336, 0.762;
1337, 0.763;
1338, 0.763;
1339, 0.763;
1340, 0.764;
1341, 0.764;
1342, 0.764;
1343, 0.765;
1344, 0.765;
1345, 0.765;
1346, 0.766;
1347, 0.766;
1348, 0.766;
1349, 0.767;
1350, 0.767;
1351, 0.768;
1352, 0.768;
1353, 0.768;
1354, 0.769;
1355, 0.769;
1356, 0.769;
1357, 0.77;
1358, 0.77;
1359, 0.77;
1360, 0.771;
1361, 0.771;
1362, 0.771;
1363, 0.772;
1364, 0.772;
1365, 0.772;
1366, 0.773;
1367, 0.773;
1368, 0.773;
1369, 0.774;
1370, 0.774;
1371, 0.774;
1372, 0.775;
1373, 0.775;
1374, 0.775;
1375, 0.775;
1376, 0.776;
1377, 0.776;
1378, 0.776;
1379, 0.777;
1380, 0.777;
1381, 0.777;
1382, 0.778;
1383, 0.778;
1384, 0.778;
1385, 0.779;
1386, 0.779;
1387, 0.779;
1388, 0.78;
1389, 0.78;
1390, 0.78;
1391, 0.781;
1392, 0.781;
1393, 0.781;
1394, 0.781;
1395, 0.782;
1396, 0.782;
1397, 0.782;
1398, 0.783;
1399, 0.783;
1400, 0.783;
1401, 0.784;
1402, 0.784;
1403, 0.784;
1404, 0.784;
1405, 0.785;
1406, 0.785;
1407, 0.785;
1408, 0.786;
1409, 0.786;
1410, 0.786;
1411, 0.786;
1412, 0.787;
1413, 0.787;
1414, 0.787;
1415, 0.788;
1416, 0.788;
1417, 0.788;
1418, 0.788;
1419, 0.789;
1420, 0.789;
1421, 0.789;
1422, 0.79;
1423, 0.79;
1424, 0.79;
1425, 0.79;
1426, 0.791;
1427, 0.791;
1428, 0.791;
1429, 0.791;
1430, 0.792;
1431, 0.792;
1432, 0.792;
1433, 0.793;
1434, 0.793;
1435, 0.793;
1436, 0.793;
1437, 0.794;
1438, 0.794;
1439, 0.794;
1440, 0.794;
1441, 0.795;
1442, 0.795;
1443, 0.795;
1444, 0.795;
1445, 0.796;
1446, 0.796;
1447, 0.796;
1448, 0.796;
1449, 0.797;
1450, 0.797;
1451, 0.797;
1452, 0.797;
1453, 0.798;
1454, 0.798;
1455, 0.798;
1456, 0.798;
1457, 0.799;
1458, 0.799;
1459, 0.799;
1460, 0.799;
1461, 0.8;
1462, 0.8;
1463, 0.8;
1464, 0.8;
1465, 0.801;
1466, 0.801;
1467, 0.801;
1468, 0.801;
1469, 0.802;
1470, 0.802;
1471, 0.802;
1472, 0.802;
1473, 0.802;
1474, 0.803;
1475, 0.803;
1476, 0.803;
1477, 0.803;
1478, 0.804;
1479, 0.804;
1480, 0.804;
1481, 0.804;
1482, 0.805;
1483, 0.805;
1484, 0.805;
1485, 0.805;
1486, 0.805;
1487, 0.806;
1488, 0.806;
1489, 0.806;
1490, 0.806;
1491, 0.806;
1492, 0.807;
1493, 0.807;
1494, 0.807;
1495, 0.807;
1496, 0.807;
1497, 0.808;
1498, 0.808;
1499, 0.808;
1500, 0.808;
1501, 0.808;
1502, 0.809;
1503, 0.809;
1504, 0.809;
1505, 0.809;
1506, 0.809;
1507, 0.81;
1508, 0.81;
1509, 0.81;
1510, 0.81;
1511, 0.81;
1512, 0.811;
1513, 0.811;
1514, 0.811;
1515, 0.811;
1516, 0.811;
1517, 0.812;
1518, 0.812;
1519, 0.812;
1520, 0.812;
1521, 0.812;
1522, 0.812;
1523, 0.813;
1524, 0.813;
1525, 0.813;
1526, 0.813;
1527, 0.813;
1528, 0.813;
1529, 0.814;
1530, 0.814;
1531, 0.814;
1532, 0.814;
1533, 0.814;
1534, 0.814;
1535, 0.815;
1536, 0.815;
1537, 0.815;
1538, 0.815;
1539, 0.815;
1540, 0.815;
1541, 0.816;
1542, 0.816;
1543, 0.816;
1544, 0.816;
1545, 0.816;
1546, 0.816;
1547, 0.817;
1548, 0.817;
1549, 0.817;
1550, 0.817;
1551, 0.817;
1552, 0.817;
1553, 0.817;
1554, 0.818;
1555, 0.818;
1556, 0.818;
1557, 0.818;
1558, 0.818;
1559, 0.818;
1560, 0.818;
1561, 0.818;
1562, 0.819;
1563, 0.819;
1564, 0.819;
1565, 0.819;
1566, 0.819;
1567, 0.819;
1568, 0.819;
1569, 0.82;
1570, 0.82;
1571, 0.82;
1572, 0.82;
1573, 0.82;
1574, 0.82;
1575, 0.82;
1576, 0.82;
1577, 0.82;
1578, 0.821;
1579, 0.821;
1580, 0.821;
1581, 0.821;
1582, 0.821;
1583, 0.821;
1584, 0.821;
1585, 0.821;
1586, 0.821;
1587, 0.822;
1588, 0.822;
1589, 0.822;
1590, 0.822;
1591, 0.822;
1592, 0.822;
1593, 0.822;
1594, 0.822;
1595, 0.822;
1596, 0.822;
1597, 0.823;
1598, 0.823;
1599, 0.823;
1600, 0.823;
1601, 0.823;
1602, 0.823;
1603, 0.823;
1604, 0.823;
1605, 0.823;
1606, 0.823;
1607, 0.823;
1608, 0.824;
1609, 0.824;
1610, 0.824;
1611, 0.824;
1612, 0.824;
1613, 0.824;
1614, 0.824;
1615, 0.824;
1616, 0.824;
1617, 0.824;
1618, 0.824;
1619, 0.824;
1620, 0.824;
1621, 0.824;
1622, 0.825;
1623, 0.825;
1624, 0.825;
1625, 0.825;
1626, 0.825;
1627, 0.825;
1628, 0.825;
1629, 0.825;
1630, 0.825;
1631, 0.825;
1632, 0.825;
1633, 0.825;
1634, 0.825;
1635, 0.825;
1636, 0.825;
1637, 0.825;
1638, 0.825;
1639, 0.825;
1640, 0.825;
1641, 0.825;
1642, 0.826;
1643, 0.826;
1644, 0.826;
1645, 0.826;
1646, 0.826;
1647, 0.826;
1648, 0.826;
1649, 0.826;
1650, 0.826;
1651, 0.826;
1652, 0.826;
1653, 0.826;
1654, 0.826;
1655, 0.826;
1656, 0.826;
1657, 0.826;
1658, 0.826;
1659, 0.826;
1660, 0.826;
1661, 0.826;
1662, 0.826;
1663, 0.826;
1664, 0.826;
1665, 0.826;
1666, 0.826;
1667, 0.826;
1668, 0.826;
1669, 0.826;
1670, 0.826;
1671, 0.826;
1672, 0.826;
1673, 0.826;
1674, 0.826;
1675, 0.826;
1676, 0.826;
1677, 0.826;
1678, 0.826;
1679, 0.826;
1680, 0.826;
1681, 0.826;
1682, 0.826;
1683, 0.826;
1684, 0.826;
1685, 0.826;
1686, 0.826;
1687, 0.826;
1688, 0.826;
1689, 0.826;
1690, 0.826;
1691, 0.826;
1692, 0.826;
1693, 0.826;
1694, 0.826;
1695, 0.826;
1696, 0.826;
1697, 0.826;
1698, 0.826;
1699, 0.826;
1700, 0.826;
1701, 0.826;
1702, 0.826;
1703, 0.825;
1704, 0.825;
1705, 0.825;
1706, 0.825;
1707, 0.825;
1708, 0.825;
1709, 0.825;
1710, 0.825;
1711, 0.825;
1712, 0.825;
1713, 0.825;
1714, 0.825;
1715, 0.825;
1716, 0.825;
1717, 0.825;
1718, 0.825;
1719, 0.825;
1720, 0.825;
1721, 0.825;
1722, 0.824;
1723, 0.824;
1724, 0.824;
1725, 0.824;
1726, 0.824;
1727, 0.824;
1728, 0.824;
1729, 0.824;
1730, 0.824;
1731, 0.824;
1732, 0.824;
1733, 0.824;
1734, 0.824;
1735, 0.824;
1736, 0.823;
1737, 0.823;
1738, 0.823;
1739, 0.823;
1740, 0.823;
1741, 0.823;
1742, 0.823;
1743, 0.823;
1744, 0.823;
1745, 0.823;
1746, 0.823;
1747, 0.822;
1748, 0.822;
1749, 0.822;
1750, 0.822;
1751, 0.822;
1752, 0.822;
1753, 0.822;
1754, 0.822;
1755, 0.822;
1756, 0.821;
1757, 0.821;
1758, 0.821;
1759, 0.821;
1760, 0.821;
1761, 0.821;
1762, 0.821;
1763, 0.821;
1764, 0.821;
1765, 0.82;
1766, 0.82;
1767, 0.82;
1768, 0.82;
1769, 0.82;
1770, 0.82;
1771, 0.82;
1772, 0.82;
1773, 0.819;
1774, 0.819;
1775, 0.819;
1776, 0.819;
1777, 0.819;
1778, 0.819;
1779, 0.819;
1780, 0.818;
1781, 0.818;
1782, 0.818;
1783, 0.818;
1784, 0.818;
1785, 0.818;
1786, 0.818;
1787, 0.817;
1788, 0.817;
1789, 0.817;
1790, 0.817;
1791, 0.817;
1792, 0.817;
1793, 0.816;
1794, 0.816;
1795, 0.816;
1796, 0.816;
1797, 0.816;
1798, 0.816;
1799, 0.815;
1800, 0.815;
1801, 0.815;
1802, 0.815;
1803, 0.815;
1804, 0.815;
1805, 0.814;
1806, 0.814;
1807, 0.814;
1808, 0.814;
1809, 0.814;
1810, 0.813;
1811, 0.813;
1812, 0.813;
1813, 0.813;
1814, 0.813;
1815, 0.812;
1816, 0.812;
1817, 0.812;
1818, 0.812;
1819, 0.812;
1820, 0.811;
1821, 0.811;
1822, 0.811;
1823, 0.811;
1824, 0.811;
1825, 0.81;
1826, 0.81;
1827, 0.81;
1828, 0.81;
1829, 0.81;
1830, 0.809;
1831, 0.809;
1832, 0.809;
1833, 0.809;
1834, 0.808;
1835, 0.808;
1836, 0.808;
1837, 0.808;
1838, 0.808;
1839, 0.807;
1840, 0.807;
1841, 0.807;
1842, 0.807;
1843, 0.806;
1844, 0.806;
1845, 0.806;
1846, 0.806;
1847, 0.805;
1848, 0.805;
1849, 0.805;
1850, 0.805;
1851, 0.804;
1852, 0.804;
1853, 0.804;
1854, 0.804;
1855, 0.803;
1856, 0.803;
1857, 0.803;
1858, 0.803;
1859, 0.802;
1860, 0.802;
1861, 0.802;
1862, 0.802;
1863, 0.801;
1864, 0.801;
1865, 0.801;
1866, 0.801;
1867, 0.8;
1868, 0.8;
1869, 0.8;
1870, 0.799;
1871, 0.799;
1872, 0.799;
1873, 0.799;
1874, 0.798;
1875, 0.798;
1876, 0.798;
1877, 0.797;
1878, 0.797;
1879, 0.797;
1880, 0.797;
1881, 0.796;
1882, 0.796;
1883, 0.796;
1884, 0.795;
1885, 0.795;
1886, 0.795;
1887, 0.795;
1888, 0.794;
1889, 0.794;
1890, 0.794;
1891, 0.793;
1892, 0.793;
1893, 0.793;
1894, 0.792;
1895, 0.792;
1896, 0.792;
1897, 0.791;
1898, 0.791;
1899, 0.791;
1900, 0.79;
1901, 0.79;
1902, 0.79;
1903, 0.789;
1904, 0.789;
1905, 0.789;
1906, 0.788;
1907, 0.788;
1908, 0.788;
1909, 0.787;
1910, 0.787;
1911, 0.787;
1912, 0.786;
1913, 0.786;
1914, 0.786;
1915, 0.785;
1916, 0.785;
1917, 0.785;
1918, 0.784;
1919, 0.784;
1920, 0.784;
1921, 0.783;
1922, 0.783;
1923, 0.783;
1924, 0.782;
1925, 0.782;
1926, 0.781;
1927, 0.781;
1928, 0.781;
1929, 0.78;
1930, 0.78;
1931, 0.78;
1932, 0.779;
1933, 0.779;
1934, 0.778;
1935, 0.778;
1936, 0.778;
1937, 0.777;
1938, 0.777;
1939, 0.777;
1940, 0.776;
1941, 0.776;
1942, 0.775;
1943, 0.775;
1944, 0.775;
1945, 0.774;
1946, 0.774;
1947, 0.773;
1948, 0.773;
1949, 0.773;
1950, 0.772;
1951, 0.772;
1952, 0.771;
1953, 0.771;
1954, 0.771;
1955, 0.77;
1956, 0.77;
1957, 0.769;
1958, 0.769;
1959, 0.768;
1960, 0.768;
1961, 0.768;
1962, 0.767;
1963, 0.767;
1964, 0.766;
1965, 0.766;
1966, 0.766;
1967, 0.765;
1968, 0.765;
1969, 0.764;
1970, 0.764;
1971, 0.763;
1972, 0.763;
1973, 0.762;
1974, 0.762;
1975, 0.762;
1976, 0.761;
1977, 0.761;
1978, 0.76;
1979, 0.76;
1980, 0.759;
1981, 0.759;
1982, 0.758;
1983, 0.758;
1984, 0.757;
1985, 0.757;
1986, 0.757;
1987, 0.756;
1988, 0.756;
1989, 0.755;
1990, 0.755;
1991, 0.754;
1992, 0.754;
1993, 0.753;
1994, 0.753;
1995, 0.752;
1996, 0.752;
1997, 0.751;
1998, 0.751;
1999, 0.75;
2000, 0.75;
2001, 0.749;
2002, 0.749;
2003, 0.748;
2004, 0.748;
2005, 0.747;
2006, 0.747;
2007, 0.746;
2008, 0.746;
2009, 0.745;
2010, 0.745;
2011, 0.744;
2012, 0.744;
2013, 0.743;
2014, 0.743;
2015, 0.742;
2016, 0.742;
2017, 0.741;
2018, 0.741;
2019, 0.74;
2020, 0.74;
2021, 0.739;
2022, 0.739;
2023, 0.738;
2024, 0.738;
2025, 0.737;
2026, 0.737;
2027, 0.736;
2028, 0.736;
2029, 0.735;
2030, 0.734;
2031, 0.734;
2032, 0.733;
2033, 0.733;
2034, 0.732;
2035, 0.732;
2036, 0.731;
2037, 0.731;
2038, 0.73;
2039, 0.729;
2040, 0.729;
2041, 0.728;
2042, 0.728;
2043, 0.727;
2044, 0.727;
2045, 0.726;
2046, 0.726;
2047, 0.725;
2048, 0.724;
2049, 0.724;
2050, 0.723;
2051, 0.723;
2052, 0.722;
2053, 0.722;
2054, 0.721;
2055, 0.72;
2056, 0.72;
2057, 0.719;
2058, 0.719;
2059, 0.718;
2060, 0.717;
2061, 0.717;
2062, 0.716;
2063, 0.716;
2064, 0.715;
2065, 0.714;
2066, 0.714;
2067, 0.713;
2068, 0.713;
2069, 0.712;
2070, 0.711;
2071, 0.711;
2072, 0.71;
2073, 0.71;
2074, 0.709;
2075, 0.708;
2076, 0.708;
2077, 0.707;
2078, 0.706;
2079, 0.706;
2080, 0.705;
2081, 0.705;
2082, 0.704;
2083, 0.703;
2084, 0.703;
2085, 0.702;
2086, 0.701;
2087, 0.701;
2088, 0.7;
2089, 0.699;
2090, 0.699;
2091, 0.698;
2092, 0.697;
2093, 0.697;
2094, 0.696;
2095, 0.696;
2096, 0.695;
2097, 0.694;
2098, 0.694;
2099, 0.693;
2100, 0.692;
2101, 0.692;
2102, 0.691;
2103, 0.69;
2104, 0.69;
2105, 0.689;
2106, 0.688;
2107, 0.688;
2108, 0.687;
2109, 0.686;
2110, 0.685;
2111, 0.685;
2112, 0.684;
2113, 0.683;
2114, 0.683;
2115, 0.682;
2116, 0.681;
2117, 0.681;
2118, 0.68;
2119, 0.679;
2120, 0.679;
2121, 0.678;
2122, 0.677;
2123, 0.676;
2124, 0.676;
2125, 0.675;
2126, 0.674;
2127, 0.674;
2128, 0.673;
2129, 0.672;
2130, 0.671;
2131, 0.671;
2132, 0.67;
2133, 0.669;
2134, 0.668;
2135, 0.668;
2136, 0.667;
2137, 0.666;
2138, 0.666;
2139, 0.665;
2140, 0.664;
2141, 0.663;
2142, 0.663;
2143, 0.662;
2144, 0.661;
2145, 0.66;
2146, 0.66;
2147, 0.659;
2148, 0.658;
2149, 0.657;
2150, 0.657;
2151, 0.656;
2152, 0.655;
2153, 0.654;
2154, 0.654;
2155, 0.653;
2156, 0.652;
2157, 0.651;
2158, 0.65;
2159, 0.65;
2160, 0.649;
2161, 0.648;
2162, 0.647;
2163, 0.647;
2164, 0.646;
2165, 0.645;
2166, 0.644;
2167, 0.643;
2168, 0.643;
2169, 0.642;
2170, 0.641;
2171, 0.64;
2172, 0.639;
2173, 0.639;
2174, 0.638;
2175, 0.637;
2176, 0.636;
2177, 0.635;
2178, 0.635;
2179, 0.634;
2180, 0.633;
2181, 0.632;
2182, 0.631;
2183, 0.63;
2184, 0.63;
2185, 0.629;
2186, 0.628;
2187, 0.627;
2188, 0.626;
2189, 0.625;
2190, 0.625;
2191, 0.624;
2192, 0.623;
2193, 0.622;
2194, 0.621;
2195, 0.62;
2196, 0.62;
2197, 0.619;
2198, 0.618;
2199, 0.617;
2200, 0.616;
2201, 0.615;
2202, 0.614;
2203, 0.614;
2204, 0.613;
2205, 0.612;
2206, 0.611;
2207, 0.61;
2208, 0.609;
2209, 0.608;
2210, 0.608;
2211, 0.607;
2212, 0.606;
2213, 0.605;
2214, 0.604;
2215, 0.603;
2216, 0.602;
2217, 0.601;
2218, 0.6;
2219, 0.6;
2220, 0.599;
2221, 0.598;
2222, 0.597;
2223, 0.596;
2224, 0.595;
2225, 0.594;
2226, 0.593;
2227, 0.592;
2228, 0.591;
2229, 0.59;
2230, 0.59;
2231, 0.589;
2232, 0.588;
2233, 0.587;
2234, 0.586;
2235, 0.585;
2236, 0.584;
2237, 0.583;
2238, 0.582;
2239, 0.581;
2240, 0.58;
2241, 0.579;
2242, 0.578;
2243, 0.577;
2244, 0.577;
2245, 0.576;
2246, 0.575;
2247, 0.574;
2248, 0.573;
2249, 0.572;
2250, 0.571;
2251, 0.57;
2252, 0.569;
2253, 0.568;
2254, 0.567;
2255, 0.566;
2256, 0.565;
2257, 0.564;
2258, 0.563;
2259, 0.562;
2260, 0.561;
2261, 0.56;
2262, 0.559;
2263, 0.558;
2264, 0.557;
2265, 0.556;
2266, 0.555;
2267, 0.554;
2268, 0.553;
2269, 0.552;
2270, 0.551;
2271, 0.55;
2272, 0.549;
2273, 0.548;
2274, 0.547;
2275, 0.546;
2276, 0.545;
2277, 0.544;
2278, 0.543;
2279, 0.542;
2280, 0.541;
2281, 0.54;
2282, 0.539;
2283, 0.538;
2284, 0.537;
2285, 0.536;
2286, 0.535;
2287, 0.534;
2288, 0.533;
2289, 0.532;
2290, 0.531;
2291, 0.53;
2292, 0.529;
2293, 0.528;
2294, 0.527;
2295, 0.526;
2296, 0.525;
2297, 0.524;
2298, 0.523;
2299, 0.521;
2300, 0.52;
2301, 0.519;
2302, 0.518;
2303, 0.517;
2304, 0.516;
2305, 0.515;
2306, 0.514;
2307, 0.513;
2308, 0.512;
2309, 0.511;
2310, 0.51;
2311, 0.509;
2312, 0.508;
2313, 0.506;
2314, 0.505;
2315, 0.504;
2316, 0.503;
2317, 0.502;
2318, 0.501;
2319, 0.5;
2320, 0.499;
2321, 0.498;
2322, 0.497;
2323, 0.495;
2324, 0.494;
2325, 0.493;
2326, 0.492;
2327, 0.491;
2328, 0.49;
2329, 0.489;
2330, 0.488;
2331, 0.486;
2332, 0.485;
2333, 0.484;
2334, 0.483;
2335, 0.482;
2336, 0.481;
2337, 0.48;
2338, 0.479;
2339, 0.477;
2340, 0.476;
2341, 0.475;
2342, 0.474;
2343, 0.473;
2344, 0.472;
2345, 0.471;
2346, 0.469;
2347, 0.468;
2348, 0.467;
2349, 0.466;
2350, 0.465;
2351, 0.464;
2352, 0.462;
2353, 0.461;
2354, 0.46;
2355, 0.459;
2356, 0.458;
2357, 0.456;
2358, 0.455;
2359, 0.454;
2360, 0.453;
2361, 0.452;
2362, 0.451;
2363, 0.449;
2364, 0.448;
2365, 0.447;
2366, 0.446;
2367, 0.445;
2368, 0.443;
2369, 0.442;
2370, 0.441;
2371, 0.44;
2372, 0.438;
2373, 0.437;
2374, 0.436;
2375, 0.435;
2376, 0.434;
2377, 0.432;
2378, 0.431;
2379, 0.43;
2380, 0.429;
2381, 0.427;
2382, 0.426;
2383, 0.425;
2384, 0.424;
2385, 0.422;
2386, 0.421;
2387, 0.42;
2388, 0.419;
2389, 0.418;
2390, 0.416;
2391, 0.415;
2392, 0.414;
2393, 0.412;
2394, 0.411;
2395, 0.41;
2396, 0.409;
2397, 0.407;
2398, 0.406;
2399, 0.405;
2400, 0.404;
2401, 0.402;
2402, 0.401;
2403, 0.4;
2404, 0.398;
2405, 0.397;
2406, 0.396;
2407, 0.395;
2408, 0.393;
2409, 0.392;
2410, 0.391;
2411, 0.389;
2412, 0.388;
2413, 0.387;
2414, 0.385;
2415, 0.384;
2416, 0.383;
2417, 0.382;
2418, 0.38;
2419, 0.379;
2420, 0.378;
2421, 0.376;
2422, 0.375;
2423, 0.374;
2424, 0.372;
2425, 0.371;
2426, 0.37;
2427, 0.368;
2428, 0.367;
2429, 0.366;
2430, 0.364;
2431, 0.363;
2432, 0.362;
2433, 0.36;
2434, 0.359;
2435, 0.357;
2436, 0.356;
2437, 0.355;
2438, 0.353;
2439, 0.352;
2440, 0.351;
2441, 0.349;
2442, 0.348;
2443, 0.347;
2444, 0.345;
2445, 0.344;
2446, 0.342;
2447, 0.341;
2448, 0.34;
2449, 0.338;
2450, 0.337;
2451, 0.335;
2452, 0.334;
2453, 0.333;
2454, 0.331;
2455, 0.33;
2456, 0.328;
2457, 0.327;
2458, 0.326;
2459, 0.324;
2460, 0.323;
2461, 0.321;
2462, 0.32;
2463, 0.319;
2464, 0.317;
2465, 0.316;
2466, 0.314;
2467, 0.313;
2468, 0.311;
2469, 0.31;
2470, 0.309;
2471, 0.307;
2472, 0.306;
2473, 0.304;
2474, 0.303;
2475, 0.301;
2476, 0.3;
2477, 0.298;
2478, 0.297;
2479, 0.296;
2480, 0.294;
2481, 0.293;
2482, 0.291;
2483, 0.29;
2484, 0.288;
2485, 0.287;
2486, 0.285;
2487, 0.284;
2488, 0.282;
2489, 0.281;
2490, 0.279;
2491, 0.278;
2492, 0.276;
2493, 0.275;
2494, 0.273;
2495, 0.272;
2496, 0.27;
2497, 0.269;
2498, 0.267;
2499, 0.266;
2500, 0.264;
2501, 0.263;
2502, 0.261;
2503, 0.26;
2504, 0.258;
2505, 0.257;
2506, 0.255;
2507, 0.254;
2508, 0.252;
2509, 0.251;
2510, 0.249;
2511, 0.248;
2512, 0.246;
2513, 0.245;
2514, 0.243;
2515, 0.242;
2516, 0.24;
2517, 0.238;
2518, 0.237;
2519, 0.235;
2520, 0.234;
2521, 0.232;
2522, 0.231;
2523, 0.229;
2524, 0.228;
2525, 0.226;
2526, 0.224;
2527, 0.223;
2528, 0.221;
2529, 0.22;
2530, 0.218;
2531, 0.217;
2532, 0.215;
2533, 0.213;
2534, 0.212;
2535, 0.21;
2536, 0.209;
2537, 0.207;
2538, 0.205;
2539, 0.204;
2540, 0.202;
2541, 0.201;
2542, 0.199;
2543, 0.197;
2544, 0.196;
2545, 0.194;
2546, 0.193;
2547, 0.191;
2548, 0.189;
2549, 0.188;
2550, 0.186;
2551, 0.184;
2552, 0.183;
2553, 0.181;
2554, 0.179;
2555, 0.178;
2556, 0.176;
2557, 0.175;
2558, 0.173;
2559, 0.171;
2560, 0.17;
2561, 0.168;
2562, 0.166;
2563, 0.165;
2564, 0.163;
2565, 0.161;
2566, 0.16;
2567, 0.158;
2568, 0.156;
2569, 0.155;
2570, 0.153;
2571, 0.151;
2572, 0.15;
2573, 0.148;
2574, 0.146;
2575, 0.145;
2576, 0.143;
2577, 0.141;
2578, 0.139;
2579, 0.138;
2580, 0.136;
2581, 0.134;
2582, 0.133;
2583, 0.131;
2584, 0.129;
2585, 0.128;
2586, 0.126;
2587, 0.124;
2588, 0.122;
2589, 0.121;
2590, 0.119;
2591, 0.117;
2592, 0.115;
2593, 0.114;
2594, 0.112;
2595, 0.11;
2596, 0.109;
2597, 0.107;
2598, 0.105;
2599, 0.103;
2600, 0.102;
2601, 0.1;
2602, 0.098;
2603, 0.096;
2604, 0.095;
2605, 0.093;
2606, 0.091;
2607, 0.089;
2608, 0.088;
2609, 0.086;
2610, 0.084;
2611, 0.082;
2612, 0.08;
2613, 0.079;
2614, 0.077;
2615, 0.075;
2616, 0.073;
2617, 0.072;
2618, 0.07;
2619, 0.068;
2620, 0.066;
2621, 0.064;
2622, 0.063;
2623, 0.061;
2624, 0.059;
2625, 0.057;
2626, 0.055;
2627, 0.054;
2628, 0.052;
2629, 0.05;
2630, 0.048;
2631, 0.046;
2632, 0.045;
2633, 0.043;
2634, 0.041;
2635, 0.039;
2636, 0.037;
2637, 0.036;
2638, 0.034;
2639, 0.032;
2640, 0.03;
2641, 0.028;
2642, 0.027;
2643, 0.025;
2644, 0.023;
2645, 0.021;
2646, 0.019;
2647, 0.017;
2648, 0.016;
2649, 0.014;
2650, 0.012;
2651, 0.01;
2652, 0.008;
2653, 0.006;
2654, 0.005;
2655, 0.003;
2656, 0.001;
2657, -0.001;
2658, -0.003;
2659, -0.005;
2660, -0.006;
2661, -0.008;
2662, -0.01;
2663, -0.012;
2664, -0.014;
2665, -0.016;
2666, -0.018;
2667, -0.019;
2668, -0.021;
2669, -0.023;
2670, -0.025;
2671, -0.027;
2672, -0.029;
2673, -0.031;
2674, -0.032;
2675, -0.034;
2676, -0.036;
2677, -0.038;
2678, -0.04;
2679, -0.042;
2680, -0.044;
2681, -0.046;
2682, -0.047;
2683, -0.049;
2684, -0.051;
2685, -0.053;
2686, -0.055;
2687, -0.057;
2688, -0.059;
2689, -0.06;
2690, -0.062;
2691, -0.064;
2692, -0.066;
2693, -0.068;
2694, -0.07;
2695, -0.072;
2696, -0.074;
2697, -0.076;
2698, -0.077;
2699, -0.079;
2700, -0.081;
2701, -0.083;
2702, -0.085;
2703, -0.087;
2704, -0.089;
2705, -0.091;
2706, -0.092;
2707, -0.094;
2708, -0.096;
2709, -0.098;
2710, -0.1;
2711, -0.102;
2712, -0.104;
2713, -0.106;
2714, -0.108;
2715, -0.109;
2716, -0.111;
2717, -0.113;
2718, -0.115;
2719, -0.117;
2720, -0.119;
2721, -0.121;
2722, -0.123;
2723, -0.125;
2724, -0.127;
2725, -0.128;
2726, -0.13;
2727, -0.132;
2728, -0.134;
2729, -0.136;
2730, -0.138;
2731, -0.14;
2732, -0.142;
2733, -0.144;
2734, -0.145;
2735, -0.147;
2736, -0.149;
2737, -0.151;
2738, -0.153;
2739, -0.155;
2740, -0.157;
2741, -0.159;
2742, -0.161;
2743, -0.163;
2744, -0.164;
2745, -0.166;
2746, -0.168;
2747, -0.17;
2748, -0.172;
2749, -0.174;
2750, -0.176;
2751, -0.178;
2752, -0.18;
2753, -0.181;
2754, -0.183;
2755, -0.185;
2756, -0.187;
2757, -0.189;
2758, -0.191;
2759, -0.193;
2760, -0.195;
2761, -0.197;
2762, -0.199;
2763, -0.2;
2764, -0.202;
2765, -0.204;
2766, -0.206;
2767, -0.208;
2768, -0.21;
2769, -0.212;
2770, -0.214;
2771, -0.216;
2772, -0.217;
2773, -0.219;
2774, -0.221;
2775, -0.223;
2776, -0.225;
2777, -0.227;
2778, -0.229;
2779, -0.231;
2780, -0.233;
2781, -0.234;
2782, -0.236;
2783, -0.238;
2784, -0.24;
2785, -0.242;
2786, -0.244;
2787, -0.246;
2788, -0.248;
2789, -0.249;
2790, -0.251;
2791, -0.253;
2792, -0.255;
2793, -0.257;
2794, -0.259;
2795, -0.261;
2796, -0.263;
2797, -0.264;
2798, -0.266;
2799, -0.268;
2800, -0.27;
2801, -0.272;
2802, -0.274;
2803, -0.276;
2804, -0.278;
2805, -0.279;
2806, -0.281;
2807, -0.283;
2808, -0.285;
2809, -0.287;
2810, -0.289;
2811, -0.291;
2812, -0.292;
2813, -0.294;
2814, -0.296;
2815, -0.298;
2816, -0.3;
2817, -0.302;
2818, -0.304;
2819, -0.305;
2820, -0.307;
2821, -0.309;
2822, -0.311;
2823, -0.313;
2824, -0.315;
2825, -0.317;
2826, -0.318;
2827, -0.32;
2828, -0.322;
2829, -0.324;
2830, -0.326;
2831, -0.328;
2832, -0.329;
2833, -0.331;
2834, -0.333;
2835, -0.335;
2836, -0.337;
2837, -0.339;
2838, -0.34;
2839, -0.342;
2840, -0.344;
2841, -0.346;
2842, -0.348;
2843, -0.35;
2844, -0.351;
2845, -0.353;
2846, -0.355;
2847, -0.357;
2848, -0.359;
2849, -0.36;
2850, -0.362;
2851, -0.364;
2852, -0.366;
2853, -0.368;
2854, -0.369;
2855, -0.371;
2856, -0.373;
2857, -0.375;
2858, -0.377;
2859, -0.378;
2860, -0.38;
2861, -0.382;
2862, -0.384;
2863, -0.386;
2864, -0.387;
2865, -0.389;
2866, -0.391;
2867, -0.393;
2868, -0.395;
2869, -0.396;
2870, -0.398;
2871, -0.4;
2872, -0.402;
2873, -0.403;
2874, -0.405;
2875, -0.407;
2876, -0.409;
2877, -0.41;
2878, -0.412;
2879, -0.414;
2880, -0.416;
2881, -0.417;
2882, -0.419;
2883, -0.421;
2884, -0.423;
2885, -0.424;
2886, -0.426;
2887, -0.428;
2888, -0.43;
2889, -0.431;
2890, -0.433;
2891, -0.435;
2892, -0.437;
2893, -0.438;
2894, -0.44;
2895, -0.442;
2896, -0.443;
2897, -0.445;
2898, -0.447;
2899, -0.449;
2900, -0.45;
2901, -0.452;
2902, -0.454;
2903, -0.455;
2904, -0.457;
2905, -0.459;
2906, -0.461;
2907, -0.462;
2908, -0.464;
2909, -0.466;
2910, -0.467;
2911, -0.469;
2912, -0.471;
2913, -0.472;
2914, -0.474;
2915, -0.476;
2916, -0.477;
2917, -0.479;
2918, -0.481;
2919, -0.482;
2920, -0.484;
2921, -0.486;
2922, -0.487;
2923, -0.489;
2924, -0.491;
2925, -0.492;
2926, -0.494;
2927, -0.496;
2928, -0.497;
2929, -0.499;
2930, -0.5;
2931, -0.502;
2932, -0.504;
2933, -0.505;
2934, -0.507;
2935, -0.509;
2936, -0.51;
2937, -0.512;
2938, -0.513;
2939, -0.515;
2940, -0.517;
2941, -0.518;
2942, -0.52;
2943, -0.521;
2944, -0.523;
2945, -0.525;
2946, -0.526;
2947, -0.528;
2948, -0.529;
2949, -0.531;
2950, -0.533;
2951, -0.534;
2952, -0.536;
2953, -0.537;
2954, -0.539;
2955, -0.54;
2956, -0.542;
2957, -0.543;
2958, -0.545;
2959, -0.547;
2960, -0.548;
2961, -0.55;
2962, -0.551;
2963, -0.553;
2964, -0.554;
2965, -0.556;
2966, -0.557;
2967, -0.559;
2968, -0.56;
2969, -0.562;
2970, -0.563;
2971, -0.565;
2972, -0.566;
2973, -0.568;
2974, -0.569;
2975, -0.571;
2976, -0.572;
2977, -0.574;
2978, -0.575;
2979, -0.577;
2980, -0.578;
2981, -0.58;
2982, -0.581;
2983, -0.583;
2984, -0.584;
2985, -0.586;
2986, -0.587;
2987, -0.588;
2988, -0.59;
2989, -0.591;
2990, -0.593;
2991, -0.594;
2992, -0.596;
2993, -0.597;
2994, -0.598;
2995, -0.6;
2996, -0.601;
2997, -0.603;
2998, -0.604;
2999, -0.606;
3000, -0.607;
3001, -0.608;
3002, -0.61;
3003, -0.611;
3004, -0.613;
3005, -0.614;
3006, -0.615;
3007, -0.617;
3008, -0.618;
3009, -0.619;
3010, -0.621;
3011, -0.622;
3012, -0.623;
3013, -0.625;
3014, -0.626;
3015, -0.627;
3016, -0.629;
3017, -0.63;
3018, -0.631;
3019, -0.633;
3020, -0.634;
3021, -0.635;
3022, -0.637;
3023, -0.638;
3024, -0.639;
3025, -0.641;
3026, -0.642;
3027, -0.643;
3028, -0.645;
3029, -0.646;
3030, -0.647;
3031, -0.648;
3032, -0.65;
3033, -0.651;
3034, -0.652;
3035, -0.653;
3036, -0.655;
3037, -0.656;
3038, -0.657;
3039, -0.658;
3040, -0.66;
3041, -0.661;
3042, -0.662;
3043, -0.663;
3044, -0.665;
3045, -0.666;
3046, -0.667;
3047, -0.668;
3048, -0.669;
3049, -0.671;
3050, -0.672;
3051, -0.673;
3052, -0.674;
3053, -0.675;
3054, -0.676;
3055, -0.678;
3056, -0.679;
3057, -0.68;
3058, -0.681;
3059, -0.682;
3060, -0.683;
3061, -0.685;
3062, -0.686;
3063, -0.687;
3064, -0.688;
3065, -0.689;
3066, -0.69;
3067, -0.691;
3068, -0.692;
3069, -0.693;
3070, -0.695;
3071, -0.696;
3072, -0.697;
3073, -0.698;
3074, -0.699;
3075, -0.7;
3076, -0.701;
3077, -0.702;
3078, -0.703;
3079, -0.704;
3080, -0.705;
3081, -0.706;
3082, -0.707;
3083, -0.708;
3084, -0.709;
3085, -0.71;
3086, -0.711;
3087, -0.712;
3088, -0.713;
3089, -0.714;
3090, -0.715;
3091, -0.716;
3092, -0.717;
3093, -0.718;
3094, -0.719;
3095, -0.72;
3096, -0.721;
3097, -0.722;
3098, -0.723;
3099, -0.724;
3100, -0.725;
3101, -0.726;
3102, -0.727;
3103, -0.728;
3104, -0.729;
3105, -0.73;
3106, -0.731;
3107, -0.731;
3108, -0.732;
3109, -0.733;
3110, -0.734;
3111, -0.735;
3112, -0.736;
3113, -0.737;
3114, -0.738;
3115, -0.738;
3116, -0.739;
3117, -0.74;
3118, -0.741;
3119, -0.742;
3120, -0.743;
3121, -0.744;
3122, -0.744;
3123, -0.745;
3124, -0.746;
3125, -0.747;
3126, -0.748;
3127, -0.748;
3128, -0.749;
3129, -0.75;
3130, -0.751;
3131, -0.751;
3132, -0.752;
3133, -0.753;
3134, -0.754;
3135, -0.754;
3136, -0.755;
3137, -0.756;
3138, -0.757;
3139, -0.757;
3140, -0.758;
3141, -0.759;
3142, -0.76;
3143, -0.76;
3144, -0.761;
3145, -0.762;
3146, -0.762;
3147, -0.763;
3148, -0.764;
3149, -0.764;
3150, -0.765;
3151, -0.766;
3152, -0.766;
3153, -0.767;
3154, -0.767;
3155, -0.768;
3156, -0.769;
3157, -0.769;
3158, -0.77;
3159, -0.771;
3160, -0.771;
3161, -0.772;
3162, -0.772;
3163, -0.773;
3164, -0.773;
3165, -0.774;
3166, -0.775;
3167, -0.775;
3168, -0.776;
3169, -0.776;
3170, -0.777;
3171, -0.777;
3172, -0.778;
3173, -0.778;
3174, -0.779;
3175, -0.779;
3176, -0.78;
3177, -0.78;
3178, -0.781;
3179, -0.781;
3180, -0.782;
3181, -0.782;
3182, -0.783;
3183, -0.783;
3184, -0.784;
3185, -0.784;
3186, -0.784;
3187, -0.785;
3188, -0.785;
3189, -0.786;
3190, -0.786;
3191, -0.786;
3192, -0.787;
3193, -0.787;
3194, -0.788;
3195, -0.788;
3196, -0.788;
3197, -0.789;
3198, -0.789;
3199, -0.789;
3200, -0.79;
3201, -0.79;
3202, -0.79;
3203, -0.791;
3204, -0.791;
3205, -0.791;
3206, -0.791;
3207, -0.792;
3208, -0.792;
3209, -0.792;
3210, -0.793;
3211, -0.793;
3212, -0.793;
3213, -0.793;
3214, -0.794;
3215, -0.794;
3216, -0.794;
3217, -0.794;
3218, -0.794;
3219, -0.795;
3220, -0.795;
3221, -0.795;
3222, -0.795;
3223, -0.795;
3224, -0.796;
3225, -0.796;
3226, -0.796;
3227, -0.796;
3228, -0.796;
3229, -0.796;
3230, -0.796;
3231, -0.796;
3232, -0.797;
3233, -0.797;
3234, -0.797;
3235, -0.797;
3236, -0.797;
3237, -0.797;
3238, -0.797;
3239, -0.797;
3240, -0.797;
3241, -0.797;
3242, -0.797;
3243, -0.797;
3244, -0.797;
3245, -0.797;
3246, -0.797;
3247, -0.797;
3248, -0.797;
3249, -0.797;
3250, -0.797;
3251, -0.797;
3252, -0.797;
3253, -0.797;
3254, -0.797;
3255, -0.797;
3256, -0.797;
3257, -0.797;
3258, -0.797;
3259, -0.797;
3260, -0.797;
3261, -0.796;
3262, -0.796;
3263, -0.796;
3264, -0.796;
3265, -0.796;
3266, -0.796;
3267, -0.796;
3268, -0.795;
3269, -0.795;
3270, -0.795;
3271, -0.795;
3272, -0.795;
3273, -0.794;
3274, -0.794;
3275, -0.794;
3276, -0.794;
3277, -0.794;
3278, -0.793;
3279, -0.793;
3280, -0.793;
3281, -0.793;
3282, -0.792;
3283, -0.792;
3284, -0.792;
3285, -0.791;
3286, -0.791;
3287, -0.791;
3288, -0.79;
3289, -0.79;
3290, -0.79;
3291, -0.789;
3292, -0.789;
3293, -0.789;
3294, -0.788;
3295, -0.788;
3296, -0.788;
3297, -0.787;
3298, -0.787;
3299, -0.786;
3300, -0.786;
3301, -0.785;
3302, -0.785;
3303, -0.785;
3304, -0.784;
3305, -0.784;
3306, -0.783;
3307, -0.783;
3308, -0.782;
3309, -0.782;
3310, -0.781;
3311, -0.781;
3312, -0.78;
3313, -0.78;
3314, -0.779;
3315, -0.779;
3316, -0.778;
3317, -0.777;
3318, -0.777;
3319, -0.776;
3320, -0.776;
3321, -0.775;
3322, -0.774;
3323, -0.774;
3324, -0.773;
3325, -0.773;
3326, -0.772;
3327, -0.771;
3328, -0.771;
3329, -0.77;
3330, -0.769;
3331, -0.769;
3332, -0.768;
3333, -0.767;
3334, -0.766;
3335, -0.766;
3336, -0.765;
3337, -0.764;
3338, -0.763;
3339, -0.763;
3340, -0.762;
3341, -0.761;
3342, -0.76;
3343, -0.76;
3344, -0.759;
3345, -0.758;
3346, -0.757;
3347, -0.756;
3348, -0.755;
3349, -0.755;
3350, -0.754;
3351, -0.753;
3352, -0.752;
3353, -0.751;
3354, -0.75;
3355, -0.749;
3356, -0.748;
3357, -0.747;
3358, -0.747;
3359, -0.746;
3360, -0.745;
3361, -0.744;
3362, -0.743;
3363, -0.742;
3364, -0.741;
3365, -0.74;
3366, -0.739;
3367, -0.738;
3368, -0.737;
3369, -0.736;
3370, -0.735;
3371, -0.734;
3372, -0.733;
3373, -0.731;
3374, -0.73;
3375, -0.729;
3376, -0.728;
3377, -0.727;
3378, -0.726;
3379, -0.725;
3380, -0.724;
3381, -0.723;
3382, -0.721;
3383, -0.72;
3384, -0.719;
3385, -0.718;
3386, -0.717;
3387, -0.715;
3388, -0.714;
3389, -0.713;
3390, -0.712;
3391, -0.711;
3392, -0.709;
3393, -0.708;
3394, -0.707;
3395, -0.705;
3396, -0.704;
3397, -0.703;
3398, -0.702;
3399, -0.7;
3400, -0.699;
3401, -0.698;
3402, -0.696;
3403, -0.695;
3404, -0.693;
3405, -0.692;
3406, -0.691;
3407, -0.689;
3408, -0.688;
3409, -0.686;
3410, -0.685;
3411, -0.684;
3412, -0.682;
3413, -0.681;
3414, -0.679;
3415, -0.678;
3416, -0.676;
3417, -0.675;
3418, -0.673;
3419, -0.672;
3420, -0.67;
3421, -0.669;
3422, -0.667;
3423, -0.666;
3424, -0.664;
3425, -0.662;
3426, -0.661;
3427, -0.659;
3428, -0.658;
3429, -0.656;
3430, -0.654;
3431, -0.653;
3432, -0.651;
3433, -0.649;
3434, -0.648;
3435, -0.646;
3436, -0.644;
3437, -0.643;
3438, -0.641;
3439, -0.639;
3440, -0.637;
3441, -0.636;
3442, -0.634;
3443, -0.632;
3444, -0.63;
3445, -0.629;
3446, -0.627;
3447, -0.625;
3448, -0.623;
3449, -0.621;
3450, -0.62;
3451, -0.618;
3452, -0.616;
3453, -0.614;
3454, -0.612;
3455, -0.61;
3456, -0.608;
3457, -0.606;
3458, -0.604;
3459, -0.602;
3460, -0.601;
3461, -0.599;
3462, -0.597;
3463, -0.595;
3464, -0.593;
3465, -0.591;
3466, -0.589;
3467, -0.587;
3468, -0.585;
3469, -0.583;
3470, -0.58;
3471, -0.578;
3472, -0.576;
3473, -0.574;
3474, -0.572;
3475, -0.57;
3476, -0.568;
3477, -0.566;
3478, -0.564;
3479, -0.561;
3480, -0.559;
3481, -0.557;
3482, -0.555;
3483, -0.553;
3484, -0.551;
3485, -0.548;
3486, -0.546;
3487, -0.544;
3488, -0.542;
3489, -0.539;
3490, -0.537;
3491, -0.535;
3492, -0.533;
3493, -0.53;
3494, -0.528;
3495, -0.526;
3496, -0.523;
3497, -0.521;
3498, -0.518;
3499, -0.516;
3500, -0.514;
3501, -0.511;
3502, -0.509;
3503, -0.507;
3504, -0.504;
3505, -0.502;
3506, -0.499;
3507, -0.497;
3508, -0.494;
3509, -0.492;
3510, -0.489;
3511, -0.487;
3512, -0.484;
3513, -0.482;
3514, -0.479;
3515, -0.477;
3516, -0.474;
3517, -0.471;
3518, -0.469;
3519, -0.466;
3520, -0.464;
3521, -0.461;
3522, -0.458;
3523, -0.456;
3524, -0.453;
3525, -0.45;
3526, -0.448;
3527, -0.445;
3528, -0.442;
3529, -0.44;
3530, -0.437;
3531, -0.434;
3532, -0.431;
3533, -0.429;
3534, -0.426;
3535, -0.423;
3536, -0.42;
3537, -0.417;
3538, -0.415;
3539, -0.412;
3540, -0.409;
3541, -0.406;
3542, -0.403;
3543, -0.4;
3544, -0.397;
3545, -0.394;
3546, -0.391;
3547, -0.389;
3548, -0.386;
3549, -0.383;
3550, -0.38;
3551, -0.377;
3552, -0.374;
3553, -0.371;
3554, -0.368;
3555, -0.365;
3556, -0.362;
3557, -0.359;
3558, -0.355;
3559, -0.352;
3560, -0.349;
3561, -0.346;
3562, -0.343;
3563, -0.34;
3564, -0.337;
3565, -0.334;
3566, -0.33;
3567, -0.327;
3568, -0.324;
3569, -0.321;
3570, -0.318;
3571, -0.314;
3572, -0.311;
3573, -0.308;
3574, -0.305;
3575, -0.301;
3576, -0.298;
3577, -0.295;
3578, -0.292;
3579, -0.288;
3580, -0.285;
3581, -0.282;
3582, -0.278;
3583, -0.275;
3584, -0.271;
3585, -0.268;
3586, -0.265;
3587, -0.261;
3588, -0.258;
3589, -0.254;
3590, -0.251;
3591, -0.247;
3592, -0.244;
3593, -0.24;
3594, -0.237;
3595, -0.233;
3596, -0.23;
3597, -0.226;
3598, -0.223;
3599, -0.219;
3600, -0.215;
3601, -0.212;
3602, -0.208;
3603, -0.205;
3604, -0.201;
3605, -0.197;
3606, -0.194;
3607, -0.19;
3608, -0.186;
3609, -0.183;
3610, -0.179;
3611, -0.175;
3612, -0.171;
3613, -0.168;
3614, -0.164;
3615, -0.16;
3616, -0.156;
3617, -0.152;
3618, -0.149;
3619, -0.145;
3620, -0.141;
3621, -0.137;
3622, -0.133;
3623, -0.129;
3624, -0.125;
3625, -0.121;
3626, -0.118;
3627, -0.114;
3628, -0.11;
3629, -0.106;
3630, -0.102;
3631, -0.098;
3632, -0.094;
3633, -0.09;
3634, -0.086;
3635, -0.082;
3636, -0.078;
3637, -0.073;
3638, -0.069;
3639, -0.065;
3640, -0.061;
3641, -0.057;
3642, -0.053;
3643, -0.049;
3644, -0.045;
3645, -0.04;
3646, -0.036;
3647, -0.032;
3648, -0.028;
3649, -0.024;
3650, -0.019;
3651, -0.015;
3652, -0.011;
3653, -0.006;
3654, -0.002;
3655, 0.002;
3656, 0.007;
3657, 0.011;
3658, 0.015;
3659, 0.02;
3660, 0.024;
3661, 0.028;
3662, 0.033;
3663, 0.037;
3664, 0.042;
3665, 0.046;
3666, 0.051;
3667, 0.055;
3668, 0.06;
3669, 0.064;
3670, 0.069;
3671, 0.073;
3672, 0.078;
3673, 0.082;
3674, 0.087;
3675, 0.091;
3676, 0.096;
3677, 0.101;
3678, 0.105;
3679, 0.11;
3680, 0.115;
3681, 0.119;
3682, 0.124;
3683, 0.129;
3684, 0.133;
3685, 0.138;
3686, 0.143;
3687, 0.152;
3688, 0.162;
3689, 0.172;
3690, 0.181;
3691, 0.191;
3692, 0.201;
3693, 0.21;
3694, 0.22;
3695, 0.23;
3696, 0.239;
3697, 0.249;
3698, 0.259;
3699, 0.268;
3700, 0.278;
3701, 0.288;
3702, 0.298;
3703, 0.307;
3704, 0.317;
3705, 0.327;
3706, 0.337;
3707, 0.346;
3708, 0.356;
3709, 0.366;
3710, 0.376;
3711, 0.386;
3712, 0.395;
3713, 0.405;
3714, 0.415;
3715, 0.425;
3716, 0.434;
3717, 0.444;
3718, 0.454;
3719, 0.464;
3720, 0.474;
3721, 0.483;
3722, 0.493;
3723, 0.503;
3724, 0.513;
3725, 0.522;
3726, 0.532;
3727, 0.542;
3728, 0.551;
3729, 0.561;
3730, 0.571;
3731, 0.581;
3732, 0.59;
3733, 0.6;
3734, 0.61;
3735, 0.619;
3736, 0.629;
3737, 0.639;
3738, 0.648;
3739, 0.658;
3740, 0.667;
3741, 0.677;
3742, 0.687;
3743, 0.696;
3744, 0.706;
3745, 0.715;
3746, 0.725;
3747, 0.734;
3748, 0.744;
3749, 0.753;
3750, 0.762;
3751, 0.772;
3752, 0.781;
3753, 0.791;
3754, 0.8;
3755, 0.804;
3756, 0.808;
3757, 0.812;
3758, 0.816;
3759, 0.82;
3760, 0.824;
3761, 0.828;
3762, 0.832;
3763, 0.836;
3764, 0.84;
3765, 0.844;
3766, 0.848;
3767, 0.852;
3768, 0.856;
3769, 0.86;
3770, 0.864;
3771, 0.867;
3772, 0.871;
3773, 0.875;
3774, 0.879;
3775, 0.882;
3776, 0.886;
3777, 0.89;
3778, 0.893;
3779, 0.897;
3780, 0.901;
3781, 0.904;
3782, 0.908;
3783, 0.911;
3784, 0.915;
3785, 0.918;
3786, 0.922;
3787, 0.925;
3788, 0.929;
3789, 0.932;
3790, 0.936;
3791, 0.939;
3792, 0.942;
3793, 0.946;
3794, 0.949;
3795, 0.952;
3796, 0.956;
3797, 0.959;
3798, 0.962;
3799, 0.965;
3800, 0.969;
3801, 0.972;
3802, 0.975;
3803, 0.978;
3804, 0.981;
3805, 0.984;
3806, 0.987;
3807, 0.99;
3808, 0.994;
3809, 0.997;
3810, 1.0;
3811, 1.003;
3812, 1.006;
3813, 1.009;
3814, 1.011;
3815, 1.014;
3816, 1.017;
3817, 1.02;
3818, 1.023;
3819, 1.026;
3820, 1.029;
3821, 1.031;
3822, 1.034;
3823, 1.037;
3824, 1.04;
3825, 1.043;
3826, 1.045;
3827, 1.048;
3828, 1.051;
3829, 1.053;
3830, 1.056;
3831, 1.058;
3832, 1.061;
3833, 1.064;
3834, 1.066;
3835, 1.069;
3836, 1.071;
3837, 1.074;
3838, 1.076;
3839, 1.079;
3840, 1.081;
3841, 1.084;
3842, 1.086;
3843, 1.088;
3844, 1.091;
3845, 1.093;
3846, 1.096;
3847, 1.098;
3848, 1.1;
3849, 1.102;
3850, 1.105;
3851, 1.107;
3852, 1.109;
3853, 1.111;
3854, 1.114;
3855, 1.116;
3856, 1.118;
3857, 1.12;
3858, 1.122;
3859, 1.124;
3860, 1.126;
3861, 1.128;
3862, 1.131;
3863, 1.133;
3864, 1.135;
3865, 1.137;
3866, 1.139;
3867, 1.141;
3868, 1.143;
3869, 1.144;
3870, 1.146;
3871, 1.148;
3872, 1.15;
3873, 1.152;
3874, 1.154;
3875, 1.156;
3876, 1.158;
3877, 1.159;
3878, 1.161;
3879, 1.163;
3880, 1.165;
3881, 1.166;
3882, 1.168;
3883, 1.17;
3884, 1.171;
3885, 1.173;
3886, 1.175;
3887, 1.176;
3888, 1.178;
3889, 1.18;
3890, 1.181;
3891, 1.183;
3892, 1.184;
3893, 1.186;
3894, 1.187;
3895, 1.189;
3896, 1.19;
3897, 1.192;
3898, 1.193;
3899, 1.195;
3900, 1.196;
3901, 1.197;
3902, 1.199;
3903, 1.2;
3904, 1.202;
3905, 1.203;
3906, 1.204;
3907, 1.205;
3908, 1.207;
3909, 1.208;
3910, 1.209;
3911, 1.211;
3912, 1.212;
3913, 1.213;
3914, 1.214;
3915, 1.215;
3916, 1.216;
3917, 1.218;
3918, 1.219;
3919, 1.22;
3920, 1.221;
3921, 1.222;
3922, 1.223;
3923, 1.224;
3924, 1.225;
3925, 1.226;
3926, 1.227;
3927, 1.228;
3928, 1.229;
3929, 1.23;
3930, 1.231;
3931, 1.232;
3932, 1.233;
3933, 1.234;
3934, 1.235;
3935, 1.236;
3936, 1.236;
3937, 1.237;
3938, 1.238;
3939, 1.239;
3940, 1.24;
3941, 1.24;
3942, 1.241;
3943, 1.242;
3944, 1.243;
3945, 1.243;
3946, 1.244;
3947, 1.245;
3948, 1.246;
3949, 1.246;
3950, 1.247;
3951, 1.247;
3952, 1.248;
3953, 1.249;
3954, 1.249;
3955, 1.25;
3956, 1.25;
3957, 1.251;
3958, 1.252;
3959, 1.252;
3960, 1.253;
3961, 1.253;
3962, 1.254;
3963, 1.254;
3964, 1.254;
3965, 1.255;
3966, 1.255;
3967, 1.256;
3968, 1.256;
3969, 1.256;
3970, 1.257;
3971, 1.257;
3972, 1.258;
3973, 1.258;
3974, 1.258;
3975, 1.258;
3976, 1.259;
3977, 1.259;
3978, 1.259;
3979, 1.26;
3980, 1.26;
3981, 1.26;
3982, 1.26;
3983, 1.26;
3984, 1.261;
3985, 1.261;
3986, 1.261;
3987, 1.261;
3988, 1.261;
3989, 1.261;
3990, 1.261;
3991, 1.261;
3992, 1.261;
3993, 1.262;
3994, 1.262;
3995, 1.262;
3996, 1.262;
3997, 1.262;
3998, 1.262;
3999, 1.262;
4000, 1.262;
4001, 1.262;
4002, 1.261;
4003, 1.261;
4004, 1.261;
4005, 1.261;
4006, 1.261;
4007, 1.261;
4008, 1.261;
4009, 1.261;
4010, 1.261;
4011, 1.26;
4012, 1.26;
4013, 1.26;
4014, 1.26;
4015, 1.26;
4016, 1.259;
4017, 1.259;
4018, 1.259;
4019, 1.259;
4020, 1.258;
4021, 1.258;
4022, 1.258;
4023, 1.257;
4024, 1.257;
4025, 1.257;
4026, 1.256;
4027, 1.256;
4028, 1.256;
4029, 1.255;
4030, 1.255;
4031, 1.254;
4032, 1.254;
4033, 1.254;
4034, 1.253;
4035, 1.253;
4036, 1.252;
4037, 1.252;
4038, 1.251;
4039, 1.251;
4040, 1.25;
4041, 1.25;
4042, 1.249;
4043, 1.249;
4044, 1.248;
4045, 1.247;
4046, 1.247;
4047, 1.246;
4048, 1.246;
4049, 1.245;
4050, 1.244;
4051, 1.244;
4052, 1.243;
4053, 1.243;
4054, 1.242;
4055, 1.241;
4056, 1.24;
4057, 1.24;
4058, 1.239;
4059, 1.238;
4060, 1.238;
4061, 1.237;
4062, 1.236;
4063, 1.235;
4064, 1.235;
4065, 1.234;
4066, 1.233;
4067, 1.232;
4068, 1.231;
4069, 1.231;
4070, 1.23;
4071, 1.229;
4072, 1.228;
4073, 1.227;
4074, 1.226;
4075, 1.225;
4076, 1.224;
4077, 1.224;
4078, 1.223;
4079, 1.222;
4080, 1.221;
4081, 1.22;
4082, 1.219;
4083, 1.218;
4084, 1.217;
4085, 1.216;
4086, 1.215;
4087, 1.214;
4088, 1.213;
4089, 1.212;
4090, 1.211;
4091, 1.21;
4092, 1.209;
4093, 1.208;
4094, 1.207;
4095, 1.205;
4096, 1.204;
4097, 1.203;
4098, 1.202;
4099, 1.201;
4100, 1.2;
4101, 1.199;
4102, 1.198;
4103, 1.196;
4104, 1.195;
4105, 1.194;
4106, 1.193;
4107, 1.192;
4108, 1.19;
4109, 1.189;
4110, 1.188;
4111, 1.187;
4112, 1.186;
4113, 1.184;
4114, 1.183;
4115, 1.182;
4116, 1.181;
4117, 1.179;
4118, 1.178;
4119, 1.177;
4120, 1.175;
4121, 1.174;
4122, 1.173;
4123, 1.171;
4124, 1.17;
4125, 1.169;
4126, 1.167;
4127, 1.166;
4128, 1.165;
4129, 1.163;
4130, 1.162;
4131, 1.16;
4132, 1.159;
4133, 1.158;
4134, 1.156;
4135, 1.155;
4136, 1.153;
4137, 1.152;
4138, 1.15;
4139, 1.149;
4140, 1.147;
4141, 1.146;
4142, 1.144;
4143, 1.143;
4144, 1.141;
4145, 1.14;
4146, 1.138;
4147, 1.137;
4148, 1.135;
4149, 1.134;
4150, 1.132;
4151, 1.131;
4152, 1.129;
4153, 1.128;
4154, 1.126;
4155, 1.124;
4156, 1.123;
4157, 1.121;
4158, 1.12;
4159, 1.118;
4160, 1.116;
4161, 1.115;
4162, 1.113;
4163, 1.111;
4164, 1.11;
4165, 1.108;
4166, 1.106;
4167, 1.105;
4168, 1.103;
4169, 1.101;
4170, 1.1;
4171, 1.098;
4172, 1.096;
4173, 1.095;
4174, 1.093;
4175, 1.091;
4176, 1.089;
4177, 1.088;
4178, 1.086;
4179, 1.084;
4180, 1.082;
4181, 1.081;
4182, 1.079;
4183, 1.077;
4184, 1.075;
4185, 1.073;
4186, 1.072;
4187, 1.07;
4188, 1.068;
4189, 1.066;
4190, 1.064;
4191, 1.063;
4192, 1.061;
4193, 1.059;
4194, 1.057;
4195, 1.055;
4196, 1.053;
4197, 1.051;
4198, 1.05;
4199, 1.048;
4200, 1.046;
4201, 1.044;
4202, 1.042;
4203, 1.04;
4204, 1.038;
4205, 1.036;
4206, 1.034;
4207, 1.032;
4208, 1.03;
4209, 1.029;
4210, 1.027;
4211, 1.025;
4212, 1.023;
4213, 1.021;
4214, 1.019;
4215, 1.017;
4216, 1.015;
4217, 1.013;
4218, 1.011;
4219, 1.009;
4220, 1.007;
4221, 1.005;
4222, 1.003;
4223, 1.001;
4224, 0.999;
4225, 0.997;
4226, 0.995;
4227, 0.993;
4228, 0.991;
4229, 0.989;
4230, 0.987;
4231, 0.985;
4232, 0.983;
4233, 0.981;
4234, 0.978;
4235, 0.976;
4236, 0.974;
4237, 0.972;
4238, 0.97;
4239, 0.968;
4240, 0.966;
4241, 0.964;
4242, 0.962;
4243, 0.96;
4244, 0.958;
4245, 0.955;
4246, 0.953;
4247, 0.951;
4248, 0.949;
4249, 0.947;
4250, 0.945;
4251, 0.943;
4252, 0.941;
4253, 0.938;
4254, 0.936;
4255, 0.934;
4256, 0.932;
4257, 0.93;
4258, 0.928;
4259, 0.925;
4260, 0.923;
4261, 0.921;
4262, 0.919;
4263, 0.917;
4264, 0.915;
4265, 0.912;
4266, 0.91;
4267, 0.908;
4268, 0.906;
4269, 0.904;
4270, 0.901;
4271, 0.899;
4272, 0.897;
4273, 0.895;
4274, 0.893;
4275, 0.89;
4276, 0.888;
4277, 0.886;
4278, 0.884;
4279, 0.881;
4280, 0.879;
4281, 0.877;
4282, 0.875;
4283, 0.872;
4284, 0.87;
4285, 0.868;
4286, 0.866;
4287, 0.863;
4288, 0.861;
4289, 0.859;
4290, 0.857;
4291, 0.854;
4292, 0.852;
4293, 0.85;
4294, 0.848;
4295, 0.845;
4296, 0.843;
4297, 0.841;
4298, 0.838;
4299, 0.836;
4300, 0.834;
4301, 0.832;
4302, 0.829;
4303, 0.827;
4304, 0.825;
4305, 0.822;
4306, 0.82;
4307, 0.818;
4308, 0.815;
4309, 0.813;
4310, 0.811;
4311, 0.809;
4312, 0.806;
4313, 0.804;
4314, 0.802;
4315, 0.799;
4316, 0.797;
4317, 0.795;
4318, 0.792;
4319, 0.79;
4320, 0.788;
4321, 0.785;
4322, 0.783;
4323, 0.781;
4324, 0.778;
4325, 0.776;
4326, 0.774;
4327, 0.771;
4328, 0.769;
4329, 0.767;
4330, 0.764;
4331, 0.762;
4332, 0.76;
4333, 0.757;
4334, 0.755;
4335, 0.752;
4336, 0.75;
4337, 0.748;
4338, 0.745;
4339, 0.743;
4340, 0.741;
4341, 0.738;
4342, 0.736;
4343, 0.734;
4344, 0.731;
4345, 0.729;
4346, 0.727;
4347, 0.724;
4348, 0.722;
4349, 0.719;
4350, 0.717;
4351, 0.715;
4352, 0.712;
4353, 0.71;
4354, 0.708;
4355, 0.705;
4356, 0.703;
4357, 0.701;
4358, 0.698;
4359, 0.696;
4360, 0.693;
4361, 0.691;
4362, 0.689;
4363, 0.686;
4364, 0.684;
4365, 0.682;
4366, 0.679;
4367, 0.677;
4368, 0.675;
4369, 0.672;
4370, 0.67;
4371, 0.667;
4372, 0.665;
4373, 0.663;
4374, 0.66;
4375, 0.658;
4376, 0.656;
4377, 0.653;
4378, 0.651;
4379, 0.648;
4380, 0.646;
4381, 0.644;
4382, 0.641;
4383, 0.639;
4384, 0.637;
4385, 0.634;
4386, 0.632;
4387, 0.63;
4388, 0.627;
4389, 0.625;
4390, 0.623;
4391, 0.62;
4392, 0.618;
4393, 0.615;
4394, 0.613;
4395, 0.611;
4396, 0.608;
4397, 0.606;
4398, 0.604;
4399, 0.601;
4400, 0.599;
4401, 0.597;
4402, 0.594;
4403, 0.592;
4404, 0.59;
4405, 0.587;
4406, 0.585;
4407, 0.583;
4408, 0.58;
4409, 0.578;
4410, 0.576;
4411, 0.573;
4412, 0.571;
4413, 0.569;
4414, 0.566;
4415, 0.564;
4416, 0.562;
4417, 0.559;
4418, 0.557;
4419, 0.555;
4420, 0.552;
4421, 0.55;
4422, 0.548;
4423, 0.545;
4424, 0.543;
4425, 0.541;
4426, 0.538;
4427, 0.536;
4428, 0.534;
4429, 0.531;
4430, 0.529;
4431, 0.527;
4432, 0.525;
4433, 0.522;
4434, 0.52;
4435, 0.518;
4436, 0.515;
4437, 0.513;
4438, 0.511;
4439, 0.509;
4440, 0.506;
4441, 0.504;
4442, 0.502;
4443, 0.5;
4444, 0.497;
4445, 0.495;
4446, 0.493;
4447, 0.49;
4448, 0.488;
4449, 0.486;
4450, 0.484;
4451, 0.481;
4452, 0.479;
4453, 0.477;
4454, 0.475;
4455, 0.473;
4456, 0.47;
4457, 0.468;
4458, 0.466;
4459, 0.464;
4460, 0.461;
4461, 0.459;
4462, 0.457;
4463, 0.455;
4464, 0.453;
4465, 0.45;
4466, 0.448;
4467, 0.446;
4468, 0.444;
4469, 0.442;
4470, 0.439;
4471, 0.437;
4472, 0.435;
4473, 0.433;
4474, 0.431;
4475, 0.429;
4476, 0.426;
4477, 0.424;
4478, 0.422;
4479, 0.42;
4480, 0.418;
4481, 0.416;
4482, 0.414;
4483, 0.411;
4484, 0.409;
4485, 0.407;
4486, 0.405;
4487, 0.403;
4488, 0.401;
4489, 0.399;
4490, 0.397;
4491, 0.394;
4492, 0.392;
4493, 0.39;
4494, 0.388;
4495, 0.386;
4496, 0.384;
4497, 0.382;
4498, 0.38;
4499, 0.378;
4500, 0.376;
4501, 0.374;
4502, 0.372;
4503, 0.37;
4504, 0.368;
4505, 0.366;
4506, 0.364;
4507, 0.361;
4508, 0.359;
4509, 0.357;
4510, 0.355;
4511, 0.353;
4512, 0.351;
4513, 0.349;
4514, 0.347;
4515, 0.345;
4516, 0.343;
4517, 0.341;
4518, 0.34;
4519, 0.338;
4520, 0.336;
4521, 0.334;
4522, 0.332;
4523, 0.33;
4524, 0.328;
4525, 0.326;
4526, 0.324;
4527, 0.322;
4528, 0.32;
4529, 0.318;
4530, 0.316;
4531, 0.314;
4532, 0.312;
4533, 0.311;
4534, 0.309;
4535, 0.307;
4536, 0.305;
4537, 0.303;
4538, 0.301;
4539, 0.299;
4540, 0.298;
4541, 0.296;
4542, 0.294;
4543, 0.292;
4544, 0.29;
4545, 0.288;
4546, 0.287;
4547, 0.285;
4548, 0.283;
4549, 0.281;
4550, 0.279;
4551, 0.278;
4552, 0.276;
4553, 0.274;
4554, 0.272;
4555, 0.271;
4556, 0.269;
4557, 0.267;
4558, 0.265;
4559, 0.264;
4560, 0.262;
4561, 0.26;
4562, 0.259;
4563, 0.257;
4564, 0.255;
4565, 0.253;
4566, 0.252;
4567, 0.25;
4568, 0.248;
4569, 0.247;
4570, 0.245;
4571, 0.243;
4572, 0.242;
4573, 0.24;
4574, 0.239;
4575, 0.237;
4576, 0.235;
4577, 0.234;
4578, 0.232;
4579, 0.231;
4580, 0.229;
4581, 0.227;
4582, 0.226;
4583, 0.224;
4584, 0.223;
4585, 0.221;
4586, 0.22;
4587, 0.218;
4588, 0.217;
4589, 0.215;
4590, 0.214;
4591, 0.212;
4592, 0.211;
4593, 0.209;
4594, 0.208;
4595, 0.206;
4596, 0.205;
4597, 0.203;
4598, 0.202;
4599, 0.2;
4600, 0.199;
4601, 0.198;
4602, 0.196;
4603, 0.195;
4604, 0.193;
4605, 0.192;
4606, 0.191;
4607, 0.189;
4608, 0.188;
4609, 0.187;
4610, 0.185;
4611, 0.184;
4612, 0.183;
4613, 0.181;
4614, 0.18;
4615, 0.179;
4616, 0.177;
4617, 0.176;
4618, 0.175;
4619, 0.174;
4620, 0.172;
4621, 0.171;
4622, 0.17;
4623, 0.169;
4624, 0.167;
4625, 0.166;
4626, 0.165;
4627, 0.164;
4628, 0.163;
4629, 0.161;
4630, 0.16;
4631, 0.159;
4632, 0.158;
4633, 0.157;
4634, 0.156;
4635, 0.155;
4636, 0.153;
4637, 0.152;
4638, 0.151;
4639, 0.15;
4640, 0.149;
4641, 0.148;
4642, 0.147;
4643, 0.146;
4644, 0.145;
4645, 0.144;
4646, 0.143;
4647, 0.142;
4648, 0.142;
4649, 0.141;
4650, 0.14;
4651, 0.14;
4652, 0.139;
4653, 0.139;
4654, 0.138;
4655, 0.137;
4656, 0.137;
4657, 0.136;
4658, 0.136;
4659, 0.135;
4660, 0.135;
4661, 0.134;
4662, 0.134;
4663, 0.133;
4664, 0.133;
4665, 0.132;
4666, 0.132;
4667, 0.132;
4668, 0.131;
4669, 0.131;
4670, 0.13;
4671, 0.13;
4672, 0.13;
4673, 0.129;
4674, 0.129;
4675, 0.128;
4676, 0.128;
4677, 0.128;
4678, 0.127;
4679, 0.127;
4680, 0.127;
4681, 0.127;
4682, 0.126;
4683, 0.126;
4684, 0.126;
4685, 0.126;
4686, 0.125;
4687, 0.125;
4688, 0.125;
4689, 0.125;
4690, 0.125;
4691, 0.124;
4692, 0.124;
4693, 0.124;
4694, 0.124;
4695, 0.124;
4696, 0.124;
4697, 0.124;
4698, 0.123;
4699, 0.123;
4700, 0.123;
4701, 0.123;
4702, 0.123;
4703, 0.123;
4704, 0.123;
4705, 0.123;
4706, 0.123;
4707, 0.123;
4708, 0.123;
4709, 0.123;
4710, 0.123;
4711, 0.123;
4712, 0.123;
4713, 0.123;
4714, 0.124;
4715, 0.124;
4716, 0.124;
4717, 0.124;
4718, 0.124;
4719, 0.124;
4720, 0.124;
4721, 0.125;
4722, 0.125;
4723, 0.125;
4724, 0.125;
4725, 0.125;
4726, 0.126;
4727, 0.126;
4728, 0.126;
4729, 0.126;
4730, 0.127;
4731, 0.127;
4732, 0.127;
4733, 0.128;
4734, 0.128;
4735, 0.128;
4736, 0.129;
4737, 0.129;
4738, 0.129;
4739, 0.13;
4740, 0.13;
4741, 0.131;
4742, 0.131;
4743, 0.132;
4744, 0.132;
4745, 0.133;
4746, 0.133;
4747, 0.134;
4748, 0.134;
4749, 0.135;
4750, 0.135;
4751, 0.136;
4752, 0.136;
4753, 0.137;
4754, 0.138;
4755, 0.138;
4756, 0.139;
4757, 0.139;
4758, 0.14;
4759, 0.141;
4760, 0.141;
4761, 0.142;
4762, 0.143;
4763, 99999;
