0.0
0.077
0.152
0.224
0.295
0.364
0.43
0.495
0.558
0.618
0.677
0.734
0.789
0.843
0.894
0.944
0.992
1.038
1.083
1.125
1.166
1.206
1.244
1.28
1.315
1.348
1.379
1.409
1.438
1.465
1.491
1.515
1.538
1.559
1.579
1.598
1.616
1.632
1.647
1.661
1.673
1.685
1.695
1.704
1.712
1.719
1.725
1.729
1.733
1.736
1.738
1.738
1.738
1.737
1.735
1.733
1.729
1.725
1.72
1.714
1.707
1.699
1.691
1.683
1.673
1.663
1.652
1.641
1.629
1.617
1.604
1.591
1.577
1.563
1.548
1.533
1.518
1.502
1.486
1.47
1.453
1.436
1.419
1.402
1.384
1.367
1.349
1.331
1.313
1.295
1.277
1.259
1.24
1.222
1.204
1.186
1.168
1.151
1.133
1.116
1.098
1.081
1.064
1.048
1.032
1.016
1.0
0.974
0.948
0.923
0.899
0.874
0.85
0.827
0.804
0.782
0.76
0.739
0.718
0.698
0.679
0.661
0.643
0.626
0.609
0.593
0.579
0.565
0.551
0.539
0.528
0.517
0.508
0.499
0.491
0.485
0.479
0.474
0.471
0.468
0.467
0.467
0.468
0.47
0.474
0.478
0.484
0.491
0.5
0.534
0.568
0.604
0.64
0.677
0.715
0.752
0.789
0.826
0.863
0.899
0.934
0.967
1.0
1.013
1.025
1.036
1.045
1.053
1.059
1.065
1.07
1.073
1.076
1.077
1.078
1.078
1.077
1.076
1.074
1.071
1.068
1.065
1.061
1.057
1.052
1.048
1.043
1.038
1.033
1.028
1.023
1.019
1.014
1.01
1.006
1.003
1.0
0.995
0.991
0.987
0.983
0.98
0.977
0.974
0.972
0.969
0.967
0.965
0.962
0.96
0.958
0.955
0.952
0.949
0.946
0.942
0.938
0.934
0.929
0.924
0.918
0.911
0.904
0.896
0.888
0.878
0.868
0.857
0.841
0.824
0.806
0.788
0.769
0.749
0.729
0.708
0.687
0.666
0.644
0.623
0.601
0.579
0.558
0.536
0.515
0.494
0.474
0.454
0.434
0.415
0.397
0.379
0.362
0.346
0.331
0.317
0.304
0.292
0.281
0.272
0.264
0.257
0.252
0.249
0.247
0.247
0.248
0.252
0.257
0.265
0.274
0.286
0.33
0.376
0.423
0.471
0.52
0.569
0.618
0.667
0.714
0.74
0.764
0.786
0.808
0.828
0.847
0.865
0.882
0.898
0.912
0.926
0.938
0.95
0.96
0.97
0.979
0.987
0.994
1.0
1.006
1.011
1.015
1.019
1.022
1.025
1.027
1.028
1.029
1.029
1.029
1.029
1.029
1.028
1.026
1.025
1.023
1.021
1.019
1.017
1.015
1.013
1.01
1.008
1.006
1.004
1.002
1.0
0.995
0.991
0.986
0.982
0.978
0.974
0.971
0.967
0.964
0.961
0.958
0.955
0.952
0.949
0.947
0.945
0.943
0.941
0.939
0.937
0.935
0.934
0.933
0.931
0.93
0.929
0.928
0.928
0.927
0.926
0.926
0.926
0.925
0.925
0.925
0.925
0.925
0.926
0.926
0.926
0.927
0.927
0.928
0.929
0.929
0.93
0.931
0.932
0.933
0.934
0.935
0.936
0.938
0.939
0.94
0.941
0.943
0.944
0.946
0.947
0.949
0.95
0.952
0.953
0.955
0.956
0.958
0.96
0.961
0.963
0.965
0.966
0.968
0.969
0.971
0.973
0.974
0.976
0.977
0.979
0.98
0.982
0.983
0.984
0.986
0.987
0.988
0.99
0.991
0.992
0.993
0.994
0.995
0.996
0.997
0.998
0.998
0.999
0.999
1.0
1.0
1.001
1.001
1.001
1.001
1.001
1.001
1.001
1.0
1.0
0.998
0.997
0.995
0.993
0.991
0.989
0.987
0.985
0.982
0.98
0.977
0.974
0.972
0.969
0.966
0.963
0.96
0.957
0.954
0.95
0.947
0.944
0.94
0.937
0.933
0.93
0.926
0.922
0.919
0.915
0.911
0.907
0.904
0.9
0.896
0.892
0.888
0.884
0.881
0.877
0.873
0.869
0.865
0.861
0.858
0.854
0.85
0.846
0.843
0.839
0.835
0.832
0.828
0.825
0.821
0.818
0.815
0.811
0.808
0.805
0.802
0.799
0.796
0.793
0.79
0.788
0.785
0.783
0.78
0.778
0.776
0.774
0.772
0.77
0.768
0.767
0.765
0.764
0.762
0.761
0.76
0.759
0.759
0.758
0.758
0.757
0.757
0.757
0.758
0.758
0.758
0.759
0.76
0.761
0.762
0.764
0.765
0.767
0.769
0.771
0.774
0.776
0.779
0.782
0.785
0.788
0.792
0.796
0.8
0.81
0.82
0.83
0.84
0.85
0.861
0.871
0.881
0.891
0.902
0.911
0.921
0.931
0.94
0.949
0.958
0.966
0.974
0.981
0.988
0.994
1.0
0.998
0.996
0.993
0.989
0.985
0.98
0.975
0.97
0.964
0.958
0.952
0.945
0.938
0.931
0.923
0.916
0.908
0.9
0.892
0.884
0.876
0.868
0.86
0.852
0.844
0.836
0.828
0.821
0.813
0.806
0.799
0.793
0.786
0.78
0.775
0.769
0.765
0.76
0.756
0.753
0.75
0.748
0.746
0.745
0.745
0.745
0.746
0.748
0.75
0.763
0.776
0.79
0.805
0.819
0.835
0.85
0.865
0.881
0.896
0.911
0.925
0.939
0.953
0.966
0.978
0.99
1.0
1.002
1.004
1.004
1.003
1.0
0.99
0.979
0.967
0.954
0.939
0.924
0.908
0.891
0.873
0.855
0.836
0.817
0.798
0.778
0.758
0.738
0.718
0.698
0.679
0.659
0.64
0.622
0.604
0.587
0.57
0.555
0.54
0.526
0.513
0.502
0.492
0.483
0.475
0.469
0.465
0.463
0.462
0.463
0.466
0.471
0.479
0.488
0.5
0.541
0.584
0.628
0.673
0.718
0.763
0.807
0.851
0.892
0.931
0.967
1.0
0.999
0.994
0.987
0.976
0.962
0.946
0.928
0.908
0.886
0.863
0.838
0.813
0.788
0.762
0.737
0.711
0.687
0.663
0.641
0.619
0.6
0.583
0.568
0.556
0.565
0.576
0.59
0.606
0.624
0.643
0.664
0.686
0.708
0.731
0.755
0.778
0.794
0.811
0.827
0.842
0.858
0.872
0.887
0.901
0.915
0.928
0.94
0.952
0.964
0.975
0.985
0.995
1.004
1.013
1.02
1.027
1.034
1.04
1.044
1.048
1.052
1.054
1.056
1.056
1.056
1.055
1.053
1.05
1.046
1.041
1.035
1.028
1.02
1.01
1.0
0.97
0.94
0.909
0.878
0.846
0.814
0.783
0.753
0.723
0.694
0.667
0.66
0.654
0.65
0.648
0.646
0.646
0.647
0.65
0.653
0.657
0.663
0.669
0.676
0.684
0.693
0.702
0.712
0.723
0.734
0.745
0.757
0.769
0.782
0.794
0.807
0.82
0.833
0.846
0.859
0.871
0.884
0.896
0.908
0.919
0.93
0.941
0.951
0.96
0.969
0.977
0.984
0.99
0.996
1.0
1.0
0.999
0.997
0.996
0.994
0.993
0.993
0.994
0.996
1.0
1.006
1.013
1.022
1.032
1.042
1.053
1.064
1.074
1.084
1.093
1.1
1.106
1.11
1.111
1.11
1.106
1.098
1.087
1.072
1.053
1.029
1.0
0.949
0.893
0.835
0.774
0.713
0.653
0.594
0.538
0.485
0.438
0.396
0.362
0.337
0.321
0.315
0.322
0.341
0.375
0.5
0.556
0.606
0.65
0.689
0.722
0.75
0.773
0.791
0.805
0.814
0.82
0.821
0.819
0.813
0.804
0.792
0.777
0.76
0.741
0.719
0.695
0.67
0.644
0.616
0.587
0.557
0.527
0.497
0.466
0.436
0.405
0.376
0.347
0.319
0.293
0.267
0.244
0.222
0.214
0.207
0.202
0.2
0.199
0.2
0.202
0.206
0.212
0.219
0.228
0.238
0.249
0.262
0.276
0.29
0.306
0.323
0.341
0.359
0.378
0.398
0.419
0.44
0.461
0.483
0.505
0.528
0.55
0.573
0.596
0.619
0.642
0.665
0.687
0.709
0.731
0.753
0.774
0.794
0.814
0.833
0.846
0.859
0.87
0.881
0.891
0.901
0.91
0.918
0.926
0.933
0.94
0.946
0.952
0.957
0.962
0.966
0.97
0.974
0.977
0.98
0.982
0.984
0.986
0.988
0.989
0.991
0.992
0.992
0.993
0.994
0.994
0.994
0.995
0.995
0.995
0.995
0.995
0.996
0.996
0.996
0.997
0.997
0.998
0.999
1.0
0.999
0.999
0.999
0.999
0.999
0.999
0.999
0.999
1.0
1.0
1.0
1.001
1.001
1.001
1.001
1.002
1.002
1.002
1.002
1.002
1.003
1.003
1.003
1.003
1.003
1.003
1.003
1.003
1.003
1.003
1.003
1.003
1.003
1.002
1.002
1.002
1.002
1.001
1.001
1.0
1.0
0.999
0.999
0.998
0.998
0.997
0.996
0.996
0.995
0.994
0.993
0.993
0.992
0.991
0.99
0.989
0.989
0.988
0.987
0.986
0.985
0.984
0.984
0.983
0.982
0.981
0.98
0.98
0.979
0.978
0.978
0.977
0.977
0.976
0.976
0.975
0.975
0.974
0.974
0.974
0.974
0.974
0.974
0.974
0.974
0.974
0.974
0.974
0.975
0.975
0.976
0.976
0.977
0.978
0.979
0.98
0.981
0.982
0.983
0.985
0.986
0.988
0.99
0.991
0.993
0.995
0.998
1.0
1.002
1.005
1.007
1.009
1.01
1.01
1.009
1.008
1.005
1.0
0.983
0.965
0.946
0.925
0.903
0.88
0.857
0.833
0.808
0.783
0.758
0.733
0.708
0.684
0.66
0.636
0.613
0.591
0.571
0.551
0.532
0.515
0.5
0.505
0.512
0.521
0.531
0.542
0.555
0.568
0.583
0.599
0.615
0.633
0.651
0.669
0.689
0.708
0.728
0.748
0.768
0.788
0.808
0.829
0.848
0.868
0.887
0.905
0.923
0.94
0.957
0.972
0.987
1.0
1.004
1.007
1.009
1.01
1.011
1.01
1.009
1.006
1.003
1.0
0.993
0.986
0.979
0.971
0.963
0.954
0.946
0.938
0.929
0.921
0.912
0.904
0.897
0.889
0.882
0.876
0.87
0.865
0.86
0.856
0.853
0.851
0.85
0.85
0.851
0.854
0.857
0.87
0.884
0.898
0.913
0.928
0.942
0.956
0.968
0.979
0.988
0.994
0.999
1.0
0.988
0.973
0.955
0.934
0.911
0.886
0.859
0.831
0.8
0.769
0.736
0.703
0.669
0.634
0.6
0.565
0.531
0.497
0.464
0.432
0.401
0.371
0.343
0.317
0.293
0.271
0.251
0.234
0.22
0.21
0.202
0.198
0.198
0.202
0.21
0.223
0.24
0.262
0.289
0.321
0.359
0.403
0.453
0.509
0.571
0.714
0.784
0.846
0.901
0.95
0.993
1.03
1.061
1.087
1.108
1.124
1.135
1.143
1.147
1.147
1.144
1.138
1.129
1.118
1.105
1.09
1.073
1.055
1.036
1.017
0.998
0.978
0.958
0.939
0.921
0.904
0.889
0.872
0.857
0.843
0.831
0.82
0.811
0.803
0.797
0.791
0.787
0.784
0.782
0.781
0.781
0.781
0.783
0.785
0.788
0.792
0.796
0.801
0.806
0.812
0.817
0.824
0.83
0.836
0.843
0.85
0.856
0.863
0.869
0.875
0.881
0.887
0.892
0.897
0.902
0.907
0.911
0.915
0.919
0.923
0.926
0.929
0.932
0.935
0.938
0.94
0.942
0.944
0.946
0.948
0.949
0.95
0.951
0.952
0.953
0.953
0.954
0.954
0.954
0.954
0.954
0.953
0.953
0.952
0.951
0.951
0.95
0.949
0.947
0.946
0.945
0.943
0.942
0.94
0.938
0.937
0.935
0.933
0.931
0.929
0.927
0.925
0.923
0.921
0.918
0.916
0.914
0.912
0.909
0.907
0.905
0.902
0.9
0.898
0.896
0.893
0.891
0.889
0.887
0.885
0.883
0.881
0.879
0.877
0.875
0.873
0.871
0.87
0.868
0.867
0.865
0.864
0.863
0.861
0.86
0.86
0.859
0.858
0.858
0.857
0.858
0.86
0.861
0.863
0.864
0.866
0.868
0.87
0.872
0.874
0.877
0.879
0.881
0.884
0.887
0.889
0.892
0.895
0.898
0.901
0.904
0.907
0.91
0.913
0.916
0.919
0.922
0.926
0.929
0.932
0.936
0.939
0.942
0.945
0.949
0.952
0.955
0.959
0.962
0.965
0.968
0.971
0.974
0.977
0.98
0.983
0.986
0.989
0.992
0.995
0.997
1.0
1.001
1.002
1.003
1.004
1.005
1.006
1.006
1.007
1.008
1.008
1.009
1.009
1.009
1.01
1.01
1.01
1.01
1.01
1.01
1.01
1.01
1.01
1.01
1.01
1.01
1.01
1.009
1.009
1.009
1.008
1.008
1.008
1.007
1.007
1.006
1.006
1.005
1.005
1.004
1.004
1.003
1.003
1.002
1.002
1.001
1.001
1.0
0.999
0.999
0.998
0.998
0.997
0.997
0.997
0.996
0.996
0.996
0.995
0.995
0.995
0.995
0.995
0.995
0.995
0.995
0.996
0.996
0.996
0.997
0.997
0.998
0.999
1.0
1.001
1.002
1.003
1.005
1.006
1.007
1.009
1.01
1.012
1.013
1.014
1.015
1.016
1.017
1.018
1.019
1.019
1.02
1.02
1.02
1.02
1.019
1.018
1.017
1.016
1.014
1.012
1.01
1.007
1.004
1.0
0.991
0.981
0.971
0.96
0.95
0.939
0.927
0.916
0.904
0.892
0.88
0.867
0.855
0.843
0.83
0.817
0.805
0.792
0.78
0.767
0.755
0.743
0.73
0.719
0.707
0.695
0.684
0.673
0.662
0.652
0.642
0.632
0.623
0.614
0.606
0.598
0.59
0.583
0.577
0.571
0.577
0.584
0.591
0.598
0.607
0.616
0.626
0.636
0.648
0.66
0.673
0.687
0.701
0.717
0.733
0.75
0.773
0.796
0.82
0.844
0.868
0.891
0.913
0.934
0.953
0.971
0.987
1.0
0.991
0.98
0.967
0.951
0.934
0.915
0.894
0.872
0.849
0.825
0.8
0.774
0.747
0.721
0.696
0.673
0.652
0.633
0.618
0.607
0.6
0.625
0.653
0.685
0.72
0.757
0.794
0.833
0.87
0.906
0.941
0.972
1.0
0.999
0.994
0.985
0.973
0.958
0.941
0.922
0.901
0.878
0.855
0.83
0.806
0.781
0.758
0.735
0.713
0.692
0.674
0.658
0.645
0.635
0.628
0.625
0.65
0.678
0.709
0.742
0.775
0.809
0.843
0.875
0.895
0.914
0.93
0.945
0.957
0.968
0.978
0.985
0.992
0.997
1.0
0.99
0.978
0.965
0.952
0.938
0.923
0.908
0.893
0.878
0.863
0.848
0.833
0.823
0.813
0.803
0.794
0.786
0.778
0.77
0.763
0.756
0.749
0.742
0.736
0.73
0.724
0.718
0.713
0.707
0.702
0.696
0.691
0.685
0.679
0.673
0.667
0.661
0.655
0.648
0.641
0.634
0.626
0.618
0.61
0.601
0.592
0.582
0.571
0.557
0.542
0.527
0.512
0.496
0.481
0.466
0.451
0.437
0.424
0.412
0.4
0.403
0.406
0.411
0.417
0.423
0.431
0.439
0.448
0.458
0.469
0.48
0.492
0.504
0.517
0.53
0.544
0.558
0.572
0.587
0.602
0.617
0.632
0.647
0.663
0.678
0.693
0.708
0.723
0.738
0.753
0.767
0.781
0.795
0.808
0.821
0.833
0.84
0.846
0.851
0.856
0.86
0.864
0.867
0.87
0.873
0.875
0.877
0.879
0.88
0.881
0.882
0.883
0.883
0.883
0.883
0.883
0.883
0.883
0.882
0.882
0.881
0.88
0.88
0.879
0.879
0.878
0.878
0.877
0.877
0.877
0.877
0.877
0.878
0.879
0.88
0.881
0.882
0.884
0.886
0.889
0.893
0.897
0.902
0.907
0.912
0.917
0.922
0.928
0.934
0.939
0.945
0.951
0.956
0.962
0.967
0.972
0.977
0.982
0.987
0.991
0.995
0.998
1.001
1.004
1.006
1.007
1.008
1.009
1.008
1.007
1.006
1.003
1.0
0.982
0.964
0.945
0.924
0.903
0.881
0.858
0.834
0.809
0.782
0.755
0.727
0.697
0.667
0.64
0.613
0.585
0.556
0.527
0.498
0.469
0.44
0.412
0.384
0.358
0.333
0.309
0.286
0.266
0.247
0.231
0.217
0.206
0.197
0.192
0.19
0.191
0.197
0.206
0.219
0.237
0.259
0.286
0.367
0.452
0.539
0.627
0.714
0.76
0.804
0.847
0.888
0.927
0.964
1.0
1.034
1.067
1.097
1.127
1.154
1.18
1.204
1.227
1.248
1.268
1.286
1.302
1.317
1.33
1.342
1.352
1.361
1.368
1.374
1.378
1.381
1.382
1.382
1.381
1.378
1.373
1.367
1.36
1.351
1.341
1.33
1.317
1.303
1.288
1.271
1.253
1.233
1.212
1.19
1.167
1.142
1.116
1.089
1.061
1.031
1.0
0.944
0.888
0.83
0.773
0.717
0.661
0.607
0.554
0.503
0.455
0.409
0.367
0.329
0.295
0.265
0.24
0.221
0.207
0.2
0.25
0.306
0.365
0.428
0.492
0.557
0.622
0.685
0.744
0.8
0.82
0.836
0.847
0.854
0.857
0.857
0.854
0.848
0.841
0.832
0.822
0.811
0.8
0.781
0.762
0.743
0.724
0.705
0.686
0.668
0.65
0.632
0.614
0.596
0.578
0.561
0.544
0.527
0.51
0.493
0.477
0.461
0.445
0.429
0.414
0.399
0.384
0.369
0.354
0.34
0.326
0.312
0.299
0.286
0.273
0.272
0.271
0.271
0.27
0.27
0.271
0.271
0.272
0.273
0.275
0.276
0.278
0.28
0.283
0.285
0.288
0.291
0.294
0.298
0.301
0.305
0.309
0.313
0.318
0.323
0.327
0.332
0.338
0.343
0.349
0.354
0.36
0.366
0.372
0.379
0.385
0.392
0.399
0.406
0.413
0.42
0.427
0.435
0.442
0.45
0.458
0.466
0.474
0.482
0.49
0.498
0.507
0.515
0.524
0.532
0.541
0.55
0.559
0.568
0.577
0.586
0.595
0.604
0.613
0.622
0.631
0.641
0.65
0.659
0.669
0.678
0.687
0.697
0.706
0.715
0.725
0.734
0.743
0.753
0.762
0.771
0.781
0.79
0.799
0.808
0.817
0.827
0.836
0.845
0.853
0.862
0.871
0.88
0.889
0.897
0.906
0.914
0.922
0.931
0.939
0.947
0.955
0.963
0.97
0.978
0.985
0.993
1.0
1.004
1.007
1.01
1.012
1.013
1.014
1.013
1.01
1.006
1.0
0.981
0.96
0.938
0.915
0.892
0.867
0.843
0.819
0.796
0.773
0.752
0.732
0.714
0.716
0.719
0.725
0.732
0.741
0.751
0.762
0.775
0.789
0.803
0.818
0.834
0.85
0.867
0.883
0.9
0.916
0.932
0.947
0.962
0.975
0.988
1.0
1.004
1.007
1.009
1.01
1.011
1.01
1.008
1.006
1.003
1.0
0.992
0.984
0.976
0.967
0.958
0.949
0.939
0.929
0.919
0.909
0.899
0.888
0.878
0.867
0.857
0.846
0.836
0.825
0.815
0.805
0.795
0.785
0.775
0.766
0.756
0.747
0.739
0.731
0.723
0.715
0.708
0.701
0.695
0.69
0.685
0.68
0.676
0.673
0.67
0.668
0.667
0.667
0.678
0.691
0.704
0.718
0.732
0.747
0.762
0.778
0.794
0.81
0.826
0.842
0.859
0.875
0.892
0.908
0.924
0.94
0.955
0.971
0.986
1.0
1.006
1.012
1.017
1.022
1.027
1.03
1.034
1.037
1.039
1.041
1.043
1.044
1.045
1.045
1.045
1.045
1.044
1.043
1.042
1.04
1.038
1.035
1.033
1.029
1.026
1.022
1.018
1.014
1.01
1.005
1.0
0.989
0.978
0.966
0.954
0.943
0.931
0.919
0.907
0.895
0.883
0.871
0.859
0.847
0.835
0.823
0.811
0.8
0.789
0.778
0.768
0.757
0.746
0.736
0.725
0.714
0.702
0.691
0.679
0.667
0.658
0.65
0.641
0.631
0.622
0.612
0.602
0.592
0.582
0.573
0.563
0.553
0.544
0.535
0.526
0.518
0.51
0.502
0.495
0.489
0.483
0.478
0.474
0.471
0.468
0.467
0.466
0.466
0.468
0.471
0.474
0.479
0.486
0.494
0.503
0.513
0.525
0.539
0.554
0.571
0.597
0.624
0.653
0.681
0.71
0.738
0.766
0.793
0.818
0.842
0.863
0.882
0.897
0.909
0.917
0.921
0.921
0.915
0.904
0.887
0.863
0.833
0.769
0.701
0.633
0.567
0.506
0.454
0.415
0.39
0.384
0.4
0.535
0.686
0.844
1.0
1.062
1.115
1.157
1.191
1.216
1.232
1.241
1.243
1.238
1.227
1.21
1.188
1.161
1.129
1.094
1.056
1.014
0.97
0.924
0.877
0.829
0.78
0.732
0.683
0.636
0.59
0.546
0.505
0.466
0.431
0.4
0.373
0.35
0.333
0.353
0.377
0.406
0.44
0.477
0.518
0.562
0.608
0.655
0.705
0.754
0.805
0.855
0.905
0.953
1.0
1.019
1.035
1.05
1.063
1.074
1.083
1.09
1.096
1.1
1.102
1.103
1.102
1.1
1.097
1.092
1.086
1.078
1.07
1.06
1.049
1.038
1.025
1.011
0.997
0.981
0.965
0.949
0.931
0.913
0.895
0.876
0.856
0.837
0.817
0.796
0.776
0.755
0.734
0.713
0.692
0.671
0.65
0.63
0.609
0.589
0.569
0.55
0.531
0.512
0.494
0.477
0.46
0.444
0.428
0.414
0.4
0.387
0.375
0.385
0.398
0.416
0.439
0.47
0.51
0.561
0.625
0.748
0.875
0.937
0.994
1.046
1.092
1.133
1.17
1.202
1.229
1.253
1.272
1.288
1.3
1.308
1.314
1.316
1.315
1.312
1.306
1.298
1.288
1.276
1.263
1.248
1.231
1.213
1.195
1.176
1.156
1.136
1.115
1.095
1.075
1.055
1.036
1.017
1.0
0.97
0.94
0.912
0.885
0.86
0.835
0.812
0.79
0.769
0.75
0.749
0.749
0.75
0.753
0.756
0.761
0.766
0.772
0.78
0.788
0.796
0.806
0.816
0.826
0.837
0.849
0.86
0.873
0.885
0.898
0.911
0.924
0.937
0.949
0.962
0.975
0.988
1.0
1.008
1.015
1.022
1.029
1.035
1.041
1.047
1.053
1.058
1.063
1.068
1.072
1.077
1.081
1.084
1.088
1.091
1.094
1.097
1.1
1.102
1.105
1.106
1.108
1.11
1.111
1.112
1.113
1.114
1.115
1.115
1.115
1.115
1.115
1.115
1.114
1.114
1.113
1.112
1.111
1.109
1.108
1.106
1.105
1.103
1.101
1.099
1.097
1.094
1.092
1.089
1.087
1.084
1.081
1.078
1.075
1.072
1.068
1.065
1.062
1.058
1.055
1.051
1.048
1.044
1.04
1.036
1.032
1.028
1.024
1.02
1.016
1.012
1.008
1.004
1.0
0.993
0.986
0.979
0.973
0.966
0.959
0.952
0.946
0.939
0.933
0.927
0.92
0.914
0.909
0.903
0.898
0.892
0.887
0.883
0.878
0.874
0.87
0.866
0.863
0.86
0.857
0.859
0.862
0.865
0.868
0.872
0.876
0.88
0.884
0.888
0.893
0.897
0.902
0.907
0.912
0.917
0.922
0.927
0.932
0.937
0.942
0.947
0.952
0.957
0.961
0.966
0.97
0.974
0.978
0.982
0.985
0.988
0.991
0.993
0.996
0.998
0.999
1.0
0.995
0.989
0.982
0.976
0.969
0.962
0.954
0.946
0.938
0.93
0.921
0.913
0.904
0.895
0.885
0.876
0.867
0.857
0.848
0.838
0.829
0.819
0.809
0.8
0.802
0.804
0.807
0.812
0.818
0.825
0.835
0.848
0.864
0.883
0.906
0.933
0.964
1.0
1.034
1.069
1.103
1.131
1.151
1.159
1.151
1.124
1.075
1.0
0.788
0.56
0.333
0.229
0.139
0.063
-0.001
-0.054
-0.095
-0.125
-0.146
-0.158
-0.161
-0.157
-0.145
-0.127
-0.103
-0.075
-0.042
-0.005
0.034
0.076
0.119
0.163
0.207
0.25
0.293
0.333
0.384
0.431
0.477
0.52
0.56
0.599
0.635
0.669
0.701
0.731
0.759
0.785
0.809
0.832
0.853
0.872
0.89
0.906
0.921
0.935
0.948
0.959
0.969
0.978
0.986
0.994
1.0
0.987
0.974
0.959
0.945
0.929
0.914
0.898
0.881
0.865
0.848
0.831
0.814
0.797
0.781
0.764
0.748
0.732
0.716
0.701
0.686
0.672
0.658
0.646
0.634
0.622
0.612
0.603
0.594
0.587
0.581
0.577
0.573
0.571
0.571
0.571
0.592
0.614
0.637
0.661
0.685
0.71
0.735
0.761
0.786
0.81
0.834
0.857
0.872
0.885
0.898
0.909
0.92
0.93
0.939
0.948
0.956
0.963
0.97
0.976
0.983
0.989
0.994
1.0
1.001
1.002
1.003
1.004
1.004
1.005
1.006
1.006
1.007
1.007
1.007
1.007
1.007
1.007
1.007
1.007
1.007
1.006
1.006
1.005
1.005
1.004
1.003
1.002
1.001
1.0
0.994
0.988
0.982
0.976
0.969
0.963
0.956
0.949
0.942
0.934
0.926
0.918
0.91
0.901
0.892
0.883
0.873
0.863
0.852
0.841
0.829
0.817
0.805
0.792
0.779
0.765
0.75
0.73
0.71
0.69
0.669
0.648
0.627
0.606
0.585
0.565
0.545
0.525
0.507
0.488
0.471
0.454
0.439
0.425
0.412
0.4
0.404
0.409
0.415
0.423
0.431
0.441
0.451
0.463
0.475
0.488
0.501
0.515
0.529
0.544
0.558
0.573
0.588
0.603
0.617
0.632
0.646
0.659
0.672
0.685
0.697
0.707
0.718
0.727
0.735
0.742
0.747
0.752
0.754
0.756
0.756
0.754
0.75
0.727
0.702
0.676
0.648
0.62
0.592
0.563
0.534
0.505
0.477
0.449
0.423
0.398
0.375
0.353
0.333
0.34
0.349
0.359
0.372
0.387
0.403
0.421
0.441
0.462
0.484
0.507
0.531
0.556
0.581
0.608
0.634
0.661
0.688
0.715
0.743
0.769
0.796
0.822
0.848
0.873
0.897
0.92
0.942
0.963
0.982
1.0
1.006
1.01
1.013
1.014
1.015
1.015
1.014
1.013
1.011
1.009
1.006
1.004
1.002
1.0
0.999
0.998
0.997
0.996
0.996
0.996
0.997
0.997
0.998
0.998
0.999
1.0
1.0
0.999
0.998
0.997
0.996
0.995
0.994
0.992
0.991
0.989
0.987
0.986
0.984
0.982
0.98
0.978
0.975
0.973
0.971
0.969
0.966
0.964
0.961
0.958
0.956
0.953
0.95
0.948
0.945
0.942
0.939
0.937
0.934
0.931
0.928
0.925
0.922
0.919
0.917
0.914
0.911
0.908
0.905
0.903
0.9
0.897
0.895
0.892
0.889
0.887
0.884
0.882
0.88
0.877
0.875
0.873
0.871
0.869
0.867
0.865
0.863
0.862
0.86
0.859
0.857
0.857
0.857
0.857
0.857
