0.0
0.008
0.016
0.024
0.032
0.04
0.048
0.056
0.064
0.072
0.079
0.087
0.095
0.102
0.11
0.118
0.125
0.132
0.14
0.147
0.154
0.162
0.169
0.176
0.183
0.19
0.197
0.204
0.211
0.218
0.225
0.232
0.239
0.246
0.252
0.259
0.266
0.272
0.279
0.286
0.292
0.298
0.305
0.311
0.318
0.324
0.33
0.336
0.343
0.349
0.355
0.361
0.367
0.373
0.379
0.385
0.391
0.397
0.403
0.408
0.414
0.42
0.426
0.431
0.437
0.442
0.448
0.453
0.459
0.464
0.47
0.475
0.481
0.486
0.491
0.497
0.502
0.507
0.512
0.517
0.522
0.527
0.532
0.537
0.542
0.547
0.552
0.557
0.562
0.567
0.572
0.577
0.581
0.586
0.591
0.595
0.6
0.601
0.603
0.604
0.606
0.607
0.608
0.61
0.611
0.612
0.614
0.615
0.616
0.617
0.618
0.619
0.621
0.622
0.623
0.624
0.625
0.626
0.627
0.627
0.628
0.629
0.63
0.631
0.632
0.633
0.633
0.634
0.635
0.635
0.636
0.637
0.637
0.638
0.639
0.639
0.64
0.64
0.641
0.641
0.642
0.642
0.643
0.643
0.643
0.644
0.644
0.645
0.645
0.645
0.645
0.646
0.646
0.646
0.646
0.647
0.647
0.647
0.647
0.647
0.647
0.648
0.648
0.648
0.648
0.648
0.648
0.648
0.648
0.648
0.648
0.648
0.648
0.648
0.648
0.648
0.647
0.647
0.647
0.647
0.647
0.647
0.647
0.646
0.646
0.646
0.646
0.646
0.645
0.645
0.645
0.645
0.644
0.644
0.644
0.643
0.643
0.643
0.643
0.642
0.642
0.641
0.641
0.641
0.64
0.64
0.64
0.639
0.639
0.638
0.638
0.638
0.637
0.637
0.636
0.636
0.635
0.635
0.635
0.634
0.634
0.633
0.633
0.632
0.632
0.631
0.631
0.63
0.63
0.629
0.629
0.628
0.628
0.627
0.627
0.626
0.626
0.625
0.625
0.624
0.624
0.623
0.623
0.622
0.622
0.621
0.621
0.62
0.62
0.619
0.619
0.618
0.618
0.617
0.617
0.616
0.616
0.616
0.615
0.615
0.614
0.614
0.613
0.613
0.612
0.612
0.611
0.611
0.611
0.61
0.61
0.609
0.609
0.609
0.608
0.608
0.607
0.607
0.607
0.606
0.606
0.606
0.605
0.605
0.605
0.604
0.604
0.604
0.603
0.603
0.603
0.603
0.602
0.602
0.602
0.602
0.601
0.601
0.601
0.601
0.601
0.601
0.601
0.6
0.6
0.6
0.6
0.6
0.599
0.599
0.598
0.598
0.597
0.597
0.596
0.596
0.595
0.595
0.594
0.594
0.593
0.592
0.591
0.591
0.59
0.589
0.588
0.587
0.586
0.585
0.584
0.582
0.581
0.58
0.578
0.577
0.575
0.573
0.571
0.569
0.567
0.565
0.562
0.56
0.557
0.555
0.552
0.549
0.546
0.543
0.54
0.537
0.533
0.53
0.526
0.523
0.519
0.516
0.512
0.508
0.504
0.5
0.496
0.492
0.488
0.483
0.479
0.475
0.47
0.466
0.461
0.457
0.452
0.447
0.442
0.438
0.433
0.428
0.423
0.418
0.413
0.407
0.402
0.397
0.392
0.387
0.381
0.376
0.371
0.365
0.36
0.354
0.349
0.343
0.338
0.332
0.326
0.321
0.315
0.31
0.304
0.298
0.293
0.287
0.281
0.275
0.27
0.264
0.258
0.252
0.247
0.241
0.235
0.229
0.224
0.218
0.212
0.206
0.201
0.195
0.189
0.183
0.178
0.172
0.166
0.161
0.155
0.15
0.144
0.138
0.133
0.127
0.122
0.117
0.111
0.106
0.1
0.095
0.09
0.085
0.079
0.074
0.069
0.064
0.059
0.054
0.049
0.044
0.039
0.035
0.03
0.025
0.021
0.016
0.012
0.007
0.003
-0.001
-0.006
-0.01
-0.014
-0.018
-0.022
-0.026
-0.03
-0.033
-0.037
-0.041
-0.044
-0.048
-0.051
-0.054
-0.058
-0.061
-0.064
-0.067
-0.07
-0.072
-0.075
-0.078
-0.08
-0.082
-0.085
-0.087
-0.089
-0.091
-0.093
-0.095
-0.096
-0.098
-0.099
-0.101
-0.102
-0.103
-0.104
-0.105
-0.106
-0.106
-0.107
-0.107
-0.107
-0.108
-0.108
-0.108
-0.107
-0.107
-0.106
-0.106
-0.105
-0.104
-0.103
-0.102
-0.101
-0.099
-0.098
-0.096
-0.094
-0.092
-0.09
-0.088
-0.085
-0.083
-0.08
-0.077
-0.074
-0.071
-0.067
-0.064
-0.06
-0.056
-0.052
-0.048
-0.043
-0.039
-0.034
-0.029
-0.024
-0.019
-0.013
-0.008
-0.002
0.004
0.01
0.016
0.023
0.03
0.037
0.044
0.051
0.058
0.066
0.074
0.082
0.09
0.099
0.107
0.116
0.125
0.134
0.144
0.153
0.163
0.173
0.184
0.194
0.205
0.216
0.227
0.238
0.25
0.261
0.273
0.286
0.312
0.338
0.364
0.391
0.417
0.443
0.469
0.495
0.521
0.546
0.571
0.584
0.596
0.608
0.619
0.63
0.64
0.65
0.66
0.669
0.678
0.686
0.694
0.702
0.71
0.717
0.723
0.73
0.736
0.741
0.747
0.752
0.757
0.761
0.765
0.769
0.773
0.776
0.779
0.782
0.784
0.787
0.789
0.79
0.792
0.793
0.794
0.795
0.796
0.796
0.796
0.796
0.796
0.796
0.796
0.795
0.794
0.793
0.792
0.791
0.789
0.788
0.786
0.784
0.782
0.78
0.778
0.776
0.773
0.771
0.769
0.766
0.763
0.761
0.758
0.755
0.752
0.749
0.747
0.744
0.741
0.738
0.735
0.732
0.729
0.726
0.723
0.72
0.717
0.714
0.71
0.706
0.702
0.698
0.694
0.69
0.686
0.683
0.679
0.675
0.671
0.668
0.664
0.661
0.657
0.654
0.65
0.647
0.643
0.64
0.637
0.633
0.63
0.627
0.624
0.621
0.618
0.615
0.612
0.609
0.606
0.603
0.6
0.597
0.594
0.591
0.589
0.586
0.583
0.581
0.578
0.576
0.573
0.571
0.568
0.566
0.563
0.561
0.559
0.556
0.554
0.552
0.549
0.547
0.545
0.543
0.541
0.539
0.537
0.535
0.533
0.531
0.529
0.527
0.525
0.524
0.522
0.52
0.518
0.517
0.515
0.513
0.512
0.51
0.509
0.507
0.505
0.504
0.503
0.501
0.5
0.498
0.497
0.496
0.494
0.493
0.492
0.491
0.489
0.488
0.487
0.486
0.485
0.484
0.483
0.482
0.481
0.48
0.479
0.478
0.477
0.476
0.475
0.474
0.474
0.473
0.472
0.471
0.47
0.47
0.469
0.468
0.468
0.467
0.466
0.466
0.465
0.465
0.464
0.464
0.463
0.463
0.462
0.462
0.461
0.461
0.461
0.46
0.46
0.46
0.459
0.459
0.459
0.458
0.458
0.458
0.458
0.457
0.457
0.457
0.457
0.457
0.457
0.457
0.457
0.456
0.456
0.456
0.456
0.456
0.456
0.456
0.456
0.456
0.456
0.456
0.456
0.456
0.457
0.457
0.457
0.457
0.457
0.457
0.457
0.458
0.458
0.458
0.458
0.458
0.458
0.459
0.459
0.459
0.459
0.46
0.46
0.46
0.461
0.461
0.461
0.461
0.462
0.462
0.462
0.463
0.463
0.463
0.464
0.464
0.465
0.465
0.465
0.466
0.466
0.467
0.467
0.467
0.468
0.468
0.469
0.469
0.469
0.47
0.47
0.471
0.471
0.472
0.472
0.473
0.473
0.473
0.474
0.474
0.475
0.475
0.476
0.476
0.477
0.477
0.478
0.478
0.479
0.479
0.48
0.48
0.48
0.481
0.481
0.482
0.482
0.483
0.483
0.484
0.484
0.485
0.485
0.486
0.486
0.486
0.487
0.487
0.488
0.488
0.489
0.489
0.489
0.49
0.49
0.491
0.491
0.491
0.492
0.492
0.493
0.493
0.493
0.494
0.494
0.494
0.495
0.495
0.495
0.496
0.496
0.496
0.497
0.497
0.497
0.497
0.498
0.498
0.498
0.498
0.499
0.499
0.499
0.499
0.499
0.5
0.5
0.5
0.5
0.501
0.502
0.503
0.504
0.505
0.506
0.507
0.508
0.509
0.509
0.51
0.511
0.512
0.513
0.514
0.515
0.516
0.516
0.517
0.518
0.519
0.52
0.521
0.521
0.522
0.523
0.524
0.525
0.526
0.526
0.527
0.528
0.529
0.53
0.53
0.531
0.532
0.533
0.534
0.534
0.535
0.536
0.537
0.538
0.538
0.539
0.54
0.541
0.542
0.542
0.543
0.544
0.545
0.546
0.547
0.547
0.548
0.549
0.55
0.551
0.552
0.553
0.554
0.555
0.556
0.556
0.557
0.558
0.559
0.56
0.561
0.562
0.563
0.564
0.565
0.566
0.567
0.568
0.569
0.571
0.572
0.573
0.574
0.575
0.576
0.577
0.579
0.58
0.581
0.582
0.584
0.585
0.586
0.587
0.589
0.59
0.591
0.593
0.594
0.596
0.597
0.599
0.6
0.602
0.604
0.606
0.608
0.61
0.612
0.614
0.616
0.618
0.62
0.622
0.624
0.626
0.628
0.631
0.633
0.635
0.637
0.639
0.641
0.643
0.644
0.646
0.648
0.65
0.652
0.654
0.655
0.657
0.659
0.661
0.662
0.664
0.665
0.667
0.666
0.665
0.665
0.664
0.663
0.662
0.661
0.66
0.659
0.658
0.657
0.656
0.654
0.653
0.652
0.65
0.649
0.648
0.646
0.645
0.643
0.642
0.64
0.638
0.637
0.635
0.633
0.631
0.629
0.628
0.626
0.624
0.622
0.62
0.618
0.616
0.614
0.611
0.609
0.607
0.605
0.603
0.6
0.598
0.596
0.593
0.591
0.589
0.586
0.584
0.581
0.579
0.576
0.574
0.571
0.569
0.566
0.564
0.561
0.558
0.556
0.553
0.55
0.548
0.545
0.542
0.54
0.537
0.534
0.531
0.529
0.526
0.523
0.52
0.517
0.514
0.512
0.509
0.506
0.503
0.5
0.497
0.494
0.492
0.489
0.486
0.483
0.48
0.477
0.474
0.471
0.469
0.466
0.463
0.46
0.457
0.454
0.451
0.448
0.446
0.443
0.44
0.437
0.434
0.431
0.429
0.427
0.426
0.424
0.423
0.421
0.42
0.419
0.417
0.416
0.414
0.413
0.412
0.41
0.409
0.408
0.406
0.405
0.404
0.402
0.401
0.4
0.399
0.397
0.396
0.395
0.394
0.392
0.391
0.39
0.389
0.388
0.387
0.385
0.384
0.383
0.382
0.381
0.38
0.379
0.378
0.376
0.375
0.374
0.373
0.372
0.371
0.37
0.369
0.368
0.367
0.366
0.365
0.364
0.363
0.362
0.361
0.36
0.359
0.358
0.358
0.357
0.356
0.355
0.354
0.353
0.352
0.352
0.351
0.35
0.349
0.348
0.347
0.347
0.346
0.345
0.344
0.344
0.343
0.342
0.342
0.341
0.34
0.339
0.339
0.338
0.337
0.337
0.336
0.336
0.335
0.334
0.334
0.333
0.333
0.332
0.331
0.331
0.33
0.33
0.329
0.329
0.328
0.328
0.327
0.327
0.326
0.326
0.326
0.325
0.325
0.324
0.324
0.323
0.323
0.323
0.322
0.322
0.322
0.321
0.321
0.321
0.32
0.32
0.32
0.32
0.319
0.319
0.319
0.319
0.318
0.318
0.318
0.318
0.318
0.317
0.317
0.317
0.317
0.317
0.317
0.317
0.317
0.317
0.316
0.316
0.316
0.316
0.316
0.316
0.316
0.316
0.316
0.316
0.316
0.316
0.316
0.316
0.316
0.317
0.317
0.317
0.317
0.317
0.317
0.317
0.317
0.318
0.318
0.318
0.318
0.318
0.318
0.319
0.319
0.319
0.319
0.32
0.32
0.32
0.321
0.321
0.321
0.322
0.322
0.322
0.323
0.323
0.323
0.324
0.324
0.325
0.325
0.325
0.326
0.326
0.327
0.327
0.328
0.328
0.329
0.329
0.33
0.33
0.331
0.331
0.332
0.333
0.333
0.334
0.334
0.335
0.336
0.336
0.337
0.338
0.338
0.339
0.34
0.34
0.341
0.342
0.343
0.343
0.344
0.345
0.346
0.346
0.347
0.348
0.349
0.35
0.351
0.351
0.352
0.353
0.354
0.355
0.356
0.357
0.358
0.359
0.36
0.361
0.362
0.363
0.364
0.365
0.366
0.367
0.368
0.369
0.37
0.371
0.372
0.373
0.374
0.375
0.376
0.378
0.379
0.38
0.381
0.382
0.384
0.385
0.386
0.387
0.388
0.39
0.391
0.392
0.394
0.395
0.396
0.397
0.399
0.4
0.402
0.403
0.404
0.406
0.407
0.408
0.41
0.411
0.413
0.414
0.416
0.417
0.419
0.42
0.422
0.423
0.425
0.426
0.428
0.429
0.431
0.433
0.434
0.436
0.437
0.439
0.441
0.442
0.444
0.446
0.447
0.449
0.451
0.453
0.454
0.456
0.458
0.46
0.461
0.463
0.465
0.467
0.469
0.471
0.472
0.474
0.476
0.478
0.48
0.482
0.484
0.486
0.488
0.49
0.492
0.494
0.496
0.498
0.5
0.502
0.504
0.506
0.508
0.51
0.512
0.514
0.516
0.518
0.52
0.523
0.525
0.527
0.529
0.531
0.533
0.536
0.538
0.54
0.542
0.545
0.547
0.549
0.552
0.554
0.556
0.558
0.561
0.563
0.566
0.568
0.57
0.573
0.575
0.578
0.58
0.582
0.585
0.587
0.59
0.592
0.595
0.597
0.6
0.605
0.609
0.614
0.619
0.624
0.628
0.633
0.638
0.643
0.647
0.652
0.657
0.662
0.667
0.669
0.672
0.675
0.677
0.68
0.683
0.685
0.688
0.69
0.693
0.696
0.698
0.701
0.704
0.706
0.709
0.712
0.714
0.717
0.72
0.722
0.725
0.728
0.73
0.733
0.736
0.738
0.741
0.744
0.746
0.749
0.751
0.754
0.757
0.759
0.762
0.765
0.767
0.77
0.772
0.775
0.778
0.78
0.783
0.785
0.788
0.79
0.793
0.795
0.798
0.801
0.803
0.806
0.808
0.811
0.813
0.816
0.818
0.82
0.823
0.825
0.828
0.83
0.833
0.835
0.837
0.84
0.842
0.845
0.847
0.849
0.851
0.854
0.856
0.858
0.861
0.863
0.865
0.867
0.87
0.872
0.874
0.876
0.878
0.88
0.883
0.885
0.887
0.889
0.891
0.893
0.895
0.897
0.899
0.901
0.903
0.905
0.907
0.909
0.911
0.912
0.914
0.916
0.918
0.92
0.922
0.923
0.925
0.927
0.928
0.93
0.932
0.933
0.935
0.937
0.938
0.94
0.941
0.943
0.944
0.946
0.947
0.949
0.95
0.951
0.953
0.954
0.955
0.956
0.958
0.959
0.96
0.961
0.962
0.964
0.965
0.966
0.967
0.968
0.969
0.97
0.971
0.971
0.972
0.973
0.974
0.975
0.976
0.976
0.977
0.978
0.978
0.979
0.979
0.98
0.98
0.981
0.981
0.982
0.982
0.983
0.983
0.983
0.983
0.984
0.984
0.984
0.984
0.984
0.984
0.984
0.984
0.984
0.984
0.984
0.984
0.984
0.984
0.983
0.983
0.983
0.982
0.982
0.982
0.981
0.981
0.98
0.979
0.979
0.978
0.977
0.977
0.976
0.975
0.974
0.973
0.972
0.971
0.97
0.969
0.968
0.967
0.966
0.965
0.964
0.962
0.961
0.959
0.958
0.957
0.955
0.954
0.952
0.95
0.949
0.947
0.945
0.943
0.941
0.94
0.938
0.936
0.934
0.931
0.929
0.927
0.925
0.923
0.92
0.918
0.916
0.913
0.911
0.908
0.905
0.903
0.9
0.897
0.895
0.892
0.889
0.886
0.883
0.88
0.877
0.874
0.87
0.867
0.864
0.86
0.857
0.854
0.85
0.846
0.843
0.839
0.836
0.832
0.828
0.824
0.82
0.816
0.812
0.808
0.804
0.8
0.795
0.791
0.787
0.782
0.778
0.768
0.758
0.749
0.739
0.729
0.719
0.709
0.699
0.689
0.679
0.669
0.659
0.649
0.639
0.628
0.618
0.608
0.598
0.588
0.578
0.567
0.557
0.547
0.537
0.527
0.517
0.507
0.497
0.487
0.477
0.467
0.457
0.447
0.437
0.428
0.418
0.408
0.399
0.389
0.38
0.37
0.361
0.352
0.342
0.333
0.33
0.327
0.324
0.321
0.318
0.315
0.312
0.309
0.306
0.304
0.301
0.299
0.296
0.294
0.292
0.29
0.288
0.286
0.284
0.282
0.28
0.278
0.277
0.275
0.274
0.272
0.271
0.27
0.268
0.267
0.266
0.265
0.264
0.263
0.263
0.262
0.261
0.261
0.26
0.259
0.259
0.259
0.258
0.258
0.258
0.258
0.258
0.258
0.258
0.258
0.258
0.258
0.258
0.259
0.259
0.259
0.26
0.26
0.261
0.262
0.262
0.263
0.264
0.265
0.266
0.266
0.267
0.268
0.27
0.271
0.272
0.273
0.274
0.276
0.277
0.278
0.28
0.281
0.283
0.284
0.286
0.288
0.289
0.291
0.293
0.294
0.296
0.298
0.3
0.302
0.304
0.306
0.308
0.31
0.312
0.314
0.317
0.319
0.321
0.323
0.326
0.328
0.33
0.333
0.335
0.338
0.34
0.343
0.345
0.348
0.35
0.353
0.355
0.358
0.361
0.363
0.366
0.369
0.372
0.374
0.377
0.38
0.383
0.386
0.389
0.392
0.394
0.397
0.4
0.403
0.406
0.409
0.412
0.415
0.418
0.421
0.424
0.427
0.43
0.434
0.437
0.44
0.443
0.446
0.449
0.452
0.455
0.458
0.462
0.465
0.468
0.471
0.474
0.477
0.481
0.484
0.487
0.49
0.493
0.496
0.5
0.503
0.506
0.509
0.512
0.515
0.518
0.522
0.525
0.528
0.531
0.534
0.537
0.54
0.543
0.547
0.55
0.553
0.556
0.559
0.562
0.565
0.568
0.571
0.574
0.577
0.58
0.583
0.586
0.589
0.591
0.594
0.597
0.6
0.603
0.606
0.608
0.611
0.614
0.617
0.619
0.622
0.625
0.627
0.63
0.632
0.635
0.637
0.64
0.642
0.645
0.647
0.65
0.652
0.654
0.657
0.659
0.661
0.663
0.666
0.668
0.67
0.672
0.674
0.676
0.678
0.68
0.682
0.684
0.685
0.687
0.689
0.691
0.692
0.694
0.696
0.697
0.699
0.7
0.702
0.703
0.704
0.706
0.707
0.708
0.709
0.71
0.711
0.712
0.713
0.714
0.714
0.714
0.713
0.713
0.713
0.712
0.712
0.711
0.711
0.71
0.709
0.709
0.708
0.707
0.706
0.705
0.705
0.704
0.703
0.702
0.701
0.7
0.698
0.697
0.696
0.695
0.694
0.692
0.691
0.69
0.689
0.687
0.686
0.684
0.683
0.682
0.68
0.679
0.677
0.676
0.674
0.673
0.671
0.669
0.668
0.666
0.664
0.663
0.661
0.659
0.658
0.656
0.654
0.653
0.651
0.649
0.648
0.646
0.644
0.642
0.641
0.639
0.637
0.635
0.634
0.632
0.63
0.628
0.627
0.625
0.623
0.621
0.62
0.618
0.616
0.615
0.613
0.611
0.61
0.608
0.606
0.605
0.603
0.601
0.6
0.598
0.597
0.595
0.594
0.592
0.591
0.589
0.588
0.586
0.585
0.584
0.582
0.581
0.58
0.578
0.577
0.576
0.575
0.574
0.573
0.571
0.57
0.569
0.568
0.567
0.567
0.566
0.565
0.564
0.563
0.562
0.562
0.561
0.561
0.56
0.559
0.559
0.559
0.558
0.558
0.558
0.557
0.557
0.557
0.557
0.557
0.557
0.557
0.557
0.557
0.557
0.558
0.558
0.558
0.559
0.559
0.56
0.56
0.561
0.562
0.563
0.564
0.564
0.565
0.567
0.568
0.569
0.57
0.571
0.573
0.574
0.576
0.577
0.579
0.581
0.583
0.585
0.587
0.589
0.591
0.593
0.595
0.598
0.6
0.605
0.609
0.614
0.619
0.623
0.628
0.633
0.638
0.643
0.649
0.654
0.659
0.664
0.67
0.675
0.681
0.686
0.692
0.697
0.703
0.708
0.714
0.72
0.725
0.731
0.737
0.743
0.748
0.754
0.76
0.766
0.771
0.777
0.783
0.789
0.795
0.8
0.806
0.812
0.818
0.823
0.829
0.835
0.84
0.846
0.851
0.857
0.862
0.868
0.873
0.879
0.884
0.889
0.894
0.899
0.905
0.91
0.915
0.919
0.924
0.929
0.934
0.938
0.943
0.947
0.952
0.956
0.96
0.964
0.968
0.972
0.976
0.98
0.984
0.987
0.991
0.994
0.997
1.0
1.003
1.006
1.009
1.011
1.014
1.016
1.018
1.02
1.022
1.024
1.026
1.027
1.029
1.03
1.031
1.032
1.032
1.033
1.033
1.034
1.034
1.034
1.033
1.033
1.032
1.032
1.031
1.029
1.028
1.026
1.025
1.023
1.021
1.018
1.016
1.013
1.01
1.007
1.004
1.0
0.99
0.979
0.968
0.957
0.946
0.935
0.924
0.913
0.901
0.89
0.879
0.867
0.856
0.845
0.833
0.822
0.811
0.801
0.79
0.78
0.77
0.76
0.75
0.74
0.731
0.723
0.714
0.706
0.698
0.691
0.684
0.678
0.672
0.667
0.669
0.672
0.676
0.68
0.684
0.689
0.694
0.7
0.705
0.711
0.717
0.724
0.73
0.737
0.743
0.75
0.756
0.761
0.767
0.773
0.779
0.785
0.79
0.796
0.802
0.808
0.814
0.819
0.825
0.831
0.837
0.842
0.848
0.854
0.859
0.865
0.87
0.876
0.881
0.887
0.892
0.897
0.902
0.908
0.913
0.918
0.923
0.927
0.932
0.937
0.941
0.946
0.95
0.954
0.959
0.963
0.967
0.97
0.974
0.978
0.981
0.985
0.988
0.991
0.994
0.997
0.999
1.002
1.004
1.006
1.008
1.01
1.012
1.013
1.015
1.016
1.017
1.018
1.018
1.019
1.019
1.019
1.019
1.018
1.018
1.017
1.016
1.015
1.013
1.012
1.01
1.008
1.005
1.003
1.0
0.993
0.985
0.977
0.969
0.961
0.953
0.945
0.936
0.927
0.918
0.909
0.9
0.891
0.882
0.873
0.864
0.854
0.845
0.836
0.827
0.817
0.808
0.799
0.79
0.781
0.773
0.764
0.756
0.747
0.739
0.731
0.724
0.716
0.709
0.702
0.695
0.689
0.683
0.677
0.671
0.666
0.661
0.657
0.653
0.649
0.646
0.643
0.64
0.639
0.637
0.636
0.635
0.635
0.636
0.637
0.639
0.641
0.644
0.647
0.651
0.656
0.661
0.667
0.687
0.708
0.729
0.751
0.773
0.796
0.819
0.842
0.865
0.888
0.911
0.933
0.956
0.978
1.0
1.008
1.017
1.024
1.031
1.038
1.044
1.05
1.056
1.061
1.066
1.07
1.074
1.077
1.08
1.083
1.086
1.088
1.09
1.091
1.092
1.093
1.093
1.093
1.093
1.093
1.092
1.091
1.089
1.088
1.086
1.084
1.081
1.078
1.076
1.072
1.069
1.065
1.061
1.057
1.053
1.048
1.044
1.039
1.034
1.029
1.023
1.017
1.012
1.006
1.0
0.994
0.987
0.981
0.974
0.967
0.961
0.954
0.947
0.94
0.932
0.925
0.918
0.91
0.903
0.895
0.888
0.88
0.872
0.865
0.857
0.849
0.841
0.834
0.826
0.818
0.81
0.803
0.795
0.787
0.78
0.772
0.765
0.757
0.75
0.743
0.735
0.728
0.721
0.714
0.707
0.7
0.694
0.687
0.681
0.674
0.668
0.662
0.656
0.651
0.645
0.64
0.635
0.63
0.625
0.62
0.616
0.611
0.607
0.604
0.6
0.598
0.597
0.596
0.595
0.594
0.594
0.593
0.593
0.593
0.593
0.593
0.594
0.594
0.595
0.595
0.596
0.596
0.597
0.598
0.598
0.599
0.6
0.601
0.601
0.602
0.603
0.604
0.604
0.605
0.606
0.606
0.607
0.608
0.608
0.609
0.609
0.61
0.61
0.611
0.612
0.612
0.613
0.613
0.614
0.614
0.615
0.615
0.616
0.616
0.616
0.617
0.617
0.618
0.618
0.618
0.619
0.619
0.619
0.62
0.62
0.62
0.621
0.621
0.621
0.622
0.622
0.622
0.622
0.623
0.623
0.623
0.623
0.624
0.624
0.624
0.624
0.624
0.624
0.625
0.625
0.625
0.625
0.625
0.625
0.625
0.625
0.625
0.625
0.626
0.626
0.626
0.626
0.626
0.626
0.626
0.626
0.626
0.626
0.626
0.626
0.626
0.626
0.626
0.626
0.625
0.625
0.625
0.625
0.625
0.625
0.625
0.625
0.625
0.625
0.624
0.624
0.624
0.624
0.624
0.624
0.624
0.623
0.623
0.623
0.623
0.623
0.622
0.622
0.622
0.622
0.622
0.621
0.621
0.621
0.621
0.62
0.62
0.62
0.62
0.619
0.619
0.619
0.618
0.618
0.618
0.618
0.617
0.617
0.617
0.616
0.616
0.616
0.615
0.615
0.615
0.614
0.614
0.614
0.613
0.613
0.613
0.612
0.612
0.611
0.611
0.611
0.61
0.61
0.61
0.609
0.609
0.608
0.608
0.608
0.607
0.607
0.606
0.606
0.606
0.605
0.605
0.604
0.604
0.603
0.603
0.603
0.602
0.602
0.601
0.601
0.6
0.6
0.6
0.599
0.599
0.598
0.598
0.597
0.597
0.596
0.596
0.596
0.595
0.595
0.594
0.594
0.593
0.593
0.592
0.592
0.592
0.591
0.591
0.59
0.59
0.589
0.589
0.588
0.588
0.587
0.587
0.587
0.586
0.586
0.585
0.585
0.584
0.584
0.583
0.583
0.583
0.582
0.582
0.581
0.581
0.58
0.58
0.579
0.579
0.579
0.578
0.578
0.577
0.577
0.576
0.576
0.576
0.575
0.575
0.574
0.574
0.574
0.573
0.573
0.572
0.572
0.572
0.571
0.571
0.57
0.57
0.57
0.569
0.569
0.569
0.568
0.568
0.567
0.567
0.567
0.566
0.566
0.566
0.565
0.565
0.565
0.564
0.564
0.564
0.563
0.563
0.563
0.563
0.562
0.562
0.562
0.561
0.561
0.561
0.561
0.56
0.56
0.56
0.56
0.559
0.559
0.559
0.559
0.558
0.558
0.558
0.558
0.558
0.557
0.557
0.557
0.557
0.557
0.557
0.556
0.556
0.556
0.556
0.556
0.556
0.556
0.556
0.555
0.555
0.555
0.555
0.555
0.555
0.555
0.555
0.555
0.555
0.555
0.555
0.555
0.555
0.555
0.555
0.555
0.555
0.555
0.555
0.555
0.555
0.555
0.555
0.555
0.555
0.556
0.556
0.556
0.556
0.556
0.556
0.556
0.556
0.557
0.557
0.557
0.557
0.557
0.558
0.558
0.558
0.558
0.559
0.559
0.559
0.559
0.56
0.56
0.56
0.561
0.561
0.561
0.562
0.562
0.562
0.563
0.563
0.564
0.564
0.564
0.565
0.565
0.566
0.566
0.567
0.567
0.568
0.568
0.569
0.569
0.57
0.57
0.571
0.572
0.572
0.573
0.573
0.574
0.575
0.575
0.576
0.577
0.577
0.578
0.579
0.58
0.58
0.581
0.582
0.583
0.583
0.584
0.585
0.586
0.587
0.588
0.588
0.589
0.59
0.591
0.592
0.593
0.594
0.595
0.596
0.597
0.598
0.599
0.6
