0.0
0.01
0.02
0.03
0.04
0.05
0.06
0.07
0.08
0.09
0.1
0.109
0.119
0.129
0.139
0.149
0.159
0.169
0.179
0.189
0.199
0.209
0.219
0.229
0.239
0.249
0.259
0.269
0.279
0.289
0.299
0.308
0.318
0.328
0.338
0.348
0.358
0.368
0.378
0.388
0.398
0.408
0.418
0.428
0.438
0.448
0.458
0.468
0.478
0.488
0.498
0.507
0.517
0.527
0.537
0.547
0.557
0.567
0.577
0.587
0.597
0.607
0.617
0.627
0.637
0.647
0.657
0.667
0.651
0.634
0.618
0.602
0.586
0.57
0.554
0.538
0.522
0.506
0.49
0.474
0.457
0.441
0.425
0.409
0.393
0.377
0.361
0.345
0.329
0.313
0.297
0.28
0.264
0.248
0.232
0.216
0.2
0.197
0.194
0.19
0.187
0.184
0.181
0.178
0.175
0.171
0.168
0.165
0.162
0.159
0.156
0.152
0.149
0.146
0.143
0.186
0.229
0.271
0.314
0.357
0.4
0.443
0.486
0.529
0.571
0.592
0.612
0.633
0.653
0.673
0.694
0.714
0.735
0.755
0.776
0.796
0.816
0.837
0.857
0.878
0.898
0.918
0.939
0.959
0.98
1.0
0.994
0.988
0.982
0.977
0.971
0.965
0.959
0.953
0.947
0.942
0.936
0.93
0.924
0.918
0.912
0.907
0.901
0.895
0.889
0.883
0.877
0.872
0.866
0.86
0.854
0.848
0.842
0.837
0.831
0.825
0.819
0.813
0.807
0.802
0.796
0.79
0.784
0.778
0.772
0.766
0.761
0.755
0.749
0.743
0.737
0.731
0.726
0.72
0.714
0.708
0.702
0.696
0.691
0.685
0.679
0.673
0.667
0.661
0.656
0.65
0.644
0.638
0.632
0.626
0.621
0.615
0.609
0.603
0.597
0.591
0.585
0.58
0.574
0.568
0.562
0.556
0.55
0.545
0.539
0.533
0.527
0.521
0.515
0.51
0.504
0.498
0.492
0.486
0.48
0.475
0.469
0.463
0.457
0.451
0.445
0.44
0.434
0.428
0.422
0.416
0.41
0.405
0.399
0.393
0.387
0.381
0.375
0.369
0.364
0.384
0.404
0.424
0.444
0.465
0.485
0.505
0.525
0.545
0.566
0.586
0.606
0.626
0.646
0.667
0.687
0.707
0.727
0.716
0.706
0.695
0.684
0.673
0.662
0.652
0.641
0.63
0.619
0.608
0.597
0.587
0.576
0.565
0.554
0.543
0.532
0.522
0.511
0.5
0.417
0.333
0.25
0.167
0.25
0.333
0.417
0.5
0.583
0.667
0.665
0.663
0.661
0.659
0.658
0.656
0.654
0.652
0.65
0.649
0.647
0.645
0.643
0.641
0.639
0.638
0.636
0.634
0.632
0.63
0.629
0.627
0.625
0.611
0.597
0.583
0.569
0.556
0.542
0.528
0.514
0.5
0.467
0.433
0.4
0.367
0.333
0.3
0.267
0.233
0.2
0.225
0.25
0.275
0.3
0.325
0.35
0.375
0.4
0.425
0.45
0.475
0.5
0.525
0.55
0.575
0.6
0.625
0.65
0.675
0.7
0.725
0.75
0.775
0.8
0.802
0.804
0.806
0.809
0.811
0.813
0.815
0.817
0.819
0.821
0.823
0.826
0.828
0.83
0.832
0.834
0.836
0.838
0.84
0.843
0.845
0.847
0.849
0.851
0.853
0.855
0.857
0.86
0.862
0.864
0.866
0.868
0.87
0.872
0.874
0.877
0.879
0.881
0.883
0.885
0.887
0.889
0.891
0.894
0.896
0.898
0.9
0.894
0.888
0.882
0.876
0.87
0.864
0.858
0.852
0.846
0.84
0.834
0.828
0.822
0.816
0.81
0.804
0.798
0.792
0.786
0.781
0.775
0.769
0.763
0.757
0.751
0.745
0.739
0.733
0.727
0.721
0.715
0.709
0.703
0.697
0.691
0.685
0.679
0.673
0.667
0.661
0.655
0.649
0.643
0.637
0.631
0.625
0.619
0.613
0.607
0.601
0.595
0.589
0.583
0.577
0.571
0.578
0.585
0.592
0.599
0.606
0.612
0.619
0.626
0.633
0.64
0.647
0.654
0.66
0.667
0.674
0.681
0.688
0.695
0.701
0.708
0.715
0.722
0.729
0.736
0.743
0.749
0.756
0.763
0.77
0.777
0.784
0.79
0.797
0.804
0.811
0.818
0.825
0.832
0.838
0.845
0.852
0.859
0.866
0.873
0.879
0.886
0.893
0.9
0.806
0.711
0.617
0.522
0.428
0.333
0.368
0.404
0.439
0.474
0.509
0.544
0.579
0.614
0.649
0.684
0.719
0.754
0.789
0.825
0.86
0.895
0.93
0.965
1.0
0.998
0.996
0.994
0.991
0.989
0.987
0.985
0.983
0.981
0.978
0.976
0.974
0.972
0.97
0.968
0.966
0.963
0.961
0.959
0.957
0.955
0.953
0.951
0.948
0.946
0.944
0.942
0.94
0.938
0.935
0.933
0.931
0.929
0.927
0.925
0.923
0.92
0.918
0.916
0.914
0.912
0.91
0.908
0.905
0.903
0.901
0.899
0.897
0.895
0.892
0.89
0.888
0.886
0.884
0.882
0.88
0.877
0.875
0.873
0.871
0.869
0.867
0.865
0.862
0.86
0.858
0.856
0.854
0.852
0.849
0.847
0.845
0.843
0.841
0.839
0.837
0.834
0.832
0.83
0.828
0.826
0.824
0.822
0.819
0.817
0.815
0.813
0.811
0.809
0.806
0.804
0.802
0.8
0.798
0.796
0.794
0.791
0.789
0.787
0.785
0.783
0.781
0.778
0.776
0.774
0.772
0.77
0.768
0.766
0.763
0.761
0.759
0.757
0.755
0.753
0.751
0.748
0.746
0.744
0.742
0.74
0.738
0.735
0.733
0.731
0.729
0.727
0.725
0.723
0.72
0.718
0.716
0.714
0.712
0.71
0.708
0.705
0.703
0.701
0.699
0.697
0.695
0.692
0.69
0.688
0.686
0.684
0.682
0.68
0.677
0.675
0.673
0.671
0.669
0.667
0.657
0.647
0.638
0.628
0.618
0.608
0.599
0.589
0.579
0.57
0.56
0.55
0.541
0.531
0.521
0.511
0.502
0.492
0.482
0.473
0.463
0.453
0.444
0.434
0.424
0.414
0.405
0.395
0.385
0.376
0.366
0.356
0.347
0.337
0.327
0.317
0.308
0.298
0.288
0.279
0.269
0.259
0.25
0.24
0.23
0.22
0.211
0.201
0.191
0.182
0.172
0.162
0.153
0.143
0.146
0.148
0.151
0.154
0.156
0.159
0.162
0.164
0.167
0.17
0.172
0.175
0.178
0.18
0.183
0.186
0.189
0.191
0.194
0.197
0.199
0.202
0.205
0.207
0.21
0.213
0.215
0.218
0.221
0.223
0.226
0.229
0.231
0.234
0.237
0.24
0.242
0.245
0.248
0.25
0.253
0.256
0.258
0.261
0.264
0.266
0.269
0.272
0.274
0.277
0.28
0.282
0.285
0.288
0.291
0.293
0.296
0.299
0.301
0.304
0.307
0.309
0.312
0.315
0.317
0.32
0.323
0.325
0.328
0.331
0.334
0.336
0.339
0.342
0.344
0.347
0.35
0.352
0.355
0.358
0.36
0.363
0.366
0.368
0.371
0.374
0.376
0.379
0.382
0.385
0.387
0.39
0.393
0.395
0.398
0.401
0.403
0.406
0.409
0.411
0.414
0.417
0.419
0.422
0.425
0.427
0.43
0.433
0.436
0.438
0.441
0.444
0.446
0.449
0.452
0.454
0.457
0.46
0.462
0.465
0.468
0.47
0.473
0.476
0.479
0.481
0.484
0.487
0.489
0.492
0.495
0.497
0.5
0.496
0.492
0.489
0.485
0.481
0.477
0.473
0.47
0.466
0.462
0.458
0.454
0.45
0.447
0.443
0.439
0.435
0.431
0.428
0.424
0.42
0.416
0.412
0.409
0.405
0.401
0.397
0.393
0.39
0.386
0.382
0.378
0.374
0.37
0.367
0.363
0.359
0.355
0.351
0.348
0.344
0.34
0.336
0.332
0.329
0.325
0.321
0.317
0.313
0.31
0.306
0.302
0.298
0.294
0.29
0.287
0.283
0.279
0.275
0.271
0.268
0.264
0.26
0.256
0.252
0.249
0.245
0.241
0.237
0.233
0.23
0.226
0.222
0.218
0.214
0.21
0.207
0.203
0.199
0.195
0.191
0.188
0.184
0.18
0.176
0.172
0.169
0.165
0.161
0.157
0.153
0.15
0.146
0.142
0.138
0.134
0.13
0.127
0.123
0.119
0.115
0.111
0.108
0.104
0.1
0.101
0.102
0.102
0.103
0.104
0.105
0.106
0.106
0.107
0.108
0.109
0.11
0.111
0.111
0.112
0.113
0.114
0.115
0.115
0.116
0.117
0.118
0.119
0.119
0.12
0.121
0.122
0.123
0.123
0.124
0.125
0.126
0.127
0.127
0.128
0.129
0.13
0.131
0.132
0.132
0.133
0.134
0.135
0.136
0.136
0.137
0.138
0.139
0.14
0.14
0.141
0.142
0.143
0.186
0.229
0.271
0.314
0.357
0.4
0.443
0.486
0.529
0.571
0.592
0.612
0.633
0.653
0.673
0.694
0.714
0.735
0.755
0.776
0.796
0.816
0.837
0.857
0.878
0.898
0.918
0.939
0.959
0.98
1.0
0.987
0.974
0.961
0.948
0.935
0.922
0.909
0.896
0.883
0.87
0.857
0.843
0.83
0.817
0.804
0.791
0.778
0.765
0.752
0.739
0.726
0.713
0.7
0.687
0.674
0.661
0.648
0.635
0.622
0.609
0.596
0.583
0.57
0.557
0.543
0.53
0.517
0.504
0.491
0.478
0.465
0.452
0.439
0.426
0.413
0.4
0.387
0.374
0.361
0.348
0.335
0.322
0.309
0.296
0.283
0.27
0.257
0.243
0.23
0.217
0.204
0.191
0.178
0.165
0.152
0.139
0.126
0.113
0.1
0.104
0.109
0.113
0.118
0.122
0.126
0.131
0.135
0.14
0.144
0.148
0.153
0.157
0.162
0.166
0.17
0.175
0.179
0.184
0.188
0.192
0.197
0.201
0.206
0.21
0.214
0.219
0.223
0.228
0.232
0.236
0.241
0.245
0.25
0.254
0.258
0.263
0.267
0.272
0.276
0.281
0.285
0.289
0.294
0.298
0.303
0.307
0.311
0.316
0.32
0.325
0.329
0.333
0.337
0.34
0.343
0.347
0.35
0.353
0.357
0.36
0.363
0.367
0.37
0.373
0.376
0.38
0.383
0.386
0.39
0.393
0.396
0.4
0.403
0.406
0.41
0.413
0.416
0.42
0.423
0.426
0.43
0.433
0.436
0.439
0.443
0.446
0.449
0.453
0.456
0.459
0.463
0.466
0.469
0.473
0.476
0.479
0.483
0.486
0.489
0.493
0.496
0.499
0.502
0.506
0.509
0.512
0.516
0.519
0.522
0.526
0.529
0.532
0.536
0.539
0.542
0.546
0.549
0.552
0.556
0.556
0.557
0.558
0.559
0.559
0.56
0.561
0.562
0.563
0.563
0.564
0.565
0.566
0.566
0.567
0.568
0.569
0.569
0.57
0.571
0.572
0.573
0.573
0.574
0.575
0.576
0.576
0.577
0.578
0.579
0.58
0.58
0.581
0.582
0.583
0.583
0.584
0.585
0.586
0.587
0.587
0.588
0.589
0.59
0.59
0.591
0.592
0.593
0.593
0.594
0.595
0.596
0.597
0.597
0.598
0.599
0.6
0.6
0.601
0.602
0.603
0.604
0.604
0.605
0.606
0.607
0.607
0.608
0.609
0.61
0.611
0.611
0.612
0.613
0.614
0.614
0.615
0.616
0.617
0.617
0.618
0.619
0.62
0.621
0.621
0.622
0.623
0.624
0.624
0.625
0.626
0.627
0.628
0.628
0.629
0.63
0.631
0.631
0.632
0.633
0.634
0.635
0.635
0.636
0.637
0.638
0.638
0.639
0.64
0.641
0.642
0.642
0.643
0.644
0.645
0.645
0.646
0.647
0.648
0.648
0.649
0.65
0.651
0.652
0.652
0.653
0.654
0.655
0.655
0.656
0.657
0.658
0.659
0.659
0.66
0.661
0.662
0.662
0.663
0.664
0.665
0.666
0.666
0.667
0.668
0.669
0.669
0.67
0.671
0.672
0.672
0.673
0.674
0.675
0.676
0.676
0.677
0.678
0.679
0.679
0.68
0.681
0.682
0.683
0.683
0.684
0.685
0.686
0.686
0.687
0.688
0.689
0.69
0.69
0.691
0.692
0.693
0.693
0.694
0.695
0.696
0.696
0.697
0.698
0.699
0.7
0.7
0.701
0.702
0.703
0.703
0.704
0.705
0.706
0.707
0.707
0.708
0.709
0.71
0.71
0.711
0.712
0.713
0.714
0.714
0.704
0.694
0.684
0.673
0.663
0.653
0.643
0.633
0.622
0.612
0.602
0.592
0.582
0.571
0.561
0.551
0.541
0.531
0.52
0.51
0.5
0.49
0.48
0.469
0.459
0.449
0.439
0.429
0.418
0.408
0.398
0.388
0.378
0.367
0.357
0.347
0.337
0.327
0.316
0.306
0.296
0.286
0.276
0.265
0.255
0.245
0.235
0.224
0.214
0.204
0.194
0.184
0.173
0.163
0.153
0.143
0.186
0.229
0.271
0.314
0.357
0.4
0.443
0.486
0.529
0.571
0.592
0.612
0.633
0.653
0.673
0.694
0.714
0.735
0.755
0.776
0.796
0.816
0.837
0.857
0.878
0.898
0.918
0.939
0.959
0.98
1.0
0.977
0.955
0.932
0.909
0.886
0.864
0.841
0.818
0.795
0.773
0.75
0.743
0.735
0.728
0.72
0.713
0.705
0.698
0.69
0.683
0.675
0.668
0.66
0.653
0.645
0.638
0.63
0.623
0.615
0.608
0.6
0.593
0.585
0.578
0.57
0.563
0.555
0.548
0.54
0.533
0.525
0.518
0.51
0.503
0.495
0.488
0.48
0.473
0.465
0.458
0.45
0.443
0.435
0.428
0.42
0.413
0.405
0.398
0.39
0.383
0.375
0.368
0.36
0.353
0.345
0.338
0.33
0.323
0.315
0.308
0.3
0.293
0.285
0.278
0.27
0.263
0.255
0.248
0.24
0.233
0.225
0.218
0.21
0.203
0.195
0.188
0.18
0.173
0.165
0.158
0.15
0.143
0.186
0.229
0.271
0.314
0.357
0.4
0.443
0.486
0.529
0.571
0.592
0.612
0.633
0.653
0.673
0.694
0.714
0.735
0.755
0.776
0.796
0.816
0.837
0.857
0.878
0.898
0.918
0.939
0.959
0.98
1.0
0.977
0.955
0.932
0.909
0.886
0.864
0.841
0.818
0.795
0.773
0.75
0.748
0.747
0.745
0.743
0.742
0.74
0.739
0.737
0.735
0.734
0.732
0.73
0.729
0.727
0.725
0.724
0.722
0.721
0.719
0.717
0.716
0.714
0.712
0.711
0.709
0.708
0.706
0.704
0.703
0.701
0.699
0.698
0.696
0.694
0.693
0.691
0.69
0.688
0.686
0.685
0.683
0.681
0.68
0.678
0.676
0.675
0.673
0.672
0.67
0.668
0.667
0.663
0.658
0.654
0.65
0.646
0.642
0.638
0.634
0.629
0.625
0.621
0.617
0.613
0.609
0.605
0.6
0.596
0.592
0.588
0.584
0.58
0.576
0.571
0.563
0.555
0.546
0.538
0.529
0.521
0.513
0.504
0.496
0.487
0.479
0.471
0.462
0.454
0.445
0.437
0.429
0.433
0.437
0.442
0.446
0.45
0.455
0.459
0.463
0.468
0.472
0.476
0.481
0.485
0.489
0.494
0.498
0.502
0.507
0.511
0.515
0.52
0.524
0.528
0.533
0.537
0.542
0.546
0.55
0.555
0.559
0.563
0.568
0.572
0.576
0.581
0.585
0.589
0.594
0.598
0.602
0.607
0.611
0.615
0.62
0.624
0.628
0.633
0.637
0.641
0.646
0.65
0.654
0.659
0.663
0.667
0.672
0.676
0.681
0.685
0.689
0.694
0.698
0.702
0.707
0.711
0.715
0.72
0.724
0.728
0.733
0.737
0.741
0.746
0.75
0.74
0.729
0.719
0.708
0.698
0.688
0.677
0.667
0.662
0.657
0.652
0.647
0.642
0.637
0.632
0.627
0.622
0.617
0.612
0.607
0.602
0.596
0.591
0.586
0.581
0.576
0.571
0.575
0.578
0.581
0.584
0.587
0.59
0.594
0.597
0.6
0.603
0.606
0.61
0.613
0.616
0.619
0.622
0.625
0.629
0.632
0.635
0.638
0.641
0.644
0.648
0.651
0.654
0.657
0.66
0.663
0.667
0.67
0.674
0.678
0.681
0.685
0.689
0.693
0.696
0.7
0.704
0.707
0.711
0.715
0.719
0.722
0.726
0.73
0.733
0.737
0.741
0.744
0.748
0.752
0.756
0.759
0.763
0.767
0.77
0.774
0.778
0.781
0.785
0.789
0.793
0.796
0.8
0.795
0.791
0.786
0.782
0.777
0.773
0.768
0.764
0.759
0.755
0.75
0.752
0.754
0.756
0.758
0.76
0.762
0.764
0.766
0.768
0.77
0.772
0.774
0.776
0.778
0.78
0.783
0.785
0.787
0.789
0.791
0.793
0.795
0.797
0.799
0.801
0.803
0.805
0.807
0.809
0.811
0.813
0.815
0.817
0.819
0.821
0.823
0.825
0.827
0.829
0.831
0.833
0.821
0.808
0.795
0.782
0.769
0.756
0.744
0.731
0.718
0.705
0.692
0.679
0.667
0.654
0.641
0.628
0.615
0.603
0.59
0.577
0.564
0.551
0.538
0.526
0.513
0.5
0.494
0.489
0.483
0.477
0.471
0.466
0.46
0.454
0.448
0.443
0.437
0.431
0.425
0.42
0.414
0.408
0.402
0.397
0.391
0.385
0.379
0.374
0.368
0.362
0.356
0.351
0.345
0.339
0.333
0.333
0.333
0.333
0.333
0.333
0.333
0.333
0.333
0.333
0.333
0.333
0.333
0.333
0.333
0.333
0.333
0.333
0.333
0.333
0.333
0.333
0.333
0.333
0.333
0.333
0.333
0.333
0.333
0.333
0.333
0.333
0.333
0.333
0.333
0.333
0.333
0.333
0.333
0.333
0.333
0.333
0.333
0.333
0.333
0.333
0.333
0.333
0.333
0.333
0.333
0.333
0.333
0.333
0.333
0.333
0.333
0.333
0.333
0.333
0.333
0.333
0.34
0.347
0.354
0.361
0.368
0.375
0.382
0.389
0.396
0.403
0.41
0.417
0.424
0.431
0.438
0.444
0.451
0.458
0.465
0.472
0.479
0.486
0.493
0.5
0.505
0.509
0.514
0.518
0.523
0.527
0.532
0.536
0.541
0.545
0.55
0.555
0.559
0.564
0.568
0.573
0.577
0.582
0.586
0.591
0.595
0.6
0.605
0.609
0.614
0.618
0.623
0.627
0.632
0.636
0.641
0.645
0.65
0.655
0.659
0.664
0.668
0.673
0.677
0.682
0.686
0.691
0.695
0.7
0.705
0.709
0.714
0.718
0.723
0.727
0.732
0.736
0.741
0.745
0.75
0.755
0.759
0.764
0.768
0.773
0.777
0.782
0.786
0.791
0.795
0.8
0.805
0.809
0.814
0.818
0.823
0.827
0.832
0.836
0.841
0.845
0.85
0.855
0.859
0.864
0.868
0.873
0.877
0.882
0.886
0.891
0.895
0.9
0.905
0.909
0.914
0.918
0.923
0.927
0.932
0.936
0.941
0.945
0.95
0.955
0.959
0.964
0.968
0.973
0.977
0.982
0.986
0.991
0.995
1.0
0.986
0.972
0.958
0.944
0.931
0.917
0.903
0.889
0.875
0.861
0.847
0.833
0.819
0.806
0.792
0.778
0.764
0.75
0.736
0.722
0.708
0.694
0.681
0.667
0.653
0.639
0.625
0.611
0.597
0.583
0.569
0.556
0.542
0.528
0.514
0.5
0.486
0.472
0.458
0.444
0.431
0.417
0.403
0.389
0.375
0.361
0.347
0.333
0.333
0.333
0.333
0.333
0.333
0.333
0.333
0.333
0.333
0.333
0.333
0.333
0.333
0.334
0.335
0.336
0.336
0.337
0.338
0.339
0.34
0.34
0.341
0.342
0.343
0.344
0.344
0.345
0.346
0.347
0.347
0.348
0.349
0.35
0.351
0.351
0.352
0.353
0.354
0.355
0.355
0.356
0.357
0.358
0.358
0.359
0.36
0.361
0.362
0.362
0.363
0.364
0.365
0.366
0.366
0.367
0.368
0.369
0.369
0.37
0.371
0.372
0.373
0.373
0.374
0.375
0.376
0.377
0.377
0.378
0.379
0.38
0.381
0.381
0.382
0.383
0.384
0.384
0.385
0.386
0.387
0.388
0.388
0.389
0.39
0.391
0.392
0.392
0.393
0.394
0.395
0.395
0.396
0.397
0.398
0.399
0.399
0.4
0.401
0.402
0.403
0.403
0.404
0.405
0.406
0.406
0.407
0.408
0.409
0.41
0.41
0.411
0.412
0.413
0.414
0.414
0.415
0.416
0.417
0.417
0.418
0.419
0.42
0.421
0.421
0.422
0.423
0.424
0.425
0.425
0.426
0.427
0.428
0.428
0.429
0.43
0.431
0.432
0.432
0.433
0.434
0.435
0.436
0.436
0.437
0.438
0.439
0.439
0.44
0.441
0.442
0.443
0.443
0.444
0.445
0.446
0.447
0.447
0.448
0.449
0.45
0.45
0.451
0.452
0.453
0.454
0.454
0.455
0.456
0.457
0.458
0.458
0.459
0.46
0.461
0.461
0.462
0.463
0.464
0.465
0.465
0.466
0.467
0.468
0.469
0.469
0.47
0.471
0.472
0.472
0.473
0.474
0.475
0.476
0.476
0.477
0.478
0.479
0.48
0.48
0.481
0.482
0.483
0.483
0.484
0.485
0.486
0.487
0.487
0.488
0.489
0.49
0.491
0.491
0.492
0.493
0.494
0.494
0.495
0.496
0.497
0.498
0.498
0.499
0.5
0.478
0.455
0.433
0.411
0.388
0.366
0.344
0.321
0.299
0.277
0.254
0.232
0.21
0.188
0.165
0.143
0.186
0.229
0.271
0.314
0.357
0.4
0.443
0.486
0.529
0.571
0.592
0.612
0.633
0.653
0.673
0.694
0.714
0.735
0.755
0.776
0.796
0.816
0.837
0.857
0.878
0.898
0.918
0.939
0.959
0.98
1.0
0.982
0.965
0.947
0.93
0.912
0.895
0.877
0.86
0.842
0.825
0.807
0.789
0.772
0.754
0.737
0.719
0.702
0.684
0.667
0.649
0.632
0.614
0.596
0.579
0.561
0.544
0.526
0.509
0.491
0.474
0.456
0.439
0.421
0.404
0.386
0.368
0.351
0.333
0.327
0.32
0.314
0.307
0.301
0.294
0.288
0.281
0.275
0.268
0.262
0.255
0.249
0.242
0.236
0.229
0.223
0.216
0.21
0.203
0.197
0.19
0.184
0.177
0.171
0.164
0.158
0.151
0.145
0.138
0.132
0.125
0.138
0.15
0.163
0.175
0.188
0.201
0.213
0.226
0.238
0.251
0.264
0.276
0.289
0.301
0.314
0.327
0.339
0.352
0.364
0.377
0.39
0.402
0.415
0.427
0.44
0.453
0.465
0.478
0.49
0.503
0.516
0.528
0.541
0.553
0.566
0.578
0.591
0.604
0.616
0.629
0.641
0.654
0.667
0.714
0.762
0.81
0.857
0.905
0.952
1.0
0.965
0.93
0.895
0.86
0.825
0.789
0.754
0.719
0.684
0.649
0.614
0.579
0.544
0.509
0.474
0.439
0.404
0.368
0.333
0.351
0.37
0.388
0.406
0.424
0.442
0.46
0.478
0.497
0.515
0.533
0.551
0.569
0.587
0.605
0.624
0.642
0.66
0.678
0.696
0.714
0.709
0.703
0.698
0.693
0.687
0.682
0.676
0.671
0.665
0.66
0.654
0.649
0.644
0.638
0.633
0.627
0.622
0.616
0.611
0.605
0.6
0.633
0.667
0.7
0.733
0.767
0.8
0.833
0.867
0.9
0.933
0.967
1.0
0.996
0.993
0.989
0.985
0.982
0.978
0.974
0.971
0.967
0.963
0.96
0.956
0.952
0.949
0.945
0.941
0.938
0.934
0.93
0.927
0.923
0.919
0.916
0.912
0.908
0.905
0.901
0.897
0.894
0.89
0.886
0.883
0.879
0.875
0.872
0.868
0.864
0.861
0.857
0.825
0.794
0.762
0.73
0.698
0.667
0.635
0.603
0.571
0.54
0.508
0.476
0.444
0.413
0.381
0.349
0.317
0.286
0.254
0.222
0.256
0.289
0.322
0.356
0.389
0.422
0.456
0.489
0.522
0.556
0.611
0.667
0.722
0.778
0.777
0.775
0.774
0.773
0.772
0.771
0.769
0.768
0.767
0.766
0.765
0.763
0.762
0.761
0.76
0.759
0.758
0.756
0.755
0.754
0.753
0.752
0.75
0.749
0.748
0.747
0.746
0.744
0.743
0.742
0.741
0.74
0.738
0.737
0.736
0.735
0.734
0.732
0.731
0.73
0.729
0.728
0.727
0.725
0.724
0.723
0.722
0.721
0.719
0.718
0.717
0.716
0.715
0.713
0.712
0.711
0.71
0.709
0.707
0.706
0.705
0.704
0.703
0.701
0.7
0.699
0.698
0.697
0.696
0.694
0.693
0.692
0.691
0.69
0.688
0.687
0.686
0.685
0.684
0.682
0.681
0.68
0.679
0.678
0.676
0.675
0.674
0.673
0.672
0.67
0.669
0.668
0.667
0.666
0.665
0.663
0.662
0.661
0.66
0.659
0.657
0.656
0.655
0.654
0.653
0.651
0.65
0.649
0.648
0.647
0.645
0.644
0.643
0.642
0.641
0.639
0.638
0.637
0.636
0.635
0.634
0.632
0.631
0.63
0.629
0.628
0.626
0.625
0.624
0.623
0.622
0.62
0.619
0.618
0.617
0.616
0.614
0.613
0.612
0.611
0.61
0.608
0.607
0.606
0.605
0.604
0.603
0.601
0.6
0.599
0.598
0.597
0.595
0.594
0.593
0.592
0.591
0.589
0.588
0.587
0.586
0.585
0.583
0.582
0.581
0.58
0.579
0.577
0.576
0.575
0.574
0.573
0.572
0.57
0.569
0.568
0.567
0.566
0.564
0.563
0.562
0.561
0.56
0.558
0.557
0.556
0.555
0.554
0.552
0.551
0.55
0.549
0.548
0.546
0.545
0.544
0.543
0.542
0.541
0.539
0.538
0.537
0.536
0.535
0.533
0.532
0.531
0.53
0.529
0.527
0.526
0.525
0.524
0.523
0.521
0.52
0.519
0.518
0.517
0.515
0.514
0.513
0.512
0.511
0.51
0.508
0.507
0.506
0.505
0.504
0.502
0.501
0.5
0.505
0.51
0.515
0.52
0.525
0.529
0.534
0.539
0.544
0.549
0.554
0.559
0.564
0.569
0.574
0.578
0.583
0.588
0.593
0.598
0.603
0.608
0.613
0.618
0.623
0.627
0.632
0.637
0.642
0.647
0.652
0.657
0.662
0.667
0.667
0.668
0.669
0.669
0.67
0.671
0.672
0.672
0.673
0.674
0.674
0.675
0.676
0.676
0.677
0.678
0.678
0.679
0.68
0.681
0.681
0.682
0.683
0.683
0.684
0.685
0.685
0.686
0.687
0.688
0.688
0.689
0.69
0.69
0.691
0.692
0.692
0.693
0.694
0.694
0.695
0.696
0.697
0.697
0.698
0.699
0.699
0.7
0.701
0.701
0.702
0.703
0.703
0.704
0.705
0.706
0.706
0.707
0.708
0.708
0.709
0.71
0.71
0.711
0.712
0.712
0.713
0.714
0.715
0.715
0.716
0.717
0.717
0.718
0.719
0.719
0.72
0.721
0.722
0.722
0.723
0.724
0.724
0.725
0.726
0.726
0.727
0.728
0.728
0.729
0.73
0.731
0.731
0.732
0.733
0.733
0.734
0.735
0.735
0.736
0.737
0.738
0.738
0.739
0.74
0.74
0.741
0.742
0.742
0.743
0.744
0.744
0.745
0.746
0.747
0.747
0.748
0.749
0.749
0.75
0.752
0.754
0.756
0.758
0.76
0.762
0.764
0.766
0.768
0.77
0.772
0.774
0.776
0.778
0.78
0.782
0.784
0.786
0.788
0.79
0.792
0.794
0.796
0.798
0.8
0.789
0.778
0.767
0.756
0.744
0.733
0.722
0.711
0.7
0.689
0.678
0.667
0.669
0.672
0.674
0.676
0.679
0.681
0.684
0.686
0.689
0.691
0.694
0.696
0.699
0.701
0.703
0.706
0.708
0.711
0.713
0.716
0.718
0.721
0.723
0.725
0.728
0.73
0.733
0.735
0.738
0.74
0.743
0.745
0.748
0.75
0.751
0.753
0.754
0.756
0.757
0.758
0.76
0.761
0.763
0.764
0.766
0.767
0.768
0.77
0.771
0.773
0.774
0.775
0.777
0.778
0.78
0.781
0.782
0.784
0.785
0.787
0.788
0.789
0.791
0.792
0.794
0.795
0.797
0.798
0.799
0.801
0.802
0.804
0.805
0.806
0.808
0.809
0.811
0.812
0.813
0.815
0.816
0.818
0.819
0.82
0.822
0.823
0.825
0.826
0.828
0.829
0.83
0.832
0.833
0.835
0.836
0.837
0.839
0.84
0.842
0.843
0.844
0.846
0.847
0.849
0.85
0.852
0.853
0.854
0.856
0.857
0.855
0.852
0.849
0.847
0.844
0.841
0.839
0.836
0.834
0.831
0.828
0.826
0.823
0.821
0.818
0.815
0.813
0.81
0.807
0.805
0.802
0.8
0.797
0.794
0.792
0.789
0.787
0.784
0.781
0.779
0.776
0.774
0.771
0.768
0.766
0.763
0.76
0.758
0.755
0.753
0.75
0.747
0.743
0.74
0.737
0.733
0.73
0.727
0.723
0.72
0.717
0.714
0.71
0.707
0.704
0.7
0.697
0.694
0.69
0.687
0.684
0.68
0.677
0.674
0.67
0.667
0.664
0.66
0.657
0.654
0.65
0.647
0.644
0.641
0.637
0.634
0.631
0.627
0.624
0.621
0.617
0.614
0.611
0.607
0.604
0.601
0.597
0.594
0.591
0.587
0.584
0.581
0.577
0.574
0.571
0.568
0.564
0.561
0.558
0.554
0.551
0.548
0.544
0.541
0.538
0.534
0.531
0.528
0.524
0.521
0.518
0.514
0.511
0.508
0.504
0.501
0.498
0.495
0.491
0.488
0.485
0.481
0.478
0.475
0.471
0.468
0.465
0.461
0.458
0.455
0.451
0.448
0.445
0.441
0.438
0.435
0.431
0.428
0.425
0.422
0.418
0.415
0.412
0.408
0.405
0.402
0.398
0.395
0.392
0.388
0.385
0.382
0.378
0.375
0.372
0.368
0.365
0.362
0.359
0.355
0.352
0.349
0.345
0.342
0.339
0.335
0.332
0.329
0.325
0.322
0.319
0.315
0.312
0.309
0.305
0.302
0.299
0.295
0.292
0.289
0.286
0.282
0.279
0.276
0.272
0.269
0.266
0.262
0.259
0.256
0.252
0.249
0.246
0.242
0.239
0.236
0.232
0.229
0.226
0.222
0.219
0.216
0.213
0.209
0.206
0.203
0.199
0.196
0.193
0.189
0.186
0.183
0.179
0.176
0.173
0.169
0.166
0.163
0.159
0.156
0.153
0.149
0.146
0.143
0.186
0.229
0.271
0.314
0.357
0.4
0.443
0.486
0.529
0.571
0.592
0.612
0.633
0.653
0.673
0.694
0.714
0.735
0.755
0.776
0.796
0.816
0.837
0.857
0.878
0.898
0.918
0.939
0.959
0.98
1.0
0.997
0.993
0.99
0.986
0.983
0.979
0.976
0.972
0.969
0.965
0.962
0.958
0.955
0.951
0.948
0.944
0.941
0.938
0.934
0.931
0.927
0.924
0.92
0.917
0.913
0.91
0.906
0.903
0.899
0.896
0.892
0.889
0.885
0.882
0.878
0.875
0.872
0.868
0.865
0.861
0.858
0.854
0.851
0.847
0.844
0.84
0.837
0.833
0.83
0.826
0.823
0.819
0.816
0.812
0.809
0.806
0.802
0.799
0.795
0.792
0.788
0.785
0.781
0.778
0.774
0.771
0.767
0.764
0.76
0.757
0.753
0.75
0.749
0.748
0.746
0.745
0.744
0.743
0.741
0.74
0.739
0.738
0.737
0.735
0.734
0.733
0.732
0.73
0.729
0.728
0.727
0.726
0.724
0.723
0.722
0.721
0.72
0.718
0.717
0.716
0.715
0.713
0.712
0.711
0.71
0.709
0.707
0.706
0.705
0.704
0.702
0.701
0.7
0.697
0.694
0.691
0.688
0.685
0.682
0.679
0.676
0.673
0.67
0.667
0.583
0.5
0.417
0.333
0.335
0.337
0.339
0.341
0.343
0.345
0.347
0.349
0.351
0.353
0.355
0.357
0.359
0.36
0.362
0.364
0.366
0.368
0.37
0.372
0.374
0.376
0.378
0.38
0.382
0.384
0.386
0.388
0.39
0.391
0.393
0.395
0.397
0.399
0.401
0.403
0.405
0.407
0.409
0.411
0.413
0.415
0.417
0.419
0.421
0.422
0.424
0.426
0.428
0.43
0.432
0.434
0.436
0.438
0.44
0.442
0.444
0.446
0.448
0.45
0.452
0.453
0.455
0.457
0.459
0.461
0.463
0.465
0.467
0.469
0.471
0.473
0.475
0.477
0.479
0.481
0.483
0.484
0.486
0.488
0.49
0.492
0.494
0.496
0.498
0.5
0.507
0.513
0.52
0.526
0.533
0.539
0.546
0.553
0.559
0.566
0.572
0.579
0.586
0.592
0.599
0.605
0.612
0.618
0.625
0.632
0.638
0.645
0.651
0.658
0.664
0.671
0.678
0.684
0.691
0.697
0.704
0.711
0.717
0.724
0.73
0.737
0.743
0.75
0.758
0.766
0.774
0.782
0.79
0.798
0.806
0.815
0.823
0.831
0.839
0.847
0.855
0.863
0.871
0.879
0.887
0.895
0.903
0.911
0.919
0.927
0.935
0.944
0.952
0.96
0.968
0.976
0.984
0.992
1.0
0.992
0.984
0.976
0.969
0.961
0.953
0.945
0.937
0.929
0.922
0.914
0.906
0.898
0.89
0.882
0.875
0.867
0.859
0.851
0.843
0.835
0.827
0.82
0.812
0.804
0.796
0.788
0.78
0.773
0.765
0.757
0.749
0.741
0.733
0.725
0.718
0.71
0.702
0.694
0.686
0.678
0.671
0.663
0.655
0.647
0.639
0.631
0.624
0.616
0.608
0.6
0.592
0.584
0.576
0.569
0.561
0.553
0.545
0.537
0.529
0.522
0.514
0.506
0.498
0.49
0.482
0.475
0.467
0.459
0.451
0.443
0.435
0.427
0.42
0.412
0.404
0.396
0.388
0.38
0.373
0.365
0.357
0.349
0.341
0.333
0.35
0.368
0.385
0.402
0.419
0.436
0.453
0.47
0.487
0.504
0.521
0.538
0.556
0.55
0.545
0.54
0.535
0.53
0.525
0.52
0.515
0.51
0.505
0.5
0.495
0.49
0.484
0.479
0.474
0.469
0.464
0.459
0.454
0.449
0.444
0.439
0.434
0.429
0.43
0.432
0.434
0.436
0.438
0.44
0.442
0.444
0.445
0.447
0.449
0.451
0.453
0.455
0.457
0.459
0.461
0.462
0.464
0.466
0.468
0.47
0.472
0.474
0.476
0.477
0.479
0.481
0.483
0.485
0.487
0.489
0.491
0.492
0.494
0.496
0.498
0.5
0.49
0.48
0.471
0.461
0.451
0.441
0.431
0.422
0.412
0.402
0.392
0.382
0.373
0.363
0.353
0.343
0.333
0.335
0.336
0.337
0.338
0.339
0.341
0.342
0.343
0.344
0.345
0.347
0.348
0.349
0.35
0.351
0.353
0.354
0.355
0.356
0.357
0.359
0.36
0.361
0.362
0.364
0.365
0.366
0.367
0.368
0.37
0.371
0.372
0.373
0.374
0.376
0.377
0.378
0.379
0.38
0.382
0.383
0.384
0.385
0.386
0.388
0.389
0.39
0.391
0.393
0.394
0.395
0.396
0.397
0.399
0.4
0.401
0.402
0.403
0.405
0.406
0.407
0.408
0.409
0.411
0.412
0.413
0.414
0.415
0.417
0.418
0.419
0.42
0.421
0.423
0.424
0.425
0.426
0.428
0.429
0.43
0.431
0.432
0.434
0.435
0.436
0.437
0.438
0.44
0.441
0.442
0.443
0.444
0.446
0.447
0.448
0.449
0.45
0.452
0.453
0.454
0.455
0.457
0.458
0.459
0.46
0.461
0.463
0.464
0.465
0.466
0.467
0.469
0.47
0.471
0.472
0.473
0.475
0.476
0.477
0.478
0.479
0.481
0.482
0.483
0.484
0.486
0.487
0.488
0.489
0.49
0.492
0.493
0.494
0.495
0.496
0.498
0.499
0.5
0.509
0.518
0.527
0.536
0.545
0.554
0.562
0.571
0.58
0.589
0.598
0.607
0.616
0.625
0.634
0.643
0.652
0.661
0.67
0.679
0.688
0.696
0.705
0.714
0.714
0.714
0.714
0.714
0.714
0.714
0.714
0.714
0.714
0.714
0.714
0.714
0.714
0.714
0.714
0.714
0.714
0.714
0.714
0.714
0.714
0.714
0.714
0.714
0.714
0.714
0.714
0.714
0.714
0.714
0.714
0.714
0.714
0.714
0.714
0.714
0.714
0.714
0.714
0.714
0.714
0.714
0.714
0.714
0.714
0.714
0.714
0.714
0.714
0.714
0.714
0.714
0.714
0.714
0.714
0.714
0.714
0.714
0.714
0.714
0.714
0.714
0.714
0.714
0.714
0.714
0.714
0.714
0.714
0.714
0.714
0.714
0.714
0.714
0.714
0.714
0.714
0.714
0.714
0.714
0.705
0.696
0.686
0.677
0.668
0.658
0.649
0.64
0.63
0.621
0.612
0.602
0.593
0.584
0.575
0.565
0.556
0.547
0.537
0.528
0.519
0.509
0.5
0.462
0.425
0.388
0.35
0.312
0.275
0.238
0.2
0.202
0.203
0.205
0.206
0.208
0.209
0.211
0.213
0.214
0.216
0.217
0.219
0.22
0.222
0.223
0.225
0.227
0.228
0.23
0.231
0.233
0.234
0.236
0.238
0.239
0.241
0.242
0.244
0.245
0.247
0.249
0.25
0.252
0.253
0.255
0.256
0.258
0.259
0.261
0.263
0.264
0.266
0.267
0.269
0.27
0.272
0.274
0.275
0.277
0.278
0.28
0.281
0.283
0.284
0.286
0.288
0.289
0.291
0.292
0.294
0.295
0.297
0.299
0.3
0.302
0.303
0.305
0.306
0.308
0.31
0.311
0.313
0.314
0.316
0.317
0.319
0.32
0.322
0.324
0.325
0.327
0.328
0.33
0.331
0.333
0.335
0.336
0.338
0.339
0.341
0.342
0.344
0.346
0.347
0.349
0.35
0.352
0.353
0.355
0.356
0.358
0.36
0.361
0.363
0.364
0.366
0.367
0.369
0.371
0.372
0.374
0.375
0.377
0.378
0.38
0.381
0.383
0.385
0.386
0.388
0.389
0.391
0.392
0.394
0.396
0.397
0.399
0.4
0.402
0.403
0.405
0.407
0.408
0.41
0.411
0.413
0.414
0.416
0.417
0.419
0.421
0.422
0.424
0.425
0.427
0.428
0.43
0.432
0.433
0.435
0.436
0.438
0.439
0.441
0.443
0.444
0.446
0.447
0.449
0.45
0.452
0.453
0.455
0.457
0.458
0.46
0.461
0.463
0.464
0.466
0.468
0.469
0.471
0.472
0.474
0.475
0.477
0.479
0.48
0.482
0.483
0.485
0.486
0.488
0.489
0.491
0.493
0.494
0.496
0.497
0.499
0.5
0.502
0.504
0.505
0.507
0.508
0.51
0.511
0.513
0.514
0.516
0.518
0.519
0.521
0.522
0.524
0.525
0.527
0.529
0.53
0.532
0.533
0.535
0.536
0.538
0.54
0.541
0.543
0.544
0.546
0.547
0.549
0.55
0.552
0.554
0.555
0.557
0.558
0.56
0.561
0.563
0.565
0.566
0.568
0.569
0.571
0.572
0.574
0.576
0.577
0.579
0.58
0.582
0.583
0.625
0.667
0.708
0.75
0.737
0.724
0.711
0.697
0.684
0.671
0.658
0.645
0.632
0.618
0.605
0.592
0.579
0.566
0.553
0.539
0.526
0.513
0.5
0.506
0.513
0.519
0.525
0.532
0.538
0.544
0.55
0.557
0.563
0.569
0.576
0.582
0.588
0.595
0.601
0.607
0.613
0.62
0.626
0.632
0.639
0.645
0.651
0.658
0.664
0.67
0.676
0.683
0.689
0.695
0.702
0.708
0.714
0.67
0.626
0.581
0.537
0.492
0.448
0.404
0.359
0.315
0.271
0.226
0.182
0.187
0.192
0.197
0.202
0.207
0.212
0.217
0.222
0.227
0.232
0.237
0.242
0.247
0.252
0.257
0.262
0.267
0.272
0.277
0.282
0.287
0.292
0.297
0.302
0.307
0.312
0.317
0.322
0.327
0.332
0.337
0.342
0.347
0.352
0.357
0.362
0.367
0.372
0.377
0.382
0.387
0.392
0.397
0.402
0.407
0.412
0.417
0.422
0.427
0.432
0.437
0.442
0.447
0.452
0.457
0.462
0.467
0.472
0.477
0.482
0.487
0.492
0.497
0.502
0.507
0.512
0.517
0.522
0.527
0.532
0.537
0.542
0.547
0.552
0.557
0.562
0.567
0.572
0.577
0.582
0.587
0.592
0.597
0.602
0.607
0.612
0.617
0.622
0.627
0.632
0.637
0.642
0.647
0.652
0.657
0.662
0.667
0.674
0.682
0.689
0.697
0.705
0.712
0.72
0.727
0.735
0.742
0.75
0.748
0.746
0.745
0.743
0.741
0.739
0.737
0.735
0.734
0.732
0.73
0.728
0.726
0.724
0.723
0.721
0.719
0.717
0.715
0.714
0.712
0.71
0.708
0.706
0.704
0.703
0.701
0.699
0.697
0.695
0.693
0.692
0.69
0.688
0.686
0.684
0.682
0.681
0.679
0.677
0.675
0.673
0.672
0.67
0.668
0.666
0.664
0.662
0.661
0.659
0.657
0.655
0.653
0.651
0.65
0.648
0.646
0.644
0.642
0.641
0.639
0.637
0.635
0.633
0.631
0.63
0.628
0.626
0.624
0.622
0.62
0.619
0.617
0.615
0.613
0.611
0.609
0.608
0.606
0.604
0.602
0.6
0.599
0.597
0.595
0.593
0.591
0.589
0.588
0.586
0.584
0.582
0.58
0.578
0.577
0.575
0.573
0.571
0.569
0.568
0.566
0.564
0.562
0.56
0.558
0.557
0.555
0.553
0.551
0.549
0.547
0.546
0.544
0.542
0.54
0.538
0.536
0.535
0.533
0.531
0.529
0.527
0.526
0.524
0.522
0.52
0.518
0.516
0.515
0.513
0.511
0.509
0.507
0.505
0.504
0.502
0.5
0.478
0.455
0.433
0.411
0.388
0.366
0.344
0.321
0.299
0.277
0.254
0.232
0.21
0.188
0.165
0.143
0.186
0.229
0.271
0.314
0.357
0.4
0.443
0.486
0.529
0.571
0.592
0.612
0.633
0.653
0.673
0.694
0.714
0.735
0.755
0.776
0.796
0.816
0.837
0.857
0.878
0.898
0.918
0.939
0.959
0.98
1.0
0.993
0.986
0.978
0.971
0.964
0.957
0.95
0.943
0.935
0.928
0.921
0.914
0.907
0.9
0.892
0.885
0.878
0.871
0.864
0.857
0.849
0.842
0.835
0.828
0.821
0.814
0.806
0.799
0.792
0.785
0.778
0.771
0.763
0.756
0.749
0.742
0.735
0.728
0.72
0.713
0.706
0.699
0.692
0.685
0.677
0.67
0.663
0.656
0.649
0.642
0.634
0.627
0.62
0.613
0.606
0.599
0.591
0.584
0.577
0.57
0.563
0.556
0.548
0.541
0.534
0.527
0.52
0.513
0.505
0.498
0.491
0.484
0.477
0.47
0.462
0.455
0.448
0.441
0.434
0.427
0.419
0.412
0.405
0.398
0.391
0.384
0.376
0.369
0.362
0.355
0.348
0.341
0.333
0.341
0.348
0.355
0.363
0.37
0.377
0.385
0.392
0.4
0.407
0.414
0.422
0.429
0.436
0.444
0.451
0.458
0.466
0.473
0.48
0.488
0.495
0.502
0.51
0.517
0.525
0.532
0.539
0.547
0.554
0.561
0.569
0.576
0.583
0.591
0.598
0.605
0.613
0.62
0.627
0.635
0.642
0.65
0.657
0.664
0.672
0.679
0.686
0.694
0.701
0.708
0.716
0.723
0.73
0.738
0.745
0.752
0.76
0.767
0.775
0.782
0.789
0.797
0.804
0.811
0.819
0.826
0.833
0.804
0.775
0.745
0.716
0.686
0.657
0.627
0.598
0.569
0.539
0.51
0.48
0.451
0.422
0.392
0.363
0.333
0.346
0.359
0.372
0.385
0.398
0.411
0.424
0.438
0.451
0.464
0.477
0.49
0.503
0.516
0.529
0.542
0.555
0.568
0.581
0.594
0.607
0.62
0.633
0.646
0.659
0.672
0.685
0.698
0.711
0.724
0.737
0.75
0.743
0.736
0.729
0.722
0.715
0.708
0.701
0.694
0.688
0.681
0.674
0.667
0.662
0.658
0.654
0.65
0.646
0.641
0.637
0.633
0.629
0.625
0.62
0.616
0.612
0.608
0.604
0.599
0.595
0.591
0.587
0.582
0.578
0.574
0.57
0.566
0.561
0.557
0.553
0.549
0.545
0.54
0.536
0.532
0.528
0.524
0.519
0.515
0.511
0.507
0.503
0.498
0.494
0.49
0.486
0.481
0.477
0.473
0.469
0.465
0.46
0.456
0.452
0.448
0.444
0.439
0.435
0.431
0.427
0.423
0.418
0.414
0.41
0.406
0.402
0.397
0.393
0.389
0.385
0.38
0.376
0.372
0.368
0.364
0.384
0.404
0.424
0.444
0.465
0.485
0.505
0.525
0.545
0.566
0.586
0.606
0.626
0.646
0.667
0.687
0.707
0.727
0.725
0.722
0.72
0.718
0.715
0.713
0.711
0.708
0.706
0.703
0.701
0.699
0.696
0.694
0.691
0.689
0.687
0.684
0.682
0.679
0.677
0.675
0.672
0.67
0.667
0.665
0.663
0.66
0.658
0.656
0.653
0.651
0.648
0.646
0.644
0.641
0.639
0.636
0.634
0.632
0.629
0.627
0.624
0.622
0.62
0.617
0.615
0.612
0.61
0.608
0.605
0.603
0.6
0.598
0.596
0.593
0.591
0.589
0.586
0.584
0.581
0.579
0.577
0.574
0.572
0.569
0.567
0.565
0.562
0.56
0.557
0.555
0.553
0.55
0.548
0.545
0.543
0.541
0.538
0.536
0.533
0.531
0.529
0.526
0.524
0.522
0.519
0.517
0.514
0.512
0.51
0.507
0.505
0.502
0.5
0.46
0.421
0.381
0.341
0.302
0.262
0.222
0.183
0.143
0.186
0.229
0.271
0.314
0.357
0.4
0.443
0.486
0.529
0.571
0.592
0.612
0.633
0.653
0.673
0.694
0.714
0.735
0.755
0.776
0.796
0.816
0.837
0.857
0.878
0.898
0.918
0.939
0.959
0.98
1.0
0.995
0.99
0.985
0.979
0.974
0.969
0.964
0.959
0.954
0.948
0.943
0.938
0.933
0.928
0.923
0.918
0.912
0.907
0.902
0.897
0.892
0.887
0.881
0.876
0.871
0.866
0.861
0.856
0.851
0.845
0.84
0.835
0.83
0.825
0.82
0.814
0.809
0.804
0.799
0.794
0.789
0.784
0.778
0.773
0.768
0.763
0.758
0.753
0.747
0.742
0.737
0.732
0.727
0.722
0.716
0.711
0.706
0.701
0.696
0.691
0.686
0.68
0.675
0.67
0.665
0.66
0.655
0.649
0.644
0.639
0.634
0.629
0.624
0.619
0.613
0.608
0.603
0.598
0.593
0.588
0.582
0.577
0.572
0.567
0.562
0.557
0.552
0.546
0.541
0.536
0.531
0.526
0.521
0.515
0.51
0.505
0.5
0.449
0.398
0.347
0.296
0.245
0.194
0.143
0.186
0.229
0.271
0.314
0.357
0.4
0.443
0.486
0.529
0.571
0.592
0.612
0.633
0.653
0.673
0.694
0.714
0.735
0.755
0.776
0.796
0.816
0.837
0.857
0.878
0.898
0.918
0.939
0.959
0.98
1.0
0.667
0.333
0.331
0.328
0.325
0.323
0.32
0.317
0.315
0.312
0.31
0.307
0.304
0.302
0.299
0.296
0.294
0.291
0.288
0.286
0.283
0.28
0.278
0.275
0.272
0.27
0.267
0.265
0.262
0.259
0.257
0.254
0.251
0.249
0.246
0.243
0.241
0.238
0.235
0.233
0.23
0.228
0.225
0.222
0.22
0.217
0.214
0.212
0.209
0.206
0.204
0.201
0.198
0.196
0.193
0.19
0.188
0.185
0.183
0.18
0.177
0.175
0.172
0.169
0.167
0.164
0.161
0.159
0.156
0.153
0.151
0.148
0.146
0.143
0.186
0.229
0.271
0.314
0.357
0.4
0.443
0.486
0.529
0.571
0.592
0.612
0.633
0.653
0.673
0.694
0.714
0.735
0.755
0.776
0.796
0.816
0.837
0.857
0.878
0.898
0.918
0.939
0.959
0.98
1.0
0.977
0.955
0.932
0.909
0.886
0.864
0.841
0.818
0.795
0.773
0.75
0.745
0.74
0.735
0.73
0.725
0.72
0.714
0.709
0.704
0.699
0.694
0.689
0.684
0.679
0.674
0.669
0.664
0.659
0.653
0.648
0.643
0.638
0.633
0.628
0.623
0.618
0.613
0.608
0.603
0.598
0.592
0.587
0.582
0.577
0.572
0.567
0.562
0.557
0.552
0.547
0.542
0.537
0.532
0.526
0.521
0.516
0.511
0.506
0.501
0.496
0.491
0.486
0.481
0.476
0.471
0.465
0.46
0.455
0.45
0.445
0.44
0.435
0.43
0.425
0.42
0.415
0.41
0.404
0.399
0.394
0.389
0.384
0.379
0.374
0.369
0.364
0.359
0.354
0.349
0.343
0.338
0.333
0.335
0.336
0.338
0.34
0.341
0.343
0.344
0.346
0.348
0.349
0.351
0.352
0.354
0.355
0.357
0.359
0.36
0.362
0.363
0.365
0.367
0.368
0.37
0.371
0.373
0.374
0.376
0.378
0.379
0.381
0.382
0.384
0.385
0.387
0.389
0.39
0.392
0.393
0.395
0.397
0.398
0.4
0.401
0.403
0.404
0.406
0.408
0.409
0.411
0.412
0.414
0.415
0.417
0.419
0.42
0.422
0.423
0.425
0.427
0.428
0.43
0.431
0.433
0.434
0.436
0.438
0.439
0.441
0.442
0.444
0.445
0.447
0.449
0.45
0.452
0.453
0.455
0.457
0.458
0.46
0.461
0.463
0.464
0.466
0.468
0.469
0.471
0.472
0.474
0.476
0.477
0.479
0.48
0.482
0.483
0.485
0.487
0.488
0.49
0.491
0.493
0.494
0.496
0.498
0.499
0.501
0.502
0.504
0.506
0.507
0.509
0.51
0.512
0.513
0.515
0.517
0.518
0.52
0.521
0.523
0.524
0.526
0.528
0.529
0.531
0.532
0.534
0.536
0.537
0.539
0.54
0.542
0.543
0.545
0.547
0.548
0.55
0.551
0.553
0.555
0.556
0.558
0.559
0.561
0.562
0.564
0.566
0.567
0.569
0.57
0.572
0.573
0.575
0.577
0.578
0.58
0.581
0.583
0.585
0.586
0.588
0.589
0.591
0.592
0.594
0.596
0.597
0.599
0.6
0.602
0.603
0.605
0.607
0.608
0.61
0.611
0.613
0.615
0.616
0.618
0.619
0.621
0.622
0.624
0.626
0.627
0.629
0.63
0.632
0.633
0.635
0.637
0.638
0.64
0.641
0.643
0.645
0.646
0.648
0.649
0.651
0.652
0.654
0.656
0.657
0.659
0.66
0.662
0.664
0.665
0.667
0.675
0.683
0.692
0.7
0.708
0.717
0.725
0.733
0.742
0.75
0.758
0.767
0.775
0.783
0.792
0.8
0.795
0.79
0.784
0.779
0.774
0.769
0.764
0.758
0.753
0.748
0.743
0.738
0.732
0.727
0.722
0.717
0.712
0.706
0.701
0.696
0.691
0.686
0.681
0.675
0.67
0.665
0.66
0.655
0.649
0.644
0.639
0.634
0.629
0.623
0.618
0.613
0.608
0.603
0.597
0.592
0.587
0.582
0.577
0.571
0.571
0.57
0.57
0.569
0.569
0.568
0.568
0.567
0.566
0.566
0.565
0.565
0.564
0.564
0.563
0.563
0.562
0.562
0.561
0.56
0.56
0.559
0.559
0.558
0.558
0.557
0.557
0.556
0.555
0.555
0.554
0.554
0.553
0.553
0.552
0.552
0.551
0.551
0.55
0.549
0.549
0.548
0.548
0.547
0.547
0.546
0.546
0.545
0.545
0.544
0.543
0.543
0.542
0.542
0.541
0.541
0.54
0.54
0.539
0.538
0.538
0.537
0.537
0.536
0.536
0.535
0.535
0.534
0.534
0.533
0.532
0.532
0.531
0.531
0.53
0.53
0.529
0.529
0.528
0.527
0.527
0.526
0.526
0.525
0.525
0.524
0.524
0.523
0.523
0.522
0.521
0.521
0.52
0.52
0.519
0.519
0.518
0.518
0.517
0.516
0.516
0.515
0.515
0.514
0.514
0.513
0.513
0.512
0.512
0.511
0.51
0.51
0.509
0.509
0.508
0.508
0.507
0.507
0.506
0.505
0.505
0.504
0.504
0.503
0.503
0.502
0.502
0.501
0.501
0.5
0.503
0.505
0.508
0.51
0.513
0.516
0.518
0.521
0.523
0.526
0.529
0.531
0.534
0.536
0.539
0.542
0.544
0.547
0.549
0.552
0.555
0.557
0.56
0.562
0.565
0.568
0.57
0.573
0.576
0.578
0.581
0.583
0.586
0.589
0.591
0.594
0.596
0.599
0.602
0.604
0.607
0.609
0.612
0.615
0.617
0.62
0.622
0.625
0.628
0.63
0.633
0.635
0.638
0.641
0.643
0.646
0.648
0.651
0.654
0.656
0.659
0.661
0.664
0.667
0.667
0.667
0.667
0.667
0.667
0.667
0.667
0.667
0.667
0.667
0.667
0.667
0.667
0.667
0.667
0.667
0.667
0.667
0.667
0.667
0.667
0.667
0.667
0.667
0.667
0.667
0.667
