0.0
0.023
0.046
0.069
0.091
0.113
0.134
0.155
0.176
0.197
0.217
0.236
0.256
0.275
0.294
0.312
0.33
0.348
0.366
0.383
0.4
0.416
0.433
0.449
0.464
0.48
0.495
0.51
0.524
0.538
0.552
0.566
0.579
0.593
0.605
0.618
0.63
0.642
0.654
0.666
0.677
0.688
0.699
0.709
0.72
0.73
0.739
0.749
0.758
0.767
0.776
0.785
0.793
0.802
0.81
0.818
0.825
0.832
0.84
0.847
0.853
0.86
0.866
0.873
0.879
0.884
0.89
0.895
0.901
0.906
0.911
0.916
0.92
0.925
0.929
0.933
0.937
0.941
0.944
0.948
0.951
0.955
0.958
0.961
0.963
0.966
0.969
0.971
0.973
0.976
0.978
0.98
0.982
0.983
0.985
0.986
0.988
0.989
0.99
0.992
0.993
0.994
0.995
0.995
0.996
0.997
0.997
0.998
0.998
0.999
0.999
0.999
1.0
1.0
1.0
1.0
1.0
0.991
0.983
0.974
0.965
0.956
0.947
0.938
0.93
0.921
0.912
0.903
0.894
0.885
0.876
0.867
0.858
0.849
0.84
0.831
0.822
0.813
0.804
0.795
0.786
0.777
0.769
0.76
0.751
0.742
0.733
0.725
0.716
0.708
0.699
0.691
0.682
0.674
0.666
0.657
0.649
0.641
0.633
0.625
0.622
0.62
0.617
0.615
0.612
0.61
0.608
0.605
0.603
0.601
0.599
0.597
0.596
0.594
0.592
0.591
0.589
0.587
0.586
0.585
0.583
0.582
0.581
0.58
0.579
0.578
0.577
0.576
0.576
0.575
0.574
0.574
0.573
0.573
0.572
0.572
0.572
0.571
0.571
0.571
0.571
0.571
0.571
0.571
0.571
0.572
0.572
0.572
0.573
0.573
0.573
0.574
0.575
0.575
0.576
0.577
0.577
0.578
0.579
0.58
0.581
0.582
0.583
0.584
0.585
0.587
0.588
0.589
0.59
0.592
0.593
0.595
0.596
0.598
0.599
0.601
0.602
0.604
0.606
0.608
0.609
0.611
0.613
0.615
0.617
0.619
0.621
0.623
0.625
0.627
0.629
0.631
0.634
0.636
0.638
0.64
0.643
0.645
0.647
0.65
0.652
0.655
0.657
0.66
0.662
0.665
0.667
0.67
0.672
0.675
0.678
0.68
0.683
0.686
0.688
0.691
0.694
0.697
0.7
0.702
0.705
0.708
0.711
0.714
0.717
0.72
0.723
0.726
0.728
0.731
0.734
0.737
0.74
0.743
0.746
0.749
0.752
0.755
0.758
0.762
0.765
0.768
0.771
0.774
0.777
0.78
0.783
0.786
0.789
0.792
0.795
0.798
0.802
0.805
0.808
0.811
0.814
0.817
0.82
0.823
0.826
0.829
0.832
0.835
0.838
0.842
0.845
0.848
0.851
0.854
0.857
0.86
0.863
0.866
0.869
0.871
0.874
0.877
0.88
0.883
0.886
0.889
0.892
0.895
0.897
0.9
0.903
0.906
0.909
0.911
0.914
0.917
0.919
0.922
0.925
0.927
0.93
0.933
0.935
0.938
0.94
0.943
0.945
0.947
0.95
0.952
0.955
0.957
0.959
0.961
0.964
0.966
0.968
0.97
0.972
0.974
0.977
0.979
0.981
0.982
0.984
0.986
0.988
0.99
0.992
0.993
0.995
0.997
0.998
1.0
1.001
1.001
1.002
1.003
1.003
1.004
1.004
1.005
1.005
1.006
1.006
1.006
1.007
1.007
1.007
1.008
1.008
1.008
1.008
1.008
1.008
1.008
1.008
1.009
1.009
1.009
1.009
1.008
1.008
1.008
1.008
1.008
1.008
1.008
1.008
1.008
1.007
1.007
1.007
1.007
1.007
1.006
1.006
1.006
1.006
1.006
1.005
1.005
1.005
1.005
1.004
1.004
1.004
1.004
1.003
1.003
1.003
1.003
1.002
1.002
1.002
1.002
1.002
1.001
1.001
1.001
1.001
1.001
1.001
1.0
1.0
1.0
1.0
1.0
1.0
1.0
1.0
1.0
1.0
1.0
1.0
1.0
1.0
1.0
1.001
1.001
1.001
1.001
1.001
1.001
1.001
1.001
1.002
1.002
1.002
1.002
1.002
1.002
1.003
1.003
1.003
1.003
1.003
1.003
1.003
1.003
1.003
1.003
1.003
1.004
1.004
1.003
1.003
1.003
1.003
1.003
1.003
1.003
1.003
1.003
1.002
1.002
1.002
1.002
1.001
1.001
1.0
1.0
1.0
0.999
0.998
0.998
0.997
0.997
0.996
0.996
0.995
0.994
0.994
0.993
0.993
0.992
0.992
0.991
0.991
0.99
0.99
0.99
0.99
0.99
0.989
0.989
0.99
0.99
0.99
0.99
0.991
0.991
0.992
0.993
0.994
0.995
0.996
0.997
0.998
1.0
1.002
1.004
1.005
1.008
1.01
1.012
1.015
1.017
1.02
1.023
1.026
1.029
1.032
1.036
1.039
1.043
1.046
1.05
1.054
1.058
1.062
1.066
1.07
1.074
1.079
1.083
1.087
1.092
1.097
1.101
1.106
1.111
1.116
1.121
1.126
1.131
1.136
1.141
1.146
1.151
1.156
1.161
1.167
1.172
1.177
1.183
1.188
1.193
1.199
1.204
1.209
1.215
1.22
1.226
1.231
1.236
1.242
1.247
1.252
1.258
1.263
1.268
1.273
1.279
1.284
1.289
1.294
1.299
1.304
1.309
1.314
1.319
1.323
1.328
1.333
1.337
1.342
1.346
1.351
1.355
1.359
1.363
1.367
1.371
1.375
1.379
1.383
1.386
1.39
1.393
1.396
1.4
1.403
1.406
1.408
1.411
1.414
1.416
1.418
1.421
1.423
1.424
1.426
1.428
1.429
1.431
1.432
1.433
1.434
1.434
1.435
1.435
1.436
1.436
1.435
1.435
1.435
1.434
1.433
1.432
1.431
1.429
1.428
1.426
1.424
1.421
1.419
1.416
1.413
1.41
1.407
1.403
1.4
1.396
1.391
1.387
1.382
1.377
1.372
1.367
1.361
1.355
1.349
1.342
1.336
1.329
1.321
1.314
1.306
1.298
1.29
1.281
1.272
1.263
1.254
1.244
1.234
1.224
1.213
1.202
1.191
1.179
1.167
1.155
1.143
1.13
1.117
1.103
1.09
1.076
1.061
1.046
1.031
1.016
1.0
0.97
0.939
0.908
0.877
0.847
0.816
0.786
0.757
0.728
0.699
0.672
0.645
0.619
0.595
0.571
0.57
0.569
0.57
0.572
0.576
0.58
0.585
0.592
0.599
0.608
0.617
0.627
0.638
0.65
0.662
0.675
0.689
0.703
0.718
0.733
0.749
0.765
0.781
0.797
0.814
0.831
0.848
0.865
0.883
0.9
0.917
0.934
0.951
0.967
0.984
1.0
1.008
1.016
1.024
1.031
1.038
1.044
1.051
1.056
1.062
1.067
1.072
1.077
1.081
1.085
1.089
1.093
1.096
1.099
1.102
1.104
1.106
1.108
1.11
1.111
1.112
1.113
1.113
1.114
1.114
1.114
1.114
1.113
1.112
1.111
1.11
1.109
1.107
1.105
1.103
1.101
1.098
1.096
1.093
1.09
1.087
1.084
1.08
1.076
1.073
1.069
1.064
1.06
1.056
1.051
1.047
1.042
1.037
1.032
1.027
1.021
1.016
1.01
1.005
0.999
0.993
0.987
0.981
0.975
0.969
0.962
0.956
0.95
0.943
0.937
0.93
0.923
0.917
0.91
0.903
0.896
0.889
0.882
0.875
0.868
0.861
0.854
0.847
0.84
0.833
0.826
0.819
0.812
0.805
0.798
0.791
0.784
0.777
0.77
0.763
0.756
0.749
0.742
0.736
0.729
0.722
0.716
0.709
0.703
0.696
0.69
0.684
0.678
0.672
0.666
0.66
0.654
0.649
0.643
0.637
0.632
0.627
0.622
0.617
0.612
0.607
0.603
0.598
0.594
0.59
0.586
0.582
0.578
0.575
0.571
0.572
0.573
0.574
0.576
0.577
0.579
0.581
0.583
0.585
0.587
0.589
0.592
0.595
0.597
0.6
0.603
0.607
0.61
0.613
0.617
0.621
0.624
0.628
0.632
0.636
0.641
0.645
0.649
0.654
0.659
0.663
0.668
0.673
0.678
0.683
0.688
0.693
0.699
0.704
0.709
0.715
0.72
0.726
0.732
0.737
0.743
0.749
0.755
0.76
0.766
0.772
0.778
0.784
0.79
0.797
0.803
0.809
0.815
0.821
0.827
0.833
0.84
0.846
0.852
0.858
0.864
0.871
0.877
0.883
0.889
0.895
0.901
0.908
0.914
0.92
0.926
0.932
0.938
0.944
0.949
0.955
0.961
0.967
0.972
0.978
0.984
0.989
0.995
1.0
1.002
1.004
1.006
1.008
1.009
1.011
1.013
1.014
1.016
1.017
1.019
1.02
1.021
1.023
1.024
1.025
1.026
1.027
1.028
1.028
1.029
1.03
1.031
1.031
1.032
1.032
1.033
1.033
1.033
1.034
1.034
1.034
1.034
1.034
1.034
1.034
1.034
1.034
1.033
1.033
1.033
1.032
1.032
1.032
1.031
1.03
1.03
1.029
1.028
1.028
1.027
1.026
1.025
1.024
1.023
1.022
1.021
1.02
1.019
1.018
1.016
1.015
1.014
1.012
1.011
1.009
1.008
1.006
1.005
1.003
1.002
1.0
0.998
0.996
0.995
0.993
0.991
0.989
0.987
0.985
0.983
0.981
0.979
0.977
0.975
0.972
0.97
0.968
0.966
0.963
0.961
0.959
0.956
0.954
0.951
0.949
0.946
0.944
0.941
0.939
0.936
0.933
0.931
0.928
0.925
0.922
0.92
0.917
0.914
0.911
0.908
0.905
0.902
0.9
0.897
0.894
0.891
0.888
0.885
0.882
0.878
0.875
0.872
0.869
0.866
0.863
0.86
0.857
0.853
0.85
0.847
0.844
0.84
0.837
0.834
0.831
0.827
0.824
0.821
0.817
0.814
0.811
0.807
0.804
0.8
0.797
0.794
0.79
0.787
0.783
0.78
0.777
0.773
0.77
0.766
0.763
0.759
0.756
0.753
0.749
0.746
0.742
0.739
0.735
0.732
0.728
0.725
0.721
0.718
0.714
0.711
0.708
0.704
0.701
0.697
0.694
0.69
0.687
0.684
0.68
0.677
0.673
0.67
0.667
0.663
0.66
0.656
0.653
0.65
0.646
0.643
0.64
0.636
0.633
0.63
0.627
0.623
0.62
0.617
0.614
0.611
0.607
0.604
0.601
0.598
0.595
0.592
0.589
0.586
0.583
0.58
0.577
0.574
0.571
0.568
0.565
0.562
0.559
0.556
0.553
0.55
0.548
0.545
0.542
0.539
0.537
0.534
0.531
0.529
0.526
0.524
0.521
0.518
0.516
0.514
0.511
0.509
0.506
0.504
0.502
0.499
0.497
0.495
0.493
0.491
0.489
0.486
0.484
0.482
0.48
0.478
0.477
0.475
0.473
0.471
0.469
0.468
0.466
0.464
0.463
0.461
0.46
0.458
0.457
0.455
0.454
0.452
0.451
0.45
0.449
0.448
0.446
0.445
0.444
0.443
0.442
0.442
0.441
0.44
0.439
0.438
0.438
0.437
0.437
0.436
0.436
0.435
0.435
0.435
0.434
0.434
0.434
0.434
0.434
0.434
0.434
0.434
0.434
0.434
0.435
0.435
0.435
0.436
0.436
0.437
0.437
0.438
0.439
0.44
0.44
0.441
0.442
0.443
0.444
0.448
0.452
0.456
0.46
0.464
0.468
0.472
0.476
0.48
0.484
0.489
0.493
0.497
0.502
0.506
0.511
0.515
0.52
0.524
0.529
0.534
0.538
0.543
0.548
0.553
0.558
0.563
0.568
0.572
0.577
0.582
0.588
0.593
0.598
0.603
0.608
0.613
0.618
0.623
0.629
0.634
0.639
0.644
0.649
0.655
0.66
0.665
0.67
0.676
0.681
0.686
0.691
0.697
0.702
0.707
0.713
0.718
0.723
0.728
0.734
0.739
0.744
0.749
0.754
0.76
0.765
0.77
0.775
0.78
0.785
0.79
0.795
0.8
0.805
0.81
0.815
0.82
0.825
0.83
0.834
0.839
0.844
0.849
0.853
0.858
0.863
0.867
0.872
0.876
0.88
0.885
0.889
0.893
0.898
0.902
0.906
0.91
0.914
0.918
0.922
0.926
0.93
0.933
0.937
0.941
0.944
0.948
0.951
0.954
0.958
0.961
0.964
0.967
0.97
0.973
0.976
0.978
0.981
0.984
0.986
0.989
0.991
0.993
0.996
0.998
1.0
1.002
1.003
1.005
1.007
1.008
1.01
1.011
1.013
1.014
1.015
1.016
1.017
1.017
1.018
1.019
1.019
1.02
1.02
1.02
1.02
1.02
1.02
1.019
1.019
1.018
1.018
1.017
1.016
1.015
1.014
1.013
1.011
1.01
1.008
1.006
1.004
1.002
1.0
0.996
0.992
0.988
0.983
0.979
0.975
0.97
0.966
0.962
0.957
0.953
0.949
0.945
0.941
0.937
0.933
0.93
0.927
0.924
0.921
0.919
0.916
0.914
0.913
0.912
0.911
0.91
0.91
0.91
0.911
0.912
0.914
0.916
0.919
0.922
0.926
0.931
0.936
0.941
0.948
0.955
0.962
0.971
0.98
0.989
1.0
1.011
1.023
1.036
1.05
1.064
1.078
1.093
1.109
1.125
1.141
1.158
1.175
1.192
1.209
1.227
1.244
1.262
1.28
1.297
1.315
1.332
1.35
1.367
1.384
1.4
1.416
1.432
1.447
1.462
1.476
1.49
1.503
1.516
1.527
1.538
1.549
1.558
1.566
1.574
1.58
1.586
1.59
1.594
1.596
1.597
1.596
1.595
1.592
1.588
1.582
1.574
1.566
1.555
1.543
1.53
1.514
1.497
1.478
1.458
1.435
1.41
1.384
1.355
1.325
1.292
1.257
1.22
1.181
1.139
1.095
1.049
1.0
0.895
0.789
0.681
0.573
0.464
0.356
0.25
0.203
0.157
0.113
0.071
0.031
-0.007
-0.044
-0.078
-0.112
-0.143
-0.173
-0.201
-0.227
-0.252
-0.276
-0.298
-0.318
-0.337
-0.354
-0.37
-0.385
-0.398
-0.409
-0.42
-0.429
-0.437
-0.443
-0.448
-0.452
-0.455
-0.457
-0.457
-0.456
-0.454
-0.452
-0.448
-0.443
-0.437
-0.429
-0.421
-0.413
-0.403
-0.392
-0.38
-0.368
-0.354
-0.34
-0.325
-0.31
-0.293
-0.276
-0.258
-0.24
-0.221
-0.201
-0.181
-0.16
-0.139
-0.117
-0.094
-0.071
-0.048
-0.024
-0.0
0.024
0.049
0.074
0.1
0.126
0.152
0.178
0.205
0.231
0.258
0.285
0.312
0.339
0.367
0.394
0.421
0.448
0.476
0.503
0.53
0.557
0.584
0.611
0.637
0.664
0.69
0.716
0.742
0.767
0.792
0.817
0.841
0.865
0.889
0.912
0.935
0.957
0.979
1.0
1.017
1.033
1.049
1.065
1.08
1.094
1.108
1.121
1.134
1.146
1.158
1.17
1.18
1.191
1.201
1.21
1.219
1.228
1.236
1.244
1.251
1.258
1.265
1.271
1.276
1.282
1.287
1.291
1.295
1.299
1.303
1.306
1.308
1.311
1.313
1.315
1.316
1.317
1.318
1.318
1.319
1.318
1.318
1.317
1.316
1.315
1.314
1.312
1.31
1.308
1.306
1.303
1.3
1.297
1.294
1.29
1.286
1.283
1.279
1.274
1.27
1.265
1.261
1.256
1.251
1.246
1.24
1.235
1.229
1.224
1.218
1.212
1.206
1.2
1.194
1.188
1.182
1.175
1.169
1.163
1.156
1.15
1.143
1.137
1.13
1.123
1.117
1.11
1.104
1.097
1.091
1.084
1.078
1.071
1.065
1.059
1.052
1.046
1.04
1.034
1.028
1.022
1.017
1.011
1.005
1.0
0.992
0.984
0.977
0.969
0.962
0.955
0.947
0.94
0.933
0.927
0.92
0.913
0.907
0.9
0.894
0.888
0.882
0.876
0.87
0.864
0.858
0.852
0.847
0.841
0.835
0.83
0.825
0.819
0.814
0.809
0.804
0.799
0.794
0.789
0.785
0.78
0.775
0.77
0.766
0.761
0.757
0.752
0.748
0.743
0.739
0.735
0.731
0.726
0.722
0.718
0.714
0.71
0.706
0.701
0.697
0.693
0.689
0.685
0.681
0.677
0.673
0.669
0.665
0.661
0.657
0.653
0.649
0.645
0.641
0.637
0.633
0.629
0.625
0.622
0.618
0.615
0.612
0.609
0.605
0.602
0.598
0.595
0.592
0.588
0.585
0.581
0.578
0.574
0.571
0.567
0.564
0.56
0.557
0.553
0.55
0.546
0.542
0.539
0.535
0.532
0.528
0.524
0.521
0.517
0.513
0.51
0.506
0.502
0.498
0.495
0.491
0.487
0.483
0.48
0.476
0.472
0.468
0.465
0.461
0.457
0.453
0.449
0.446
0.442
0.438
0.434
0.43
0.427
0.423
0.419
0.415
0.411
0.407
0.404
0.4
0.396
0.392
0.388
0.385
0.381
0.377
0.373
0.369
0.365
0.362
0.358
0.354
0.35
0.346
0.343
0.339
0.335
0.331
0.328
0.324
0.32
0.316
0.312
0.309
0.305
0.301
0.298
0.294
0.29
0.286
0.283
0.279
0.275
0.272
0.268
0.265
0.261
0.257
0.254
0.25
0.246
0.243
0.239
0.236
0.232
0.229
0.225
0.222
0.218
0.215
0.211
0.208
0.205
0.201
0.198
0.194
0.191
0.188
0.184
0.181
0.178
0.175
0.171
0.168
0.165
0.162
0.159
0.156
0.152
0.149
0.146
0.143
0.14
0.137
0.134
0.131
0.128
0.125
0.122
0.119
0.117
0.114
0.111
0.108
0.105
0.103
0.1
0.097
0.095
0.092
0.089
0.087
0.084
0.082
0.079
0.077
0.077
0.078
0.078
0.079
0.08
0.08
0.081
0.082
0.082
0.083
0.084
0.085
0.086
0.086
0.087
0.088
0.089
0.09
0.091
0.092
0.093
0.094
0.095
0.096
0.097
0.099
0.1
0.101
0.102
0.104
0.105
0.106
0.107
0.109
0.11
0.112
0.113
0.115
0.116
0.117
0.119
0.121
0.122
0.124
0.125
0.127
0.129
0.13
0.132
0.134
0.135
0.137
0.139
0.141
0.143
0.145
0.146
0.148
0.15
0.152
0.154
0.156
0.158
0.16
0.162
0.164
0.166
0.168
0.17
0.172
0.175
0.177
0.179
0.181
0.183
0.186
0.188
0.19
0.192
0.195
0.197
0.199
0.202
0.204
0.206
0.209
0.211
0.214
0.216
0.219
0.221
0.224
0.226
0.229
0.231
0.234
0.236
0.239
0.242
0.244
0.247
0.249
0.252
0.255
0.257
0.26
0.263
0.266
0.268
0.271
0.274
0.277
0.279
0.282
0.285
0.288
0.291
0.293
0.296
0.299
0.302
0.305
0.308
0.311
0.314
0.317
0.32
0.323
0.325
0.328
0.331
0.334
0.337
0.34
0.343
0.346
0.35
0.353
0.356
0.359
0.362
0.365
0.368
0.371
0.374
0.377
0.38
0.383
0.387
0.39
0.393
0.396
0.399
0.402
0.406
0.409
0.412
0.415
0.418
0.421
0.425
0.428
0.431
0.434
0.438
0.441
0.444
0.447
0.451
0.454
0.457
0.46
0.464
0.467
0.47
0.473
0.477
0.48
0.483
0.486
0.49
0.493
0.496
0.5
0.503
0.506
0.509
0.513
0.516
0.519
0.523
0.526
0.529
0.532
0.536
0.539
0.542
0.546
0.549
0.552
0.556
0.559
0.562
0.565
0.569
0.572
0.575
0.579
0.582
0.585
0.588
0.592
0.595
0.598
0.602
0.605
0.608
0.611
0.615
0.618
0.621
0.624
0.628
0.631
0.634
0.637
0.641
0.644
0.647
0.65
0.653
0.657
0.66
0.663
0.666
0.669
0.673
0.676
0.679
0.682
0.685
0.688
0.692
0.695
0.698
0.701
0.704
0.707
0.71
0.713
0.716
0.72
0.723
0.726
0.729
0.732
0.735
0.738
0.741
0.744
0.747
0.75
0.753
0.756
0.759
0.762
0.765
0.767
0.77
0.773
0.776
0.779
0.782
0.785
0.788
0.79
0.793
0.796
0.799
0.802
0.804
0.807
0.81
0.813
0.815
0.818
0.821
0.824
0.826
0.829
0.832
0.834
0.837
0.839
0.842
0.845
0.847
0.85
0.852
0.855
0.857
0.86
0.862
0.865
0.867
0.869
0.872
0.874
0.877
0.879
0.881
0.884
0.886
0.888
0.89
0.893
0.895
0.897
0.899
0.902
0.904
0.906
0.908
0.91
0.912
0.914
0.916
0.918
0.92
0.922
0.924
0.926
0.928
0.93
0.932
0.934
0.936
0.938
0.939
0.941
0.943
0.945
0.946
0.948
0.95
0.951
0.953
0.955
0.956
0.958
0.959
0.961
0.962
0.964
0.965
0.967
0.968
0.97
0.971
0.972
0.974
0.975
0.976
0.977
0.979
0.98
0.981
0.982
0.983
0.984
0.985
0.986
0.987
0.988
0.989
0.99
0.991
0.992
0.993
0.994
0.995
0.995
0.996
0.997
0.998
0.998
0.999
0.999
1.0
0.998
0.997
0.995
0.994
0.992
0.99
0.989
0.987
0.985
0.983
0.981
0.98
0.978
0.976
0.974
0.972
0.97
0.968
0.966
0.964
0.962
0.96
0.958
0.956
0.953
0.951
0.949
0.947
0.945
0.942
0.94
0.938
0.935
0.933
0.931
0.928
0.926
0.923
0.921
0.919
0.916
0.914
0.911
0.909
0.906
0.903
0.901
0.898
0.896
0.893
0.89
0.888
0.885
0.882
0.88
0.877
0.874
0.871
0.869
0.866
0.863
0.86
0.857
0.855
0.852
0.849
0.846
0.843
0.84
0.837
0.835
0.832
0.829
0.826
0.823
0.82
0.817
0.814
0.811
0.808
0.805
0.802
0.799
0.796
0.793
0.79
0.787
0.784
0.781
0.778
0.775
0.772
0.769
0.766
0.762
0.759
0.756
0.753
0.75
0.747
0.744
0.741
0.738
0.735
0.731
0.728
0.725
0.722
0.719
0.716
0.713
0.71
0.707
0.703
0.7
0.697
0.694
0.691
0.688
0.685
0.682
0.679
0.676
0.672
0.669
0.666
0.663
0.66
0.657
0.654
0.651
0.648
0.645
0.642
0.639
0.636
0.633
0.63
0.627
0.624
0.621
0.618
0.615
0.612
0.609
0.606
0.603
0.6
0.597
0.594
0.591
0.588
0.585
0.582
0.579
0.577
0.574
0.571
0.568
0.565
0.562
0.56
0.557
0.554
0.551
0.549
0.546
0.543
0.54
0.538
0.535
0.532
0.53
0.527
0.525
0.522
0.519
0.517
0.514
0.512
0.509
0.507
0.504
0.502
0.5
0.497
0.495
0.492
0.49
0.488
0.485
0.483
0.481
0.479
0.476
0.474
0.472
0.47
0.468
0.465
0.463
0.461
0.459
0.457
0.455
0.453
0.451
0.449
0.447
0.446
0.444
0.442
0.44
0.438
0.437
0.435
0.433
0.431
0.43
0.428
0.427
0.425
0.423
0.422
0.42
0.419
0.418
0.416
0.415
0.413
0.412
0.411
0.41
0.408
0.407
0.406
0.405
0.404
0.403
0.402
0.401
0.4
0.399
0.398
0.397
0.396
0.396
0.395
0.394
0.394
0.393
0.392
0.392
0.391
0.391
0.39
0.39
0.389
0.389
0.389
0.388
0.388
0.388
0.388
0.388
0.388
0.388
0.388
0.388
0.388
0.388
0.388
0.388
0.388
0.389
0.389
0.389
0.39
0.39
0.391
0.391
0.392
0.392
0.393
0.394
0.395
0.395
0.396
0.397
0.398
0.399
0.4
0.401
0.402
0.403
0.405
0.406
0.407
0.409
0.41
0.411
0.413
0.414
0.416
0.418
0.419
0.421
0.423
0.425
0.427
0.429
0.435
0.442
0.449
0.456
0.463
0.47
0.477
0.484
0.491
0.498
0.505
0.512
0.52
0.527
0.534
0.542
0.549
0.556
0.564
0.571
0.579
0.586
0.594
0.602
0.609
0.617
0.624
0.632
0.64
0.648
0.655
0.663
0.671
0.679
0.687
0.694
0.702
0.71
0.718
0.726
0.734
0.742
0.75
0.758
0.765
0.773
0.781
0.789
0.797
0.805
0.813
0.821
0.829
0.837
0.845
0.853
0.86
0.868
0.876
0.884
0.892
0.9
0.908
0.915
0.923
0.931
0.939
0.946
0.954
0.962
0.97
0.977
0.985
0.992
1.0
1.004
1.007
1.011
1.015
1.018
1.022
1.026
1.029
1.033
1.036
1.04
1.043
1.046
1.05
1.053
1.056
1.06
1.063
1.066
1.069
1.073
1.076
1.079
1.082
1.085
1.088
1.091
1.094
1.097
1.1
1.103
1.106
1.109
1.112
1.114
1.117
1.12
1.123
1.125
1.128
1.131
1.133
1.136
1.139
1.141
1.144
1.146
1.149
1.151
1.153
1.156
1.158
1.161
1.163
1.165
1.167
1.17
1.172
1.174
1.176
1.178
1.181
1.183
1.185
1.187
1.189
1.191
1.193
1.195
1.197
1.198
1.2
1.202
1.204
1.206
1.208
1.209
1.211
1.213
1.214
1.216
1.218
1.219
1.221
1.222
1.224
1.225
1.227
1.228
1.23
1.231
1.232
1.234
1.235
1.236
1.238
1.239
1.24
1.241
1.243
1.244
1.245
1.246
1.247
1.248
1.249
1.25
1.251
1.252
1.253
1.254
1.255
1.256
1.257
1.258
1.258
1.259
1.26
1.261
1.262
1.262
1.263
1.264
1.264
1.265
1.265
1.266
1.267
1.267
1.268
1.268
1.268
1.269
1.269
1.27
1.27
1.27
1.271
1.271
1.271
1.272
1.272
1.272
1.272
1.272
1.273
1.273
1.273
1.273
1.273
1.273
1.273
1.273
1.273
1.273
1.273
1.273
1.273
1.273
1.272
1.272
1.272
1.272
1.272
1.271
1.271
1.271
1.27
1.27
1.27
1.269
1.269
1.269
1.268
1.268
1.267
1.267
1.266
1.266
1.265
1.265
1.264
1.263
1.263
1.262
1.261
1.261
1.26
1.259
1.258
1.258
1.257
1.256
1.255
1.254
1.254
1.253
1.252
1.251
1.25
1.249
1.248
1.247
1.246
1.245
1.244
1.243
1.242
1.24
1.239
1.238
1.237
1.236
1.235
1.233
1.232
1.231
1.229
1.228
1.227
1.226
1.224
1.223
1.221
1.22
1.219
1.217
1.216
1.214
1.213
1.211
1.21
1.208
1.206
1.205
1.203
1.202
1.2
1.198
1.197
1.195
1.193
1.191
1.19
1.188
1.186
1.184
1.182
1.181
1.179
1.177
1.175
1.173
1.171
1.169
1.167
1.165
1.163
1.161
1.159
1.157
1.155
1.153
1.151
1.149
1.147
1.145
1.142
1.14
1.138
1.136
1.134
1.131
1.129
1.127
1.125
1.122
1.12
1.118
1.115
1.113
1.111
1.108
1.106
1.103
1.101
1.098
1.096
1.093
1.091
1.088
1.086
1.083
1.081
1.078
1.076
1.073
1.07
1.068
1.065
1.062
1.06
1.057
1.054
1.052
1.049
1.046
1.043
1.041
1.038
1.035
1.032
1.029
1.026
1.023
1.021
1.018
1.015
1.012
1.009
1.006
1.003
1.0
0.996
0.992
0.988
0.984
0.98
0.976
0.972
0.967
0.963
0.959
0.955
0.951
0.947
0.943
0.938
0.934
0.93
0.926
0.922
0.918
0.913
0.909
0.905
0.901
0.897
0.892
0.888
0.884
0.88
0.876
0.872
0.867
0.863
0.859
0.855
0.851
0.847
0.842
0.838
0.834
0.83
0.826
0.822
0.818
0.814
0.81
0.806
0.802
0.798
0.794
0.79
0.786
0.782
0.778
0.774
0.77
0.766
0.762
0.759
0.755
0.751
0.747
0.743
0.74
0.736
0.732
0.729
0.725
0.721
0.718
0.714
0.711
0.707
0.704
0.7
0.697
0.694
0.69
0.687
0.684
0.68
0.677
0.674
0.671
0.668
0.665
0.662
0.659
0.656
0.653
0.65
0.647
0.644
0.641
0.639
0.636
0.633
0.631
0.628
0.626
0.623
0.621
0.618
0.616
0.614
0.612
0.609
0.607
0.605
0.603
0.601
0.599
0.597
0.596
0.594
0.592
0.59
0.589
0.587
0.586
0.584
0.583
0.581
0.58
0.579
0.578
0.577
0.576
0.575
0.574
0.573
0.572
0.571
0.571
0.57
0.57
0.569
0.569
0.568
0.568
0.568
0.568
0.568
0.568
0.568
0.568
0.568
0.568
0.569
0.569
0.57
0.57
0.571
0.572
0.572
0.573
0.574
0.575
0.576
0.578
0.579
0.58
0.582
0.583
0.585
0.586
0.588
0.59
0.592
0.594
0.596
0.598
0.601
0.603
0.605
0.608
0.611
0.613
0.616
0.619
0.622
0.625
0.632
0.639
0.646
0.653
0.661
0.668
0.676
0.683
0.691
0.698
0.706
0.713
0.721
0.729
0.736
0.744
0.752
0.759
0.767
0.775
0.782
0.79
0.797
0.805
0.812
0.82
0.827
0.834
0.841
0.848
0.855
0.862
0.869
0.876
0.882
0.889
0.895
0.902
0.908
0.914
0.919
0.925
0.931
0.936
0.941
0.946
0.951
0.956
0.96
0.964
0.968
0.972
0.976
0.979
0.982
0.985
0.988
0.99
0.992
0.994
0.996
0.997
0.998
0.999
1.0
1.0
1.0
0.993
0.985
0.977
0.969
0.96
0.951
0.943
0.934
0.924
0.915
0.905
0.896
0.886
0.876
0.867
0.857
0.847
0.837
0.828
0.818
0.808
0.799
0.789
0.78
0.771
0.761
0.753
0.744
0.735
0.727
0.719
0.712
0.704
0.697
0.69
0.684
0.678
0.672
0.667
0.666
0.666
0.666
0.666
0.667
0.668
0.669
0.67
0.672
0.673
0.675
0.676
0.678
0.679
0.68
0.682
0.682
0.683
0.684
0.684
0.684
0.683
0.683
0.681
0.679
0.677
0.674
0.671
0.667
0.661
0.655
0.649
0.641
0.633
0.625
0.616
0.606
0.596
0.585
0.573
0.562
0.549
0.536
0.523
0.509
0.494
0.48
0.464
0.449
0.432
0.416
0.399
0.381
0.364
0.346
0.327
0.308
0.289
0.27
0.25
0.23
0.21
0.189
0.169
0.147
0.126
0.105
0.083
0.061
0.039
0.017
-0.006
-0.028
-0.051
-0.074
-0.096
-0.119
-0.143
-0.166
-0.189
-0.212
-0.235
-0.259
-0.282
-0.305
-0.329
-0.352
-0.375
-0.398
-0.421
-0.444
-0.467
-0.49
-0.513
-0.535
-0.558
-0.58
-0.602
-0.624
-0.646
-0.668
-0.689
-0.71
-0.731
-0.752
-0.772
-0.793
-0.813
-0.832
-0.851
-0.87
-0.889
-0.907
-0.925
-0.943
-0.96
-0.977
-0.993
-1.009
-1.025
-1.04
-1.054
-1.069
-1.082
-1.096
-1.108
-1.12
-1.132
-1.143
-1.154
-1.164
-1.173
-1.182
-1.191
-1.198
-1.205
-1.212
-1.217
-1.222
-1.227
-1.231
-1.234
-1.236
-1.238
-1.238
-1.239
-1.238
-1.237
-1.234
-1.231
-1.228
-1.223
-1.218
-1.211
-1.204
-1.196
-1.187
-1.178
-1.167
-1.155
-1.143
-1.129
-1.115
-1.1
-1.083
-1.066
-1.048
-1.028
-1.008
-0.987
-0.964
-0.941
-0.916
-0.891
-0.864
-0.836
-0.807
-0.777
-0.745
-0.713
-0.679
-0.645
-0.609
-0.572
-0.533
-0.493
-0.453
-0.41
-0.367
-0.322
-0.276
-0.229
-0.181
-0.131
-0.079
-0.027
0.027
0.083
0.139
0.198
0.257
0.318
0.381
0.444
0.512
0.582
0.652
0.724
0.797
0.872
0.948
1.024
1.102
1.181
1.261
1.342
1.423
1.506
1.589
1.673
1.758
1.844
1.93
2.016
2.104
2.191
2.279
2.368
2.456
2.545
2.635
2.724
2.814
2.903
2.993
3.083
3.172
3.262
3.351
3.44
3.529
3.618
3.706
3.794
3.881
3.968
4.055
4.141
4.226
4.311
4.394
4.478
4.56
4.641
4.722
4.801
4.88
4.957
5.034
5.109
5.183
5.256
5.327
5.398
5.466
5.534
5.6
5.664
5.727
5.788
5.847
5.905
5.961
6.015
6.068
6.118
6.167
6.213
6.258
6.3
6.34
6.378
6.414
6.448
6.479
6.507
6.534
6.558
6.579
6.598
6.614
6.628
6.638
6.646
6.652
6.654
6.653
6.65
6.643
6.634
6.621
6.606
6.587
6.564
6.539
6.51
6.478
6.442
6.403
6.361
6.315
6.265
6.211
6.154
6.093
6.029
5.96
5.888
5.811
5.731
5.647
5.558
5.466
5.369
5.268
5.162
5.053
4.939
4.82
4.697
4.57
4.438
4.301
4.16
4.014
3.863
3.708
3.547
3.382
3.212
3.037
2.857
2.671
2.481
2.285
2.084
1.878
1.667
1.45
1.228
1.0
0.551
0.125
-0.002
-0.082
-0.118
-0.115
-0.076
-0.007
0.089
0.208
0.346
0.498
0.661
0.829
1.0
1.135
1.268
1.399
1.527
1.654
1.779
1.901
2.022
2.14
2.256
2.371
2.483
2.594
2.702
2.809
2.913
3.016
3.117
3.216
3.313
3.408
3.501
3.593
3.682
3.77
3.856
3.94
4.022
4.103
4.181
4.258
4.334
4.407
4.479
4.549
4.618
4.684
4.749
4.813
4.875
4.935
4.993
5.05
5.105
5.159
5.211
5.262
5.311
5.359
5.405
5.449
5.492
5.534
5.574
5.612
5.65
5.685
5.72
5.752
5.784
5.814
5.843
5.87
5.896
5.921
5.944
5.966
5.987
6.007
6.025
6.042
6.058
6.072
6.085
6.097
6.108
6.118
6.126
6.134
6.14
6.145
6.149
6.151
6.153
6.154
6.153
6.152
6.149
6.146
6.141
6.135
6.129
6.121
6.112
6.103
6.092
6.081
6.068
6.055
6.041
6.025
6.009
5.993
5.975
5.956
5.937
5.917
5.896
5.874
5.851
5.828
5.804
5.779
5.753
5.727
5.7
5.672
5.644
5.615
5.585
5.555
5.524
5.492
5.46
5.427
5.394
5.36
5.325
5.29
5.255
5.219
5.182
5.145
5.107
5.069
5.031
4.992
4.952
4.913
4.872
4.832
4.791
4.749
4.708
4.665
4.623
4.58
4.537
4.494
4.45
4.406
4.362
4.318
4.273
4.228
4.183
4.138
4.092
4.046
4.001
3.955
3.908
3.862
3.816
3.769
3.723
3.676
3.629
3.583
3.536
3.489
3.442
3.395
3.349
3.302
3.255
3.208
3.162
3.115
3.069
3.022
2.976
2.93
2.884
2.838
2.792
2.747
2.701
2.656
2.611
2.566
2.522
2.477
2.433
2.39
2.346
2.303
2.26
2.218
2.175
2.133
2.092
2.051
2.01
1.97
1.93
1.89
1.851
1.812
1.774
1.736
1.699
1.662
1.626
1.59
1.555
1.52
1.486
1.452
1.419
1.387
1.355
1.324
1.293
1.263
1.234
1.205
1.177
1.15
1.123
1.098
1.073
1.048
1.024
1.002
0.98
0.958
0.938
0.918
0.899
0.881
0.864
0.848
0.832
0.817
0.804
0.791
0.779
0.768
0.758
0.749
0.741
0.734
0.728
0.723
0.719
0.716
0.714
0.72
0.727
0.735
0.744
0.753
0.763
0.774
0.786
0.798
0.811
0.824
0.838
0.852
0.867
0.881
0.896
0.911
0.926
0.941
0.956
0.971
0.986
1.0
1.008
1.016
1.023
1.03
1.037
1.044
1.051
1.057
1.063
1.068
1.074
1.079
1.084
1.089
1.093
1.098
1.102
1.106
1.109
1.113
1.116
1.119
1.122
1.124
1.127
1.129
1.131
1.133
1.135
1.136
1.138
1.139
1.14
1.141
1.141
1.142
1.142
1.143
1.143
1.143
1.143
1.142
1.142
1.141
1.14
1.14
1.139
1.138
1.136
1.135
1.134
1.132
1.131
1.129
1.127
1.125
1.123
1.121
1.119
1.117
1.115
1.113
1.11
1.108
1.105
1.103
1.1
1.098
1.095
1.092
1.089
1.087
1.084
1.081
1.078
1.075
1.072
1.069
1.066
1.063
1.06
1.058
1.055
1.052
1.049
1.046
1.043
1.04
1.037
1.034
1.032
1.029
1.026
1.024
1.021
1.018
1.016
1.013
1.011
1.009
1.006
1.004
1.002
1.0
0.998
0.996
0.994
0.993
0.991
0.989
0.988
0.986
0.985
0.984
0.982
0.981
0.98
0.979
0.978
0.977
0.976
0.975
0.975
0.974
0.973
0.973
0.972
0.972
0.971
0.971
0.971
0.97
0.97
0.97
0.97
0.97
0.97
0.97
0.97
0.97
0.97
0.97
0.97
0.97
0.971
0.971
0.971
0.972
0.972
0.972
0.973
0.973
0.974
0.974
0.975
0.975
0.976
0.976
0.977
0.977
0.978
0.979
0.979
0.98
0.98
0.981
0.982
0.982
0.983
0.984
0.984
0.985
0.986
0.986
0.987
0.988
0.989
0.989
0.99
0.99
0.991
0.992
0.992
0.993
0.993
0.994
0.995
0.995
0.996
0.996
0.997
0.997
0.998
0.998
0.998
0.999
0.999
0.999
0.999
1.0
1.0
1.0
1.0
1.0
1.0
1.0
1.0
1.0
1.0
1.0
1.0
1.0
0.999
0.999
0.999
0.998
0.998
0.997
0.997
0.996
0.996
0.995
0.995
0.994
0.993
0.993
0.992
0.991
0.99
0.99
0.989
0.988
0.987
0.987
0.986
0.985
0.984
0.984
0.983
0.982
0.981
0.981
0.98
0.979
0.978
0.978
0.977
0.976
0.976
0.975
0.974
0.974
0.973
0.973
0.972
0.972
0.971
0.971
0.97
0.97
0.97
0.969
0.969
0.969
0.969
0.969
0.969
0.969
0.969
0.969
0.969
0.969
0.969
0.97
0.97
0.971
0.971
0.972
0.972
0.973
0.974
0.975
0.976
0.977
0.978
0.979
0.98
0.982
0.983
0.985
0.986
0.988
0.99
0.992
0.993
0.996
0.998
1.0
1.002
1.005
1.007
1.01
1.013
1.016
1.018
1.021
1.024
1.027
1.03
1.033
1.036
1.039
1.042
1.045
1.049
1.052
1.055
1.058
1.061
1.064
1.066
1.069
1.072
1.075
1.077
1.08
1.082
1.085
1.087
1.089
1.091
1.093
1.095
1.097
1.098
1.099
1.101
1.102
1.102
1.103
1.104
1.104
1.104
1.104
1.104
1.103
1.103
1.102
1.1
1.099
1.097
1.095
1.093
1.091
1.088
1.085
1.081
1.078
1.074
1.069
1.065
1.06
1.055
1.049
1.043
1.037
1.03
1.023
1.016
1.008
1.0
0.983
0.966
0.948
0.931
0.913
0.895
0.876
0.858
0.84
0.822
0.804
0.786
0.768
0.751
0.733
0.716
0.7
0.684
0.668
0.653
0.639
0.625
0.612
0.6
0.601
0.604
0.607
0.61
0.615
0.62
0.625
0.631
0.638
0.645
0.653
0.661
0.67
0.679
0.689
0.699
0.709
0.719
0.73
0.741
0.753
0.764
0.776
0.788
0.799
0.811
0.823
0.836
0.848
0.86
0.872
0.883
0.895
0.907
0.918
0.929
0.94
0.951
0.962
0.972
0.982
0.991
1.0
1.004
1.007
1.011
1.013
1.016
1.018
1.02
1.021
1.022
1.023
1.023
1.024
1.024
1.024
1.023
1.023
1.022
1.021
1.021
1.019
1.018
1.017
1.016
1.014
1.013
1.012
1.01
1.009
1.008
1.006
1.005
1.004
1.003
1.002
1.001
1.001
1.0
1.0
1.0
1.0
1.0
1.001
1.002
1.002
1.004
1.005
1.006
1.008
1.009
1.011
1.013
1.016
1.018
1.02
1.023
1.026
1.029
1.032
1.035
1.038
1.042
1.045
1.049
1.052
1.056
1.06
1.064
1.068
1.072
1.076
1.081
1.085
1.09
1.094
1.099
1.103
1.108
1.113
1.118
1.122
1.127
1.132
1.137
1.142
1.147
1.152
1.157
1.162
1.167
1.172
1.177
1.182
1.187
1.192
1.197
1.202
1.207
1.212
1.217
1.222
1.226
1.231
1.236
1.241
1.245
1.25
1.254
1.258
1.263
1.267
1.271
1.275
1.279
1.283
1.287
1.291
1.294
1.298
1.301
1.305
1.308
1.311
1.314
1.316
1.319
1.322
1.324
1.326
1.328
1.33
1.332
1.333
1.335
1.336
1.337
1.338
1.339
1.339
1.34
1.34
1.34
1.34
1.339
1.338
1.338
1.336
1.335
1.334
1.332
1.33
1.328
1.325
1.322
1.319
1.316
1.313
1.309
1.305
1.301
1.296
1.292
1.286
1.281
1.275
1.269
1.263
1.257
1.25
1.243
1.235
1.227
1.219
1.211
1.202
1.193
1.184
1.174
1.164
1.153
1.143
1.132
1.12
1.108
1.096
1.083
1.071
1.057
1.043
1.029
1.015
1.0
0.97
0.94
0.91
0.88
0.849
0.818
0.787
0.756
0.725
0.693
0.662
0.631
0.601
0.57
0.54
0.51
0.48
0.451
0.422
0.393
0.365
0.338
0.311
0.285
0.26
0.235
0.212
0.189
0.167
0.166
0.167
0.168
0.17
0.173
0.177
0.182
0.188
0.194
0.201
0.208
0.217
0.226
0.235
0.245
0.256
0.267
0.279
0.292
0.305
0.318
0.332
0.346
0.36
0.375
0.39
0.406
0.422
0.438
0.454
0.471
0.487
0.504
0.521
0.539
0.556
0.573
0.591
0.608
0.625
0.643
0.66
0.678
0.695
0.712
0.729
0.745
0.762
0.778
0.794
0.81
0.826
0.841
0.856
0.871
0.885
0.899
0.912
0.925
0.937
0.949
0.96
0.971
0.981
0.991
1.0
0.997
0.994
0.99
0.985
0.98
0.974
0.968
0.961
0.954
0.947
0.939
0.93
0.921
0.912
0.902
0.892
0.882
0.872
0.861
0.85
0.839
0.828
0.816
0.804
0.793
0.781
0.769
0.757
0.745
0.733
0.721
0.709
0.697
0.685
0.673
0.661
0.65
0.638
0.627
0.616
0.605
0.595
0.584
0.575
0.565
0.556
0.555
0.554
0.553
0.553
0.554
0.554
0.555
0.557
0.558
0.56
0.562
0.565
0.568
0.571
0.574
0.578
0.581
0.586
0.59
0.594
0.599
0.604
0.609
0.615
0.621
0.626
0.632
0.639
0.645
0.652
0.658
0.665
0.672
0.68
0.687
0.694
0.702
0.71
0.718
0.726
0.734
0.742
0.75
0.758
0.767
0.775
0.784
0.793
0.801
0.81
0.819
0.827
0.836
0.845
0.854
0.863
0.872
0.88
0.889
0.898
0.907
0.916
0.924
0.933
0.942
0.95
0.959
0.967
0.975
0.984
0.992
1.0
1.005
1.01
1.014
1.019
1.024
1.028
1.032
1.036
1.041
1.045
1.049
1.052
1.056
1.06
1.063
1.067
1.07
1.073
1.077
1.08
1.083
1.086
1.088
1.091
1.094
1.096
1.099
1.101
1.104
1.106
1.108
1.11
1.112
1.114
1.116
1.118
1.119
1.121
1.122
1.124
1.125
1.127
1.128
1.129
1.13
1.131
1.132
1.133
1.134
1.134
1.135
1.136
1.136
1.137
1.137
1.137
1.138
1.138
1.138
1.138
1.138
1.138
1.138
1.138
1.137
1.137
1.137
1.136
1.136
1.135
1.135
1.134
1.133
1.133
1.132
1.131
1.13
1.129
1.128
1.127
1.126
1.125
1.124
1.122
1.121
1.12
1.118
1.117
1.116
1.114
1.112
1.111
1.109
1.108
1.106
1.104
1.102
1.1
1.099
1.097
1.095
1.093
1.091
1.089
1.086
1.084
1.082
1.08
1.078
1.076
1.073
1.071
1.069
1.066
1.064
1.061
1.059
1.057
1.054
1.052
1.049
1.046
1.044
1.041
1.039
1.036
1.033
1.031
1.028
1.025
1.022
1.02
1.017
1.014
1.011
1.009
1.006
1.003
1.0
0.995
0.99
0.985
0.98
0.976
0.971
0.966
0.961
0.956
0.951
0.946
0.941
0.936
0.931
0.926
0.921
0.916
0.911
0.906
0.901
0.896
0.891
0.886
0.882
0.877
0.872
0.867
0.862
0.857
0.852
0.847
0.842
0.838
0.833
0.828
0.823
0.818
0.813
0.809
0.804
0.799
0.795
0.79
0.785
0.78
0.776
0.771
0.767
0.762
0.758
0.753
0.749
0.744
0.74
0.735
0.731
0.726
0.722
0.718
0.714
0.709
0.705
0.701
0.697
0.693
0.689
0.685
0.681
0.677
0.673
0.669
0.665
0.661
0.658
0.654
0.65
0.647
0.643
0.639
0.636
0.632
0.629
0.626
0.622
0.619
0.616
0.613
0.61
0.607
0.604
0.601
0.598
0.595
0.592
0.589
0.587
0.584
0.582
0.579
0.577
0.574
0.572
0.57
0.567
0.565
0.563
0.561
0.559
0.557
0.556
0.558
0.561
0.564
0.567
0.57
0.573
0.576
0.579
0.582
0.585
0.589
0.592
0.596
0.599
0.603
0.606
0.61
0.614
0.617
0.621
0.625
0.629
0.633
0.637
0.641
0.645
0.65
0.654
0.658
0.663
0.667
0.671
0.676
0.68
0.685
0.69
0.694
0.699
0.704
0.709
0.713
0.718
0.723
0.728
0.733
0.738
0.743
0.748
0.754
0.759
0.764
0.769
0.775
0.78
0.785
0.791
0.796
0.801
0.807
0.812
0.818
0.824
0.829
0.835
0.84
0.846
0.852
0.857
0.863
0.869
0.875
0.881
0.886
0.892
0.898
0.904
0.91
0.916
0.922
0.928
0.934
0.94
0.946
0.952
0.958
0.964
0.97
0.976
0.982
0.988
0.994
1.0
1.004
1.007
1.011
1.015
1.018
1.022
1.026
1.03
1.033
1.037
1.041
1.045
1.048
1.052
1.056
1.06
1.063
1.067
1.071
1.075
1.079
1.082
1.086
1.09
1.094
1.097
1.101
1.105
1.109
1.113
1.116
1.12
1.124
1.128
1.131
1.135
1.139
1.143
1.147
1.15
1.154
1.158
1.162
1.165
1.169
1.173
1.177
1.18
1.184
1.188
1.192
1.195
1.199
1.203
1.206
1.21
1.214
1.217
1.221
1.225
1.228
1.232
1.236
1.239
1.243
1.246
1.25
1.254
1.257
1.261
1.264
1.268
1.271
1.275
1.278
1.282
1.285
1.289
1.292
1.296
1.299
1.302
1.306
1.309
1.313
1.316
1.319
1.323
1.326
1.329
1.332
1.336
1.339
1.342
1.345
1.348
1.352
1.355
1.358
1.361
1.364
1.367
1.37
1.373
1.376
1.379
1.382
1.385
1.388
1.391
1.394
1.397
1.399
1.402
1.405
1.408
1.41
1.413
1.416
1.418
1.421
1.424
1.426
1.429
1.431
1.434
1.436
1.439
1.441
1.444
1.446
1.448
1.451
1.453
1.455
1.457
1.46
1.462
1.464
1.466
1.468
1.47
1.472
1.474
1.476
1.478
1.48
1.482
1.484
1.485
1.487
1.489
1.491
1.492
1.494
1.496
1.497
1.499
1.5
1.502
1.503
1.504
1.506
1.507
1.508
1.51
1.511
1.512
1.513
1.514
1.515
1.516
1.517
1.518
1.519
1.52
1.521
1.521
1.522
1.523
1.523
1.524
1.525
1.525
1.526
1.526
1.526
1.527
1.527
1.527
1.528
1.528
1.528
1.528
1.528
1.528
1.528
1.528
1.528
1.528
1.527
1.527
1.527
1.526
1.526
1.526
1.525
1.524
1.524
1.523
1.522
1.522
1.521
1.52
1.519
1.518
1.517
1.516
1.515
1.514
1.513
1.511
1.51
1.509
1.507
1.506
1.504
1.503
1.501
1.499
1.497
1.496
1.494
1.492
1.49
1.488
1.486
1.484
1.481
1.479
1.477
1.475
1.472
1.47
1.467
1.464
1.462
1.459
1.456
1.453
1.451
1.448
1.445
1.442
1.438
1.435
1.432
1.429
1.425
1.422
1.418
1.415
1.411
1.407
1.404
1.4
1.396
1.392
1.388
1.384
1.38
1.375
1.371
1.367
1.362
1.358
1.353
1.349
1.344
1.339
1.334
1.329
1.324
1.319
1.314
1.309
1.304
1.299
1.293
1.288
1.282
1.277
1.271
1.265
1.259
1.254
1.248
1.242
1.235
1.229
1.223
1.217
1.21
1.204
1.197
1.191
1.184
1.177
1.17
1.163
1.156
1.149
1.142
1.135
1.128
1.12
1.113
1.105
1.098
1.09
1.082
1.074
1.066
1.058
1.05
1.042
1.034
1.025
1.017
1.009
1.0
0.989
0.977
0.965
0.954
0.942
0.93
0.919
0.907
0.895
0.883
0.871
0.859
0.847
0.836
0.824
0.812
0.8
0.788
0.777
0.765
0.753
0.742
0.73
0.719
0.708
0.697
0.685
0.675
0.664
0.653
0.642
0.632
0.621
0.611
0.601
0.591
0.582
0.572
0.563
0.554
0.545
0.536
0.528
0.519
0.511
0.503
0.496
0.489
0.481
0.475
0.468
0.462
0.456
0.45
0.445
0.44
0.435
0.431
0.426
0.423
0.419
0.416
0.413
0.411
0.409
0.407
0.406
0.405
0.405
0.405
0.405
0.406
0.407
0.409
0.411
0.414
0.417
0.42
0.424
0.428
0.433
0.439
0.444
0.451
0.458
0.465
0.473
0.481
0.49
0.5
0.516
0.532
0.548
0.565
0.583
0.601
0.619
0.638
0.657
0.676
0.696
0.716
0.736
0.757
0.778
0.799
0.82
0.841
0.862
0.883
0.905
0.926
0.948
0.969
0.991
1.012
1.033
1.055
1.076
1.096
1.117
1.138
1.158
1.178
1.197
1.217
1.236
1.254
1.273
1.291
1.308
1.325
1.341
1.357
1.373
1.388
1.402
1.416
1.429
1.441
1.453
1.464
1.474
1.484
1.492
1.5
1.507
1.514
1.519
1.523
1.527
1.529
1.531
1.532
1.531
1.53
1.527
1.523
1.518
1.512
1.505
1.497
1.487
1.477
1.464
1.451
1.436
1.42
1.403
1.384
1.364
1.342
1.319
1.294
1.268
1.24
1.211
1.18
1.147
1.113
1.077
1.039
1.0
0.926
0.851
0.775
0.7
0.626
0.555
0.486
0.42
0.359
0.303
0.252
0.208
0.172
0.143
0.192
0.25
0.314
0.385
0.462
0.544
0.63
0.719
0.811
0.905
1.0
1.057
1.114
1.171
1.229
1.287
1.346
1.405
1.465
1.524
1.584
1.645
1.706
1.767
1.829
1.891
1.953
2.016
2.079
2.142
2.206
2.27
2.335
2.399
2.464
2.53
2.596
2.662
2.728
2.795
2.862
2.929
2.997
3.064
3.133
3.201
3.27
3.339
3.408
3.478
3.548
3.618
3.688
3.759
3.83
3.901
3.973
4.045
4.117
4.189
4.261
4.334
4.407
4.48
4.554
4.627
4.701
4.776
4.85
4.924
4.999
5.074
5.149
5.225
5.3
5.376
5.452
5.528
5.605
5.681
5.758
5.835
5.912
5.989
6.067
6.144
6.222
6.3
6.378
6.456
6.534
6.613
6.691
6.77
6.849
6.928
7.007
7.087
7.166
7.245
7.325
7.405
7.485
7.565
7.645
7.725
7.805
7.886
7.966
8.047
8.127
8.208
8.289
8.369
8.45
8.531
8.612
8.693
8.775
8.856
8.937
9.018
9.1
9.181
9.263
9.344
9.426
9.507
9.589
9.67
9.752
9.833
9.915
9.997
10.078
10.16
10.241
10.323
10.405
10.486
10.568
10.649
10.731
10.813
10.894
10.975
11.057
11.138
11.22
11.301
11.382
11.463
11.545
11.626
11.707
11.788
11.869
11.949
12.03
12.111
12.192
12.272
12.352
12.433
12.513
12.593
12.673
12.753
12.833
12.913
12.993
13.072
13.151
13.231
13.31
13.389
13.468
13.547
13.625
13.704
13.782
13.86
13.938
14.016
14.094
14.171
14.249
14.326
14.403
14.48
14.557
14.633
14.71
14.786
14.862
14.938
15.013
15.089
15.164
15.239
15.314
15.388
15.462
15.537
15.61
15.684
15.758
15.831
15.904
15.977
16.049
16.121
16.193
16.265
16.337
16.408
16.479
16.549
16.62
16.69
16.76
16.83
16.899
16.968
17.037
17.105
17.174
17.241
17.309
17.376
17.443
17.51
17.576
17.642
17.708
17.773
17.839
17.903
17.968
18.032
18.096
18.159
18.222
18.285
18.347
18.409
18.471
18.532
18.593
18.653
18.714
18.773
18.833
18.892
18.95
19.009
19.067
19.124
19.181
19.238
19.294
19.35
19.405
19.46
19.515
19.569
19.623
19.676
19.729
19.782
19.834
19.886
19.937
19.987
20.038
20.088
20.137
20.186
20.234
20.282
20.33
20.377
20.423
20.469
20.515
20.56
20.605
20.649
20.693
20.736
20.778
20.821
20.862
20.903
20.944
20.984
21.024
21.063
21.101
21.139
21.177
21.214
21.25
21.286
21.321
21.356
21.39
21.424
21.457
21.489
21.521
21.552
21.583
21.614
21.643
21.672
21.701
21.729
21.756
21.783
21.809
21.834
21.859
21.883
21.907
21.93
21.953
21.974
21.996
22.016
22.036
22.055
22.074
22.092
22.109
22.126
22.142
22.158
22.172
22.187
22.2
22.213
22.225
22.236
22.247
22.257
22.267
22.275
22.283
22.291
22.297
22.303
22.308
22.313
22.317
22.32
22.322
22.324
22.325
22.325
22.325
22.323
22.321
22.319
22.315
22.311
22.306
22.3
22.294
22.287
22.279
22.27
22.26
22.25
22.239
22.227
22.215
22.201
22.187
22.172
22.156
22.14
22.123
22.104
22.085
22.066
22.045
22.024
22.001
21.978
21.955
21.93
21.904
21.878
21.851
21.823
21.794
21.764
21.733
21.702
21.67
21.637
21.603
21.568
21.532
21.495
21.458
21.419
21.38
21.34
21.299
21.257
21.214
21.17
21.126
21.08
21.033
20.986
20.938
20.889
20.838
20.787
20.735
20.682
20.629
20.574
20.518
20.461
20.404
20.345
20.285
20.225
20.163
20.101
20.038
19.973
19.908
19.841
19.774
19.706
19.637
19.566
19.495
19.423
19.349
19.275
19.2
19.124
19.046
18.968
18.889
18.808
18.727
18.644
18.561
18.476
18.391
18.304
18.217
18.128
18.038
17.947
17.856
17.763
17.669
17.574
17.478
17.38
17.282
17.183
17.082
16.981
16.878
16.774
16.67
16.564
16.457
16.349
16.239
16.129
16.017
15.905
15.791
15.676
15.56
15.443
15.325
15.206
15.085
14.963
14.841
14.717
14.591
14.465
14.338
14.209
14.079
13.948
13.816
13.683
13.548
13.413
13.276
13.138
12.998
12.858
12.716
12.573
12.429
12.284
12.137
11.99
11.841
11.69
11.539
11.386
11.233
11.077
10.921
10.763
10.605
10.445
10.283
10.121
9.957
9.792
9.625
9.458
9.289
9.118
8.947
8.774
8.6
8.425
8.248
8.07
7.891
7.71
7.528
7.345
7.161
6.975
6.788
6.599
6.41
6.219
6.026
5.832
5.637
5.441
5.243
5.044
4.843
4.642
4.438
4.234
4.028
3.821
3.612
3.402
3.191
2.978
2.764
2.548
2.331
2.113
1.893
1.672
1.449
1.225
1.0
0.549
0.1
-0.117
-0.329
-0.534
-0.734
-0.927
-1.115
-1.298
-1.474
-1.646
-1.811
-1.972
-2.127
-2.277
-2.421
-2.56
-2.694
-2.824
-2.948
-3.067
-3.181
-3.291
-3.396
-3.496
-3.591
-3.682
-3.768
-3.85
-3.928
-4.001
-4.07
-4.135
-4.196
-4.252
-4.305
-4.353
-4.398
-4.439
-4.476
-4.509
-4.539
-4.565
-4.588
-4.607
-4.623
-4.635
-4.644
-4.65
-4.653
-4.653
-4.649
-4.643
-4.633
-4.621
-4.606
-4.589
-4.568
-4.545
-4.52
-4.492
-4.461
-4.428
-4.393
-4.356
-4.316
-4.275
-4.231
-4.185
-4.137
-4.088
-4.036
-3.983
-3.928
-3.872
-3.814
-3.754
-3.693
-3.63
-3.567
-3.501
-3.435
-3.368
-3.299
-3.23
-3.159
-3.088
-3.015
-2.942
-2.868
-2.794
-2.719
-2.643
-2.567
-2.491
-2.414
-2.337
-2.259
-2.182
-2.104
-2.026
-1.949
-1.871
-1.793
-1.716
-1.639
-1.562
-1.486
-1.41
-1.334
-1.259
-1.185
-1.111
-1.038
-0.966
-0.895
-0.825
-0.755
-0.687
-0.62
-0.554
-0.489
-0.425
-0.363
-0.302
-0.243
-0.185
-0.129
-0.075
-0.022
0.029
0.078
0.126
0.171
0.214
0.256
0.295
0.332
0.366
0.399
0.429
0.47
0.51
0.547
0.582
0.615
0.647
0.677
0.706
0.733
0.76
0.785
0.81
0.834
0.857
0.862
0.866
0.87
0.873
0.877
0.88
0.882
0.884
0.886
0.888
0.889
0.89
0.891
0.891
0.891
0.891
0.89
0.89
0.888
0.887
0.885
0.883
0.881
0.879
0.876
0.873
0.87
0.867
0.863
0.859
0.855
0.851
0.846
0.841
0.836
0.831
0.826
0.82
0.814
0.808
0.802
0.796
0.789
0.782
0.775
0.768
0.761
0.754
0.746
0.739
0.731
0.723
0.715
0.707
0.698
0.69
0.681
0.673
0.664
0.655
0.646
0.637
0.628
0.619
0.609
0.6
0.59
0.581
0.571
0.562
0.552
0.542
0.532
0.522
0.512
0.503
0.493
0.483
0.473
0.463
0.453
0.442
0.432
0.422
0.412
0.402
0.392
0.382
0.372
0.362
0.352
0.343
0.333
0.323
0.313
0.303
0.294
0.284
0.275
0.265
0.256
0.247
0.237
0.228
0.219
0.21
0.201
0.193
0.184
0.176
0.167
0.159
0.151
0.143
0.14
0.136
0.133
0.13
0.128
0.125
0.123
0.12
0.118
0.116
0.114
0.112
0.11
0.109
0.107
0.106
0.104
0.103
0.102
0.101
0.101
0.1
0.099
0.099
0.099
0.098
0.098
0.098
0.098
0.099
0.099
0.1
0.1
0.101
0.102
0.103
0.104
0.105
0.106
0.107
0.109
0.11
0.112
0.113
0.115
0.117
0.119
0.121
0.123
0.126
0.128
0.13
0.133
0.136
0.138
0.141
0.144
0.147
0.15
0.153
0.157
0.16
0.163
0.167
0.17
0.174
0.178
0.182
0.186
0.19
0.194
0.198
0.202
0.206
0.21
0.215
0.219
0.224
0.229
0.233
0.238
0.243
0.248
0.253
0.258
0.263
0.268
0.273
0.278
0.284
0.289
0.294
0.3
0.305
0.311
0.317
0.322
0.328
0.334
0.34
0.346
0.352
0.358
0.364
0.37
0.376
0.382
0.388
0.395
0.401
0.407
0.414
0.42
0.427
0.433
0.44
0.446
0.453
0.459
0.466
0.473
0.48
0.486
0.493
0.5
0.505
0.511
0.516
0.522
0.527
0.533
0.539
0.544
0.55
0.556
0.561
0.567
0.573
0.578
0.584
0.59
0.596
0.601
0.607
0.613
0.619
0.625
0.63
0.636
0.642
0.648
0.654
0.66
0.666
0.672
0.677
0.683
0.689
0.695
0.701
0.707
0.713
0.719
0.724
0.73
0.736
0.742
0.748
0.754
0.76
0.765
0.771
0.777
0.783
0.788
0.794
0.8
0.806
0.811
0.817
0.823
0.828
0.834
0.84
0.845
0.851
0.856
0.862
0.867
0.873
0.878
0.884
0.889
0.894
0.9
0.905
0.91
0.915
0.92
0.926
0.931
0.936
0.941
0.946
0.951
0.956
0.961
0.965
0.97
0.975
0.98
0.984
0.989
0.993
0.998
1.002
1.007
1.011
1.015
1.02
1.024
1.028
1.032
1.036
1.04
1.044
1.048
1.052
1.055
1.059
1.063
1.066
1.07
1.073
1.076
1.08
1.083
1.086
1.089
1.092
1.095
1.098
1.101
1.104
1.106
1.109
1.111
1.114
1.116
1.118
1.121
1.123
1.125
1.127
1.129
1.13
1.132
1.134
1.135
1.137
1.138
1.139
1.141
1.142
1.143
1.144
1.144
1.145
1.146
1.146
1.147
1.147
1.147
1.147
1.147
1.147
1.147
1.147
1.147
1.146
1.145
1.145
1.144
1.143
1.142
1.141
1.14
1.138
1.137
1.135
1.134
1.132
1.13
1.128
1.126
1.124
1.121
1.119
1.116
1.113
1.111
1.108
1.104
1.101
1.098
1.094
1.091
1.087
1.083
1.079
1.075
1.071
1.066
1.062
1.057
1.052
1.048
1.042
1.037
1.032
1.026
1.021
1.015
1.009
1.003
0.997
0.991
0.984
0.978
0.971
0.964
0.957
0.95
0.942
0.935
0.927
0.919
0.911
0.903
0.895
0.886
0.878
0.869
0.86
0.851
0.842
0.832
0.823
0.813
0.803
0.793
0.783
0.772
0.762
0.751
0.74
0.729
0.718
0.707
0.695
0.683
0.671
0.659
0.647
0.634
0.622
0.609
0.596
0.583
0.57
0.556
0.542
0.528
0.514
0.5
