0.0
-0.002
-0.004
-0.005
-0.007
-0.008
-0.008
-0.009
-0.009
-0.009
-0.009
-0.009
-0.008
-0.007
-0.006
-0.005
-0.003
-0.002
0.0
0.002
0.004
0.007
0.009
0.012
0.015
0.018
0.021
0.025
0.028
0.032
0.036
0.039
0.043
0.048
0.052
0.056
0.061
0.065
0.07
0.075
0.08
0.085
0.09
0.095
0.1
0.105
0.111
0.116
0.121
0.127
0.132
0.138
0.143
0.149
0.155
0.16
0.166
0.172
0.177
0.183
0.189
0.194
0.2
0.205
0.21
0.216
0.221
0.226
0.231
0.236
0.241
0.246
0.251
0.256
0.26
0.265
0.27
0.274
0.278
0.283
0.287
0.291
0.295
0.299
0.303
0.306
0.31
0.313
0.317
0.32
0.323
0.325
0.328
0.331
0.333
0.335
0.337
0.339
0.341
0.342
0.343
0.344
0.345
0.346
0.346
0.346
0.346
0.346
0.346
0.345
0.344
0.343
0.342
0.34
0.338
0.336
0.333
0.329
0.325
0.321
0.316
0.311
0.306
0.301
0.296
0.291
0.286
0.28
0.275
0.269
0.264
0.259
0.254
0.249
0.244
0.239
0.235
0.23
0.226
0.222
0.219
0.216
0.213
0.21
0.208
0.206
0.205
0.204
0.204
0.204
0.205
0.206
0.207
0.21
0.213
0.216
0.221
0.226
0.231
0.238
0.245
0.253
0.262
0.272
0.282
0.294
0.306
0.319
0.333
0.358
0.383
0.409
0.436
0.463
0.491
0.519
0.547
0.576
0.604
0.633
0.661
0.689
0.716
0.743
0.77
0.795
0.82
0.844
0.867
0.888
0.909
0.928
0.945
0.961
0.975
0.987
0.998
1.006
1.013
1.017
1.019
1.018
1.015
1.009
1.0
0.951
0.899
0.845
0.789
0.731
0.673
0.613
0.553
0.493
0.433
0.373
0.314
0.256
0.2
0.175
0.151
0.129
0.109
0.091
0.074
0.059
0.045
0.033
0.022
0.013
0.005
-0.001
-0.006
-0.01
-0.012
-0.013
-0.013
-0.012
-0.01
-0.007
-0.002
0.003
0.009
0.017
0.025
0.034
0.044
0.055
0.066
0.078
0.091
0.105
0.119
0.134
0.149
0.165
0.181
0.198
0.215
0.232
0.25
0.275
0.299
0.324
0.35
0.375
0.4
0.426
0.451
0.477
0.502
0.527
0.553
0.578
0.602
0.627
0.651
0.675
0.699
0.722
0.745
0.767
0.789
0.81
0.831
0.851
0.87
0.889
0.907
0.924
0.94
0.955
0.97
0.983
0.996
1.008
1.018
1.028
1.036
1.043
1.049
1.054
1.057
1.059
1.06
1.06
1.058
1.054
1.049
1.043
1.034
1.025
1.013
1.0
0.971
0.941
0.909
0.876
0.842
0.806
0.77
0.733
0.694
0.656
0.616
0.576
0.536
0.496
0.456
0.416
0.376
0.336
0.297
0.258
0.22
0.183
0.146
0.111
0.077
0.044
0.012
-0.018
-0.046
-0.072
-0.097
-0.12
-0.14
-0.159
-0.175
-0.188
-0.199
-0.207
-0.212
-0.215
-0.214
-0.21
-0.203
-0.192
-0.177
-0.159
-0.138
-0.112
-0.082
-0.048
-0.01
0.033
0.08
0.132
0.188
0.25
0.357
0.465
0.573
0.675
0.77
0.854
0.924
0.977
1.01
1.018
1.0
0.82
0.62
0.41
0.2
0.1
0.01
-0.07
-0.141
-0.204
-0.258
-0.304
-0.343
-0.374
-0.398
-0.415
-0.426
-0.431
-0.43
-0.424
-0.413
-0.397
-0.377
-0.353
-0.325
-0.294
-0.26
-0.224
-0.185
-0.144
-0.102
-0.058
-0.014
0.031
0.077
0.122
0.166
0.21
0.253
0.294
0.333
0.371
0.407
0.441
0.472
0.502
0.53
0.555
0.579
0.602
0.622
0.641
0.658
0.673
0.687
0.7
0.711
0.72
0.728
0.735
0.741
0.745
0.748
0.75
0.751
0.751
0.75
0.748
0.745
0.741
0.737
0.731
0.725
0.719
0.711
0.704
0.695
0.686
0.677
0.667
0.657
0.647
0.637
0.626
0.615
0.604
0.593
0.582
0.571
0.549
0.527
0.506
0.484
0.463
0.442
0.421
0.401
0.382
0.362
0.344
0.326
0.309
0.292
0.276
0.261
0.247
0.234
0.222
0.21
0.2
0.206
0.213
0.221
0.23
0.24
0.251
0.262
0.275
0.288
0.302
0.317
0.332
0.348
0.364
0.381
0.399
0.416
0.435
0.453
0.472
0.491
0.511
0.53
0.55
0.57
0.59
0.61
0.63
0.649
0.669
0.689
0.708
0.727
0.746
0.765
0.783
0.801
0.819
0.836
0.852
0.868
0.884
0.899
0.913
0.926
0.939
0.951
0.962
0.972
0.981
0.99
0.997
1.003
1.008
1.012
1.015
1.017
1.018
1.017
1.015
1.011
1.006
1.0
0.969
0.937
0.904
0.87
0.835
0.799
0.763
0.727
0.69
0.654
0.618
0.582
0.547
0.513
0.48
0.447
0.417
0.387
0.359
0.333
0.33
0.329
0.329
0.331
0.335
0.34
0.347
0.355
0.365
0.376
0.387
0.4
0.414
0.429
0.445
0.461
0.478
0.496
0.514
0.533
0.551
0.57
0.59
0.609
0.628
0.647
0.666
0.685
0.703
0.721
0.738
0.755
0.771
0.786
0.801
0.814
0.826
0.838
0.848
0.856
0.864
0.87
0.874
0.877
0.878
0.878
0.875
0.871
0.864
0.856
0.845
0.832
0.816
0.798
0.778
0.723
0.666
0.609
0.551
0.494
0.438
0.384
0.333
0.306
0.281
0.26
0.241
0.225
0.211
0.198
0.187
0.177
0.167
0.167
0.167
0.168
0.169
0.17
0.171
0.172
0.174
0.175
0.177
0.179
0.181
0.184
0.186
0.189
0.192
0.195
0.198
0.201
0.204
0.208
0.212
0.215
0.219
0.223
0.227
0.232
0.236
0.24
0.245
0.25
0.254
0.259
0.264
0.269
0.275
0.28
0.285
0.29
0.296
0.301
0.307
0.313
0.318
0.324
0.33
0.336
0.342
0.347
0.353
0.359
0.365
0.372
0.378
0.384
0.39
0.396
0.402
0.408
0.415
0.421
0.427
0.433
0.439
0.445
0.451
0.458
0.464
0.47
0.476
0.482
0.488
0.494
0.5
0.505
0.511
0.517
0.523
0.528
0.534
0.539
0.545
0.55
0.556
0.561
0.566
0.571
0.576
0.581
0.586
0.59
0.595
0.599
0.604
0.608
0.612
0.616
0.62
0.624
0.627
0.631
0.634
0.638
0.641
0.644
0.646
0.649
0.652
0.654
0.656
0.658
0.66
0.662
0.663
0.665
0.666
0.667
0.668
0.668
0.669
0.669
0.669
0.669
0.668
0.667
0.667
0.666
0.664
0.663
0.661
0.659
0.657
0.655
0.652
0.649
0.646
0.642
0.639
0.635
0.631
0.626
0.622
0.617
0.611
0.606
0.6
0.584
0.568
0.552
0.535
0.518
0.501
0.485
0.468
0.451
0.434
0.417
0.4
0.383
0.366
0.35
0.333
0.326
0.318
0.311
0.304
0.297
0.29
0.284
0.278
0.272
0.266
0.261
0.255
0.25
0.245
0.241
0.237
0.232
0.229
0.225
0.221
0.218
0.215
0.212
0.21
0.207
0.205
0.203
0.202
0.2
0.199
0.198
0.197
0.197
0.196
0.196
0.196
0.196
0.197
0.198
0.199
0.2
0.201
0.203
0.204
0.206
0.209
0.211
0.214
0.217
0.22
0.223
0.227
0.23
0.234
0.238
0.243
0.247
0.252
0.257
0.262
0.268
0.273
0.279
0.285
0.291
0.298
0.305
0.311
0.319
0.326
0.333
0.345
0.357
0.369
0.381
0.394
0.406
0.418
0.431
0.443
0.456
0.468
0.48
0.492
0.504
0.516
0.528
0.539
0.55
0.561
0.571
0.581
0.591
0.6
0.609
0.617
0.625
0.633
0.64
0.646
0.652
0.657
0.661
0.665
0.668
0.67
0.672
0.672
0.672
0.671
0.669
0.667
0.651
0.635
0.619
0.601
0.583
0.565
0.547
0.529
0.51
0.492
0.475
0.457
0.44
0.424
0.409
0.394
0.381
0.368
0.357
0.348
0.34
0.333
0.35
0.367
0.387
0.408
0.43
0.454
0.478
0.504
0.531
0.558
0.586
0.615
0.645
0.674
0.705
0.735
0.765
0.796
0.826
0.856
0.886
0.915
0.944
0.972
1.0
1.013
1.026
1.038
1.049
1.059
1.068
1.077
1.084
1.091
1.098
1.103
1.108
1.112
1.115
1.118
1.12
1.121
1.121
1.121
1.12
1.119
1.117
1.114
1.11
1.106
1.102
1.096
1.09
1.084
1.077
1.069
1.061
1.052
1.043
1.033
1.022
1.011
1.0
0.975
0.95
0.924
0.898
0.871
0.845
0.817
0.79
0.763
0.735
0.708
0.68
0.652
0.624
0.597
0.569
0.542
0.515
0.488
0.461
0.435
0.409
0.384
0.359
0.334
0.31
0.287
0.264
0.242
0.221
0.2
0.193
0.187
0.181
0.177
0.172
0.169
0.166
0.164
0.162
0.161
0.16
0.16
0.16
0.161
0.161
0.163
0.164
0.166
0.168
0.17
0.173
0.175
0.178
0.181
0.184
0.187
0.19
0.193
0.195
0.198
0.201
0.203
0.205
0.207
0.209
0.211
0.212
0.213
0.213
0.213
0.213
0.212
0.211
0.209
0.207
0.204
0.2
0.198
0.195
0.192
0.188
0.184
0.18
0.176
0.171
0.167
0.163
0.159
0.156
0.153
0.15
0.148
0.146
0.146
0.146
0.147
0.149
0.152
0.157
0.162
0.169
0.178
0.188
0.199
0.213
0.228
0.245
0.264
0.285
0.308
0.333
0.366
0.4
0.436
0.474
0.514
0.555
0.598
0.641
0.686
0.731
0.776
0.822
0.869
0.915
0.961
1.006
1.052
1.096
1.14
1.182
1.223
1.263
1.301
1.338
1.372
1.405
1.435
1.462
1.487
1.509
1.528
1.544
1.556
1.565
1.57
1.572
1.569
1.562
1.55
1.534
1.513
1.487
1.456
1.42
1.378
1.33
1.276
1.217
1.151
1.079
1.0
0.815
0.626
0.437
0.25
0.163
0.082
0.007
-0.063
-0.127
-0.186
-0.24
-0.29
-0.334
-0.374
-0.409
-0.44
-0.467
-0.489
-0.508
-0.523
-0.534
-0.541
-0.545
-0.546
-0.544
-0.538
-0.53
-0.519
-0.506
-0.49
-0.471
-0.451
-0.428
-0.404
-0.378
-0.35
-0.321
-0.29
-0.258
-0.226
-0.192
-0.157
-0.122
-0.086
-0.05
-0.014
0.023
0.059
0.096
0.132
0.167
0.202
0.236
0.27
0.302
0.333
0.364
0.394
0.422
0.449
0.474
0.499
0.522
0.544
0.565
0.585
0.604
0.621
0.638
0.653
0.667
0.68
0.692
0.703
0.713
0.722
0.73
0.737
0.743
0.748
0.752
0.755
0.757
0.758
0.758
0.757
0.755
0.753
0.749
0.745
0.74
0.734
0.727
0.72
0.712
0.702
0.693
0.682
0.671
0.658
0.646
0.632
0.618
0.603
0.587
0.571
0.554
0.537
0.519
0.5
0.463
0.426
0.392
0.36
0.333
0.339
0.349
0.364
0.383
0.406
0.432
0.459
0.489
0.519
0.55
0.581
0.611
0.64
0.666
0.691
0.712
0.729
0.742
0.751
0.753
0.75
0.698
0.64
0.578
0.512
0.444
0.374
0.304
0.234
0.167
0.138
0.112
0.089
0.068
0.05
0.034
0.021
0.009
0.0
-0.007
-0.011
-0.014
-0.015
-0.015
-0.012
-0.008
-0.002
0.005
0.014
0.024
0.035
0.048
0.062
0.077
0.092
0.109
0.127
0.145
0.164
0.184
0.204
0.224
0.245
0.267
0.288
0.31
0.332
0.353
0.375
0.397
0.418
0.439
0.46
0.48
0.5
0.519
0.538
0.556
0.578
0.6
0.622
0.642
0.663
0.682
0.702
0.721
0.739
0.758
0.777
0.795
0.813
0.832
0.851
0.87
0.889
0.903
0.917
0.93
0.944
0.956
0.968
0.979
0.988
0.996
1.001
1.005
1.006
1.004
1.0
0.974
0.946
0.914
0.881
0.846
0.809
0.772
0.733
0.694
0.655
0.616
0.578
0.54
0.504
0.469
0.437
0.406
0.379
0.354
0.332
0.314
0.3
0.291
0.286
0.286
0.322
0.363
0.407
0.453
0.501
0.55
0.599
0.646
0.691
0.732
0.77
0.803
0.829
0.849
0.861
0.864
0.857
0.776
0.687
0.592
0.494
0.394
0.295
0.2
0.165
0.137
0.113
0.095
0.081
0.072
0.068
0.068
0.072
0.079
0.09
0.105
0.122
0.142
0.165
0.19
0.218
0.247
0.278
0.31
0.343
0.377
0.412
0.448
0.484
0.519
0.555
0.59
0.624
0.658
0.69
0.721
0.75
0.767
0.782
0.795
0.806
0.816
0.824
0.831
0.836
0.839
0.842
0.843
0.842
0.841
0.838
0.834
0.829
0.823
0.816
0.808
0.8
0.79
0.78
0.769
0.758
0.746
0.733
0.72
0.706
0.692
0.678
0.664
0.649
0.634
0.619
0.604
0.589
0.574
0.559
0.544
0.53
0.516
0.502
0.488
0.475
0.462
0.45
0.439
0.428
0.418
0.409
0.4
0.392
0.385
0.38
0.375
0.371
0.368
0.367
0.367
0.368
0.37
0.374
0.379
0.386
0.394
0.404
0.415
0.429
0.464
0.5
0.536
0.571
0.585
0.597
0.608
0.618
0.626
0.633
0.638
0.643
0.646
0.648
0.649
0.649
0.648
0.647
0.644
0.64
0.635
0.63
0.624
0.617
0.61
0.601
0.592
0.583
0.573
0.563
0.552
0.54
0.529
0.517
0.504
0.492
0.479
0.466
0.453
0.439
0.426
0.412
0.399
0.386
0.372
0.359
0.346
0.333
0.323
0.314
0.305
0.296
0.288
0.281
0.275
0.27
0.265
0.262
0.26
0.26
0.261
0.263
0.267
0.273
0.281
0.291
0.303
0.317
0.333
0.363
0.396
0.43
0.465
0.502
0.54
0.578
0.617
0.656
0.694
0.732
0.77
0.806
0.841
0.874
0.905
0.934
0.96
0.984
1.004
1.021
1.034
1.044
1.049
1.049
1.045
1.036
1.021
1.0
0.916
0.827
0.734
0.639
0.542
0.446
0.35
0.257
0.167
0.136
0.111
0.089
0.072
0.058
0.048
0.042
0.04
0.041
0.044
0.051
0.061
0.074
0.089
0.106
0.126
0.148
0.172
0.197
0.225
0.253
0.283
0.315
0.347
0.38
0.415
0.449
0.484
0.52
0.555
0.59
0.626
0.661
0.695
0.729
0.762
0.794
0.825
0.855
0.884
0.911
0.936
0.959
0.981
1.0
0.995
0.987
0.978
0.966
0.952
0.937
0.92
0.901
0.88
0.858
0.835
0.81
0.784
0.757
0.728
0.699
0.669
0.638
0.606
0.574
0.541
0.507
0.473
0.439
0.405
0.371
0.336
0.302
0.268
0.234
0.2
0.167
0.148
0.13
0.113
0.096
0.08
0.065
0.051
0.038
0.025
0.014
0.004
-0.004
-0.012
-0.018
-0.022
-0.026
-0.027
-0.027
-0.025
-0.022
-0.017
-0.009
-0.0
0.011
0.024
0.04
0.058
0.078
0.1
0.125
0.152
0.182
0.215
0.25
0.321
0.393
0.467
0.541
0.615
0.687
0.757
0.824
0.888
0.947
1.0
0.997
0.989
0.975
0.957
0.934
0.907
0.876
0.843
0.807
0.768
0.728
0.687
0.645
0.602
0.56
0.518
0.477
0.438
0.4
0.375
0.352
0.331
0.313
0.296
0.281
0.267
0.255
0.244
0.234
0.225
0.218
0.21
0.204
0.198
0.193
0.188
0.183
0.177
0.172
0.167
0.171
0.175
0.178
0.182
0.184
0.187
0.189
0.191
0.193
0.194
0.195
0.196
0.197
0.198
0.198
0.199
0.199
0.199
0.199
0.199
0.198
0.198
0.198
0.197
0.197
0.197
0.197
0.197
0.196
0.196
0.196
0.197
0.197
0.198
0.198
0.199
0.2
0.201
0.203
0.205
0.207
0.209
0.212
0.215
0.218
0.222
0.226
0.231
0.235
0.241
0.247
0.253
0.26
0.267
0.274
0.283
0.292
0.301
0.311
0.321
0.333
0.344
0.357
0.37
0.384
0.398
0.413
0.429
0.446
0.463
0.482
0.501
0.521
0.541
0.563
0.585
0.609
0.633
0.658
0.684
0.711
0.739
0.768
0.798
0.829
0.861
0.894
0.928
0.964
1.0
1.033
1.065
1.096
1.123
1.146
1.163
1.173
1.174
1.165
1.145
1.111
1.064
1.0
0.838
0.667
0.496
0.333
0.257
0.197
0.151
0.117
0.094
0.08
0.073
0.073
0.077
0.083
0.125
0.167
0.209
0.251
0.293
0.333
0.35
0.366
0.38
0.392
0.404
0.414
0.423
0.431
0.437
0.443
0.447
0.451
0.453
0.455
0.456
0.455
0.454
0.452
0.45
0.446
0.442
0.437
0.432
0.426
0.42
0.413
0.405
0.397
0.389
0.381
0.372
0.362
0.353
0.343
0.333
0.324
0.314
0.303
0.293
0.283
0.273
0.263
0.254
0.244
0.235
0.225
0.216
0.208
0.2
0.192
0.185
0.178
0.171
0.165
0.16
0.155
0.151
0.148
0.146
0.144
0.143
0.147
0.153
0.159
0.166
0.173
0.181
0.189
0.197
0.206
0.215
0.224
0.234
0.243
0.252
0.261
0.27
0.279
0.287
0.295
0.302
0.309
0.315
0.32
0.325
0.329
0.332
0.334
0.335
0.335
0.333
0.319
0.304
0.288
0.271
0.254
0.237
0.219
0.201
0.184
0.167
0.16
0.154
0.148
0.144
0.139
0.135
0.132
0.129
0.127
0.125
0.123
0.122
0.122
0.122
0.122
0.123
0.124
0.126
0.127
0.13
0.132
0.135
0.138
0.142
0.146
0.15
0.154
0.159
0.164
0.169
0.174
0.179
0.185
0.191
0.197
0.203
0.209
0.216
0.223
0.229
0.236
0.243
0.25
0.257
0.264
0.271
0.278
0.285
0.292
0.299
0.306
0.313
0.32
0.327
0.333
0.338
0.343
0.348
0.353
0.358
0.362
0.367
0.371
0.376
0.38
0.384
0.387
0.391
0.394
0.398
0.401
0.404
0.407
0.41
0.412
0.415
0.417
0.419
0.42
0.422
0.424
0.425
0.426
0.427
0.427
0.427
0.428
0.428
0.427
0.427
0.426
0.425
0.424
0.422
0.42
0.418
0.416
0.413
0.411
0.408
0.404
0.401
0.397
0.392
0.388
0.383
0.378
0.373
0.367
0.361
0.354
0.348
0.341
0.333
0.325
0.317
0.308
0.299
0.29
0.281
0.271
0.262
0.253
0.243
0.234
0.225
0.215
0.207
0.198
0.189
0.181
0.173
0.166
0.159
0.152
0.146
0.14
0.135
0.131
0.127
0.124
0.122
0.12
0.119
0.119
0.12
0.122
0.125
0.128
0.133
0.139
0.146
0.154
0.164
0.174
0.186
0.199
0.214
0.229
0.247
0.265
0.286
0.332
0.379
0.427
0.475
0.524
0.571
0.598
0.624
0.648
0.672
0.696
0.718
0.74
0.761
0.782
0.801
0.82
0.838
0.856
0.873
0.889
0.904
0.919
0.933
0.947
0.959
0.972
0.983
0.994
1.005
1.015
1.024
1.033
1.041
1.048
1.055
1.062
1.068
1.073
1.078
1.082
1.086
1.09
1.093
1.095
1.097
1.099
1.1
1.101
1.101
1.101
1.101
1.1
1.099
1.097
1.095
1.093
1.09
1.087
1.084
1.08
1.076
1.072
1.067
1.062
1.057
1.052
1.046
1.04
1.034
1.028
1.021
1.014
1.007
1.0
0.982
0.964
0.946
0.928
0.91
0.892
0.873
0.855
0.836
0.817
0.799
0.78
0.761
0.742
0.724
0.705
0.687
0.668
0.65
0.631
0.613
0.595
0.577
0.56
0.542
0.525
0.508
0.491
0.474
0.458
0.442
0.426
0.41
0.395
0.38
0.366
0.352
0.338
0.324
0.311
0.299
0.287
0.275
0.264
0.253
0.243
0.234
0.225
0.216
0.208
0.201
0.194
0.188
0.182
0.177
0.173
0.17
0.167
0.176
0.187
0.197
0.209
0.22
0.232
0.244
0.257
0.269
0.281
0.293
0.305
0.317
0.328
0.338
0.348
0.358
0.367
0.374
0.381
0.387
0.392
0.396
0.399
0.4
0.394
0.386
0.377
0.367
0.356
0.344
0.331
0.317
0.303
0.288
0.273
0.258
0.242
0.226
0.21
0.194
0.178
0.163
0.148
0.133
0.119
0.105
0.092
0.08
0.069
0.059
0.05
0.042
0.035
0.03
0.026
0.024
0.024
0.025
0.029
0.034
0.041
0.051
0.063
0.077
0.093
0.112
0.134
0.159
0.186
0.217
0.25
0.322
0.396
0.472
0.547
0.622
0.695
0.766
0.832
0.894
0.95
1.0
0.991
0.975
0.953
0.926
0.894
0.858
0.819
0.777
0.733
0.688
0.644
0.599
0.556
0.535
0.515
0.498
0.482
0.468
0.456
0.445
0.436
0.428
0.422
0.417
0.414
0.412
0.411
0.411
0.413
0.415
0.419
0.424
0.43
0.437
0.445
0.454
0.463
0.473
0.484
0.496
0.509
0.522
0.535
0.549
0.564
0.579
0.594
0.61
0.626
0.642
0.658
0.675
0.692
0.708
0.725
0.742
0.758
0.775
0.791
0.807
0.823
0.839
0.854
0.869
0.883
0.897
0.911
0.923
0.936
0.947
0.958
0.968
0.977
0.986
0.993
1.0
0.996
0.991
0.986
0.979
0.972
0.964
0.955
0.945
0.935
0.924
0.913
0.901
0.888
0.875
0.862
0.848
0.834
0.819
0.805
0.79
0.775
0.759
0.744
0.728
0.713
0.697
0.682
0.667
0.655
0.644
0.633
0.622
0.611
0.6
0.589
0.578
0.568
0.558
0.547
0.537
0.527
0.518
0.508
0.498
0.489
0.48
0.471
0.462
0.453
0.444
0.435
0.427
0.419
0.41
0.402
0.394
0.386
0.379
0.371
0.364
0.356
0.349
0.342
0.335
0.329
0.322
0.316
0.309
0.303
0.297
0.291
0.285
0.28
0.274
0.269
0.263
0.258
0.253
0.248
0.244
0.239
0.235
0.23
0.226
0.222
0.218
0.215
0.211
0.208
0.204
0.201
0.198
0.195
0.192
0.19
0.187
0.185
0.183
0.181
0.179
0.177
0.175
0.174
0.173
0.171
0.17
0.169
0.169
0.168
0.168
0.167
0.167
0.167
0.167
0.167
0.168
0.168
0.169
0.17
0.171
0.172
0.173
0.175
0.176
0.178
0.18
0.182
0.184
0.186
0.189
0.191
0.194
0.197
0.2
0.21
0.219
0.229
0.239
0.249
0.259
0.269
0.279
0.289
0.299
0.309
0.319
0.329
0.339
0.349
0.359
0.368
0.378
0.387
0.396
0.405
0.413
0.422
0.43
0.438
0.445
0.452
0.459
0.466
0.472
0.478
0.483
0.488
0.492
0.496
0.5
0.496
0.492
0.487
0.482
0.477
0.471
0.465
0.459
0.453
0.447
0.441
0.435
0.428
0.422
0.416
0.411
0.405
0.4
0.401
0.403
0.405
0.407
0.41
0.413
0.416
0.419
0.423
0.427
0.432
0.436
0.441
0.446
0.451
0.457
0.462
0.468
0.474
0.481
0.487
0.494
0.501
0.508
0.515
0.522
0.53
0.538
0.545
0.553
0.562
0.57
0.578
0.586
0.595
0.604
0.612
0.621
0.63
0.639
0.648
0.657
0.666
0.675
0.684
0.693
0.702
0.711
0.72
0.729
0.739
0.748
0.757
0.766
0.775
0.784
0.793
0.801
0.81
0.819
0.827
0.836
0.844
0.853
0.861
0.869
0.877
0.885
0.893
0.9
0.908
0.915
0.922
0.929
0.936
0.942
0.948
0.955
0.961
0.966
0.972
0.977
0.982
0.987
0.992
0.996
1.0
0.998
0.996
0.993
0.99
0.987
0.984
0.981
0.977
0.973
0.969
0.964
0.96
0.955
0.95
0.945
0.94
0.934
0.929
0.923
0.917
0.911
0.905
0.898
0.892
0.885
0.878
0.872
0.865
0.858
0.85
0.843
0.836
0.829
0.821
0.814
0.806
0.798
0.791
0.783
0.775
0.768
0.76
0.752
0.744
0.736
0.729
0.721
0.713
0.705
0.698
0.69
0.682
0.675
0.667
0.66
0.652
0.645
0.638
0.631
0.624
0.617
0.61
0.603
0.596
0.59
0.583
0.577
0.571
0.565
0.559
0.553
0.548
0.543
0.537
0.532
0.528
0.523
0.519
0.514
0.51
0.506
0.503
0.5
0.496
0.494
0.491
0.489
0.487
0.485
0.483
0.482
0.481
0.48
0.48
0.48
0.48
0.48
0.481
0.482
0.484
0.486
0.488
0.49
0.493
0.496
0.5
0.51
0.521
0.531
0.541
0.551
0.561
0.57
0.578
0.585
0.591
0.595
0.598
0.6
0.588
0.574
0.558
0.542
0.524
0.506
0.487
0.468
0.449
0.431
0.412
0.394
0.377
0.361
0.347
0.333
0.337
0.342
0.349
0.357
0.367
0.378
0.39
0.402
0.416
0.431
0.446
0.462
0.479
0.496
0.513
0.531
0.549
0.567
0.584
0.602
0.619
0.637
0.653
0.669
0.685
0.7
0.714
0.727
0.739
0.75
0.749
0.746
0.743
0.738
0.733
0.727
0.72
0.712
0.703
0.695
0.685
0.675
0.665
0.654
0.643
0.632
0.621
0.61
0.599
0.588
0.577
0.567
0.557
0.547
0.537
0.529
0.52
0.513
0.506
0.5
0.503
0.507
0.512
0.518
0.524
0.531
0.539
0.547
0.555
0.565
0.574
0.584
0.595
0.605
0.616
0.627
0.639
0.65
0.662
0.674
0.685
0.697
0.708
0.72
0.731
0.742
0.753
0.764
0.774
0.784
0.793
0.802
0.811
0.819
0.826
0.833
0.839
0.844
0.848
0.852
0.855
0.857
0.846
0.834
0.821
0.807
0.792
0.777
0.761
0.745
0.728
0.711
0.693
0.675
0.657
0.639
0.62
0.601
0.583
0.564
0.545
0.527
0.508
0.49
0.472
0.455
0.438
0.421
0.405
0.389
0.374
0.36
0.346
0.333
0.333
0.333
0.334
0.335
0.337
0.34
0.344
0.348
0.353
0.358
0.364
0.37
0.377
0.384
0.392
0.4
0.408
0.417
0.425
0.434
0.443
0.453
0.462
0.471
0.481
0.49
0.5
0.51
0.52
0.53
0.539
0.549
0.559
0.568
0.577
0.587
0.596
0.605
0.613
0.622
0.63
0.639
0.647
0.655
0.662
0.67
0.677
0.684
0.69
0.697
0.703
0.709
0.714
0.72
0.725
0.729
0.734
0.738
0.741
0.745
0.747
0.75
0.745
0.739
0.733
0.727
0.721
0.714
0.707
0.699
0.692
0.684
0.676
0.667
0.659
0.65
0.641
0.632
0.623
0.614
0.604
0.595
0.585
0.576
0.566
0.557
0.547
0.537
0.528
0.518
0.509
0.499
0.49
0.481
0.472
0.463
0.454
0.445
0.437
0.429
0.421
0.413
0.405
0.398
0.391
0.384
0.378
0.372
0.366
0.361
0.356
0.351
0.347
0.344
0.34
0.338
0.335
0.333
0.341
0.349
0.358
0.367
0.377
0.387
0.397
0.408
0.419
0.43
0.442
0.454
0.467
0.479
0.492
0.505
0.518
0.532
0.545
0.559
0.573
0.587
0.601
0.615
0.629
0.643
0.657
0.671
0.685
0.699
0.713
0.727
0.74
0.754
0.767
0.781
0.794
0.807
0.819
0.831
0.844
0.855
0.867
0.878
0.889
0.899
0.909
0.919
0.928
0.937
0.945
0.953
0.96
0.967
0.973
0.979
0.984
0.988
0.992
0.996
0.998
1.0
0.986
0.971
0.956
0.94
0.924
0.907
0.889
0.871
0.853
0.834
0.815
0.795
0.775
0.755
0.735
0.714
0.693
0.672
0.651
0.629
0.608
0.586
0.565
0.543
0.522
0.5
0.479
0.458
0.437
0.416
0.395
0.375
0.365
0.356
0.347
0.338
0.329
0.321
0.313
0.305
0.297
0.29
0.283
0.276
0.27
0.263
0.257
0.252
0.246
0.241
0.236
0.231
0.226
0.222
0.218
0.214
0.21
0.207
0.204
0.201
0.198
0.195
0.193
0.191
0.188
0.187
0.185
0.184
0.182
0.181
0.18
0.18
0.179
0.179
0.178
0.178
0.179
0.179
0.179
0.18
0.181
0.182
0.183
0.184
0.185
0.187
0.188
0.19
0.192
0.194
0.196
0.198
0.201
0.203
0.206
0.208
0.211
0.214
0.217
0.22
0.224
0.227
0.23
0.234
0.237
0.241
0.245
0.249
0.252
0.256
0.26
0.265
0.269
0.273
0.277
0.282
0.286
0.29
0.295
0.299
0.304
0.309
0.313
0.318
0.323
0.327
0.332
0.337
0.342
0.346
0.351
0.356
0.361
0.366
0.371
0.375
0.38
0.385
0.39
0.395
0.4
0.404
0.409
0.414
0.418
0.423
0.428
0.432
0.437
0.441
0.446
0.45
0.455
0.459
0.463
0.468
0.472
0.476
0.48
0.484
0.488
0.492
0.495
0.499
0.502
0.506
0.509
0.513
0.516
0.519
0.522
0.525
0.528
0.53
0.533
0.536
0.538
0.54
0.542
0.544
0.546
0.548
0.549
0.551
0.552
0.553
0.554
0.555
0.556
0.557
0.557
0.557
0.558
0.557
0.557
0.557
0.556
0.556
0.552
0.549
0.545
0.541
0.537
0.533
0.529
0.525
0.52
0.516
0.511
0.506
0.502
0.497
0.492
0.487
0.482
0.477
0.471
0.466
0.461
0.456
0.451
0.446
0.44
0.435
0.43
0.425
0.42
0.415
0.41
0.406
0.401
0.396
0.392
0.387
0.383
0.379
0.375
0.371
0.367
0.363
0.36
0.356
0.353
0.35
0.348
0.345
0.343
0.341
0.339
0.337
0.336
0.335
0.334
0.333
0.333
0.333
0.333
0.333
0.336
0.339
0.342
0.345
0.349
0.352
0.356
0.36
0.363
0.366
0.37
0.373
0.376
0.378
0.38
0.382
0.383
0.384
0.385
0.385
0.384
0.383
0.381
0.378
0.374
0.37
0.364
0.358
0.351
0.343
0.333
0.313
0.293
0.272
0.251
0.23
0.21
0.191
0.173
0.157
0.143
0.146
0.151
0.158
0.167
0.177
0.189
0.201
0.214
0.228
0.242
0.256
0.27
0.283
0.295
0.307
0.317
0.326
0.333
0.333
0.33
0.326
0.321
0.315
0.307
0.3
0.291
0.283
0.274
0.266
0.258
0.251
0.244
0.239
0.234
0.232
0.23
0.231
0.234
0.239
0.246
0.256
0.27
0.286
0.33
0.376
0.425
0.474
0.523
0.571
0.594
0.614
0.633
0.651
0.667
0.682
0.695
0.707
0.718
0.728
0.736
0.743
0.749
0.754
0.758
0.761
0.763
0.764
0.764
0.763
0.761
0.758
0.755
0.751
0.747
0.741
0.735
0.729
0.722
0.714
0.706
0.698
0.689
0.68
0.671
0.661
0.652
0.642
0.631
0.621
0.611
0.6
0.59
0.58
0.57
0.56
0.55
0.54
0.53
0.521
0.512
0.504
0.496
0.488
0.481
0.474
0.468
0.462
0.457
0.453
0.449
0.446
0.444
0.443
0.443
0.443
0.444
0.452
0.461
0.471
0.481
0.492
0.504
0.516
0.528
0.541
0.554
0.567
0.581
0.594
0.608
0.621
0.634
0.647
0.659
0.671
0.683
0.694
0.704
0.713
0.722
0.73
0.737
0.742
0.747
0.75
0.752
0.753
0.752
0.75
0.732
0.712
0.691
0.669
0.646
0.622
0.597
0.572
0.547
0.521
0.495
0.469
0.444
0.419
0.395
0.371
0.348
0.326
0.306
0.287
0.269
0.253
0.239
0.226
0.216
0.208
0.203
0.2
0.222
0.246
0.273
0.3
0.323
0.347
0.371
0.395
0.42
0.446
0.471
0.496
0.522
0.547
0.572
0.596
0.62
0.644
0.667
0.688
0.709
0.729
0.748
0.765
0.781
0.796
0.809
0.82
0.829
0.837
0.842
0.846
0.847
0.845
0.842
0.835
0.826
0.815
0.8
0.746
0.69
0.632
0.572
0.512
0.452
0.392
0.333
0.305
0.279
0.254
0.23
0.209
0.188
0.169
0.151
0.135
0.12
0.107
0.094
0.083
0.073
0.064
0.057
0.05
0.045
0.04
0.037
0.035
0.033
0.033
0.033
0.035
0.037
0.04
0.044
0.048
0.053
0.059
0.065
0.073
0.08
0.088
0.097
0.106
0.116
0.126
0.137
0.148
0.159
0.17
0.182
0.194
0.206
0.219
0.231
0.244
0.257
0.27
0.282
0.295
0.308
0.321
0.333
0.346
0.358
0.37
0.382
0.394
0.405
0.417
0.427
0.438
0.448
0.458
0.468
0.477
0.486
0.494
0.502
0.51
0.517
0.523
0.529
0.534
0.539
0.543
0.547
0.55
0.552
0.553
0.554
0.555
0.554
0.553
0.55
0.548
0.544
0.539
0.534
0.527
0.52
0.512
0.503
0.493
0.481
0.469
0.456
0.442
0.427
0.41
0.393
0.374
0.354
0.333
0.31
0.286
0.26
0.235
0.209
0.182
0.156
0.13
0.105
0.08
0.057
0.034
0.013
-0.007
-0.025
-0.041
-0.055
-0.066
-0.075
-0.081
-0.084
-0.084
-0.08
-0.073
-0.061
-0.046
-0.026
-0.002
0.027
0.061
0.1
0.144
0.194
0.25
0.347
0.446
0.546
0.643
0.734
0.817
0.888
0.945
0.985
1.004
1.0
0.854
0.69
0.514
0.333
0.238
0.145
0.056
-0.031
-0.114
-0.195
-0.273
-0.348
-0.421
-0.49
-0.557
-0.621
-0.683
-0.742
-0.798
-0.852
-0.904
-0.953
-0.999
-1.044
-1.085
-1.125
-1.162
-1.197
-1.23
-1.26
-1.289
-1.315
-1.339
-1.362
-1.382
-1.4
-1.417
-1.431
-1.444
-1.454
-1.463
-1.471
-1.476
-1.48
-1.482
-1.483
-1.482
-1.479
-1.475
-1.47
-1.463
-1.454
-1.445
-1.434
-1.421
-1.408
-1.393
-1.377
-1.36
-1.342
-1.322
-1.302
-1.28
-1.258
-1.235
-1.21
-1.185
-1.159
-1.132
-1.105
-1.077
-1.048
-1.018
-0.988
-0.957
-0.926
-0.894
-0.861
-0.828
-0.795
-0.761
-0.727
-0.693
-0.659
-0.624
-0.589
-0.554
-0.518
-0.483
-0.447
-0.412
-0.376
-0.341
-0.305
-0.27
-0.235
-0.2
-0.165
-0.131
-0.097
-0.063
-0.029
0.004
0.036
0.069
0.1
0.131
0.162
0.192
0.221
0.25
0.28
0.31
0.339
0.368
0.395
0.422
0.448
0.474
0.499
0.523
0.547
0.57
0.593
0.614
0.636
0.656
0.676
0.696
0.714
0.733
0.75
0.767
0.784
0.8
0.815
0.83
0.845
0.858
0.872
0.885
0.897
0.909
0.92
0.931
0.941
0.951
0.96
0.969
0.978
0.986
0.994
1.001
1.008
1.014
1.02
1.026
1.031
1.035
1.04
1.044
1.048
1.051
1.054
1.056
1.059
1.061
1.062
1.063
1.064
1.065
1.065
1.066
1.065
1.065
1.064
1.063
1.062
1.06
1.059
1.057
1.054
1.052
1.049
1.046
1.043
1.04
1.037
1.033
1.029
1.025
1.021
1.017
1.012
1.008
1.003
0.998
0.993
0.988
0.983
0.978
0.972
0.967
0.962
0.956
0.95
0.945
0.939
0.933
0.927
0.921
0.916
0.91
0.904
0.898
0.892
0.886
0.88
0.874
0.869
0.863
0.857
0.851
0.846
0.84
0.835
0.829
0.824
0.819
0.814
0.809
0.804
0.799
0.795
0.79
0.786
0.782
0.778
0.772
0.765
0.76
0.754
0.748
0.743
0.738
0.732
0.727
0.723
0.718
0.713
0.709
0.705
0.701
0.697
0.693
0.689
0.686
0.682
0.679
0.676
0.673
0.67
0.667
0.664
0.662
0.659
0.657
0.655
0.653
0.651
0.649
0.647
0.646
0.644
0.643
0.641
0.64
0.639
0.638
0.637
0.636
0.635
0.635
0.634
0.634
0.633
0.633
0.633
0.633
0.633
0.633
0.633
0.633
0.633
0.633
0.634
0.634
0.635
0.635
0.636
0.637
0.637
0.638
0.639
0.64
0.641
0.642
0.643
0.644
0.645
0.647
0.648
0.649
0.651
0.652
0.653
0.655
0.656
0.658
0.659
0.661
0.662
0.664
0.666
0.667
0.669
0.671
0.672
0.674
0.676
0.678
0.679
0.681
0.683
0.685
0.686
0.688
0.69
0.692
0.694
0.695
0.697
0.699
0.7
0.702
0.704
0.706
0.707
0.709
0.71
0.712
0.714
0.715
0.717
0.718
0.72
0.721
0.722
0.724
0.725
0.726
0.728
0.729
0.73
0.731
0.732
0.733
0.734
0.735
0.736
0.737
0.737
0.738
0.739
0.739
0.74
0.74
0.74
0.741
0.741
0.741
0.741
0.741
0.741
0.741
0.74
0.74
0.74
0.739
0.739
0.738
0.737
0.736
0.735
0.734
0.733
0.732
0.73
0.729
0.727
0.726
0.724
0.722
0.72
0.718
0.715
0.713
0.711
0.708
0.705
0.702
0.699
0.696
0.693
0.69
0.686
0.683
0.679
0.675
0.671
0.667
0.659
0.652
0.644
0.637
0.629
0.621
0.613
0.605
0.597
0.589
0.581
0.573
0.564
0.556
0.548
0.54
0.532
0.523
0.515
0.507
0.499
0.491
0.483
0.475
0.468
0.46
0.453
0.445
0.438
0.431
0.424
0.417
0.411
0.404
0.398
0.392
0.386
0.381
0.375
0.37
0.365
0.361
0.357
0.353
0.349
0.345
0.342
0.34
0.337
0.335
0.333
0.341
0.349
0.357
0.365
0.374
0.384
0.393
0.403
0.413
0.424
0.434
0.445
0.457
0.468
0.48
0.492
0.504
0.517
0.53
0.543
0.556
0.569
0.583
0.597
0.611
0.625
0.64
0.655
0.67
0.686
0.701
0.716
0.732
0.747
0.762
0.777
0.792
0.807
0.821
0.835
0.849
0.863
0.876
0.889
0.901
0.913
0.924
0.935
0.946
0.956
0.965
0.973
0.981
0.988
0.994
1.0
0.992
0.983
0.973
0.962
0.951
0.939
0.927
0.914
0.9
0.886
0.872
0.857
0.841
0.826
0.81
0.793
0.777
0.76
0.743
0.726
0.709
0.692
0.674
0.657
0.64
0.623
0.606
0.589
0.572
0.556
0.54
0.524
0.508
0.493
0.478
0.464
0.45
0.437
0.424
0.412
0.4
0.389
0.379
0.369
0.36
0.352
0.345
0.339
0.333
0.342
0.352
0.362
0.373
0.385
0.397
0.41
0.423
0.436
0.45
0.464
0.478
0.493
0.507
0.521
0.535
0.549
0.562
0.575
0.588
0.6
0.604
0.608
0.611
0.614
0.616
0.618
0.619
0.62
0.621
0.62
0.62
0.619
0.618
0.616
0.614
0.612
0.61
0.607
0.604
0.6
0.597
0.593
0.589
0.585
0.581
0.577
0.573
0.568
0.564
0.559
0.554
0.55
0.545
0.54
0.536
0.531
0.527
0.523
0.519
0.515
0.511
0.507
0.504
0.5
0.497
0.495
0.492
0.49
0.488
0.486
0.485
0.484
0.484
0.484
0.484
0.485
0.486
0.488
0.49
0.493
0.496
0.5
0.51
0.521
0.533
0.545
0.557
0.57
0.582
0.596
0.609
0.622
0.636
0.65
0.663
0.677
0.691
0.704
0.717
0.73
0.743
0.756
0.768
0.779
0.791
0.801
0.812
0.821
0.83
0.839
0.846
0.853
0.859
0.864
0.868
0.872
0.874
0.875
0.862
0.849
0.835
0.82
0.804
0.788
0.772
0.756
0.74
0.724
0.709
0.694
0.68
0.667
0.661
0.656
0.652
0.649
0.646
0.644
0.643
0.642
0.641
0.641
0.641
0.642
0.642
0.642
0.643
0.643
0.643
0.643
0.643
0.642
0.641
0.639
0.637
0.633
0.63
0.625
0.613
0.601
0.588
0.574
0.56
0.545
0.53
0.514
0.499
0.483
0.468
0.452
0.437
0.422
0.408
0.394
0.38
0.367
0.355
0.344
0.333
0.331
0.329
0.329
0.329
0.329
0.33
0.332
0.333
0.335
0.337
0.339
0.34
0.342
0.342
0.343
0.343
0.342
0.34
0.337
0.333
0.328
0.322
0.315
0.308
0.299
0.29
0.28
0.269
0.258
0.247
0.236
0.224
0.212
0.201
0.189
0.178
0.167
0.157
0.147
0.137
0.128
0.121
0.114
0.107
0.102
0.099
0.096
0.095
0.095
0.097
0.1
0.105
0.112
0.121
0.131
0.144
0.159
0.177
0.196
0.218
0.243
0.27
0.3
0.333
0.38
0.429
0.481
0.534
0.588
0.642
0.697
0.752
0.806
0.859
0.911
0.96
1.007
1.051
1.092
1.129
1.162
1.19
1.213
1.231
1.242
1.247
1.245
1.236
1.218
1.193
1.159
1.116
1.063
1.0
0.833
0.662
0.494
0.333
0.268
0.216
0.176
0.148
0.13
0.122
0.121
0.127
0.14
0.156
0.177
0.2
0.224
0.249
0.273
0.297
0.32
0.341
0.36
0.378
0.394
0.408
0.421
0.432
0.442
0.45
0.458
0.464
0.468
0.472
0.474
0.476
0.476
0.476
0.475
0.473
0.47
0.467
0.463
0.458
0.453
0.447
0.441
0.435
0.429
0.422
0.415
0.408
0.401
0.394
0.387
0.38
0.373
0.367
0.361
0.355
0.349
0.344
0.34
0.336
0.333
0.33
0.329
0.328
0.328
0.329
0.33
0.333
0.341
0.351
0.361
0.371
0.383
0.395
0.407
0.42
0.433
0.445
0.458
0.471
0.484
0.496
0.507
0.518
0.529
0.538
0.546
0.554
0.56
0.565
0.569
0.571
0.571
0.556
0.538
0.52
0.5
0.479
0.458
0.437
0.415
0.394
0.373
0.353
0.333
0.325
0.317
0.311
0.305
0.3
0.297
0.293
0.291
0.29
0.289
0.288
0.288
0.289
0.29
0.292
0.294
0.296
0.299
0.302
0.305
0.308
0.311
0.315
0.318
0.321
0.325
0.328
0.331
0.333
0.336
0.338
0.34
0.341
0.343
0.344
0.345
0.346
0.346
0.347
0.347
0.347
0.347
0.347
0.346
0.346
0.345
0.345
0.344
0.343
0.342
0.341
0.34
0.339
0.338
0.337
0.336
0.334
0.333
0.331
0.329
0.327
0.325
0.323
0.321
0.319
0.317
0.315
0.313
0.311
0.309
0.307
0.305
0.303
0.301
0.3
0.298
0.296
0.294
0.292
0.29
0.288
0.287
0.285
0.283
0.281
0.279
0.277
0.275
0.274
0.272
0.27
0.268
0.266
0.264
0.262
0.261
0.259
0.257
0.255
0.253
0.251
0.249
0.247
0.245
0.243
0.241
0.239
0.237
0.235
0.233
0.231
0.229
0.227
0.225
0.223
0.221
0.218
0.216
0.214
0.212
0.209
0.207
0.205
0.202
0.2
0.201
0.201
0.202
0.202
0.203
0.204
0.205
0.206
0.207
0.208
0.21
0.211
0.213
0.216
0.218
0.221
0.224
0.227
0.231
0.235
0.24
0.245
0.25
0.256
0.262
0.269
0.277
0.285
0.293
0.302
0.312
0.322
0.333
0.349
0.365
0.382
0.4
0.417
0.436
0.455
0.474
0.493
0.513
0.533
0.554
0.574
0.595
0.615
0.636
0.657
0.677
0.698
0.718
0.739
0.759
0.778
0.798
0.817
0.836
0.854
0.872
0.889
0.906
0.922
0.937
0.952
0.966
0.979
0.991
1.003
1.013
1.023
1.032
1.039
1.046
1.051
1.056
1.059
1.06
1.061
1.06
1.058
1.054
1.049
1.043
1.034
1.025
1.013
1.0
0.957
0.912
0.866
0.819
0.771
0.722
0.673
0.624
0.575
0.526
0.478
0.43
0.383
0.338
0.293
0.251
0.21
0.171
0.134
0.1
0.103
0.109
0.118
0.129
0.142
0.157
0.174
0.192
0.213
0.235
0.259
0.284
0.311
0.338
0.367
0.396
0.427
0.458
0.489
0.521
0.554
0.586
0.619
0.652
0.684
0.717
0.749
0.78
0.811
0.841
0.87
0.899
0.926
0.952
0.977
1.0
1.002
1.003
1.002
0.999
0.996
0.991
0.985
0.977
0.969
0.959
0.949
0.937
0.925
0.911
0.897
0.882
0.866
0.85
0.833
0.815
0.797
0.778
0.759
0.74
0.72
0.7
0.68
0.659
0.638
0.618
0.597
0.576
0.556
0.535
0.515
0.495
0.475
0.456
0.437
0.418
0.4
0.384
0.369
0.354
0.34
0.326
0.312
0.3
0.287
0.275
0.264
0.253
0.242
0.232
0.223
0.213
0.205
0.196
0.188
0.181
0.173
0.167
0.168
0.17
0.172
0.175
0.178
0.181
0.185
0.188
0.192
0.197
0.201
0.206
0.211
0.216
0.221
0.227
0.232
0.238
0.244
0.25
0.256
0.262
0.268
0.274
0.28
0.286
0.292
0.298
0.304
0.31
0.316
0.322
0.328
0.333
0.336
0.339
0.342
0.345
0.347
0.35
0.352
0.354
0.356
0.358
0.36
0.362
0.364
0.365
0.367
0.368
0.369
0.37
0.371
0.372
0.373
0.374
0.375
0.375
0.376
0.376
0.377
0.377
0.377
0.377
0.377
0.377
0.377
0.377
0.377
0.377
0.376
0.376
0.376
0.375
0.375
0.374
0.374
0.373
0.372
0.371
0.371
0.37
0.369
0.368
0.367
0.366
0.365
0.364
0.363
0.362
0.361
0.36
0.359
0.358
0.357
0.356
0.355
0.353
0.352
0.351
0.35
0.349
0.348
0.347
0.345
0.344
0.343
0.342
0.341
0.34
0.339
0.338
0.337
0.336
0.335
0.334
0.333
0.332
0.332
0.331
0.33
0.329
0.329
0.328
0.328
0.327
0.326
0.326
0.326
0.325
0.325
0.324
0.324
0.324
0.323
0.323
0.323
0.323
0.323
0.322
0.322
0.322
0.322
0.322
0.322
0.322
0.322
0.323
0.323
0.323
0.323
0.323
0.324
0.324
0.324
0.325
0.325
0.325
0.326
0.326
0.327
0.327
0.328
0.328
0.329
0.33
0.33
0.331
0.332
0.333
0.333
0.334
0.335
0.336
0.337
0.338
0.338
0.339
0.34
0.341
0.342
0.343
0.344
0.345
0.346
0.347
0.348
0.349
0.35
0.352
0.353
0.354
0.355
0.356
0.357
0.358
0.359
0.36
0.361
0.362
0.363
0.364
0.364
0.365
0.366
0.367
0.368
0.369
0.37
0.37
0.371
0.372
0.372
0.373
0.374
0.374
0.375
0.375
0.376
0.376
0.376
0.377
0.377
0.377
0.377
0.378
0.378
0.378
0.378
0.377
0.377
0.377
0.377
0.377
0.376
0.376
0.375
0.375
0.374
0.373
0.372
0.371
0.37
0.369
0.368
0.367
0.366
0.365
0.363
0.362
0.36
0.358
0.356
0.355
0.353
0.351
0.348
0.346
0.344
0.341
0.339
0.336
0.333
0.33
0.328
0.324
0.321
0.318
0.315
0.311
0.308
0.304
0.301
0.297
0.293
0.289
0.286
0.282
0.278
0.274
0.27
0.266
0.262
0.258
0.254
0.25
0.245
0.241
0.237
0.233
0.229
0.225
0.221
0.217
0.213
0.209
0.205
0.201
0.197
0.194
0.19
0.186
0.183
0.179
0.176
0.172
0.169
0.166
0.163
0.16
0.157
0.154
0.151
0.149
0.146
0.144
0.141
0.139
0.137
0.135
0.134
0.132
0.131
0.129
0.128
0.127
0.126
0.126
0.125
0.125
0.125
0.125
0.125
0.126
0.127
0.128
0.129
0.13
0.132
0.133
0.135
0.138
0.14
0.143
0.146
0.149
0.152
0.156
0.16
0.164
0.169
0.173
0.179
0.184
0.189
0.195
0.202
0.208
0.215
0.222
0.23
0.237
0.245
0.254
0.263
0.272
0.281
0.291
0.301
0.311
0.322
0.333
0.352
0.371
0.391
0.41
0.43
0.45
0.47
0.491
0.511
0.532
0.552
0.573
0.593
0.613
0.634
0.654
0.673
0.693
0.712
0.731
0.75
0.768
0.786
0.803
0.82
0.837
0.852
0.868
0.882
0.896
0.909
0.922
0.934
0.945
0.955
0.964
0.972
0.98
0.986
0.991
0.996
0.999
1.001
1.002
1.001
1.0
0.975
0.949
0.922
0.893
0.864
0.835
0.804
0.773
0.742
0.71
0.678
0.646
0.614
0.583
0.551
0.52
0.489
0.458
0.429
0.414
0.4
0.387
0.375
0.363
0.352
0.342
0.332
0.323
0.315
0.307
0.299
0.293
0.287
0.281
0.276
0.271
0.267
0.263
0.26
0.258
0.255
0.253
0.252
0.251
0.25
0.25
0.25
0.25
0.251
0.252
0.253
0.255
0.257
0.259
0.261
0.264
0.266
0.269
0.272
0.275
0.279
0.282
0.286
0.29
0.293
0.297
0.301
0.305
0.309
0.313
0.317
0.321
0.325
0.329
0.333
0.336
0.34
0.343
0.347
0.35
0.353
0.356
0.359
0.362
0.364
0.366
0.368
0.37
0.371
0.372
0.373
0.373
0.374
0.373
0.373
0.372
0.371
0.369
0.367
0.364
0.361
0.358
0.354
0.35
0.345
0.339
0.333
0.326
0.318
0.309
0.302
0.294
0.288
0.282
0.278
0.275
0.275
0.276
0.279
0.286
0.313
0.344
0.376
0.41
0.446
0.482
0.52
0.558
0.595
0.633
0.67
0.706
0.74
0.773
0.804
0.832
0.857
0.849
0.839
0.825
0.809
0.791
0.77
0.747
0.723
0.696
0.668
0.639
0.609
0.577
0.545
0.512
0.479
0.446
0.412
0.379
0.346
0.313
0.281
0.25
0.236
0.224
0.212
0.201
0.192
0.183
0.175
0.169
0.163
0.158
0.154
0.151
0.149
0.147
0.147
0.147
0.149
0.151
0.154
0.157
0.162
0.167
0.173
0.18
0.188
0.196
0.206
0.216
0.226
0.237
0.249
0.262
0.275
0.289
0.304
0.319
0.335
0.352
0.369
0.387
0.405
0.424
0.443
0.463
0.484
0.505
0.527
0.549
0.571
0.609
0.646
0.681
0.714
0.719
0.72
0.719
0.714
0.707
0.697
0.686
0.672
0.656
0.639
0.621
0.602
0.582
0.561
0.539
0.518
0.497
0.475
0.455
0.435
0.416
0.398
0.381
0.366
0.353
0.342
0.333
0.344
0.357
0.372
0.388
0.407
0.427
0.448
0.47
0.492
0.516
0.54
0.563
0.587
0.611
0.634
0.656
0.678
0.698
0.717
0.734
0.75
0.751
0.751
0.749
0.745
0.74
0.734
0.727
0.718
0.709
0.699
0.689
0.678
0.667
0.656
0.645
0.634
0.623
0.613
0.603
0.595
0.587
0.58
0.574
0.57
0.567
0.566
0.566
0.569
0.573
0.58
0.589
0.6
0.62
0.642
0.667
0.694
0.722
0.753
0.785
0.819
0.854
0.89
0.928
0.966
1.005
1.044
1.084
1.124
1.164
1.204
1.244
1.283
1.322
1.36
1.397
1.434
1.469
1.502
1.534
1.565
1.593
1.62
1.644
1.666
1.686
1.703
1.717
1.728
1.737
1.741
1.743
1.741
1.735
1.725
1.711
1.693
1.67
1.643
1.612
1.575
1.533
1.486
1.434
1.377
1.313
1.244
1.169
1.088
1.0
0.803
0.602
0.4
0.2
0.109
0.022
-0.061
-0.14
-0.214
-0.284
-0.351
-0.414
-0.472
-0.527
-0.579
-0.626
-0.67
-0.711
-0.748
-0.782
-0.812
-0.839
-0.863
-0.884
-0.902
-0.917
-0.929
-0.938
-0.945
-0.949
-0.95
-0.948
-0.944
-0.938
-0.929
-0.918
-0.904
-0.889
-0.871
-0.851
-0.829
-0.806
-0.78
-0.753
-0.724
-0.693
-0.661
-0.627
-0.592
-0.555
-0.517
-0.478
-0.438
-0.396
-0.354
-0.31
-0.266
-0.22
-0.174
-0.127
-0.08
-0.032
0.017
0.066
0.116
0.166
0.216
0.266
0.317
0.367
0.418
0.468
0.518
0.569
0.618
0.668
0.717
0.766
0.814
0.862
0.908
0.955
1.0
1.038
1.076
1.113
1.148
1.183
1.218
1.251
1.283
1.315
1.346
1.376
1.406
1.434
1.462
1.489
1.515
1.541
1.566
1.59
1.613
1.636
1.658
1.679
1.699
1.719
1.738
1.757
1.774
1.791
1.808
1.823
1.838
1.853
1.867
1.88
1.892
1.904
1.915
1.926
1.936
1.946
1.954
1.963
1.971
1.978
1.984
1.99
1.996
2.001
2.005
2.009
2.012
2.015
2.018
2.019
2.021
2.022
2.022
2.022
2.021
2.02
2.019
2.017
2.014
2.012
2.008
2.005
2.001
1.996
1.991
1.986
1.98
1.974
1.968
1.961
1.954
1.946
1.938
1.93
1.921
1.912
1.903
1.894
1.884
1.874
1.863
1.852
1.841
1.83
1.818
1.806
1.794
1.782
1.769
1.756
1.743
1.73
1.716
1.703
1.689
1.674
1.66
1.646
1.631
1.616
1.601
1.586
1.57
1.555
1.539
1.523
1.507
1.491
1.475
1.459
1.442
1.426
1.409
1.393
1.376
1.359
1.342
1.325
1.308
1.291
1.274
1.257
1.24
1.223
1.206
1.189
1.172
1.154
1.137
1.12
1.103
1.086
1.069
1.052
1.035
1.019
1.002
0.985
0.969
0.952
0.936
0.919
0.903
0.887
0.871
0.855
0.84
0.824
0.809
0.794
0.778
0.764
0.749
0.734
0.72
0.706
0.692
0.678
0.664
0.651
0.638
0.625
0.605
0.585
0.565
0.545
0.526
0.506
0.488
0.469
0.45
0.432
0.414
0.396
0.378
0.361
0.344
0.327
0.31
0.293
0.277
0.26
0.244
0.228
0.213
0.197
0.182
0.167
0.161
0.156
0.151
0.146
0.141
0.137
0.132
0.128
0.124
0.12
0.116
0.112
0.109
0.106
0.102
0.099
0.097
0.094
0.091
0.089
0.087
0.085
0.083
0.081
0.079
0.078
0.076
0.075
0.074
0.073
0.072
0.071
0.071
0.07
0.07
0.07
0.07
0.07
0.07
0.07
0.071
0.071
0.072
0.073
0.074
0.075
0.076
0.077
0.078
0.08
0.081
0.083
0.085
0.087
0.089
0.091
0.093
0.095
0.098
0.1
0.103
0.106
0.108
0.111
0.114
0.117
0.12
0.124
0.127
0.13
0.134
0.138
0.141
0.145
0.149
0.153
0.157
0.161
0.165
0.169
0.173
0.178
0.182
0.186
0.191
0.196
0.2
0.205
0.21
0.214
0.219
0.224
0.229
0.234
0.24
0.245
0.25
0.255
0.26
0.266
0.271
0.277
0.282
0.288
0.293
0.299
0.305
0.31
0.316
0.322
0.328
0.333
0.344
0.355
0.365
0.376
0.387
0.397
0.408
0.419
0.43
0.44
0.451
0.462
0.473
0.484
0.495
0.506
0.517
0.528
0.539
0.55
0.561
0.572
0.583
0.594
0.605
0.616
0.627
0.638
0.65
0.661
0.672
0.683
0.694
0.705
0.716
0.728
0.739
0.75
0.756
0.762
0.768
0.774
0.779
0.785
0.791
0.797
0.803
0.809
0.814
0.82
0.826
0.832
0.838
0.843
0.849
0.855
0.86
0.866
0.871
0.877
0.882
0.888
0.893
0.899
0.904
0.909
0.915
0.92
0.925
0.93
0.935
0.94
0.945
0.95
0.955
0.96
0.964
0.969
0.973
0.978
0.982
0.987
0.991
0.995
0.999
1.003
1.007
1.011
1.015
1.019
1.023
1.026
1.03
1.033
1.036
1.039
1.042
1.045
1.048
1.051
1.054
1.056
1.059
1.061
1.063
1.066
1.068
1.069
1.071
1.073
1.074
1.076
1.077
1.078
1.079
1.08
1.081
1.082
1.082
1.083
1.083
1.083
1.083
1.083
1.082
1.082
1.081
1.08
1.079
1.078
1.077
1.076
1.074
1.072
1.07
1.068
1.066
1.064
1.061
1.059
1.056
1.053
1.049
1.046
1.042
1.038
1.034
1.03
1.026
1.021
1.017
1.012
1.007
1.001
0.996
0.99
0.984
0.978
0.972
0.965
0.959
0.952
0.944
0.937
0.93
0.922
0.914
0.906
0.897
0.888
0.879
0.87
0.861
0.851
0.842
0.832
0.821
0.811
0.8
0.781
0.761
0.742
0.722
0.702
0.683
0.663
0.643
0.624
0.605
0.586
0.567
0.548
0.53
0.513
0.495
0.478
0.462
0.447
0.432
0.417
0.404
0.391
0.379
0.368
0.358
0.349
0.34
0.333
0.345
0.358
0.372
0.387
0.403
0.42
0.438
0.456
0.475
0.495
0.516
0.537
0.559
0.581
0.604
0.628
0.651
0.676
0.7
0.725
0.75
0.766
0.783
0.8
0.816
0.833
0.85
0.867
0.883
0.9
0.916
0.932
0.948
0.964
0.979
0.994
1.008
1.022
1.035
1.048
1.06
1.071
1.082
1.092
1.101
1.11
1.117
1.124
1.129
1.134
1.137
1.14
1.141
1.141
1.14
1.137
1.133
1.128
1.122
1.114
1.104
1.093
1.08
1.066
1.05
1.033
1.013
0.992
0.969
0.944
0.917
0.888
0.857
0.79
0.72
0.651
0.581
0.511
0.443
0.376
0.311
0.25
0.225
0.203
0.184
0.168
0.156
0.146
0.138
0.133
0.13
0.129
0.13
0.133
0.137
0.142
0.149
0.156
0.164
0.173
0.182
0.191
0.2
0.217
0.234
0.251
0.268
0.284
0.3
0.316
0.332
0.348
0.363
0.378
0.392
0.407
0.421
0.435
0.448
0.461
0.474
0.486
0.499
0.51
0.521
0.532
0.543
0.553
0.562
0.571
0.573
0.573
0.574
0.574
0.573
0.573
0.571
0.57
0.568
0.566
0.564
0.561
0.558
0.555
0.551
0.548
0.544
0.54
0.536
0.532
0.528
0.523
0.519
0.514
0.51
0.505
0.5
0.496
0.491
0.487
0.482
0.478
0.473
0.469
0.465
0.461
0.457
0.454
0.451
0.447
0.445
0.442
0.44
0.437
0.436
0.434
0.433
0.432
0.432
0.432
0.432
0.433
0.435
0.436
0.439
0.441
0.445
0.448
0.453
0.458
0.463
0.469
0.476
0.483
0.491
0.5
0.519
0.539
0.559
0.58
0.601
0.623
0.644
0.666
0.688
0.71
0.731
0.753
0.774
0.795
0.816
0.836
0.855
0.874
0.892
0.909
0.925
0.941
0.955
0.968
0.98
0.991
1.0
0.989
0.976
0.963
0.948
0.932
0.914
0.896
0.877
0.858
0.837
0.817
0.795
0.773
0.751
0.729
0.706
0.683
0.66
0.638
0.615
0.593
0.571
0.557
0.543
0.529
0.516
0.503
0.49
0.478
0.466
0.455
0.444
0.433
0.423
0.413
0.403
0.394
0.384
0.376
0.367
0.359
0.351
0.344
0.337
0.33
0.323
0.316
0.31
0.304
0.298
0.293
0.288
0.282
0.277
0.273
0.268
0.264
0.26
0.256
0.252
0.248
0.244
0.241
0.237
0.234
0.231
0.228
0.225
0.222
0.22
0.217
0.214
0.212
0.209
0.207
0.204
0.202
0.199
0.197
0.195
0.192
0.19
0.188
0.185
0.183
0.18
0.178
0.175
0.172
0.169
0.167
0.17
0.174
0.177
0.181
0.185
0.188
0.192
0.196
0.199
0.203
0.207
0.212
0.216
0.221
0.226
0.231
0.237
0.242
0.249
0.255
0.262
0.269
0.277
0.285
0.294
0.303
0.313
0.323
0.334
0.346
0.358
0.371
0.384
0.398
0.413
0.429
0.457
0.486
0.516
0.547
0.578
0.609
0.641
0.673
0.706
0.739
0.771
0.804
0.837
0.87
0.903
0.936
0.968
1.0
1.016
1.031
1.046
1.061
1.076
1.089
1.103
1.116
1.129
1.141
1.152
1.163
1.174
1.184
1.194
1.203
1.211
1.219
1.227
1.233
1.24
1.245
1.25
1.254
1.258
1.261
1.263
1.265
1.266
1.266
1.265
1.264
1.262
1.259
1.255
1.251
1.246
1.24
1.233
1.225
1.217
1.207
1.197
1.186
1.174
1.161
1.147
1.132
1.116
1.099
1.081
1.062
1.043
1.022
1.0
0.955
0.91
0.863
0.817
0.771
0.724
0.679
0.634
0.59
0.547
0.506
0.466
0.429
0.413
0.399
0.387
0.377
0.369
0.362
0.356
0.352
0.348
0.346
0.344
0.342
0.341
0.34
0.339
0.339
0.337
0.336
0.333
0.331
0.327
0.323
0.319
0.314
0.309
0.303
0.297
0.291
0.285
0.278
0.272
0.266
0.259
0.254
0.248
0.243
0.238
0.233
0.23
0.226
0.224
0.222
0.221
0.221
0.222
0.237
0.252
0.269
0.286
0.305
0.324
0.344
0.365
0.386
0.409
0.432
0.455
0.48
0.504
0.53
0.556
0.577
0.598
0.62
0.641
0.663
0.684
0.704
0.723
0.742
0.759
0.775
0.79
0.803
0.814
0.823
0.829
0.834
0.836
0.835
0.831
0.824
0.814
0.8
0.753
0.703
0.651
0.6
0.549
0.5
0.462
0.427
0.394
0.363
0.333
0.321
0.31
0.299
0.289
0.28
0.272
0.264
0.257
0.251
0.246
0.241
0.236
0.233
0.23
0.227
0.226
0.224
0.223
0.223
0.223
0.224
0.225
0.226
0.228
0.231
0.233
0.236
0.24
0.243
0.247
0.251
0.256
0.26
0.265
0.27
0.276
0.281
0.287
0.292
0.298
0.304
0.31
0.316
0.321
0.327
0.333
0.344
0.355
0.365
0.376
0.387
0.397
0.408
0.418
0.428
0.439
0.449
0.459
0.47
0.48
0.49
0.5
0.51
0.52
0.53
0.54
0.549
0.559
0.569
0.579
0.588
0.598
0.607
0.617
0.626
0.635
0.644
0.654
0.663
0.672
0.681
0.69
0.698
0.707
0.716
0.725
0.733
0.742
0.75
0.751
0.751
0.752
0.752
0.753
0.753
0.753
0.754
0.754
0.753
0.753
0.753
0.753
0.752
0.751
0.751
0.75
0.749
0.747
0.746
0.744
0.743
0.741
0.739
0.737
0.734
0.732
0.729
0.727
0.723
0.72
0.717
0.713
0.709
0.705
0.701
0.697
0.692
0.687
0.682
0.677
0.671
0.666
0.66
0.653
0.647
0.64
0.633
0.626
0.618
0.61
0.602
0.594
0.585
0.576
0.567
0.558
0.548
0.538
0.528
0.517
0.506
0.495
0.483
0.471
0.459
0.446
0.433
0.42
0.407
0.393
0.378
0.364
0.349
0.333
0.319
0.304
0.289
0.274
0.26
0.246
0.232
0.219
0.208
0.197
0.187
0.179
0.173
0.168
0.165
0.164
0.166
0.169
0.176
0.184
0.196
0.211
0.229
0.25
0.31
0.374
0.44
0.508
0.577
0.648
0.719
0.79
0.861
0.931
1.0
1.028
1.055
1.079
1.102
1.124
1.143
1.161
1.177
1.192
1.205
1.217
1.227
1.236
1.244
1.25
1.254
1.258
1.26
1.261
1.26
1.259
1.256
1.252
1.247
1.241
1.233
1.225
1.216
1.206
1.195
1.183
1.17
1.157
1.142
1.127
1.111
1.095
1.077
1.06
1.041
1.022
1.002
0.982
0.961
0.94
0.919
0.897
0.875
0.852
0.829
0.806
0.783
0.759
0.735
0.711
0.687
0.663
0.639
0.614
0.59
0.566
0.542
0.518
0.494
0.47
0.447
0.424
0.401
0.378
0.355
0.333
0.317
0.302
0.286
0.271
0.257
0.243
0.229
0.215
0.202
0.19
0.177
0.166
0.154
0.143
0.132
0.122
0.112
0.103
0.093
0.085
0.076
0.068
0.061
0.054
0.047
0.04
0.034
0.029
0.024
0.019
0.014
0.01
0.007
0.004
0.001
-0.002
-0.004
-0.005
-0.006
-0.007
-0.008
-0.008
-0.007
-0.006
-0.005
-0.004
-0.002
0.001
0.004
0.007
0.011
0.015
0.019
0.024
0.029
0.035
0.041
0.048
0.055
0.062
0.07
0.078
0.087
0.096
0.105
0.115
0.126
0.136
0.147
0.159
0.171
0.183
0.196
0.21
0.223
0.237
0.252
0.267
0.282
0.298
0.314
0.331
0.348
0.365
0.383
0.402
0.42
0.44
0.459
0.479
0.5
0.541
0.582
0.624
0.665
0.707
0.749
0.791
0.833
0.875
0.917
0.959
1.0
1.02
1.04
1.059
1.078
1.097
1.115
1.133
1.151
1.168
1.185
1.201
1.218
1.233
1.249
1.264
1.279
1.294
1.308
1.322
1.336
1.349
1.362
1.375
1.387
1.399
1.411
1.422
1.433
1.444
1.455
1.465
1.475
1.485
1.494
1.504
1.513
1.521
1.529
1.538
1.545
1.553
1.56
1.567
1.574
1.58
1.587
1.593
1.598
1.604
1.609
1.614
1.619
1.624
1.628
1.632
1.636
1.639
1.643
1.646
1.649
1.652
1.654
1.657
1.659
1.661
1.662
1.664
1.665
1.666
1.667
1.668
1.668
1.669
1.669
1.669
1.669
1.668
1.668
1.667
1.666
1.665
1.664
1.662
1.661
1.659
1.657
1.655
1.653
1.651
1.648
1.645
1.643
1.64
1.637
1.634
1.63
1.627
1.623
1.62
1.616
1.612
1.608
1.604
1.6
1.595
1.591
1.586
1.581
1.577
1.572
1.567
1.562
1.557
1.551
1.546
1.541
1.535
1.53
1.524
1.518
1.512
1.507
1.501
1.495
1.489
1.483
1.476
1.47
1.464
1.458
1.451
1.445
1.438
1.432
1.425
1.419
1.412
1.406
1.399
1.392
1.386
1.379
1.372
1.366
1.359
1.352
1.345
1.339
1.332
1.325
1.318
1.312
1.305
1.298
1.292
1.285
1.278
1.272
1.265
1.258
1.252
1.245
1.239
1.232
1.226
1.219
1.213
1.207
1.2
1.194
1.188
1.182
1.176
1.17
1.164
1.158
1.152
1.146
1.141
1.135
1.13
1.124
1.119
1.114
1.108
1.103
1.098
1.093
1.089
1.084
1.079
1.075
1.07
1.066
1.062
1.058
1.054
1.05
1.046
1.043
1.039
1.036
1.033
1.03
1.027
1.024
1.021
1.019
1.016
1.014
1.012
1.01
1.008
1.007
1.005
1.004
1.003
1.002
1.001
1.0
1.0
1.0
1.0
1.0
1.0
