0.0
0.075
0.15
0.225
0.3
0.375
0.45
0.525
0.6
0.675
0.75
0.875
1.0
0.997
0.994
0.991
0.989
0.986
0.983
0.98
0.977
0.974
0.972
0.969
0.966
0.963
0.96
0.957
0.955
0.952
0.949
0.946
0.943
0.94
0.938
0.935
0.932
0.929
0.926
0.923
0.92
0.918
0.915
0.912
0.909
0.906
0.903
0.901
0.898
0.895
0.892
0.889
0.886
0.884
0.881
0.878
0.875
0.872
0.869
0.866
0.864
0.861
0.858
0.855
0.852
0.849
0.847
0.844
0.841
0.838
0.835
0.832
0.83
0.827
0.824
0.821
0.818
0.819
0.819
0.82
0.82
0.821
0.821
0.822
0.822
0.823
0.823
0.824
0.824
0.825
0.825
0.826
0.826
0.826
0.827
0.827
0.828
0.828
0.829
0.829
0.83
0.83
0.831
0.831
0.832
0.832
0.833
0.833
0.833
0.833
0.833
0.833
0.833
0.833
0.833
0.833
0.833
0.833
0.833
0.833
0.833
0.833
0.833
0.833
0.833
0.833
0.833
0.833
0.833
0.833
0.833
0.833
0.833
0.833
0.833
0.833
0.833
0.833
0.833
0.833
0.833
0.833
0.833
0.833
0.833
0.833
0.833
0.833
0.833
0.833
0.833
0.833
0.833
0.833
0.833
0.833
0.833
0.833
0.833
0.833
0.833
0.833
0.833
0.833
0.833
0.833
0.833
0.833
0.833
0.833
0.833
0.833
0.833
0.833
0.833
0.833
0.833
0.833
0.833
0.833
0.833
0.833
0.833
0.833
0.833
0.833
0.833
0.833
0.833
0.833
0.833
0.833
0.833
0.833
0.833
0.833
0.833
0.833
0.833
0.833
0.833
0.833
0.833
0.833
0.833
0.833
0.833
0.833
0.833
0.833
0.833
0.833
0.833
0.833
0.833
0.833
0.833
0.833
0.833
0.833
0.833
0.833
0.833
0.833
0.833
0.833
0.833
0.833
0.833
0.833
0.833
0.833
0.833
0.833
0.833
0.833
0.833
0.833
0.833
0.833
0.833
0.833
0.833
0.833
0.833
0.833
0.833
0.833
0.833
0.833
0.833
0.833
0.833
0.833
0.833
0.833
0.833
0.833
0.833
0.833
0.833
0.833
0.833
0.833
0.833
0.833
0.833
0.833
0.833
0.833
0.833
0.833
0.833
0.833
0.833
0.833
0.833
0.833
0.833
0.833
0.833
0.833
0.833
0.833
0.833
0.833
0.833
0.833
0.833
0.833
0.833
0.833
0.833
0.833
0.833
0.833
0.833
0.833
0.833
0.833
0.833
0.833
0.833
0.833
0.833
0.833
0.833
0.833
0.833
0.833
0.833
0.833
0.833
0.833
0.833
0.833
0.833
0.833
0.833
0.833
0.833
0.833
0.833
0.833
0.833
0.833
0.833
0.833
0.833
0.833
0.833
0.833
0.833
0.833
0.833
0.833
0.833
0.833
0.833
0.833
0.833
0.833
0.833
0.833
0.833
0.833
0.833
0.833
0.833
0.833
0.833
0.833
0.833
0.833
0.833
0.833
0.833
0.833
0.833
0.833
0.833
0.833
0.833
0.833
0.833
0.833
0.833
0.833
0.833
0.833
0.833
0.833
0.833
0.833
0.833
0.833
0.833
0.833
0.833
0.833
0.833
0.833
0.833
0.833
0.833
0.833
0.833
0.833
0.833
0.833
0.833
0.833
0.833
0.833
0.833
0.833
0.833
0.833
0.833
0.833
0.833
0.833
0.833
0.833
0.833
0.81
0.787
0.763
0.74
0.717
0.693
0.67
0.647
0.623
0.6
0.7
0.8
0.796
0.792
0.788
0.784
0.78
0.776
0.772
0.768
0.764
0.76
0.756
0.752
0.748
0.744
0.74
0.736
0.732
0.728
0.724
0.72
0.716
0.712
0.708
0.704
0.7
0.696
0.692
0.688
0.684
0.68
0.676
0.672
0.668
0.664
0.66
0.656
0.652
0.648
0.644
0.64
0.636
0.632
0.628
0.624
0.62
0.616
0.612
0.608
0.604
0.6
0.596
0.592
0.588
0.584
0.58
0.576
0.572
0.568
0.564
0.56
0.556
0.552
0.548
0.544
0.54
0.536
0.532
0.528
0.524
0.52
0.516
0.512
0.508
0.504
0.5
0.496
0.492
0.488
0.484
0.48
0.476
0.472
0.468
0.464
0.46
0.456
0.452
0.448
0.444
0.44
0.436
0.432
0.428
0.424
0.42
0.416
0.412
0.408
0.404
0.4
0.398
0.397
0.395
0.393
0.391
0.39
0.388
0.386
0.385
0.383
0.381
0.379
0.378
0.376
0.374
0.373
0.371
0.369
0.368
0.366
0.364
0.362
0.361
0.359
0.357
0.356
0.354
0.352
0.35
0.349
0.347
0.345
0.344
0.342
0.34
0.338
0.337
0.335
0.333
0.433
0.533
0.633
0.733
0.833
0.83
0.826
0.823
0.819
0.816
0.812
0.808
0.805
0.801
0.798
0.794
0.791
0.787
0.784
0.78
0.776
0.773
0.769
0.766
0.762
0.759
0.755
0.752
0.748
0.744
0.741
0.737
0.734
0.73
0.727
0.723
0.72
0.716
0.712
0.709
0.705
0.702
0.698
0.695
0.691
0.688
0.684
0.68
0.677
0.673
0.67
0.666
0.663
0.659
0.656
0.652
0.648
0.645
0.641
0.638
0.634
0.631
0.627
0.624
0.62
0.616
0.613
0.609
0.606
0.602
0.599
0.595
0.592
0.588
0.584
0.581
0.577
0.574
0.57
0.567
0.563
0.56
0.556
0.552
0.549
0.545
0.542
0.538
0.535
0.531
0.528
0.524
0.52
0.517
0.513
0.51
0.506
0.503
0.499
0.496
0.492
0.488
0.485
0.481
0.478
0.474
0.471
0.467
0.464
0.46
0.456
0.453
0.449
0.446
0.442
0.439
0.435
0.432
0.428
0.424
0.421
0.417
0.414
0.41
0.407
0.403
0.4
0.396
0.392
0.389
0.385
0.382
0.378
0.375
0.371
0.368
0.364
0.36
0.357
0.353
0.35
0.346
0.343
0.339
0.335
0.332
0.328
0.325
0.321
0.318
0.314
0.311
0.307
0.303
0.3
0.296
0.293
0.289
0.286
0.288
0.291
0.293
0.296
0.298
0.301
0.303
0.306
0.308
0.311
0.313
0.316
0.318
0.321
0.323
0.326
0.328
0.331
0.333
0.336
0.338
0.341
0.343
0.346
0.348
0.351
0.353
0.356
0.358
0.361
0.363
0.366
0.368
0.371
0.373
0.376
0.378
0.381
0.383
0.386
0.388
0.391
0.393
0.396
0.398
0.401
0.404
0.406
0.409
0.411
0.414
0.416
0.419
0.421
0.424
0.426
0.429
0.423
0.418
0.413
0.408
0.403
0.398
0.393
0.388
0.383
0.378
0.372
0.367
0.362
0.357
0.352
0.347
0.342
0.337
0.332
0.327
0.321
0.316
0.311
0.306
0.301
0.296
0.291
0.286
0.292
0.299
0.305
0.312
0.319
0.325
0.332
0.338
0.345
0.352
0.358
0.365
0.371
0.378
0.385
0.391
0.398
0.404
0.411
0.418
0.424
0.431
0.437
0.444
0.451
0.457
0.464
0.47
0.477
0.484
0.49
0.497
0.503
0.51
0.516
0.523
0.53
0.536
0.543
0.549
0.556
0.563
0.569
0.576
0.582
0.589
0.596
0.602
0.609
0.615
0.622
0.629
0.635
0.642
0.648
0.655
0.662
0.668
0.675
0.681
0.688
0.695
0.701
0.708
0.714
0.723
0.731
0.739
0.748
0.756
0.765
0.773
0.782
0.79
0.798
0.807
0.815
0.824
0.832
0.84
0.849
0.857
0.866
0.874
0.882
0.891
0.899
0.908
0.916
0.924
0.933
0.941
0.95
0.958
0.966
0.975
0.983
0.992
1.0
1.0
0.999
0.999
0.998
0.998
0.997
0.997
0.996
0.996
0.995
0.995
0.995
0.994
0.994
0.993
0.993
0.992
0.992
0.991
0.991
0.99
0.99
0.989
0.989
0.989
0.988
0.988
0.987
0.987
0.986
0.986
0.985
0.985
0.984
0.984
0.984
0.983
0.983
0.982
0.982
0.981
0.981
0.98
0.98
0.979
0.979
0.978
0.978
0.978
0.977
0.977
0.976
0.976
0.975
0.975
0.974
0.974
0.973
0.973
0.973
0.972
0.972
0.971
0.971
0.97
0.97
0.969
0.969
0.968
0.968
0.967
0.967
0.967
0.966
0.966
0.965
0.965
0.964
0.964
0.963
0.963
0.962
0.962
0.962
0.961
0.961
0.96
0.96
0.959
0.959
0.958
0.958
0.957
0.957
0.957
0.956
0.956
0.955
0.955
0.954
0.954
0.953
0.953
0.952
0.952
0.951
0.951
0.951
0.95
0.95
0.949
0.949
0.948
0.948
0.947
0.947
0.946
0.946
0.946
0.945
0.945
0.944
0.944
0.943
0.943
0.942
0.942
0.941
0.941
0.94
0.94
0.94
0.939
0.939
0.938
0.938
0.937
0.937
0.936
0.936
0.935
0.935
0.935
0.934
0.934
0.933
0.933
0.932
0.932
0.931
0.931
0.93
0.93
0.929
0.929
0.929
0.928
0.928
0.927
0.927
0.926
0.926
0.925
0.925
0.924
0.924
0.924
0.923
0.923
0.922
0.922
0.921
0.921
0.92
0.92
0.919
0.919
0.918
0.918
0.918
0.917
0.917
0.916
0.916
0.915
0.915
0.914
0.914
0.913
0.913
0.913
0.912
0.912
0.911
0.911
0.91
0.91
0.909
0.909
0.908
0.908
0.908
0.907
0.907
0.906
0.906
0.905
0.905
0.904
0.904
0.903
0.903
0.902
0.902
0.902
0.901
0.901
0.9
0.9
0.899
0.899
0.898
0.898
0.897
0.897
0.897
0.896
0.896
0.895
0.895
0.894
0.894
0.893
0.893
0.892
0.892
0.891
0.891
0.891
0.89
0.89
0.889
0.889
0.888
0.888
0.887
0.887
0.886
0.886
0.886
0.885
0.885
0.884
0.884
0.883
0.883
0.882
0.882
0.881
0.881
0.88
0.88
0.88
0.879
0.879
0.878
0.878
0.877
0.877
0.876
0.876
0.875
0.875
0.875
0.874
0.874
0.874
0.873
0.873
0.873
0.872
0.872
0.872
0.871
0.871
0.871
0.87
0.87
0.869
0.869
0.869
0.868
0.868
0.868
0.867
0.867
0.867
0.866
0.866
0.866
0.865
0.865
0.865
0.864
0.864
0.864
0.863
0.863
0.863
0.862
0.862
0.862
0.861
0.861
0.861
0.86
0.86
0.86
0.859
0.859
0.858
0.858
0.858
0.857
0.857
0.857
0.856
0.856
0.856
0.855
0.855
0.855
0.854
0.854
0.854
0.853
0.853
0.853
0.852
0.852
0.852
0.851
0.851
0.851
0.85
0.85
0.85
0.849
0.849
0.848
0.848
0.848
0.847
0.847
0.847
0.846
0.846
0.846
0.845
0.845
0.845
0.844
0.844
0.844
0.843
0.843
0.843
0.842
0.842
0.842
0.841
0.841
0.841
0.84
0.84
0.84
0.839
0.839
0.838
0.838
0.838
0.837
0.837
0.837
0.836
0.836
0.836
0.835
0.835
0.835
0.834
0.834
0.834
0.833
0.833
0.833
0.832
0.832
0.832
0.831
0.831
0.831
0.83
0.83
0.83
0.829
0.829
0.829
0.828
0.828
0.827
0.827
0.827
0.826
0.826
0.826
0.825
0.825
0.825
0.824
0.824
0.824
0.823
0.823
0.823
0.822
0.822
0.822
0.821
0.821
0.821
0.82
0.82
0.82
0.819
0.819
0.819
0.818
0.818
0.817
0.817
0.817
0.816
0.816
0.816
0.815
0.815
0.815
0.814
0.814
0.814
0.813
0.813
0.813
0.812
0.812
0.812
0.811
0.811
0.811
0.81
0.81
0.81
0.809
0.809
0.809
0.808
0.808
0.808
0.807
0.807
0.806
0.806
0.806
0.805
0.805
0.805
0.804
0.804
0.804
0.803
0.803
0.803
0.802
0.802
0.802
0.801
0.801
0.801
0.8
0.8
0.8
0.799
0.799
0.799
0.798
0.798
0.798
0.797
0.797
0.796
0.796
0.796
0.795
0.795
0.795
0.794
0.794
0.794
0.793
0.793
0.793
0.792
0.792
0.792
0.791
0.791
0.791
0.79
0.79
0.79
0.789
0.789
0.789
0.788
0.788
0.788
0.787
0.787
0.787
0.786
0.786
0.785
0.785
0.785
0.784
0.784
0.784
0.783
0.783
0.783
0.782
0.782
0.782
0.781
0.781
0.781
0.78
0.78
0.78
0.779
0.779
0.779
0.778
0.778
0.778
0.777
0.777
0.777
0.776
0.776
0.775
0.775
0.775
0.774
0.774
0.774
0.773
0.773
0.773
0.772
0.772
0.772
0.771
0.771
0.771
0.77
0.77
0.77
0.769
0.769
0.769
0.768
0.768
0.768
0.767
0.767
0.767
0.766
0.766
0.765
0.765
0.765
0.764
0.764
0.764
0.763
0.763
0.763
0.762
0.762
0.762
0.761
0.761
0.761
0.76
0.76
0.76
0.759
0.759
0.759
0.758
0.758
0.758
0.757
0.757
0.757
0.756
0.756
0.756
0.755
0.755
0.754
0.754
0.754
0.753
0.753
0.753
0.752
0.752
0.752
0.751
0.751
0.751
0.75
0.75
0.875
1.0
0.989
0.977
0.966
0.955
0.943
0.932
0.92
0.909
0.898
0.886
0.875
0.864
0.852
0.841
0.83
0.818
0.807
0.795
0.784
0.773
0.761
0.75
0.745
0.739
0.734
0.728
0.723
0.717
0.712
0.707
0.701
0.696
0.69
0.685
0.679
0.674
0.668
0.663
0.658
0.652
0.647
0.641
0.636
0.63
0.625
0.62
0.614
0.609
0.603
0.598
0.592
0.587
0.582
0.576
0.571
0.565
0.56
0.554
0.549
0.543
0.538
0.533
0.527
0.522
0.516
0.511
0.505
0.5
0.583
0.667
0.665
0.663
0.661
0.66
0.658
0.656
0.655
0.653
0.651
0.649
0.648
0.646
0.644
0.642
0.641
0.639
0.637
0.635
0.634
0.632
0.63
0.629
0.627
0.625
0.623
0.622
0.62
0.618
0.616
0.615
0.613
0.611
0.61
0.608
0.606
0.604
0.603
0.601
0.599
0.597
0.596
0.594
0.592
0.59
0.589
0.587
0.585
0.584
0.582
0.58
0.578
0.577
0.575
0.573
0.571
0.57
0.568
0.567
0.565
0.564
0.562
0.56
0.559
0.557
0.556
0.554
0.553
0.551
0.549
0.548
0.546
0.545
0.543
0.542
0.54
0.538
0.537
0.535
0.534
0.532
0.531
0.529
0.527
0.526
0.524
0.523
0.521
0.52
0.518
0.516
0.515
0.513
0.512
0.51
0.509
0.507
0.505
0.504
0.502
0.501
0.499
0.498
0.496
0.495
0.493
0.491
0.49
0.488
0.487
0.485
0.484
0.482
0.48
0.479
0.477
0.476
0.474
0.473
0.471
0.469
0.468
0.466
0.465
0.463
0.462
0.46
0.458
0.457
0.455
0.454
0.452
0.451
0.449
0.447
0.446
0.444
0.443
0.441
0.44
0.438
0.436
0.435
0.433
0.432
0.43
0.429
0.433
0.436
0.44
0.444
0.448
0.452
0.456
0.46
0.464
0.468
0.472
0.476
0.48
0.484
0.488
0.492
0.495
0.499
0.503
0.507
0.511
0.515
0.519
0.523
0.527
0.531
0.535
0.539
0.543
0.547
0.551
0.555
0.558
0.562
0.566
0.57
0.574
0.578
0.582
0.586
0.59
0.594
0.598
0.602
0.606
0.61
0.614
0.617
0.621
0.625
0.629
0.633
0.637
0.641
0.645
0.649
0.653
0.657
0.661
0.665
0.669
0.673
0.677
0.68
0.684
0.688
0.692
0.696
0.7
0.704
0.708
0.712
0.716
0.72
0.724
0.728
0.732
0.736
0.739
0.743
0.747
0.751
0.755
0.759
0.763
0.767
0.771
0.775
0.779
0.783
0.787
0.791
0.795
0.799
0.802
0.806
0.81
0.814
0.818
0.816
0.813
0.811
0.809
0.806
0.804
0.802
0.799
0.797
0.794
0.792
0.79
0.787
0.785
0.783
0.78
0.778
0.775
0.773
0.771
0.768
0.766
0.764
0.761
0.759
0.756
0.754
0.752
0.749
0.747
0.745
0.742
0.74
0.737
0.735
0.733
0.73
0.728
0.726
0.723
0.721
0.718
0.716
0.714
0.711
0.709
0.707
0.704
0.702
0.699
0.697
0.695
0.692
0.69
0.688
0.685
0.683
0.68
0.678
0.676
0.673
0.671
0.668
0.666
0.664
0.661
0.659
0.657
0.654
0.652
0.649
0.647
0.645
0.642
0.64
0.638
0.635
0.633
0.63
0.628
0.626
0.623
0.621
0.619
0.616
0.614
0.611
0.609
0.607
0.604
0.602
0.6
0.597
0.595
0.592
0.59
0.588
0.585
0.583
0.581
0.578
0.576
0.573
0.571
0.569
0.566
0.564
0.562
0.559
0.557
0.554
0.552
0.55
0.547
0.545
0.543
0.54
0.538
0.535
0.533
0.531
0.528
0.526
0.524
0.521
0.519
0.516
0.514
0.512
0.509
0.507
0.505
0.502
0.5
0.497
0.495
0.493
0.49
0.488
0.486
0.483
0.481
0.478
0.476
0.474
0.471
0.469
0.467
0.464
0.462
0.459
0.457
0.455
0.452
0.45
0.448
0.445
0.443
0.44
0.438
0.436
0.433
0.431
0.429
0.426
0.424
0.421
0.419
0.417
0.414
0.412
0.41
0.407
0.405
0.402
0.4
0.399
0.397
0.396
0.395
0.394
0.392
0.391
0.39
0.388
0.387
0.386
0.384
0.383
0.382
0.381
0.379
0.378
0.377
0.375
0.374
0.373
0.371
0.37
0.369
0.368
0.366
0.365
0.364
0.362
0.361
0.36
0.358
0.357
0.356
0.355
0.353
0.352
0.351
0.349
0.348
0.347
0.345
0.344
0.343
0.342
0.34
0.339
0.338
0.336
0.335
0.334
0.332
0.331
0.33
0.329
0.327
0.326
0.325
0.323
0.322
0.321
0.319
0.318
0.317
0.316
0.314
0.313
0.312
0.31
0.309
0.308
0.306
0.305
0.304
0.303
0.301
0.3
0.299
0.297
0.296
0.295
0.294
0.292
0.291
0.29
0.288
0.287
0.286
0.29
0.295
0.299
0.303
0.308
0.312
0.317
0.321
0.326
0.33
0.334
0.339
0.343
0.348
0.352
0.357
0.361
0.366
0.37
0.374
0.379
0.383
0.388
0.392
0.397
0.401
0.405
0.41
0.414
0.419
0.423
0.428
0.432
0.436
0.441
0.445
0.45
0.454
0.459
0.463
0.467
0.472
0.476
0.481
0.485
0.49
0.494
0.499
0.503
0.507
0.512
0.516
0.521
0.525
0.53
0.534
0.538
0.543
0.547
0.552
0.556
0.561
0.565
0.569
0.574
0.578
0.583
0.587
0.592
0.596
0.6
0.605
0.609
0.614
0.618
0.623
0.627
0.632
0.636
0.64
0.645
0.649
0.654
0.658
0.663
0.667
0.671
0.676
0.68
0.685
0.689
0.694
0.698
0.702
0.707
0.711
0.716
0.72
0.725
0.729
0.733
0.738
0.742
0.747
0.751
0.756
0.76
0.765
0.769
0.773
0.778
0.782
0.787
0.791
0.796
0.8
0.9
1.0
0.983
0.965
0.948
0.93
0.913
0.895
0.878
0.86
0.843
0.826
0.808
0.791
0.773
0.756
0.738
0.721
0.703
0.686
0.669
0.651
0.634
0.616
0.599
0.581
0.564
0.547
0.529
0.512
0.494
0.477
0.459
0.442
0.424
0.407
0.39
0.372
0.355
0.337
0.32
0.302
0.285
0.267
0.25
0.25
0.25
0.25
0.25
0.25
0.25
0.25
0.25
0.25
0.25
0.25
0.25
0.25
0.25
0.25
0.25
0.253
0.256
0.259
0.262
0.265
0.269
0.272
0.275
0.278
0.281
0.284
0.287
0.29
0.293
0.296
0.299
0.302
0.306
0.309
0.312
0.315
0.318
0.321
0.324
0.327
0.33
0.333
0.33
0.328
0.325
0.322
0.319
0.316
0.313
0.31
0.307
0.305
0.302
0.299
0.296
0.293
0.29
0.287
0.284
0.282
0.279
0.276
0.273
0.27
0.267
0.264
0.261
0.259
0.256
0.253
0.25
0.257
0.264
0.271
0.278
0.286
0.293
0.3
0.307
0.314
0.321
0.328
0.335
0.342
0.349
0.357
0.364
0.371
0.378
0.385
0.392
0.399
0.406
0.413
0.42
0.428
0.435
0.442
0.449
0.456
0.463
0.47
0.477
0.484
0.491
0.499
0.506
0.513
0.52
0.527
0.534
0.541
0.548
0.555
0.562
0.57
0.577
0.584
0.591
0.598
0.605
0.612
0.619
0.626
0.634
0.641
0.648
0.655
0.662
0.669
0.676
0.683
0.69
0.697
0.705
0.712
0.719
0.726
0.733
0.74
0.747
0.754
0.761
0.768
0.776
0.783
0.79
0.797
0.804
0.811
0.818
0.814
0.811
0.807
0.803
0.799
0.795
0.791
0.788
0.784
0.78
0.776
0.772
0.768
0.765
0.761
0.757
0.753
0.749
0.745
0.742
0.738
0.734
0.73
0.726
0.722
0.719
0.715
0.711
0.707
0.703
0.7
0.696
0.692
0.688
0.684
0.68
0.677
0.673
0.669
0.665
0.661
0.657
0.654
0.65
0.646
0.642
0.638
0.634
0.631
0.627
0.623
0.619
0.615
0.611
0.608
0.604
0.6
0.598
0.596
0.594
0.592
0.59
0.588
0.586
0.584
0.582
0.58
0.578
0.576
0.573
0.571
0.569
0.567
0.565
0.563
0.561
0.559
0.557
0.555
0.553
0.551
0.549
0.547
0.545
0.543
0.541
0.539
0.537
0.535
0.533
0.531
0.529
0.527
0.524
0.522
0.52
0.518
0.516
0.514
0.512
0.51
0.508
0.506
0.504
0.502
0.5
0.498
0.496
0.494
0.492
0.49
0.488
0.486
0.484
0.482
0.48
0.478
0.476
0.473
0.471
0.469
0.467
0.465
0.463
0.461
0.459
0.457
0.455
0.453
0.451
0.449
0.447
0.445
0.443
0.441
0.439
0.437
0.435
0.433
0.431
0.429
0.428
0.427
0.427
0.426
0.425
0.425
0.424
0.424
0.423
0.422
0.422
0.421
0.42
0.42
0.419
0.419
0.418
0.417
0.417
0.416
0.416
0.415
0.414
0.414
0.413
0.412
0.412
0.411
0.411
0.41
0.409
0.409
0.408
0.407
0.407
0.406
0.406
0.405
0.404
0.404
0.403
0.402
0.402
0.401
0.401
0.4
0.414
0.428
0.442
0.456
0.47
0.484
0.498
0.512
0.526
0.54
0.554
0.568
0.582
0.596
0.61
0.624
0.638
0.652
0.666
0.68
0.694
0.708
0.722
0.736
0.75
0.737
0.723
0.71
0.697
0.684
0.67
0.657
0.644
0.63
0.617
0.604
0.591
0.577
0.564
0.551
0.537
0.524
0.511
0.498
0.484
0.471
0.458
0.444
0.447
0.449
0.451
0.453
0.455
0.458
0.46
0.462
0.464
0.466
0.469
0.471
0.473
0.475
0.477
0.48
0.482
0.484
0.486
0.488
0.491
0.493
0.495
0.497
0.499
0.502
0.504
0.506
0.508
0.51
0.513
0.515
0.517
0.519
0.521
0.524
0.526
0.528
0.53
0.532
0.535
0.537
0.539
0.541
0.543
0.546
0.548
0.55
0.552
0.554
0.557
0.559
0.561
0.563
0.565
0.568
0.57
0.572
0.574
0.576
0.579
0.581
0.583
0.585
0.587
0.59
0.592
0.594
0.596
0.598
0.601
0.603
0.605
0.607
0.609
0.612
0.614
0.616
0.618
0.62
0.623
0.625
0.627
0.629
0.631
0.634
0.636
0.638
0.64
0.642
0.645
0.647
0.649
0.651
0.653
0.656
0.658
0.66
0.662
0.664
0.667
0.658
0.649
0.64
0.631
0.622
0.613
0.604
0.596
0.587
0.578
0.569
0.56
0.551
0.542
0.533
0.524
0.516
0.507
0.498
0.489
0.48
0.471
0.462
0.453
0.444
0.436
0.427
0.418
0.409
0.4
0.4
0.399
0.399
0.398
0.398
0.397
0.397
0.396
0.396
0.396
0.395
0.395
0.394
0.394
0.393
0.393
0.392
0.392
0.391
0.391
0.391
0.39
0.39
0.389
0.389
0.388
0.388
0.387
0.387
0.387
0.386
0.386
0.385
0.385
0.384
0.384
0.383
0.383
0.382
0.382
0.382
0.381
0.381
0.38
0.38
0.379
0.379
0.378
0.378
0.378
0.377
0.377
0.376
0.376
0.375
0.375
0.374
0.374
0.373
0.373
0.373
0.372
0.372
0.371
0.371
0.37
0.37
0.369
0.369
0.369
0.368
0.368
0.367
0.367
0.366
0.366
0.365
0.365
0.364
0.364
0.364
0.363
0.363
0.362
0.362
0.361
0.361
0.36
0.36
0.36
0.359
0.359
0.358
0.358
0.357
0.357
0.356
0.356
0.355
0.355
0.355
0.354
0.354
0.353
0.353
0.352
0.352
0.351
0.351
0.351
0.35
0.35
0.349
0.349
0.348
0.348
0.347
0.347
0.346
0.346
0.346
0.345
0.345
0.344
0.344
0.343
0.343
0.342
0.342
0.342
0.341
0.341
0.34
0.34
0.339
0.339
0.338
0.338
0.337
0.337
0.337
0.336
0.336
0.335
0.335
0.334
0.334
0.333
0.333
0.333
0.332
0.332
0.331
0.331
0.33
0.33
0.329
0.329
0.328
0.328
0.328
0.327
0.327
0.326
0.326
0.325
0.325
0.324
0.324
0.324
0.323
0.323
0.322
0.322
0.321
0.321
0.32
0.32
0.319
0.319
0.319
0.318
0.318
0.317
0.317
0.316
0.316
0.315
0.315
0.315
0.314
0.314
0.313
0.313
0.312
0.312
0.311
0.311
0.31
0.31
0.31
0.309
0.309
0.308
0.308
0.307
0.307
0.306
0.306
0.306
0.305
0.305
0.304
0.304
0.303
0.303
0.302
0.302
0.301
0.301
0.301
0.3
0.3
0.299
0.299
0.298
0.298
0.297
0.297
0.297
0.296
0.296
0.295
0.295
0.294
0.294
0.293
0.293
0.292
0.292
0.292
0.291
0.291
0.29
0.29
0.289
0.289
0.288
0.288
0.288
0.287
0.287
0.286
0.286
0.288
0.29
0.293
0.295
0.297
0.3
0.302
0.304
0.306
0.309
0.311
0.313
0.316
0.318
0.32
0.323
0.325
0.327
0.329
0.332
0.334
0.336
0.339
0.341
0.343
0.346
0.348
0.35
0.353
0.355
0.357
0.359
0.362
0.364
0.366
0.369
0.371
0.373
0.376
0.378
0.38
0.382
0.385
0.387
0.389
0.392
0.394
0.396
0.399
0.401
0.403
0.406
0.408
0.41
0.412
0.415
0.417
0.419
0.422
0.424
0.426
0.429
0.431
0.433
0.435
0.438
0.44
0.442
0.445
0.447
0.449
0.452
0.454
0.456
0.459
0.461
0.463
0.465
0.468
0.47
0.472
0.475
0.477
0.479
0.482
0.484
0.486
0.488
0.491
0.493
0.495
0.498
0.5
0.502
0.505
0.507
0.509
0.512
0.514
0.516
0.518
0.521
0.523
0.525
0.528
0.53
0.532
0.535
0.537
0.539
0.541
0.544
0.546
0.548
0.551
0.553
0.555
0.558
0.56
0.562
0.565
0.567
0.569
0.571
0.643
0.714
0.715
0.716
0.717
0.718
0.719
0.72
0.721
0.721
0.722
0.723
0.724
0.725
0.726
0.727
0.728
0.729
0.729
0.73
0.731
0.732
0.733
0.734
0.735
0.736
0.737
0.738
0.738
0.739
0.74
0.741
0.742
0.743
0.744
0.745
0.746
0.746
0.747
0.748
0.749
0.75
0.875
1.0
0.977
0.954
0.931
0.908
0.885
0.862
0.839
0.816
0.793
0.77
0.747
0.724
0.701
0.678
0.655
0.632
0.609
0.586
0.563
0.54
0.517
0.494
0.471
0.448
0.425
0.402
0.379
0.356
0.333
0.317
0.3
0.283
0.267
0.25
0.254
0.259
0.263
0.268
0.272
0.277
0.281
0.286
0.29
0.295
0.299
0.304
0.308
0.312
0.317
0.321
0.326
0.33
0.335
0.339
0.344
0.348
0.353
0.357
0.362
0.366
0.371
0.375
0.379
0.384
0.388
0.393
0.397
0.402
0.406
0.411
0.415
0.42
0.424
0.429
0.43
0.432
0.433
0.435
0.436
0.438
0.439
0.441
0.442
0.444
0.445
0.447
0.448
0.45
0.451
0.453
0.454
0.456
0.458
0.459
0.461
0.462
0.464
0.465
0.467
0.468
0.47
0.471
0.473
0.474
0.476
0.477
0.479
0.48
0.482
0.483
0.485
0.486
0.488
0.49
0.491
0.493
0.494
0.496
0.497
0.499
0.5
0.502
0.503
0.505
0.506
0.508
0.509
0.511
0.512
0.514
0.515
0.517
0.518
0.52
0.521
0.523
0.525
0.526
0.528
0.529
0.531
0.532
0.534
0.535
0.537
0.538
0.54
0.541
0.543
0.544
0.546
0.547
0.549
0.55
0.552
0.553
0.555
0.557
0.558
0.56
0.561
0.563
0.564
0.566
0.567
0.569
0.57
0.572
0.573
0.575
0.576
0.578
0.579
0.581
0.582
0.584
0.585
0.587
0.589
0.59
0.592
0.593
0.595
0.596
0.598
0.599
0.601
0.602
0.604
0.605
0.607
0.608
0.61
0.611
0.613
0.614
0.616
0.617
0.619
0.621
0.622
0.624
0.625
0.627
0.628
0.63
0.631
0.633
0.634
0.636
0.637
0.639
0.64
0.642
0.643
0.645
0.646
0.648
0.649
0.651
0.653
0.654
0.656
0.657
0.659
0.66
0.662
0.663
0.665
0.666
0.668
0.669
0.671
0.672
0.674
0.675
0.677
0.678
0.68
0.681
0.683
0.684
0.686
0.688
0.689
0.691
0.692
0.694
0.695
0.697
0.698
0.7
0.701
0.703
0.704
0.706
0.707
0.709
0.71
0.712
0.713
0.715
0.716
0.718
0.72
0.721
0.723
0.724
0.726
0.727
0.729
0.73
0.732
0.733
0.735
0.736
0.738
0.739
0.741
0.742
0.744
0.745
0.747
0.748
0.75
0.875
1.0
1.0
1.0
1.0
1.0
1.0
1.0
1.0
1.0
1.0
1.0
1.0
1.0
1.0
1.0
1.0
1.0
1.0
1.0
1.0
1.0
1.0
1.0
1.0
1.0
1.0
1.0
1.0
1.0
1.0
1.0
1.0
1.0
1.0
1.0
1.0
1.0
1.0
1.0
1.0
1.0
1.0
1.0
1.0
1.0
1.0
1.0
1.0
1.0
1.0
1.0
1.0
1.0
1.0
1.0
1.0
1.0
1.0
1.0
1.0
1.0
1.0
1.0
1.0
1.0
1.0
1.0
1.0
1.0
1.0
1.0
1.0
1.0
1.0
1.0
1.0
1.0
1.0
1.0
1.0
1.0
1.0
1.0
1.0
1.0
1.0
1.0
1.0
1.0
1.0
1.0
1.0
1.0
1.0
1.0
1.0
1.0
1.0
1.0
1.0
1.0
1.0
1.0
1.0
1.0
1.0
1.0
1.0
1.0
1.0
1.0
1.0
1.0
1.0
1.0
1.0
1.0
1.0
1.0
1.0
1.0
1.0
1.0
1.0
1.0
1.0
1.0
1.0
1.0
1.0
1.0
1.0
1.0
1.0
1.0
1.0
1.0
1.0
1.0
1.0
1.0
1.0
1.0
1.0
1.0
1.0
1.0
1.0
1.0
1.0
1.0
1.0
1.0
1.0
1.0
1.0
1.0
1.0
1.0
1.0
1.0
1.0
1.0
1.0
1.0
1.0
1.0
1.0
1.0
1.0
1.0
1.0
1.0
1.0
1.0
1.0
1.0
1.0
1.0
1.0
1.0
1.0
1.0
1.0
1.0
1.0
1.0
1.0
1.0
1.0
1.0
1.0
1.0
1.0
1.0
1.0
1.0
1.0
1.0
1.0
1.0
1.0
1.0
1.0
1.0
1.0
1.0
1.0
1.0
1.0
1.0
1.0
1.0
1.0
1.0
1.0
1.0
1.0
1.0
1.0
1.0
1.0
1.0
1.0
1.0
1.0
1.0
1.0
1.0
1.0
1.0
1.0
1.0
1.0
1.0
1.0
1.0
1.0
1.0
1.0
1.0
1.0
1.0
1.0
1.0
1.0
1.0
1.0
1.0
1.0
1.0
1.0
1.0
1.0
1.0
1.0
1.0
1.0
1.0
1.0
1.0
1.0
1.0
1.0
1.0
1.0
1.0
1.0
1.0
1.0
1.0
1.0
1.0
1.0
1.0
1.0
1.0
1.0
1.0
1.0
1.0
1.0
1.0
1.0
1.0
1.0
1.0
1.0
1.0
1.0
1.0
1.0
1.0
1.0
1.0
1.0
1.0
1.0
1.0
1.0
1.0
1.0
1.0
1.0
1.0
1.0
1.0
1.0
1.0
1.0
1.0
1.0
1.0
1.0
1.0
1.0
1.0
1.0
1.0
1.0
1.0
1.0
1.0
1.0
1.0
1.0
1.0
1.0
1.0
1.0
1.0
1.0
1.0
1.0
1.0
1.0
1.0
1.0
1.0
1.0
1.0
1.0
1.0
1.0
1.0
1.0
1.0
1.0
1.0
1.0
1.0
1.0
1.0
1.0
1.0
1.0
1.0
1.0
1.0
1.0
1.0
1.0
1.0
1.0
1.0
1.0
1.0
1.0
1.0
1.0
1.0
1.0
1.0
1.0
1.0
1.0
1.0
1.0
1.0
1.0
1.0
1.0
1.0
1.0
1.0
1.0
1.0
1.0
1.0
1.0
1.0
1.0
1.0
1.0
1.0
1.0
1.0
1.0
1.0
1.0
1.0
1.0
1.0
1.0
1.0
1.0
1.0
1.0
1.0
1.0
1.0
1.0
1.0
1.0
1.0
1.0
1.0
1.0
1.0
1.0
1.0
1.0
1.0
1.0
1.0
1.0
1.0
1.0
1.0
1.0
1.0
1.0
1.0
1.0
1.0
1.0
1.0
1.0
1.0
1.0
1.0
1.0
1.0
1.0
1.0
1.0
1.0
1.0
1.0
1.0
1.0
1.0
1.0
1.0
1.0
1.0
1.0
1.0
1.0
1.0
1.0
1.0
1.0
1.0
1.0
1.0
1.0
1.0
1.0
1.0
1.0
1.0
1.0
1.0
1.0
1.0
1.0
1.0
1.0
1.0
1.0
1.0
1.0
1.0
1.0
1.0
1.0
1.0
1.0
1.0
1.0
1.0
1.0
1.0
1.0
1.0
1.0
1.0
1.0
1.0
1.0
1.0
1.0
1.0
1.0
1.0
1.0
1.0
1.0
1.0
1.0
1.0
1.0
1.0
1.0
1.0
1.0
1.0
1.0
0.988
0.976
0.964
0.952
0.94
0.929
0.917
0.905
0.893
0.881
0.869
0.857
0.845
0.833
0.821
0.81
0.798
0.786
0.774
0.762
0.75
0.747
0.744
0.741
0.738
0.735
0.732
0.729
0.726
0.723
0.719
0.716
0.713
0.71
0.707
0.704
0.701
0.698
0.695
0.692
0.689
0.686
0.683
0.68
0.677
0.674
0.671
0.668
0.665
0.662
0.658
0.655
0.652
0.649
0.646
0.643
0.64
0.637
0.634
0.631
0.628
0.625
0.622
0.619
0.616
0.613
0.61
0.607
0.604
0.601
0.597
0.594
0.591
0.588
0.585
0.582
0.579
0.576
0.573
0.57
0.567
0.564
0.561
0.558
0.555
0.552
0.549
0.546
0.543
0.539
0.536
0.533
0.53
0.527
0.524
0.521
0.518
0.515
0.512
0.509
0.506
0.503
0.5
0.497
0.494
0.491
0.488
0.485
0.482
0.478
0.475
0.472
0.469
0.466
0.463
0.46
0.457
0.454
0.451
0.448
0.445
0.442
0.439
0.436
0.433
0.43
0.427
0.424
0.42
0.417
0.414
0.411
0.408
0.405
0.402
0.399
0.396
0.393
0.39
0.387
0.384
0.381
0.378
0.375
0.372
0.369
0.366
0.363
0.359
0.356
0.353
0.35
0.347
0.344
0.341
0.338
0.335
0.332
0.329
0.326
0.323
0.32
0.317
0.314
0.311
0.308
0.305
0.302
0.298
0.295
0.292
0.289
0.286
0.283
0.28
0.277
0.274
0.271
0.268
0.265
0.262
0.259
0.256
0.253
0.25
0.247
0.244
0.24
0.237
0.234
0.231
0.228
0.225
0.222
0.219
0.216
0.213
0.21
0.207
0.204
0.201
0.198
0.195
0.192
0.189
0.186
0.183
0.179
0.176
0.173
0.17
0.167
0.164
0.161
0.158
0.155
0.152
0.149
0.146
0.143
0.148
0.154
0.159
0.165
0.17
0.176
0.181
0.187
0.192
0.198
0.203
0.209
0.214
0.22
0.225
0.231
0.236
0.241
0.247
0.252
0.258
0.263
0.269
0.274
0.28
0.285
0.291
0.296
0.302
0.307
0.313
0.318
0.324
0.329
0.335
0.34
0.346
0.351
0.357
0.362
0.368
0.373
0.378
0.384
0.389
0.395
0.4
0.406
0.411
0.417
0.422
0.428
0.433
0.439
0.444
0.45
0.455
0.461
0.466
0.472
0.477
0.483
0.488
0.494
0.499
0.505
0.51
0.515
0.521
0.526
0.532
0.537
0.543
0.548
0.554
0.559
0.565
0.57
0.576
0.581
0.587
0.592
0.598
0.603
0.609
0.614
0.62
0.625
0.631
0.636
0.642
0.647
0.652
0.658
0.663
0.669
0.674
0.68
0.685
0.691
0.696
0.702
0.707
0.713
0.718
0.724
0.729
0.735
0.74
0.746
0.751
0.757
0.762
0.768
0.773
0.779
0.784
0.789
0.795
0.8
0.806
0.811
0.817
0.822
0.828
0.833
0.833
0.833
0.833
0.833
0.832
0.832
0.832
0.832
0.832
0.832
0.831
0.831
0.831
0.831
0.831
0.831
0.83
0.83
0.83
0.83
0.83
0.83
0.829
0.829
0.829
0.829
0.829
0.829
0.828
0.828
0.828
0.828
0.828
0.828
0.827
0.827
0.827
0.827
0.827
0.827
0.826
0.826
0.826
0.826
0.826
0.826
0.825
0.825
0.825
0.825
0.825
0.824
0.824
0.824
0.824
0.824
0.824
0.823
0.823
0.823
0.823
0.823
0.823
0.822
0.822
0.822
0.822
0.822
0.822
0.821
0.821
0.821
0.821
0.821
0.821
0.82
0.82
0.82
0.82
0.82
0.82
0.819
0.819
0.819
0.819
0.819
0.819
0.818
0.818
0.816
0.814
0.812
0.81
0.808
0.806
0.804
0.802
0.8
0.798
0.796
0.794
0.792
0.79
0.788
0.786
0.784
0.782
0.78
0.778
0.776
0.774
0.772
0.77
0.768
0.765
0.763
0.761
0.759
0.757
0.755
0.753
0.751
0.749
0.747
0.745
0.743
0.741
0.739
0.737
0.735
0.733
0.731
0.729
0.727
0.725
0.723
0.721
0.719
0.717
0.715
0.713
0.711
0.709
0.707
0.705
0.703
0.701
0.699
0.697
0.695
0.693
0.691
0.688
0.686
0.684
0.682
0.68
0.678
0.676
0.674
0.672
0.67
0.668
0.666
0.664
0.662
0.66
0.658
0.656
0.654
0.652
0.65
0.648
0.646
0.644
0.642
0.64
0.638
0.636
0.634
0.632
0.63
0.628
0.626
0.624
0.622
0.62
0.618
0.616
0.613
0.611
0.609
0.607
0.605
0.603
0.601
0.599
0.597
0.595
0.593
0.591
0.589
0.587
0.585
0.583
0.581
0.579
0.577
0.575
0.573
0.571
0.569
0.567
0.565
0.563
0.561
0.559
0.557
0.555
0.553
0.551
0.549
0.547
0.545
0.543
0.541
0.539
0.536
0.534
0.532
0.53
0.528
0.526
0.524
0.522
0.52
0.518
0.516
0.514
0.512
0.51
0.508
0.506
0.504
0.502
0.5
0.503
0.505
0.508
0.51
0.513
0.516
0.518
0.521
0.523
0.526
0.529
0.531
0.534
0.536
0.539
0.542
0.544
0.547
0.549
0.552
0.555
0.557
0.56
0.562
0.565
0.568
0.57
0.573
0.576
0.578
0.581
0.583
0.586
0.589
0.591
0.594
0.596
0.599
0.602
0.604
0.607
0.609
0.612
0.615
0.617
0.62
0.622
0.625
0.628
0.63
0.633
0.635
0.638
0.641
0.643
0.646
0.648
0.651
0.654
0.656
0.659
0.661
0.664
0.667
0.833
1.0
1.0
0.999
0.999
0.999
0.998
0.998
0.998
0.997
0.997
0.997
0.996
0.996
0.996
0.995
0.995
0.995
0.994
0.994
0.994
0.993
0.993
0.993
0.992
0.992
0.992
0.991
0.991
0.991
0.991
0.99
0.99
0.99
0.989
0.989
0.989
0.988
0.988
0.988
0.987
0.987
0.987
0.986
0.986
0.986
0.985
0.985
0.985
0.984
0.984
0.984
0.983
0.983
0.983
0.982
0.982
0.982
0.981
0.981
0.981
0.98
0.98
0.98
0.979
0.979
0.979
0.978
0.978
0.978
0.977
0.977
0.977
0.976
0.976
0.976
0.975
0.975
0.975
0.974
0.974
0.974
0.974
0.973
0.973
0.973
0.972
0.972
0.972
0.971
0.971
0.971
0.97
0.97
0.97
0.969
0.969
0.969
0.968
0.968
0.968
0.967
0.967
0.967
0.966
0.966
0.966
0.965
0.965
0.965
0.964
0.964
0.964
0.963
0.963
0.963
0.962
0.962
0.962
0.961
0.961
0.961
0.96
0.96
0.96
0.959
0.959
0.959
0.958
0.958
0.958
0.957
0.957
0.957
0.957
0.956
0.956
0.956
0.955
0.955
0.955
0.954
0.954
0.954
0.953
0.953
0.953
0.952
0.952
0.952
0.951
0.951
0.951
0.95
0.95
0.95
0.949
0.949
0.949
0.948
0.948
0.948
0.947
0.947
0.947
0.946
0.946
0.946
0.945
0.945
0.945
0.944
0.944
0.944
0.943
0.943
0.943
0.942
0.942
0.942
0.941
0.941
0.941
0.94
0.94
0.94
0.94
0.939
0.939
0.939
0.938
0.938
0.938
0.937
0.937
0.937
0.936
0.936
0.936
0.935
0.935
0.935
0.934
0.934
0.934
0.933
0.933
0.933
0.932
0.932
0.932
0.931
0.931
0.931
0.93
0.93
0.93
0.929
0.929
0.929
0.928
0.928
0.928
0.927
0.927
0.927
0.926
0.926
0.926
0.925
0.925
0.925
0.924
0.924
0.924
0.923
0.923
0.923
0.922
0.922
0.922
0.922
0.921
0.921
0.921
0.92
0.92
0.92
0.919
0.919
0.919
0.918
0.918
0.918
0.917
0.917
0.917
0.916
0.916
0.916
0.915
0.915
0.915
0.914
0.914
0.914
0.913
0.913
0.913
0.912
0.912
0.912
0.911
0.911
0.911
0.91
0.91
0.91
0.909
0.909
0.908
0.908
0.907
0.907
0.906
0.905
0.905
0.904
0.904
0.903
0.902
0.902
0.901
0.901
0.9
0.899
0.899
0.898
0.897
0.897
0.896
0.896
0.895
0.894
0.894
0.893
0.893
0.892
0.891
0.891
0.89
0.889
0.889
0.888
0.888
0.887
0.886
0.886
0.885
0.885
0.884
0.883
0.883
0.882
0.882
0.881
0.88
0.88
0.879
0.878
0.878
0.877
0.877
0.876
0.875
0.875
0.874
0.874
0.873
0.872
0.872
0.871
0.87
0.87
0.869
0.869
0.868
0.867
0.867
0.866
0.866
0.865
0.864
0.864
0.863
0.863
0.862
0.861
0.861
0.86
0.859
0.859
0.858
0.858
0.857
0.856
0.856
0.855
0.855
0.854
0.853
0.853
0.852
0.851
0.851
0.85
0.85
0.849
0.848
0.848
0.847
0.847
0.846
0.845
0.845
0.844
0.844
0.843
0.842
0.842
0.841
0.84
0.84
0.839
0.839
0.838
0.837
0.837
0.836
0.836
0.835
0.834
0.834
0.833
0.832
0.832
0.831
0.831
0.83
0.829
0.829
0.828
0.828
0.827
0.826
0.826
0.825
0.825
0.824
0.823
0.823
0.822
0.821
0.821
0.82
0.82
0.819
0.818
0.818
0.817
0.817
0.816
0.815
0.815
0.814
0.813
0.813
0.812
0.812
0.811
0.81
0.81
0.809
0.809
0.808
0.807
0.807
0.806
0.806
0.805
0.804
0.804
0.803
0.802
0.802
0.801
0.801
0.8
0.797
0.793
0.79
0.786
0.783
0.78
0.776
0.773
0.769
0.766
0.763
0.759
0.756
0.753
0.749
0.746
0.742
0.739
0.736
0.732
0.729
0.725
0.722
0.719
0.715
0.712
0.708
0.705
0.702
0.698
0.695
0.692
0.688
0.685
0.681
0.678
0.675
0.671
0.668
0.664
0.661
0.658
0.654
0.651
0.647
0.644
0.641
0.637
0.634
0.631
0.627
0.624
0.62
0.617
0.614
0.61
0.607
0.603
0.6
0.597
0.593
0.59
0.586
0.583
0.58
0.576
0.573
0.569
0.566
0.563
0.559
0.556
0.553
0.549
0.546
0.542
0.539
0.536
0.532
0.529
0.525
0.522
0.519
0.515
0.512
0.508
0.505
0.502
0.498
0.495
0.492
0.488
0.485
0.481
0.478
0.475
0.471
0.468
0.464
0.461
0.458
0.454
0.451
0.447
0.444
0.441
0.437
0.434
0.431
0.427
0.424
0.42
0.417
0.414
0.41
0.407
0.403
0.4
0.406
0.411
0.417
0.423
0.428
0.434
0.439
0.445
0.451
0.456
0.462
0.468
0.473
0.479
0.484
0.49
0.496
0.501
0.507
0.513
0.518
0.524
0.529
0.535
0.541
0.546
0.552
0.558
0.563
0.569
0.574
0.58
0.586
0.591
0.597
0.603
0.608
0.614
0.619
0.625
0.631
0.636
0.642
0.648
0.653
0.659
0.665
0.67
0.676
0.681
0.687
0.693
0.698
0.704
0.71
0.715
0.721
0.726
0.732
0.738
0.743
0.749
0.755
0.76
0.766
0.771
0.777
0.783
0.788
0.794
0.8
0.805
0.811
0.816
0.822
0.828
0.833
0.639
0.444
0.25
0.25
0.251
0.251
0.252
0.252
0.252
0.253
0.253
0.254
0.254
0.254
0.255
0.255
0.256
0.256
0.256
0.257
0.257
0.258
0.258
0.258
0.259
0.259
0.26
0.26
0.26
0.261
0.261
0.262
0.262
0.262
0.263
0.263
0.264
0.264
0.264
0.265
0.265
0.266
0.266
0.267
0.267
0.267
0.268
0.268
0.269
0.269
0.269
0.27
0.27
0.271
0.271
0.271
0.272
0.272
0.273
0.273
0.273
0.274
0.274
0.275
0.275
0.275
0.276
0.276
0.277
0.277
0.277
0.278
0.278
0.279
0.279
0.279
0.28
0.28
0.281
0.281
0.281
0.282
0.282
0.283
0.283
0.283
0.284
0.284
0.285
0.285
0.285
0.286
0.286
0.287
0.287
0.287
0.288
0.288
0.289
0.289
0.289
0.29
0.29
0.291
0.291
0.291
0.292
0.292
0.293
0.293
0.293
0.294
0.294
0.295
0.295
0.295
0.296
0.296
0.297
0.297
0.298
0.298
0.298
0.299
0.299
0.3
0.3
0.3
0.301
0.301
0.302
0.302
0.302
0.303
0.303
0.304
0.304
0.304
0.305
0.305
0.306
0.306
0.306
0.307
0.307
0.308
0.308
0.308
0.309
0.309
0.31
0.31
0.31
0.311
0.311
0.312
0.312
0.312
0.313
0.313
0.314
0.314
0.314
0.315
0.315
0.316
0.316
0.316
0.317
0.317
0.318
0.318
0.318
0.319
0.319
0.32
0.32
0.32
0.321
0.321
0.322
0.322
0.322
0.323
0.323
0.324
0.324
0.324
0.325
0.325
0.326
0.326
0.326
0.327
0.327
0.328
0.328
0.329
0.329
0.329
0.33
0.33
0.331
0.331
0.331
0.332
0.332
0.333
0.333
0.333
0.359
0.384
0.409
0.434
0.46
0.485
0.51
0.535
0.561
0.586
0.611
0.636
0.662
0.687
0.712
0.737
0.763
0.788
0.813
0.838
0.864
0.889
0.883
0.878
0.873
0.867
0.862
0.856
0.851
0.846
0.84
0.835
0.829
0.824
0.819
0.813
0.808
0.802
0.797
0.792
0.786
0.781
0.775
0.77
0.765
0.759
0.754
0.748
0.743
0.738
0.732
0.727
0.721
0.716
0.711
0.705
0.7
0.694
0.689
0.684
0.678
0.673
0.667
0.662
0.656
0.651
0.646
0.64
0.635
0.629
0.624
0.619
0.613
0.608
0.602
0.597
0.592
0.586
0.581
0.575
0.57
0.565
0.559
0.554
0.548
0.543
0.538
0.532
0.527
0.521
0.516
0.511
0.505
0.5
0.494
0.489
0.484
0.478
0.473
0.467
0.462
0.456
0.451
0.446
0.44
0.435
0.429
0.424
0.419
0.413
0.408
0.402
0.397
0.392
0.386
0.381
0.375
0.37
0.365
0.359
0.354
0.348
0.343
0.338
0.332
0.327
0.321
0.316
0.311
0.305
0.3
0.294
0.289
0.284
0.278
0.273
0.278
0.283
0.288
0.293
0.298
0.303
0.308
0.313
0.318
0.323
0.328
0.334
0.339
0.344
0.349
0.354
0.359
0.364
0.369
0.374
0.379
0.384
0.389
0.394
0.399
0.405
0.41
0.415
0.42
0.425
0.43
0.435
0.44
0.445
0.45
0.455
0.46
0.465
0.47
0.476
0.481
0.486
0.491
0.496
0.501
0.506
0.511
0.516
0.521
0.526
0.531
0.536
0.541
0.547
0.552
0.557
0.562
0.567
0.572
0.577
0.582
0.587
0.592
0.597
0.602
0.607
0.612
0.617
0.623
0.628
0.633
0.638
0.643
0.648
0.653
0.658
0.663
0.668
0.673
0.678
0.683
0.688
0.694
0.699
0.704
0.709
0.714
0.719
0.724
0.729
0.734
0.739
0.744
0.749
0.754
0.759
0.765
0.77
0.775
0.78
0.785
0.79
0.795
0.8
0.799
0.798
0.797
0.795
0.794
0.793
0.792
0.791
0.79
0.788
0.787
0.786
0.785
0.784
0.783
0.781
0.78
0.779
0.778
0.777
0.776
0.775
0.773
0.772
0.771
0.77
0.769
0.768
0.766
0.765
0.764
0.763
0.762
0.761
0.759
0.758
0.757
0.756
0.755
0.754
0.753
0.751
0.75
0.749
0.748
0.747
0.746
0.744
0.743
0.742
0.741
0.74
0.739
0.737
0.736
0.735
0.734
0.733
0.732
0.731
0.729
0.728
0.727
0.726
0.725
0.724
0.722
0.721
0.72
0.719
0.718
0.717
0.715
0.714
0.713
0.712
0.711
0.71
0.709
0.707
0.706
0.705
0.704
0.703
0.702
0.7
0.699
0.698
0.697
0.696
0.695
0.693
0.692
0.691
0.69
0.689
0.688
0.687
0.685
0.684
0.683
0.682
0.681
0.68
0.678
0.677
0.676
0.675
0.674
0.673
0.671
0.67
0.669
0.668
0.667
0.666
0.664
0.663
0.662
0.661
0.66
0.659
0.658
0.656
0.655
0.654
0.653
0.652
0.651
0.649
0.648
0.647
0.646
0.645
0.644
0.642
0.641
0.64
0.639
0.638
0.637
0.636
0.634
0.633
0.632
0.631
0.63
0.629
0.627
0.626
0.625
0.624
0.623
0.622
0.62
0.619
0.618
0.617
0.616
0.615
0.614
0.612
0.611
0.61
0.609
0.608
0.607
0.605
0.604
0.603
0.602
0.601
0.6
0.598
0.597
0.596
0.595
0.594
0.593
0.592
0.59
0.589
0.588
0.587
0.586
0.585
0.583
0.582
0.581
0.58
0.579
0.578
0.576
0.575
0.574
0.573
0.572
0.571
0.57
0.568
0.567
0.566
0.565
0.564
0.563
0.561
0.56
0.559
0.558
0.557
0.556
0.554
0.553
0.552
0.551
0.55
0.549
0.548
0.546
0.545
0.544
0.543
0.542
0.541
0.539
0.538
0.537
0.536
0.535
0.534
0.532
0.531
0.53
0.529
0.528
0.527
0.526
0.524
0.523
0.522
0.521
0.52
0.519
0.517
0.516
0.515
0.514
0.513
0.512
0.51
0.509
0.508
0.507
0.506
0.505
0.504
0.502
0.501
0.5
0.499
0.498
0.497
0.495
0.494
0.493
0.492
0.491
0.49
0.488
0.487
0.486
0.485
0.484
0.483
0.482
0.48
0.479
0.478
0.477
0.476
0.475
0.473
0.472
0.471
0.47
0.469
0.468
0.466
0.465
0.464
0.463
0.462
0.461
0.46
0.458
0.457
0.456
0.455
0.454
0.453
0.451
0.45
0.449
0.448
0.447
0.446
0.444
0.444
0.443
0.443
0.442
0.442
0.441
0.44
0.44
0.439
0.439
0.438
0.438
0.437
0.437
0.436
0.435
0.435
0.434
0.434
0.433
0.433
0.432
0.431
0.431
0.43
0.43
0.429
0.429
0.428
0.427
0.427
0.426
0.426
0.425
0.425
0.424
0.424
0.423
0.422
0.422
0.421
0.421
0.42
0.42
0.419
0.418
0.418
0.417
0.417
0.416
0.416
0.415
0.414
0.414
0.413
0.413
0.412
0.412
0.411
0.41
0.41
0.409
0.409
0.408
0.408
0.407
0.407
0.406
0.405
0.405
0.404
0.404
0.403
0.403
0.402
0.401
0.401
0.4
0.4
0.399
0.399
0.398
0.397
0.397
0.396
0.396
0.395
0.395
0.394
0.394
0.393
0.392
0.392
0.391
0.391
0.39
0.39
0.389
0.388
0.388
0.387
0.387
0.386
0.386
0.385
0.384
0.384
0.383
0.383
0.382
0.382
0.381
0.381
0.38
0.379
0.379
0.378
0.378
0.377
0.377
0.376
0.375
0.375
0.374
0.374
0.373
0.373
0.372
0.371
0.371
0.37
0.37
0.369
0.369
0.368
0.367
0.367
0.366
0.366
0.365
0.365
0.364
0.364
0.363
0.362
0.362
0.361
0.361
0.36
0.36
0.359
0.358
0.358
0.357
0.357
0.356
0.356
0.355
0.354
0.354
0.353
0.353
0.352
0.352
0.351
0.351
0.35
0.349
0.349
0.348
0.348
0.347
0.347
0.346
0.345
0.345
0.344
0.344
0.343
0.343
0.342
0.341
0.341
0.34
0.34
0.339
0.339
0.338
0.337
0.337
0.336
0.336
0.335
0.335
0.334
0.334
0.333
0.332
0.332
0.331
0.331
0.33
0.33
0.329
0.328
0.328
0.327
0.327
0.326
0.326
0.325
0.324
0.324
0.323
0.323
0.322
0.322
0.321
0.321
0.32
0.319
0.319
0.318
0.318
0.317
0.317
0.316
0.315
0.315
0.314
0.314
0.313
0.313
0.312
0.311
0.311
0.31
0.31
0.309
0.309
0.308
0.308
0.307
0.306
0.306
0.305
0.305
0.304
0.304
0.303
0.302
0.302
0.301
0.301
0.3
0.3
0.299
0.298
0.298
0.297
0.297
0.296
0.296
0.295
0.294
0.294
0.293
0.293
0.292
0.292
0.291
0.291
0.29
0.289
0.289
0.288
0.288
0.287
0.287
0.286
0.285
0.285
0.284
0.284
0.283
0.283
0.282
0.281
0.281
0.28
0.28
0.279
0.279
0.278
0.278
0.277
0.276
0.276
0.275
0.275
0.274
0.274
0.273
0.272
0.272
0.271
0.271
0.27
0.27
0.269
0.268
0.268
0.267
0.267
0.266
0.266
0.265
0.265
0.264
0.263
0.263
0.262
0.262
0.261
0.261
0.26
0.259
0.259
0.258
0.258
0.257
0.257
0.256
0.255
0.255
0.254
0.254
0.253
0.253
0.252
0.251
0.251
0.25
0.25
0.249
0.249
0.248
0.248
0.247
0.246
0.246
0.245
0.245
0.244
0.244
0.243
0.242
0.242
0.241
0.241
0.24
0.24
0.239
0.238
0.238
0.237
0.237
0.236
0.236
0.235
0.235
0.234
0.233
0.233
0.232
0.232
0.231
0.231
0.23
0.229
0.229
0.228
0.228
0.227
0.227
0.226
0.225
0.225
0.224
0.224
0.223
0.223
0.222
0.222
0.221
0.22
0.22
0.219
0.219
0.218
0.218
0.217
0.216
0.216
0.215
0.215
0.214
0.214
0.213
0.212
0.212
0.211
0.211
0.21
0.21
0.209
0.208
0.208
0.207
0.207
0.206
0.206
0.205
0.205
0.204
0.203
0.203
0.202
0.202
0.201
0.201
0.2
0.215
0.231
0.246
0.262
0.277
0.293
0.308
0.324
0.339
0.355
0.37
0.385
0.401
0.416
0.432
0.447
0.463
0.478
0.494
0.509
0.525
0.54
0.555
0.571
0.586
0.602
0.617
0.633
0.648
0.664
0.679
0.695
0.71
0.725
0.741
0.756
0.772
0.787
0.803
0.818
0.816
0.814
0.812
0.81
0.808
0.806
0.804
0.802
0.8
0.798
0.796
0.793
0.791
0.789
0.787
0.785
0.783
0.781
0.779
0.777
0.775
0.773
0.771
0.769
0.767
0.765
0.763
0.761
0.758
0.756
0.754
0.752
0.75
0.748
0.746
0.744
0.742
0.74
0.738
0.736
0.734
0.732
0.73
0.728
0.726
0.723
0.721
0.719
0.717
0.715
0.713
0.711
0.709
0.707
0.705
0.703
0.701
0.699
0.697
0.695
0.693
0.691
0.688
0.686
0.684
0.682
0.68
0.678
0.676
0.674
0.672
0.67
0.668
0.666
0.664
0.662
0.66
0.658
0.656
0.653
0.651
0.649
0.647
0.645
0.643
0.641
0.639
0.637
0.635
0.633
0.631
0.629
0.627
0.625
0.623
0.621
0.618
0.616
0.614
0.612
0.61
0.608
0.606
0.604
0.602
0.6
0.598
0.596
0.594
0.592
0.59
0.588
0.586
0.583
0.581
0.579
0.577
0.575
0.573
0.571
0.569
0.567
0.565
0.563
0.561
0.559
0.557
0.555
0.553
0.551
0.549
0.546
0.544
0.542
0.54
0.538
0.536
0.534
0.532
0.53
0.528
0.526
0.524
0.522
0.52
0.518
0.516
0.514
0.511
0.509
0.507
0.505
0.503
0.501
0.499
0.497
0.495
0.493
0.491
0.489
0.487
0.485
0.483
0.481
0.479
0.476
0.474
0.472
0.47
0.468
0.466
0.464
0.462
0.46
0.458
0.456
0.454
0.452
0.45
0.448
0.446
0.444
0.441
0.439
0.437
0.435
0.433
0.431
0.429
0.427
0.425
0.423
0.421
0.419
0.417
0.415
0.413
0.411
0.409
0.406
0.404
0.402
0.4
0.398
0.396
0.394
0.392
0.39
0.388
0.386
0.384
0.382
0.38
0.378
0.376
0.374
0.371
0.369
0.367
0.365
0.363
0.361
0.359
0.357
0.355
0.353
0.351
0.349
0.347
0.345
0.343
0.341
0.339
0.336
0.334
0.332
0.33
0.328
0.326
0.324
0.322
0.32
0.318
0.316
0.314
0.312
0.31
0.308
0.306
0.304
0.301
0.299
0.297
0.295
0.293
0.291
0.289
0.287
0.285
0.283
0.281
0.279
0.277
0.275
0.273
0.271
0.269
0.266
0.264
0.262
0.26
0.258
0.256
0.254
0.252
0.25
0.265
0.279
0.294
0.309
0.324
0.338
0.353
0.368
0.382
0.397
0.412
0.426
0.441
0.456
0.471
0.485
0.5
0.515
0.529
0.544
0.559
0.574
0.588
0.603
0.618
0.632
0.647
0.662
0.676
0.691
0.706
0.721
0.735
0.75
0.748
0.747
0.745
0.744
0.742
0.741
0.739
0.738
0.736
0.735
0.733
0.731
0.73
0.728
0.727
0.725
0.724
0.722
0.721
0.719
0.718
0.716
0.714
0.713
0.711
0.71
0.708
0.707
0.705
0.704
0.702
0.701
0.699
0.697
0.696
0.694
0.693
0.691
0.69
0.688
0.687
0.685
0.684
0.682
0.68
0.679
0.677
0.676
0.674
0.673
0.671
0.67
0.668
0.666
0.665
0.663
0.662
0.66
0.659
0.657
0.656
0.654
0.653
0.651
0.649
0.648
0.646
0.645
0.643
0.642
0.64
0.639
0.637
0.636
0.634
0.632
0.631
0.629
0.628
0.626
0.625
0.623
0.622
0.62
0.619
0.617
0.615
0.614
0.612
0.611
0.609
0.608
0.606
0.605
0.603
0.602
0.6
0.7
0.8
0.789
0.777
0.766
0.754
0.743
0.732
0.72
0.709
0.698
0.686
0.675
0.663
0.652
0.641
0.629
0.618
0.607
0.595
0.584
0.572
0.561
0.55
0.538
0.527
0.515
0.504
0.493
0.481
0.47
0.459
0.447
0.436
0.424
0.413
0.402
0.39
0.379
0.367
0.356
0.345
0.333
0.335
0.336
0.337
0.338
0.339
0.341
0.342
0.343
0.344
0.345
0.347
0.348
0.349
0.35
0.351
0.353
0.354
0.355
0.356
0.357
0.359
0.36
0.361
0.362
0.363
0.364
0.366
0.367
0.368
0.369
0.37
0.372
0.373
0.374
0.375
0.376
0.378
0.379
0.38
0.381
0.382
0.384
0.385
0.386
0.387
0.388
0.39
0.391
0.392
0.393
0.394
0.396
0.397
0.398
0.399
0.4
0.402
0.403
0.404
0.405
0.406
0.408
0.409
0.41
0.411
0.412
0.414
0.415
0.416
0.417
0.418
0.42
0.421
0.422
0.423
0.424
0.426
0.427
0.428
0.429
0.43
0.432
0.433
0.434
0.435
0.436
0.438
0.439
0.44
0.441
0.442
0.444
0.445
0.446
0.447
0.448
0.45
0.451
0.452
0.453
0.454
0.456
0.457
0.458
0.459
0.46
0.462
0.463
0.464
0.465
0.466
0.468
0.469
0.47
0.471
0.472
0.474
0.475
0.476
0.477
0.478
0.48
0.481
0.482
0.483
0.484
0.486
0.487
0.488
0.489
0.49
0.492
0.493
0.494
0.495
0.496
0.498
0.499
0.5
0.501
0.502
0.504
0.505
0.506
0.507
0.508
0.51
0.511
0.512
0.513
0.514
0.516
0.517
0.518
0.519
0.52
0.522
0.523
0.524
0.525
0.526
0.528
0.529
0.53
0.531
0.532
0.534
0.535
0.536
0.537
0.538
0.54
0.541
0.542
0.543
0.544
0.545
0.547
0.548
0.549
0.55
0.551
0.553
0.554
0.555
0.556
0.557
0.559
0.56
0.561
0.562
0.563
0.565
0.566
0.567
0.568
0.569
0.571
0.572
0.573
0.574
0.575
0.577
0.578
0.579
0.58
0.581
0.583
0.584
0.585
0.586
0.587
0.589
0.59
0.591
0.592
0.593
0.595
0.596
0.597
0.598
0.599
0.601
0.602
0.603
0.604
0.605
0.607
0.608
0.609
0.61
0.611
0.613
0.614
0.615
0.616
0.617
0.619
0.62
0.621
0.622
0.623
0.625
0.626
0.627
0.628
0.629
0.631
0.632
0.633
0.634
0.635
0.637
0.638
0.639
0.64
0.641
0.643
0.644
0.645
0.646
0.647
0.649
0.65
0.651
0.652
0.653
0.655
0.656
0.657
0.658
0.659
0.661
0.662
0.663
0.664
0.665
0.667
0.668
0.669
0.67
0.671
0.673
0.674
0.675
0.676
0.677
0.679
0.68
0.681
0.682
0.683
0.685
0.686
0.687
0.688
0.689
0.691
0.692
0.693
0.694
0.695
0.697
0.698
0.699
0.7
0.701
0.703
0.704
0.705
0.706
0.707
0.709
0.71
0.711
0.712
0.713
0.715
0.716
0.717
0.718
0.719
0.72
0.722
0.723
0.724
0.725
0.726
0.728
0.729
0.73
0.731
0.732
0.734
0.735
0.736
0.737
0.738
0.74
0.741
0.742
0.743
0.744
0.746
0.747
0.748
0.749
0.75
0.752
0.753
0.754
0.755
0.756
0.758
0.759
0.76
0.761
0.762
0.764
0.765
0.766
0.767
0.768
0.77
0.771
0.772
0.773
0.774
0.776
0.777
0.778
0.779
0.78
0.782
0.783
0.784
0.785
0.786
0.788
0.789
0.79
0.791
0.792
0.794
0.795
0.796
0.797
0.798
0.8
0.801
0.802
0.803
0.804
0.806
0.807
0.808
0.809
0.81
0.812
0.813
0.814
0.815
0.816
0.818
0.819
0.82
0.821
0.822
0.824
0.825
0.826
0.827
0.828
0.83
0.831
0.832
0.833
0.834
0.836
0.837
0.838
0.839
0.84
0.842
0.843
0.844
0.845
0.846
0.848
0.849
0.85
0.851
0.852
0.854
0.855
0.856
0.857
0.838
0.819
0.801
0.782
0.763
0.744
0.725
0.706
0.687
0.669
0.65
0.631
0.612
0.593
0.574
0.556
0.537
0.518
0.499
0.48
0.461
0.442
0.424
0.405
0.386
0.367
0.348
0.329
0.31
0.292
0.273
0.276
0.279
0.282
0.285
0.288
0.291
0.294
0.297
0.3
0.303
0.306
0.309
0.312
0.315
0.318
0.321
0.324
0.327
0.33
0.333
0.336
0.339
0.342
0.345
0.348
0.351
0.354
0.357
0.36
0.363
0.366
0.369
0.372
0.375
0.378
0.381
0.384
0.387
0.39
0.393
0.396
0.399
0.402
0.405
0.408
0.411
0.414
0.417
0.42
0.423
0.426
0.429
0.432
0.435
0.438
0.441
0.444
0.447
0.45
0.453
0.456
0.459
0.462
0.465
0.468
0.471
0.474
0.477
0.48
0.483
0.486
0.489
0.492
0.495
0.498
0.5
0.503
0.506
0.509
0.512
0.515
0.518
0.521
0.524
0.527
0.53
0.533
0.536
0.539
0.542
0.545
0.548
0.551
0.554
0.557
0.56
0.563
0.566
0.569
0.572
0.575
0.578
0.581
0.584
0.587
0.59
0.593
0.596
0.599
0.602
0.605
0.608
0.611
0.614
0.617
0.62
0.623
0.626
0.629
0.632
0.635
0.638
0.641
0.644
0.647
0.65
0.653
0.656
0.659
0.662
0.665
0.668
0.671
0.674
0.677
0.68
0.683
0.686
0.689
0.692
0.695
0.698
0.701
0.704
0.707
0.71
0.713
0.716
0.719
0.722
0.725
0.728
0.731
0.734
0.737
0.74
0.743
0.746
0.749
0.752
0.755
0.758
0.761
0.764
0.767
0.77
0.773
0.776
0.779
0.782
0.785
0.788
0.791
0.794
0.797
0.8
0.803
0.806
0.809
0.812
0.815
0.818
0.818
0.818
0.818
0.818
0.818
0.818
0.818
0.818
0.818
0.818
0.818
0.818
0.818
0.818
0.818
0.818
0.818
0.818
0.818
0.818
0.818
0.818
0.818
0.818
0.818
0.818
0.818
0.818
0.818
0.818
0.818
0.818
0.818
0.818
0.818
0.818
0.818
0.818
0.818
0.818
0.818
0.818
0.818
0.818
0.818
0.818
0.818
0.818
0.818
0.818
0.818
0.818
0.818
0.818
0.818
0.818
0.818
0.818
0.818
0.818
0.818
0.818
0.818
0.818
0.818
0.818
0.818
0.818
0.818
0.818
0.818
0.818
0.818
0.818
0.818
0.818
0.818
0.818
0.818
0.818
0.818
0.818
0.818
0.818
0.818
0.818
0.818
0.818
0.818
0.818
0.818
0.818
0.818
0.818
0.818
0.818
0.818
0.818
0.818
0.818
0.818
0.818
0.818
0.818
0.818
0.818
0.818
0.818
0.818
0.818
0.818
0.818
0.818
0.818
0.818
0.818
0.818
0.818
0.818
0.818
0.818
0.818
0.818
0.818
0.818
0.818
0.818
0.818
0.818
0.818
0.818
0.818
0.818
0.818
0.818
0.818
0.818
0.818
0.818
0.818
0.818
0.818
0.818
0.818
0.818
0.818
0.818
0.818
0.818
0.818
0.818
0.818
0.818
0.818
0.818
0.818
0.818
0.818
0.818
0.818
0.818
0.818
0.818
0.818
0.818
0.818
0.818
0.818
0.818
0.818
0.818
0.818
0.818
0.818
0.818
0.818
0.818
0.818
0.818
0.818
0.818
0.818
0.818
0.818
0.818
0.818
0.818
0.818
0.818
0.818
0.818
0.818
0.818
0.818
0.818
0.818
0.818
0.818
0.818
0.818
0.818
0.818
0.818
0.818
0.818
0.818
0.818
0.818
0.818
0.818
0.818
0.818
0.818
0.818
0.818
0.818
0.818
0.818
0.818
0.818
0.818
0.818
0.818
0.818
0.818
0.815
0.813
0.81
0.807
0.805
0.802
0.799
0.796
0.794
0.791
0.788
0.785
0.783
0.78
0.777
0.775
0.772
0.769
0.766
0.764
0.761
0.758
0.755
0.753
0.75
0.751
0.752
0.753
0.754
0.755
0.756
0.757
0.758
0.759
0.761
0.762
0.763
0.764
0.765
0.766
0.767
0.768
0.769
0.77
0.771
0.772
0.773
0.774
0.775
0.776
0.777
0.778
0.78
0.781
0.782
0.783
0.784
0.785
0.786
0.787
0.788
0.789
0.79
0.791
0.792
0.793
0.794
0.795
0.796
0.797
0.799
0.8
0.801
0.802
0.803
0.804
0.805
0.806
0.807
0.808
0.809
0.81
0.811
0.812
0.813
0.814
0.815
0.816
0.818
0.819
0.82
0.821
0.822
0.823
0.824
0.825
0.826
0.827
0.828
0.829
0.83
0.831
0.832
0.833
0.833
0.833
0.833
0.833
0.833
0.833
0.833
0.833
0.833
0.833
0.833
0.833
0.833
0.833
0.833
0.833
0.832
0.832
0.832
0.832
0.832
0.832
0.832
0.832
0.832
0.832
0.832
0.832
0.832
0.832
0.832
0.832
0.832
0.832
0.832
0.832
0.832
0.831
0.831
0.831
0.831
0.831
0.831
0.831
0.831
0.831
0.831
0.831
0.831
0.831
0.831
0.831
0.831
0.831
0.831
0.831
0.831
0.83
0.83
0.83
0.83
0.83
0.83
0.83
0.83
0.83
0.83
0.83
0.83
0.83
0.83
0.83
0.83
0.83
0.83
0.83
0.83
0.829
0.829
0.829
0.829
0.829
0.829
0.829
0.829
0.829
0.829
0.829
0.829
0.829
0.829
0.829
0.829
0.829
0.829
0.829
0.829
0.829
0.828
0.828
0.828
0.828
0.828
0.828
0.828
0.828
0.828
0.828
0.828
0.828
0.828
0.828
0.828
0.828
0.828
0.828
0.828
0.828
0.827
0.827
0.827
0.827
0.827
0.827
0.827
0.827
0.827
0.827
0.827
0.827
0.827
0.827
0.827
0.827
0.827
0.827
0.827
0.827
0.826
0.826
0.826
0.826
0.826
0.826
0.826
0.826
0.826
0.826
0.826
0.826
0.826
0.826
0.826
0.826
0.826
0.826
0.826
0.826
0.826
0.825
0.825
0.825
0.825
0.825
0.825
0.825
0.825
0.825
0.825
0.825
0.825
0.825
0.825
0.825
0.825
0.825
0.825
0.825
0.825
0.824
0.824
0.824
0.824
0.824
0.824
0.824
0.824
0.824
0.824
0.824
0.824
0.824
0.824
0.824
0.824
0.824
0.824
0.824
0.824
0.823
0.823
0.823
0.823
0.823
0.823
0.823
0.823
0.823
0.823
0.823
0.823
0.823
0.823
0.823
0.823
0.823
0.823
0.823
0.823
0.823
0.822
0.822
0.822
0.822
0.822
0.822
0.822
0.822
0.822
0.822
0.822
0.822
0.822
0.822
0.822
0.822
0.822
0.822
0.822
0.822
0.821
0.821
0.821
0.821
0.821
0.821
0.821
0.821
0.821
0.821
0.821
0.821
0.821
0.821
0.821
0.821
0.821
0.821
0.821
0.821
0.82
0.82
0.82
0.82
0.82
0.82
0.82
0.82
0.82
0.82
0.82
0.82
0.82
0.82
0.82
0.82
0.82
0.82
0.82
0.82
0.82
0.819
0.819
0.819
0.819
0.819
0.819
0.819
0.819
0.819
0.819
0.819
0.819
0.819
0.819
0.819
0.819
0.819
0.819
0.819
0.819
0.818
0.818
0.818
0.818
0.818
0.818
0.818
0.818
0.818
0.817
0.817
0.817
0.816
0.816
0.816
0.815
0.815
0.815
0.814
0.814
0.814
0.813
0.813
0.813
0.812
0.812
0.812
0.811
0.811
0.811
0.81
0.81
0.81
0.809
0.809
0.809
0.808
0.808
0.808
0.808
0.807
0.807
0.807
0.806
0.806
0.806
0.805
0.805
0.805
0.804
0.804
0.804
0.803
0.803
0.803
0.802
0.802
0.802
0.801
0.801
0.801
0.8
0.8
0.8
0.799
0.799
0.799
0.798
0.798
0.798
0.798
0.797
0.797
0.797
0.796
0.796
0.796
0.795
0.795
0.795
0.794
0.794
0.794
0.793
0.793
0.793
0.792
0.792
0.792
0.791
0.791
0.791
0.79
0.79
0.79
0.789
0.789
0.789
0.788
0.788
0.788
0.787
0.787
0.787
0.787
0.786
0.786
0.786
0.785
0.785
0.785
0.784
0.784
0.784
0.783
0.783
0.783
0.782
0.782
0.782
0.781
0.781
0.781
0.78
0.78
0.78
0.779
0.779
0.779
0.778
0.778
0.778
0.777
0.777
0.777
0.776
0.776
0.776
0.776
0.775
0.775
0.775
0.774
0.774
0.774
0.773
0.773
0.773
0.772
0.772
0.772
0.771
0.771
0.771
0.77
0.77
0.77
0.769
0.769
0.769
0.768
0.768
0.768
0.767
0.767
0.767
0.766
0.766
0.766
0.766
0.765
0.765
0.765
0.764
0.764
0.764
0.763
0.763
0.763
0.762
0.762
0.762
0.761
0.761
0.761
0.76
0.76
0.76
0.759
0.759
0.759
0.758
0.758
0.758
0.757
0.757
0.757
0.756
0.756
0.756
0.755
0.755
0.755
0.755
0.754
0.754
0.754
0.753
0.753
0.753
0.752
0.752
0.752
0.751
0.751
0.751
0.75
0.75
0.875
1.0
0.988
0.976
0.964
0.952
0.94
0.929
0.917
0.905
0.893
0.881
0.869
0.857
0.845
0.833
0.821
0.81
0.798
0.786
0.774
0.762
0.75
0.737
0.724
0.711
0.698
0.685
0.671
0.658
0.645
0.632
0.619
0.606
0.593
0.58
0.567
0.554
0.54
0.527
0.514
0.501
0.488
0.475
0.462
0.449
0.436
0.423
0.41
0.396
0.383
0.37
0.357
0.344
0.331
0.318
0.305
0.292
0.279
0.265
0.252
0.239
0.226
0.213
0.2
0.2
0.2
0.2
0.2
0.2
0.2
0.2
0.2
0.2
0.2
0.2
0.2
0.2
0.2
0.2
0.2
0.2
0.2
0.2
0.2
0.2
0.2
0.2
0.2
0.2
0.2
0.2
0.2
0.2
0.2
0.2
0.2
0.2
0.2
0.2
0.2
0.2
0.2
0.2
0.2
0.2
0.2
0.2
0.2
0.2
0.2
0.2
0.2
0.2
0.2
0.2
0.2
0.2
0.2
0.2
0.2
0.2
0.2
0.2
0.2
0.2
0.2
0.2
0.2
0.2
0.2
0.2
0.2
0.2
0.2
0.2
0.2
0.2
0.2
0.2
0.2
0.2
0.2
0.2
0.2
0.2
0.2
0.2
0.2
0.2
0.2
0.2
0.2
0.2
0.2
0.2
0.2
0.2
0.2
0.2
0.2
0.2
0.2
0.2
0.2
0.2
0.2
0.2
0.2
0.2
0.2
0.2
0.2
0.2
0.2
0.2
0.2
0.2
0.2
0.2
0.2
0.2
0.2
0.2
0.2
0.2
0.2
0.2
0.2
0.2
0.2
0.2
0.2
0.2
0.2
0.2
0.2
0.2
0.2
0.2
0.2
0.2
0.2
0.2
0.2
0.2
0.2
0.2
0.2
