0.0
0.002
0.003
0.005
0.006
0.008
0.01
0.011
0.013
0.015
0.017
0.018
0.02
0.022
0.024
0.026
0.028
0.03
0.032
0.034
0.036
0.038
0.04
0.042
0.045
0.047
0.049
0.051
0.054
0.056
0.058
0.061
0.063
0.065
0.068
0.07
0.073
0.075
0.078
0.08
0.083
0.086
0.088
0.091
0.093
0.094
0.096
0.098
0.1
0.102
0.104
0.105
0.107
0.109
0.111
0.113
0.115
0.117
0.119
0.121
0.123
0.126
0.128
0.13
0.132
0.134
0.136
0.139
0.141
0.143
0.145
0.148
0.15
0.152
0.155
0.157
0.159
0.162
0.164
0.167
0.169
0.172
0.174
0.177
0.179
0.182
0.184
0.187
0.189
0.192
0.195
0.197
0.2
0.202
0.205
0.208
0.21
0.213
0.216
0.219
0.221
0.224
0.227
0.23
0.232
0.235
0.238
0.241
0.244
0.246
0.249
0.252
0.255
0.258
0.261
0.264
0.267
0.27
0.272
0.275
0.278
0.281
0.284
0.287
0.29
0.293
0.296
0.299
0.302
0.305
0.308
0.311
0.314
0.317
0.32
0.324
0.327
0.33
0.333
0.336
0.339
0.342
0.345
0.348
0.351
0.354
0.358
0.361
0.364
0.367
0.37
0.373
0.376
0.379
0.383
0.386
0.389
0.392
0.395
0.398
0.401
0.405
0.408
0.411
0.414
0.417
0.42
0.424
0.427
0.43
0.433
0.436
0.439
0.442
0.446
0.449
0.452
0.455
0.458
0.461
0.464
0.468
0.471
0.474
0.477
0.48
0.483
0.486
0.489
0.492
0.496
0.499
0.502
0.505
0.508
0.511
0.514
0.517
0.52
0.523
0.526
0.529
0.532
0.535
0.538
0.541
0.544
0.547
0.55
0.553
0.556
0.559
0.562
0.565
0.568
0.571
0.574
0.577
0.58
0.583
0.586
0.588
0.591
0.594
0.597
0.6
0.603
0.605
0.608
0.611
0.614
0.617
0.619
0.622
0.625
0.627
0.63
0.633
0.636
0.638
0.641
0.643
0.646
0.649
0.651
0.654
0.656
0.659
0.661
0.664
0.666
0.669
0.671
0.674
0.676
0.679
0.681
0.683
0.686
0.688
0.69
0.693
0.695
0.697
0.7
0.702
0.704
0.706
0.708
0.711
0.713
0.715
0.717
0.719
0.721
0.723
0.725
0.727
0.729
0.731
0.733
0.735
0.737
0.739
0.741
0.742
0.744
0.746
0.748
0.749
0.751
0.753
0.754
0.756
0.758
0.759
0.761
0.762
0.764
0.765
0.767
0.768
0.77
0.771
0.773
0.774
0.775
0.777
0.778
0.779
0.78
0.781
0.783
0.784
0.785
0.786
0.787
0.788
0.789
0.79
0.791
0.792
0.793
0.793
0.794
0.795
0.796
0.796
0.797
0.798
0.798
0.799
0.8
0.8
0.801
0.801
0.802
0.802
0.802
0.803
0.803
0.803
0.803
0.804
0.804
0.804
0.804
0.804
0.804
0.804
0.804
0.804
0.804
0.804
0.804
0.804
0.803
0.803
0.803
0.802
0.802
0.802
0.801
0.801
0.8
0.8
0.799
0.798
0.798
0.797
0.796
0.795
0.795
0.794
0.793
0.792
0.791
0.79
0.789
0.788
0.786
0.785
0.784
0.783
0.781
0.78
0.779
0.777
0.776
0.774
0.773
0.771
0.769
0.768
0.766
0.764
0.762
0.761
0.759
0.757
0.755
0.753
0.751
0.749
0.746
0.744
0.742
0.74
0.737
0.735
0.732
0.73
0.727
0.725
0.722
0.719
0.717
0.714
0.711
0.708
0.705
0.702
0.699
0.696
0.693
0.69
0.687
0.684
0.68
0.677
0.674
0.67
0.667
0.663
0.66
0.656
0.652
0.648
0.645
0.641
0.637
0.633
0.629
0.625
0.621
0.617
0.612
0.608
0.604
0.599
0.595
0.59
0.586
0.581
0.577
0.572
0.567
0.562
0.558
0.553
0.548
0.543
0.538
0.532
0.527
0.522
0.517
0.511
0.506
0.5
0.495
0.489
0.484
0.478
0.472
0.466
0.46
0.454
0.448
0.442
0.436
0.43
0.424
0.418
0.411
0.405
0.398
0.392
0.385
0.379
0.372
0.365
0.358
0.351
0.344
0.337
0.33
0.323
0.316
0.309
0.301
0.294
0.286
0.279
0.271
0.264
0.256
0.248
0.24
0.232
0.224
0.216
0.208
0.2
0.192
0.184
0.176
0.168
0.16
0.153
0.145
0.137
0.129
0.122
0.115
0.108
0.101
0.094
0.088
0.081
0.076
0.07
0.065
0.06
0.055
0.051
0.048
0.045
0.042
0.04
0.038
0.037
0.036
0.036
0.037
0.038
0.04
0.043
0.046
0.05
0.055
0.06
0.066
0.074
0.081
0.09
0.1
0.111
0.122
0.134
0.148
0.162
0.178
0.194
0.212
0.23
0.25
0.291
0.333
0.375
0.396
0.417
0.438
0.458
0.478
0.499
0.519
0.538
0.558
0.577
0.597
0.616
0.635
0.654
0.673
0.691
0.709
0.728
0.746
0.763
0.781
0.799
0.816
0.833
0.85
0.867
0.884
0.901
0.917
0.933
0.95
0.966
0.981
0.997
1.013
1.028
1.043
1.058
1.073
1.088
1.103
1.117
1.131
1.145
1.159
1.173
1.187
1.201
1.214
1.227
1.241
1.254
1.266
1.279
1.292
1.304
1.316
1.328
1.34
1.352
1.364
1.376
1.387
1.398
1.41
1.421
1.431
1.442
1.453
1.463
1.474
1.484
1.494
1.504
1.514
1.523
1.533
1.542
1.552
1.561
1.57
1.579
1.588
1.596
1.605
1.613
1.621
1.629
1.637
1.645
1.653
1.661
1.668
1.676
1.683
1.69
1.697
1.704
1.711
1.717
1.724
1.73
1.737
1.743
1.749
1.755
1.761
1.766
1.772
1.777
1.783
1.788
1.793
1.798
1.803
1.808
1.813
1.817
1.822
1.826
1.83
1.835
1.839
1.842
1.846
1.85
1.854
1.857
1.86
1.864
1.867
1.87
1.873
1.876
1.879
1.881
1.884
1.886
1.889
1.891
1.893
1.895
1.897
1.899
1.901
1.903
1.904
1.906
1.907
1.908
1.909
1.911
1.912
1.913
1.913
1.914
1.915
1.915
1.916
1.916
1.916
1.917
1.917
1.917
1.917
1.916
1.916
1.916
1.915
1.915
1.914
1.914
1.913
1.912
1.911
1.91
1.909
1.908
1.907
1.905
1.904
1.903
1.901
1.899
1.898
1.896
1.894
1.892
1.89
1.888
1.886
1.884
1.881
1.879
1.876
1.874
1.871
1.869
1.866
1.863
1.86
1.857
1.854
1.851
1.848
1.845
1.842
1.838
1.835
1.831
1.828
1.824
1.821
1.817
1.813
1.809
1.805
1.801
1.797
1.793
1.789
1.785
1.781
1.776
1.772
1.767
1.763
1.758
1.754
1.749
1.744
1.74
1.735
1.73
1.725
1.72
1.715
1.71
1.705
1.7
1.694
1.689
1.684
1.678
1.673
1.667
1.662
1.656
1.651
1.645
1.639
1.634
1.628
1.622
1.616
1.61
1.604
1.598
1.592
1.586
1.58
1.574
1.568
1.562
1.556
1.549
1.543
1.537
1.53
1.524
1.517
1.511
1.504
1.498
1.491
1.484
1.478
1.471
1.464
1.458
1.451
1.444
1.437
1.43
1.424
1.417
1.41
1.403
1.396
1.389
1.382
1.375
1.368
1.361
1.353
1.346
1.339
1.332
1.325
1.318
1.31
1.303
1.296
1.288
1.281
1.274
1.266
1.259
1.252
1.244
1.237
1.23
1.222
1.215
1.207
1.2
1.192
1.185
1.177
1.17
1.162
1.155
1.147
1.14
1.132
1.125
1.117
1.11
1.102
1.095
1.087
1.079
1.072
1.064
1.057
1.049
1.042
1.034
1.026
1.019
1.011
1.004
0.996
0.989
0.981
0.974
0.966
0.958
0.951
0.943
0.936
0.928
0.921
0.913
0.906
0.898
0.891
0.883
0.876
0.869
0.861
0.854
0.846
0.839
0.832
0.824
0.817
0.809
0.802
0.795
0.788
0.78
0.773
0.766
0.759
0.751
0.744
0.737
0.73
0.723
0.716
0.709
0.702
0.695
0.688
0.681
0.674
0.667
0.66
0.653
0.646
0.639
0.633
0.626
0.619
0.612
0.606
0.599
0.592
0.586
0.579
0.573
0.566
0.56
0.554
0.547
0.541
0.534
0.528
0.522
0.516
0.51
0.503
0.497
0.491
0.485
0.479
0.473
0.468
0.462
0.456
0.45
0.444
0.439
0.433
0.428
0.422
0.417
0.411
0.406
0.4
0.395
0.39
0.385
0.379
0.374
0.369
0.364
0.359
0.354
0.35
0.345
0.34
0.335
0.331
0.326
0.322
0.317
0.313
0.308
0.304
0.3
0.296
0.291
0.287
0.283
0.279
0.275
0.272
0.268
0.264
0.261
0.257
0.253
0.25
0.247
0.245
0.243
0.24
0.238
0.236
0.234
0.231
0.229
0.227
0.225
0.224
0.222
0.22
0.218
0.217
0.215
0.214
0.212
0.211
0.21
0.208
0.207
0.206
0.205
0.204
0.203
0.202
0.201
0.2
0.199
0.199
0.198
0.197
0.197
0.196
0.196
0.195
0.195
0.195
0.194
0.194
0.194
0.194
0.194
0.194
0.194
0.194
0.194
0.194
0.194
0.194
0.195
0.195
0.195
0.196
0.196
0.197
0.197
0.198
0.199
0.199
0.2
0.201
0.202
0.202
0.203
0.204
0.205
0.206
0.207
0.208
0.209
0.21
0.211
0.213
0.214
0.215
0.216
0.218
0.219
0.221
0.222
0.224
0.225
0.227
0.228
0.23
0.231
0.233
0.235
0.236
0.238
0.24
0.242
0.244
0.245
0.247
0.249
0.251
0.253
0.255
0.257
0.259
0.261
0.263
0.265
0.267
0.27
0.272
0.274
0.276
0.278
0.281
0.283
0.285
0.288
0.29
0.292
0.295
0.297
0.299
0.302
0.304
0.307
0.309
0.312
0.314
0.317
0.319
0.322
0.324
0.327
0.33
0.332
0.335
0.337
0.34
0.343
0.345
0.348
0.351
0.353
0.356
0.359
0.361
0.364
0.367
0.37
0.372
0.375
0.378
0.381
0.383
0.386
0.389
0.392
0.394
0.397
0.4
0.403
0.405
0.408
0.411
0.414
0.417
0.419
0.422
0.425
0.428
0.431
0.433
0.436
0.439
0.442
0.444
0.447
0.45
0.453
0.455
0.458
0.461
0.464
0.466
0.469
0.472
0.474
0.477
0.48
0.483
0.485
0.488
0.49
0.493
0.496
0.498
0.501
0.504
0.506
0.509
0.511
0.514
0.516
0.519
0.521
0.524
0.526
0.529
0.531
0.533
0.536
0.538
0.541
0.543
0.545
0.548
0.55
0.552
0.554
0.557
0.559
0.561
0.563
0.565
0.567
0.569
0.571
0.572
0.572
0.572
0.573
0.573
0.573
0.573
0.573
0.574
0.574
0.574
0.574
0.574
0.574
0.574
0.574
0.574
0.574
0.574
0.574
0.573
0.573
0.573
0.573
0.573
0.572
0.572
0.572
0.571
0.571
0.571
0.57
0.57
0.569
0.569
0.568
0.568
0.567
0.567
0.566
0.566
0.565
0.564
0.564
0.563
0.562
0.562
0.561
0.56
0.559
0.558
0.557
0.557
0.556
0.555
0.554
0.553
0.552
0.551
0.55
0.549
0.548
0.547
0.546
0.544
0.543
0.542
0.541
0.54
0.538
0.537
0.536
0.534
0.533
0.532
0.53
0.529
0.528
0.526
0.525
0.523
0.522
0.52
0.519
0.517
0.515
0.514
0.512
0.51
0.509
0.507
0.505
0.504
0.502
0.5
0.498
0.496
0.495
0.493
0.491
0.489
0.487
0.485
0.483
0.481
0.479
0.477
0.475
0.473
0.471
0.469
0.467
0.464
0.462
0.46
0.458
0.456
0.453
0.451
0.449
0.446
0.444
0.442
0.439
0.437
0.434
0.432
0.43
0.427
0.425
0.422
0.42
0.417
0.414
0.412
0.409
0.407
0.404
0.401
0.398
0.396
0.393
0.39
0.388
0.385
0.382
0.379
0.376
0.373
0.37
0.368
0.365
0.362
0.359
0.356
0.353
0.35
0.347
0.344
0.34
0.337
0.334
0.331
0.328
0.325
0.322
0.318
0.315
0.312
0.309
0.305
0.302
0.299
0.295
0.292
0.289
0.285
0.282
0.278
0.275
0.271
0.268
0.264
0.261
0.257
0.254
0.25
0.247
0.243
0.239
0.236
0.232
0.228
0.225
0.221
0.217
0.213
0.21
0.206
0.202
0.198
0.194
0.191
0.187
0.183
0.179
0.175
0.171
0.167
0.163
0.159
0.155
0.151
0.147
0.143
0.14
0.137
0.133
0.13
0.127
0.124
0.12
0.117
0.114
0.11
0.107
0.104
0.1
0.097
0.094
0.09
0.087
0.084
0.08
0.077
0.073
0.07
0.066
0.063
0.059
0.056
0.052
0.049
0.045
0.042
0.038
0.035
0.031
0.028
0.024
0.02
0.017
0.013
0.01
0.006
0.002
-0.001
-0.005
-0.008
-0.012
-0.016
-0.019
-0.023
-0.026
-0.03
-0.034
-0.037
-0.041
-0.045
-0.048
-0.052
-0.056
-0.059
-0.063
-0.066
-0.07
-0.074
-0.077
-0.081
-0.085
-0.088
-0.092
-0.095
-0.099
-0.103
-0.106
-0.11
-0.114
-0.117
-0.121
-0.124
-0.128
-0.131
-0.135
-0.139
-0.142
-0.146
-0.149
-0.153
-0.156
-0.16
-0.163
-0.167
-0.17
-0.174
-0.177
-0.181
-0.184
-0.187
-0.191
-0.194
-0.198
-0.201
-0.204
-0.208
-0.211
-0.214
-0.218
-0.221
-0.224
-0.228
-0.231
-0.234
-0.237
-0.24
-0.244
-0.247
-0.25
-0.253
-0.256
-0.259
-0.262
-0.266
-0.269
-0.272
-0.275
-0.278
-0.281
-0.284
-0.286
-0.289
-0.292
-0.295
-0.298
-0.301
-0.304
-0.306
-0.309
-0.312
-0.315
-0.317
-0.32
-0.323
-0.325
-0.328
-0.33
-0.333
-0.335
-0.338
-0.34
-0.343
-0.345
-0.347
-0.35
-0.352
-0.354
-0.357
-0.359
-0.361
-0.363
-0.365
-0.367
-0.37
-0.372
-0.374
-0.376
-0.378
-0.379
-0.381
-0.383
-0.385
-0.387
-0.389
-0.39
-0.392
-0.394
-0.395
-0.397
-0.398
-0.4
-0.401
-0.403
-0.404
-0.406
-0.407
-0.408
-0.409
-0.411
-0.412
-0.413
-0.414
-0.415
-0.416
-0.417
-0.418
-0.419
-0.42
-0.421
-0.421
-0.422
-0.423
-0.423
-0.424
-0.425
-0.425
-0.426
-0.426
-0.426
-0.427
-0.427
-0.427
-0.427
-0.428
-0.428
-0.428
-0.428
-0.428
-0.428
-0.428
-0.427
-0.427
-0.427
-0.427
-0.426
-0.426
-0.425
-0.425
-0.424
-0.424
-0.423
-0.422
-0.421
-0.421
-0.42
-0.419
-0.418
-0.417
-0.416
-0.415
-0.413
-0.412
-0.411
-0.409
-0.408
-0.407
-0.405
-0.403
-0.402
-0.4
-0.398
-0.397
-0.395
-0.393
-0.391
-0.389
-0.387
-0.384
-0.382
-0.38
-0.378
-0.375
-0.373
-0.37
-0.368
-0.365
-0.362
-0.36
-0.357
-0.354
-0.351
-0.348
-0.345
-0.342
-0.338
-0.335
-0.332
-0.328
-0.325
-0.321
-0.318
-0.314
-0.31
-0.306
-0.303
-0.299
-0.295
-0.291
-0.286
-0.282
-0.278
-0.274
-0.269
-0.265
-0.26
-0.255
-0.251
-0.246
-0.241
-0.236
-0.231
-0.226
-0.221
-0.216
-0.21
-0.205
-0.2
-0.194
-0.189
-0.183
-0.177
-0.171
-0.165
-0.159
-0.153
-0.147
-0.141
-0.135
-0.128
-0.122
-0.116
-0.109
-0.102
-0.096
-0.089
-0.082
-0.075
-0.068
-0.061
-0.053
-0.046
-0.039
-0.031
-0.024
-0.016
-0.008
-0.001
0.007
0.015
0.023
0.032
0.04
0.048
0.056
0.065
0.074
0.082
0.091
0.1
0.11
0.12
0.13
0.14
0.15
0.16
0.17
0.18
0.19
0.201
0.211
0.222
0.232
0.243
0.254
0.265
0.276
0.287
0.298
0.309
0.32
0.331
0.343
0.354
0.366
0.377
0.389
0.401
0.413
0.425
0.436
0.449
0.461
0.473
0.485
0.497
0.51
0.522
0.534
0.547
0.56
0.572
0.585
0.598
0.611
0.623
0.636
0.649
0.662
0.676
0.689
0.702
0.715
0.729
0.742
0.755
0.769
0.782
0.796
0.81
0.823
0.837
0.851
0.865
0.879
0.893
0.907
0.921
0.935
0.949
0.963
0.977
0.991
1.006
1.02
1.034
1.049
1.063
1.078
1.092
1.107
1.121
1.136
1.151
1.165
1.18
1.195
1.21
1.225
1.24
1.254
1.269
1.284
1.299
1.314
1.329
1.344
1.36
1.375
1.39
1.405
1.42
1.435
1.451
1.466
1.481
1.497
1.512
1.527
1.543
1.558
1.573
1.589
1.604
1.62
1.635
1.651
1.666
1.682
1.697
1.713
1.728
1.744
1.76
1.775
1.791
1.806
1.822
1.838
1.853
1.869
1.885
1.9
1.916
1.932
1.947
1.963
1.979
1.994
2.01
2.026
2.041
2.057
2.073
2.088
2.104
2.12
2.135
2.151
2.167
2.182
2.198
2.213
2.229
2.245
2.26
2.276
2.292
2.307
2.323
2.338
2.354
2.369
2.385
2.4
2.416
2.431
2.447
2.462
2.478
2.493
2.508
2.524
2.539
2.554
2.57
2.585
2.6
2.616
2.631
2.646
2.661
2.676
2.691
2.706
2.722
2.737
2.752
2.767
2.781
2.796
2.811
2.826
2.841
2.856
2.871
2.885
2.9
2.915
2.929
2.944
2.958
2.973
2.987
3.002
3.016
3.03
3.045
3.059
3.073
3.087
3.102
3.116
3.13
3.144
3.158
3.172
3.186
3.199
3.213
3.227
3.241
3.254
3.268
3.281
3.295
3.308
3.322
3.335
3.348
3.361
3.375
3.388
3.401
3.414
3.427
3.439
3.452
3.465
3.478
3.49
3.503
3.515
3.528
3.54
3.553
3.565
3.577
3.589
3.601
3.613
3.625
3.637
3.649
3.66
3.672
3.684
3.695
3.707
3.718
3.729
3.74
3.751
3.763
3.774
3.784
3.795
3.806
3.817
3.827
3.838
3.848
3.859
3.869
3.879
3.889
3.899
3.909
3.919
3.929
3.939
3.948
3.958
3.967
3.976
3.986
3.995
4.004
4.013
4.022
4.031
4.039
4.048
4.056
4.065
4.073
4.081
4.09
4.098
4.106
4.114
4.121
4.129
4.136
4.144
4.151
4.159
4.166
4.173
4.18
4.187
4.193
4.2
4.207
4.213
4.219
4.225
4.232
4.238
4.243
4.249
4.255
4.26
4.266
4.271
4.276
4.282
4.287
4.291
4.296
4.301
4.305
4.31
4.314
4.318
4.322
4.326
4.33
4.334
4.337
4.341
4.344
4.347
4.35
4.353
4.356
4.359
4.361
4.364
4.366
4.368
4.37
4.372
4.374
4.376
4.377
4.379
4.38
4.381
4.382
4.383
4.384
4.385
4.385
4.385
4.386
4.386
4.386
4.385
4.385
4.384
4.384
4.383
4.382
4.381
4.38
4.379
4.377
4.375
4.374
4.372
4.37
4.367
4.365
4.362
4.36
4.357
4.354
4.351
4.348
4.344
4.34
4.337
4.333
4.329
4.325
4.32
4.316
4.311
4.306
4.301
4.296
4.291
4.285
4.28
4.274
4.268
4.262
4.255
4.249
4.242
4.236
4.229
4.221
4.214
4.207
4.199
4.191
4.183
4.175
4.167
4.158
4.15
4.141
4.132
4.123
4.113
4.104
4.094
4.084
4.074
4.064
4.054
4.043
4.032
4.021
4.01
3.999
3.987
3.976
3.964
3.952
3.94
3.927
3.915
3.902
3.889
3.876
3.862
3.849
3.835
3.821
3.807
3.793
3.778
3.764
3.749
3.734
3.719
3.703
3.687
3.672
3.656
3.639
3.623
3.606
3.589
3.572
3.555
3.538
3.52
3.502
3.484
3.466
3.447
3.429
3.41
3.391
3.371
3.352
3.332
3.312
3.292
3.272
3.251
3.231
3.21
3.189
3.167
3.146
3.124
3.102
3.08
3.057
3.034
3.012
2.988
2.965
2.942
2.918
2.894
2.87
2.845
2.821
2.796
2.771
2.745
2.72
2.694
2.668
2.642
2.615
2.589
2.562
2.535
2.507
2.48
2.452
2.424
2.396
2.367
2.338
2.309
2.28
2.251
2.221
2.191
2.161
2.13
2.1
2.069
2.038
2.006
1.975
1.943
1.911
1.879
1.846
1.813
1.78
1.747
1.713
1.68
1.646
1.611
1.577
1.542
1.507
1.472
1.436
1.4
1.364
1.328
1.292
1.255
1.218
1.181
1.143
1.105
1.067
1.029
0.99
0.951
0.912
0.873
0.833
0.756
0.678
0.601
0.524
0.448
0.373
0.3
0.228
0.158
0.091
0.065
0.042
0.021
0.002
-0.014
-0.028
-0.04
-0.051
-0.059
-0.065
-0.07
-0.073
-0.074
-0.074
-0.072
-0.068
-0.064
-0.058
-0.05
-0.042
-0.032
-0.022
-0.01
0.002
0.016
0.03
0.045
0.06
0.076
0.092
0.109
0.126
0.144
0.162
0.179
0.197
0.215
0.233
0.251
0.268
0.286
0.303
0.32
0.336
0.352
0.368
0.384
0.399
0.414
0.428
0.442
0.456
0.47
0.483
0.496
0.509
0.521
0.533
0.545
0.557
0.568
0.579
0.59
0.6
0.61
0.62
0.63
0.639
0.648
0.657
0.665
0.674
0.682
0.69
0.697
0.705
0.712
0.719
0.725
0.732
0.738
0.744
0.749
0.755
0.76
0.765
0.77
0.775
0.779
0.783
0.788
0.791
0.795
0.799
0.802
0.805
0.808
0.811
0.813
0.816
0.818
0.82
0.822
0.823
0.825
0.826
0.828
0.829
0.83
0.831
0.831
0.832
0.832
0.832
0.833
0.833
0.833
0.832
0.832
0.831
0.831
0.83
0.829
0.829
0.828
0.826
0.825
0.824
0.823
0.821
0.82
0.818
0.816
0.814
0.813
0.811
0.809
0.807
0.804
0.802
0.8
0.791
0.782
0.773
0.764
0.755
0.746
0.737
0.728
0.719
0.71
0.701
0.692
0.682
0.673
0.664
0.655
0.645
0.636
0.627
0.618
0.608
0.599
0.59
0.581
0.572
0.562
0.553
0.544
0.535
0.526
0.517
0.508
0.499
0.49
0.482
0.473
0.464
0.455
0.447
0.438
0.43
0.421
0.413
0.405
0.397
0.389
0.381
0.373
0.365
0.357
0.35
0.342
0.335
0.327
0.32
0.313
0.306
0.299
0.293
0.286
0.28
0.273
0.267
0.261
0.255
0.249
0.244
0.238
0.233
0.228
0.223
0.218
0.213
0.209
0.204
0.2
0.201
0.202
0.204
0.205
0.207
0.209
0.21
0.212
0.215
0.217
0.219
0.221
0.224
0.226
0.229
0.232
0.234
0.237
0.239
0.242
0.245
0.247
0.25
0.251
0.253
0.254
0.255
0.256
0.258
0.259
0.26
0.261
0.262
0.263
0.264
0.265
0.266
0.267
0.268
0.268
0.269
0.27
0.271
0.272
0.272
0.273
0.274
0.274
0.275
0.275
0.276
0.276
0.277
0.277
0.278
0.278
0.279
0.279
0.279
0.28
0.28
0.28
0.28
0.281
0.281
0.281
0.281
0.281
0.281
0.281
0.281
0.281
0.281
0.281
0.281
0.281
0.281
0.281
0.281
0.281
0.281
0.28
0.28
0.28
0.28
0.279
0.279
0.279
0.279
0.278
0.278
0.277
0.277
0.277
0.276
0.276
0.275
0.275
0.274
0.274
0.273
0.273
0.272
0.272
0.271
0.27
0.27
0.269
0.268
0.268
0.267
0.266
0.266
0.265
0.264
0.264
0.263
0.262
0.261
0.26
0.26
0.259
0.258
0.257
0.256
0.255
0.255
0.254
0.253
0.252
0.251
0.25
0.249
0.248
0.247
0.246
0.245
0.244
0.243
0.242
0.241
0.24
0.239
0.238
0.237
0.236
0.235
0.234
0.233
0.232
0.231
0.23
0.229
0.228
0.227
0.226
0.225
0.223
0.222
0.221
0.22
0.219
0.218
0.217
0.216
0.215
0.213
0.212
0.211
0.21
0.209
0.208
0.207
0.206
0.204
0.203
0.202
0.201
0.2
0.199
0.198
0.197
0.196
0.196
0.195
0.194
0.193
0.192
0.191
0.19
0.189
0.189
0.188
0.187
0.186
0.185
0.184
0.183
0.182
0.182
0.181
0.18
0.179
0.178
0.177
0.176
0.175
0.175
0.174
0.173
0.172
0.171
0.17
0.169
0.169
0.168
0.167
0.166
0.165
0.164
0.164
0.163
0.162
0.161
0.16
0.159
0.158
0.158
0.157
0.156
0.155
0.154
0.153
0.153
0.152
0.151
0.15
0.149
0.149
0.148
0.147
0.146
0.145
0.144
0.144
0.143
0.142
0.141
0.14
0.14
0.139
0.138
0.137
0.136
0.135
0.135
0.134
0.133
0.132
0.131
0.131
0.13
0.129
0.128
0.127
0.127
0.126
0.125
0.124
0.124
0.123
0.122
0.121
0.12
0.12
0.119
0.118
0.117
0.117
0.116
0.115
0.114
0.113
0.113
0.112
0.111
0.11
0.11
0.109
0.108
0.107
0.107
0.106
0.105
0.104
0.104
0.103
0.102
0.101
0.101
0.1
0.099
0.098
0.098
0.097
0.096
0.095
0.095
0.094
0.093
0.092
0.092
0.091
0.09
0.09
0.089
0.088
0.087
0.087
0.086
0.085
0.085
0.084
0.083
0.082
0.082
0.081
0.08
0.08
0.079
0.078
0.077
0.077
0.076
0.075
0.075
0.074
0.073
0.073
0.072
0.071
0.071
0.07
0.069
0.069
0.068
0.067
0.067
0.066
0.065
0.065
0.064
0.063
0.063
0.062
0.061
0.061
0.06
0.059
0.059
0.058
0.057
0.057
0.056
0.055
0.055
0.054
0.053
0.053
0.052
0.052
0.051
0.05
0.05
0.049
0.048
0.048
0.047
0.047
0.046
0.045
0.045
0.044
0.044
0.043
0.042
0.042
0.041
0.041
0.04
0.039
0.039
0.038
0.038
0.037
0.036
0.036
0.035
0.035
0.034
0.033
0.033
0.032
0.032
0.031
0.031
0.03
0.029
0.029
0.028
0.028
0.027
0.027
0.026
0.026
0.025
0.024
0.024
0.023
0.023
0.022
0.022
0.021
0.021
0.02
0.02
0.019
0.019
0.018
0.018
0.017
0.017
0.016
0.015
0.015
0.014
0.014
0.013
0.013
0.012
0.012
0.011
0.011
0.01
0.01
0.009
0.009
0.009
0.008
0.008
0.007
0.007
0.006
0.006
0.005
0.005
0.004
0.004
0.003
0.003
0.002
0.002
0.001
0.001
0.001
0.0
-0.0
-0.001
-0.001
-0.002
-0.002
-0.002
-0.003
-0.003
-0.004
-0.004
-0.005
-0.005
-0.005
-0.006
-0.006
-0.007
-0.007
-0.008
-0.008
-0.008
-0.009
-0.009
-0.01
-0.01
-0.01
-0.011
-0.011
-0.011
-0.012
-0.012
-0.013
-0.013
-0.013
-0.014
-0.014
-0.014
-0.015
-0.015
-0.016
-0.016
-0.016
-0.017
-0.017
-0.017
-0.018
-0.018
-0.018
-0.019
-0.019
-0.019
-0.02
-0.02
-0.02
-0.021
-0.021
-0.021
-0.022
-0.022
-0.022
-0.023
-0.023
-0.023
-0.023
-0.024
-0.024
-0.024
-0.025
-0.025
-0.025
-0.026
-0.026
-0.026
-0.026
-0.027
-0.027
-0.027
-0.027
-0.028
-0.028
-0.028
-0.029
-0.029
-0.029
-0.029
-0.03
-0.03
-0.03
-0.03
-0.03
-0.031
-0.031
-0.031
-0.031
-0.032
-0.032
-0.032
-0.032
-0.033
-0.033
-0.033
-0.033
-0.033
-0.034
-0.034
-0.034
-0.034
-0.034
-0.035
-0.035
-0.035
-0.035
-0.035
-0.035
-0.036
-0.036
-0.036
-0.036
-0.036
-0.036
-0.037
-0.037
-0.037
-0.037
-0.037
-0.037
-0.037
-0.038
-0.038
-0.038
-0.038
-0.038
-0.038
-0.038
-0.039
-0.039
-0.039
-0.039
-0.039
-0.039
-0.039
-0.039
-0.039
-0.039
-0.04
-0.04
-0.04
-0.04
-0.04
-0.04
-0.04
-0.04
-0.04
-0.04
-0.04
-0.04
-0.04
-0.041
-0.041
-0.041
-0.041
-0.041
-0.041
-0.041
-0.041
-0.041
-0.041
-0.041
-0.041
-0.041
-0.041
-0.041
-0.041
-0.041
-0.041
-0.041
-0.041
-0.041
-0.041
-0.041
-0.041
-0.041
-0.041
-0.041
-0.041
-0.041
-0.041
-0.041
-0.041
-0.041
-0.041
-0.041
-0.041
-0.041
-0.041
-0.041
-0.04
-0.04
-0.04
-0.04
-0.04
-0.04
-0.04
-0.04
-0.04
-0.04
-0.04
-0.04
-0.04
-0.039
-0.039
-0.039
-0.039
-0.039
-0.039
-0.039
-0.039
-0.039
-0.038
-0.038
-0.038
-0.038
-0.038
-0.038
-0.038
-0.037
-0.037
-0.037
-0.037
-0.037
-0.037
-0.037
-0.036
-0.036
-0.036
-0.036
-0.036
-0.035
-0.035
-0.035
-0.035
-0.035
-0.035
-0.034
-0.034
-0.034
-0.034
-0.033
-0.033
-0.033
-0.033
-0.033
-0.032
-0.032
-0.032
-0.032
-0.031
-0.031
-0.031
-0.031
-0.03
-0.03
-0.03
-0.03
-0.029
-0.029
-0.029
-0.029
-0.028
-0.028
-0.028
-0.027
-0.027
-0.027
-0.026
-0.026
-0.026
-0.026
-0.025
-0.025
-0.025
-0.024
-0.024
-0.024
-0.023
-0.023
-0.023
-0.022
-0.022
-0.022
-0.021
-0.021
-0.02
-0.02
-0.02
-0.019
-0.019
-0.019
-0.018
-0.018
-0.017
-0.017
-0.017
-0.016
-0.016
-0.015
-0.015
-0.015
-0.014
-0.014
-0.013
-0.013
-0.012
-0.012
-0.012
-0.011
-0.011
-0.01
-0.01
-0.009
-0.009
-0.008
-0.008
-0.007
-0.007
-0.007
-0.006
-0.006
-0.005
-0.005
-0.004
-0.004
-0.003
-0.003
-0.002
-0.002
-0.001
-0.0
0.0
0.001
0.001
0.002
0.002
0.003
0.003
0.004
0.004
0.005
0.005
0.006
0.007
0.007
0.008
0.008
0.009
0.009
0.01
0.011
0.011
0.012
0.012
0.013
0.014
0.014
0.015
0.016
0.016
0.017
0.017
0.018
0.019
0.019
0.02
0.021
0.021
0.022
0.023
0.023
0.024
0.025
0.025
0.026
0.027
0.027
0.028
0.029
0.029
0.03
0.031
0.032
0.032
0.033
0.034
0.035
0.035
0.036
0.037
0.037
0.038
0.039
0.04
0.04
0.041
0.042
0.043
0.044
0.044
0.045
0.046
0.047
0.047
0.048
0.049
0.05
0.051
0.052
0.052
0.053
0.054
0.055
0.056
0.056
0.057
0.058
0.059
0.06
0.061
0.062
0.062
0.063
0.064
0.065
0.066
0.067
0.068
0.069
0.07
0.07
0.071
0.072
0.073
0.074
0.075
0.076
0.077
0.078
0.079
0.08
0.081
0.082
0.082
0.083
0.084
0.085
0.086
0.087
0.088
0.089
0.09
0.091
0.092
0.093
0.094
0.095
0.096
0.097
0.098
0.099
0.1
0.101
0.102
0.103
0.104
0.106
0.107
0.108
0.109
0.11
0.111
0.112
0.113
0.114
0.115
0.116
0.117
0.118
0.12
0.121
0.122
0.123
0.124
0.125
0.126
0.127
0.129
0.13
0.131
0.132
0.133
0.134
0.135
0.137
0.138
0.139
0.14
0.141
0.142
0.144
0.145
0.146
0.147
0.148
0.15
0.151
0.152
0.153
0.155
0.156
0.157
0.158
0.16
0.161
0.162
0.163
0.165
0.166
0.167
0.168
0.17
0.171
0.172
0.174
0.175
0.176
0.177
0.179
0.18
0.181
0.183
0.184
0.185
0.187
0.188
0.189
0.191
0.192
0.194
0.195
0.196
0.198
0.199
0.2
0.202
0.203
0.205
0.206
0.207
0.209
0.21
0.212
0.213
0.215
0.216
0.217
0.219
0.22
0.222
0.223
0.225
0.226
0.228
0.229
0.231
0.232
0.234
0.235
0.237
0.238
0.24
0.241
0.243
0.244
0.246
0.247
0.249
0.25
0.252
0.253
0.255
0.256
0.258
0.26
0.261
0.263
0.264
0.266
0.268
0.269
0.271
0.272
0.274
0.276
0.277
0.279
0.28
0.282
0.284
0.285
0.287
0.289
0.29
0.292
0.294
0.295
0.297
0.299
0.3
0.302
0.304
0.305
0.307
0.309
0.311
0.312
0.314
0.316
0.317
0.319
0.321
0.323
0.324
0.326
0.328
0.33
0.332
0.333
0.337
0.341
0.345
0.349
0.353
0.357
0.361
0.365
0.369
0.373
0.377
0.382
0.386
0.39
0.394
0.398
0.402
0.406
0.41
0.414
0.418
0.422
0.427
0.431
0.435
0.439
0.443
0.447
0.451
0.456
0.46
0.464
0.468
0.472
0.477
0.481
0.485
0.489
0.494
0.498
0.502
0.506
0.511
0.515
0.519
0.524
0.528
0.532
0.537
0.541
0.545
0.55
0.554
0.559
0.563
0.567
0.572
0.576
0.581
0.585
0.59
0.594
0.599
0.603
0.608
0.612
0.617
0.621
0.626
0.63
0.635
0.64
0.644
0.649
0.654
0.658
0.663
0.668
0.672
0.677
0.682
0.687
0.691
0.696
0.701
0.706
0.71
0.715
0.72
0.725
0.73
0.735
0.74
0.745
0.75
0.754
0.759
0.764
0.769
0.774
0.779
0.785
0.79
0.795
0.8
0.805
0.81
0.815
0.82
0.825
0.831
0.836
0.841
0.846
0.852
0.857
0.862
0.867
0.873
0.878
0.884
0.889
0.892
0.895
0.898
0.901
0.904
0.907
0.91
0.913
0.916
0.92
0.923
0.926
0.929
0.932
0.935
0.939
0.942
0.945
0.948
0.952
0.955
0.958
0.962
0.965
0.968
0.972
0.975
0.978
0.982
0.985
0.988
0.992
0.995
0.998
1.002
1.005
1.009
1.012
1.016
1.019
1.022
1.026
1.029
1.033
1.036
1.04
1.043
1.047
1.05
1.053
1.057
1.06
1.064
1.067
1.071
1.074
1.078
1.081
1.085
1.088
1.091
1.095
1.098
1.102
1.105
1.109
1.112
1.115
1.119
1.122
1.126
1.129
1.132
1.136
1.139
1.142
1.146
1.149
1.153
1.156
1.159
1.162
1.166
1.169
1.172
1.176
1.179
1.182
1.185
1.188
1.192
1.195
1.198
1.201
1.204
1.207
1.211
1.214
1.217
1.22
1.223
1.226
1.229
1.232
1.235
1.238
1.241
1.244
1.247
1.249
1.252
1.255
1.258
1.261
1.264
1.266
1.269
1.272
1.274
1.277
1.28
1.282
1.285
1.287
1.29
1.293
1.295
1.297
1.3
1.302
1.305
1.307
1.309
1.312
1.314
1.316
1.318
1.321
1.323
1.325
1.327
1.329
1.331
1.333
1.335
1.337
1.339
1.341
1.343
1.344
1.346
1.348
1.35
1.351
1.353
1.354
1.356
1.357
1.359
1.36
1.362
1.363
1.364
1.366
1.367
1.368
1.369
1.37
1.372
1.373
1.374
1.375
1.376
1.376
1.377
1.378
1.379
1.379
1.38
1.381
1.381
1.382
1.382
1.383
1.383
1.384
1.384
1.384
1.384
1.384
1.385
1.385
1.385
1.385
1.384
1.384
1.384
1.384
1.384
1.383
1.383
1.382
1.382
1.381
1.381
1.38
1.379
1.379
1.378
1.377
1.376
1.375
1.374
1.373
1.372
1.371
1.369
1.368
1.367
1.365
1.364
1.362
1.36
1.359
1.357
1.355
1.353
1.351
1.349
1.347
1.345
1.343
1.341
1.339
1.336
1.334
1.331
1.329
1.326
1.323
1.321
1.318
1.315
1.312
1.309
1.306
1.303
1.3
1.296
1.293
1.289
1.286
1.282
1.279
1.275
1.271
1.267
1.264
1.26
1.255
1.251
1.247
1.243
1.238
1.234
1.23
1.225
1.22
1.216
1.211
1.206
1.201
1.196
1.191
1.186
1.18
1.175
1.17
1.164
1.158
1.153
1.147
1.141
1.135
1.129
1.123
1.117
1.111
1.105
1.098
1.092
1.085
1.078
1.072
1.065
1.058
1.051
1.044
1.037
1.03
1.022
1.015
1.007
1.0
0.992
0.984
0.976
0.968
0.96
0.952
0.944
0.936
0.927
0.919
0.91
0.902
0.893
0.884
0.875
0.866
0.857
0.848
0.838
0.829
0.819
0.81
0.8
0.784
0.769
0.753
0.737
0.722
0.706
0.69
0.674
0.658
0.642
0.627
0.611
0.595
0.579
0.564
0.548
0.533
0.518
0.502
0.487
0.473
0.458
0.443
0.429
0.415
0.401
0.387
0.374
0.361
0.348
0.335
0.323
0.31
0.299
0.287
0.276
0.265
0.255
0.245
0.235
0.226
0.217
0.209
0.201
0.193
0.186
0.179
0.173
0.167
0.162
0.158
0.154
0.15
0.147
0.145
0.143
0.153
0.164
0.175
0.186
0.198
0.21
0.223
0.236
0.248
0.261
0.274
0.287
0.299
0.312
0.324
0.336
0.348
0.359
0.37
0.381
0.39
0.399
0.408
0.416
0.423
0.429
0.427
0.425
0.421
0.417
0.412
0.407
0.4
0.393
0.385
0.376
0.367
0.357
0.346
0.334
0.323
0.31
0.297
0.283
0.269
0.255
0.24
0.224
0.209
0.192
0.176
0.159
0.142
0.124
0.107
0.089
0.07
0.052
0.033
0.015
-0.004
-0.023
-0.042
-0.061
-0.08
-0.099
-0.118
-0.138
-0.157
-0.175
-0.194
-0.213
-0.231
-0.25
-0.268
-0.286
-0.303
-0.321
-0.338
-0.354
-0.371
-0.387
-0.402
-0.418
-0.432
-0.447
-0.46
-0.474
-0.486
-0.499
-0.51
-0.521
-0.532
-0.541
-0.551
-0.559
-0.567
-0.573
-0.58
-0.585
-0.59
-0.593
-0.596
-0.598
-0.599
-0.599
-0.598
-0.596
-0.594
-0.59
-0.585
-0.579
-0.572
-0.564
-0.554
-0.544
-0.532
-0.519
-0.505
-0.49
-0.473
-0.455
-0.436
-0.415
-0.393
-0.369
-0.344
-0.318
-0.29
-0.261
-0.23
-0.198
-0.164
-0.128
-0.091
-0.053
-0.012
0.03
0.074
0.119
0.167
0.267
0.368
0.469
0.569
0.667
0.707
0.745
0.781
0.813
0.844
0.871
0.897
0.92
0.94
0.959
0.975
0.989
1.0
1.01
1.018
1.023
1.027
1.029
1.029
1.027
1.023
1.018
1.011
1.003
0.993
0.981
0.968
0.954
0.938
0.921
0.903
0.883
0.863
0.841
0.819
0.795
0.77
0.745
0.718
0.691
0.663
0.635
0.605
0.576
0.545
0.514
0.483
0.451
0.419
0.387
0.354
0.322
0.289
0.256
0.223
0.19
0.157
0.124
0.091
0.063
0.036
0.009
-0.018
-0.044
-0.071
-0.097
-0.123
-0.149
-0.175
-0.2
-0.225
-0.25
-0.275
-0.3
-0.324
-0.348
-0.372
-0.396
-0.42
-0.443
-0.467
-0.49
-0.513
-0.535
-0.558
-0.58
-0.602
-0.624
-0.646
-0.667
-0.689
-0.71
-0.731
-0.752
-0.772
-0.793
-0.813
-0.833
-0.853
-0.872
-0.892
-0.911
-0.93
-0.949
-0.967
-0.986
-1.004
-1.022
-1.04
-1.058
-1.076
-1.093
-1.11
-1.127
-1.144
-1.161
-1.177
-1.194
-1.21
-1.226
-1.241
-1.257
-1.272
-1.288
-1.303
-1.317
-1.332
-1.347
-1.361
-1.375
-1.389
-1.403
-1.416
-1.43
-1.443
-1.456
-1.469
-1.482
-1.494
-1.507
-1.519
-1.531
-1.543
-1.554
-1.566
-1.577
-1.589
-1.6
-1.61
-1.621
-1.632
-1.642
-1.652
-1.662
-1.672
-1.681
-1.691
-1.7
-1.709
-1.718
-1.727
-1.736
-1.744
-1.753
-1.761
-1.769
-1.777
-1.784
-1.792
-1.799
-1.806
-1.813
-1.82
-1.827
-1.833
-1.84
-1.846
-1.852
-1.858
-1.864
-1.869
-1.875
-1.88
-1.885
-1.89
-1.895
-1.899
-1.904
-1.908
-1.912
-1.916
-1.92
-1.924
-1.927
-1.931
-1.934
-1.937
-1.94
-1.943
-1.945
-1.948
-1.95
-1.952
-1.954
-1.956
-1.958
-1.959
-1.961
-1.962
-1.963
-1.964
-1.965
-1.966
-1.966
-1.967
-1.967
-1.967
-1.967
-1.967
-1.966
-1.966
-1.965
-1.965
-1.964
-1.963
-1.961
-1.96
-1.959
-1.957
-1.955
-1.953
-1.951
-1.949
-1.947
-1.944
-1.942
-1.939
-1.936
-1.933
-1.93
-1.927
-1.923
-1.92
-1.916
-1.912
-1.908
-1.904
-1.9
-1.896
-1.891
-1.886
-1.882
-1.877
-1.872
-1.867
-1.861
-1.856
-1.85
-1.845
-1.839
-1.833
-1.827
-1.821
-1.814
-1.808
-1.801
-1.794
-1.788
-1.781
-1.774
-1.766
-1.759
-1.752
-1.744
-1.736
-1.728
-1.72
-1.712
-1.704
-1.696
-1.687
-1.679
-1.67
-1.661
-1.652
-1.643
-1.634
-1.625
-1.615
-1.606
-1.596
-1.586
-1.577
-1.566
-1.556
-1.546
-1.536
-1.525
-1.515
-1.504
-1.493
-1.482
-1.471
-1.46
-1.449
-1.437
-1.426
-1.414
-1.403
-1.391
-1.379
-1.367
-1.355
-1.342
-1.33
-1.317
-1.305
-1.292
-1.279
-1.266
-1.253
-1.24
-1.227
-1.214
-1.2
-1.187
-1.173
-1.159
-1.145
-1.131
-1.117
-1.103
-1.089
-1.074
-1.06
-1.045
-1.03
-1.016
-1.001
-0.986
-0.971
-0.955
-0.94
-0.925
-0.909
-0.894
-0.878
-0.862
-0.846
-0.83
-0.814
-0.798
-0.782
-0.765
-0.749
-0.732
-0.716
-0.699
-0.682
-0.665
-0.648
-0.631
-0.614
-0.596
-0.579
-0.562
-0.544
-0.526
-0.509
-0.491
-0.473
-0.455
-0.437
-0.418
-0.4
-0.382
-0.363
-0.345
-0.326
-0.307
-0.289
-0.27
-0.251
-0.232
-0.213
-0.193
-0.174
-0.155
-0.135
-0.116
-0.096
-0.076
-0.056
-0.037
-0.017
0.003
0.024
0.044
0.064
0.084
0.105
0.125
0.146
0.167
0.187
0.208
0.229
0.25
0.292
0.333
0.375
0.396
0.418
0.439
0.461
0.482
0.503
0.524
0.546
0.567
0.588
0.609
0.63
0.651
0.672
0.692
0.713
0.734
0.755
0.776
0.796
0.817
0.837
0.858
0.878
0.899
0.919
0.939
0.96
0.98
1.0
1.02
1.04
1.06
1.08
1.1
1.12
1.14
1.16
1.179
1.199
1.219
1.238
1.258
1.277
1.297
1.316
1.335
1.355
1.374
1.393
1.412
1.431
1.45
1.469
1.488
1.507
1.525
1.544
1.563
1.581
1.6
1.618
1.637
1.655
1.673
1.692
1.71
1.728
1.746
1.764
1.782
1.8
1.818
1.836
1.853
1.871
1.889
1.906
1.924
1.941
1.958
1.976
1.993
2.01
2.027
2.044
2.061
2.078
2.095
2.112
2.129
2.145
2.162
2.178
2.195
2.211
2.227
2.244
2.26
2.276
2.292
2.308
2.324
2.34
2.356
2.371
2.387
2.403
2.418
2.434
2.449
2.464
2.479
2.495
2.51
2.525
2.54
2.555
2.569
2.584
2.599
2.613
2.628
2.642
2.657
2.671
2.685
2.699
2.713
2.727
2.741
2.755
2.769
2.782
2.796
2.81
2.823
2.836
2.85
2.863
2.876
2.889
2.902
2.915
2.928
2.941
2.953
2.966
2.978
2.991
3.003
3.015
3.028
3.04
3.052
3.064
3.076
3.087
3.099
3.111
3.122
3.134
3.145
3.156
3.167
3.178
3.189
3.2
3.211
3.222
3.233
3.243
3.254
3.264
3.275
3.285
3.295
3.305
3.315
3.325
3.335
3.344
3.354
3.363
3.373
3.382
3.391
3.401
3.41
3.419
3.428
3.436
3.445
3.454
3.462
3.471
3.479
3.487
3.495
3.503
3.511
3.519
3.527
3.535
3.542
3.55
3.557
3.564
3.572
3.579
3.586
3.593
3.599
3.606
3.613
3.619
3.626
3.632
3.638
3.644
3.65
3.656
3.662
3.668
3.673
3.679
3.684
3.69
3.695
3.7
3.705
3.71
3.715
3.719
3.724
3.728
3.733
3.737
3.741
3.745
3.749
3.753
3.757
3.761
3.764
3.767
3.771
3.774
3.777
3.78
3.783
3.786
3.789
3.791
3.794
3.796
3.798
3.8
3.802
3.804
3.806
3.808
3.809
3.811
3.812
3.813
3.814
3.816
3.816
3.817
3.818
3.818
3.819
3.819
3.819
3.82
3.82
3.819
3.819
3.819
3.818
3.818
3.817
3.816
3.815
3.814
3.813
3.812
3.811
3.809
3.807
3.806
3.804
3.802
3.8
3.797
3.795
3.793
3.79
3.787
3.784
3.781
3.778
3.775
3.772
3.768
3.765
3.761
3.757
3.753
3.749
3.745
3.741
3.736
3.732
3.727
3.722
3.717
3.712
3.707
3.702
3.696
3.691
3.685
3.679
3.673
3.667
3.661
3.654
3.648
3.641
3.635
3.628
3.621
3.614
3.606
3.599
3.591
3.584
3.576
3.568
3.56
3.552
3.544
3.535
3.527
3.518
3.509
3.5
3.491
3.482
3.472
3.463
3.453
3.443
3.433
3.423
3.413
3.403
3.392
3.382
3.371
3.36
3.349
3.338
3.326
3.315
3.303
3.292
3.28
3.268
3.256
3.243
3.231
3.218
3.206
3.193
3.18
3.167
3.153
3.14
3.126
3.113
3.099
3.085
3.071
3.056
3.042
3.027
3.013
2.998
2.983
2.968
2.952
2.937
2.921
2.906
2.89
2.874
2.857
2.841
2.825
2.808
2.791
2.774
2.757
2.74
2.722
2.705
2.687
2.669
2.651
2.633
2.615
2.597
2.578
2.559
2.54
2.521
2.502
2.483
2.463
2.443
2.424
2.404
2.384
2.363
2.343
2.322
2.301
2.281
2.259
2.238
2.217
2.195
2.174
2.152
2.13
2.108
2.085
2.063
2.04
2.017
1.994
1.971
1.948
1.924
1.901
1.877
1.853
1.829
1.805
1.78
1.756
1.731
1.706
1.681
1.656
1.63
1.605
1.579
1.553
1.527
1.501
1.474
1.448
1.421
1.394
1.367
1.34
1.312
1.285
1.257
1.229
1.201
1.173
1.145
1.116
1.087
1.058
1.029
1.0
0.964
0.927
0.89
0.853
0.817
0.78
0.743
0.707
0.671
0.634
0.598
0.563
0.528
0.493
0.458
0.424
0.39
0.357
0.325
0.293
0.262
0.231
0.202
0.173
0.144
0.117
0.091
0.065
0.041
0.017
-0.005
-0.026
-0.046
-0.065
-0.083
-0.099
-0.114
-0.128
-0.14
-0.151
-0.161
-0.168
-0.175
-0.179
-0.182
-0.184
-0.183
-0.181
-0.177
-0.172
-0.164
-0.154
-0.142
-0.129
-0.113
-0.095
-0.075
-0.053
-0.029
-0.002
0.027
0.058
0.092
0.128
0.167
0.264
0.363
0.464
0.565
0.667
0.717
0.767
0.816
0.865
0.913
0.96
1.007
1.053
1.099
1.145
1.189
1.233
1.277
1.32
1.363
1.405
1.446
1.487
1.527
1.567
1.607
1.645
1.684
1.721
1.759
1.795
1.832
1.867
1.902
1.937
1.971
2.005
2.038
2.071
2.103
2.135
2.166
2.196
2.227
2.256
2.286
2.314
2.343
2.371
2.398
2.425
2.451
2.477
2.503
2.528
2.552
2.576
2.6
2.623
2.646
2.668
2.69
2.712
2.733
2.753
2.774
2.793
2.813
2.831
2.85
2.868
2.885
2.903
2.919
2.936
2.952
2.967
2.982
2.997
3.011
3.025
3.039
3.052
3.065
3.077
3.089
3.101
3.112
3.123
3.133
3.144
3.153
3.163
3.172
3.18
3.189
3.196
3.204
3.211
3.218
3.225
3.231
3.237
3.242
3.247
3.252
3.256
3.261
3.264
3.268
3.271
3.274
3.276
3.279
3.28
3.282
3.283
3.284
3.285
3.285
3.285
3.285
3.284
3.283
3.282
3.281
3.279
3.277
3.275
3.272
3.269
3.266
3.263
3.259
3.255
3.251
3.247
3.242
3.237
3.232
3.226
3.22
3.214
3.208
3.202
3.195
3.188
3.181
3.173
3.166
3.158
3.15
3.141
3.133
3.124
3.115
3.106
3.096
3.087
3.077
3.067
3.056
3.046
3.035
3.025
3.013
3.002
2.991
2.979
2.967
2.955
2.943
2.931
2.918
2.906
2.893
2.88
2.867
2.853
2.84
2.826
2.812
2.798
2.784
2.77
2.756
2.741
2.726
2.711
2.696
2.681
2.666
2.651
2.635
2.62
2.604
2.588
2.572
2.556
2.54
2.523
2.507
2.49
2.474
2.457
2.44
2.423
2.406
2.389
2.372
2.355
2.337
2.32
2.302
2.285
2.267
2.249
2.231
2.214
2.196
2.178
2.16
2.141
2.123
2.105
2.087
2.068
2.05
2.032
2.013
1.995
1.976
1.958
1.939
1.92
1.902
1.883
1.864
1.846
1.827
1.808
1.789
1.771
1.752
1.733
1.714
1.695
1.677
1.658
1.639
1.62
1.602
1.583
1.564
1.545
1.527
1.508
1.489
1.471
1.452
1.434
1.415
1.397
1.378
1.36
1.342
1.323
1.305
1.287
1.269
1.251
1.233
1.215
1.197
1.179
1.161
1.144
1.126
1.109
1.091
1.074
1.057
1.039
1.022
1.005
0.988
0.972
0.955
0.938
0.922
0.905
0.889
0.873
0.857
0.841
0.825
0.809
0.794
0.778
0.763
0.748
0.732
0.717
0.703
0.688
0.673
0.659
0.645
0.631
0.617
0.603
0.589
0.576
0.562
0.549
0.536
0.523
0.511
0.498
0.486
0.474
0.462
0.45
0.439
0.427
0.416
0.405
0.394
0.383
0.373
0.363
0.353
0.343
0.333
0.317
0.301
0.285
0.269
0.253
0.237
0.222
0.207
0.192
0.177
0.162
0.148
0.133
0.119
0.105
0.091
0.085
0.079
0.074
0.068
0.062
0.057
0.052
0.047
0.042
0.037
0.032
0.027
0.023
0.018
0.014
0.01
0.005
0.001
-0.003
-0.007
-0.01
-0.014
-0.018
-0.021
-0.024
-0.028
-0.031
-0.034
-0.037
-0.04
-0.043
-0.045
-0.048
-0.051
-0.053
-0.055
-0.058
-0.06
-0.062
-0.064
-0.066
-0.068
-0.07
-0.071
-0.073
-0.074
-0.076
-0.077
-0.078
-0.079
-0.081
-0.082
-0.083
-0.083
-0.084
-0.085
-0.086
-0.086
-0.087
-0.087
-0.087
-0.088
-0.088
-0.088
-0.088
-0.088
-0.088
-0.088
-0.088
-0.088
-0.087
-0.087
-0.086
-0.086
-0.085
-0.085
-0.084
-0.083
-0.082
-0.082
-0.081
-0.08
-0.079
-0.078
-0.076
-0.075
-0.074
-0.073
-0.071
-0.07
-0.068
-0.067
-0.065
-0.064
-0.062
-0.06
-0.059
-0.057
-0.055
-0.053
-0.051
-0.049
-0.047
-0.045
-0.043
-0.041
-0.039
-0.037
-0.034
-0.032
-0.03
-0.027
-0.025
-0.023
-0.02
-0.018
-0.015
-0.013
-0.01
-0.008
-0.005
-0.002
0.0
0.003
0.006
0.009
0.011
0.014
0.017
0.02
0.023
0.026
0.029
0.032
0.035
0.038
0.041
0.044
0.047
0.05
0.053
0.056
0.059
0.062
0.065
0.068
0.071
0.075
0.078
0.081
0.084
0.087
0.09
0.094
0.097
0.1
0.103
0.106
0.11
0.113
0.116
0.119
0.122
0.126
0.129
0.132
0.135
0.138
0.142
0.145
0.148
0.151
0.154
0.157
0.16
0.164
0.167
0.17
0.173
0.176
0.179
0.182
0.185
0.188
0.191
0.194
0.197
0.2
0.203
0.206
0.209
0.212
0.214
0.217
0.22
0.223
0.226
0.228
0.231
0.234
0.236
0.239
0.241
0.244
0.247
0.249
0.251
0.254
0.256
0.259
0.261
0.263
0.265
0.268
0.27
0.272
0.274
0.276
0.278
0.28
0.282
0.284
0.286
0.288
0.289
0.291
0.293
0.294
0.296
0.298
0.299
0.301
0.302
0.304
0.305
0.306
0.308
0.309
0.31
0.311
0.312
0.314
0.315
0.316
0.317
0.318
0.319
0.32
0.32
0.321
0.322
0.323
0.324
0.324
0.325
0.326
0.326
0.327
0.328
0.328
0.329
0.329
0.33
0.33
0.331
0.331
0.331
0.332
0.332
0.332
0.333
0.333
0.333
0.333
0.332
0.331
0.33
0.329
0.328
0.327
0.326
0.325
0.324
0.323
0.322
0.321
0.32
0.319
0.318
0.317
0.316
0.315
0.314
0.313
0.311
0.31
0.309
0.308
0.307
0.306
0.304
0.303
0.302
0.301
0.299
0.298
0.297
0.296
0.294
0.293
0.292
0.29
0.289
0.288
0.287
0.285
0.284
0.283
0.281
0.28
0.279
0.277
0.276
0.275
0.273
0.272
0.271
0.269
0.268
0.267
0.266
0.264
0.263
0.262
0.26
0.259
0.258
0.256
0.255
0.254
0.253
0.251
0.25
0.249
0.248
0.247
0.247
0.246
0.245
0.244
0.243
0.243
0.242
0.241
0.24
0.24
0.239
0.238
0.237
0.237
0.236
0.235
0.234
0.234
0.233
0.232
0.232
0.231
0.23
0.229
0.229
0.228
0.227
0.227
0.226
0.225
0.225
0.224
0.224
0.223
0.222
0.222
0.221
0.22
0.22
0.219
0.219
0.218
0.217
0.217
0.216
0.216
0.215
0.215
0.214
0.214
0.213
0.212
0.212
0.211
0.211
0.21
0.21
0.209
0.209
0.208
0.208
0.207
0.207
0.206
0.206
0.205
0.205
0.205
0.204
0.204
0.203
0.203
0.202
0.202
0.201
0.201
0.201
0.2
0.2
0.199
0.199
0.198
0.198
0.198
0.197
0.197
0.196
0.196
0.196
0.195
0.195
0.195
0.194
0.194
0.193
0.193
0.193
0.192
0.192
0.192
0.191
0.191
0.191
0.19
0.19
0.19
0.189
0.189
0.189
0.188
0.188
0.188
0.187
0.187
0.187
0.187
0.186
0.186
0.186
0.185
0.185
0.185
0.185
0.184
0.184
0.184
0.183
0.183
0.183
0.183
0.182
0.182
0.182
0.182
0.181
0.181
0.181
0.181
0.18
0.18
0.18
0.18
0.179
0.179
0.179
0.179
0.178
0.178
0.178
0.178
0.178
0.177
0.177
0.177
0.177
0.176
0.176
0.176
0.176
0.176
0.175
0.175
0.175
0.175
0.175
0.174
0.174
0.174
0.174
0.174
0.173
0.173
0.173
0.173
0.173
0.172
0.172
0.172
0.172
0.172
0.171
0.171
0.171
0.171
0.171
0.17
0.17
0.17
0.17
0.17
0.169
0.169
0.169
0.169
0.169
0.169
0.168
0.168
0.168
0.168
0.168
0.167
0.167
0.167
0.167
0.167
0.166
0.166
0.166
0.166
0.166
0.165
0.165
0.165
0.165
0.165
0.164
0.164
0.164
0.164
0.164
0.163
0.163
0.163
0.163
0.163
0.162
0.162
0.162
0.162
0.162
0.161
0.161
0.161
0.161
0.161
0.16
0.16
0.16
0.16
0.16
0.159
0.159
0.159
0.159
0.158
0.158
0.158
0.158
0.157
0.157
0.157
0.157
0.157
0.156
0.156
0.156
0.156
0.155
0.155
0.155
0.155
0.154
0.154
0.154
0.153
0.153
0.153
0.153
0.152
0.152
0.152
0.152
0.151
0.151
0.151
0.15
0.15
0.15
0.149
0.149
0.149
0.149
0.148
0.148
0.148
0.147
0.147
0.147
0.146
0.146
0.146
0.145
0.145
0.145
0.144
0.144
0.144
0.143
0.143
0.143
0.142
0.142
0.142
0.141
0.141
0.141
0.14
0.14
0.14
0.139
0.139
0.139
0.138
0.138
0.137
0.137
0.137
0.136
0.136
0.136
0.135
0.135
0.135
0.134
0.134
0.133
0.133
0.133
0.132
0.132
0.131
0.131
0.131
0.13
0.13
0.13
0.129
0.129
0.128
0.128
0.128
0.127
0.127
0.126
0.126
0.126
0.125
0.125
0.124
0.124
0.123
0.123
0.123
0.122
0.122
0.121
0.121
0.121
0.12
0.12
0.119
0.119
0.119
0.118
0.118
0.117
0.117
0.117
0.116
0.116
0.115
0.115
0.114
0.114
0.114
0.113
0.113
0.112
0.112
0.112
0.111
0.111
0.111
0.11
0.11
0.109
0.109
0.109
0.108
0.108
0.107
0.107
0.107
0.106
0.106
0.106
0.105
0.105
0.104
0.104
0.104
0.103
0.103
0.103
0.102
0.102
0.102
0.101
0.101
0.101
0.1
0.1
0.1
0.099
0.099
0.099
0.098
0.098
0.098
0.097
0.097
0.097
0.097
0.096
0.096
0.096
0.095
0.095
0.095
0.095
0.094
0.094
0.094
0.094
0.093
0.093
0.093
0.093
0.092
0.092
0.092
0.092
0.092
0.091
0.091
0.091
0.091
0.091
0.09
0.09
0.09
0.09
0.09
0.09
0.089
0.089
0.089
0.089
0.089
0.089
0.089
0.089
0.089
0.088
0.088
0.088
0.088
0.088
0.088
0.088
0.088
0.088
0.088
0.088
0.088
0.088
0.088
0.088
0.088
0.088
0.088
0.088
0.088
0.088
0.088
0.088
0.088
0.088
0.088
0.088
0.088
0.088
0.089
0.089
0.089
0.089
0.089
0.089
0.089
0.09
0.09
0.09
0.09
0.09
0.09
0.091
0.091
0.092
0.093
0.094
0.094
0.095
0.096
0.097
0.098
0.099
0.1
0.101
0.102
0.103
0.104
0.105
0.106
0.107
0.108
0.109
0.11
0.111
0.112
0.113
0.114
0.115
0.116
0.117
0.118
0.119
0.121
0.122
0.123
0.124
0.125
0.126
0.127
0.128
0.129
0.13
0.132
0.133
0.134
0.135
0.136
0.137
0.138
0.139
0.141
0.142
0.143
0.144
0.145
0.146
0.148
0.149
0.15
0.151
0.152
0.153
0.155
0.156
0.157
0.158
0.159
0.16
0.162
0.163
0.164
0.165
0.166
0.167
0.169
0.17
0.171
0.172
0.173
0.174
0.176
0.177
0.178
0.179
0.18
0.181
0.183
0.184
0.185
0.186
0.187
0.188
0.19
0.191
0.192
0.193
0.194
0.195
0.196
0.198
0.199
0.2
0.201
0.202
0.203
0.204
0.205
0.207
0.208
0.209
0.21
0.211
0.212
0.213
0.214
0.215
0.216
0.217
0.218
0.219
0.22
0.221
0.223
0.224
0.225
0.226
0.227
0.228
0.229
0.23
0.231
0.231
0.232
0.233
0.234
0.235
0.236
0.237
0.238
0.239
0.24
0.241
0.242
0.243
0.243
0.244
0.245
0.246
0.247
0.248
0.248
0.249
0.25
0.25
0.25
0.249
0.249
0.249
0.249
0.249
0.248
0.248
0.248
0.248
0.247
0.247
0.247
0.247
0.246
0.246
0.246
0.245
0.245
0.245
0.244
0.244
0.243
0.243
0.243
0.242
0.242
0.241
0.241
0.241
0.24
0.24
0.239
0.239
0.238
0.238
0.237
0.237
0.236
0.236
0.235
0.235
0.234
0.234
0.233
0.232
0.232
0.231
0.231
0.23
0.229
0.229
0.228
0.228
0.227
0.226
0.226
0.225
0.224
0.224
0.223
0.222
0.222
0.221
0.22
0.22
0.219
0.218
0.217
0.217
0.216
0.215
0.214
0.214
0.213
0.212
0.211
0.21
0.21
0.209
0.208
0.207
0.206
0.206
0.205
0.204
0.203
0.202
0.201
0.201
0.2
0.199
0.198
0.197
0.196
0.195
0.194
0.193
0.192
0.192
0.191
0.19
0.189
0.188
0.187
0.186
0.185
0.184
0.183
0.182
0.181
0.18
0.179
0.178
0.177
0.176
0.175
0.174
0.173
0.172
0.171
0.17
0.169
0.168
0.167
0.166
0.165
0.164
0.163
0.162
0.161
0.16
0.158
0.157
0.156
0.155
0.154
0.153
0.152
0.151
0.15
0.149
0.148
0.146
0.145
0.144
0.143
0.142
0.141
0.14
0.138
0.137
0.136
0.135
0.134
0.133
0.132
0.13
0.129
0.128
0.127
0.126
0.125
0.123
0.122
0.121
0.12
0.119
0.117
0.116
0.115
0.114
0.113
0.112
0.11
0.109
0.108
0.107
0.105
0.104
0.103
0.102
0.101
0.099
0.098
0.097
0.096
0.094
0.093
0.092
0.091
0.09
0.088
0.087
0.086
0.085
0.083
0.083
0.083
0.082
0.082
0.081
0.081
0.08
0.08
0.08
0.079
0.079
0.078
0.078
0.078
0.077
0.077
0.076
0.076
0.076
0.075
0.075
0.074
0.074
0.074
0.073
0.073
0.072
0.072
0.072
0.071
0.071
0.07
0.07
0.07
0.069
0.069
0.069
0.068
0.068
0.068
0.067
0.067
0.067
0.066
0.066
0.066
0.065
0.065
0.065
0.064
0.064
0.064
0.064
0.063
0.063
0.063
0.063
0.062
0.062
0.062
0.062
0.061
0.061
0.061
0.061
0.061
0.06
0.06
0.06
0.06
0.06
0.06
0.06
0.059
0.059
0.059
0.059
0.059
0.059
0.059
0.059
0.059
0.059
0.059
0.059
0.059
0.059
0.059
0.059
0.059
0.059
0.059
0.059
0.059
0.059
0.06
0.06
0.06
0.06
0.06
0.06
0.061
0.061
0.061
0.061
0.061
0.062
0.062
0.062
0.063
0.063
0.063
0.064
0.064
0.064
0.065
0.065
0.066
0.066
0.066
0.067
0.067
0.068
0.068
0.069
0.069
0.07
0.071
0.071
0.072
0.072
0.073
0.074
0.074
0.075
0.076
0.077
0.077
0.078
0.079
0.08
0.081
0.081
0.082
0.083
0.084
0.085
0.086
0.087
0.088
0.089
0.09
0.091
0.092
0.093
0.094
0.095
0.097
0.098
0.099
0.1
0.101
0.103
0.104
0.105
0.107
0.108
0.109
0.111
0.112
0.114
0.115
0.116
0.118
0.119
0.121
0.123
0.124
0.126
0.127
0.129
0.131
0.133
0.134
0.136
0.138
0.14
0.142
0.143
0.145
0.147
0.149
0.151
0.153
0.155
0.157
0.159
0.161
0.163
0.166
0.168
0.17
0.172
0.175
0.177
0.179
0.181
0.184
0.186
0.189
0.191
0.194
0.196
0.199
0.201
0.204
0.207
0.209
0.212
0.215
0.217
0.22
0.223
0.226
0.229
0.232
0.234
0.237
0.24
0.243
0.247
0.25
0.253
0.256
0.259
0.262
0.266
0.269
0.272
0.275
0.279
0.282
0.286
0.292
0.299
0.305
0.312
0.318
0.325
0.332
0.338
0.345
0.352
0.358
0.365
0.372
0.379
0.386
0.393
0.399
0.406
0.413
0.42
0.427
0.434
0.441
0.448
0.455
0.462
0.469
0.476
0.483
0.491
0.498
0.505
0.512
0.519
0.526
0.533
0.54
0.548
0.555
0.562
0.569
0.576
0.583
0.591
0.598
0.605
0.612
0.619
0.626
0.634
0.641
0.648
0.655
0.662
0.669
0.676
0.684
0.691
0.698
0.705
0.712
0.719
0.726
0.733
0.74
0.747
0.754
0.761
0.768
0.775
0.782
0.789
0.796
0.802
0.809
0.816
0.823
0.83
0.836
0.843
0.85
0.856
0.863
0.87
0.876
0.883
0.889
0.896
0.902
0.909
0.915
0.921
0.928
0.934
0.94
0.946
0.952
0.958
0.964
0.971
0.977
0.982
0.988
0.994
1.0
1.001
1.003
1.004
1.005
1.006
1.007
1.008
1.009
1.01
1.011
1.012
1.013
1.014
1.014
1.015
1.016
1.016
1.017
1.017
1.018
1.018
1.019
1.019
1.019
1.02
1.02
1.02
1.02
1.02
1.02
1.02
1.02
1.02
1.02
1.02
1.02
1.02
1.02
1.019
1.019
1.019
1.018
1.018
1.018
1.017
1.017
1.016
1.015
1.015
1.014
1.013
1.013
1.012
1.011
1.01
1.009
1.009
1.008
1.007
1.006
1.005
1.004
1.003
1.001
1.0
0.999
0.998
0.997
0.995
0.994
0.993
0.991
0.99
0.989
0.987
0.986
0.984
0.983
0.981
0.979
0.978
0.976
0.974
0.973
0.971
0.969
0.967
0.966
0.964
0.962
0.96
0.958
0.956
0.954
0.952
0.95
0.948
0.946
0.944
0.942
0.94
0.938
0.935
0.933
0.931
0.929
0.926
0.924
0.922
0.919
0.917
0.915
0.912
0.91
0.907
0.905
0.903
0.9
0.897
0.895
0.892
0.89
0.887
0.885
0.882
0.879
0.877
0.874
0.871
0.869
0.866
0.863
0.86
0.857
0.855
0.852
0.849
0.846
0.843
0.84
0.837
0.835
0.832
0.829
0.826
0.823
0.82
0.817
0.814
0.811
0.808
0.805
0.802
0.799
0.796
0.792
0.789
0.786
0.783
0.78
0.777
0.774
0.77
0.767
0.764
0.761
0.758
0.755
0.751
0.748
0.745
0.742
0.738
0.735
0.732
0.729
0.725
0.722
0.719
0.715
0.712
0.709
0.705
0.702
0.699
0.696
0.692
0.689
0.686
0.682
0.679
0.675
0.672
0.669
0.665
0.662
0.659
0.655
0.652
0.649
0.645
0.642
0.638
0.635
0.632
0.628
0.625
0.622
0.618
0.615
0.611
0.608
0.605
0.601
0.598
0.595
0.591
0.588
0.584
0.581
0.578
0.574
0.571
0.568
0.564
0.561
0.558
0.554
0.551
0.548
0.544
0.541
0.538
0.534
0.531
0.528
0.525
0.521
0.518
0.515
0.512
0.508
0.505
0.502
0.499
0.495
0.492
0.489
0.486
0.483
0.479
0.476
0.473
0.47
0.467
0.464
0.461
0.458
0.455
0.451
0.448
0.445
0.442
0.438
0.435
0.432
0.429
0.426
0.422
0.419
0.416
0.413
0.41
0.407
0.404
0.401
0.397
0.394
0.391
0.388
0.385
0.382
0.379
0.376
0.373
0.37
0.367
0.364
0.361
0.358
0.356
0.353
0.35
0.347
0.344
0.341
0.338
0.335
0.333
0.33
0.327
0.324
0.321
0.319
0.316
0.313
0.31
0.308
0.305
0.302
0.299
0.297
0.294
0.291
0.289
0.286
0.283
0.281
0.278
0.276
0.273
0.27
0.268
0.265
0.263
0.26
0.258
0.255
0.252
0.25
0.247
0.245
0.242
0.24
0.238
0.235
0.233
0.23
0.228
0.225
0.223
0.221
0.218
0.216
0.214
0.211
0.209
0.206
0.204
0.202
0.2
0.197
0.195
0.193
0.19
0.188
0.186
0.184
0.181
0.179
0.177
0.175
0.173
0.171
0.168
0.166
0.164
0.162
0.16
0.158
0.156
0.153
0.151
0.149
0.147
0.145
0.143
0.141
0.139
0.137
0.135
0.133
0.131
0.129
0.127
0.125
0.123
0.121
0.119
0.117
0.115
0.113
0.111
0.109
0.108
0.106
0.104
0.102
0.1
0.098
0.096
0.095
0.093
0.091
0.09
0.09
0.089
0.089
0.088
0.088
0.087
0.087
0.086
0.086
0.085
0.085
0.084
0.084
0.083
0.083
0.083
0.082
0.082
0.081
0.081
0.081
0.08
0.08
0.079
0.079
0.079
0.078
0.078
0.078
0.077
0.077
0.077
0.077
0.076
0.076
0.076
0.075
0.075
0.075
0.075
0.074
0.074
0.074
0.074
0.073
0.073
0.073
0.073
0.073
0.073
0.072
0.072
0.072
0.072
0.072
0.072
0.071
0.071
0.071
0.071
0.071
0.071
0.071
0.071
0.07
0.07
0.07
0.07
0.07
0.07
0.07
0.07
0.07
0.07
0.07
0.07
0.07
0.07
0.07
0.07
0.07
0.069
0.069
0.069
0.069
0.069
0.069
0.069
0.07
0.07
0.07
0.07
0.07
0.07
0.07
0.07
0.07
0.07
0.07
0.07
0.07
0.07
0.07
0.07
0.07
0.07
0.07
0.071
0.071
0.071
0.071
0.071
0.071
0.071
0.071
0.071
0.072
0.072
0.072
0.072
0.072
0.072
0.072
0.072
0.073
0.073
0.073
0.073
0.073
0.073
0.073
0.074
0.074
0.074
0.074
0.074
0.074
0.075
0.075
0.075
0.075
0.075
0.075
0.076
0.076
0.076
0.076
0.076
0.077
0.077
0.077
0.077
0.077
0.077
0.078
0.078
0.078
0.078
0.078
0.079
0.079
0.079
0.079
0.079
0.08
0.08
0.08
0.08
0.08
0.081
0.081
0.081
0.081
0.081
0.082
0.082
0.082
0.082
0.083
0.083
0.083
0.083
0.083
0.084
0.084
0.084
0.084
0.084
0.085
0.085
0.085
0.085
0.085
0.086
0.086
0.086
0.086
0.086
0.087
0.087
0.087
0.087
0.087
0.087
0.088
0.088
0.088
0.088
0.088
0.089
0.089
0.089
0.089
0.089
0.089
0.09
0.09
0.09
0.09
0.09
0.09
0.091
0.091
0.091
0.091
0.091
0.091
0.091
0.092
0.092
0.092
0.092
0.092
0.092
0.092
0.093
0.093
0.093
0.093
0.093
0.093
0.093
0.093
0.094
0.094
0.094
0.094
0.094
0.094
0.094
0.094
0.094
0.094
0.095
0.095
0.095
0.095
0.095
0.095
0.095
0.095
0.095
0.095
0.095
0.095
0.095
0.095
0.096
0.096
0.096
0.096
0.096
0.096
0.096
0.096
0.096
0.096
0.096
0.096
0.096
0.096
0.096
0.096
0.096
0.096
0.096
0.096
0.096
0.097
0.097
0.097
0.097
0.097
0.097
0.097
0.097
0.097
0.097
0.097
0.097
0.097
0.097
0.097
0.097
0.097
0.097
0.097
0.097
0.097
0.097
0.097
0.097
0.097
0.097
0.097
0.097
0.097
0.097
0.097
0.097
0.097
0.097
0.097
0.097
0.097
0.097
0.097
0.097
0.097
0.097
0.096
0.096
0.096
0.096
0.096
0.096
0.096
0.096
0.096
0.096
0.096
0.096
0.096
0.096
0.096
0.096
0.096
0.096
0.096
0.096
0.096
0.096
0.096
0.096
0.096
0.096
0.095
0.095
0.095
0.095
0.095
0.095
0.095
0.095
0.095
0.095
0.095
0.095
0.095
0.095
0.095
0.095
0.095
0.094
0.094
0.094
0.094
0.094
0.094
0.094
0.094
0.094
0.094
0.094
0.094
0.094
0.094
0.094
0.093
0.093
0.093
0.093
0.093
0.093
0.093
0.093
0.093
0.093
0.093
0.093
0.093
0.093
0.092
0.092
0.092
0.092
0.092
0.092
0.092
0.092
0.092
0.092
0.092
0.092
0.092
0.091
0.091
0.091
0.091
0.091
0.091
0.091
0.091
0.091
0.091
0.091
0.091
0.091
0.09
0.09
0.09
0.09
0.09
0.09
0.09
0.09
0.09
0.09
0.09
0.09
0.089
0.089
0.089
0.089
0.089
0.089
0.089
0.089
0.089
0.089
0.089
0.089
0.089
0.089
0.088
0.088
0.088
0.088
0.088
0.088
0.088
0.088
0.088
0.088
0.088
0.088
0.088
0.087
0.087
0.087
0.087
0.087
0.087
0.087
0.087
0.087
0.087
0.087
0.087
0.087
0.087
0.087
0.086
0.086
0.086
0.086
0.086
0.086
0.086
0.086
0.086
0.086
0.086
0.086
0.086
0.086
0.086
0.086
0.086
0.086
0.085
0.085
0.085
0.085
0.085
0.085
0.085
0.085
0.085
0.085
0.085
0.085
0.085
0.085
0.085
0.085
0.085
0.085
0.085
0.085
0.085
0.085
0.085
0.085
0.085
0.085
0.085
0.085
0.084
0.084
0.084
0.084
0.084
0.084
0.084
0.084
0.084
0.084
0.084
0.084
0.084
0.084
0.084
0.084
0.084
0.084
0.084
0.084
0.084
0.084
0.084
0.084
0.084
0.084
0.084
0.084
0.084
0.084
0.084
0.084
0.084
0.084
0.084
0.085
0.085
0.085
0.085
0.085
0.085
0.085
0.085
0.085
0.085
0.085
0.085
0.085
0.085
0.085
0.085
0.085
0.085
0.085
0.085
0.085
0.085
0.085
0.085
0.086
0.086
0.086
0.086
0.086
0.086
0.086
0.086
0.086
0.086
0.086
0.086
0.086
0.087
0.087
0.087
0.087
0.087
0.087
0.087
0.087
0.087
0.087
0.088
0.088
0.088
0.088
0.088
0.088
0.088
0.088
0.088
0.089
0.089
0.089
0.089
0.089
0.089
0.089
0.09
0.09
0.09
0.09
0.09
0.09
0.09
0.091
0.091
0.091
0.091
0.092
0.092
0.093
0.093
0.094
0.094
0.095
0.095
0.096
0.096
0.097
0.097
0.098
0.098
0.098
0.099
0.099
0.1
0.1
0.101
0.101
0.102
0.102
0.103
0.104
0.104
0.105
0.105
0.106
0.106
0.107
0.107
0.108
0.108
0.109
0.109
0.11
0.11
0.111
0.111
0.112
0.112
0.113
0.114
0.114
0.115
0.115
0.116
0.116
0.117
0.117
0.118
0.119
0.119
0.12
0.12
0.121
0.121
0.122
0.122
0.123
0.124
0.124
0.125
0.125
0.126
0.127
0.127
0.128
0.128
0.129
0.129
0.13
0.131
0.131
0.132
0.132
0.133
0.134
0.134
0.135
0.135
0.136
0.137
0.137
0.138
0.138
0.139
0.14
0.14
0.141
0.141
0.142
0.143
0.143
0.144
0.144
0.145
0.146
0.146
0.147
0.147
0.148
0.149
0.149
0.15
0.151
0.151
0.152
0.152
0.153
0.154
0.154
0.155
0.156
0.156
0.157
0.157
0.158
0.159
0.159
0.16
0.161
0.161
0.162
0.162
0.163
0.164
0.164
0.165
0.166
0.166
0.167
0.167
0.168
0.169
0.169
0.17
0.171
0.171
0.172
0.173
0.173
0.174
0.174
0.175
0.176
0.176
0.177
0.178
0.178
0.179
0.18
0.18
0.181
0.181
0.182
0.183
0.183
0.184
0.185
0.185
0.186
0.187
0.187
0.188
0.188
0.189
0.19
0.19
0.191
0.192
0.192
0.193
0.194
0.194
0.195
0.195
0.196
0.197
0.197
0.198
0.199
0.199
0.2
0.2
0.201
0.202
0.202
0.203
0.204
0.204
0.205
0.205
0.206
0.207
0.207
0.208
0.209
0.209
0.21
0.21
0.211
0.212
0.212
0.213
0.213
0.214
0.215
0.215
0.216
0.217
0.217
0.218
0.218
0.219
0.22
0.22
0.221
0.221
0.222
0.223
0.223
0.224
0.224
0.225
0.226
0.226
0.227
0.227
0.228
0.229
0.229
0.23
0.23
0.231
0.232
0.232
0.233
0.233
0.234
0.234
0.235
0.236
0.236
0.237
0.237
0.238
0.238
0.239
0.24
0.24
0.241
0.241
0.242
0.242
0.243
0.243
0.244
0.245
0.245
0.246
0.246
0.247
0.247
0.248
0.248
0.249
0.249
0.25
0.25
0.25
0.251
0.251
0.251
0.251
0.252
0.252
0.252
0.252
0.253
0.253
0.253
0.253
0.253
0.254
0.254
0.254
0.254
0.254
0.255
0.255
0.255
0.255
0.255
0.256
0.256
0.256
0.256
0.256
0.257
0.257
0.257
0.257
0.257
0.257
0.258
0.258
0.258
0.258
0.258
0.258
0.259
0.259
0.259
0.259
0.259
0.259
0.259
0.26
0.26
0.26
0.26
0.26
0.26
0.26
0.26
0.261
0.261
0.261
0.261
0.261
0.261
0.261
0.261
0.261
0.261
0.262
0.262
0.262
0.262
0.262
0.262
0.262
0.262
0.262
0.262
0.262
0.262
0.262
0.262
0.263
0.263
0.263
0.263
0.263
0.263
0.263
0.263
0.263
0.263
0.263
0.263
0.263
0.263
0.263
0.263
0.263
0.263
0.263
0.263
0.263
0.263
0.263
0.263
0.263
0.263
0.263
0.263
0.263
0.263
0.263
0.263
0.262
0.262
0.262
0.262
0.262
0.262
0.262
0.262
0.262
0.262
0.262
0.262
0.262
0.261
0.261
0.261
0.261
0.261
0.261
0.261
0.261
0.261
0.26
0.26
0.26
0.26
0.26
0.26
0.26
0.259
0.259
0.259
0.259
0.259
0.259
0.258
0.258
0.258
0.258
0.258
0.257
0.257
0.257
0.257
0.257
0.256
0.256
0.256
0.256
0.255
0.255
0.255
0.255
0.254
0.254
0.254
0.254
0.253
0.253
0.253
0.252
0.252
0.252
0.252
0.251
0.251
0.251
0.25
0.25
