0.13577418522345375
0.13559430167286904
0.13546238706910696
0.13537748203323097
0.13535301787035145
0.1353765226542945
0.1354484760745284
0.13555688589434745
0.13570175211375163
0.13589506696944667
0.13612483822472685
0.13637811426395008
0.1366683263922267
0.13699403554115208
0.13733125723731485
0.13769198371742067
0.13808580877083412
0.13847867444531106
0.138896963661604
0.1393234075988568
0.1397556078097283
0.14020219870464656
0.14064159425754144
0.14108434763671387
0.14153093853163215
0.14196313874250363
0.1423852654745424
0.14281170941179516
0.1432741300591649
0.14374086791174864
0.1441721087436837
0.14458847920210371
0.14497750736083487
0.1453411119777501
0.1456773742949764
0.1459877333809185
0.14625971730940257
0.1465067573855389
0.1467053488253844
0.14686604479724005
0.1466943159676152
0.14647989477531823
0.14622278122034918
0.14595799263388853
0.14564091789539124
0.14530561495710137
0.1449420103401862
0.14455106342358212
0.14414380706505836
0.14378260089548428
0.14340556497345877
0.14300310550961728
0.1425948897721571
0.14216364894022204
0.14173672531350104
0.14128821566070987
0.14083682787110935
0.1403926354235322
0.13993693042871766
0.13949753487582278
0.1390471064651587
0.13861346718588252
0.13818750293809798
0.137775449684892
0.13736531518955888
0.13698060423604175
0.13660212924561155
0.13625003717593379
0.13591377485870745
0.13559286260446438
0.13529689420256902
0.13502347120568028
0.1347826670926309
0.1345562536636283
0.13435766222378281
0.13419025059937198
0.1340516203430547
0.13394081207589453
0.13385302890320921
0.13381177560894178
0.13380314119851375
0.13382520691405211
0.1338698180345971
0.13395616213887776
0.13406121413241923
0.13420416159395052
0.13436917477102023
0.13456776621086575
0.13479034212412253
0.13504169940547286
0.1353132036444887
0.1356082126674476
0.13593056399009537
0.13627114351253572
0.13663330906104623
0.13700842622519885
0.13739985283127115
0.1378090279476678
0.13874538178964466
0.13963040885852135
0.13998202123873088
0.14030485225084688
0.1405667627004982
0.14080660743461113
0.14101047545860712
0.14116013857269358
0.1412901344185828
0.1413884707595691
0.1414575460429936
0.14149496182151522
0.14150455561087974
0.14148872585842828
0.14144507411681972
0.14140430051202055
0.14131555796039877
0.14123065292452278
0.14110401490491115
0.14098169409051356
0.14094955489614241
0.14095962837497517
0.14095914868550696
0.14097641750636308
0.1409601080644434
0.14096106744337986
0.14092940793847694
0.1409174157017713
0.14090014688091515
0.1408761624075039
0.14084642166047387
0.14081140432929337
0.1407691916560895
0.1407226617776716
0.14070299450947432
0.14064783022062838
0.14061760978413013
0.14055525015326079
0.14051927344314383
0.1404775404594082
0.14043388871779963
0.1403863994604453
0.1403350726873451
0.14028326622477671
0.1402271425569943
0.14019644243102783
0.1401345624896267
0.14010050453738268
0.14003382770129927
0.13999401347543655
0.1399522804917009
0.139880327071467
0.13983235812464442
0.1397858282462265
0.13973498116259458
0.13968269501055797
0.13962849010064846
0.1395997087325549
0.13954118661743134
0.13948218481283955
0.13944668779219085
0.13938432816132149
0.13934451393545874
0.13928023554671648
0.1392380228735126
0.13919293206349936
0.13912577553794775
0.13907780659112517
0.13902887826536614
0.13897899056067062
0.13892862316650695
0.13887537763553384
0.13882357117296548
0.1387684068841195
0.13871516135314643
0.1386758268167519
0.1386197031489695
0.13856118103384593
0.13852184649745142
0.1384638040717961
0.13841919295125107
0.13836115052559572
0.13831797847345542
0.1382599360478001
0.13821436554831862
0.13817167318564652
0.13811267138105476
0.13806997901838267
0.13802584758730588
0.13794142224089811
0.13784836248406232
0.13776729496393214
0.13768910558061134
0.13761283495516344
0.13754040184546132
0.13747276563044147
0.13741136537850857
0.13735572140019436
0.13730583369549887
0.13726745853804082
0.13724539282250242
0.13722524586483692
0.13730679307443533
0.13739745438393003
0.13749962824066211
0.13761139588675875
0.13773611514849746
0.1378593953418315
0.13798411460357024
0.13811075262318184
0.138246984432158
0.13837170369389673
0.1384868291662709
0.13860962967013674
0.13865999706430046
0.13870125035856787
0.13874346303177174
0.13876744750518305
0.13878615539444383
0.13881349769413273
0.13882309148349722
0.13884083999382157
0.13884947440424966
0.13885475098840017
0.13887489794606564
0.13888305266702547
0.13889360583532642
0.1389190293771424
0.13893294037172094
0.13894924981364062
0.13897803118173419
0.13899434062365387
0.13901400789185114
0.13904518770728583
0.13906773311229242
0.13908788006995793
0.13911042547496452
0.13914832094295437
0.13919389144243582
0.13923178691042568
0.1392811949256529
0.13931909039364276
0.13936849840887003
0.13941023139260567
0.13945963940783293
0.13945340344474602
0.13945340344474602
0.13944524872378616
0.13942893928186648
0.13942270331877954
0.13939632039802713
0.1393699374772747
0.13934019673024473
0.1392955856096997
0.1392413806997902
0.1391876554793489
0.1391099457854963
0.13901832509706516
0.1389171106192695
0.13879718825221304
0.13867007054313318
0.1385199277395785
0.13834628015208075
0.13815680281213152
0.1379428613093028
0.13760803806048116
0.13726841791697728
0.1369465462837977
0.13665105757137058
0.13641505035300347
0.13656759160389928
0.13678585031194204
0.1370707858560682
0.13739985283127115
0.1377701731007415
0.13816783566990073
0.13858900302300303
0.13899146248684452
0.1393977594664318
0.1397853485567583
0.14000120881745992
0.140188287710068
0.14033747113468623
0.1404741826331306
0.14058211276348143
0.1406722943835079
0.14073129618809968
0.14077878544545402
0.14080756681354759
0.14080564805567466
0.14080133085046065
0.14078310265066807
0.14073897121959128
0.1406914819622369
0.1406243254366853
0.14055860797953837
0.14047226387525769
0.1403499430608601
0.14021227218347931
0.14008035757971718
0.13992877570775783
0.13978678762516297
0.13962657134277554
0.13947498947081616
0.1393104559832147
0.13914640218508145
0.13898570621322578
0.13882165241509256
0.1386537611012135
0.1384921057504214
0.1383251738154788
0.13815824188053621
0.13800138342442633
0.13783972807363423
0.13768286961752438
0.13753176743503326
0.1373840230788197
0.13724251468569307
0.13710580318724871
0.13697388858348658
0.13684725056387498
0.13673020633362787
0.13662467465061817
0.13652202110441786
0.13643327855279608
0.13634933289585655
0.13627977792296378
0.13621454015528509
0.13616801027686717
0.1361262772931315
0.13610325219865665
0.1360888615146099
0.13608838182514166
0.1361013334407838
0.13613251325621845
0.13617280717154942
0.13623132928667298
0.13630712022265265
0.1363968221532109
0.13650379290462528
0.13662851216636399
0.13676858149108592
0.13693215559975094
0.1371091610135263
0.13730727276390356
0.13752745022981921
0.1377644168271228
0.13801817255581425
0.1382968721368535
0.13892382627182465
0.13920060709499096
0.13945004561846844
0.13966782463704297
0.1398707332821025
0.14005157621162362
0.1401998002573054
0.14033555237681336
0.1404497184702511
0.14054949387964205
0.14061713009466192
0.1406727740729761
0.1407207430197987
0.14073465401437726
0.14074808531948757
0.14073177587756788
0.14071498674618
0.14068476630968177
0.14063104108924046
0.14058067369507674
0.14050632182750175
0.1404314902704585
0.14033747113468623
0.14024585044625512
0.1401360015580314
0.14002951049608525
0.13991822253945685
0.13979014545144056
0.13966782463704297
0.1395330318964715
0.13939536101909067
0.1392624870363921
0.1391228974011384
0.13898330776588466
0.13884083999382157
0.13870700663218657
0.1385621404127824
0.13842926643008382
0.13829111586323478
0.13815776219106798
0.13803064448198815
0.13790304708344006
0.13778024657957424
0.13766703986507295
0.13755767066631747
0.13745741556745825
0.13735716046859905
0.1372693772959137
0.13718974884418822
0.1371182751134226
0.137055435793085
0.13700314964104837
0.13695997758890802
0.13692831808400513
0.13690481330006207
0.13689857733697514
0.13698684019912868
0.1370856562295832
0.1371945457388705
0.13732118375848212
0.13745741556745825
0.13760707868154473
0.1377740106164873
0.13795533323547668
0.13821340616938219
0.13847627599796994
0.13873626768974837
0.1389953000025903
0.13907684721218871
0.1391396865325263
0.1391876554793489
0.13922171343159293
0.13924953542075003
0.13925433231543227
0.13924905573128177
0.13922986815255275
0.13919964771605453
0.13916319131646937
0.13912529584847952
0.13907205031750644
0.13900921099716884
0.13894349354002195
0.13887154011978806
0.13879718825221304
0.1387166004215511
0.1386403297961032
0.13855734351810012
0.13847195879275592
0.13838705375687993
0.13830310809994042
0.13821964213246912
0.13813713554393428
0.13805846647114522
0.13798315522463378
0.137909283046527
0.13784740310512586
0.13778648254266118
0.13772987918541052
0.13768286961752438
0.13763921787591582
0.13762674594974197
0.13762386781293262
0.1376272256392102
0.1376329819128289
0.13764497414953455
0.13765984452304955
0.13768047117018326
0.13770589471199923
0.13772891980647406
0.13775482303775827
0.13778024657957424
0.13780519043192196
0.1378296545948015
0.13785124062087167
0.1378723469574736
0.1378905751572662
0.13790832366759054
0.13791983621482798
0.1379260721779149
0.13792895031472427
0.13792895031472427
0.13792031590429618
0.13790640490971764
0.13788433919417925
0.13785651720502215
0.13782149987384165
0.13772652135913294
0.13762098967612327
0.1375140189247089
0.13740321065754874
0.13729576021666615
0.13719214729152937
0.13709237188213838
0.1370669483403224
0.13704680138265693
0.13703241069861014
0.13702281690924564
0.13702137784084095
0.13702185753030918
0.13703049194073724
0.13704104510903822
0.1370539967246803
0.13707462337181403
0.1370947703294795
0.1371259501449142
0.13715281275513483
0.13718447226003774
0.13721757083334532
0.13725114909612113
0.13728808518517452
0.13732789941103726
0.13736627456849534
0.13740704817329452
0.13744926084649842
0.13749147351970228
0.13753128774556503
0.13757254103983246
0.13761907091825035
0.13765648669677197
0.13769534154369825
0.13773419639062456
0.13777257154808262
0.13780758887926312
0.13784212652097536
0.13787618447321942
0.13790688459918587
0.13794238161983458
0.1379486175829215
0.13795245509866733
0.137953894167072
0.13795533323547668
0.13795245509866733
0.13795149571973087
0.1379534144776038
0.13794765820398508
0.1379409425514299
0.13793326751993829
0.13792319404110556
0.13791168149386812
0.1379073642886541
0.13789345329407554
0.137879542299497
0.13786419223651378
0.13784884217353052
0.13783876869469777
0.13781910142650053
0.13779991384777152
0.1377812059585107
0.137760579311377
0.13774666831679844
0.13772460260126004
0.13770205719625342
0.13767807272284213
0.13766128359145424
0.13763777880751116
0.13761283495516344
0.1375878911028157
0.1375677441451502
0.13754327998227067
0.13751593768258177
0.1374957907249163
0.13746892811469566
0.13744206550447502
0.13742095916787309
0.13739265748924775
0.13736483550009065
0.13734276978455226
0.13731542748486342
0.13728808518517452
0.1372655397801679
0.13723675841207433
0.1372094161123855
0.13718687070737887
0.13715952840768997
0.13713698300268337
0.1371091610135263
0.1370856562295832
0.13705927330883078
0.13703193100914193
0.1370093856041353
0.13698252299391467
0.13696189634678094
0.13693551342602853
0.13691344771049013
0.13688802416867416
0.136866438142604
0.136841014600788
0.1368199082641861
0.13679688316971125
0.13677625652257755
0.1367537111175709
0.13673308447043722
0.13671437658117638
0.13669231086563802
0.13667552173425013
0.13665537477658463
0.13663858564519674
0.13662179651380882
0.13660356831401624
0.13658773856156478
0.13657286818804978
0.1365551196777254
0.13654072899367864
0.13652633830963187
0.13650906948877572
0.13649611787313365
0.13648220687855508
0.1364673365050401
0.13645438488939798
0.1364419129632241
0.1364299207265185
0.13641505035300347
0.13640305811629783
0.13639202525852864
0.13638051271129123
0.13636995954299025
0.1363594063746893
0.13634645475904716
0.13633638128021444
0.13632582811191346
0.13631575463308074
0.13630712022265265
0.1362970467438199
0.13628841233339184
0.13627977792296378
0.13627114351253572
0.13626250910210763
0.1362538746916796
0.13624571997071974
0.13623804493922814
0.13622989021826828
0.13622269487624492
0.13621454015528509
0.13620782450272992
0.13620062916070652
0.13619391350815135
0.1361871978555962
0.13618144158197748
0.1361747259294223
0.1361689696558036
0.13616369307165313
0.13615985555590732
0.1361540992822886
0.13614882269813813
0.13614498518239232
0.1361392289087736
0.13613587108249603
0.13613203356675022
0.13612675698259974
0.13612387884579039
0.13611956164057637
0.136116683503767
0.13611188660908474
0.13610900847227536
0.13610613033546604
0.136101813130252
0.13609893499344264
0.13609557716716505
0.1360926990303557
0.13608934120407812
0.13608646306726876
0.13608406461992764
0.1360811864831183
0.1360778286568407
0.1360759098989678
0.1360735114516267
0.13607159269375377
0.13606823486747618
0.13606631610960326
0.13606391766226214
0.13606103952545281
0.13606008014651635
0.13605768169917523
0.13605528325183408
0.1360533644939612
0.1360519254255565
0.13604952697821537
0.1360485675992789
0.13604712853087425
0.13604473008353313
0.13604377070459667
0.13604137225725554
0.13603993318885085
0.13603753474150973
0.1360370550520415
0.1360351362941686
0.13603369722576392
0.13603225815735925
0.1360308190889546
0.13602938002054987
0.136027461262677
0.13602698157320875
0.13602458312586763
0.13602314405746296
0.1360221846785265
0.13602074561012184
0.13601930654171715
0.13601786747331246
0.136016908094376
0.13601498933650313
0.13601450964703488
0.1360130705786302
0.13601546902597134
0.13601738778384426
0.13601882685224892
0.13602122529959004
0.1360217049890583
0.13602410343639942
0.1360255425048041
0.136027461262677
0.13602890033108167
0.13602985971001813
0.13603033939948633
0.13603225815735925
0.13603273784682746
0.13603417691523215
0.13603417691523215
0.1360351362941686
0.13603273784682746
0.1360312987784228
0.13602890033108167
0.13602698157320875
0.13602506281533588
0.13602314405746296
0.13601978623118538
0.13601786747331246
0.13601450964703488
0.13601163151022555
0.13600875337341617
0.1360053955471386
0.13600251741032923
0.13599867989458345
0.13599484237883763
0.13599100486309182
0.1359881267262825
0.13598380952106845
0.1359799720053226
0.13597613448957682
0.13597181728436278
0.13596750007914876
0.13596222349499826
0.13595790628978424
0.13595406877403843
0.13595023125829264
0.13594495467414214
0.13594111715839635
0.13593632026371408
0.1359310436795636
0.1359272061638178
0.13592240926913554
0.13591761237445327
0.135912815479771
0.13590801858508875
0.1359032216904065
0.13589890448519246
0.1358941075905102
0.13588979038529617
0.13585861056986148
0.13585813088039328
0.13585765119092502
0.1358566918119886
0.13585621212252036
0.13585573243305213
0.1358552527435839
0.13585429336464744
0.1358547730541157
0.1358552527435839
0.13585573243305213
0.1358566918119886
0.13585717150145682
0.13585765119092502
0.13585861056986148
0.13585956994879794
0.13586004963826614
0.1358610090172026
0.13586196839613907
0.13586292777507553
0.135863887154012
0.13586484653294845
0.13586580591188485
0.1358662856013531
0.13586772466975777
0.13586868404869423
0.1358696434276307
0.1358701231170989
0.13587156218550359
0.13587252156444002
0.13587348094337648
0.13587444032231294
0.1358753997012494
0.13587635908018586
0.1358773184591223
0.13587827783805875
0.13587923721699519
0.13588019659593165
0.13588067628539988
0.13588211535380457
0.135883074732741
0.13588355442220923
0.13588499349061392
0.13588595286955035
0.13588643255901858
0.13588739193795504
0.1358888310063597
0.13588931069582794
0.1358902700747644
0.13589122945370086
0.1358917091431691
0.13589266852210552
0.13589362790104198
0.13589362790104198
0.1358945872799784
0.13589554665891487
0.13589650603785133
0.13589650603785133
0.1358974654167878
0.13589842479572425
0.13589890448519246
0.13589890448519246
0.1358993841746607
0.13590034355359712
0.13590082324306538
0.13590178262200184
0.13590130293253358
0.13590178262200184
0.13590226231147004
0.1359032216904065
0.1359037013798747
0.13590418106934296
0.13590466075881116
0.1359037013798747
0.13590418106934296
0.13590466075881116
0.13590514044827942
0.13590514044827942
0.13590562013774762
0.13590562013774762
0.13590609982721583
0.13590609982721583
0.13590609982721583
0.13590609982721583
0.13590609982721583
0.13590657951668408
0.13590657951668408
0.13590609982721583
0.13590609982721583
0.13590609982721583
0.13590609982721583
0.13590562013774762
0.13590562013774762
0.13590514044827942
0.13590514044827942
0.13590466075881116
0.13590418106934296
0.1359037013798747
0.1359032216904065
0.13590274200093824
0.13590226231147004
0.13590178262200184
0.13590274200093824
0.13590226231147004
0.13590178262200184
0.13590082324306538
0.13590034355359712
0.1358993841746607
0.13589890448519246
0.135897945106256
0.13589842479572425
0.135897945106256
0.13589698572731954
0.1358960263483831
0.13589506696944667
0.13589554665891487
0.1358945872799784
0.13589362790104198
0.1358921888326373
0.13589314821157375
0.1358917091431691
0.13589074976423263
0.13588931069582794
0.13588979038529617
0.1358883513168915
0.13588739193795504
0.13588595286955035
0.13588643255901858
0.13588499349061392
0.13588355442220923
0.13588403411167746
0.13588211535380457
0.13588067628539988
0.1358811559748681
0.13587971690646344
0.13587779814859052
0.13587827783805875
0.13587635908018586
0.13587683876965406
0.13587492001178117
0.13587348094337648
0.13587348094337648
0.13587156218550359
0.13587204187497182
0.1358701231170989
0.13586820435922603
0.13586820435922603
0.1358667652908213
0.1358667652908213
0.13586484653294845
0.13586484653294845
0.13586292777507553
0.13586292777507553
0.1358610090172026
0.1358605293277344
0.13585861056986148
0.13585861056986148
0.1358566918119886
0.1358566918119886
0.13585429336464744
0.13585429336464744
0.13585237460677455
0.13585189491730632
0.13584997615943342
0.13584997615943342
0.1358494964699652
0.1358475777120923
0.13584709802262407
0.13584517926475118
0.13584469957528295
0.13584278081741002
0.1358423011279418
0.1358418214384736
0.13583990268060067
0.13583942299113247
0.13583750423325955
0.13583702454379132
0.1358365448543231
0.13583414640698196
0.13583414640698196
0.13583366671751376
0.1358331870280455
0.13583078858070438
0.13583030889123618
0.13582982920176792
0.13582791044389506
0.1358274307544268
0.1358269510649586
0.13582455261761747
0.13582407292814921
0.135823593238681
0.13582311354921275
0.13582071510187163
0.13582023541240343
0.1358197557229352
0.13581927603346697
0.13581687758612584
0.13581639789665761
0.13581591820718938
0.13581495882825292
0.13581447913878472
0.1358120806914436
0.13581160100197534
0.13581112131250714
0.13581016193357068
0.13580968224410245
0.13580872286516601
0.1358068041072931
0.13580584472835663
0.13580536503888843
0.13580440565995197
0.1358034462810155
0.13580296659154728
0.13580200721261085
0.13580008845473793
0.1357991290758015
0.13579816969686503
0.1357976900073968
0.13579673062846037
0.1357957712495239
0.13579481187058745
0.135793852491651
0.13579289311271453
0.1357919337337781
0.13579097435484166
0.1357900149759052
0.1357885759075005
0.13578761652856408
0.13578665714962762
0.13578521808122296
0.13578377901281824
0.13578281963388178
0.13578138056547712
0.13578042118654066
0.13577994149707245
0.135778982118136
0.135778982118136
0.135778982118136
0.13577946180760422
0.13578042118654066
0.13578329932335004
0.1357847383917547
0.13578617746015936
0.13578713683909582
0.13578809621803228
0.1357885759075005
0.13578953528643695
0.1357900149759052
0.1357900149759052
0.1357900149759052
0.1357904946653734
0.13579097435484166
0.1357904946653734
0.1357904946653734
0.1357900149759052
0.13578953528643695
0.13578905559696874
0.1357885759075005
0.13578761652856408
0.13578761652856408
0.13578665714962762
0.13578569777069116
0.13578521808122296
0.1357842587022865
0.13578329932335004
0.13578233994441358
0.13578138056547712
0.13578042118654066
0.13577994149707245
0.135778982118136
0.13577802273919953
0.13577754304973133
0.13577658367079487
0.13577610398132664
0.1357756242918584
0.1357751446023902
0.13577418522345375
0.13577370553398552
0.1357732258445173
0.13577274615504906
0.13577226646558083
0.13577178677611262
0.1357713070866444
0.13577082739717616
0.13577034770770793
0.13577034770770793
0.1357698680182397
0.13576938832877147
0.13576938832877147
0.13576890863930324
0.13576842894983504
0.13576842894983504
0.13576842894983504
0.1357679492603668
0.1357679492603668
0.1357679492603668
0.13576746957089858
0.13576746957089858
0.13576746957089858
0.13576746957089858
0.13576746957089858
0.13576698988143035
0.13576746957089858
0.13576746957089858
0.13576746957089858
0.13576746957089858
0.13576746957089858
0.13576746957089858
0.1357679492603668
0.1357679492603668
0.13576842894983504
0.13576842894983504
0.13576890863930324
0.13576890863930324
0.13576938832877147
0.1357698680182397
0.1357698680182397
0.13577034770770793
0.13577082739717616
0.1357713070866444
0.13577178677611262
0.13577226646558083
0.13577274615504906
0.1357732258445173
0.13577370553398552
0.13577418522345375
0.13577466491292195
0.1357751446023902
0.13577610398132664
0.13577658367079487
0.13577706336026307
0.13577802273919953
0.1357785024286678
0.135778982118136
0.13577994149707245
0.13578042118654066
0.13578138056547712
0.13578233994441358
0.13578281963388178
0.13578377901281824
0.1357847383917547
0.13578521808122296
0.13578617746015936
0.13578713683909582
0.13578809621803228
0.1357885759075005
0.13578953528643695
0.1357904946653734
0.13579145404430987
0.13579241342324633
0.13579289311271453
0.135793852491651
0.13579529156005568
0.1357957712495239
0.13579673062846037
0.1357976900073968
0.13579864938633326
0.1357996087652697
0.13580008845473793
0.1358010478336744
0.13580200721261085
0.13580248690207908
0.1358034462810155
0.13580440565995197
0.1358048853494202
0.13580584472835663
0.13580632441782486
0.13580728379676132
0.13580824317569778
0.13580824317569778
0.13580920255463422
0.13581016193357068
0.13581016193357068
0.1358106416230389
0.13581160100197534
0.1358120806914436
0.13581160100197534
0.1358120806914436
0.1358120806914436
0.13581160100197534
0.13581160100197534
0.13581160100197534
0.13581112131250714
0.13581112131250714
0.13581112131250714
0.13581112131250714
0.1358106416230389
0.1358106416230389
0.13581016193357068
0.13581016193357068
0.13580968224410245
0.13580968224410245
0.13580968224410245
0.13580968224410245
0.13580968224410245
0.13580968224410245
0.13581016193357068
0.13581016193357068
0.1358106416230389
0.1358106416230389
0.13581112131250714
0.13581112131250714
0.13581160100197534
0.13581112131250714
0.13581112131250714
0.13581112131250714
0.1358106416230389
0.13581016193357068
0.13580872286516601
0.13580776348622955
0.1358068041072931
0.13580536503888843
0.13580440565995197
0.13580296659154728
0.13580152752314262
0.13580056814420616
0.1357996087652697
0.13579864938633326
0.13579816969686503
0.1357976900073968
0.1357976900073968
0.13579721031792857
0.1357976900073968
0.1358010478336744
0.13580440565995197
0.13580776348622955
0.1358120806914436
0.13581591820718938
0.1358197557229352
0.13582407292814921
0.13582599168602214
0.13582839013336326
0.13583030889123618
0.13583222764910907
0.13583414640698196
0.13583606516485489
0.13583750423325955
0.13583942299113247
0.1358403823700689
0.1358418214384736
0.13584278081741002
0.13584421988581472
0.13584517926475118
0.13584661833315584
0.1358475777120923
0.13584853709102873
0.1364918006679196
0.13650235383622056
0.13650954917824398
0.13651098824664865
0.13650906948877572
0.13650187414675236
0.13649132097845137
0.13647645060493638
0.13645774271567557
0.13643711606854186
0.13641313159513058
0.13638674867437814
0.13635892668522104
0.1363301453171275
0.13629944519116105
0.13626682630732168
0.13622989021826828
0.13618479940825506
0.13613970859824184
0.13609605685663329
0.1360533644939612
0.13601211119969375
0.13597181728436278
0.13593440150584118
0.13591425454817568
0.13590466075881116
0.1358960263483831
0.13588979038529617
0.13588403411167746
0.1358811559748681
0.13587923721699519
0.13587875752752698
0.13587923721699519
0.13588067628539988
0.13588259504327277
0.13588547318008215
0.13588979038529617
0.13589362790104198
0.13589890448519246
0.1359037013798747
0.1359089779640252
0.13591521392711214
0.13592097020073085
0.13592672647434956
0.1359329624374365
0.13593967808999166
0.13594495467414214
0.1359521500161655
0.13596222349499826
0.135972296973831
0.1359833298316002
0.1359938829999012
0.13600491585767038
0.136016908094376
0.136027461262677
0.13603609567310504
0.1360408925677873
0.13604664884140602
0.1360519254255565
0.13605624263077054
0.13606151921492102
0.13606631610960326
0.13607111300428557
0.1360759098989678
0.13608070679365006
0.13608454430939587
0.13608838182514166
0.13609173965141924
0.13609461778822862
0.13609749592503795
0.13609989437237907
0.136101813130252
0.1361037318881249
0.13610421157759311
0.13610517095652958
0.13610565064599778
0.13610469126706137
0.13610421157759311
0.13610277250918845
0.13610085375131553
0.13609941468291087
0.13609653654610152
0.13609461778822862
0.13609221934088747
0.13608982089354635
0.13608790213567346
0.13608598337780053
0.1360835849304594
0.13608214586205472
0.13608022710418183
0.13607878803577714
0.13607878803577714
0.13607830834630893
0.13607830834630893
0.13607830834630893
0.13608070679365006
0.13608262555152295
0.1360850239988641
0.13608790213567346
0.1360926990303557
0.13609701623556975
0.13610277250918845
0.1361075694038707
0.13611428505642587
0.13612148039844926
0.1361277163615362
0.1361353913930278
0.1361445054929241
0.13615218052441572
0.13616081493484378
0.13616992903474007
0.13617904313463636
0.13618815723453265
0.1361967916449607
0.13620494636592057
0.13621454015528509
0.13622365425518138
0.13623276835507767
0.13624188245497396
0.13624955748646556
0.13625771220742539
0.13626826537572634
0.1362745013388133
0.13628265605977313
0.13629177015966942
0.13629992488062928
0.13631287649627136
0.13632247028563588
0.1363335031434051
0.13634309693276958
0.13634837351692009
0.1363541297905388
0.13635652823787991
0.1363560485484117
0.13635173134319767
0.13634453600117427
0.13633446252234155
0.13631815308042186
0.13629992488062928
0.13627689978615443
0.13624955748646556
0.13620206822911118
0.1361502617665428
0.13609605685663329
0.136042331636192
0.1359607844265936
0.13588979038529617
0.13583174795964084
0.13581016193357068
0.1357933728021828
0.13578809621803228
0.1357847383917547
0.13578281963388178
0.13578281963388178
0.1357842587022865
0.13578665714962762
0.13579097435484166
0.1357957712495239
0.13580200721261085
0.13580872286516601
0.13581639789665761
0.13582455261761747
0.1358327073385773
0.1358418214384736
0.13585045584890165
0.1358590902593297
0.13586772466975777
0.1358758793907176
0.13588403411167746
0.13589122945370086
0.13589506696944667
0.13589890448519246
0.13590178262200184
0.1359037013798747
0.13590514044827942
0.13590562013774762
0.13590562013774762
0.13590609982721583
0.13590514044827942
0.13590418106934296
0.13590274200093824
0.13590130293253358
0.1358993841746607
0.1358974654167878
0.13589554665891487
0.13589362790104198
0.13589122945370086
0.13588931069582794
0.13588739193795504
0.13588595286955035
0.13588547318008215
0.13588547318008215
0.13588547318008215
0.13588595286955035
0.13588643255901858
0.13588739193795504
0.1358883513168915
0.13588979038529617
0.13589122945370086
0.13589266852210552
0.1358945872799784
0.13589650603785133
0.13589890448519246
0.13590130293253358
0.1359037013798747
0.13590609982721583
0.1359089779640252
0.13591185610083456
0.1359147342376439
0.13591761237445327
0.13592097020073085
0.13592480771647666
0.13592816554275425
0.1359310436795636
0.13593440150584118
0.13593823902158697
0.13594159684786455
0.13594447498467394
0.13594735312148326
0.13595023125829264
0.13595358908457023
0.1359555078424431
0.13595790628978424
0.13595982504765713
0.13596222349499826
0.13596366256340295
0.1359646219423394
0.13596558132127584
0.1359665407002123
0.1359665407002123
0.13596606101074407
0.13596174380553006
0.13595646722137955
0.1359516703266973
0.1359459140530786
0.1359406374689281
0.1359348811953094
0.13592912492169068
0.13592336864807197
0.13591761237445327
0.1359123357903028
0.1359070592061523
0.13590226231147004
0.135897945106256
0.1358941075905102
0.1358945872799784
0.1358960263483831
0.135897945106256
0.13589986386412892
0.13590178262200184
0.13590466075881116
0.13590801858508875
0.13591089672189813
0.13591377485870745
0.13591713268498504
0.1359200108217944
0.13592336864807197
0.1359257670954131
0.13592768585328602
0.1359296046111589
0.1359315233690318
0.1359296046111589
0.13592768585328602
0.1359252874059449
0.13592240926913554
0.13591953113232616
0.13591617330604858
0.13591329516923925
0.13591041703242987
0.13590801858508875
0.13590514044827942
0.13590178262200184
0.13589890448519246
0.1358960263483831
0.13589314821157375
0.1358902700747644
0.1358869122484868
0.13588403411167746
0.1358811559748681
0.13587827783805875
0.1358753997012494
0.13587300125390828
0.1358701231170989
0.13586724498028957
0.13586484653294845
0.13586292777507553
0.1358605293277344
0.13585861056986148
0.1358566918119886
0.1358547730541157
0.135853333985711
0.13585189491730632
0.13585045584890165
0.1358494964699652
0.13584853709102873
0.13584805740156053
0.1358475777120923
0.13584709802262407
0.13584709802262407
0.1358475777120923
0.13584805740156053
0.1358494964699652
0.13585045584890165
0.13585237460677455
0.13585573243305213
0.13586004963826614
0.1358643668434802
0.13586868404869423
0.13587396063284474
0.13587923721699519
0.1358845138011457
0.1358902700747644
0.1358960263483831
0.13590226231147004
0.13590849827455698
0.13591521392711214
0.13592144989019908
0.13592864523222248
0.13593584057424585
0.13594303591626922
0.13594975156882438
0.135957426600316
0.13596510163180764
0.135972296973831
0.1359794923158544
0.13598716734734603
0.1359943626893694
0.1360015580313928
0.13600875337341617
0.13601594871543957
0.13602314405746296
0.13602985971001813
0.1360365753625733
0.13604329101512844
0.1360500066676836
0.1360557629413023
0.13606199890438925
0.13606775517800798
0.13607303176215843
0.13607830834630893
0.13608310524099118
0.13608790213567346
0.13609173965141924
0.13609557716716505
0.13609893499344264
0.136101813130252
0.13610421157759311
0.13610613033546604
0.13610804909333896
0.13610852878280716
0.13610900847227536
0.13610852878280716
0.1361070897144025
0.13610613033546604
0.1361037318881249
0.1361013334407838
0.13609749592503795
0.13609317871982393
0.13608790213567346
0.13608214586205472
0.13607543020949955
0.13606775517800798
0.13605864107811166
0.13604952697821537
0.13603945349938262
0.1360279409521452
0.13601546902597134
0.13600203772086103
0.13598764703681424
0.13596606101074407
0.13594495467414214
0.13592432802700843
0.13590562013774762
0.13588979038529617
0.13587779814859052
0.13587156218550359
0.13587060280656715
0.13587683876965406
0.13589122945370086
0.13594879218988792
0.1360092330628844
0.13604041287831908
0.1360706333148173
0.1360979756145062
0.13612483822472685
0.1361502617665428
0.13617328686101765
0.13619583226602427
0.1362169386026262
0.13623612618135525
0.1362543543811478
0.13627162320200392
0.13628649357551895
0.13630136394903394
0.13631335618573961
0.13632582811191346
0.13633638128021444
0.1363454953801107
0.1363541297905388
0.13636132513256216
0.1363670814061809
0.13637235799033137
0.1363766751955454
0.13637955333235477
0.13638147209022766
0.1363819517796959
0.13638291115863235
0.1363824314691641
0.13638051271129123
0.1363785939534183
0.13637571581660896
0.1363713986113949
0.1363670814061809
0.13636132513256216
0.1363560485484117
0.13634981258532475
0.13634213755383315
0.13633494221180975
0.1363263078013817
0.13631815308042186
0.13630951866999377
0.13629944519116105
0.13629033109126476
0.13627977792296378
0.13626970444413106
0.13625915127583008
0.13624811841806087
0.13623708556029168
0.1362265323919907
0.1362150198447533
0.1362039869869841
0.13619199475027843
0.13618144158197748
0.1361704087242083
0.13615889617697088
0.13614834300866988
0.13613731015090072
0.13612675698259974
0.136116683503767
0.13610661002493424
0.13609701623556975
0.13608790213567346
0.1360792677252454
0.1360706333148173
0.13606343797279394
0.13605672232023877
0.1360500066676836
0.1360442503940649
0.13603897380991442
0.1360351362941686
0.13603273784682746
0.13603177846789102
0.13603177846789102
0.13603177846789102
0.13603273784682746
0.13603417691523215
0.1360365753625733
0.13603897380991442
0.136042331636192
0.1360461691519378
0.1360500066676836
0.13605432387289765
0.1360591207675799
0.13606391766226214
0.13606919424641264
0.13607447083056312
0.13608022710418183
0.13608598337780053
0.13609173965141924
0.13609701623556975
0.13610277250918845
0.13610804909333896
0.13611380536695766
0.1361186022616399
0.13612387884579039
0.13612819605100443
0.13613251325621845
0.13613635077196426
0.13613970859824184
0.13614306642451943
0.13614498518239232
0.1361440258034559
0.13614210704558297
0.1361406679771783
0.13613778984036892
0.1361353913930278
0.13613251325621845
0.13612867574047263
0.13612579760366328
0.1361224397773857
0.13611956164057637
0.13611572412483053
0.1361128459880212
0.13610996785121182
0.13610804909333896
0.13610565064599778
0.13610421157759311
0.13610325219865665
0.13610325219865665
0.13610325219865665
0.13610469126706137
0.1361070897144025
0.13611044754068008
0.13611428505642587
0.1361186022616399
0.13612339915632216
0.1361277163615362
0.13613203356675022
0.1361353913930278
0.13613970859824184
0.13614210704558297
0.1361440258034559
0.13614498518239232
0.1361445054929241
0.13614258673505117
0.13613970859824184
0.13613395232462314
0.13612675698259974
0.13611764288270345
0.13610613033546604
0.13609173965141924
0.13607495052003135
0.13603753474150973
0.13599915958405165
0.13596030473712536
0.1359238483375402
0.13588979038529617
0.13588787162742327
0.1358902700747644
0.13589698572731954
0.13590753889562054
0.13592144989019908
0.13593823902158697
0.13595790628978424
0.13597901262638618
0.13600251741032923
0.13602698157320875
0.13605240511502473
0.13607830834630893
0.13610421157759311
0.13612915542994086
0.136146424250797
0.1361617743137802
0.13617712437676344
0.13619103537134203
0.13620446667645233
0.1362174182920944
0.13622941052880008
0.13623996369710104
0.13625051686540202
0.1362601106547665
0.1362692247546628
0.13627689978615443
0.13628457481764605
0.1362912904702012
0.13629800612275636
0.13630328270690686
0.1363085592910573
0.13631287649627136
0.13631671401201717
0.13632007183829475
0.1363229499751041
0.13632486873297703
0.13632678749084992
0.13632870624872281
0.13632918593819104
0.13632822655925458
0.13632822655925458
0.13632726718031815
0.13632582811191346
0.13632390935404057
0.13632247028563588
0.13632007183829475
0.13631767339095363
0.13631527494361248
0.1363119171173349
0.13630903898052557
0.13630520146477976
0.13630184363850217
0.13629752643328816
0.13629416860701057
0.13629033109126476
0.13628601388605072
0.13628169668083667
0.13627737947562266
0.13627354195987684
0.1362687450651946
0.13626490754944878
0.1362601106547665
0.1362557934495525
0.13625195593380668
0.13624811841806087
0.13624428090231508
0.1362409230760375
0.1362375652497599
0.1401786939207035
0.14017965329963994
0.14014799379473702
0.14007939820078075
0.13998058217032622
0.1398597004243333
0.1397129154470562
0.13955269916466875
0.1393752140614252
0.1391842976530713
0.13898090931854354
0.1387717647103971
0.1385587825865048
0.13829111586323478
0.13798507398250667
0.13768143054911972
0.13738738090509728
0.13710148598203467
0.1368232660904637
0.13662851216636399
0.13656183533028057
0.13650906948877572
0.13647357246812705
0.13645582395780267
0.13644718954737461
0.1364510270631204
0.1364697349523812
0.1364970772520701
0.1365344930305917
0.13658102290900961
0.13663234968210977
0.1366942296235109
0.13675610956491208
0.1368232660904637
0.13689665857910222
0.13696909168880433
0.13704344355637935
0.13711395790820854
0.13721133487025838
0.1373197446900774
0.1374233576152142
0.13752121426673228
0.1376214693655915
0.1377130900540226
0.13776825434286857
0.13779271850574812
0.1378128654634136
0.1378238983211828
0.13783541086842022
0.13783828900522957
0.1378406874525707
0.13783253273161086
0.13781910142650053
0.13780231229511264
0.13777880751116955
0.1377236432223236
0.1376641617282636
0.13760084271845777
0.13752984867716037
0.13745981401479937
0.13739025904190663
0.1373197446900774
0.13724635220143888
0.13717631753907789
0.13710580318724871
0.13703624821435595
0.1369719698256137
0.13691008988421255
0.136851567769089
0.13682518484833656
0.13680503789067108
0.13678585031194204
0.13677050024895882
0.13675610956491208
0.1367441173282064
0.13673452353884188
0.13672828757575495
0.13672301099160447
0.13671917347585869
0.13671869378639043
0.13671869378639043
0.13671773440745397
0.1367215719231998
0.13672397037054093
0.13672828757575495
0.13673452353884188
0.13674363763873817
0.1367498736018251
0.1367589877017214
0.13676906118055415
0.13678249248566446
0.1367925659644972
0.136806956648544
0.13682470515886835
0.13684149429025627
0.13685972249004882
0.13688034913718253
0.13690625236846676
0.13693263528921917
0.13695853852050335
0.13699835274636613
0.13704248417744289
0.13709381095054304
0.13713938145002452
0.13718974884418822
0.1372372381015426
0.13728376797996047
0.1373250212742279
0.1373614776738131
0.1373960153155253
0.1374195200994684
0.13743103264670584
0.13741808103106373
0.13732358220582325
0.13721277393866307
0.13708085933490094
0.13693839156283788
0.13677577683310932
0.13659061669837413
0.13637811426395008
0.13638099240075943
0.13638339084810056
0.13638482991650525
0.13638674867437814
0.13638674867437814
0.13638626898490994
0.13638482991650525
0.13638291115863235
0.13638003302182297
0.13637571581660896
0.1363709189219267
0.13636468295883974
0.13635844699575284
0.136350292274793
0.13634165786436492
0.13633158438553217
0.13632103121723121
0.1363085592910573
0.13629560767541524
0.136280257612432
0.13626442785998055
0.13624763872859266
0.13622269487624492
0.1361967916449607
0.1361704087242083
0.1361440258034559
0.1361186022616399
0.13609365840929216
0.1360701536253491
0.13604760822034248
0.1360279409521452
0.13601115182075732
0.13599676113671053
0.13598620796840957
0.1359799720053226
0.13597757355798148
0.1359799720053226
0.13598764703681424
0.13600107834192457
0.13602074561012184
0.13604664884140602
0.13611524443536233
0.13612148039844926
0.13611188660908474
0.13608982089354635
0.13605720200970697
0.13601882685224892
0.13597661417904505
0.13593440150584118
0.1358941075905102
0.13588067628539988
0.13587300125390828
0.1358696434276307
0.13587156218550359
0.1358773184591223
0.13588739193795504
0.13590082324306538
0.13591665299551683
0.13593536088477762
0.13595646722137955
0.1359794923158544
0.1360034767892657
0.13602842064161344
0.13605432387289765
0.1360797474147136
0.13610565064599778
0.13613011480887732
0.1361540992822886
0.13617664468729523
0.1361967916449607
0.13621022295007104
0.136220776118372
0.13623036990773654
0.13623804493922814
0.13624380121284685
0.1362485981075291
0.13625147624433845
0.1362543543811478
0.13625627313902072
0.13625723251795718
0.13625867158636185
0.1362596309652983
0.13625867158636185
0.13625723251795718
0.1362557934495525
0.13625483407061603
0.1362538746916796
0.13625339500221137
0.1362524356232749
0.13625195593380668
0.13625195593380668
0.13625147624433845
0.13625147624433845
0.13625147624433845
0.13625147624433845
0.13625195593380668
0.13625195593380668
0.13625291531274314
0.13625339500221137
0.1362538746916796
0.13625483407061603
0.1362557934495525
0.13625675282848893
0.13625819189689362
0.1362596309652983
0.1362615497231712
0.1362629887915759
0.13626442785998055
0.13626682630732168
0.13626826537572634
0.13627114351253572
0.13627306227040864
0.1362749810282815
0.1362783388545591
0.13628073730190024
0.1362836154387096
0.13628649357551895
0.13628889202286007
0.13629224984913765
0.136295127985947
0.13629800612275636
0.13630136394903394
0.13630424208584332
0.13630712022265265
0.1363109577383985
0.13631431556467605
0.13631767339095363
0.13632055152776298
0.13632342966457234
0.13632774686978638
0.13633062500659573
0.1363335031434051
0.13633686096968267
0.13634021879596026
0.13634309693276958
0.13634645475904716
0.13634933289585655
0.13635317041160233
0.1363560485484117
0.13635844699575284
0.13636180482203042
0.13636468295883974
0.1363670814061809
0.13636995954299025
0.13637235799033137
0.13637427674820427
0.13637715488501365
0.13637907364288654
0.13638147209022766
0.1363838705375688
0.13638530960597348
0.1363872283638464
0.1363881877427828
0.13638962681118752
0.13639106587959218
0.13639202525852864
0.1363929846374651
0.13639394401640154
0.13639394401640154
0.13639394401640154
0.13639442370586977
0.13639394401640154
0.13639394401640154
0.1363934643269333
0.13639250494799685
0.13639154556906039
0.13639010650065572
0.13638866743225106
0.13638674867437814
0.13638530960597348
0.13638291115863235
0.13638051271129123
0.13637715488501365
0.13637379705873606
0.13637043923245848
0.13636660171671267
0.13636276420096685
0.13635892668522104
0.1363536501010706
0.1363488532063883
0.13634261724330138
0.13633782034861913
0.13633110469606396
0.13632486873297703
0.13631815308042186
0.1363109577383985
0.13630376239637507
0.13629560767541524
0.1362874529544554
0.13627881854402735
0.13626394817051235
0.13624955748646556
0.13623420742348233
0.13621981673943553
0.13620494636592057
0.13619055568187377
0.136176164997827
0.13616225400324847
0.13614882269813813
0.13613683046143246
0.13612531791419508
0.13611428505642587
0.13610517095652958
0.13609701623556975
0.13608982089354635
0.13608454430939587
0.13608070679365006
0.13607830834630893
0.13607878803577714
0.13609413809876036
0.1361114069196165
0.1361296351194091
0.13614930238760634
0.13616848996633538
0.13618767754506445
0.1362073448132617
0.13622557301305424
0.13624236214444216
0.13625867158636185
0.13627210289147218
0.13628313574924136
0.13627689978615443
0.13626826537572634
0.13625723251795718
0.13624476059178328
0.13623084959720475
0.13621645891315798
0.13620110885017475
0.13618623847665973
0.13617136810314473
0.13615697741909796
0.13615266021388392
0.13614882269813813
0.13614594456132875
0.1361440258034559
0.1361440258034559
0.1361440258034559
0.1361445054929241
0.136146424250797
0.13614882269813813
0.13615170083494746
0.1361560180401615
0.13615985555590732
0.1361646524505896
0.1361704087242083
0.136176164997827
0.1361819212714457
0.13618863692400085
0.13619535257655602
0.13620206822911118
0.13620926357113458
0.1362169386026262
0.13622461363411784
0.1362322886656094
0.13623948400763283
0.13624715903912443
0.13625483407061603
0.13626202941263943
0.1362687450651946
0.13627594040721797
0.13628265605977313
0.13628889202286007
0.13629177015966942
0.136295127985947
0.1362970467438199
0.13629896550169282
0.13630136394903394
0.1363023233279704
0.13630328270690686
0.13630424208584332
0.13630472177531153
0.13630472177531153
0.13630472177531153
0.13630424208584332
0.13630424208584332
0.13630328270690686
0.1363023233279704
0.13630088425956574
0.13629944519116105
0.13629752643328816
0.13629608736488347
0.13629368891754234
0.13629177015966942
0.1362893717123283
0.13628649357551895
0.14066126152573868
0.14062720357349467
0.14028038808796736
0.13972107016801602
0.13903895174419886
0.1381213057914828
0.13716000809715823
0.13662659340849106
0.136513866383458
0.13652393986229075
0.13662467465061817
0.13678585031194204
0.13697388858348658
0.13717343940226853
0.13744974053596662
0.1376996587489123
0.1377701731007415
0.1377941575741528
0.137794637263621
0.13777209185861441
0.1377365948379657
0.1376852680648655
0.13762530688133728
0.1375509550137623
0.1374751640777826
0.13739073873137486
0.13730823214284
0.13722716462270984
0.13714561741311143
0.1370755827507505
0.1370093856041353
0.1369518228679482
0.13690769143687143
0.1368774710003732
0.13686547876366753
0.13688466634239657
0.1369388712523061
0.13697868547816885
0.13699499492008854
0.13694174938911546
0.13667216390797254
0.1363229499751041
0.1361795228241046
0.13617856344516813
0.13617664468729523
0.136176164997827
0.13617520561889054
0.1361742462399541
0.13617280717154942
0.13617184779261296
0.13617136810314473
0.13617088841367653
0.13616944934527184
0.1361689696558036
0.1361689696558036
0.13616848996633538
0.13616801027686717
0.13616753058739894
0.13616848996633538
0.1361704087242083
0.13617184779261296
0.13617376655048588
0.1361747259294223
0.13617664468729523
0.1361780837556999
0.13618000251357282
0.1361819212714457
0.1361833603398504
0.1361852790977233
0.1361871978555962
0.1361891166134691
0.13619055568187377
0.1361924744397467
0.13619487288708781
0.1361967916449607
0.1361982307133654
0.13620062916070652
0.13620206822911118
0.13620446667645233
0.136205905744857
0.13620830419219812
0.1362097432606028
0.1362111823290075
0.13621406046581683
0.13621549953422152
0.1362169386026262
0.13621837767103087
0.1362202964289038
0.13622221518677669
0.13622365425518138
0.13622557301305424
0.13622701208145896
0.13622797146039542
0.13622989021826828
0.13623084959720475
0.1362322886656094
0.13623372773401413
0.13623468711295056
0.136235646491887
0.13623660587082345
0.136235646491887
0.1362351668024188
0.13623420742348233
0.13623276835507767
0.1362318089761412
0.13623036990773654
0.13622845114986362
0.13622701208145896
0.13622509332358604
0.13622317456571312
0.13622125580784025
0.13621837767103087
0.13621549953422152
0.1362111823290075
0.13620638543432523
0.13620158853964298
0.13619631195549248
0.13619007599240557
0.13618479940825506
0.13617904313463636
0.13617328686101765
0.13616753058739894
0.136161294624312
0.13615505866122504
0.13614882269813813
0.13614258673505117
0.13613635077196426
0.13613011480887732
0.13612339915632216
0.13611716319323522
0.13611092723014828
0.13610469126706137
0.13609893499344264
0.1360926990303557
0.136086942756737
0.13608070679365006
0.13607495052003135
0.13606967393588085
0.1360648770411986
0.1360591207675799
0.13605432387289765
0.13604952697821537
0.13604473008353313
0.1360408925677873
0.1360370550520415
0.13603369722576392
0.13602985971001813
0.13602650188374055
0.13602410343639942
0.1360217049890583
0.13601978623118538
0.13601834716278072
0.13601738778384426
0.136016908094376
0.1360226643679947
0.13602938002054987
0.1360365753625733
0.1360442503940649
0.13605144573608827
0.13605960045704812
0.13606823486747618
0.13607686927790424
0.1360855036883323
0.13609461778822862
0.13610421157759311
0.13611380536695766
0.1361219600879175
0.1361296351194091
0.13613826952983715
0.136146424250797
0.13615505866122504
0.1361632133821849
0.1361723274820812
0.13618096189250928
0.13618863692400085
0.13619727133442894
0.136205905744857
0.13621406046581683
0.13622269487624492
0.13623084959720475
0.13623900431816457
0.1362466793496562
0.1362538746916796
0.1362615497231712
0.13626826537572634
0.13627546071774976
0.13628169668083667
0.13628841233339184
0.13629464829647878
0.13630040457009748
0.13630520146477976
0.13630999835946203
0.13631431556467605
0.13631863276989006
0.13632247028563588
0.13632534842244523
0.13632822655925458
0.13632966562765927
0.13633158438553217
0.1363320640750004
0.13633254376446863
0.1363320640750004
0.13633158438553217
0.13632966562765927
0.13632774686978638
0.1363243890435088
0.13632055152776298
0.13631575463308074
0.13631047804893023
0.13629416860701057
0.1362778591650909
0.13626107003370297
0.13624332152337862
0.1362260527025225
0.13620878388166635
0.13619199475027843
0.13617520561889054
0.13615889617697088
0.1361440258034559
0.13613011480887732
0.13611764288270345
0.13610613033546604
0.13609653654610152
0.136101813130252
0.13610900847227536
0.13611716319323522
0.13612675698259974
0.13613731015090072
0.13614882269813813
0.1361617743137802
0.1361747259294223
0.13618815723453265
0.13620206822911118
0.13621597922368975
0.13622941052880008
0.13624380121284685
0.13625723251795718
0.1362692247546628
0.13628169668083667
0.1362932092280741
0.1363028030174386
0.1363119171173349
0.13631431556467605
0.13631527494361248
0.13631527494361248
0.13631383587520782
0.1363119171173349
0.13630951866999377
0.13630712022265265
0.13630424208584332
0.13630184363850217
0.13629896550169282
0.1362970467438199
0.13629560767541524
0.13629464829647878
0.13629464829647878
0.136295127985947
0.1362970467438199
0.13630088425956574
0.136305681154248
0.13631287649627136
0.13632151090669944
0.13633158438553217
0.13634309693276958
0.13635556885894345
0.13636852047458556
0.1363824314691641
0.13639538308480623
0.1364078550109801
0.1364193675582175
0.1364304004159867
0.136439514515883
0.13644718954737461
0.1364524661315251
0.13645534426833444
0.13645534426833444
0.13645198644205686
0.1364452707895017
0.13643519731066894
0.13642032693715395
0.13640161904789314
0.13637763457448185
0.13634837351692009
0.13631383587520782
0.13623612618135525
0.1361555383506933
0.13607543020949955
0.13599820020511522
0.13592672647434956
0.1358643668434802
0.13587060280656715
0.13588739193795504
0.13591377485870745
0.13594831250041972
0.13599004548415536
0.1360370550520415
0.1360888615146099
0.13614354611398763
0.1362001494712383
0.13625771220742539
0.13631431556467605
0.1363488532063883
0.1363819517796959
0.13641313159513058
0.13644287234216057
0.13647117402078587
0.1364975569415383
0.1365215414149496
0.13654504619889268
0.13656663222496285
0.13658725887209655
0.13660548707188913
0.13662275589274528
0.13663858564519674
0.1366529763292435
0.13666592794488558
0.13667792018159125
0.13668799366042397
0.1366975874497885
0.1367052624812801
0.13671341720223998
0.13671917347585869
0.1367234906810727
0.13672732819681852
0.1367292469546914
0.1367311657125643
0.1367311657125643
0.1367306860230961
0.13672876726522318
0.13672684850735028
0.1367234906810727
0.13671917347585869
0.13671437658117638
0.13670814061808947
0.13670190465500254
0.13669470931297914
0.13668751397095574
0.13667839987105945
0.13666928577116316
0.13665969198179867
0.13664961850296592
0.13663858564519674
0.13662707309795932
0.13661556055072188
0.136603088624548
0.13659061669837413
0.13657766508273203
0.1365642337776217
0.13655032278304316
0.13653641178846462
0.13652202110441786
0.13650763042037106
0.1364932397363243
0.13647788967334104
0.1364634989892943
0.13644814892631105
0.13643327855279608
0.13641840817928105
0.13640353780576606
0.1363881877427828
0.13637331736926783
0.13635844699575284
0.13634405631170604
0.13632918593819104
0.13631479525414428
0.1362965670543517
0.1362778591650909
0.1362601106547665
0.1362428418339104
0.1362260527025225
0.13620926357113458
0.13619391350815135
0.13617856344516813
0.13616417276112136
0.1361497820770746
0.13613683046143246
0.13612435853525862
0.1361133256774894
0.13610277250918845
0.13609365840929216
0.1360855036883323
0.13607878803577714
0.13607255207269023
0.13606775517800798
0.1360643973517304
0.13606295828332568
0.13606247859385748
0.13606343797279394
0.13606535673066683
0.13606967393588085
0.1360759098989678
0.13608310524099118
0.13610613033546604
0.13613059449834555
0.1361555383506933
0.13618096189250928
0.13620494636592057
0.13622845114986362
0.13625051686540202
0.13626970444413106
0.13628649357551895
0.13630040457009748
0.13630999835946203
0.13631479525414428
0.13629224984913765
0.13626490754944878
0.13623660587082345
0.136205905744857
0.13617568530835877
0.1361469039402652
0.1361205210195128
0.1360984553039744
0.1361037318881249
0.13611380536695766
0.13612723667206797
0.1361445054929241
0.13616417276112136
0.1361852790977233
0.13620782450272992
0.13623084959720475
0.13625339500221137
0.13627546071774976
0.13629608736488347
0.13631431556467605
0.13631431556467605
0.1363109577383985
0.13630520146477976
0.13629608736488347
0.13628409512817782
0.13626970444413106
0.13625099655487025
0.13623036990773654
0.13620638543432523
0.13617904313463636
0.1361349117035596
0.13608982089354635
0.13604473008353313
0.1360015580313928
0.13596222349499826
0.13592864523222248
0.13593632026371408
0.13595071094776084
0.13597085790542635
0.13599532206830586
0.13602410343639942
0.1360557629413023
0.13609030058301458
0.13612675698259974
0.1361632133821849
0.13620062916070652
0.13623660587082345
0.13625675282848893
0.1362749810282815
0.13629224984913765
0.1363080796015891
0.13632199059616765
0.13633494221180975
0.13634645475904716
0.13635652823787991
0.1363656423377762
0.13637379705873606
0.13637955333235477
0.13638482991650525
0.13639010650065572
0.1363929846374651
0.13639538308480623
0.1363968221532109
0.13639730184267912
0.1363968221532109
0.13639586277427443
0.1363934643269333
0.13639106587959218
0.1363872283638464
0.13638291115863235
0.13637763457448185
0.1363713986113949
0.1363656423377762
0.13635844699575284
0.13635173134319767
0.13634357662223784
0.13633542190127798
0.1363263078013817
0.13631767339095363
0.1363080796015891
0.1362984858122246
0.13628793264392364
0.1362778591650909
0.13626778568625814
0.14039599324980978
0.14032979610319463
0.14017965329963994
0.13996427272840653
0.13969612631566827
0.13938576722972615
0.1390523830493092
0.13871180352686885
0.1383640286624051
0.1379817161562291
0.13754807687695292
0.13714417834470677
0.1367733783857682
0.13645678333673913
0.13636420326937154
0.13629992488062928
0.1362615497231712
0.13624619966018797
0.13624763872859266
0.1362634684810441
0.13629177015966942
0.13632822655925458
0.13637235799033137
0.13641888786874928
0.13647165371025413
0.1365215414149496
0.1365752666353909
0.13665537477658463
0.1367383610545877
0.13681559105897206
0.13689761795803868
0.13693839156283788
0.13697101044667723
0.13700602777785773
0.13703768728276064
0.13707414368234577
0.13711299852927208
0.13715329244460306
0.13719742387567982
0.1373005571113484
0.13740944662063564
0.13751257985630422
0.13761139588675875
0.13770493533306277
0.13779127943734343
0.13786467192598198
0.1379299096936607
0.13793230814100185
0.13792127528323264
0.13790112832556717
0.13786419223651378
0.13782341863171457
0.1377644168271228
0.13769486185423005
0.13761955060771858
0.13752601116141452
0.13737346991051871
0.1372170911438771
0.13706359051404482
0.1369072117474032
0.1367647439753401
0.1366289918558322
0.13650331321515702
0.13639202525852864
0.13629800612275636
0.13622125580784025
0.136161294624312
0.13612483822472685
0.13619439319761958
0.13628313574924136
0.13639202525852864
0.13650715073090286
0.1366198777559359
0.13672876726522318
0.13683381925876464
0.13693215559975094
0.1370170606356269
0.1370870952979879
0.13710676256618515
0.13699499492008854
0.1368482099428114
0.13666736701329027
0.13645390519992975
0.1362836154387096
0.1362893717123283
0.13629368891754234
0.13629800612275636
0.13630184363850217
0.13630472177531153
0.1363075999121209
0.1363075999121209
0.1363080796015891
0.1363080796015891
0.1363080796015891
0.1363080796015891
0.1363075999121209
0.1363080796015891
0.1363080796015891
0.1363080796015891
0.1363080796015891
0.1363080796015891
0.1363080796015891
0.1363075999121209
0.1363075999121209
0.1363075999121209
0.1363080796015891
0.1363080796015891
0.1363080796015891
0.1363080796015891
0.1363075999121209
0.1363075999121209
0.1363075999121209
0.1363075999121209
0.1363075999121209
0.1363075999121209
0.13630712022265265
0.13630664053318445
0.13630664053318445
0.13630664053318445
0.13630664053318445
0.1363061608437162
0.1363061608437162
0.1363061608437162
0.1363061608437162
0.1363061608437162
0.1363061608437162
0.1363061608437162
0.13630520146477976
0.13630520146477976
0.13630520146477976
0.13630520146477976
0.13630520146477976
0.13630472177531153
0.13630472177531153
0.13630424208584332
0.13630424208584332
0.13630424208584332
0.13629896550169282
0.1362932092280741
0.1362874529544554
0.13628121699136847
0.13627402164934507
0.13626634661785347
0.13625723251795718
0.1362466793496562
0.1362351668024188
0.13622173549730845
0.13620686512379346
0.13619007599240557
0.13617088841367653
0.13615266021388392
0.1361334726351549
0.1361147647458941
0.13609653654610152
0.13608070679365006
0.13606823486747618
0.13606055983598456
0.13605768169917523
0.13606199890438925
0.1360739911410949
0.13609509747769682
0.1361262772931315
0.13621358077634863
0.13627066382306752
0.13633686096968267
0.13641121283725766
0.13649084128898317
0.13657430725645445
0.13665969198179867
0.13674507670714287
0.13682710360620948
0.13690673205793497
0.1369796448571053
0.137044882624784
0.13709956722416175
0.1371432189657703
0.13717391909173676
0.13718830977578353
0.1371854316389742
0.1371633659234358
0.1371182751134226
0.13705111858787095
0.1369590182099716
0.13684005522185158
0.1366918311761698
0.13651146793611685
0.13629944519116105
0.13590562013774762
0.13597277666329924
0.13616801027686717
0.1363075999121209
0.1364304004159867
0.1365378508568693
0.13662995123476865
0.13670766092862124
0.13677241900683174
0.13682422546940012
0.1368645193847311
0.1368923413738882
0.1369115289526172
0.13691968367357707
0.13691968367357707
0.1369115289526172
0.13689473982122932
0.1368717147267545
0.13684341304812916
0.13680935509588513
0.13676954087002238
0.13672732819681852
0.13668223738680527
0.1366342684399827
0.1365843807352872
0.1365340133411235
0.136484125636428
0.1364342379317325
0.13638626898490994
0.1363392594170238
0.13629608736488347
0.1362538746916796
0.13621454015528509
0.13617904313463636
0.136146424250797
0.13611764288270345
0.13609125996195104
0.13606823486747618
0.13604760822034248
0.13602938002054987
0.13601450964703488
0.13600203772086103
0.13599100486309182
0.135982850142132
0.13597709386851328
0.1359737360422357
0.13597133759489458
0.13597133759489458
0.13597277666329924
0.13597613448957682
0.13598045169479087
0.13598668765787778
0.1359938829999012
0.13600299709979746
0.13601211119969375
0.1360226643679947
0.13603417691523215
0.13604664884140602
0.13605960045704812
0.13607303176215843
0.136086942756737
0.13610085375131553
0.13611524443536233
0.13613011480887732
0.1361445054929241
0.13615889617697088
0.13617328686101765
0.1361871978555962
0.13620110885017475
0.13621406046581683
0.1362265323919907
0.13623804493922814
0.13624955748646556
0.13625915127583008
0.13626826537572634
0.13627594040721797
0.13628265605977313
0.13628793264392364
0.1362912904702012
0.13629416860701057
0.13629464829647878
0.13629272953860588
0.13628985140179653
0.13628217637030493
0.13627210289147218
0.13626107003370297
0.13624811841806087
0.13623420742348233
0.13621837767103087
0.13620206822911118
0.13618479940825506
0.1361670508979307
0.13614786331920167
0.1361296351194091
0.13610996785121182
0.1360907802724828
0.13607159269375377
0.13605240511502473
0.13603417691523215
0.13601594871543957
0.13599867989458345
0.13598189076319553
0.1359665407002123
0.1359521500161655
0.1359387187110552
0.13592768585328602
0.13591713268498504
0.1359089779640252
0.13590274200093824
0.13589890448519246
0.13589650603785133
0.13589698572731954
0.13589986386412892
0.13590562013774762
0.13591377485870745
0.1359257670954131
0.1359401577794599
0.13595790628978424
0.1359794923158544
0.13600443616820215
0.13603273784682746
0.13606583642013506
0.13613874921930538
0.13615793679803442
0.1361646524505896
0.1361617743137802
0.13614930238760634
0.13613203356675022
0.13610996785121182
0.13608646306726876
0.13606391766226214
0.13604329101512844
0.13602842064161344
0.13603609567310504
0.1360500066676836
0.1360687145569444
0.1360907802724828
0.1361162038142988
0.13614354611398763
0.13617088841367653
0.13619775102389717
0.13622365425518138
0.13624715903912443
0.13626634661785347
0.13628121699136847
0.13627402164934507
0.13626202941263943
0.13624571997071974
0.1362265323919907
0.13620446667645233
0.13618000251357282
0.13615505866122504
0.1361296351194091
0.13610469126706137
0.13608166617258652
0.13606055983598456
0.13604185194672375
0.1360279409521452
0.13601786747331246
0.13601259088916198
0.13601402995756667
0.1360226643679947
0.13603801443097796
0.13606199890438925
0.13613395232462314
0.13616225400324847
0.13618096189250928
0.1361929541292149
0.13619727133442894
0.13619631195549248
0.13619103537134203
0.13618096189250928
0.13616848996633538
0.13615361959282038
0.13613731015090072
0.1361219600879175
0.13610661002493424
0.13609317871982393
0.13608214586205472
0.13607543020949955
0.13608262555152295
0.13609365840929216
0.13610804909333896
0.13612483822472685
0.13614306642451943
0.1361632133821849
0.1361838400293186
0.13620446667645233
0.13622461363411784
0.1362428418339104
0.1362601106547665
0.13627402164934507
0.13627018413359926
0.13626394817051235
0.13625483407061603
0.13624332152337862
0.13623036990773654
0.13621549953422152
0.13619966978177006
0.13618288065038214
0.1361651321400578
0.13614738362973347
0.13612387884579039
0.13609941468291087
0.13607495052003135
0.13604904728874714
0.1360226643679947
0.13600491585767038
0.13598572827894131
0.13596606101074407
0.13594495467414214
0.13592288895860374
0.13590130293253358
0.13587875752752698
0.1358566918119886
0.13583414640698196
0.13581304007038003
0.13579145404430987
0.13577082739717616
0.13575163981844712
0.1357329319291863
0.13571614279779842
0.13570079273481517
0.13568736142970486
0.13567584888246745
0.1356662550931029
0.13565905975107953
0.1356547425458655
0.13565330347746082
0.13565426285639728
0.13565858006161133
0.1356662550931029
0.13567776764034034
0.13569311770332357
0.13571182559258438
0.13573485068705923
0.1357621929867481
0.13579433218111922
0.13583078858070438
0.13587252156444002
0.13596989852648989
0.1360687145569444
0.13611812257217168
0.1361651321400578
0.13621070263953927
0.1362543543811478
0.13629560767541524
0.13633494221180975
0.1363728376797996
0.1364078550109801
0.1364419129632241
0.13647453184706346
0.13650427259409348
0.1365340133411235
0.13656135564081237
0.1365858198036919
0.1366102839665714
0.13663186999264157
0.1366529763292435
0.13667168421850429
0.1366899124182969
0.1367067015496848
0.13672109223373155
0.13673500322831011
0.136747475154484
0.13675802832278494
0.1367681018016177
0.13677625652257755
0.13678345186460092
0.13679016751715609
0.13679448472237013
0.13679880192758417
0.13680072068545704
0.1368031191327982
0.13680407851173462
0.13680359882226642
0.13680263944332996
0.13680024099598884
0.1367978425486477
0.13679448472237013
0.13678968782768788
0.1367848909330056
0.13677817528045044
0.13677145962789528
0.13676378459640365
0.13675610956491208
0.1367479548439522
0.13673788136511947
0.13672876726522318
0.13671821409692222
0.13670766092862124
0.13669710776032026
0.13668463583414642
0.136673123286909
0.1366606513607351
0.13664817943456123
0.13663570750838736
0.13662179651380882
0.13660884489816671
0.13659493390358818
0.13658150259847784
0.13656711191443108
0.13655320091985254
0.1365397696147422
0.1365253789306954
0.13651146793611685
0.1364970772520701
0.13648364594695978
0.13647021464184947
0.13645582395780267
0.13644239265269234
0.13642896134758203
0.13641600973193993
0.1364025784268296
0.13639010650065572
0.13637811426395008
0.1363656423377762
0.136354609480007
0.13634309693276958
0.13633302345393686
0.13632247028563588
0.13631287649627136
0.13630328270690686
0.13629464829647878
0.13628649357551895
0.13627881854402735
0.13627210289147218
0.13626634661785347
0.13626107003370297
0.1362557934495525
0.13625195593380668
0.13624907779699733
0.1362466793496562
0.13624524028125154
0.13624428090231508
0.13624524028125154
0.13624619966018797
0.13624763872859266
0.13624955748646556
0.1362524356232749
0.13625483407061603
0.13625819189689362
0.13626107003370297
0.1362629887915759
0.136265387238917
0.13626586692838522
0.13626634661785347
0.13626490754944878
0.13626202941263943
0.13625819189689362
0.13625195593380668
0.13624332152337862
0.13622269487624492
0.13620110885017475
0.13617712437676344
0.13615361959282038
0.13612819605100443
0.1361037318881249
0.13608022710418183
0.13605768169917523
0.1360365753625733
0.13601786747331246
0.13600203772086103
0.1359886064157507
0.1359794923158544
0.1359742157317039
0.13599676113671053
0.13602314405746296
0.1360519254255565
0.13608214586205472
0.1361128459880212
0.13614354611398763
0.1361723274820812
0.13618623847665973
0.1361987104028336
0.13620782450272992
0.13621645891315798
0.13622221518677669
0.13622701208145896
0.13623036990773654
0.1362318089761412
0.13623372773401413
0.13623420742348233
0.13623468711295056
0.13623420742348233
0.13623468711295056
0.13623420742348233
0.1362351668024188
0.13623324804454587
0.1362322886656094
0.13623132928667298
0.1362318089761412
0.1362318089761412
0.13623324804454587
0.13623468711295056
0.13623660587082345
0.13623804493922814
0.13624140276550573
0.13624380121284685
0.13624763872859266
0.13625051686540202
0.13625483407061603
0.13625819189689362
0.1362629887915759
0.13626682630732168
0.13627210289147218
0.13627642009668622
0.13628121699136847
0.13628649357551895
0.136290810780733
0.13629608736488347
0.13630088425956574
0.136305681154248
0.13631047804893023
0.13631527494361248
0.13631959214882652
0.1363243890435088
0.13632870624872281
0.13633302345393686
0.13633686096968267
0.13634021879596026
0.13634405631170604
0.13634693444851542
0.13634933289585655
0.13635221103266587
0.136354609480007
0.13635556885894345
0.13635748761681638
0.13635748761681638
0.13635844699575284
0.13635796730628458
0.13635796730628458
0.13635652823787991
0.13635508916947525
0.13635221103266587
0.13634933289585655
0.13634597506957896
0.13634165786436492
0.13633638128021444
0.13633110469606396
0.13632486873297703
0.13631815308042186
0.13630999835946203
0.13630136394903394
0.1362912904702012
0.13628121699136847
0.13626970444413106
0.13625771220742539
0.13624428090231508
0.13623036990773654
0.13621549953422152
0.13619919009230186
0.1361819212714457
0.13616417276112136
0.1361445054929241
0.13612291946685393
0.13610085375131553
0.13607734896737247
0.1360533644939612
0.13602842064161344
0.13600443616820215
0.13597853293691795
0.13595406877403843
0.13592912492169068
0.13590418106934296
0.13587971690646344
0.13585573243305213
0.1358327073385773
0.13581016193357068
0.13578905559696874
0.13576890863930324
0.13575020075004243
0.1357324522397181
0.13571662248726662
0.13570223180321989
0.13568975987704598
0.13567920670874503
0.1356710519877852
0.13566481602469824
0.13566097850895245
0.1356604988194842
0.13566145819842065
0.1356662550931029
0.13567345043512632
0.13568400360342728
0.13569791459800584
0.13571470372939373
0.13573581006599567
0.13576027422887518
0.13578809621803228
0.13582023541240343
0.1358566918119886
0.13589698572731954
0.13594207653733278
0.13599148455256005
0.13609989437237907
0.13615122114547926
0.13619775102389717
0.13623948400763283
0.13627689978615443
0.13630951866999377
0.13633830003808733
0.13636276420096685
0.13638339084810056
0.13640113935842493
0.13641457066353524
0.13642512383183622
0.13643279886332782
0.13643663637907363
0.136439514515883
0.13643807544747832
0.1364356770001372
0.1364304004159867
0.13642368476343153
0.13641457066353524
0.1364040174952343
0.13639202525852864
0.1363785939534183
0.13636468295883974
0.1363488532063883
0.1363335031434051
0.1363171937014854
0.13630040457009748
0.13628313574924136
0.13626634661785347
0.13624955748646556
0.13623276835507767
0.1362169386026262
0.13620158853964298
0.13618767754506445
0.1361742462399541
0.1361617743137802
0.13615122114547926
0.13613778984036892
0.1361262772931315
0.13611572412483053
0.13610613033546604
0.1360984553039744
0.13609125996195104
0.1360855036883323
0.1360792677252454
0.13607495052003135
0.1360706333148173
0.13606679579907152
0.13606343797279394
0.13606055983598456
0.13605720200970697
0.13605432387289765
0.13605384418342942
0.13605384418342942
0.1360533644939612
0.1360533644939612
0.1360533644939612
0.1360533644939612
0.13605288480449296
0.1360533644939612
0.13605480356236585
0.1360557629413023
0.13605672232023877
0.13605768169917523
0.1360591207675799
0.13606055983598456
0.13606151921492102
0.13854247314458512
0.13857077482321042
0.13859475929662174
0.13860579215439095
0.13861202811747786
0.1386019546386451
0.13858996240193946
0.1385683763758693
0.13853671687096641
0.13849834171350833
0.1384566087297727
0.13840816009348186
0.1383529958046359
0.1382935143105759
0.13822731716396072
0.13815296529638574
0.1380781337393425
0.1380018631138946
0.13791791745695506
0.13783253273161086
0.1377404323537115
0.13761091619729052
0.13747852190406018
0.1373456479213616
0.13721133487025838
0.13707846088755982
0.13694462752592482
0.13681511136950383
0.13668511552361462
0.13655895719347125
0.13645006768418397
0.13641457066353524
0.13638674867437814
0.136365162648308
0.13634069848542846
0.13632390935404057
0.13631335618573961
0.1363028030174386
0.13629944519116105
0.13629896550169282
0.13630184363850217
0.1363085592910573
0.13631863276989006
0.13633158438553217
0.13634837351692009
0.13636420326937154
0.13638435022703702
0.13640689563204364
0.13642896134758203
0.13645198644205686
0.1364769302944046
0.13650523197302994
0.1365325742727188
0.1365603962618759
0.13658725887209655
0.1366141214823172
0.13664050440306963
0.13666880608169496
0.1366942296235109
0.13671773440745397
0.13674507670714287
0.1367848909330056
0.13682278640099543
0.13685588497430304
0.13688946323707885
0.13692112274198176
0.13694894473113886
0.1369743682729548
0.13699931212530256
0.13702377628818208
0.1370386466616971
0.1370328903880784
0.13702713411445966
0.1370184997040316
0.1370127434304129
0.13700362933051657
0.13699307616221562
0.13698108392550998
0.13697053075720902
0.13695661976263043
0.1369427087680519
0.136925919636664
0.13691248833155367
0.13689569920016578
0.13687891006877786
0.1368630803163264
0.13684629118493852
0.13682614422727302
0.1368074363380122
0.13678872844875142
0.13677050024895882
0.13675179235969803
0.13673356415990545
0.13671533596011284
0.13669518900244737
0.13667456235531367
0.1366568138449893
0.13663858564519674
0.13662083713487236
0.1366011698666751
0.13658342135635076
0.1365642337776217
0.13654696495676558
0.13653161489378235
0.13651434607292623
0.136498996009943
0.1364802881206822
0.13646541774716717
0.13645198644205686
0.13643711606854186
0.13642272538449507
0.13641121283725766
0.1363968221532109
0.13638578929544168
0.13637427674820427
0.13636324389043508
0.1363536501010706
0.13634405631170604
0.13633446252234155
0.13632678749084992
0.13632007183829475
0.13631239680680315
0.13630664053318445
0.13630184363850217
0.1362965670543517
0.13629224984913765
0.13628985140179653
0.13628649357551895
0.13628505450711426
0.13628457481764605
0.13628265605977313
0.13628409512817782
0.13628409512817782
0.1362855341965825
0.13628889202286007
0.13629272953860588
0.13629608736488347
0.13630088425956574
0.1363061608437162
0.1363119171173349
0.1363171937014854
0.13632678749084992
0.1363339828328733
0.13634357662223784
0.136354609480007
0.136365162648308
0.13637715488501365
0.13640113935842493
0.136424644142368
0.13645006768418397
0.13647645060493638
0.13650139445728413
0.13652633830963187
0.13655032278304316
0.13657286818804978
0.13659829172986576
0.1366213168243406
0.13664242316094252
0.13666161073967156
0.13667983893946414
0.13670238434447077
0.1367254094389456
0.13674603608607933
0.1367642642858719
0.1367752971436411
0.1367863300014103
0.13679352534343367
0.13675994708065786
0.13672301099160447
0.136677440492123
0.13662995123476865
0.13658006353007318
0.136528736756973
0.1364726130891906
0.13641792848981282
0.1363637235799033
0.13630951866999377
0.13628697326498718
0.13626682630732168
0.13624715903912443
0.1362150198447533
0.13618575878719152
0.13615649772962976
0.13612915542994086
0.1361013334407838
0.13607543020949955
0.13604952697821537
0.13602410343639942
0.13599724082617876
0.13597037821595812
0.1359200108217944
0.1359219295796673
0.1359238483375402
0.1359272061638178
0.13593008430062714
0.13593392181637295
0.13593775933211877
0.13594207653733278
0.13594687343201506
0.1359516703266973
0.13595646722137955
0.13596222349499826
0.135967979768617
0.13597325635276747
0.1359794923158544
0.1359852485894731
0.13599148455256005
0.13599724082617876
0.13600395647873392
0.13601019244182086
0.1360164284049078
0.1360226643679947
0.13602938002054987
0.1360351362941686
0.13604137225725554
0.13604760822034248
0.1360533644939612
0.13605960045704812
0.1360648770411986
0.1360701536253491
0.1360759098989678
0.13608070679365006
0.1360855036883323
0.13608982089354635
0.13609413809876036
0.13609749592503795
0.13610085375131553
0.13610421157759311
0.1361070897144025
0.13610948816174362
0.1361114069196165
0.13611236629855294
0.1361133256774894
0.13611380536695766
0.13611380536695766
0.1361128459880212
0.13611188660908474
0.13610661002493424
0.13609989437237907
0.13609317871982393
0.13608598337780053
0.13607878803577714
0.13607111300428557
0.13606295828332568
0.13605480356236585
0.13604712853087425
0.13603897380991442
0.1360308190889546
0.1360226643679947
0.13601498933650313
0.13600779399447974
0.13600107834192457
0.1359938829999012
0.13598764703681424
0.13598189076319553
0.13597661417904505
0.13597181728436278
0.135967979768617
0.1359646219423394
0.13596222349499826
0.1359607844265936
0.13595982504765713
0.13596030473712536
0.13596126411606183
0.135972296973831
0.13598380952106845
0.13599580175777407
0.13600875337341617
0.1360217049890583
0.13603465660470038
0.13604664884140602
0.13605864107811166
0.1360701536253491
0.13608070679365006
0.13608982089354635
0.13609749592503795
0.13609365840929216
0.1360888615146099
0.13608310524099118
0.1360759098989678
0.13606727548853972
0.13605768169917523
0.13604760822034248
0.1360370550520415
0.1360255425048041
0.13601402995756667
0.13599915958405165
0.1359852485894731
0.13597037821595812
0.13595598753191135
0.13594111715839635
0.1359272061638178
0.13591377485870745
0.13590034355359712
0.13588787162742327
0.1358753997012494
0.1358643668434802
0.13585429336464744
0.13584517926475118
0.13583702454379132
0.1358403823700689
0.13584469957528295
0.13585045584890165
0.13585621212252036
0.135863887154012
0.13587156218550359
0.13588019659593165
0.13588931069582794
0.13589890448519246
0.1359089779640252
0.13591905144285796
0.1359296046111589
0.1359401577794599
0.13595071094776084
0.13596126411606183
0.13597133759489458
0.13598141107372733
0.13599100486309182
0.1359996392735199
0.13600875337341617
0.1360164284049078
0.13602362374693117
0.13603033939948633
0.13603561598363684
0.13604041287831908
0.13604377070459667
0.1360461691519378
0.13604712853087425
0.1360365753625733
0.1360255425048041
0.1360130705786302
0.1360001189629881
0.13598668765787778
0.13597277666329924
0.13595934535818893
0.13594543436361037
0.13593200305850006
0.13591953113232616
0.1359070592061523
0.1359032216904065
0.13590034355359712
0.13589842479572425
0.13589698572731954
0.1358960263483831
0.13589650603785133
0.13589698572731954
0.13589842479572425
0.13590034355359712
0.13590274200093824
0.13590562013774762
0.1359094576534934
0.13591329516923925
0.13591761237445327
0.13592240926913554
0.13592816554275425
0.13593344212690472
0.13593919840052343
0.13594495467414214
0.1359516703266973
0.13595790628978424
0.1359646219423394
0.13597133759489458
0.13597853293691795
0.1359852485894731
0.13599196424202828
0.13599915958405165
0.13600587523660682
0.1360130705786302
0.13601978623118538
0.13602650188374055
0.13603321753629571
0.13603945349938262
0.13604520977300133
0.13605144573608827
0.13605768169917523
0.13606247859385748
0.13606775517800798
0.13607255207269023
0.13607638958843601
0.13608070679365006
0.13608406461992764
0.13608742244620523
0.13608982089354635
0.13609173965141924
0.13609317871982393
0.13609365840929216
0.13609365840929216
0.13609365840929216
0.13609221934088747
0.13609125996195104
0.13608838182514166
0.1360855036883323
0.1360811864831183
0.13607638958843601
0.1360706333148173
0.13606391766226214
0.13605720200970697
0.13604904728874714
0.13603561598363684
0.13602122529959004
0.13600683461554328
0.13599196424202828
0.13597757355798148
0.13596366256340295
0.13595023125829264
0.13593775933211877
0.1359257670954131
0.13591569361658037
0.13590753889562054
0.13590082324306538
0.1358960263483831
0.13589362790104198
0.1358941075905102
0.1358974654167878
0.13590418106934296
0.13591329516923925
0.13592624678488133
0.13596414225287118
0.1359833298316002
0.1360001189629881
0.13601402995756667
0.1360260221942723
0.1360351362941686
0.13604377070459667
0.13604952697821537
0.13605432387289765
0.13605720200970697
0.13605816138864343
0.1360591207675799
0.13605816138864343
0.13605672232023877
0.13605384418342942
0.13605144573608827
0.1360480879098107
0.1360442503940649
0.13603993318885085
0.13603609567310504
0.13603177846789102
0.1360221846785265
0.1360130705786302
0.13600443616820215
0.13599580175777407
0.13598764703681424
0.1359794923158544
0.13597181728436278
0.13596414225287118
0.13595646722137955
0.13594975156882438
0.13594303591626922
0.1359367999531823
0.13593056399009537
0.13592480771647666
0.13592432802700843
0.13592336864807197
0.13592288895860374
0.13592240926913554
0.13592288895860374
0.13592288895860374
0.13592336864807197
0.13592432802700843
0.1359252874059449
0.13592624678488133
0.1359272061638178
0.13592864523222248
0.13593056399009537
0.13593200305850006
0.13593392181637295
0.13593536088477762
0.1359372796426505
0.1359387187110552
0.1359406374689281
0.13594255622680101
0.13594447498467394
0.1359459140530786
0.13594783281095152
0.13594927187935618
0.13746748904629097
0.13749051414076582
0.1375087423405584
0.13751881581939115
0.13752792991928744
0.1375322471245015
0.13753176743503326
0.13752601116141452
0.13751881581939115
0.13750970171949486
0.13749675010385276
0.13747996097246484
0.1374602937042676
0.13743918736766567
0.13741664196265904
0.13739121842084306
0.1373619573632813
0.13733461506359243
0.13730295555868952
0.13727177574325486
0.1372377177910108
0.137204139528235
0.13716960188652272
0.13713314548693759
0.1370981281557571
0.13706071237723547
0.13702665442499143
0.13698779957806512
0.13694750566273417
0.13689665857910222
0.13684485211653385
0.13679304565396547
0.13674027981246062
0.13668415614467816
0.1366309106137051
0.13657478694592268
0.13651866327814027
0.1364634989892943
0.1364078550109801
0.13635173134319767
0.13629033109126476
0.13623132928667298
0.13620638543432523
0.13619151506081023
0.13617664468729523
0.13616657120846248
0.13615361959282038
0.13614546487186055
0.13613683046143246
0.13613059449834555
0.13612675698259974
0.13612435853525862
0.13612291946685393
0.13612100070898103
0.13612148039844926
0.13612387884579039
0.13612579760366328
0.13613059449834555
0.1361353913930278
0.13614210704558297
0.13614930238760634
0.13615505866122504
0.13616417276112136
0.13617520561889054
0.1361838400293186
0.13619439319761958
0.13620494636592057
0.13621789798156267
0.13622797146039542
0.13624044338656927
0.1362524356232749
0.13626442785998055
0.1362778591650909
0.1362893717123283
0.1363028030174386
0.13631527494361248
0.1363263078013817
0.13633830003808733
0.1363507719642612
0.1363598860641575
0.13637187830086314
0.1363819517796959
0.13639058619012398
0.13640497687417072
0.1364208066266222
0.1364361566896054
0.1364491083052475
0.13646253961035784
0.13647501153653172
0.1364874834627056
0.13649803663100654
0.1365066710414346
0.1365157851413309
0.13652441955175898
0.13652969613590946
0.13653689147793283
0.13654072899367864
0.13653545240952816
0.136528736756973
0.13652010234654494
0.13651146793611685
0.13650235383622056
0.13649036159951494
0.13647788967334104
0.13646253961035784
0.13644862861577928
0.13643279886332782
0.13641744880034462
0.13640017997948847
0.13638482991650525
0.1363670814061809
0.13634933289585655
0.13633158438553217
0.13631431556467605
0.136295127985947
0.1362778591650909
0.13625915127583008
0.1362409230760375
0.13622221518677669
0.13620302760804764
0.13618479940825506
0.1361670508979307
0.13614786331920167
0.13612915542994086
0.1361114069196165
0.13609461778822862
0.13607734896737247
0.13605960045704812
0.1360428113256602
0.13602650188374055
0.13601019244182086
0.13599532206830586
0.1359794923158544
0.1359646219423394
0.13595023125829264
0.1359367999531823
0.1359238483375402
0.13591137641136633
0.13589986386412892
0.1358888310063597
0.13587827783805875
0.13586772466975777
0.13585861056986148
0.13584997615943342
0.1358423011279418
0.13583510578591843
0.1358288698228315
0.13582263385974455
0.1358183166545305
0.13581351975984826
0.1358106416230389
0.13580776348622955
0.13580584472835663
0.1358048853494202
0.1358048853494202
0.13580536503888843
0.13580632441782486
0.13580776348622955
0.1358106416230389
0.13581447913878472
0.13581879634399877
0.13582407292814921
0.13582982920176792
0.13583606516485489
0.13584326050687826
0.13585189491730632
0.1358605293277344
0.1358701231170989
0.13588019659593165
0.13589122945370086
0.1359032216904065
0.13591521392711214
0.13594879218988792
0.13598141107372733
0.13601355026809844
0.13604568946246956
0.13607255207269023
0.13609941468291087
0.13612339915632216
0.13614786331920167
0.13616992903474007
0.13619199475027843
0.1362111823290075
0.13623084959720475
0.13624763872859266
0.13626442785998055
0.13626778568625814
0.1362687450651946
0.13626970444413106
0.13626970444413106
0.1362687450651946
0.13626730599678993
0.13626442785998055
0.13626107003370297
0.13625675282848893
0.13625099655487025
0.13624476059178328
0.13623948400763283
0.13623132928667298
0.13622461363411784
0.13621549953422152
0.13620686512379346
0.13619631195549248
0.13618000251357282
0.13616273369271667
0.13614594456132875
0.1361296351194091
0.1361133256774894
0.1360984553039744
0.13608454430939587
0.13607111300428557
0.13606103952545281
0.13606199890438925
0.13606535673066683
0.13606967393588085
0.13607543020949955
0.1360811864831183
0.13609030058301458
0.13609893499344264
0.1361075694038707
0.13611812257217168
0.13612867574047263
0.1361406679771783
0.13615313990335218
0.1361651321400578
0.13617664468729523
0.1361838400293186
0.13619199475027843
0.13619775102389717
0.13620350729751587
0.13620830419219812
0.1362131010868804
0.1362169386026262
0.13621933704996733
0.13622221518677669
0.13622461363411784
0.13622557301305424
0.1362260527025225
0.1362265323919907
0.1362260527025225
0.13622509332358604
0.13622365425518138
0.13622269487624492
0.13621981673943553
0.13621549953422152
0.13621214170794393
0.13620782450272992
0.13620158853964298
0.13618815723453265
0.1361723274820812
0.1361560180401615
0.13613970859824184
0.1361224397773857
0.13610469126706137
0.1360850239988641
0.13606775517800798
0.1360485675992789
0.13602842064161344
0.13600875337341617
0.13598956579468716
0.135967979768617
0.13594831250041972
0.13590130293253358
0.13589986386412892
0.1358993841746607
0.135897945106256
0.13589698572731954
0.1358960263483831
0.13589554665891487
0.1358941075905102
0.13589314821157375
0.13589266852210552
0.1358917091431691
0.13589122945370086
0.1358902700747644
0.13588979038529617
0.13588931069582794
0.1358888310063597
0.1358883513168915
0.13588787162742327
0.13588739193795504
0.13588739193795504
0.1358869122484868
0.1358869122484868
0.1358869122484868
0.1358869122484868
0.1358869122484868
0.13588739193795504
0.13588787162742327
0.1358883513168915
0.13588931069582794
0.13588979038529617
0.13589074976423263
0.13589122945370086
0.1358921888326373
0.13589314821157375
0.13589362790104198
0.13589506696944667
0.13589554665891487
0.13589650603785133
0.1358974654167878
0.135897945106256
0.1358993841746607
0.13589986386412892
0.13590082324306538
0.13590178262200184
0.13590226231147004
0.1359032216904065
0.13590418106934296
0.13590466075881116
0.13590562013774762
0.13590657951668408
0.13590657951668408
0.1359070592061523
0.13590801858508875
0.13590801858508875
0.13590849827455698
0.1359089779640252
0.1359089779640252
0.1359089779640252
0.1359094576534934
0.1359089779640252
0.1359089779640252
0.1359089779640252
0.13590849827455698
0.13590801858508875
0.13590753889562054
0.1359070592061523
0.13590609982721583
0.13590514044827942
0.13590418106934296
0.1359032216904065
0.13590178262200184
0.13590034355359712
0.13589890448519246
0.1358974654167878
0.1358941075905102
0.13589074976423263
0.13588739193795504
0.13588403411167746
0.13588019659593165
0.13587683876965406
0.13587300125390828
0.1358696434276307
0.1358667652908213
0.135863887154012
0.1358610090172026
0.13585813088039328
0.13585573243305213
0.135853333985711
0.1358514152278381
0.1358494964699652
0.13584853709102873
0.1358475777120923
0.13584709802262407
0.13585093553836988
0.13585429336464744
0.13585861056986148
0.1358624480856073
0.1358667652908213
0.13587108249603536
0.1358758793907176
0.13588019659593165
0.1358845138011457
0.1358883513168915
0.1358921888326373
0.13589554665891487
0.13589650603785133
0.13589698572731954
0.1358974654167878
0.1358974654167878
0.13589698572731954
0.13589698572731954
0.13589650603785133
0.1358960263483831
0.13589554665891487
0.13589506696944667
0.1358945872799784
0.1358941075905102
0.1358941075905102
0.13589362790104198
0.13589362790104198
0.13589362790104198
0.1358941075905102
0.1358941075905102
0.1358941075905102
0.1358941075905102
0.1358945872799784
0.1358945872799784
0.1358945872799784
0.1358945872799784
0.13589554665891487
0.13589554665891487
0.13589554665891487
0.13589554665891487
0.13589554665891487
0.13589554665891487
0.1358960263483831
0.13589554665891487
0.13589554665891487
0.13589506696944667
0.1358945872799784
0.1358945872799784
0.1358941075905102
0.13589314821157375
0.1358921888326373
0.1358917091431691
0.13589074976423263
0.13588931069582794
0.13588787162742327
0.13588643255901858
0.13588499349061392
0.135883074732741
0.13587971690646344
0.13587635908018586
0.13587300125390828
0.1358696434276307
0.1358662856013531
0.13586292777507553
0.13586004963826614
0.13585717150145682
0.1358547730541157
0.13585285429624278
0.13585093553836988
0.13584997615943342
0.13585285429624278
0.1358566918119886
0.1358605293277344
0.13586484653294845
0.1358696434276307
0.13587444032231294
0.13587923721699519
0.1358845138011457
0.1358888310063597
0.1358941075905102
0.13589842479572425
0.1359032216904065
0.1359032216904065
0.1359032216904065
0.13590274200093824
0.13590226231147004
0.13590082324306538
0.1358993841746607
0.135897945106256
0.13589554665891487
0.13589362790104198
0.13589074976423263
0.13588787162742327
0.1358845138011457
0.13588163566433634
0.13587827783805875
0.13587444032231294
0.13587060280656715
0.1358667652908213
0.13586196839613907
0.13585765119092502
0.13585381367517924
0.13584853709102873
0.13584421988581472
0.13583942299113247
0.1358346260964502
0.13582982920176792
0.13582455261761747
0.1358197557229352
0.13581687758612584
0.1358139994493165
0.13581112131250714
0.13580824317569778
0.13580584472835663
0.13580296659154728
0.13580056814420616
0.13579816969686503
0.1357957712495239
0.135793852491651
0.1357919337337781
0.1357904946653734
0.13578905559696874
0.13578761652856408
0.13578713683909582
0.13578617746015936
0.13578617746015936
0.13578569777069116
0.13578617746015936
0.13578713683909582
0.13578809621803228
0.1357900149759052
0.1357919337337781
0.13579433218111922
0.13579721031792857
0.13580056814420616
0.1358048853494202
0.13580920255463422
0.13581447913878472
0.13582023541240343
0.1358269510649586
0.13583366671751376
0.13584134174900536
0.13584997615943342
0.1358610090172026
0.13587252156444002
0.1358845138011457
0.13589698572731954
0.13590849827455698
0.13591953113232616
0.1359296046111589
0.1359387187110552
0.1359459140530786
0.1359516703266973
0.13595598753191135
0.135957426600316
0.13595646722137955
0.13595262970563377
0.13594543436361037
0.1359348811953094
0.13590130293253358
0.1358662856013531
0.13583222764910907
0.13580152752314262
0.1357991290758015
0.13580200721261085
0.13580968224410245
0.1358211947913399
0.13583558547538666
0.13585237460677455
0.13587108249603536
0.13588979038529617
0.1359094576534934
0.13592768585328602
0.13594399529520568
0.1359521500161655
0.135957426600316
0.13596126411606183
0.1359627031844665
0.1359627031844665
0.13596174380553006
0.13595982504765713
0.135957426600316
0.13595406877403843
0.1359511906372291
0.13594783281095152
0.13594543436361037
0.13594255622680101
0.1359406374689281
0.1359387187110552
0.13593632026371408
0.1359348811953094
0.1359329624374365
0.13593200305850006
0.13593056399009537
0.1359296046111589
0.13592864523222248
0.13592816554275425
0.13592768585328602
0.13592768585328602
0.1359272061638178
0.1359272061638178
0.1359272061638178
0.13592768585328602
0.13592768585328602
0.13592864523222248
0.1359296046111589
0.13593056399009537
0.1359310436795636
0.13593200305850006
0.13593344212690472
0.1359348811953094
0.13593632026371408
0.13593775933211877
0.13593919840052343
0.13594111715839635
0.13594303591626922
0.13594495467414214
0.13594687343201506
0.13594879218988792
0.1359511906372291
0.13595310939510197
0.1359555078424431
0.13595790628978424
0.13596030473712536
0.1359627031844665
0.13596510163180764
0.13596750007914876
0.13596989852648989
0.135972296973831
0.13597469542117216
0.13597709386851328
0.1359794923158544
0.13598189076319553
0.13598428921053665
0.13598668765787778
0.1359890861052189
0.13599100486309182
0.1359938829999012
0.13599580175777407
0.13599772051564699
0.1359996392735199
0.1360015580313928
0.13600395647873392
0.1360053955471386
0.13600683461554328
0.13600827368394797
0.13600971275235263
0.13601115182075732
0.13601211119969375
0.13601259088916198
0.13601355026809844
0.13601402995756667
0.13601594871543957
0.13601594871543957
0.136016908094376
0.1360164284049078
0.1360164284049078
0.13601594871543957
0.13601546902597134
0.13601402995756667
0.1360130705786302
0.13601163151022555
0.13601019244182086
0.13600827368394797
0.13600635492607505
0.13600443616820215
0.13600203772086103
0.1359996392735199
0.13599724082617876
0.1359943626893694
0.13599148455256005
0.1359886064157507
0.1359852485894731
0.13598189076319553
0.13597901262638618
0.1359756548001086
0.135972296973831
0.13596893914755342
0.13596606101074407
0.1359627031844665
0.13595934535818893
0.13595598753191135
0.13595262970563377
0.13594975156882438
0.13594687343201506
0.13594399529520568
0.13594159684786455
0.1359387187110552
0.13593632026371408
0.1359348811953094
0.13593248274796826
0.1359310436795636
0.1359296046111589
0.13592912492169068
0.13592816554275425
0.13592816554275425
0.13592864523222248
0.13592912492169068
0.13593392181637295
0.13593967808999166
0.13594543436361037
0.1359521500161655
0.13595886566872067
0.13596606101074407
0.1359742157317039
0.13598237045266376
0.13599148455256005
0.1360001189629881
0.1360092330628844
0.13601882685224892
0.13602938002054987
0.13603897380991442
0.13604952697821537
0.13606055983598456
0.13607111300428557
0.13608214586205472
0.13609317871982393
0.13610421157759311
0.13611572412483053
0.13612723667206797
0.13613826952983715
0.13614930238760634
0.13616081493484378
0.13617184779261296
0.13618240096091394
0.13619343381868315
0.1362039869869841
0.13621358077634863
0.13622413394464958
0.13623324804454587
0.13624236214444216
0.13625099655487025
0.13625915127583008
0.13626682630732168
0.13627306227040864
0.13627977792296378
0.13628505450711426
0.13629033109126476
0.13629368891754234
0.1362970467438199
0.13629944519116105
0.13630040457009748
0.13630088425956574
0.13629944519116105
0.13629752643328816
0.13629416860701057
0.13628985140179653
0.1362836154387096
0.13627594040721797
0.13626730599678993
0.13625675282848893
0.13624476059178328
0.13623084959720475
0.13621549953422152
0.1361929541292149
0.13616944934527184
0.136146424250797
0.13612435853525862
0.13610613033546604
0.1360907802724828
0.13608070679365006
0.1360778286568407
0.13608214586205472
0.13609509747769682
0.1361190819511081
0.13615505866122504
0.13623708556029168
0.13631959214882652
0.1363872283638464
0.136424644142368
0.13633638128021444
0.13622173549730845
0.1361013334407838
0.13599628144724232
0.13601019244182086
0.13605384418342942
0.1361205210195128
0.13620302760804764
0.13629368891754234
0.13638482991650525
0.13646829588397655
0.13649228035738784
0.13650187414675236
0.13649947569941123
0.13648556470483267
0.1364634989892943
0.13643279886332782
0.1363968221532109
0.13635652823787991
0.13631575463308074
0.13627354195987684
0.13623420742348233
0.1361982307133654
0.13619535257655602
0.1361982307133654
0.13620830419219812
0.13622461363411784
0.1362466793496562
0.1362745013388133
0.13630903898052557
0.1363488532063883
0.13639442370586977
0.13644623016843815
0.13650331321515702
0.13656663222496285
0.1366213168243406
0.13668079831840058
0.14508687655959038
0.14582991554587224
0.1464832526015958
0.14702386263228637
0.1474603800483719
0.14774915310824385
0.14791080845903595
0.14792807727989207
0.1477889673341066
0.14751122713200382
0.14704209083207895
0.14599061151772788
0.14476116741066503
0.1434046055945223
0.14195018712686155
0.140600340963274
0.14036001653969285
0.1402103534256064
0.14019788149943252
0.1403202023138301
0.14059554406859173
0.14097641750636308
0.14151414940024426
0.14218571465576044
0.1429719256941826
0.14388045754700238
0.1448777319514439
0.14596998487059418
0.14716345226754007
0.1484144824006731
0.14981709440576546
0.15157371723840854
0.15340757007543596
0.15522079626532967
0.15705512879182532
0.15858246005865642
0.15954999371606796
0.1604709974950616
0.16133923543255038
0.1620909088292603
0.16283778533128793
0.16351990375510508
0.16413054844815658
0.16472680245716134
0.16517531210995248
0.16560319511560997
0.16594281525911386
0.16625269465558776
0.16646759553735294
0.1665822413202589
0.16666666666666666
0.16663740560910487
0.1665817616307907
0.16648822218448664
0.1662757197500626
0.16603011874233098
0.1657528582296964
0.16543626318066737
0.16507841483737087
0.16461263636372356
0.16418667211593901
0.16364462301684382
0.16314958348563474
0.16253749972417855
0.1619757833568861
0.16138288717415894
0.16076120962333823
0.1601855822614672
0.1595826125999073
0.1589513412597221
0.15837427482944638
0.1577636301363949
0.15713331817514611
0.15662388795989027
0.15601036513002942
0.15551772404616146
0.15499150469951772
0.15450653864714137
0.15405371178913618
0.15355675350005418
0.15335000733924886
0.15307562496342367
0.1527926081771704
0.15243380045493748
0.1519344437185144
0.15130125362045624
0.15053710829757247
0.14964824371295
0.14855838924114084
0.14733662016556962
0.14533439632519493
0.1433427256531212
0.14145418821671601
0.1396817356316215
0.13815632312266332