0.13577418522345375
0.13651674452026735
0.1372617022644221
0.13798507398250667
0.13870988476899593
0.13942558145558892
0.14014319690005478
0.14083299035536354
0.14152374318960875
0.14220250378714835
0.14288222376362436
0.14354179678243492
0.14419753228549964
0.14483264114143068
0.1451036656909783
0.1453751699299941
0.14562364907453512
0.14587068915067142
0.14611581046893485
0.14633742700325517
0.14653505906416422
0.146742764603906
0.14692552629130007
0.1471193208364633
0.14728817152927878
0.14744359091698397
0.1475850993101106
0.1477266077032372
0.14785324572284883
0.14798036343192872
0.14808109822025614
0.14818135331911533
0.14826817711286422
0.14833965084362985
0.14841256364280017
0.1484701263789873
0.1485147374995323
0.1485727799251876
0.1486034800511541
0.14860731756689988
0.1486356192455252
0.14864089582967568
0.14863034266137473
0.14863370048765231
0.14861067539317746
0.14858621123029794
0.14854927514124455
0.1485128187416594
0.14846484979483682
0.14841544177960955
0.1483554805960813
0.1482792099706334
0.1482178097187005
0.1481309859249516
0.14805855281524952
0.14796021647426322
0.14786188013327692
0.1477630641028224
0.14765465428300334
0.1475457647737161
0.14743735495389704
0.14731887165524526
0.14720038835659346
0.14705744089506217
0.14693991697534683
0.14681279926626697
0.14666217677324406
0.14652690434320437
0.1463772412291179
0.14624340786748288
0.14608606972190483
0.1459450410182464
0.145789141941073
0.14563372255336784
0.14548597819715428
0.1453248025358304
0.14516410656397474
0.14500484966052377
0.1448532677885644
0.14464316380148146
0.14443497857227144
0.14422919179040256
0.14401716904544676
0.14381426040038722
0.14360655486064539
0.14340076807877652
0.1431964203653123
0.14298775544663406
0.14278724524891565
0.14258289753545145
0.14238142795879657
0.14218139745054642
0.14198376538963736
0.1417880520866012
0.1415947372309062
0.14140430051202055
0.1412105059668573
0.14102390676371745
0.14084834041834676
0.14066222090467514
0.14047802014887642
0.14031396635074317
0.1401345624896267
0.13997050869149347
0.13980837365123314
0.13963664482160829
0.13947978636549843
0.1393253263567297
0.13917230541636566
0.1390192844760016
0.13887106043031983
0.13872619421091562
0.1385832467493843
0.13845373059296334
0.13831510033664607
0.13818990138543913
0.13805894616061345
0.13793806441462056
0.1378613140997044
0.13780710918979489
0.13775578241669473
0.1377130900540226
0.1376627226598589
0.13762098967612327
0.1375720613503642
0.13753368619290615
0.1374953110354481
0.13745789525692648
0.13742095916787309
0.13738642152616082
0.13734996512657566
0.13731590717433162
0.1372914430114521
0.13725834443814453
0.1372343599647332
0.13720365983876678
0.1371801550548237
0.13715904871822177
0.13713794238161983
0.13711683604501787
0.13709764846628886
0.13707942026649628
0.13705879361936257
0.13705063889840272
0.13702617473552323
0.13701034498307174
0.13698875895700158
0.13697292920455015
0.1369590182099716
0.13693791187336965
0.136925919636664
0.13691200864208547
0.1369000164053798
0.13688850385814239
0.13687651162143674
0.1368721944162227
0.13686020217951705
0.1368482099428114
0.13684341304812916
0.13683190050089172
0.13682854267461414
0.13681655043790852
0.13681127385375802
0.1368074363380122
0.1367954441013066
0.136792086275029
0.13678585031194204
0.13678009403832334
0.1367738580752364
0.1367700205594906
0.13676330490693545
0.13675706894384848
0.13675035329129334
0.136747475154484
0.13674027981246062
0.1367311657125643
0.13672972664415964
0.13672013285479512
0.13671533596011284
0.13670574217074835
0.13669854682872495
0.13668607490255108
0.13667792018159125
0.13666976546063142
0.1366568138449893
0.1366457809872201
0.1366342684399827
0.13662227620327702
0.13660356831401624
0.1365886979405012
0.13657334787751801
0.1365546399882572
0.13653641178846462
0.13651674452026735
0.1364951584941972
0.13647213339972233
0.13646110054195315
0.13644766923684282
0.13643663637907363
0.13642224569502687
0.13640449718470252
0.13638914712171926
0.13636852047458556
0.13634981258532475
0.13633302345393686
0.1363109577383985
0.13628793264392364
0.13626490754944878
0.13624332152337862
0.13621933704996733
0.13619151506081023
0.13616848996633538
0.13614258673505117
0.136116683503767
0.13609173965141924
0.1360643973517304
0.1360370550520415
0.13601019244182086
0.13598141107372733
0.13595646722137955
0.1359272061638178
0.13590034355359712
0.13587683876965406
0.1358494964699652
0.13582455261761747
0.1357996087652697
0.13577754304973133
0.1357549976447247
0.13573485068705923
0.13571518341886196
0.13569503646119646
0.13567776764034034
0.1356604988194842
0.13564610813543743
0.13563507527766824
0.1356235627304308
0.13561492832000277
0.13560965173585227
0.1356043751517018
0.1356029360832971
0.1356043751517018
0.1356067735990429
0.1356120501831934
0.13562164397255794
0.13563507527766824
0.1356528237879926
0.135674889503531
0.13570079273481517
0.13572765534503584
0.1357621929867481
0.13580200721261085
0.1358461386436876
0.13589074976423263
0.13594495467414214
0.1360034767892657
0.13606679579907152
0.13613970859824184
0.1362131010868804
0.13629752643328816
0.13638626898490994
0.1364802881206822
0.1365843807352872
0.13669374993404268
0.1368088754064169
0.13693455404709207
0.13706598896138594
0.13720749735451257
0.13735572140019436
0.13750970171949486
0.13767471489656455
0.13785124062087167
0.13803352261879748
0.13822779685342895
0.13842830705114736
0.1387242754530427
0.139001056276209
0.13927639803097067
0.13954166630689954
0.13979014545144056
0.14000984322788798
0.1401878080205998
0.14033795082415448
0.14044108405982303
0.14048857331717737
0.1404684263595119
0.14022426442018493
0.13993261322350362
0.13958915556425391
0.13923562442617146
0.1388720198092563
0.13851033395021398
0.13817886852766992
0.137879542299497
0.13764161632325697
0.13746077339373583
0.1373729902210505
0.13737538866839163
0.13749483134597987
0.1377365948379657
0.13812322454935572
0.1392936668518268
0.13986018011380152
0.14037968380789012
0.14086081234452064
0.14131555796039877
0.14171945649264492
0.14208929707264706
0.14244090945285662
0.14274023568102953
0.1430055039569584
0.1432592596856499
0.14346264802017766
0.14363773467608007
0.1437845196533572
0.14392171084126978
0.14401189246129625
0.14407904898684787
0.14412270072845643
0.14414284768612193
0.1441390101703761
0.14413229451782092
0.1440867240183395
0.1440238846980019
0.14394281717787172
0.14384304176848076
0.14372935536451123
0.14359840013968556
0.14345449329921783
0.14329619577470326
0.1431292638397607
0.14294985997864423
0.14276134201763144
0.14255987244097662
0.1423540856591077
0.14214062384574722
0.14192284482717266
0.14169643139817006
0.1414709773481039
0.1412368888876097
0.1409922472588145
0.1407600775561932
0.14052455002729433
0.1402938193930777
0.14005973093258348
0.13983043936677153
0.13959778997468197
0.13937953126663924
0.1391622319375329
0.1389540467083229
0.13875545526847738
0.13855542476022722
0.13837122400442847
0.1381966170379943
0.13803064448198815
0.13787906261002875
0.13773707452743392
0.13761235526569518
0.13749770948278922
0.13743439047298342
0.13738018556307388
0.13733941195827468
0.13731542748486342
0.1373005571113484
0.13729815866400727
0.13730391493762598
0.137318785311141
0.1373456479213616
0.1373768277367963
0.1374161622731908
0.13745933432533114
0.1375144986141771
0.13756966290302308
0.13763250222336068
0.1376996587489123
0.13776585589552745
0.1378402077631025
0.137909283046527
0.13797787864048328
0.13805510864486764
0.13812274485988751
0.13819949517480362
0.13824938287949914
0.1383011893420675
0.13834628015208075
0.1383937694094351
0.1384383805299801
0.13847819475584286
0.13852472463426074
0.13856022165490947
0.13859907650183578
0.13864080948557142
0.13867150961153787
0.13871276290580528
0.1387425036528353
0.1387722443998653
0.13880870079945049
0.1388336446517982
0.13885858850414595
0.1388907276985171
0.13891471217192838
0.1389353388190621
0.13895500608725936
0.13898282807641646
0.1389981781393997
0.13901736571812873
0.13903271578111193
0.1390523830493092
0.13906677373335596
0.13907780659112517
0.13908883944889436
0.13910754733815517
0.13911426299071034
0.13912433646954306
0.13913105212209823
0.13914544280614502
0.13914784125348614
0.13915023970082727
0.1391526381481684
0.13915503659550954
0.1391655897638105
0.13916367100593757
0.1391622319375329
0.13916079286912825
0.1391583944217871
0.13915311783763662
0.1391564756639142
0.13915023970082727
0.1391449631166768
0.13913584901678047
0.13912673491688418
0.13911762081698792
0.13910898640655983
0.1391080270276234
0.1390955551014495
0.13908308317527565
0.13907061124910178
0.1390581393229279
0.13904230957047645
0.13902983764430257
0.13901448758131935
0.1389986578288679
0.13897994993960708
0.13897227490811545
0.1389540467083229
0.1389353388190621
0.13891663092980128
0.13889504490373114
0.1388763370144703
0.13885475098840017
0.13883412434126643
0.13881253831519627
0.13878807415231675
0.13876408967890547
0.13874298334230353
0.13872763327932028
0.13870316911644076
0.13867678619568835
0.1386532814117453
0.13862689849099286
0.13860051557024045
0.13857461233895627
0.1385458309708627
0.1385199277395785
0.1384921057504214
0.1384638040717961
0.13843550239317076
0.13840768040401366
0.13837985841485656
0.1383496379783583
0.13831941754186008
0.1382896767948301
0.1382599360478001
0.1382306749902383
0.1382081295852317
0.13817599039086056
0.13814433088595765
0.13811363075999122
0.13808197125508828
0.13805127112912186
0.1380205710031554
0.1379874724298478
0.13795437385654022
0.1379222346621691
0.13788961577832975
0.1378574765839586
0.1378258170790557
0.13779175912681166
0.13776009962190874
0.13772652135913294
0.13769342278582536
0.137660803901986
0.137631063154956
0.13759892396058485
0.13756390662940438
0.13753176743503326
0.13749770948278922
0.1374641312200134
0.13743055295723758
0.13739697469446177
0.1373619573632813
0.13732933847944195
0.13729480083772969
0.13725930381708096
0.13722380679643226
0.13719358635993403
0.13715856902875356
0.1371240313870413
0.1370875749874561
0.1370539967246803
0.1370184997040316
0.1369834823728511
0.13694894473113886
0.1369144070894266
0.13688418665292837
0.13685060839015256
0.13680215975386173
0.13675467049650736
0.13670766092862124
0.13666113105020333
0.13661556055072188
0.13657286818804978
0.1365301758253777
0.13649036159951494
0.13644862861577928
0.1364116925267259
0.1363747564376725
0.13634261724330138
0.1363109577383985
0.13628121699136847
0.1362543543811478
0.13622941052880008
0.13620878388166635
0.13618815723453265
0.13617184779261296
0.1361574571085662
0.13614738362973347
0.13617328686101765
0.13620206822911118
0.13623132928667298
0.13626250910210763
0.1362965670543517
0.1363320640750004
0.1363670814061809
0.13640305811629783
0.13644239265269234
0.13648076781015042
0.13651866327814027
0.13655991657240768
0.13659829172986576
0.1366361871978556
0.13667600142371833
0.13671245782330352
0.1367479548439522
0.1367868096908785
0.13682134733259077
0.1368534865269619
0.13688754447920595
0.13691728522623592
0.13694462752592482
0.1369758073413595
0.13699883243583433
0.1370242559776503
0.13704392324584755
0.13706550927191774
0.13707942026649628
0.13709141250320192
0.13710484380831225
0.13711012039246273
0.1371187548028908
0.13708805467692434
0.137059752998299
0.13702521535658677
0.13699307616221562
0.13695518069422577
0.1369206430525135
0.13688082882665079
0.1368443724270656
0.13680407851173462
0.13676666273321303
0.13672972664415964
0.1366899124182969
0.13665393570817994
0.1366160402401901
0.13658198228794607
0.13654792433570204
0.13651434607292623
0.136484125636428
0.13645534426833444
0.1364270425897091
0.1364212863160904
0.13641792848981282
0.13641313159513058
0.1364136112845988
0.13641409097406704
0.13641457066353524
0.13641696911087636
0.13642224569502687
0.13642848165811378
0.13643231917385962
0.136439514515883
0.13644670985790638
0.13645582395780267
0.1364639786787625
0.13647357246812705
0.13648076781015042
0.13648940222057848
0.13649947569941123
0.13650906948877572
0.13651866327814027
0.13652825706750477
0.13653737116740108
0.13654504619889268
0.13655320091985254
0.1365608759513441
0.13656711191443108
0.13656903067230397
0.1365695103617722
0.13656999005124043
0.1365695103617722
0.13656903067230397
0.13656711191443108
0.1365656728460264
0.13656279470921703
0.13655991657240768
0.13655703843559833
0.13655320091985254
0.1365488837146385
0.13654696495676558
0.13654504619889268
0.1365397696147422
0.1365378508568693
0.1365344930305917
0.136528736756973
0.13652489924122718
0.13652202110441786
0.13651482576239443
0.13651098824664865
0.1365061913519664
0.13650235383622056
0.1364951584941972
0.13649084128898317
0.13648556470483267
0.1364783693628093
0.1364730927786588
0.13646781619450832
0.1364634989892943
0.13645582395780267
0.1364505473736522
0.1364452707895017
0.13643855513694653
0.1364304004159867
0.13642368476343153
0.13641744880034462
0.13641121283725766
0.1364025784268296
0.1363963424637427
0.13639010650065572
0.1363819517796959
0.13637571581660896
0.13636947985352202
0.13636132513256216
0.13635508916947525
0.1363488532063883
0.13634165786436492
0.13633542190127798
0.13632918593819104
0.13632151090669944
0.13631623432254894
0.1363085592910573
0.1363023233279704
0.136295127985947
0.1362893717123283
0.13628169668083667
0.13627689978615443
0.1362692247546628
0.13626394817051235
0.13625627313902072
0.13624955748646556
0.13624476059178328
0.13623708556029168
0.13623084959720475
0.13622461363411784
0.13621837767103087
0.13621214170794393
0.13620542605538877
0.1361987104028336
0.13619199475027843
0.1361871978555962
0.13618144158197748
0.1361742462399541
0.13616801027686717
0.13616225400324847
0.1361560180401615
0.13614882269813813
0.13614306642451943
0.13613731015090072
0.136131553877282
0.13612579760366328
0.1361190819511081
0.1361128459880212
0.1361075694038707
0.13610085375131553
0.13609605685663329
0.13608934120407812
0.13608406461992764
0.13607495052003135
0.13606631610960326
0.13605864107811166
0.13605096604662006
0.13604329101512844
0.13603561598363684
0.136027461262677
0.13602026592065358
0.1360130705786302
0.1360053955471386
0.13599820020511522
0.13599100486309182
0.13598428921053665
0.13597757355798148
0.13597037821595812
0.13596366256340295
0.135957426600316
0.1359511906372291
0.13594543436361037
0.1359387187110552
0.1359329624374365
0.13592672647434956
0.13592049051126262
0.1359147342376439
0.1359094576534934
0.13590418106934296
0.135897945106256
0.13589314821157375
0.13588787162742327
0.13588211535380457
0.13587779814859052
0.13587252156444002
0.13586724498028957
0.1358624480856073
0.13585813088039328
0.135853333985711
0.13584901678049696
0.13584517926475118
0.13584086205953713
0.13582215417027635
0.13582071510187163
0.1358197557229352
0.13581879634399877
0.1358178369650623
0.13581639789665761
0.13581543851772118
0.13581447913878472
0.13581351975984826
0.13581304007038003
0.1358125603809118
0.1358120806914436
0.13581160100197534
0.13581112131250714
0.1358106416230389
0.13581016193357068
0.13581016193357068
0.13580968224410245
0.13580968224410245
0.13580920255463422
0.13580920255463422
0.13580872286516601
0.13580872286516601
0.13580824317569778
0.13580776348622955
0.13580776348622955
0.13580776348622955
0.13580728379676132
0.13580728379676132
0.1358068041072931
0.13580632441782486
0.13580632441782486
0.13580632441782486
0.13580584472835663
0.13580584472835663
0.13580536503888843
0.13580536503888843
0.1358048853494202
0.1358048853494202
0.13580440565995197
0.13580440565995197
0.13580392597048374
0.13580392597048374
0.13580392597048374
0.1358034462810155
0.1358034462810155
0.13580296659154728
0.13580296659154728
0.13580296659154728
0.13580248690207908
0.13580200721261085
0.13580200721261085
0.13580200721261085
0.13580152752314262
0.13580152752314262
0.13580152752314262
0.1358010478336744
0.1358010478336744
0.13580056814420616
0.13580056814420616
0.13580056814420616
0.13580008845473793
0.13580008845473793
0.1357996087652697
0.1357996087652697
0.1357996087652697
0.1357991290758015
0.1357991290758015
0.1357991290758015
0.13579864938633326
0.13579864938633326
0.13579864938633326
0.13579816969686503
0.13579816969686503
0.1357976900073968
0.1357976900073968
0.1357976900073968
0.13579721031792857
0.13579721031792857
0.13579721031792857
0.13579721031792857
0.13579673062846037
0.13579673062846037
0.13579673062846037
0.1357962509389921
0.1357962509389921
0.1357962509389921
0.1357957712495239
0.1357957712495239
0.1357957712495239
0.13579529156005568
0.13579529156005568
0.13579529156005568
0.13579481187058745
0.13579481187058745
0.13579481187058745
0.13579433218111922
0.13579433218111922
0.135793852491651
0.135793852491651
0.135793852491651
0.1357933728021828
0.135793852491651
0.1357933728021828
0.1357933728021828
0.13579289311271453
0.13579289311271453
0.13579289311271453
0.13579241342324633
0.13579241342324633
0.13579241342324633
0.13579241342324633
0.1357919337337781
0.1357919337337781
0.1357919337337781
0.1357919337337781
0.13579145404430987
0.13579145404430987
0.13579097435484166
0.13579145404430987
0.13579097435484166
0.13579097435484166
0.1357904946653734
0.1357904946653734
0.1357904946653734
0.1357904946653734
0.1357900149759052
0.1357900149759052
0.1357900149759052
0.13578953528643695
0.1357900149759052
0.13578953528643695
0.13578953528643695
0.13578953528643695
0.13578905559696874
0.13578905559696874
0.13578905559696874
0.13578905559696874
0.13578905559696874
0.1357885759075005
0.1357885759075005
0.1357885759075005
0.13578809621803228
0.1357885759075005
0.13578809621803228
0.13578809621803228
0.13578809621803228
0.13578761652856408
0.13578761652856408
0.13578761652856408
0.13578761652856408
0.13578761652856408
0.13578761652856408
0.13578713683909582
0.13578713683909582
0.13578713683909582
0.13578713683909582
0.13578713683909582
0.13578713683909582
0.13578665714962762
0.13578665714962762
0.13578665714962762
0.13578665714962762
0.13578617746015936
0.13578617746015936
0.13578665714962762
0.13578617746015936
0.13578617746015936
0.13578617746015936
0.13578617746015936
0.13578569777069116
0.13578569777069116
0.13578569777069116
0.13578569777069116
0.13578569777069116
0.13578521808122296
0.13578521808122296
0.13578569777069116
0.13578521808122296
0.13578521808122296
0.13578521808122296
0.13578521808122296
0.13578521808122296
0.13578521808122296
0.13578521808122296
0.1357847383917547
0.1357847383917547
0.1357847383917547
0.1357847383917547
0.1357847383917547
0.1357847383917547
0.1357847383917547
0.1357842587022865
0.1357842587022865
0.1357842587022865
0.1357847383917547
0.1357842587022865
0.1357842587022865
0.1357842587022865
0.1357842587022865
0.1357842587022865
0.13578377901281824
0.13578377901281824
0.13578377901281824
0.13578377901281824
0.13578377901281824
0.1357842587022865
0.13578377901281824
0.13578377901281824
0.13578377901281824
0.13578377901281824
0.13578377901281824
0.13578377901281824
0.13578377901281824
0.13578329932335004
0.13578329932335004
0.13578329932335004
0.13578329932335004
0.13578329932335004
0.13578329932335004
0.13578329932335004
0.13578377901281824
0.13578377901281824
0.13578377901281824
0.13578377901281824
0.13578377901281824
0.13578377901281824
0.13578377901281824
0.13578377901281824
0.13578377901281824
0.13578377901281824
0.13578377901281824
0.13578329932335004
0.13578329932335004
0.13578377901281824
0.13578377901281824
0.13578377901281824
0.13578377901281824
0.13578377901281824
0.13578377901281824
0.13578377901281824
0.13578377901281824
0.13578377901281824
0.13578377901281824
0.13578377901281824
0.13578377901281824
0.13578377901281824
0.13578377901281824
0.13578377901281824
0.13578377901281824
0.13578377901281824
0.13578377901281824
0.13578377901281824
0.13578377901281824
0.13578377901281824
0.13578377901281824
0.13578377901281824
0.13578377901281824
0.13578377901281824
0.1357842587022865
0.1357842587022865
0.1357842587022865
0.1357842587022865
0.1357842587022865
0.1357842587022865
0.1357842587022865
0.1357842587022865
0.1357842587022865
0.1357842587022865
0.1357842587022865
0.1357842587022865
0.1357842587022865
0.1357842587022865
0.1357842587022865
0.1357842587022865
0.1357842587022865
0.1357842587022865
0.1357842587022865
0.1357842587022865
0.1357847383917547
0.1357842587022865
0.1357842587022865
0.1357842587022865
0.1357847383917547
0.1357842587022865
0.1357842587022865
0.1357847383917547
0.1357847383917547
0.1357842587022865
0.1357842587022865
0.1357847383917547
0.1357842587022865
0.1357842587022865
0.1357847383917547
0.1357847383917547
0.1357842587022865
0.1357847383917547
0.1357847383917547
0.1357847383917547
0.1357847383917547
0.1357847383917547
0.1357847383917547
0.1357847383917547
0.1357847383917547
0.1357847383917547
0.1357847383917547
0.1357847383917547
0.1357847383917547
0.1357847383917547
0.1357847383917547
0.1357847383917547
0.1357847383917547
0.1357847383917547
0.1357847383917547
0.1357847383917547
0.1357847383917547
0.1357847383917547
0.1357847383917547
0.13578521808122296
0.13578521808122296
0.13578521808122296
0.13578521808122296
0.13578521808122296
0.13578521808122296
0.13578521808122296
0.13578569777069116
0.13578569777069116
0.13578569777069116
0.13578569777069116
0.13578569777069116
0.13578569777069116
0.13578617746015936
0.13578617746015936
0.13578617746015936
0.13578617746015936
0.13578617746015936
0.13578617746015936
0.13578665714962762
0.13578665714962762
0.13578665714962762
0.13578713683909582
0.13578713683909582
0.13578713683909582
0.13578713683909582
0.13578713683909582
0.13578713683909582
0.13578761652856408
0.13578761652856408
0.13578761652856408
0.13578809621803228
0.13578809621803228
0.13578809621803228
0.1357885759075005
0.1357885759075005
0.1357885759075005
0.1357885759075005
0.1357885759075005
0.13578905559696874
0.13578905559696874
0.13578905559696874
0.13578953528643695
0.13578953528643695
0.13578953528643695
0.13578953528643695
0.1357900149759052
0.1357900149759052
0.1357900149759052
0.1357904946653734
0.1357904946653734
0.1357904946653734
0.13579097435484166
0.13579097435484166
0.13579097435484166
0.13579145404430987
0.13579145404430987
0.1357919337337781
0.1357919337337781
0.1357919337337781
0.13579241342324633
0.13579241342324633
0.13579241342324633
0.13579289311271453
0.13579289311271453
0.13579289311271453
0.1357933728021828
0.1357933728021828
0.1357933728021828
0.135793852491651
0.135793852491651
0.13579433218111922
0.13579433218111922
0.13579433218111922
0.13579481187058745
0.13579529156005568
0.13579529156005568
0.13579529156005568
0.1357957712495239
0.1357957712495239
0.1357962509389921
0.1357962509389921
0.1357962509389921
0.13579673062846037
0.13579721031792857
0.13579721031792857
0.13579721031792857
0.1357976900073968
0.1357976900073968
0.13579816969686503
0.13579816969686503
0.13579816969686503
0.13579864938633326
0.1357991290758015
0.1357991290758015
0.1357996087652697
0.1357996087652697
0.1357996087652697
0.13580008845473793
0.13580008845473793
0.13580056814420616
0.1358010478336744
0.1358010478336744
0.1358010478336744
0.13580152752314262
0.13580152752314262
0.13580200721261085
0.13580248690207908
0.13580248690207908
0.13580296659154728
0.13580296659154728
0.13580296659154728
0.1358034462810155
0.1358034462810155
0.13580392597048374
0.13580440565995197
0.13580440565995197
0.1358048853494202
0.1358048853494202
0.13580536503888843
0.13580536503888843
0.13580584472835663
0.13580584472835663
0.13580632441782486
0.13580632441782486
0.1358068041072931
0.1358068041072931
0.13580728379676132
0.13609221934088747
0.13609701623556975
0.13609941468291087
0.13609989437237907
0.13609989437237907
0.13609749592503795
0.13609317871982393
0.1360888615146099
0.13608166617258652
0.1360735114516267
0.1360643973517304
0.13605480356236585
0.1360442503940649
0.13603321753629571
0.13602074561012184
0.13600827368394797
0.13599292362096474
0.13597325635276747
0.13595358908457023
0.13593440150584118
0.1359147342376439
0.13589554665891487
0.13587683876965406
0.13585861056986148
0.13584901678049696
0.13584469957528295
0.13584086205953713
0.13583894330166424
0.1358365448543231
0.13583606516485489
0.13583606516485489
0.1358365448543231
0.13583798392272778
0.13583990268060067
0.1358423011279418
0.13584517926475118
0.13584901678049696
0.135853333985711
0.13585765119092502
0.1358624480856073
0.13586724498028957
0.13587300125390828
0.13587875752752698
0.1358845138011457
0.1358902700747644
0.13589650603785133
0.13590226231147004
0.13590849827455698
0.13591761237445327
0.13592624678488133
0.1359348811953094
0.13594303591626922
0.1359516703266973
0.13596030473712536
0.13596750007914876
0.13597277666329924
0.13597613448957682
0.13597901262638618
0.13598189076319553
0.13598380952106845
0.13598620796840957
0.1359881267262825
0.13599004548415536
0.13599148455256005
0.13599292362096474
0.1359943626893694
0.13599580175777407
0.13599676113671053
0.13599724082617876
0.13599772051564699
0.13599820020511522
0.13599820020511522
0.13599915958405165
0.13599867989458345
0.13599867989458345
0.13599867989458345
0.13599820020511522
0.13599772051564699
0.13599724082617876
0.13599628144724232
0.13599580175777407
0.1359943626893694
0.13599340331043294
0.13599196424202828
0.13599100486309182
0.13599004548415536
0.1359886064157507
0.13598668765787778
0.13598572827894131
0.13598380952106845
0.13598237045266376
0.13598045169479087
0.13597901262638618
0.13597709386851328
0.13597517511064036
0.1359737360422357
0.13597133759489458
0.13596941883702165
0.13596750007914876
0.13596606101074407
0.13596414225287118
0.1359627031844665
0.13596030473712536
0.13595886566872067
0.135957426600316
0.1359550281529749
0.13595358908457023
0.1359521500161655
0.13595023125829264
0.13594879218988792
0.13594783281095152
0.13594687343201506
0.1359459140530786
0.13594447498467394
0.13594351560573747
0.13594303591626922
0.13594255622680101
0.13594207653733278
0.13594207653733278
0.13594159684786455
0.13594159684786455
0.13594207653733278
0.13594207653733278
0.13594255622680101
0.13594399529520568
0.13594543436361037
0.13594879218988792
0.1359516703266973
0.1359550281529749
0.13595886566872067
0.13596126411606183
0.1359646219423394
0.13596750007914876
0.13597037821595812
0.135972296973831
0.13597469542117216
0.13597661417904505
0.13597757355798148
0.13597853293691795
0.13597853293691795
0.13597805324744974
0.13596989852648989
0.13595934535818893
0.13594735312148326
0.1359348811953094
0.13592049051126262
0.13590562013774762
0.13588931069582794
0.13587156218550359
0.1358461386436876
0.13584661833315584
0.13584661833315584
0.13584709802262407
0.13584709802262407
0.1358475777120923
0.13584805740156053
0.13584805740156053
0.13584853709102873
0.13584853709102873
0.1358494964699652
0.1358494964699652
0.13584997615943342
0.13584997615943342
0.13585045584890165
0.13585093553836988
0.13585093553836988
0.1358514152278381
0.1358514152278381
0.13585189491730632
0.13585237460677455
0.13585237460677455
0.13585285429624278
0.135853333985711
0.135853333985711
0.13585381367517924
0.13585381367517924
0.13585429336464744
0.13585429336464744
0.13585429336464744
0.13585429336464744
0.13585429336464744
0.1358547730541157
0.1358547730541157
0.1358547730541157
0.13585429336464744
0.1358547730541157
0.1358547730541157
0.1358547730541157
0.13585429336464744
0.1358547730541157
0.1358547730541157
0.1358547730541157
0.13585429336464744
0.13585429336464744
0.13585429336464744
0.13585429336464744
0.13585429336464744
0.13585381367517924
0.13585381367517924
0.13585381367517924
0.13585381367517924
0.13585381367517924
0.135853333985711
0.135853333985711
0.135853333985711
0.135853333985711
0.13585285429624278
0.13585285429624278
0.13585285429624278
0.13585237460677455
0.13585237460677455
0.13585237460677455
0.13585189491730632
0.13585189491730632
0.1358514152278381
0.1358514152278381
0.1358514152278381
0.13585093553836988
0.13585093553836988
0.13585045584890165
0.13585045584890165
0.13585045584890165
0.13584997615943342
0.13584997615943342
0.13584997615943342
0.1358494964699652
0.13584901678049696
0.13584901678049696
0.13584901678049696
0.13584853709102873
0.13584853709102873
0.13584805740156053
0.13584805740156053
0.13584805740156053
0.1358475777120923
0.1358475777120923
0.13584709802262407
0.13584709802262407
0.13584709802262407
0.13584661833315584
0.13584661833315584
0.1358461386436876
0.13584661833315584
0.1358461386436876
0.1358461386436876
0.13584565895421938
0.1358461386436876
0.13584565895421938
0.13584565895421938
0.13584517926475118
0.13584517926475118
0.13584517926475118
0.13584517926475118
0.13584517926475118
0.13584517926475118
0.13584469957528295
0.13584517926475118
0.13584517926475118
0.13584517926475118
0.13584469957528295
0.13584517926475118
0.13584517926475118
0.13584517926475118
0.13584517926475118
0.13584517926475118
0.13584517926475118
0.13584517926475118
0.13584565895421938
0.13584565895421938
0.13584565895421938
0.1358461386436876
0.1358461386436876
0.13584709802262407
0.1358475777120923
0.13584853709102873
0.1358494964699652
0.13584997615943342
0.13585093553836988
0.13585189491730632
0.13585285429624278
0.135853333985711
0.13585429336464744
0.1358552527435839
0.13585621212252036
0.13585717150145682
0.13585813088039328
0.1358590902593297
0.13586004963826614
0.1358610090172026
0.13586196839613907
0.13586292777507553
0.135863887154012
0.13586532622241665
0.13586580591188485
0.13586724498028957
0.13586820435922603
0.13586916373816244
0.13587060280656715
0.13587108249603536
0.13587252156444002
0.13587348094337648
0.13587444032231294
0.1358753997012494
0.13587683876965406
0.13587779814859052
0.13587875752752698
0.13587971690646344
0.13588067628539988
0.13588211535380457
0.135883074732741
0.13588403411167746
0.13588499349061392
0.13588595286955035
0.1358869122484868
0.13588787162742327
0.13588931069582794
0.1358902700747644
0.13589122945370086
0.1358921888326373
0.13589362790104198
0.1358941075905102
0.13589554665891487
0.13589650603785133
0.1358974654167878
0.13589842479572425
0.13589890448519246
0.1358993841746607
0.1358993841746607
0.13589986386412892
0.13589986386412892
0.13590034355359712
0.13590034355359712
0.13590082324306538
0.13590130293253358
0.13590130293253358
0.13590130293253358
0.13590178262200184
0.13590178262200184
0.13590178262200184
0.13590226231147004
0.13590178262200184
0.13590226231147004
0.13590226231147004
0.13590226231147004
0.13590226231147004
0.13590178262200184
0.13590226231147004
0.13590226231147004
0.13590226231147004
0.13590178262200184
0.13590178262200184
0.13590178262200184
0.13590130293253358
0.13590178262200184
0.13590178262200184
0.13590130293253358
0.13590130293253358
0.13590130293253358
0.13590082324306538
0.13590082324306538
0.13590034355359712
0.13590034355359712
0.13590034355359712
0.13590034355359712
0.13589986386412892
0.13589986386412892
0.1358993841746607
0.1358993841746607
0.13589890448519246
0.13589890448519246
0.13589890448519246
0.13589842479572425
0.13589842479572425
0.135897945106256
0.135897945106256
0.135897945106256
0.1358974654167878
0.1358974654167878
0.1358974654167878
0.13589698572731954
0.13589698572731954
0.13589698572731954
0.13589650603785133
0.13589650603785133
0.13589650603785133
0.13589650603785133
0.13589650603785133
0.1358960263483831
0.13589650603785133
0.1358960263483831
0.13589650603785133
0.13589650603785133
0.1358960263483831
0.13589650603785133
0.1358960263483831
0.13589650603785133
0.13589698572731954
0.13589698572731954
0.1358974654167878
0.135897945106256
0.13589842479572425
0.13589890448519246
0.1358993841746607
0.13589986386412892
0.13590034355359712
0.13590082324306538
0.13590082324306538
0.13590178262200184
0.13590226231147004
0.13590274200093824
0.1359032216904065
0.1359037013798747
0.13590418106934296
0.13590466075881116
0.13590562013774762
0.13590562013774762
0.13590657951668408
0.1359070592061523
0.1359070592061523
0.13590801858508875
0.13590849827455698
0.1359089779640252
0.1359094576534934
0.13590993734296167
0.13591041703242987
0.13591137641136633
0.13591137641136633
0.1359123357903028
0.135912815479771
0.135912815479771
0.13591377485870745
0.13591377485870745
0.13591425454817568
0.1359147342376439
0.1359147342376439
0.13591521392711214
0.13591521392711214
0.13591569361658037
0.13591617330604858
0.13591617330604858
0.13591617330604858
0.13591617330604858
0.13591665299551683
0.13591665299551683
0.13591665299551683
0.13591665299551683
0.13591665299551683
0.13591665299551683
0.13591617330604858
0.13591665299551683
0.13591569361658037
0.13591617330604858
0.13591569361658037
0.13591521392711214
0.1359147342376439
0.13591377485870745
0.135912815479771
0.13591137641136633
0.13590993734296167
0.1359089779640252
0.13590753889562054
0.13590657951668408
0.13590514044827942
0.1359037013798747
0.13590274200093824
0.13590130293253358
0.13590082324306538
0.1358993841746607
0.13589890448519246
0.135897945106256
0.13589698572731954
0.1358960263483831
0.13589554665891487
0.13589698572731954
0.13589842479572425
0.13590034355359712
0.13590130293253358
0.1359032216904065
0.13590514044827942
0.1359070592061523
0.1359089779640252
0.13591185610083456
0.13591377485870745
0.13591617330604858
0.13591857175338973
0.1359219295796673
0.13592432802700843
0.1359272061638178
0.13593008430062714
0.1359329624374365
0.13593632026371408
0.1359406374689281
0.13594495467414214
0.13594879218988792
0.13595358908457023
0.135957426600316
0.13596222349499826
0.1359665407002123
0.13597133759489458
0.1359756548001086
0.13598045169479087
0.1359852485894731
0.13599004548415536
0.13599532206830586
0.1360001189629881
0.1360053955471386
0.13601019244182086
0.13601498933650313
0.13601978623118538
0.1360255425048041
0.13603033939948633
0.1360351362941686
0.13604041287831908
0.13604568946246956
0.13605096604662006
0.1360557629413023
0.13606103952545281
0.13606583642013506
0.13607111300428557
0.13607638958843601
0.1360811864831183
0.13608646306726876
0.13609125996195104
0.13609605685663329
0.13610085375131553
0.13610613033546604
0.13611044754068008
0.13611572412483053
0.1361205210195128
0.13612531791419508
0.1361296351194091
0.13613443201409134
0.13613874921930538
0.13614306642451943
0.13614738362973347
0.13615170083494746
0.1361555383506933
0.13615985555590732
0.13616369307165313
0.13616753058739894
0.13617136810314473
0.13617520561889054
0.1361780837556999
0.1361819212714457
0.13618479940825506
0.13618815723453265
0.13619103537134203
0.13619391350815135
0.1361924744397467
0.13619055568187377
0.13618863692400085
0.1361871978555962
0.13618479940825506
0.13618240096091394
0.13618000251357282
0.1361776040662317
0.1361747259294223
0.13617184779261296
0.1361689696558036
0.13616609151899425
0.13616273369271667
0.13615985555590732
0.13615649772962976
0.13615218052441572
0.13614882269813813
0.13614498518239232
0.1361406679771783
0.13613683046143246
0.13613203356675022
0.13612819605100443
0.13612339915632216
0.1361190819511081
0.1361147647458941
0.13610996785121182
0.13610469126706137
0.13609989437237907
0.13609509747769682
0.13609030058301458
0.1360855036883323
0.13608022710418183
0.1360759098989678
0.13607111300428557
0.13606583642013506
0.13606103952545281
0.13605624263077054
0.13605096604662006
0.13604568946246956
0.1360408925677873
0.13603609567310504
0.1360312987784228
0.1360260221942723
0.13602122529959004
0.13601594871543957
0.13601163151022555
0.13600683461554328
0.1379577316828178
0.1379279909357878
0.13788050167843346
0.13781334515288182
0.1377327573222199
0.13764545383900278
0.13754807687695292
0.1374435045728797
0.1373341353741242
0.13721996928068644
0.13710436411884402
0.13699211678327916
0.136881308516119
0.13675227204916623
0.13661460117178542
0.13648220687855508
0.1363594063746893
0.13624571997071974
0.13613826952983715
0.1360648770411986
0.1360365753625733
0.13601834716278072
0.13600491585767038
0.13599867989458345
0.13599580175777407
0.13599676113671053
0.13600299709979746
0.13601163151022555
0.13602410343639942
0.13603993318885085
0.13605624263077054
0.13607734896737247
0.1360979756145062
0.13612100070898103
0.13614498518239232
0.13616992903474007
0.1361967916449607
0.13622125580784025
0.13625627313902072
0.13629368891754234
0.1363320640750004
0.1363690001640538
0.1364064159425754
0.1364447911000335
0.13646877557344475
0.13648508501536447
0.13649803663100654
0.13651098824664865
0.13652489924122718
0.13653641178846462
0.13654840402517024
0.136558477504003
0.13656711191443108
0.1365752666353909
0.13658198228794607
0.13659061669837413
0.1365973323509293
0.13660212924561155
0.13660452769295267
0.13660884489816671
0.13661172303497607
0.1366141214823172
0.1366141214823172
0.1366141214823172
0.1366122027244443
0.13660980427710318
0.13660740582976205
0.13660500738242093
0.13660212924561155
0.13659685266146107
0.1365915760773106
0.1365862994931601
0.13657910415113672
0.1365714291196451
0.1365637540881535
0.13655559936719366
0.13654696495676558
0.13653737116740108
0.136528736756973
0.1365210617254814
0.13651098824664865
0.1365004350783477
0.1364918006679196
0.13647980843121396
0.13647021464184947
0.13646062085248492
0.13645294582099332
0.1364414332737559
0.13643231917385962
0.13642368476343153
0.13641696911087636
0.1364064159425754
0.1363987409110838
0.1363934643269333
0.1363877080533146
0.13638099240075943
0.13637619550607719
0.1363728376797996
0.13636995954299025
0.13636660171671267
0.13636852047458556
0.1363728376797996
0.13637907364288654
0.1363819517796959
0.13638626898490994
0.1363872283638464
0.1363881877427828
0.13638674867437814
0.13638147209022766
0.13637571581660896
0.136365162648308
0.136350292274793
0.13632678749084992
0.13627737947562266
0.13622509332358604
0.13616944934527184
0.1361133256774894
0.13605480356236585
0.1359943626893694
0.13593008430062714
0.13592432802700843
0.13591761237445327
0.13591137641136633
0.13590418106934296
0.13589698572731954
0.13588979038529617
0.13588211535380457
0.13587492001178117
0.13586724498028957
0.13586004963826614
0.13585237460677455
0.13584421988581472
0.13583702454379132
0.1358288698228315
0.1358211947913399
0.1358139994493165
0.13580632441782486
0.13579864938633326
0.13579097435484166
0.1357842587022865
0.13577706336026307
0.13577034770770793
0.13576363205515277
0.1357569164025976
0.1357511601289789
0.13574540385536019
0.13573964758174148
0.13573437099759098
0.13572909441344053
0.13572477720822648
0.13572046000301244
0.13571662248726662
0.13571278497152084
0.13570990683471146
0.13570750838737033
0.13570558962949747
0.13570415056109275
0.1357027114926881
0.1357027114926881
0.1357027114926881
0.1357031911821563
0.135704630250561
0.13570654900843387
0.13570942714524326
0.1357123052820526
0.13571614279779842
0.13572093969248067
0.13572669596609938
0.1357329319291863
0.13574012727120968
0.1357478023027013
0.1357564367131294
0.1357660305024939
0.13577658367079487
0.13578761652856408
0.13580008845473793
0.13581351975984826
0.1358274307544268
0.13584278081741002
0.1358590902593297
0.13587635908018586
0.1358945872799784
0.13593200305850006
0.13596989852648989
0.13600683461554328
0.1360428113256602
0.1360759098989678
0.1360835849304594
0.13608838182514166
0.13608982089354635
0.1360888615146099
0.1360850239988641
0.13608022710418183
0.13607255207269023
0.13606247859385748
0.13605240511502473
0.1360408925677873
0.1360279409521452
0.13601450964703488
0.13600107834192457
0.13598716734734603
0.1359737360422357
0.13596030473712536
0.13594783281095152
0.13593584057424585
0.1359315233690318
0.1359272061638178
0.1359252874059449
0.13592336864807197
0.13592288895860374
0.13592288895860374
0.1359238483375402
0.1359257670954131
0.13592816554275425
0.1359315233690318
0.13593584057424585
0.1359401577794599
0.13594543436361037
0.1359511906372291
0.13595694691084778
0.13596318287393472
0.13596989852648989
0.13597613448957682
0.13598380952106845
0.13599052517362362
0.13599820020511522
0.13600491585767038
0.13601259088916198
0.13601930654171715
0.1360255425048041
0.13603177846789102
0.1360370550520415
0.136042331636192
0.13604760822034248
0.13605288480449296
0.13605816138864343
0.13606247859385748
0.13606727548853972
0.13607207238322197
0.13607686927790424
0.1360811864831183
0.1360855036883323
0.13608934120407812
0.13609317871982393
0.13609701623556975
0.13610037406184733
0.13610421157759311
0.1361075694038707
0.13611044754068008
0.13611428505642587
0.13611764288270345
0.13612004133004457
0.13612339915632216
0.13612579760366328
0.13612819605100443
0.13613107418781378
0.13613299294568668
0.13613587108249603
0.13613778984036892
0.13613970859824184
0.13614210704558297
0.13614354611398763
0.13614546487186055
0.13614738362973347
0.13614882269813813
0.1361497820770746
0.13615170083494746
0.13615266021388392
0.13615457897175684
0.1361555383506933
0.13615649772962976
0.13615793679803442
0.13615841648750263
0.1361593758664391
0.13616033524537555
0.13616081493484378
0.136161294624312
0.13616225400324847
0.13616273369271667
0.1361632133821849
0.13616369307165313
0.13616369307165313
0.1361646524505896
0.1361646524505896
0.1361646524505896
0.1361646524505896
0.1361646524505896
0.1361646524505896
0.13616417276112136
0.1361646524505896
0.13616417276112136
0.1361646524505896
0.13616417276112136
0.13616417276112136
0.13616369307165313
0.1361632133821849
0.13616273369271667
0.13616273369271667
0.13616225400324847
0.1361617743137802
0.136161294624312
0.136161294624312
0.13616081493484378
0.13615985555590732
0.1361593758664391
0.13615889617697088
0.13615889617697088
0.13615793679803442
0.1361574571085662
0.13615697741909796
0.13615649772962976
0.1361555383506933
0.13615505866122504
0.13615505866122504
0.1361540992822886
0.1361540992822886
0.13615313990335218
0.13615074145601105
0.13614834300866988
0.13614546487186055
0.13614306642451943
0.1361406679771783
0.13613826952983715
0.13613587108249603
0.1361334726351549
0.13613107418781378
0.13612867574047263
0.1361262772931315
0.13612387884579039
0.13612148039844926
0.1361186022616399
0.136116683503767
0.13611380536695766
0.13611092723014828
0.13610852878280716
0.13610613033546604
0.1361037318881249
0.1361013334407838
0.13609893499344264
0.13609653654610152
0.13609365840929216
0.13609173965141924
0.1360888615146099
0.13608646306726876
0.13608406461992764
0.13608166617258652
0.1360792677252454
0.1360759098989678
0.1360739911410949
0.13607111300428557
0.1360687145569444
0.13606631610960326
0.13606343797279394
0.13606055983598456
0.13605816138864343
0.13605528325183408
0.13605288480449296
0.1360500066676836
0.13604760822034248
0.1360442503940649
0.13604185194672375
0.13603897380991442
0.13603609567310504
0.13603321753629571
0.13603033939948633
0.13602890033108167
0.1360279409521452
0.13602650188374055
0.13602506281533588
0.13602362374693117
0.1360221846785265
0.13602074561012184
0.13601930654171715
0.13601786747331246
0.13601594871543957
0.13601498933650313
0.1360130705786302
0.13601163151022555
0.13601019244182086
0.13600827368394797
0.13600683461554328
0.1360053955471386
0.13600395647873392
0.13600203772086103
0.1360001189629881
0.13599820020511522
0.13599676113671053
0.13599484237883763
0.13599340331043294
0.13599148455256005
0.13599004548415536
0.13598764703681424
0.13598620796840957
0.13598428921053665
0.13598237045266376
0.13598093138425907
0.13597853293691795
0.13597709386851328
0.13597517511064036
0.13597325635276747
0.13597133759489458
0.13596989852648989
0.135967979768617
0.13596558132127584
0.13596366256340295
0.1375754191766418
0.13755191439269873
0.13741664196265904
0.13720365983876678
0.13695038379954352
0.136617958998063
0.13626970444413106
0.13607734896737247
0.13603609567310504
0.13603801443097796
0.13607255207269023
0.1361277163615362
0.13619055568187377
0.13625723251795718
0.1363507719642612
0.13643231917385962
0.1364524661315251
0.13645582395780267
0.13645390519992975
0.1364419129632241
0.13642512383183622
0.13640305811629783
0.13638051271129123
0.13635173134319767
0.13632247028563588
0.13629272953860588
0.1362615497231712
0.13623276835507767
0.13620302760804764
0.13617664468729523
0.13615361959282038
0.13613251325621845
0.136116683503767
0.13610517095652958
0.13609701623556975
0.13610037406184733
0.1361114069196165
0.1361205210195128
0.13612148039844926
0.136101813130252
0.13602362374693117
0.1359252874059449
0.1358845138011457
0.135883074732741
0.1358811559748681
0.13587971690646344
0.13587827783805875
0.13587683876965406
0.1358753997012494
0.13587348094337648
0.13587204187497182
0.13587060280656715
0.13586916373816244
0.13586772466975777
0.1358662856013531
0.13586484653294845
0.135863887154012
0.1358624480856073
0.1358610090172026
0.13585956994879794
0.13585861056986148
0.13585765119092502
0.13585621212252036
0.1358552527435839
0.13585381367517924
0.13585285429624278
0.13585189491730632
0.13585093553836988
0.13584997615943342
0.13584901678049696
0.13584853709102873
0.13584709802262407
0.1358461386436876
0.13584565895421938
0.13584469957528295
0.13584421988581472
0.13584326050687826
0.13584278081741002
0.1358423011279418
0.1358418214384736
0.13584086205953713
0.1358403823700689
0.13583990268060067
0.13583942299113247
0.13583894330166424
0.135838463612196
0.135838463612196
0.13583798392272778
0.13583798392272778
0.13583798392272778
0.13583750423325955
0.13583750423325955
0.13583750423325955
0.13583750423325955
0.13583750423325955
0.13583750423325955
0.13583750423325955
0.13583798392272778
0.13583798392272778
0.135838463612196
0.135838463612196
0.13583942299113247
0.13583990268060067
0.1358403823700689
0.13584086205953713
0.13584134174900536
0.1358418214384736
0.13584278081741002
0.13584326050687826
0.13584421988581472
0.13584517926475118
0.1358461386436876
0.13584709802262407
0.13584853709102873
0.1358494964699652
0.13585045584890165
0.1358514152278381
0.135853333985711
0.13585429336464744
0.13585573243305213
0.13585717150145682
0.13585861056986148
0.13586004963826614
0.13586148870667086
0.135863887154012
0.13586532622241665
0.13586724498028957
0.13586916373816244
0.13587156218550359
0.13587300125390828
0.13587492001178117
0.1358773184591223
0.13587971690646344
0.13588211535380457
0.13588403411167746
0.1358869122484868
0.13588931069582794
0.1358917091431691
0.1358945872799784
0.1358974654167878
0.13590034355359712
0.13590274200093824
0.13590609982721583
0.1359089779640252
0.13591185610083456
0.13591521392711214
0.13591857175338973
0.13592144989019908
0.1359252874059449
0.13592864523222248
0.13593248274796826
0.13593632026371408
0.1359401577794599
0.13594351560573747
0.13594735312148326
0.1359516703266973
0.1359555078424431
0.13595982504765713
0.13596414225287118
0.1359684594580852
0.13597277666329924
0.13597709386851328
0.13598189076319553
0.13598572827894131
0.13599100486309182
0.13599580175777407
0.13600059865245634
0.13600587523660682
0.1360106721312891
0.13601594871543957
0.13602074561012184
0.1360260221942723
0.13603225815735925
0.13603753474150973
0.1360428113256602
0.13604904728874714
0.13605480356236585
0.13606055983598456
0.13606679579907152
0.13607255207269023
0.1360792677252454
0.1360850239988641
0.13609125996195104
0.1360979756145062
0.13610469126706137
0.13611092723014828
0.13611812257217168
0.13612483822472685
0.136131553877282
0.13613874921930538
0.136146424250797
0.13615313990335218
0.13616081493484378
0.13616801027686717
0.136176164997827
0.1361852790977233
0.13619439319761958
0.13620350729751587
0.1362131010868804
0.13622221518677669
0.13623132928667298
0.13624044338656927
0.13625003717593379
0.13625867158636185
0.13626682630732168
0.13627546071774976
0.1362836154387096
0.13629177015966942
0.13629944519116105
0.13630664053318445
0.13631383587520782
0.13632055152776298
0.1363263078013817
0.13633254376446863
0.13633782034861913
0.13634213755383315
0.13634645475904716
0.13634981258532475
0.13635269072213413
0.13635508916947525
0.13635700792734815
0.13635748761681638
0.13635796730628458
0.13635700792734815
0.1363560485484117
0.13635317041160233
0.136350292274793
0.13634645475904716
0.13634165786436492
0.13633542190127798
0.13632918593819104
0.13632103121723121
0.1363119171173349
0.13628649357551895
0.1362601106547665
0.13623324804454587
0.136205905744857
0.1361780837556999
0.1361502617665428
0.1361219600879175
0.13609461778822862
0.13606727548853972
0.13604041287831908
0.13601498933650313
0.13598956579468716
0.13598237045266376
0.13597661417904505
0.13597181728436278
0.135967979768617
0.13596510163180764
0.13596366256340295
0.1359627031844665
0.1359627031844665
0.13596366256340295
0.13596606101074407
0.135967979768617
0.13597181728436278
0.1359756548001086
0.13598045169479087
0.13598620796840957
0.13599244393149648
0.13599915958405165
0.13600683461554328
0.13601498933650313
0.13602362374693117
0.13603225815735925
0.136042331636192
0.13605240511502473
0.13606247859385748
0.1360735114516267
0.13608454430939587
0.13609605685663329
0.13610804909333896
0.1361205210195128
0.13613251325621845
0.13614498518239232
0.13615793679803442
0.1361704087242083
0.1361838400293186
0.1361967916449607
0.13621022295007104
0.13622365425518138
0.13623660587082345
0.13624955748646556
0.13626250910210763
0.13627594040721797
0.13628841233339184
0.13630136394903394
0.13631383587520782
0.13632103121723121
0.13632774686978638
0.13633494221180975
0.1363411781748967
0.13634741413798362
0.1363536501010706
0.1363598860641575
0.136365162648308
0.1363709189219267
0.13637619550607719
0.13638147209022766
0.13638626898490994
0.13639058619012398
0.13639490339533797
0.136399220600552
0.13640305811629783
0.13640689563204364
0.13641025345832122
0.1364136112845988
0.13641648942140816
0.13641984724768574
0.13642176600555864
0.136424644142368
0.1364265629002409
0.13642896134758203
0.1364304004159867
0.13643183948439136
0.13643327855279608
0.1364342379317325
0.13643519731066894
0.1364356770001372
0.13643711606854186
0.13643711606854186
0.13643711606854186
0.13643711606854186
0.13643663637907363
0.1364356770001372
0.13643471762120074
0.1364342379317325
0.13643279886332782
0.13643088010545495
0.13642944103705024
0.13642800196864557
0.13642560352130445
0.13642272538449507
0.1364208066266222
0.13641744880034462
0.13641457066353524
0.1364116925267259
0.1364083347004483
0.13640449718470252
0.1364006596689567
0.1363963424637427
0.13639202525852864
0.1363877080533146
0.13638291115863235
0.13637811426395008
0.1363728376797996
0.13636756109564913
0.13636180482203042
0.1363560485484117
0.13634981258532475
0.13634405631170604
0.13633734065915087
0.13633110469606396
0.13632390935404057
0.1363171937014854
0.13630951866999377
0.13630184363850217
0.13629416860701057
0.13628601388605072
0.1362778591650909
0.13626970444413106
0.13626107003370297
0.1362524356232749
0.13624332152337862
0.13623420742348233
0.13622461363411784
0.1362150198447533
0.13620494636592057
0.13619535257655602
0.13618431971878686
0.1361742462399541
0.1361632133821849
0.13615266021388392
0.1361411476666465
0.13613011480887732
0.1361186022616399
0.13610661002493424
0.13609461778822862
0.13608214586205472
0.13606967393588085
0.13605768169917523
0.13604473008353313
0.13602122529959004
0.13599820020511522
0.13597469542117216
0.1359516703266973
0.13592864523222248
0.13591857175338973
0.1359089779640252
0.1358993841746607
0.13589074976423263
0.13588211535380457
0.13587348094337648
0.1358662856013531
0.13585861056986148
0.1358514152278381
0.13584469957528295
0.13583798392272778
0.13583126827017264
0.13582551199655393
0.13582023541240343
0.13581495882825292
0.13580968224410245
0.1358048853494202
0.13580056814420616
0.1357962509389921
0.13579241342324633
0.13578953528643695
0.13578617746015936
0.13578281963388178
0.13577994149707245
0.13577802273919953
0.1357756242918584
0.13577370553398552
0.13577178677611262
0.13577082739717616
0.1357698680182397
0.13576890863930324
0.13576842894983504
0.13576746957089858
0.13576746957089858
0.13576746957089858
0.13576842894983504
0.13576890863930324
0.13576938832877147
0.13577034770770793
0.1357713070866444
0.1357732258445173
0.13577466491292195
0.13577658367079487
0.1357785024286678
0.13578090087600891
0.13578281963388178
0.13578569777069116
0.13578809621803228
0.13579097435484166
0.13579433218111922
0.13579721031792857
0.1358010478336744
0.13580440565995197
0.13580824317569778
0.1358125603809118
0.13581639789665761
0.13582071510187163
0.13582503230708567
0.13582934951229972
0.13583414640698196
0.13583894330166424
0.13584374019634649
0.13584853709102873
0.13585381367517924
0.13585956994879794
0.13586484653294845
0.1358701231170989
0.1358753997012494
0.13588163566433634
0.1358869122484868
0.13589266852210552
0.13589890448519246
0.13590466075881116
0.13591089672189813
0.13591713268498504
0.13592336864807197
0.13593008430062714
0.13593632026371408
0.13594303591626922
0.13594927187935618
0.13595598753191135
0.13596222349499826
0.13596941883702165
0.1359756548001086
0.135982850142132
0.1359890861052189
0.13599628144724232
0.13600299709979746
0.13601019244182086
0.1360164284049078
0.13602362374693117
0.1360308190889546
0.13603753474150973
0.13604473008353313
0.13605144573608827
0.13605864107811166
0.1360648770411986
0.13607207238322197
0.1360792677252454
0.13608598337780053
0.1388278883781795
0.13891519186139661
0.13894972950310885
0.13892670440863403
0.13886002757255062
0.13874490210017643
0.1385957186755582
0.13842398984593332
0.13822012182193735
0.13796013013015895
0.1376142740235681
0.13725930381708096
0.13690769143687143
0.1365824619774143
0.1365047522835617
0.13645294582099332
0.1364299207265185
0.13643519731066894
0.13646253961035784
0.13651290700452157
0.1365829416668825
0.13666736701329027
0.1367676221121495
0.13687507255303208
0.13699403554115208
0.1371096407029945
0.13723100213845563
0.13740033252073935
0.137571581660896
0.13772796042753763
0.1378891360888615
0.13796108950909539
0.13801049752432265
0.13804983206071716
0.13808197125508828
0.13810643541796783
0.13812370423882397
0.1381352167860614
0.13813905430180717
0.138132338649252
0.13812322454935572
0.13810835417584072
0.13808532908136587
0.13806278367635927
0.13803208355039281
0.13799418808240296
0.1379558129249449
0.13791551900961393
0.13786755006279133
0.137820060805437
0.13776537620605925
0.13771452912242732
0.13763010377601956
0.1375456784296118
0.13746652966735454
0.1373840230788197
0.13730871183230825
0.1372319615173921
0.13716288623396755
0.13708949374532903
0.13702713411445966
0.13696477448359032
0.1369052929895303
0.1368496490112161
0.13679928161705238
0.1367532314281027
0.13670862030755768
0.13667120452903608
0.1366342684399827
0.13660404800348447
0.136588218251033
0.13657286818804978
0.13655703843559833
0.13653833054633752
0.13651722420973558
0.13649228035738784
0.13645966147354846
0.1364241644528998
0.13636947985352202
0.13627977792296378
0.13618767754506445
0.13609413809876036
0.13601115182075732
0.13594735312148326
0.13594543436361037
0.13594399529520568
0.13594351560573747
0.13594255622680101
0.13594159684786455
0.13594159684786455
0.13594207653733278
0.13594255622680101
0.13594351560573747
0.13594447498467394
0.1359459140530786
0.13594735312148326
0.13594879218988792
0.1359511906372291
0.13595310939510197
0.1359555078424431
0.13595790628978424
0.1359607844265936
0.13596318287393472
0.1359665407002123
0.13596941883702165
0.13597277666329924
0.13597613448957682
0.13597901262638618
0.13598237045266376
0.13598572827894131
0.1359890861052189
0.13599244393149648
0.13599580175777407
0.13599915958405165
0.13600299709979746
0.13600587523660682
0.1360092330628844
0.13601211119969375
0.13601546902597134
0.13601882685224892
0.1360217049890583
0.13602410343639942
0.13602698157320875
0.13602938002054987
0.13603225815735925
0.13603417691523215
0.1360365753625733
0.13603801443097796
0.13603945349938262
0.13603993318885085
0.13603993318885085
0.13603993318885085
0.13603993318885085
0.13603993318885085
0.13603993318885085
0.13603993318885085
0.13603897380991442
0.13603897380991442
0.13603897380991442
0.13603897380991442
0.13603897380991442
0.13603945349938262
0.13603945349938262
0.13603993318885085
0.13603993318885085
0.13604041287831908
0.13604041287831908
0.1360408925677873
0.13604137225725554
0.13604185194672375
0.13604185194672375
0.136042331636192
0.136042331636192
0.1360428113256602
0.1360428113256602
0.1360428113256602
0.1360428113256602
0.1360428113256602
0.1360428113256602
0.136042331636192
0.136042331636192
0.13604185194672375
0.13604137225725554
0.1360408925677873
0.13603993318885085
0.13603897380991442
0.13603753474150973
0.13603609567310504
0.13603417691523215
0.13603273784682746
0.13603033939948633
0.136027461262677
0.1360255425048041
0.1360226643679947
0.13602026592065358
0.13601786747331246
0.13601498933650313
0.13601211119969375
0.1360092330628844
0.13600683461554328
0.13600395647873392
0.13600059865245634
0.13599820020511522
0.13599484237883763
0.13599244393149648
0.13598956579468716
0.13598620796840957
0.13598380952106845
0.13598093138425907
0.13597853293691795
0.1359756548001086
0.1359737360422357
0.13597085790542635
0.13596893914755342
0.1359665407002123
0.1359646219423394
0.13596222349499826
0.1359607844265936
0.13595886566872067
0.135957426600316
0.13595646722137955
0.1359555078424431
0.13595454846350666
0.13595358908457023
0.13595310939510197
0.13595310939510197
0.13595310939510197
0.13595310939510197
0.13595358908457023
0.13595454846350666
0.1359555078424431
0.13595646722137955
0.13595790628978424
0.13596030473712536
0.13596222349499826
0.1359646219423394
0.135967979768617
0.13597085790542635
0.13597469542117216
0.13597853293691795
0.135982850142132
0.1359890861052189
0.13599532206830586
0.13600203772086103
0.1360092330628844
0.1360164284049078
0.13602410343639942
0.13603273784682746
0.1360408925677873
0.13604952697821537
0.13605864107811166
0.13606823486747618
0.13607830834630893
0.13608790213567346
0.1360979756145062
0.13610900847227536
0.13612004133004457
0.13613059449834555
0.13614258673505117
0.1361540992822886
0.13616609151899425
0.1361780837556999
0.13619055568187377
0.13620302760804764
0.13621597922368975
0.13622893083933182
0.13624236214444216
0.1362557934495525
0.1362692247546628
0.13628313574924136
0.1362970467438199
0.1363114374278667
0.13632582811191346
0.136339739106492
0.13635508916947525
0.13636995954299025
0.13638482991650525
0.136399220600552
0.13641505035300347
0.1364304004159867
0.13644575047896992
0.13646110054195315
0.1364769302944046
0.13649276004685607
0.13650811010983926
0.13652393986229075
0.1365402493042104
0.1365565587461301
0.13657190880911332
0.136588218251033
0.13660452769295267
0.13662083713487236
0.13663666688732382
0.1366529763292435
0.13666976546063142
0.13668511552361462
0.13670190465500254
0.13671821409692222
0.13673452353884188
0.13675035329129334
0.13676666273321303
0.13678297217513272
0.1367997613065206
0.13681511136950383
0.13683094112195526
0.13684725056387498
0.13686212093738995
0.13687891006877786
0.13689473982122932
0.13691056957368078
0.13692543994719578
0.13694126969964723
0.13695661976263043
0.13697149013614546
0.13698684019912868
0.1370021902621119
0.13701754032509514
0.13703145131967367
0.13704584200372047
0.13706071237723547
0.13707462337181403
0.1370890140558608
0.13710340473990756
0.13711587666608147
0.1371302673501282
0.13714369865523854
0.13715712996034884
0.13716912219705452
0.13718255350216482
0.1371950254283387
0.1372065379755761
0.1372194895912182
0.13723148182792388
0.1372434740646295
0.13725402723293048
0.1372650600906997
0.1372765726379371
0.1372861664273016
0.1372971992850708
0.13730727276390356
0.13731590717433162
0.13732598065316437
0.1373355744425289
0.13734468854242518
0.13735188388444855
0.13736051829487664
0.13736915270530467
0.13737538866839163
0.13738306369988323
0.13739073873137486
0.1373960153155253
0.13740273096808048
0.13740896693116744
0.13741280444691323
0.13741856072053196
0.1374233576152142
0.1374286341993647
0.13743103264670584
0.13743534985191988
0.13743726860979275
0.13744014674660213
0.13744254519394325
0.13744494364128437
0.13744494364128437
0.13744638270968904
0.13744782177809373
0.13744638270968904
0.13744638270968904
0.13744590302022083
0.1374435045728797
0.13744206550447502
0.13744062643607033
0.13743630923085629
0.13743343109404696
0.13743007326776938
0.13742479668361887
0.13741999978893663
0.13741520289425438
0.1374084872416992
0.13740225127861228
0.1373960153155253
0.13738738090509728
0.13737970587360565
0.1373710714631776
0.13736099798434484
0.13735188388444855
0.13734229009508406
0.13733029785837841
0.1373192650006092
0.1373077524533718
0.137293361769325
0.13728088984315115
0.13726745853804082
0.1372521084750576
0.1372372381015426
0.13722140834909113
0.137204139528235
0.13718783008631533
0.13717056126545918
0.13715137368673014
0.13713314548693759
0.13711203915033562
0.13709237188213838
0.13707174523500465
0.1370501592089345
0.13702713411445966
0.13700410901998483
0.1369796448571053
0.13695566038369403
0.13693071653134625
0.13690433361059384
0.1368779506898414
0.13685108807962076
0.13682230671152723
0.13679352534343367
0.1367647439753401
0.13673356415990545
0.13670238434447077
0.13667120452903608
0.13663810595572848
0.13660500738242093
0.13657094943017686
0.13653545240952816
0.13649995538887943
0.1364634989892943
0.13642608321077265
0.1363881877427828
0.1363488532063883
0.13630951866999377
0.1362687450651946
0.1361852790977233
0.13610277250918845
0.13602122529959004
0.1359847689000049
0.1359516703266973
0.13592049051126262
0.1358921888326373
0.13586580591188485
0.1358423011279418
0.13582023541240343
0.13580008845473793
0.13578281963388178
0.13576746957089858
0.13575355857632002
0.1357415663396144
0.13573197255024985
0.13572381782929002
0.13571710217673486
0.1357123052820526
0.13570942714524326
0.13570750838737033
0.13570750838737033
0.1357084677663068
0.13571086621364792
0.13571470372939373
0.1357199803135442
0.13572621627663115
0.13573341161865454
0.1357420460290826
0.1357511601289789
0.1357621929867481
0.13577274615504906
0.1357847383917547
0.1357976900073968
0.13581112131250714
0.13582551199655393
0.13583990268060067
0.1358552527435839
0.13587060280656715
0.13588643255901858
0.1359032216904065
0.1359200108217944
0.1359367999531823
0.13595406877403843
0.13597085790542635
0.1359886064157507
0.13600587523660682
0.1360226643679947
0.13604041287831908
0.13605672232023877
0.1360735114516267
0.13608982089354635
0.13610565064599778
0.13612148039844926
0.13613635077196426
0.13615122114547926
0.1361651321400578
0.13617856344516813
0.13619151506081023
0.13620302760804764
0.13621454015528509
0.13622461363411784
0.13623420742348233
0.1362428418339104
0.13625003717593379
0.13625627313902072
0.1362557934495525
0.13625483407061603
0.13625291531274314
0.13624955748646556
0.13624571997071974
0.13624044338656927
0.1362351668024188
0.13622893083933182
0.13622173549730845
0.13621454015528509
0.136205905744857
0.13619775102389717
0.13618863692400085
0.1361795228241046
0.13616992903474007
0.13615985555590732
0.1361502617665428
0.13614018828771005
0.13613011480887732
0.1361205210195128
0.13610996785121182
0.13610037406184733
0.1360907802724828
0.13608166617258652
0.13607207238322197
0.13606343797279394
0.13605528325183408
0.13604760822034248
0.1360408925677873
0.13603417691523215
0.13602842064161344
0.13602314405746296
0.13601882685224892
0.13601546902597134
0.1360130705786302
0.13601163151022555
0.13602122529959004
0.13603225815735925
0.13604329101512844
0.1360557629413023
0.1360687145569444
0.13608262555152295
0.13609653654610152
0.13611092723014828
0.13612579760366328
0.13614018828771005
0.1361560180401615
0.13617136810314473
0.13618623847665973
0.13620158853964298
0.13621645891315798
0.13623084959720475
0.13624524028125154
0.13625147624433845
0.13625675282848893
0.1362615497231712
0.13626586692838522
0.13627018413359926
0.13627402164934507
0.13627737947562266
0.136280257612432
0.13628265605977313
0.1362855341965825
0.13628697326498718
0.13628889202286007
0.13628985140179653
0.1362912904702012
0.136290810780733
0.1362912904702012
0.1362912904702012
0.1362912904702012
0.13629033109126476
0.13628985140179653
0.13628889202286007
0.13628697326498718
0.1362855341965825
0.1362836154387096
0.13628169668083667
0.13627881854402735
0.13627689978615443
0.13627402164934507
0.13627114351253572
0.13626778568625814
0.13626442785998055
0.13626059034423477
0.13625723251795718
0.13625339500221137
0.13624955748646556
0.13624524028125154
0.13624140276550573
0.13623708556029168
0.1362322886656094
0.13622797146039542
0.13622317456571312
0.13621837767103087
0.13621358077634863
0.13620878388166635
0.1362039869869841
0.1361987104028336
0.13619391350815135
0.13618863692400085
0.1361838400293186
0.13617856344516813
0.13617328686101765
0.13616801027686717
0.1361632133821849
0.13615793679803442
0.13615266021388392
0.13614786331920167
0.13614258673505117
0.13613778984036892
0.13613251325621845
0.1361277163615362
0.13612291946685393
0.1361186022616399
0.1361133256774894
0.13610948816174362
0.13610469126706137
0.13610037406184733
0.13609605685663329
0.13609221934088747
0.13608838182514166
0.13608454430939587
0.1360811864831183
0.13607734896737247
0.13607495052003135
0.13607159269375377
0.13606967393588085
0.13606679579907152
0.1360643973517304
0.13606247859385748
0.13606055983598456
0.13605864107811166
0.13605720200970697
0.13605528325183408
0.13605384418342942
0.13605240511502473
0.13605096604662006
0.1360500066676836
0.1360485675992789
0.1360480879098107
0.13604664884140602
0.13604568946246956
0.13604520977300133
0.1360442503940649
0.13604329101512844
0.1360428113256602
0.136042331636192
0.13604185194672375
0.1360408925677873
0.13604041287831908
0.13604041287831908
0.13603993318885085
0.13603897380991442
0.13603897380991442
0.1360384941204462
0.13603801443097796
0.13603753474150973
0.1360370550520415
0.1360365753625733
0.1360365753625733
0.13603561598363684
0.1360351362941686
0.13603465660470038
0.13603417691523215
0.13603321753629571
0.13603273784682746
0.13603177846789102
0.1360312987784228
0.13603033939948633
0.13602890033108167
0.1360279409521452
0.13602698157320875
0.1360255425048041
0.13602458312586763
0.13602314405746296
0.1360217049890583
0.13601978623118538
0.13601834716278072
0.1360164284049078
0.13601450964703488
0.13601211119969375
0.13601019244182086
0.13600779399447974
0.13600491585767038
0.13600203772086103
0.1359996392735199
0.13599676113671053
0.1359938829999012
0.1359886064157507
0.13598380952106845
0.13597805324744974
0.13597325635276747
0.135967979768617
0.1359627031844665
0.13595694691084778
0.1359511906372291
0.1359463937425468
0.1359406374689281
0.13593536088477762
0.13593008430062714
0.13592480771647666
0.13591953113232616
0.1359147342376439
0.13590993734296167
0.13590466075881116
0.13590034355359712
0.1358960263483831
0.1358921888326373
0.13588787162742327
0.1358845138011457
0.13588163566433634
0.13587827783805875
0.1358758793907176
0.13587348094337648
0.13587156218550359
0.1358701231170989
0.13587492001178117
0.13588067628539988
0.13588595286955035
0.1358921888326373
0.13589890448519246
0.13590562013774762
0.1359123357903028
0.1359200108217944
0.13592816554275425
0.13593632026371408
0.13594447498467394
0.13595310939510197
0.13596222349499826
0.13597133759489458
0.13598093138425907
0.13599052517362362
0.13600107834192457
0.13601115182075732
0.13601786747331246
0.1360255425048041
0.13603273784682746
0.13604041287831908
0.1360480879098107
0.13605624263077054
0.13606391766226214
0.13607207238322197
0.13608070679365006
0.13608934120407812
0.1360979756145062
0.13610661002493424
0.13611524443536233
0.13612387884579039
0.13613299294568668
0.13614210704558297
0.13615074145601105
0.13615985555590732
0.1361689696558036
0.1361776040662317
0.13618671816612798
0.13619535257655602
0.13620446667645233
0.1362131010868804
0.13622173549730845
0.13623036990773654
0.13623852462869637
0.13624715903912443
0.13625531376008426
0.1362634684810441
0.13627114351253572
0.13627929823349555
0.13628697326498718
0.13629416860701057
0.13630136394903394
0.1363085592910573
0.13631479525414428
0.13632199059616765
0.13632774686978638
0.14113951192555987
0.14121962006675357
0.1412872562817734
0.1413294689549773
0.14135489249679328
0.1413515346705157
0.14133186740231843
0.14129301255539214
0.14123497012973682
0.1411563010569478
0.14106707881585775
0.14096106744337986
0.14083299035536354
0.1406967585463874
0.1405480548112374
0.1403830416341677
0.14021467063082044
0.14003766521704508
0.13984818787709588
0.13965919022661488
0.13945388313421422
0.13918093982679372
0.13890128086681805
0.13862641880152465
0.13835203642569946
0.13808532908136587
0.13781958111596876
0.1375677441451502
0.1373197446900774
0.1370856562295832
0.1368837069634601
0.136806956648544
0.13674219857033348
0.13668895303936043
0.13663570750838736
0.13659349483518352
0.1365603962618759
0.13652777737803656
0.1365047522835617
0.13648508501536447
0.13646877557344475
0.13645582395780267
0.1364447911000335
0.13643711606854186
0.1364299207265185
0.13641984724768574
0.13641025345832122
0.13640113935842493
0.13638674867437814
0.1363690001640538
0.1363028030174386
0.13623084959720475
0.13615122114547926
0.13606247859385748
0.13596750007914876
0.13592144989019908
0.13587252156444002
0.13582263385974455
0.13576842894983504
0.13571326466098904
0.1356571409932066
0.13559478136233727
0.13552954359465857
0.13546238706910696
0.13539379147515063
0.1353208786759803
0.13524796587680998
0.13517313431976677
0.13509686369431886
0.13501819462152978
0.1349438427539548
0.13488388157042658
0.13482248131849367
0.13476635765071124
0.13470927460399235
0.13465554938355107
0.13460326323151445
0.13455529428469185
0.13450588626946458
0.13446271421732428
0.13441906247571572
0.13438068731825767
0.13434183247133136
0.1343072948296191
0.13427371656684328
0.13424205706194037
0.13421375538331506
0.13418929122043555
0.13416674581542892
0.13414659885776345
0.1341274112790344
0.1341106221476465
0.1340957517741315
0.13408423922689405
0.13407656419540245
0.1340698485428473
0.13406553133763327
0.13406169382188746
0.13405977506401454
0.13406169382188746
0.13406313289029212
0.13406888916391085
0.13407656419540245
0.1340808814006165
0.13409143456891748
0.13410246742668666
0.13411973624754278
0.13413220817371665
0.13414755823669988
0.13416338798915134
0.13418353494681684
0.1342012834571412
0.1342238288621478
0.13424301644087683
0.13426748060375635
0.13429146507716763
0.13431353079270603
0.13433895433452198
0.13436533725527441
0.13439315924443151
0.1344166640283746
0.1344449657069999
0.13447326738562523
0.1344986909274412
0.13452747229553477
0.13455673335309654
0.13458359596331718
0.13461285702087897
0.1346435571468454
0.1346708994465343
0.13470064019356429
0.1347284621827214
0.1347586826192196
0.13478554522944028
0.13481336721859738
0.13484166889722268
0.13486949088637978
0.13489683318606865
0.1349236957962893
0.13495151778544642
0.13497933977460352
0.13500428362695124
0.13503162592664011
0.1350565697789879
0.13508055425239915
0.1351050184152787
0.1351299622676264
0.1351539467410377
0.13517889059338548
0.13520143599839207
0.13522350171393047
0.1352460471189371
0.13526763314500725
0.13529017855001385
0.13531176457608401
0.13533239122321775
0.13535301787035145
0.13537460389642159
0.13539523054355532
0.13541537750122082
0.13543456507994983
0.1354523135902742
0.13546958241113033
0.13548829030039114
0.13550843725805664
0.13552810452625388
0.13554777179445116
0.13556839844158486
0.13558902508871856
0.13561109080425696
0.13563315651979535
0.13565570192480195
0.13567824732980857
0.13570175211375163
0.13572477720822648
0.13574828199216957
0.13577082739717616
0.13579433218111922
0.1358178369650623
0.13583942299113247
0.13585813088039328
0.13587444032231294
0.1358883513168915
0.13590034355359712
0.1359089779640252
0.1359147342376439
0.13591713268498504
0.13591617330604858
0.13591137641136633
0.1359037013798747
0.1358758793907176
0.13588259504327277
0.13588931069582794
0.1358960263483831
0.13590178262200184
0.13590801858508875
0.13591425454817568
0.13592049051126262
0.13592624678488133
0.13593200305850006
0.1359372796426505
0.13594303591626922
0.13594831250041972
0.13595310939510197
0.13595838597925247
0.13596366256340295
0.135967979768617
0.135972296973831
0.13597709386851328
0.13598093138425907
0.1359847689000049
0.1359890861052189
0.13599244393149648
0.13599628144724232
0.13599915958405165
0.13600251741032923
0.1360053955471386
0.13600779399447974
0.1360106721312891
0.1360130705786302
0.13601498933650313
0.136016908094376
0.13601834716278072
0.13601978623118538
0.1360217049890583
0.1360221846785265
0.1360226643679947
0.13602362374693117
0.13602410343639942
0.13602410343639942
0.13602362374693117
0.13602314405746296
0.1360226643679947
0.1360217049890583
0.13602074561012184
0.13601882685224892
0.13601738778384426
0.13601546902597134
0.13601355026809844
0.13601115182075732
0.13600827368394797
0.1360053955471386
0.13600203772086103
0.13599867989458345
0.1359943626893694
0.13599052517362362
0.13598620796840957
0.13598141107372733
0.13597613448957682
0.13597085790542635
0.13596510163180764
0.13595934535818893
0.13595310939510197
0.1359463937425468
0.13593967808999166
0.1359252874059449
0.13591089672189813
0.13589650603785133
0.13588211535380457
0.13586820435922603
0.13586292777507553
0.13585765119092502
0.13585285429624278
0.13584901678049696
0.13584565895421938
0.13584278081741002
0.1358403823700689
0.135838463612196
0.13583702454379132
0.13583558547538666
0.13583510578591843
0.1358346260964502
0.1358346260964502
0.13583510578591843
0.13583606516485489
0.13583702454379132
0.13583798392272778
0.13583942299113247
0.13584134174900536
0.13584326050687826
0.13584565895421938
0.1358475777120923
0.13584997615943342
0.13585285429624278
0.1358552527435839
0.13585813088039328
0.1358610090172026
0.1358643668434802
0.1358667652908213
0.1358701231170989
0.13587252156444002
0.1358758793907176
0.13587827783805875
0.1358811559748681
0.13588403411167746
0.13588643255901858
0.1358883513168915
0.13589122945370086
0.13589314821157375
0.13589506696944667
0.13589650603785133
0.13589842479572425
0.1358993841746607
0.13589890448519246
0.13589842479572425
0.1358974654167878
0.13589650603785133
0.13589554665891487
0.1358941075905102
0.13589266852210552
0.13589074976423263
0.1358888310063597
0.13588643255901858
0.13588499349061392
0.13588259504327277
0.13588019659593165
0.13587779814859052
0.1358753997012494
0.13587300125390828
0.13587060280656715
0.13586820435922603
0.13586532622241665
0.13586292777507553
0.1358605293277344
0.13585813088039328
0.13585621212252036
0.13585381367517924
0.1358514152278381
0.13584901678049696
0.13584709802262407
0.13584565895421938
0.13584374019634649
0.1358423011279418
0.13584086205953713
0.1358423011279418
0.13584374019634649
0.13584517926475118
0.13584709802262407
0.13584901678049696
0.13585093553836988
0.135853333985711
0.1358552527435839
0.13585765119092502
0.1358605293277344
0.13586292777507553
0.13586580591188485
0.13586868404869423
0.13587108249603536
0.13587396063284474
0.1358773184591223
0.13588019659593165
0.13588355442220923
0.1358869122484868
0.1358902700747644
0.13589362790104198
0.13589698572731954
0.13590034355359712
0.1359037013798747
0.13590753889562054
0.13591041703242987
0.13591425454817568
0.1359180920639215
0.13592144989019908
0.13592480771647666
0.13592816554275425
0.1359315233690318
0.1359348811953094
0.1359387187110552
0.13594207653733278
0.13594543436361037
0.13594879218988792
0.1359516703266973
0.1359550281529749
0.13595790628978424
0.13596126411606183
0.13596414225287118
0.13596702038968053
0.13596989852648989
0.135972296973831
0.13597517511064036
0.13597757355798148
0.13598045169479087
0.13598237045266376
0.1359847689000049
0.13598428921053665
0.13598380952106845
0.1359833298316002
0.135982850142132
0.13598189076319553
0.13598189076319553
0.13598093138425907
0.1359794923158544
0.13597853293691795
0.13597757355798148
0.13597613448957682
0.13597469542117216
0.1359737360422357
0.135972296973831
0.13597037821595812
0.1359684594580852
0.13596702038968053
0.13596510163180764
0.13596318287393472
0.13596126411606183
0.13595934535818893
0.135957426600316
0.1359550281529749
0.13595310939510197
0.13595071094776084
0.13594831250041972
0.1359459140530786
0.13594351560573747
0.13594111715839635
0.1359387187110552
0.13593632026371408
0.13593344212690472
0.13593056399009537
0.13592816554275425
0.1359252874059449
0.13592288895860374
0.1359200108217944
0.13591713268498504
0.13591425454817568
0.13591137641136633
0.13590849827455698
0.13590562013774762
0.1359032216904065
0.13590034355359712
0.135897945106256
0.13589506696944667
0.13589266852210552
0.1358902700747644
0.13588739193795504
0.13588499349061392
0.13588211535380457
0.13587971690646344
0.13587683876965406
0.13587444032231294
0.13587156218550359
0.13586916373816244
0.1358662856013531
0.135863887154012
0.13586148870667086
0.13585861056986148
0.13585621212252036
0.135853333985711
0.13585093553836988
0.13584853709102873
0.1358461386436876
0.13584374019634649
0.13584134174900536
0.135838463612196
0.13583606516485489
0.13583366671751376
0.13583174795964084
0.13582934951229972
0.1358269510649586
0.13582503230708567
0.13582263385974455
0.13582071510187163
0.1358183166545305
0.13581639789665761
0.13581447913878472
0.1358125603809118
0.1358106416230389
0.13580872286516601
0.1358068041072931
0.13580536503888843
0.1358034462810155
0.13580152752314262
0.13580008845473793
0.13579864938633326
0.13579721031792857
0.1357957712495239
0.13579433218111922
0.1357933728021828
0.13594687343201506
0.13593584057424585
0.13592672647434956
0.13591713268498504
0.13590753889562054
0.13590034355359712
0.13589266852210552
0.13588499349061392
0.13587923721699519
0.13587156218550359
0.13586820435922603
0.1358624480856073
0.1358590902593297
0.13585765119092502
0.13585381367517924
0.13585237460677455
0.13585285429624278
0.13585093553836988
0.13585285429624278
0.13585285429624278
0.13585429336464744
0.13585717150145682
0.13586004963826614
0.13586196839613907
0.13586580591188485
0.13586868404869423
0.13587108249603536
0.13587492001178117
0.13587827783805875
0.13588019659593165
0.13588259504327277
0.13588403411167746
0.13588403411167746
0.1358845138011457
0.13588499349061392
0.13588355442220923
0.13588163566433634
0.13588019659593165
0.13587683876965406
0.13587348094337648
0.13586820435922603
0.13586292777507553
0.13586292777507553
0.13586484653294845
0.13587156218550359
0.13587875752752698
0.13588499349061392
0.1358921888326373
0.13589842479572425
0.13590514044827942
0.1359123357903028
0.13592049051126262
0.13592816554275425
0.13593536088477762
0.13594399529520568
0.13595262970563377
0.13596174380553006
0.13597181728436278
0.13598189076319553
0.13599292362096474
0.1360034767892657
0.13601402995756667
0.1360260221942723
0.13603897380991442
0.13605048635715183
0.13606247859385748
0.13607447083056312
0.136086942756737
0.1360979756145062
0.13610948816174362
0.13610948816174362
0.13610804909333896
0.13610661002493424
0.1361037318881249
0.13609989437237907
0.13609509747769682
0.13608838182514166
0.1360811864831183
0.13607447083056312
0.13606535673066683
0.13605768169917523
0.13605864107811166
0.13605864107811166
0.13606247859385748
0.13606727548853972
0.13607207238322197
0.13607638958843601
0.13608214586205472
0.13608742244620523
0.13609461778822862
0.13610037406184733
0.1361070897144025
0.1361147647458941
0.13612148039844926
0.1361296351194091
0.13613826952983715
0.1361469039402652
0.13615122114547926
0.1361560180401615
0.13616081493484378
0.13616609151899425
0.13617136810314473
0.13617712437676344
0.13618288065038214
0.1361895963029373
0.13619631195549248
0.13620350729751587
0.13621070263953927
0.13621837767103087
0.1362260527025225
0.13623372773401413
0.13624188245497396
0.13625051686540202
0.13625867158636185
0.13626682630732168
0.13627546071774976
0.13628409512817782
0.13629224984913765
0.13630088425956574
0.13630903898052557
0.13631767339095363
0.1363263078013817
0.1363335031434051
0.1363411781748967
0.13634933289585655
0.13635748761681638
0.1363656423377762
0.13637235799033137
0.13637811426395008
0.13638530960597348
0.1363929846374651
0.13639970029002024
0.13640497687417072
0.13641073314778945
0.1364155300424717
0.13641984724768574
0.13642608321077265
0.1364299207265185
0.13643279886332782
0.13643663637907363
0.13643903482641478
0.1364419129632241
0.13644431141056523
0.13644575047896992
0.13644766923684282
0.13644862861577928
0.13644766923684282
0.13644814892631105
0.13644814892631105
0.13644623016843815
0.1364452707895017
0.13644287234216057
0.13644047389481945
0.1364375957580101
0.1364342379317325
0.1364299207265185
0.13642608321077265
0.1364208066266222
0.13641505035300347
0.13641025345832122
0.13639586277427443
0.1363824314691641
0.13636947985352202
0.136354609480007
0.136339739106492
0.13632678749084992
0.1363114374278667
0.13629608736488347
0.13628265605977313
0.13626778568625814
0.13625291531274314
0.13623804493922814
0.13622413394464958
0.1362097432606028
0.13619487288708781
0.13618144158197748
0.1361670508979307
0.13615457897175684
0.1361406679771783
0.13612867574047263
0.13611524443536233
0.13610325219865665
0.1360907802724828
0.1360797474147136
0.13606727548853972
0.13605672232023877
0.1360461691519378
0.13603561598363684
0.1360260221942723
0.1360164284049078
0.13600779399447974
0.13600203772086103
0.13599676113671053
0.13599148455256005
0.13598668765787778
0.13598189076319553
0.13597805324744974
0.13597517511064036
0.13597085790542635
0.135967979768617
0.13596510163180764
0.13596222349499826
0.13595934535818893
0.135957426600316
0.1359550281529749
0.13595310939510197
0.1359511906372291
0.13594975156882438
0.13594927187935618
0.13594927187935618
0.13594927187935618
0.13594975156882438
0.13594975156882438
0.13595023125829264
0.13595071094776084
0.1359516703266973
0.1359516703266973
0.13595358908457023
0.13595406877403843
0.1359550281529749
0.13595646722137955
0.13595790628978424
0.13595982504765713
0.13596222349499826
0.1359646219423394
0.1359665407002123
0.13596893914755342
0.13597133759489458
0.1359737360422357
0.1359756548001086
0.13597757355798148
0.1359794923158544
0.13598093138425907
0.13598237045266376
0.1359833298316002
0.1359852485894731
0.13598572827894131
0.13598620796840957
0.13598668765787778
0.13598668765787778
0.13598716734734603
0.1359852485894731
0.13598428921053665
0.135982850142132
0.1359799720053226
0.13597757355798148
0.13597469542117216
0.13597133759489458
0.13596414225287118
0.13595598753191135
0.13594831250041972
0.13593967808999166
0.1359310436795636
0.13592240926913554
0.13591329516923925
0.13590466075881116
0.13589554665891487
0.13588643255901858
0.1358773184591223
0.13586820435922603
0.13585813088039328
0.1358494964699652
0.1358288698228315
0.13582791044389506
0.1358274307544268
0.13582647137549034
0.13582599168602214
0.13582503230708567
0.13582455261761747
0.13582407292814921
0.135823593238681
0.13582311354921275
0.13582263385974455
0.13582215417027635
0.1358216744808081
0.1358211947913399
0.1358211947913399
0.1358211947913399
0.13582071510187163
0.1358211947913399
0.13582071510187163
0.1358211947913399
0.1358211947913399
0.1358211947913399
0.1358216744808081
0.13582215417027635
0.13582263385974455
0.13582311354921275
0.135823593238681
0.13582455261761747
0.13582551199655393
0.13582599168602214
0.1358288698228315
0.13583126827017264
0.13583414640698196
0.13583702454379132
0.13583942299113247
0.13584278081741002
0.13584517926475118
0.13584853709102873
0.1358514152278381
0.13585429336464744
0.13585717150145682
0.13586004963826614
0.13586292777507553
0.1358662856013531
0.13586868404869423
0.13587156218550359
0.13587444032231294
0.1358773184591223
0.13587971690646344
0.13588259504327277
0.13588499349061392
0.13588739193795504
0.13588979038529617
0.1358917091431691
0.1358941075905102
0.1358960263483831
0.1358974654167878
0.1358993841746607
0.13589890448519246
0.135897945106256
0.1358974654167878
0.13589698572731954
0.1358960263483831
0.1358945872799784
0.13589314821157375
0.1358921888326373
0.1358902700747644
0.13588931069582794
0.13588787162742327
0.13588595286955035
0.13588403411167746
0.13588259504327277
0.1358811559748681
0.13587923721699519
0.1358773184591223
0.1358753997012494
0.13587348094337648
0.13587156218550359
0.1358701231170989
0.13586820435922603
0.13586580591188485
0.1358643668434802
0.13586340746454373
0.13586196839613907
0.1358605293277344
0.1358590902593297
0.13585813088039328
0.13585621212252036
0.1358552527435839
0.13585381367517924
0.13585285429624278
0.1358514152278381
0.13584997615943342
0.13584901678049696
0.1358475777120923
0.13584661833315584
0.13584517926475118
0.13584421988581472
0.13584278081741002
0.1358418214384736
0.13584086205953713
0.13583942299113247
0.135838463612196
0.13583750423325955
0.1358365448543231
0.13583558547538666
0.1358346260964502
0.13583366671751376
0.1358327073385773
0.13583174795964084
0.13583078858070438
0.13582982920176792
0.1358288698228315
0.13582791044389506
0.1358274307544268
0.13582647137549034
0.13582551199655393
0.13582503230708567
0.13582407292814921
0.13582311354921275
0.13582263385974455
0.13582215417027635
0.1358211947913399
0.13582071510187163
0.13582023541240343
0.13581927603346697
0.13581879634399877
0.1358183166545305
0.13581735727559405
0.13581735727559405
0.13581639789665761
0.13581591820718938
0.13581543851772118
0.13581543851772118
0.13581495882825292
0.13581447913878472
0.1358139994493165
0.1358139994493165
0.13581351975984826
0.13581304007038003
0.13581304007038003
0.13581304007038003
0.1358125603809118
0.1358125603809118
0.1358125603809118
0.1358120806914436
0.1358120806914436
0.1358120806914436
0.1358120806914436
0.1358120806914436
0.1358120806914436
0.1358125603809118
0.1358125603809118
0.1358125603809118
0.1358125603809118
0.13581304007038003
0.13581304007038003
0.13581351975984826
0.13581351975984826
0.1358139994493165
0.13581447913878472
0.13581447913878472
0.13581495882825292
0.13581543851772118
0.13581591820718938
0.13581687758612584
0.13581735727559405
0.1358178369650623
0.1358183166545305
0.13581927603346697
0.1358197557229352
0.13582071510187163
0.1358216744808081
0.13582215417027635
0.13582311354921275
0.13582407292814921
0.13582503230708567
0.13582599168602214
0.13582791044389506
0.13583030889123618
0.13583222764910907
0.1358346260964502
0.1358365448543231
0.13583894330166424
0.13584086205953713
0.13584326050687826
0.13584565895421938
0.1358475777120923
0.13584997615943342
0.13585237460677455
0.1358547730541157
0.13585717150145682
0.13585956994879794
0.13586196839613907
0.1358643668434802
0.1358667652908213
0.13586916373816244
0.13587156218550359
0.13587348094337648
0.1358758793907176
0.13587875752752698
0.1358811559748681
0.135883074732741
0.13588547318008215
0.13588787162742327
0.13588931069582794
0.1358917091431691
0.1358941075905102
0.1358960263483831
0.13589842479572425
0.13589986386412892
0.13590226231147004
0.1359037013798747
0.13590609982721583
0.13590753889562054
0.1359094576534934
0.13591089672189813
0.1359123357903028
0.13591377485870745
0.13591521392711214
0.13591665299551683
0.13591761237445327
0.13591905144285796
0.1359200108217944
0.13592097020073085
0.1359219295796673
0.13592240926913554
0.13592288895860374
0.13592336864807197
0.1359238483375402
0.1359238483375402
0.1359238483375402
0.13592097020073085
0.1359180920639215
0.13591521392711214
0.1359123357903028
0.1359089779640252
0.13590562013774762
0.13590178262200184
0.13589890448519246
0.13589506696944667
0.1358917091431691
0.13588787162742327
0.1358845138011457
0.13588067628539988
0.1358773184591223
0.13587396063284474
0.13587060280656715
0.13586724498028957
0.135863887154012
0.1358605293277344
0.13585765119092502
0.1358547730541157
0.13585429336464744
0.1358547730541157
0.1358547730541157
0.1358552527435839
0.13585573243305213
0.1358566918119886
0.13585717150145682
0.13585813088039328
0.1358590902593297
0.1358605293277344
0.13586196839613907
0.135863887154012
0.13586532622241665
0.1358667652908213
0.13586916373816244
0.13587108249603536
0.13587300125390828
0.1358753997012494
0.1358773184591223
0.13588019659593165
0.13588259504327277
0.13588499349061392
0.13588739193795504
0.1358902700747644
0.13589314821157375
0.1358960263483831
0.13589890448519246
0.13590178262200184
0.13590514044827942
0.13590801858508875
0.13591089672189813
0.13591377485870745
0.13591713268498504
0.13592049051126262
0.13592336864807197
0.13592672647434956
0.1359296046111589
0.13593248274796826
0.13593584057424585
0.13593823902158697
0.13594159684786455
0.13594447498467394
0.13594783281095152
0.13595023125829264
0.13595310939510197
0.13595598753191135
0.13595838597925247
0.1359607844265936
0.13596318287393472
0.13596558132127584
0.135967979768617
0.13596989852648989
0.13597181728436278
0.13597325635276747
0.13597517511064036
0.13597661417904505
0.13597805324744974
0.13597901262638618
0.13597757355798148
0.1359756548001086
0.1359737360422357
0.13597181728436278
0.13596893914755342
0.1359665407002123
0.13596414225287118
0.13596126411606183
0.13595838597925247
0.1359550281529749
0.1359516703266973
0.13594879218988792
0.13594495467414214
0.13594159684786455
0.13593775933211877
0.13593440150584118
0.13593056399009537
0.1359272061638178
0.13592336864807197
0.1359200108217944
0.13591665299551683
0.135912815479771
0.1359089779640252
0.13590562013774762
0.13590226231147004
0.13589890448519246
0.13589554665891487
0.1358921888326373
0.13588979038529617
0.1358869122484868
0.13588403411167746
0.13588163566433634
0.13587971690646344
0.1358773184591223
0.1358758793907176
0.1358753997012494
0.13587492001178117
0.13587444032231294
0.13587827783805875
0.13588259504327277
0.1358869122484868
0.1358917091431691
0.13589698572731954
0.13590226231147004
0.13590801858508875
0.13591329516923925
0.13591953113232616
0.1359257670954131
0.1359315233690318
0.13593775933211877
0.13594399529520568
0.13595023125829264
0.13595646722137955
0.13596222349499826
0.135967979768617
0.1359737360422357
0.13597901262638618
0.13598380952106845
0.13598620796840957
0.13598764703681424
0.1359890861052189
0.13598956579468716
0.13599052517362362
0.13599004548415536
0.13598956579468716
0.1359886064157507
0.13598764703681424
0.13598572827894131
0.1359833298316002
0.13598093138425907
0.13597805324744974
0.1359742157317039
0.13597037821595812
0.13596606101074407
0.13596174380553006
0.13595646722137955
0.1359511906372291
0.13594543436361037
0.13593919840052343
0.1359329624374365
0.13592624678488133
0.13591905144285796
0.13591185610083456
0.13590418106934296
0.1358960263483831
0.13588739193795504
0.13587923721699519
0.13587060280656715
0.1358610090172026
0.13585237460677455
0.13584278081741002
0.1358327073385773
0.135823593238681
0.13581351975984826
0.13580296659154728
0.1357933728021828
0.13578329932335004
0.13577226646558083
0.1357621929867481
0.13575163981844712
0.1357415663396144
0.13573101317131342
0.13572046000301244
0.13571038652417972
0.13570031304534697
0.13569023956651421
0.13567968639821323
0.13567009260884874
0.1356604988194842
0.1356509050301197
0.1356417909302234
0.13563267683032712
0.13562404241989906
0.13561636738840743
0.1356082126674476
0.1356010173254242
0.13559334229393258
0.13558710633084567
0.1355808703677587
0.13557559378360826
0.13557031719945775
0.1355655203047755
0.13556216247849792
0.13555880465222034
0.1355564062048792
0.1355544874470063
0.13555352806806986
0.13555352806806986
0.1355544874470063
0.13555592651541098
0.1355583249627521
0.13556216247849792
0.13556695937318017
0.13557271564679887
0.13557943129935404
0.13558710633084567
0.13559670012021016
0.1356067735990429
0.13561828614628035
0.13563171745139066
0.13564610813543743
0.13566145819842065
0.13567920670874503
0.13569791459800584
0.13571854124513955
0.13574108665014614
0.13576459143408923
0.1357900149759052
0.1358178369650623
0.13584661833315584
0.13587827783805875
0.13591137641136633
0.13594687343201506
0.13598428921053665
0.13602362374693117
0.13606535673066683
0.13610948816174362
0.13617136810314473
0.13623372773401413
0.13629464829647878
0.13635221103266587
0.13640449718470252
0.13645006768418397
0.13648556470483267
0.13650954917824398
0.1365196226570767
0.13651338669398977
0.13648844284164202
0.13634165786436492
0.1361723274820812
0.13598189076319553
0.1358566918119886
0.13571182559258438
0.1355468124155147
0.13536213197024774
0.13515730456731528
0.13493424896459028
0.13469200578313623
0.13443105471242137
0.13415235513138216
0.13385542735055034
0.13354075105939417
0.1332107247052548
0.1328619904618546
0.1324964670870665
0.13211703271769987
0.13171984983800886
0.13130731689533462
0.13088039326861362
0.08462345815812676
0.0798495885703431
0.07570555125433999
0.07229831696153177
0.06966961867565413
0.06798638833164962
0.06716515996204697
0.06726157754516036
0.06826892542843464
0.07012628304940514
0.07309076396304087
0.07924613921931498
0.08636329185938191
0.09408437353994518
0.10225828207851365
0.10976206442997061
0.11123567047636042
0.11220128537589906
0.1124286581838381
0.11195184685242161
0.11069122292992409
0.10889670462929117
0.10632173156385481
0.10309869802684533
0.09934129042223226
0.09501688986617622
0.09029770487777032
0.085169824462436
0.07961118290463486
0.07383476232825918
0.06737430457019343
0.05929633392527014
0.05091471984695987
0.04273457534530446
0.0345443573648163
0.027891544129992
0.023952813906389557
0.020261123758923423
0.016846214434623603
0.014002615266980769
0.011191634983177299
0.008712120121917865
0.006589973914486718
0.004532106095797814
0.003159714527203664
0.0018986109152378972
0.0010327714250902632
3.026840544504974e-4
0.0
1.4102870365839142e-4
4.0533760065082847e-4
0.0011589297552336503
0.0020425177557056575
0.0030637766335584998
0.0045786359742157395
0.006235963086936041
0.008032400145441848
0.009969386218137834
0.012053636957579135
0.014606064618008879
0.01695126642816506
0.019771360811864824
0.02238135120848167
0.02546335604183276
0.028317028688308328
0.03128294867034877
0.03434960344071662
0.03720519484506509
0.04016535855348682
0.043223378913426605
0.04606505932319654
0.049012271415976146
0.052039111960481256
0.054584823968355844
0.05751764537708869
0.0599952414804752
0.06259467870879107
0.06504924971770275
0.06739253276998601
0.06990562589402124
0.07138834604030735
0.07315696110965604
0.07500760307807137
0.0772017027057364
0.07994072956930602
0.08321125236366986
0.08698496941020262
0.09123118058293782
0.09617294148460054
0.10156225266011794
0.10916245259468829
0.11643214648565105
0.12302931574216114
0.12877503619257036
0.1332332701102614