1.0
1.041
1.082
1.123
1.163
1.204
1.245
1.285
1.326
1.366
1.406
1.447
1.487
1.527
1.567
1.607
1.647
1.687
1.727
1.767
1.807
1.846
1.886
1.925
1.965
2.004
2.044
2.083
2.122
2.162
2.201
2.24
2.279
2.318
2.357
2.396
2.435
2.473
2.512
2.551
2.589
2.628
2.666
2.705
2.743
2.781
2.819
2.858
2.896
2.934
2.972
3.01
3.047
3.085
3.123
3.161
3.198
3.236
3.273
3.311
3.348
3.386
3.423
3.46
3.497
3.534
3.571
3.608
3.645
3.682
3.719
3.756
3.793
3.829
3.866
3.902
3.939
3.975
4.012
4.048
4.084
4.12
4.157
4.193
4.229
4.265
4.301
4.336
4.372
4.408
4.444
4.479
4.515
4.55
4.586
4.621
4.657
4.692
4.727
4.762
4.798
4.833
4.868
4.903
4.938
4.972
5.007
5.042
5.077
5.111
5.146
5.18
5.215
5.249
5.284
5.318
5.352
5.386
5.421
5.455
5.489
5.523
5.557
5.59
5.624
5.658
5.692
5.725
5.759
5.793
5.826
5.859
5.893
5.926
5.959
5.993
6.026
6.059
6.092
6.125
6.158
6.191
6.224
6.256
6.289
6.322
6.354
6.387
6.42
6.452
6.484
6.517
6.549
6.581
6.614
6.646
6.678
6.71
6.742
6.774
6.806
6.838
6.869
6.901
6.933
6.964
6.996
7.028
7.059
7.09
7.122
7.153
7.184
7.216
7.247
7.278
7.309
7.34
7.371
7.402
7.433
7.463
7.494
7.525
7.556
7.586
7.617
7.647
7.678
7.708
7.738
7.769
7.799
7.829
7.859
7.889
7.919
7.949
7.979
8.009
8.039
8.069
8.098
8.128
8.158
8.187
8.217
8.246
8.276
8.305
8.334
8.364
8.393
8.422
8.451
8.48
8.509
8.538
8.567
8.596
8.625
8.654
8.683
8.711
8.74
8.769
8.797
8.826
8.854
8.882
8.911
8.939
8.967
8.995
9.024
9.052
9.08
9.108
9.136
9.164
9.192
9.219
9.247
9.275
9.302
9.33
9.358
9.385
9.413
9.44
9.467
9.495
9.522
9.549
9.577
9.604
9.631
9.658
9.685
9.712
9.739
9.766
9.792
9.819
9.846
9.872
9.899
9.926
9.952
9.979
10.005
10.032
10.058
10.084
10.11
10.137
10.163
10.189
10.215
10.241
10.267
10.293
10.319
10.345
10.37
10.396
10.422
10.447
10.473
10.499
10.524
10.55
10.575
10.6
10.626
10.651
10.676
10.701
10.727
10.752
10.777
10.802
10.827
10.852
10.877
10.901
10.926
10.951
10.976
11.0
11.025
11.049
11.074
11.098
11.123
11.147
11.172
11.196
11.22
11.244
11.269
11.293
11.317
11.341
11.365
11.389
11.413
11.437
11.46
11.484
11.508
11.532
11.555
11.579
11.602
11.626
11.649
11.673
11.696
11.719
11.743
11.766
11.789
11.812
11.836
11.859
11.882
11.905
11.928
11.951
11.973
11.996
12.019
12.042
12.064
12.087
12.11
12.132
12.155
12.177
12.2
12.222
12.245
12.267
12.289
12.311
12.334
12.356
12.378
12.4
12.422
12.444
12.466
12.488
12.51
12.532
12.553
12.575
12.597
12.618
12.64
12.662
12.683
12.705
12.726
12.748
12.769
12.79
12.812
12.833
12.854
12.875
12.896
12.917
12.938
12.959
12.98
13.001
13.022
13.043
13.064
13.085
13.105
13.126
13.147
13.167
13.188
13.209
13.229
13.25
13.27
13.29
13.311
13.331
13.351
13.371
13.392
13.412
13.432
13.452
13.472
13.492
13.512
13.532
13.552
13.572
13.591
13.611
13.631
13.65
13.67
13.69
13.709
13.729
13.748
13.768
13.787
13.807
13.826
13.845
13.864
13.884
13.903
13.922
13.941
13.96
13.979
13.998
14.001
14.002
14.003
14.005
14.006
14.007
14.008
14.009
14.01
14.011
14.011
14.012
14.013
14.014
14.014
14.015
14.016
14.016
14.017
14.017
14.018
14.018
14.019
14.019
14.02
14.02
14.02
14.02
14.021
14.021
14.021
14.021
14.021
14.021
14.021
14.021
14.021
14.021
14.021
14.021
14.02
14.02
14.02
14.019
14.019
14.019
14.018
14.018
14.017
14.017
14.016
14.016
14.015
14.014
14.014
14.013
14.012
14.011
14.01
14.01
14.009
14.008
14.007
14.006
14.005
14.004
14.003
14.001
14.0
13.999
13.998
13.996
13.995
13.994
13.992
13.991
13.99
13.988
13.987
13.985
13.983
13.982
13.98
13.978
13.977
13.975
13.973
13.971
13.97
13.968
13.966
13.964
13.962
13.96
13.958
13.956
13.954
13.951
13.949
13.947
13.945
13.943
13.94
13.938
13.936
13.933
13.931
13.928
13.926
13.923
13.921
13.918
13.916
13.913
13.91
13.908
13.905
13.902
13.899
13.896
13.894
13.891
13.888
13.885
13.882
13.879
13.876
13.873
13.87
13.866
13.863
13.86
13.857
13.854
13.85
13.847
13.844
13.84
13.837
13.833
13.83
13.826
13.823
13.819
13.816
13.812
13.808
13.805
13.801
13.797
13.794
13.79
13.786
13.782
13.778
13.774
13.77
13.766
13.762
13.758
13.754
13.75
13.746
13.742
13.738
13.734
13.729
13.725
13.721
13.716
13.712
13.708
13.703
13.699
13.694
13.69
13.685
13.681
13.676
13.672
13.667
13.662
13.658
13.653
13.648
13.644
13.639
13.634
13.629
13.624
13.619
13.614
13.609
13.604
13.599
13.594
13.589
13.584
13.579
13.574
13.569
13.564
13.558
13.553
13.548
13.543
13.537
13.532
13.527
13.521
13.516
13.51
13.505
13.499
13.494
13.488
13.483
13.477
13.471
13.466
13.46
13.454
13.448
13.443
13.437
13.431
13.425
13.419
13.413
13.408
13.402
13.396
13.39
13.384
13.378
13.371
13.365
13.359
13.353
13.347
13.341
13.335
13.328
13.322
13.316
13.309
13.303
13.297
13.29
13.284
13.277
13.271
13.265
13.258
13.251
13.245
13.238
13.232
13.225
13.218
13.212
13.205
13.198
13.192
13.185
13.178
13.171
13.164
13.158
13.151
13.144
13.137
13.13
13.123
13.116
13.109
13.102
13.095
13.088
13.08
13.073
13.066
13.059
13.052
13.045
13.037
13.03
13.023
13.015
13.008
13.001
12.993
12.986
12.979
12.971
12.964
12.956
12.949
12.941
12.934
12.926
12.918
12.911
12.903
12.895
12.888
12.88
12.872
12.865
12.857
12.849
12.841
12.833
12.826
12.818
12.81
12.802
12.794
12.786
12.778
12.77
12.762
12.754
12.746
12.738
12.73
12.722
12.713
12.705
12.697
12.689
12.681
12.672
12.664
12.656
12.648
12.639
12.631
12.623
12.614
12.606
12.597
12.589
12.581
12.572
12.564
12.555
12.547
12.538
12.529
12.521
12.512
12.504
12.495
12.486
12.478
12.469
12.46
12.452
12.443
12.434
12.425
12.416
12.408
12.399
12.39
12.381
12.372
12.363
12.354
12.345
12.336
12.327
12.318
12.309
12.3
12.291
12.282
12.273
12.264
12.255
12.246
12.237
12.227
12.218
12.209
12.2
12.191
12.181
12.172
12.163
12.153
12.144
12.135
12.125
12.116
12.107
12.097
12.088
12.078
12.069
12.059
12.05
12.04
12.031
12.021
12.012
12.002
11.993
11.983
11.973
11.964
11.954
11.945
11.935
11.925
11.915
11.906
11.896
11.886
11.876
11.867
11.857
11.847
11.837
11.827
11.818
11.808
11.798
11.788
11.778
11.768
11.758
11.748
11.738
11.728
11.718
11.708
11.698
11.688
11.678
11.668
11.658
11.648
11.638
11.627
11.617
11.607
11.597
11.587
11.577
11.566
11.556
11.546
11.536
11.525
11.515
11.505
11.495
11.484
11.474
11.464
11.453
11.443
11.432
11.422
11.412
11.401
11.391
11.38
11.37
11.359
11.349
11.338
11.328
11.317
11.307
11.296
11.286
11.275
11.265
11.254
11.243
11.233
11.222
11.211
11.201
11.19
11.18
11.169
11.158
11.147
11.137
11.126
11.115
11.104
11.094
11.083
11.072
11.061
11.051
11.04
11.029
11.018
11.007
10.996
10.985
10.975
10.964
10.953
10.942
10.931
10.92
10.909
10.898
10.887
10.876
10.865
10.854
10.843
10.832
10.821
10.81
10.799
10.788
10.777
10.766
10.755
10.744
10.733
10.721
10.71
10.699
10.688
10.677
10.666
10.655
10.643
10.632
10.621
10.61
10.599
10.587
10.576
10.565
10.554
10.542
10.531
10.52
10.509
10.497
10.486
10.475
10.463
10.452
10.441
10.429
10.418
10.407
10.395
10.384
10.373
10.361
10.35
10.338
10.327
10.316
10.304
10.293
10.281
10.27
10.259
10.247
10.236
10.224
10.213
10.201
10.19
10.178
10.167
10.155
10.144
10.132
10.121
10.109
10.098
10.086
10.074
10.063
10.051
10.04
10.028
10.017
10.005
9.993
9.982
9.97
9.959
9.947
9.935
9.924
9.912
9.9
9.889
9.877
9.865
9.854
9.842
9.83
9.819
9.807
9.795
9.784
9.772
9.76
9.749
9.737
9.725
9.713
9.702
9.69
9.678
9.666
9.655
9.643
9.631
9.619
9.608
9.596
9.584
9.572
9.561
9.549
9.537
9.525
9.513
9.502
9.49
9.478
9.466
9.454
9.442
9.431
9.419
9.407
9.395
9.383
9.372
9.36
9.348
9.336
9.324
9.312
9.3
9.289
9.277
9.265
9.253
9.241
9.229
9.217
9.205
9.194
9.182
9.17
9.158
9.146
9.134
9.122
9.11
9.099
9.087
9.075
9.063
9.051
9.039
9.027
9.015
9.003
8.991
8.979
8.968
8.956
8.944
8.932
8.92
8.908
8.896
8.884
8.872
8.86
8.848
8.836
8.824
8.813
8.801
8.789
8.777
8.765
8.753
8.741
8.729
8.717
8.705
8.693
8.681
8.669
8.657
8.646
8.634
8.622
8.61
8.598
8.586
8.574
8.562
8.55
8.538
8.526
8.514
8.502
8.491
8.479
8.467
8.455
8.443
8.431
8.419
8.407
8.395
8.383
8.371
8.359
8.348
8.336
8.324
8.312
8.3
8.288
8.276
8.264
8.252
8.24
8.228
8.217
8.205
8.193
8.181
8.169
8.157
8.145
8.133
8.122
8.11
8.098
8.086
8.074
8.062
8.05
8.038
8.027
8.015
8.003
7.991
7.979
7.967
7.956
7.944
7.932
7.92
7.908
7.896
7.885
7.873
7.861
7.849
7.837
7.826
7.814
7.802
7.79
7.778
7.767
7.755
7.743
7.731
7.72
7.708
7.696
7.684
7.673
7.661
7.649
7.637
7.626
7.614
7.602
7.591
7.579
7.567
7.555
7.544
7.532
7.52
7.509
7.497
7.485
7.474
7.462
7.45
7.439
7.427
7.415
7.404
7.392
7.381
7.369
7.357
7.346
7.334
7.323
7.311
7.299
7.288
7.276
7.265
7.253
7.242
7.23
7.219
7.207
7.196
7.184
7.173
7.161
7.15
7.138
7.127
7.115
7.104
7.092
7.081
7.069
7.058
7.046
7.035
7.024
7.012
7.001
6.989
6.978
6.967
6.955
6.944
6.933
6.921
6.91
6.899
6.887
6.876
6.865
6.853
6.842
6.831
6.82
6.808
6.797
6.786
6.775
6.763
6.752
6.741
6.73
6.718
6.707
6.696
6.685
6.674
6.663
6.652
6.64
6.629
6.618
6.607
6.596
6.585
6.574
6.563
6.552
6.541
6.53
6.519
6.508
6.497
6.486
6.475
6.464
6.453
6.442
6.431
6.42
6.409
6.398
6.387
6.376
6.365
6.354
6.343
6.333
6.322
6.311
6.3
6.289
6.279
6.268
6.257
6.246
6.235
6.225
6.214
6.203
6.193
6.182
6.171
6.16
6.15
6.139
6.129
6.118
6.107
6.097
6.086
6.075
6.065
6.054
6.044
6.033
6.023
6.012
6.002
5.991
5.981
5.97
5.96
5.949
5.939
5.929
5.918
5.908
5.897
5.887
5.877
5.866
5.856
5.846
5.836
5.825
5.815
5.805
5.794
5.784
5.774
5.764
5.754
5.743
5.733
5.723
5.713
5.703
5.693
5.683
5.673
5.663
5.653
5.642
5.632
5.622
5.612
5.603
5.593
5.583
5.573
5.563
5.553
5.543
5.533
5.523
5.513
5.504
5.494
5.484
5.474
5.464
5.455
5.445
5.435
5.425
5.416
5.406
5.396
5.387
5.377
5.367
5.358
5.348
5.339
5.329
5.32
5.31
5.301
5.291
5.282
5.272
5.263
5.253
5.244
5.235
5.225
5.216
5.206
5.197
5.188
5.178
5.169
5.16
5.151
5.141
5.132
5.123
5.114
5.105
5.096
5.086
5.077
5.068
5.059
5.05
5.041
5.032
5.023
5.014
5.005
4.996
4.987
4.978
4.969
4.961
4.952
4.943
4.934
4.925
4.916
4.908
4.899
4.89
4.881
4.873
4.864
4.855
4.847
4.838
4.83
4.821
4.812
4.804
4.795
4.787
4.778
4.77
4.761
4.753
4.745
4.736
4.728
4.719
4.711
4.703
4.694
4.686
4.678
4.67
4.662
4.653
4.645
4.637
4.629
4.621
4.613
4.605
4.596
4.588
4.58
4.572
4.564
4.556
4.549
4.541
4.533
4.525
4.517
4.509
4.501
4.494
4.486
4.478
4.47
4.463
4.455
4.447
4.44
4.432
4.424
4.417
4.409
4.402
4.394
4.387
4.379
4.372
4.364
4.357
4.35
4.342
4.335
4.328
4.32
4.313
4.306
4.299
4.291
4.284
4.277
4.27
4.263
4.256
4.249
4.241
4.234
4.227
4.22
4.214
4.207
4.2
4.193
4.186
4.179
4.172
4.165
4.159
4.152
4.145
4.138
4.132
4.125
4.119
4.112
4.105
4.099
4.092
4.086
4.079
4.073
4.066
4.06
4.054
4.047
4.041
4.034
4.028
4.022
4.016
4.009
4.003
3.997
3.991
3.985
3.979
3.973
3.967
3.961
3.955
3.949
3.943
3.937
3.931
3.925
3.919
3.913
3.907
3.902
3.896
3.89
3.885
3.879
3.873
3.868
3.862
3.856
3.851
3.845
3.84
3.834
3.829
3.824
3.818
3.813
3.808
3.802
3.797
3.792
3.786
3.781
3.776
3.771
3.766
3.761
3.756
3.751
3.746
3.741
3.736
3.731
3.726
3.721
3.716
3.711
3.707
3.702
3.697
3.692
3.688
3.683
3.678
3.674
3.669
3.665
3.66
3.656
3.651
3.647
3.642
3.638
3.634
3.629
3.625
3.621
3.616
3.612
3.608
3.604
3.6
3.596
3.592
3.588
3.584
3.58
3.576
3.572
3.568
3.564
3.56
3.556
3.553
3.549
3.545
3.542
3.538
3.534
3.531
3.527
3.524
3.52
3.517
3.513
3.51
3.506
3.503
3.5
3.496
3.493
3.49
3.487
3.484
3.48
3.477
3.474
3.471
3.468
3.465
3.462
3.459
3.456
3.453
3.451
3.448
3.445
3.442
3.44
3.437
3.434
3.432
3.429
3.427
3.424
3.422
3.419
3.417
3.414
3.412
3.41
3.407
3.405
3.403
3.401
3.398
3.396
3.394
3.392
3.39
3.388
3.386
3.384
3.382
3.38
3.378
3.377
3.375
3.373
3.371
3.37
3.368
3.366
3.365
3.363
3.362
3.36
3.359
3.357
3.356
3.355
3.353
3.352
3.351
3.35
3.348
3.347
3.346
3.345
3.344
3.343
3.342
3.341
3.34
3.339
3.338
3.338
3.337
3.336
3.335
3.335
3.334
3.333
3.333
3.332
3.332
3.331
3.331
3.33
3.33
3.33
3.33
3.329
3.329
3.329
3.329
3.329
3.328
3.328
3.328
3.328
3.329
3.329
3.329
3.329
3.329
3.329
3.33
3.33
3.33
3.331
3.331
3.332
3.332
3.333
3.333
3.334
3.334
3.335
3.336
3.337
3.337
3.338
3.339
3.34
3.341
3.342
3.343
3.344
3.345
3.346
3.347
3.348
3.35
3.351
3.352
3.353
3.355
3.356
3.358
3.359
3.361
3.362
3.364
3.366
3.367
3.369
3.371
3.372
3.374
3.376
3.378
3.38
3.382
3.384
3.386
3.388
3.39
3.393
3.395
3.397
3.399
3.402
3.404
3.406
3.409
3.411
3.414
3.416
3.419
3.422
3.424
3.427
3.43
3.433
3.435
3.438
3.441
3.444
3.447
3.45
3.453
3.456
3.46
3.463
3.466
3.469
3.473
3.476
3.479
3.483
3.486
3.49
3.493
3.497
3.501
3.504
3.508
3.512
3.516
3.519
3.523
3.527
3.531
3.535
3.539
3.543
3.547
3.552
3.556
3.56
3.564
3.569
3.573
3.578
3.582
3.586
3.591
3.596
3.6
3.605
3.61
3.614
3.619
3.624
3.629
3.634
3.639
3.644
3.649
3.654
3.659
3.664
3.669
3.675
3.68
3.685
3.691
3.696
3.702
3.707
3.713
3.718
3.724
3.73
3.735
3.741
3.747
3.753
3.759
3.765
3.771
3.777
3.783
3.789
3.795
3.801
3.808
3.814
3.82
3.827
3.833
3.839
3.846
3.853
3.859
3.866
3.873
3.879
3.886
3.893
3.9
3.907
3.914
3.921
3.928
3.935
3.942
3.949
3.956
3.964
3.971
3.978
3.986
3.993
4.002
4.029
4.055
4.082
4.108
4.135
4.161
4.188
4.215
4.242
4.268
4.295
4.322
4.349
4.376
4.403
4.43
4.457
4.484
4.512
4.539
4.566
4.593
4.621
4.648
4.676
4.703
4.731
4.758
4.786
4.813
4.841
4.869
4.897
4.924
4.952
4.98
5.008
5.036
5.064
5.092
5.12
5.148
5.176
5.205
5.233
5.261
5.289
5.318
5.346
5.375
5.403
5.432
5.46
5.489
5.517
5.546
5.575
5.603
5.632
5.661
5.69
5.719
5.748
5.777
5.805
5.834
5.864
5.893
5.922
5.951
5.98
6.009
6.039
6.068
6.097
6.126
6.156
6.185
6.215
6.244
6.274
6.303
6.333
6.363
6.392
6.422
6.452
6.481
6.511
6.541
6.571
6.601
6.631
6.66
6.69
6.72
6.75
6.78
6.811
6.841
6.871
6.901
6.931
6.961
6.992
7.022
7.052
7.083
7.113
7.143
7.174
7.204
7.235
7.265
7.296
7.326
7.357
7.388
7.418
7.449
7.48
7.51
7.541
7.572
7.603
7.634
7.664
7.695
7.726
7.757
7.788
7.819
7.85
7.881
7.912
7.943
7.974
8.006
8.037
8.068
8.099
8.13
8.162
8.193
8.224
8.256
8.287
8.318
8.35
8.381
8.412
8.444
8.475
8.507
8.538
8.57
8.601
8.633
8.665
8.696
8.728
8.76
8.791
8.823
8.855
8.886
8.918
8.95
8.982
9.014
9.045
9.077
9.109
9.141
9.173
9.205
9.237
9.269
9.301
9.333
9.365
9.397
9.429
9.461
9.493
9.525
9.557
9.589
9.622
9.654
9.686
9.718
9.75
9.783
9.815
9.847
9.879
9.912
9.944
9.976
10.009
10.041
10.073
10.106
10.138
10.17
10.203
10.235
10.268
10.3
10.333
10.365
10.398
10.43
10.463
10.495
10.528
10.56
10.593
10.625
10.658
10.69
10.723
10.756
10.788
10.821
10.854
10.886
10.919
10.952
10.984
11.017
11.05
11.082
11.115
11.148
11.18
11.213
11.246
11.279
11.312
11.344
11.377
11.41
11.443
11.475
11.508
11.541
11.574
11.607
11.64
11.672
11.705
11.738
11.771
11.804
11.837
11.87
11.902
11.935
11.968
12.001
12.034
12.067
12.1
12.133
12.166
12.199
12.232
12.265
12.297
12.33
12.363
12.396
12.429
12.462
12.495
12.528
12.561
12.594
12.627
12.66
12.693
12.726
12.759
12.792
12.825
12.858
12.891
12.924
12.957
12.989
13.022
13.055
13.088
13.121
13.154
13.187
13.22
13.253
13.286
13.319
13.352
13.385
13.418
13.451
13.484
13.517
13.55
13.583
13.616
13.649
13.681
13.714
13.747
13.78
13.813
13.846
13.879
13.912
13.945
13.978
14.011
14.043
14.076
14.109
14.142
14.175
14.208
14.241
14.273
14.306
14.339
14.372
14.405
14.438
14.47
14.503
14.536
14.569
14.601
14.634
14.667
14.7
14.732
14.765
14.798
14.831
14.863
14.896
14.929
14.961
14.994
15.027
15.059
15.092
15.125
15.157
15.19
15.222
15.255
15.288
15.32
15.353
15.385
15.418
15.45
15.483
15.515
15.548
15.58
15.613
15.645
15.678
15.71
15.742
15.775
15.807
15.84
15.872
15.904
15.937
15.969
16.001
16.033
16.066
16.098
16.13
16.162
16.195
16.227
16.259
16.291
16.323
16.355
16.388
16.42
16.452
16.484
16.516
16.548
16.58
16.612
16.644
16.676
16.708
16.74
16.772
16.803
16.835
16.867
16.899
16.931
16.963
16.994
17.026
17.058
17.09
17.121
17.153
17.185
17.216
17.248
17.279
17.311
17.343
17.374
17.406
17.437
17.469
17.5
17.531
17.563
17.594
17.626
17.657
17.688
17.719
17.751
17.782
17.813
17.844
17.876
17.907
17.938
17.969
18.0
18.014
18.027
18.041
18.054
18.068
18.081
18.094
18.108
18.121
18.135
18.148
18.161
18.174
18.188
18.201
18.214
18.227
18.24
18.254
18.267
18.28
18.293
18.306
18.319
18.332
18.345
18.358
18.371
18.384
18.396
18.409
18.422
18.435
18.448
18.46
18.473
18.486
18.498
18.511
18.524
18.536
18.549
18.561
18.574
18.587
18.599
18.611
18.624
18.636
18.649
18.661
18.673
18.686
18.698
18.71
18.723
18.735
18.747
18.759
18.771
18.783
18.795
18.808
18.82
18.832
18.844
18.856
18.868
18.88
18.891
18.903
18.915
18.927
18.939
18.951
18.962
18.974
18.986
18.998
19.009
19.021
19.033
19.044
19.056
19.067
19.079
19.09
19.102
19.113
19.125
19.136
19.148
19.159
19.17
19.182
19.193
19.204
19.216
19.227
19.238
19.249
19.26
19.272
19.283
19.294
19.305
19.316
19.327
19.338
19.349
19.36
19.371
19.382
19.393
19.404
19.414
19.425
19.436
19.447
19.458
19.468
19.479
19.49
19.5
19.511
19.522
19.532
19.543
19.553
19.564
19.574
19.585
19.595
19.606
19.616
19.627
19.637
19.647
19.658
19.668
19.678
19.689
19.699
19.709
19.719
19.729
19.74
19.75
19.76
19.77
19.78
19.79
19.8
19.81
19.82
19.83
19.84
19.85
19.86
19.869
19.879
19.889
19.899
19.909
19.918
19.928
19.938
19.947
19.957
19.967
19.976
19.986
19.995
20.005
20.015
20.024
20.033
20.043
20.052
20.062
20.071
20.081
20.09
20.099
20.109
20.118
20.127
20.136
20.146
20.155
20.164
20.173
20.182
20.191
20.2
20.209
20.218
20.227
20.236
20.245
20.254
20.263
20.272
20.281
20.29
20.299
20.308
20.316
20.325
20.334
20.343
20.351
20.36
20.369
20.377
20.386
20.395
20.403
20.412
20.42
20.429
20.437
20.446
20.454
20.463
20.471
20.479
20.488
20.496
20.504
20.513
20.521
20.529
20.538
20.546
20.554
20.562
20.57
20.578
20.587
20.595
20.603
20.611
20.619
20.627
20.635
20.643
20.651
20.659
20.666
20.674
20.682
20.69
20.698
20.706
20.713
20.721
20.729
20.737
20.744
20.752
20.76
20.767
20.775
20.782
20.79
20.797
20.805
20.812
20.82
20.827
20.835
20.842
20.85
20.857
20.864
20.872
20.879
20.886
20.894
20.901
20.908
20.915
20.922
20.93
20.937
20.944
20.951
20.958
20.965
20.972
20.979
20.986
20.993
21.0
21.007
21.014
21.021
21.028
21.035
21.041
21.048
21.055
21.062
21.068
21.075
21.082
21.089
21.095
21.102
21.109
21.115
21.122
21.128
21.135
21.141
21.148
21.154
21.161
21.167
21.174
21.18
21.186
21.193
21.199
21.205
21.212
21.218
21.224
21.231
21.237
21.243
21.249
21.255
21.261
21.268
21.274
21.28
21.286
21.292
21.298
21.304
21.31
21.316
21.322
21.328
21.334
21.339
21.345
21.351
21.357
21.363
21.369
21.374
21.38
21.386
21.391
21.397
21.403
21.408
21.414
21.42
21.425
21.431
21.436
21.442
21.447
21.453
21.458
21.464
21.469
21.475
21.48
21.485
21.491
21.496
21.501
21.507
21.512
21.517
21.522
21.528
21.533
21.538
21.543
21.548
21.553
21.558
21.564
21.569
21.574
21.579
21.584
21.589
21.594
21.598
21.603
21.608
21.613
21.618
21.623
21.628
21.632
21.637
21.642
21.647
21.651
21.656
21.661
21.666
21.67
21.675
21.679
21.684
21.689
21.693
21.698
21.702
21.707
21.711
21.716
21.72
21.724
21.729
21.733
21.738
21.742
21.746
21.751
21.755
21.759
21.763
21.768
21.772
21.776
21.78
21.784
21.788
21.793
21.797
21.801
21.805
21.809
21.813
21.817
21.821
21.825
21.829
21.833
21.837
21.84
21.844
21.848
21.852
21.856
21.86
21.863
21.867
21.871
21.875
21.878
21.882
21.886
21.889
21.893
21.897
21.9
21.904
21.907
21.911
21.914
21.918
21.921
21.925
21.928
21.932
21.935
21.939
21.942
21.945
21.949
21.952
21.955
21.958
21.962
21.965
21.968
21.971
21.975
21.978
21.981
21.984
21.987
21.99
21.993
21.996
21.999
22.002
22.005
22.008
22.011
22.014
22.017
22.02
22.023
22.026
22.029
22.032
22.035
22.037
22.04
22.043
22.046
22.048
22.051
22.054
22.057
22.059
22.062
22.065
22.067
22.07
22.072
22.075
22.077
22.08
22.082
22.085
22.087
22.09
22.092
22.095
22.097
22.1
22.102
22.104
22.107
22.109
22.111
22.113
22.116
22.118
22.12
22.122
22.125
22.127
22.129
22.131
22.133
22.135
22.137
22.139
22.141
22.144
22.146
22.148
22.15
22.151
22.153
22.155
22.157
22.159
22.161
22.163
22.165
22.167
22.168
22.17
22.172
22.174
22.175
22.177
22.179
22.181
22.182
22.184
22.186
22.187
22.189
22.19
22.192
22.193
22.195
22.197
22.198
22.2
22.201
22.202
22.204
22.205
22.207
22.208
22.209
22.211
22.212
22.213
22.215
22.216
22.217
22.219
22.22
22.221
22.222
22.223
22.225
22.226
22.227
22.228
22.229
22.23
22.231
22.232
22.233
22.234
22.235
22.236
22.237
22.238
22.239
22.24
22.241
22.242
22.243
22.243
22.244
22.245
22.246
22.247
22.247
22.248
22.249
22.25
22.25
22.251
22.252
22.252
22.253
22.254
22.254
22.255
22.255
22.256
22.257
22.257
22.258
22.258
22.259
22.259
22.259
22.26
22.26
22.261
22.261
22.261
22.262
22.262
22.262
22.263
22.263
22.263
22.263
22.264
22.264
22.264
22.264
22.264
22.265
22.265
22.265
22.265
22.265
22.265
22.265
22.265
22.265
22.265
22.265
22.265
22.265
22.265
22.265
22.265
22.265
22.265
22.265
22.264
22.264
22.264
22.264
22.264
22.263
22.263
22.263
22.263
22.262
22.262
22.262
22.261
22.261
22.261
22.26
22.26
22.26
22.259
22.259
22.258
22.258
22.257
22.257
22.256
22.256
22.255
22.255
22.254
22.253
22.253
22.252
22.251
22.251
22.25
22.249
22.249
22.248
22.247
22.247
22.246
22.245
22.244
22.243
22.243
22.242
22.241
22.24
22.239
22.238
22.237
22.236
22.235
22.234
22.233
22.232
22.231
22.23
22.229
22.228
22.227
22.226
22.225
22.224
22.223
22.222
22.221
22.219
22.218
22.217
22.216
22.215
22.213
22.212
22.211
22.209
22.208
22.207
22.205
22.204
22.203
22.201
22.2
22.199
22.197
22.196
22.194
22.193
22.191
22.19
22.188
22.187
22.185
22.184
22.182
22.181
22.179
22.177
22.176
22.174
22.172
22.171
22.169
22.167
22.166
22.164
22.162
22.16
22.159
22.157
22.155
22.153
22.151
22.15
22.148
22.146
22.144
22.142
22.14
22.138
22.136
22.134
22.132
22.13
22.128
22.126
22.124
22.122
22.12
22.118
22.116
22.114
22.112
22.11
22.108
22.105
22.103
22.101
22.099
22.097
22.094
22.092
22.09
22.088
22.085
22.083
22.081
22.078
22.076
22.074
22.071
22.069
22.067
22.064
22.062
22.059
22.057
22.054
22.052
22.05
22.047
22.044
22.042
22.039
22.037
22.034
22.032
22.029
22.027
22.024
22.021
22.019
22.016
22.013
22.011
22.008
22.005
22.002
22.0
21.997
21.994
21.991
21.989
21.986
21.983
21.98
21.977
21.974
21.971
21.969
21.966
21.963
21.96
21.957
21.954
21.951
21.948
21.945
21.942
21.939
21.936
21.933
21.93
21.927
21.924
21.92
21.917
21.914
21.911
21.908
21.905
21.902
21.898
21.895
21.892
21.889
21.885
21.882
21.879
21.876
21.872
21.869
21.866
21.862
21.859
21.856
21.852
21.849
21.845
21.842
21.839
21.835
21.832
21.828
21.825
21.821
21.818
21.814
21.811
21.807
21.804
21.8
21.796
21.793
21.789
21.786
21.782
21.778
21.775
21.771
21.767
21.764
21.76
21.756
21.753
21.749
21.745
21.741
21.737
21.734
21.73
21.726
21.722
21.718
21.715
21.711
21.707
21.703
21.699
21.695
21.691
21.687
21.683
21.679
21.675
21.671
21.667
21.663
21.659
21.655
21.651
21.647
21.643
21.639
21.635
21.631
21.627
21.622
21.618
21.614
21.61
21.606
21.602
21.597
21.593
21.589
21.585
21.58
21.576
21.572
21.568
21.563
21.559
21.555
21.55
21.546
21.541
21.537
21.533
21.528
21.524
21.519
21.515
21.511
21.506
21.502
21.497
21.493
21.488
21.484
21.479
21.475
21.47
21.465
21.461
21.456
21.452
21.447
21.442
21.438
21.433
21.429
21.424
21.419
21.414
21.41
21.405
21.4
21.396
21.391
21.386
21.381
21.377
21.372
21.367
21.362
21.357
21.352
21.348
21.343
21.338
21.333
21.328
21.323
21.318
21.313
21.308
21.303
21.298
21.293
21.288
21.283
21.278
21.273
21.268
21.263
21.258
21.253
21.248
21.243
21.238
21.233
21.228
21.223
21.217
21.212
21.207
21.202
21.197
21.192
21.186
21.181
21.176
21.171
21.165
21.16
21.155
21.15
21.144
21.139
21.134
21.128
21.123
21.118
21.112
21.107
21.102
21.096
21.091
21.085
21.08
21.074
21.069
21.064
21.058
21.053
21.047
21.042
21.036
21.031
21.025
21.02
21.014
21.008
21.003
20.997
20.992
20.986
20.98
20.975
20.969
20.964
20.958
20.952
20.947
20.941
20.935
20.929
20.924
20.918
20.912
20.906
20.901
20.895
20.889
20.883
20.878
20.872
20.866
20.86
20.854
20.848
20.843
20.837
20.831
20.825
20.819
20.813
20.807
20.801
20.795
20.789
20.783
20.777
20.771
20.765
20.759
20.753
20.747
20.741
20.735
20.729
20.723
20.717
20.711
20.705
20.699
20.693
20.687
20.681
20.674
20.668
20.662
20.656
20.65
20.644
20.637
20.631
20.625
20.619
20.612
20.606
20.6
20.594
20.587
20.581
20.575
20.568
20.562
20.556
20.549
20.543
20.537
20.53
20.524
20.518
20.511
20.505
20.498
20.492
20.486
20.479
20.473
20.466
20.46
20.453
20.447
20.44
20.434
20.427
20.421
20.414
20.408
20.401
20.395
20.388
20.381
20.375
20.368
20.362
20.355
20.348
20.342
20.335
20.329
20.322
20.315
20.309
20.302
20.295
20.288
20.282
20.275
20.268
20.262
20.255
20.248
20.241
20.234
20.228
20.221
20.214
20.207
20.2
20.194
20.187
20.18
20.173
20.166
20.159
20.152
20.146
20.139
20.132
20.125
20.118
20.111
20.104
20.097
20.09
20.083
20.076
20.069
20.062
20.055
20.048
20.041
20.034
20.027
20.02
20.013
20.006
19.999
19.992
19.985
19.977
19.97
19.963
19.956
19.949
19.942
19.935
19.928
19.92
19.913
19.906
19.899
19.892
19.884
19.877
19.87
19.863
19.856
19.848
19.841
19.834
19.826
19.819
19.812
19.805
19.797
19.79
19.783
19.775
19.768
19.761
19.753
19.746
19.739
19.731
19.724
19.716
19.709
19.702
19.694
19.687
19.679
19.672
19.664
19.657
19.649
19.642
19.634
19.627
19.619
19.612
19.604
19.597
19.589
19.582
19.574
19.567
19.559
19.552
19.544
19.536
19.529
19.521
19.514
19.506
19.498
19.491
19.483
19.475
19.468
19.46
19.452
19.445
19.437
19.429
19.422
19.414
19.406
19.399
19.391
19.383
19.375
19.368
19.36
19.352
19.344
19.337
19.329
19.321
19.313
19.305
19.298
19.29
19.282
19.274
19.266
19.258
19.25
19.243
19.235
19.227
19.219
19.211
19.203
19.195
19.187
19.179
19.171
19.163
19.156
19.148
19.14
19.132
19.124
19.116
19.108
19.1
19.092
19.084
19.076
19.068
19.06
19.052
19.044
19.035
19.027
19.019
19.011
19.003
18.995
18.987
18.979
18.971
18.963
18.955
18.946
18.938
18.93
18.922
18.914
18.906
18.898
18.889
18.881
18.873
18.865
18.857
18.848
18.84
18.832
18.824
18.815
18.807
18.799
18.791
18.782
18.774
18.766
18.758
18.749
18.741
18.733
18.724
18.716
18.708
18.699
18.691
18.683
18.674
18.666
18.658
18.649
18.641
18.633
18.624
18.616
18.607
18.599
18.591
18.582
18.574
18.565
18.557
18.549
18.54
18.532
18.523
18.515
18.506
18.498
18.489
18.481
18.472
18.464
18.455
18.447
18.438
18.43
18.421
18.413
18.404
18.396
18.387
18.378
18.37
18.361
18.353
18.344
18.336
18.327
18.318
18.31
18.301
18.293
18.284
18.275
18.267
18.258
18.249
18.241
18.232
18.223
18.215
18.206
18.197
18.189
18.18
18.171
18.163
18.154
18.145
18.136
18.128
18.119
18.11
18.101
18.093
18.084
18.075
18.066
18.058
18.049
18.04
18.031
18.023
18.014
18.005
17.996
17.987
17.979
17.97
17.961
17.952
17.943
17.934
17.925
17.917
17.908
17.899
17.89
17.881
17.872
17.863
17.854
17.846
17.837
17.828
17.819
17.81
17.801
17.792
17.783
17.774
17.765
17.756
17.747
17.738
17.729
17.72
17.712
17.703
17.694
17.685
17.676
17.667
17.658
17.649
17.64
17.631
17.622
17.612
17.603
17.594
17.585
17.576
17.567
17.558
17.549
17.54
17.531
17.522
17.513
17.504
17.495
17.486
17.477
17.467
17.458
17.449
17.44
17.431
17.422
17.413
17.404
17.394
17.385
17.376
17.367
17.358
17.349
17.339
17.33
17.321
17.312
17.303
17.294
17.284
17.275
17.266
17.257
17.248
17.238
17.229
17.22
17.211
17.201
17.192
17.183
17.174
17.165
17.155
17.146
17.137
17.127
17.118
17.109
17.1
17.09
17.081
17.072
17.062
17.053
17.044
17.035
17.025
17.016
17.007
16.997
16.988
16.979
16.969
16.96
16.951
16.941
16.932
16.923
16.913
16.904
16.895
16.885
16.876
16.866
16.857
16.848
16.838
16.829
16.819
16.81
16.801
16.791
16.782
16.772
16.763
16.754
16.744
16.735
16.725
16.716
16.706
16.697
16.688
16.678
16.669
16.659
16.65
16.64
16.631
16.621
16.612
16.602
16.593
16.583
16.574
16.564
16.555
16.545
16.536
16.526
16.517
16.507
16.498
16.488
16.479
16.469
16.46
16.45
16.441
16.431
16.422
16.412
16.403
16.393
16.383
16.374
16.364
16.355
16.345
16.336
16.326
16.317
16.307
16.297
16.288
16.278
16.269
16.259
16.249
16.24
16.23
16.221
16.211
16.201
16.192
16.182
16.173
16.163
16.153
16.144
16.134
16.124
16.115
16.105
16.095
16.086
16.076
16.067
16.057
16.047
16.038
16.028
16.018
16.009
15.999
15.989
15.98
15.97
15.96
15.95
15.941
15.931
15.921
15.912
15.902
15.892
15.883
15.873
15.863
15.854
15.844
15.834
15.824
15.815
15.805
15.795
15.785
15.776
15.766
15.756
15.747
15.737
15.727
15.717
15.708
15.698
15.688
15.678
15.669
15.659
15.649
15.639
15.63
15.62
15.61
15.6
15.591
15.581
15.571
15.561
15.551
15.542
15.532
15.522
15.512
15.502
15.493
15.483
15.473
15.463
15.453
15.444
15.434
15.424
15.414
15.404
15.395
15.385
15.375
15.365
15.355
15.346
15.336
15.326
15.316
15.306
15.296
15.287
15.277
15.267
15.257
15.247
15.237
15.228
15.218
15.208
15.198
15.188
15.178
15.169
15.159
15.149
15.139
15.129
15.119
15.109
15.1
15.09
15.08
15.07
15.06
15.05
15.04
15.03
15.021
15.011
15.001
14.991
14.981
14.971
14.961
14.951
14.942
14.932
14.922
14.912
14.902
14.892
14.882
14.872
14.862
14.853
14.843
14.833
14.823
14.813
14.803
14.793
14.783
14.773
14.763
14.754
14.744
14.734
14.724
14.714
14.704
14.694
14.684
14.674
14.664
14.654
14.645
14.635
14.625
14.615
14.605
14.595
14.585
14.575
14.565
14.555
14.545
14.535
14.525
14.516
14.506
14.496
14.486
14.476
14.466
14.456
14.446
14.436
14.426
14.416
14.406
14.396
14.386
14.376
14.367
14.357
14.347
14.337
14.327
14.317
14.307
14.297
14.287
14.277
14.267
14.257
14.247
14.237
14.227
14.217
14.207
14.198
14.188
14.178
14.168
14.158
14.148
14.138
14.128
14.118
14.108
14.098
14.088
14.078
14.068
14.058
14.048
14.038
14.028
14.018
14.009
13.999
13.989
13.979
13.969
13.959
13.949
13.939
13.929
13.919
13.909
13.899
13.889
13.879
13.869
13.859
13.849
13.839
13.829
13.819
13.81
13.8
13.79
13.78
13.77
13.76
13.75
13.74
13.73
13.72
13.71
13.7
13.69
13.68
13.67
13.66
13.65
13.64
13.631
13.621
13.611
13.601
13.591
13.581
13.571
13.561
13.551
13.541
13.531
13.521
13.511
13.501
13.491
13.481
13.471
13.462
13.452
13.442
13.432
13.422
13.412
13.402
13.392
13.382
13.372
13.362
13.352
13.342
13.332
13.322
13.313
13.303
13.293
13.283
13.273
13.263
13.253
13.243
13.233
13.223
13.213
13.203
13.193
13.184
13.174
13.164
13.154
13.144
13.134
13.124
13.114
13.104
13.094
13.084
13.075
13.065
13.055
13.045
13.035
13.025
13.015
13.005
12.995
12.985
12.976
12.966
12.956
12.946
12.936
12.926
12.916
12.906
12.896
12.887
12.877
12.867
12.857
12.847
12.837
12.827
12.817
12.808
12.798
12.788
12.778
12.768
12.758
12.748
12.739
12.729
12.719
12.709
12.699
12.689
12.679
12.67
12.66
12.65
12.64
12.63
12.62
12.611
12.601
12.591
12.581
12.571
12.561
12.552
12.542
12.532
12.522
12.512
12.502
12.493
12.483
12.473
12.463
12.453
12.443
12.434
12.424
12.414
12.404
12.394
12.385
12.375
12.365
12.355
12.346
12.336
12.326
12.316
12.306
12.297
12.287
12.277
12.267
12.257
12.248
12.238
12.228
12.218
12.209
12.199
12.189
12.179
12.17
12.16
12.15
12.14
12.131
12.121
12.111
12.101
12.092
12.082
12.072
12.063
12.053
12.043
12.033
12.024
12.014
12.004
11.994
11.985
11.975
11.965
11.956
11.946
11.936
11.927
11.917
11.907
11.898
11.888
11.878
11.868
11.859
11.849
11.839
11.83
11.82
11.81
11.801
11.791
11.782
11.772
11.762
11.753
11.743
11.733
11.724
11.714
11.704
11.695
11.685
11.676
11.666
11.656
11.647
11.637
11.627
11.618
11.608
11.599
11.589
11.579
11.57
11.56
11.551
11.541
11.532
11.522
11.512
11.503
11.493
11.484
11.474
11.465
11.455
11.445
11.436
11.426
11.417
11.407
11.398
11.388
11.379
11.369
11.36
11.35
11.341
11.331
11.322
11.312
11.303
11.293
11.284
11.274
11.265
11.255
11.246
11.236
11.227
11.217
11.208
11.198
11.189
11.179
11.17
11.161
11.151
11.142
11.132
11.123
11.113
11.104
11.094
11.085
11.076
11.066
11.057
11.047
11.038
11.029
11.019
11.01
11.0
10.991
10.982
10.972
10.963
10.954
10.944
10.935
10.925
10.916
10.907
10.897
10.888
10.879
10.869
10.86
10.851
10.841
10.832
10.823
10.814
10.804
10.795
10.786
10.776
10.767
10.758
10.748
10.739
10.73
10.721
10.711
10.702
10.693
10.684
10.674
10.665
10.656
10.647
10.637
10.628
10.619
10.61
10.601
10.591
10.582
10.573
10.564
10.555
10.545
10.536
10.527
10.518
10.509
10.499
10.49
10.481
10.472
10.463
10.454
10.445
10.435
10.426
10.417
10.408
10.399
10.39
10.381
10.372
10.363
10.353
10.344
10.335
10.326
10.317
10.308
10.299
10.29
10.281
10.272
10.263
10.254
10.245
10.236
10.227
10.218
10.209
10.2
10.191
10.182
10.173
10.164
10.155
10.146
10.137
10.128
10.119
10.11
10.101
10.092
10.083
10.074
10.065
10.056
10.047
10.038
10.029
10.02
10.012
10.003
9.994
9.985
9.976
9.967
9.958
9.949
9.94
9.932
9.923
9.914
9.905
9.896
9.887
9.879
9.87
9.861
9.852
9.843
9.834
9.826
9.817
9.808
9.799
9.791
9.782
9.773
9.764
9.755
9.747
9.738
9.729
9.721
9.712
9.703
9.694
9.686
9.677
9.668
9.66
9.651
9.642
9.634
9.625
9.616
9.608
9.599
9.59
9.582
9.573
9.564
9.556
9.547
9.539
9.53
9.521
9.513
9.504
9.496
9.487
9.478
9.47
9.461
9.453
9.444
9.436
9.427
9.419
9.41
9.402
9.393
9.384
9.376
9.368
9.359
9.351
9.342
9.334
9.325
9.317
9.308
9.3
9.291
9.283
9.274
9.266
9.258
9.249
9.241
9.232
9.224
9.216
9.207
9.199
9.191
9.182
9.174
9.166
9.157
9.149
9.141
9.132
9.124
9.116
9.107
9.099
9.091
9.082
9.074
9.066
9.058
9.049
9.041
9.033
9.025
9.016
9.008
9.0
8.992
8.983
8.975
8.967
8.958
8.95
8.942
8.933
8.925
8.917
8.908
8.9
8.892
8.883
8.875
8.867
8.859
8.85
8.842
8.834
8.826
8.817
8.809
8.801
8.793
8.785
8.776
8.768
8.76
8.752
8.744
8.736
8.727
8.719
8.711
8.703
8.695
8.687
8.679
8.67
8.662
8.654
8.646
8.638
8.63
8.622
8.614
8.606
8.598
8.59
8.582
8.574
8.566
8.558
8.55
8.542
8.534
8.526
8.518
8.51
8.502
8.494
8.486
8.478
8.47
8.462
8.454
8.446
8.438
8.43
8.422
8.414
8.406
8.399
8.391
8.383
8.375
8.367
8.359
8.351
8.344
8.336
8.328
8.32
8.312
8.304
8.297
8.289
8.281
8.273
8.265
8.258
8.25
8.242
8.234
8.227
8.219
8.211
8.203
8.196
8.188
8.18
8.172
8.165
8.157
8.149
8.142
8.134
8.126
8.119
8.111
8.103
8.096
8.088
8.08
8.073
8.065
8.058
8.05
8.042
8.035
8.027
8.02
8.012
8.004
7.997
7.989
7.982
7.974
7.967
7.959
7.952
7.944
7.937
7.929
7.922
7.914
7.907
7.899
7.892
7.884
7.877
7.869
7.862
7.854
7.847
7.839
7.832
7.825
7.817
7.81
7.802
7.795
7.788
7.78
7.773
7.765
7.758
7.751
7.743
7.736
7.729
7.721
7.714
7.707
7.699
7.692
7.685
7.677
7.67
7.663
7.656
7.648
7.641
7.634
7.626
7.619
7.612
7.605
7.597
7.59
7.583
7.576
7.569
7.561
7.554
7.547
7.54
7.533
7.525
7.518
7.511
7.504
7.497
7.49
7.483
7.475
7.468
7.461
7.454
7.447
7.44
7.433
7.426
7.419
7.411
7.404
7.397
7.39
7.383
7.376
7.369
7.362
7.355
7.348
7.341
7.334
7.327
7.32
7.313
7.306
7.299
7.292
7.285
7.278
7.271
7.264
7.257
7.25
7.243
7.236
7.229
7.223
7.216
7.209
7.202
7.195
7.188
7.181
7.174
7.167
7.161
7.154
7.147
7.14
7.133
7.126
7.119
7.113
7.106
7.099
7.092
7.085
7.079
7.072
7.065
7.058
7.051
7.045
7.038
7.031
7.024
7.018
7.011
7.004
6.997
6.991
6.984
6.977
6.971
6.964
6.957
6.95
6.944
6.937
6.93
6.924
6.917
6.91
6.904
6.897
6.89
6.884
6.877
6.871
6.864
6.857
6.851
6.844
6.838
6.831
6.824
6.818
6.811
6.805
6.798
6.792
6.785
6.778
6.772
6.765
6.759
6.752
6.746
6.739
6.733
6.726
6.72
6.713
6.707
6.7
6.694
6.687
6.681
6.675
6.668
6.662
6.655
6.649
6.642
6.636
6.63
6.623
6.617
6.61
6.604
6.598
6.591
6.585
6.578
6.572
6.566
6.559
6.553
6.547
6.54
6.534
6.528
6.521
6.515
6.509
6.502
6.496
6.49
6.483
6.477
6.471
6.465
6.458
6.452
6.446
6.44
6.433
6.427
6.421
6.415
6.408
6.402
6.396
6.39
6.384
6.377
6.371
6.365
6.359
6.353
6.346
6.34
6.334
6.328
6.322
6.316
6.31
6.303
6.297
6.291
6.285
6.279
6.273
6.267
6.261
6.255
6.249
6.242
6.236
6.23
6.224
6.218
6.212
6.206
6.2
6.194
6.188
6.182
6.176
6.17
6.164
6.158
6.152
6.146
6.14
6.134
6.128
6.122
6.116
6.11
6.104
6.098
6.092
6.086
6.08
6.074
6.068
6.063
6.057
6.051
6.045
6.039
6.033
6.027
6.021
6.015
6.01
6.004
5.998
5.992
5.986
5.98
5.974
5.969
5.963
5.957
5.951
5.945
5.939
5.934
5.928
5.922
5.916
5.91
5.905
5.899
5.893
5.887
5.882
5.876
5.87
5.864
5.859
5.853
5.847
5.841
5.836
5.83
5.824
5.819
5.813
5.807
5.802
5.796
5.79
5.784
5.779
5.773
5.767
5.762
5.756
5.751
5.745
5.739
5.734
5.728
5.722
5.717
5.711
5.706
5.7
5.694
5.689
5.683
5.678
5.672
5.667
5.661
5.655
5.65
5.644
5.639
5.633
5.628
5.622
5.617
5.611
5.606
5.6
5.595
5.589
5.584
5.578
5.573
5.567
5.562
5.556
5.551
5.545
5.54
5.534
5.529
5.524
5.518
5.513
5.507
5.502
5.496
5.491
5.486
5.48
5.475
5.469
5.464
5.459
5.453
5.448
5.443
5.437
5.432
5.426
5.421
5.416
5.41
5.405
5.4
5.394
5.389
5.384
5.379
5.373
5.368
5.363
5.357
5.352
5.347
5.342
5.336
5.331
5.326
5.32
5.315
5.31
5.305
5.299
5.294
5.289
5.284
5.279
5.273
5.268
5.263
5.258
5.253
5.247
5.242
5.237
5.232
5.227
5.222
5.216
5.211
5.206
5.201
5.196
5.191
5.186
5.18
5.175
5.17
5.165
5.16
5.155
5.15
5.145
5.14
5.134
5.129
5.124
5.119
5.114
5.109
5.104
5.099
5.094
5.089
5.084
5.079
5.074
5.069
5.064
5.059
5.054
5.049
5.044
5.039
5.034
5.029
5.024
5.019
5.014
5.009
5.004
4.999
4.994
4.989
4.984
4.979
4.974
4.969
4.964
4.959
4.955
4.95
4.945
4.94
4.935
4.93
4.925
4.92
4.915
4.91
4.906
4.901
4.896
4.891
4.886
4.881
4.876
4.872
4.867
4.862
4.857
4.852
4.847
4.843
4.838
4.833
4.828
4.823
4.819
4.814
4.809
4.804
4.8
4.795
4.79
4.785
4.78
4.776
4.771
4.766
4.761
4.757
4.752
4.747
4.743
4.738
4.733
4.728
4.724
4.719
4.714
4.71
4.705
4.7
4.696
4.691
4.686
4.682
4.677
4.672
4.668
4.663
4.658
4.654
4.649
4.644
4.64
4.635
4.631
4.626
4.621
4.617
4.612
4.608
4.603
4.598
4.594
4.589
4.585
4.58
4.575
4.571
4.566
4.562
4.557
4.553
4.548
4.544
4.539
4.535
4.53
4.526
4.521
4.517
4.512
4.507
4.503
4.499
4.494
4.49
4.485
4.481
4.476
4.472
4.467
4.463
4.458
4.454
4.449
4.445
4.44
4.436
4.432
4.427
4.423
4.418
4.414
4.41
4.405
4.401
4.396
4.392
4.388
4.383
4.379
4.374
4.37
4.366
4.361
4.357
4.353
4.348
4.344
4.34
4.335
4.331
4.327
4.322
4.318
4.314
4.309
4.305
4.301
4.296
4.292
4.288
4.283
4.279
4.275
4.271
4.266
4.262
4.258
4.253
4.249
4.245
4.241
4.236
4.232
4.228
4.224
4.22
4.215
4.211
4.207
4.203
4.198
4.194
4.19
4.186
4.182
4.177
4.173
4.169
4.165
4.161
4.157
4.152
4.148
4.144
4.14
4.136
4.132
4.127
4.123
4.119
4.115
4.111
4.107
4.103
4.099
4.094
4.09
4.086
4.082
4.078
4.074
4.07
4.066
4.062
4.058
4.054
4.049
4.045
4.041
4.037
4.033
4.029
4.025
4.021
4.017
4.013
4.009
4.005
4.001
3.997
3.993
3.989
3.985
3.981
3.977
3.973
3.969
3.965
3.961
3.957
3.953
3.949
3.945
3.941
3.937
3.933
3.929
3.925
3.921
3.917
3.913
3.909
3.906
3.902
3.898
3.894
3.89
3.886
3.882
3.878
3.874
3.87
3.866
3.863
3.859
3.855
3.851
3.847
3.843
3.839
3.835
3.832
3.828
3.824
3.82
3.816
3.812
3.808
3.805
3.801
3.797
3.793
3.789
3.785
3.782
3.778
3.774
3.77
3.766
3.763
3.759
3.755
3.751
3.747
3.744
3.74
3.736
3.732
3.729
3.725
3.721
3.717
3.714
3.71
3.706
3.702
3.699
3.695
3.691
3.687
3.684
3.68
3.676
3.673
3.669
3.665
3.661
3.658
3.654
3.65
3.647
3.643
3.639
3.636
3.632
3.628
3.625
3.621
3.617
3.614
3.61
3.606
3.603
3.599
3.595
3.592
3.588
3.585
3.581
3.577
3.574
3.57
3.567
3.563
3.559
3.556
3.552
3.549
3.545
3.541
3.538
3.534
3.531
3.527
3.523
3.52
3.516
3.513
3.509
3.506
3.502
3.499
3.495
3.492
3.488
3.484
3.481
3.477
3.474
3.47
3.467
3.463
3.46
3.456
3.453
3.449
3.446
3.442
3.439
3.435
3.432
3.428
3.425
3.421
3.418
3.415
3.411
3.408
3.404
3.401
3.397
3.394
3.39
3.387
3.383
3.38
3.377
3.373
3.37
3.366
3.363
3.36
3.356
3.353
3.349
3.346
3.343
3.339
3.336
3.332
3.329
3.326
3.322
3.319
3.315
3.312
3.309
3.305
3.302
3.299
3.295
3.292
3.289
3.285
3.282
3.279
3.275
3.272
3.269
3.265
3.262
3.259
3.255
3.252
3.249
3.245
3.242
3.239
3.236
3.232
3.229
3.226
3.222
3.219
3.216
3.213
3.209
3.206
3.203
3.2
3.196
3.193
3.19
3.187
3.183
3.18
3.177
3.174
3.17
3.167
3.164
3.161
3.157
3.154
3.151
3.148
3.145
3.141
3.138
3.135
3.132
3.129
3.125
3.122
3.119
3.116
3.113
3.109
3.106
3.103
3.1
3.097
3.094
3.09
3.087
3.084
3.081
3.078
3.075
3.072
3.068
3.065
3.062
3.059
3.056
3.053
3.05
3.047
3.043
3.04
3.037
3.034
3.031
3.028
3.025
3.022
3.019
3.016
3.013
3.009
3.006
3.003
3.0
2.997
2.994
2.991
2.988
2.985
2.982
2.979
2.976
2.973
2.97
2.967
2.964
2.961
2.957
2.954
2.951
2.948
2.945
2.942
2.939
2.936
2.933
2.93
2.927
2.924
2.921
2.918
2.915
2.912
2.909
2.906
2.903
2.9
2.897
2.894
2.891
2.888
2.886
2.883
2.88
2.877
2.874
2.871
2.868
2.865
2.862
2.859
2.856
2.853
2.85
2.847
2.844
2.841
2.838
2.836
2.833
2.83
2.827
2.824
2.821
2.818
2.815
2.812
2.809
2.806
2.804
2.801
2.798
2.795
2.792
2.789
2.786
2.783
2.781
2.778
2.775
2.772
2.769
2.766
2.763
2.761
2.758
2.755
2.752
2.749
2.746
2.743
2.741
2.738
2.735
2.732
2.729
2.727
2.724
2.721
2.718
2.715
2.712
2.71
2.707
2.704
2.701
2.698
2.696
2.693
2.69
2.687
2.685
2.682
2.679
2.676
2.673
2.671
2.668
2.665
2.662
2.66
2.657
2.654
2.651
2.649
2.646
2.643
2.64
2.638
2.635
2.632
2.629
2.627
2.624
2.621
2.619
2.616
2.613
2.61
2.608
2.605
2.602
2.6
2.597
2.594
2.591
2.589
2.586
2.583
2.581
2.578
2.575
2.573
2.57
2.567
2.565
2.562
2.559
2.557
2.554
2.551
2.549
2.546
2.543
2.541
2.538
2.535
2.533
2.53
2.527
2.525
2.522
2.519
2.517
2.514
2.512
2.509
2.506
2.504
2.501
2.498
2.496
2.493
2.491
2.488
2.485
2.483
2.48
2.478
2.475
2.472
2.47
2.467
2.465
2.462
2.459
2.457
2.454
2.452
2.449
2.447
2.444
2.441
2.439
2.436
2.434
2.431
2.429
2.426
2.424
2.421
2.418
2.416
2.413
2.411
2.408
2.406
2.403
2.401
2.398
2.396
2.393
2.391
2.388
2.385
2.383
2.38
2.378
2.375
2.373
2.37
2.368
2.365
2.363
2.36
2.358
2.355
2.353
2.35
2.348
2.345
2.343
2.34
2.338
2.336
2.333
2.331
2.328
2.326
2.323
2.321
2.318
2.316
2.313
2.311
2.308
2.306
2.304
2.301
2.299
2.296
2.294
2.291
2.289
2.286
2.284
2.282
2.279
2.277
2.274
2.272
2.269
2.267
2.265
2.262
2.26
2.257
2.255
2.252
2.25
2.248
2.245
2.243
2.24
2.238
2.236
2.233
2.231
2.228
2.226
2.224
2.221
2.219
2.217
2.214
2.212
2.209
2.207
2.205
2.202
2.2
2.198
2.195
2.193
2.19
2.188
2.186
2.183
2.181
2.179
2.176
2.174
2.172
2.169
2.167
2.165
2.162
2.16
2.158
2.155
2.153
2.151
2.148
2.146
2.144
2.141
2.139
2.137
2.134
2.132
2.13
2.127
2.125
2.123
2.121
2.118
2.116
2.114
2.111
2.109
2.107
2.104
2.102
2.1
2.098
2.095
2.093
2.091
2.088
2.086
2.084
2.082
2.079
2.077
2.075
2.073
2.07
2.068
2.066
2.063
2.061
2.059
2.057
2.054
2.052
2.05
2.048
2.045
2.043
2.041
2.039
2.036
2.034
2.032
2.03
2.027
2.025
2.023
2.021
2.019
2.016
2.014
2.012
2.01
2.007
2.005
2.003
2.001
1.999
1.996
1.994
1.992
1.99
1.987
1.985
1.983
1.981
1.979
1.976
1.974
1.972
1.97
1.968
1.965
1.963
1.961
1.959
1.957
1.955
1.952
1.95
1.948
1.946
1.944
1.941
1.939
1.937
1.935
1.933
1.931
1.928
1.926
1.924
1.922
1.92
1.918
1.915
1.913
1.911
1.909
1.907
1.905
1.903
1.9
1.898
1.896
1.894
1.892
1.89
1.888
1.885
1.883
1.881
1.879
1.877
1.875
1.873
1.87
1.868
1.866
1.864
1.862
1.86
1.858
1.856
1.853
1.851
1.849
1.847
1.845
1.843
1.841
1.839
1.837
1.834
1.832
1.83
1.828
1.826
1.824
1.822
1.82
1.818
1.816
1.814
1.811
1.809
1.807
1.805
1.803
1.801
1.799
1.797
1.795
1.793
1.791
1.788
1.786
1.784
1.782
1.78
1.778
1.776
1.774
1.772
1.77
1.768
1.766
1.764
1.762
1.76
1.757
1.755
1.753
1.751
1.749
1.747
1.745
1.743
1.741
1.739
1.737
1.735
1.733
1.731
1.729
1.727
1.725
1.723
1.721
1.719
1.717
1.715
1.712
1.71
1.708
1.706
1.704
1.702
1.7
1.698
1.696
1.694
1.692
1.69
1.688
1.686
1.684
1.682
1.68
1.678
1.676
1.674
1.672
1.67
1.668
1.666
1.664
1.662
1.66
1.658
1.656
1.654
1.652
1.65
1.648
1.646
1.644
1.642
1.64
1.638
1.636
1.634
1.632
1.63
1.628
1.626
1.624
1.622
1.62
1.618
1.616
1.614
1.612
1.61
1.608
1.606
1.604
1.602
1.6
1.598
1.596
1.594
1.592
1.59
1.588
1.587
1.585
1.583
1.581
1.579
1.577
1.575
1.573
1.571
1.569
1.567
1.565
1.563
1.561
1.559
1.557
1.555
1.553
1.551
1.549
1.547
1.545
1.543
1.541
1.54
1.538
1.536
1.534
1.532
1.53
1.528
1.526
1.524
1.522
1.52
1.518
1.516
1.514
1.512
1.51
1.508
1.507
1.505
1.503
1.501
1.499
1.497
1.495
1.493
1.491
1.489
1.487
1.485
1.483
1.481
1.48
1.478
1.476
1.474
1.472
1.47
1.468
1.466
1.464
1.462
1.46
1.458
1.457
1.455
1.453
1.451
1.449
1.447
1.445
1.443
1.441
1.439
1.437
1.435
1.434
1.432
1.43
1.428
1.426
1.424
1.422
1.42
1.418
1.416
1.415
1.413
1.411
1.409
1.407
1.405
1.403
1.401
1.399
1.397
1.396
1.394
1.392
1.39
1.388
1.386
1.384
1.382
1.38
1.379
1.377
1.375
1.373
1.371
1.369
1.367
1.365
1.363
1.362
1.36
1.358
1.356
1.354
1.352
1.35
1.348
1.347
1.345
1.343
1.341
1.339
1.337
1.335
1.333
1.331
1.33
1.328
1.326
1.324
1.322
1.32
1.318
1.316
1.315
1.313
1.311
1.309
1.307
1.305
1.303
1.302
1.3
1.298
1.296
1.294
1.292
1.29
1.288
1.287
1.285
1.283
1.281
1.279
1.277
1.275
1.274
1.272
1.27
1.268
1.266
1.264
1.262
1.26
1.259
1.257
1.255
1.253
1.251
1.249
1.247
1.246
1.244
1.242
1.24
1.238
1.236
1.234
1.233
1.231
1.229
1.227
1.225
1.223
1.221
1.22
1.218
1.216
1.214
1.212
1.21
1.208
1.207
1.205
1.203
1.201
1.199
1.197
1.196
1.194
1.192
1.19
1.188
1.186
1.184
1.183
1.181
1.179
1.177
1.175
1.173
1.171
1.17
1.168
1.166
1.164
1.162
1.16
1.159
1.157
1.155
1.153
1.151
1.149
1.147
1.146
1.144
1.142
1.14
1.138
1.136
1.135
1.133
1.131
1.129
1.127
1.125
1.123
1.122
1.12
1.118
1.116
1.114
1.112
1.111
1.109
1.107
1.105
1.103
1.101
1.099
1.098
1.096
1.094
1.092
1.09
1.088
1.087
1.085
1.083
1.081
1.079
1.077
1.075
1.074
1.072
1.07
1.068
1.066
1.064
1.063
1.061
1.059
1.057
1.055
1.053
1.052
1.05
1.048
1.046
1.044
1.042
1.04
1.039
1.037
1.035
1.033
1.031
1.029
1.028
1.026
1.024
1.022
1.02
1.018
1.016
1.015
1.013
1.011
1.009
1.007
1.005
1.004
1.002
1.0
1.0
1.0
1.0
1.001
1.001
1.001
1.001
1.001
1.001
1.001
1.002
1.002
1.002
1.002
1.002
1.002
1.002
1.003
1.003
1.003
1.003
1.003
1.003
1.003
1.003
1.004
1.004
1.004
1.004
1.004
1.004
1.004
1.005
1.005
1.005
1.005
1.005
1.005
1.005
1.006
1.006
1.006
1.006
1.006
1.006
1.006
1.006
1.007
1.007
1.007
1.007
1.007
1.007
1.007
1.007
1.008
1.008
1.008
1.008
1.008
1.008
1.008
1.009
1.009
1.009
1.009
1.009
1.009
1.009
1.009
1.01
1.01
1.01
1.01
1.01
1.01
1.01
1.01
1.01
1.011
1.011
1.011
1.011
1.011
1.011
1.011
1.011
1.012
1.012
1.012
1.012
1.012
1.012
1.012
1.012
1.012
1.013
1.013
1.013
1.013
1.013
1.013
1.013
1.013
1.013
1.014
1.014
1.014
1.014
1.014
1.014
1.014
1.014
1.014
1.015
1.015
1.015
1.015
1.015
1.015
1.015
1.015
1.015
1.015
1.016
1.016
1.016
1.016
1.016
1.016
1.016
1.016
1.016
1.016
1.017
1.017
1.017
1.017
1.017
1.017
1.017
1.017
1.017
1.017
1.017
1.018
1.018
1.018
1.018
1.018
1.018
1.018
1.018
1.018
1.018
1.018
1.018
1.018
1.019
1.019
1.019
1.019
1.019
1.019
1.019
1.019
1.019
1.019
1.019
1.019
1.019
1.02
1.02
1.02
1.02
1.02
1.02
1.02
1.02
1.02
1.02
1.02
1.02
1.02
1.02
1.02
1.02
1.021
1.021
1.021
1.021
1.021
1.021
1.021
1.021
1.021
1.021
1.021
1.021
1.021
1.021
1.021
1.021
1.021
1.021
1.021
1.021
1.022
1.022
1.022
1.022
1.022
1.022
1.022
1.022
1.022
1.022
1.022
1.022
1.022
1.022
1.022
1.022
1.022
1.022
1.022
1.022
1.022
1.022
1.022
1.022
1.022
1.022
1.022
1.022
1.022
1.022
1.022
1.022
1.022
1.022
1.022
1.022
1.022
1.022
1.022
1.022
1.022
1.022
1.022
1.022
1.022
1.022
1.022
1.022
1.022
1.022
1.022
1.022
1.022
1.022
1.022
1.022
1.022
1.022
1.022
1.022
1.022
1.022
1.022
1.022
1.022
1.022
1.022
1.022
1.022
1.022
1.022
1.022
1.022
1.022
1.022
1.022
1.022
1.022
1.022
1.022
1.022
1.022
1.022
1.022
1.022
1.022
1.022
1.022
1.022
1.022
1.021
1.021
1.021
1.021
1.021
1.021
1.021
1.021
1.021
1.021
1.021
1.021
1.021
1.021
1.021
1.021
1.021
1.02
1.02
1.02
1.02
1.02
1.02
1.02
1.02
1.02
1.02
1.02
1.02
1.02
1.02
1.019
1.019
1.019
1.019
1.019
1.019
1.019
1.019
1.019
1.019
1.019
1.018
1.018
1.018
1.018
1.018
1.018
1.018
1.018
1.018
1.018
1.017
1.017
1.017
1.017
1.017
1.017
1.017
1.017
1.016
1.016
1.016
1.016
1.016
1.016
1.016
1.016
1.015
1.015
1.015
1.015
1.015
1.015
1.015
1.014
1.014
1.014
1.014
1.014
1.014
1.014
1.013
1.013
1.013
1.013
1.013
1.013
1.013
1.012
1.012
1.012
1.012
1.012
1.012
1.011
1.011
1.011
1.011
1.011
1.011
1.01
1.01
1.01
1.01
1.01
1.009
1.009
1.009
1.009
1.009
1.008
1.008
1.008
1.008
1.008
1.007
1.007
1.007
1.007
1.007
1.006
1.006
1.006
1.006
1.006
1.005
1.005
1.005
1.005
1.005
1.004
1.004
1.004
1.004
1.003
1.003
1.003
1.003
1.002
1.002
1.002
1.002
1.001
1.001
1.001
1.001
1.001
1.0
1.0
