2.0
1.92
1.841
1.762
1.684
1.606
1.53
1.453
1.378
1.303
1.229
1.156
1.083
1.01
0.939
0.868
0.798
0.728
0.659
0.591
0.523
0.456
0.389
0.323
0.258
0.193
0.129
0.066
0.003
-0.059
-0.121
-0.181
-0.242
-0.302
-0.361
-0.419
-0.477
-0.534
-0.591
-0.647
-0.703
-0.757
-0.812
-0.866
-0.919
-0.971
-1.023
-1.074
-1.125
-1.175
-1.225
-1.274
-1.323
-1.37
-1.418
-1.465
-1.511
-1.556
-1.601
-1.646
-1.69
-1.733
-1.776
-1.818
-1.86
-1.901
-1.941
-1.981
-2.021
-2.06
-2.098
-2.136
-2.173
-2.21
-2.246
-2.282
-2.317
-2.352
-2.386
-2.419
-2.452
-2.485
-2.517
-2.548
-2.579
-2.609
-2.639
-2.668
-2.697
-2.726
-2.753
-2.781
-2.807
-2.834
-2.859
-2.885
-2.909
-2.934
-2.957
-2.981
-3.003
-3.026
-3.047
-3.069
-3.089
-3.11
-3.13
-3.149
-3.168
-3.186
-3.204
-3.221
-3.238
-3.255
-3.271
-3.286
-3.301
-3.316
-3.33
-3.344
-3.357
-3.37
-3.382
-3.394
-3.405
-3.416
-3.427
-3.437
-3.446
-3.455
-3.464
-3.472
-3.48
-3.487
-3.494
-3.501
-3.507
-3.512
-3.518
-3.522
-3.527
-3.53
-3.534
-3.537
-3.54
-3.542
-3.544
-3.545
-3.546
-3.546
-3.547
-3.546
-3.546
-3.545
-3.543
-3.541
-3.539
-3.536
-3.533
-3.53
-3.526
-3.521
-3.517
-3.512
-3.506
-3.5
-3.494
-3.488
-3.481
-3.473
-3.465
-3.457
-3.449
-3.44
-3.431
-3.421
-3.411
-3.401
-3.39
-3.379
-3.368
-3.356
-3.344
-3.331
-3.318
-3.305
-3.292
-3.278
-3.264
-3.249
-3.234
-3.219
-3.203
-3.187
-3.171
-3.154
-3.137
-3.12
-3.103
-3.085
-3.066
-3.048
-3.029
-3.01
-2.99
-2.97
-2.95
-2.93
-2.909
-2.888
-2.866
-2.844
-2.822
-2.8
-2.777
-2.754
-2.731
-2.708
-2.684
-2.66
-2.635
-2.61
-2.585
-2.56
-2.534
-2.509
-2.482
-2.456
-2.429
-2.402
-2.375
-2.347
-2.32
-2.292
-2.263
-2.235
-2.206
-2.177
-2.147
-2.117
-2.088
-2.057
-2.027
-1.996
-1.965
-1.934
-1.903
-1.871
-1.839
-1.807
-1.774
-1.742
-1.709
-1.676
-1.642
-1.609
-1.575
-1.541
-1.507
-1.472
-1.437
-1.402
-1.367
-1.332
-1.296
-1.26
-1.224
-1.188
-1.151
-1.115
-1.078
-1.041
-1.003
-0.966
-0.928
-0.89
-0.852
-0.814
-0.775
-0.737
-0.698
-0.659
-0.619
-0.58
-0.54
-0.5
-0.46
-0.42
-0.38
-0.339
-0.299
-0.258
-0.217
-0.176
-0.134
-0.093
-0.051
-0.009
0.033
0.075
0.118
0.16
0.203
0.246
0.289
0.332
0.375
0.418
0.462
0.506
0.549
0.593
0.637
0.682
0.726
0.771
0.815
0.86
0.905
0.95
0.995
1.083
1.177
1.271
1.365
1.459
1.553
1.648
1.742
1.837
1.932
2.026
2.121
2.216
2.311
2.407
2.502
2.597
2.693
2.788
2.884
2.98
3.076
3.171
3.268
3.364
3.46
3.556
3.652
3.749
3.845
3.942
4.038
4.135
4.232
4.329
4.425
4.522
4.619
4.716
4.813
4.911
5.008
5.105
5.202
5.3
5.397
5.494
5.592
5.689
5.787
5.885
5.982
6.08
6.178
6.275
6.373
6.471
6.569
6.666
6.764
6.862
6.96
7.058
7.156
7.254
7.352
7.45
7.548
7.646
7.744
7.842
7.94
8.038
8.136
8.233
8.331
8.429
8.527
8.625
8.723
8.821
8.919
9.017
9.115
9.213
9.31
9.408
9.506
9.604
9.701
9.799
9.897
9.994
10.092
10.189
10.287
10.384
10.482
10.579
10.676
10.774
10.871
10.968
11.065
11.162
11.259
11.356
11.453
11.55
11.647
11.743
11.84
11.937
12.033
12.13
12.226
12.322
12.418
12.515
12.611
12.707
12.802
12.898
12.994
13.089
13.185
13.28
13.376
13.471
13.566
13.661
13.756
13.851
13.946
14.04
14.135
14.229
14.324
14.418
14.512
14.606
14.7
14.793
14.887
14.981
15.074
15.167
15.26
15.353
15.446
15.539
15.631
15.724
15.816
15.908
16.0
16.092
16.184
16.276
16.367
16.458
16.55
16.641
16.731
16.822
16.913
17.003
17.093
17.183
17.273
17.363
17.452
17.542
17.631
17.72
17.809
17.897
17.986
18.074
18.162
18.25
18.338
18.426
18.513
18.6
18.687
18.774
18.861
18.947
19.033
19.119
19.205
19.291
19.376
19.462
19.547
19.631
19.716
19.8
19.884
19.968
20.052
20.136
20.219
20.302
20.385
20.467
20.55
20.632
20.714
20.795
20.877
20.958
21.011
21.035
21.058
21.081
21.103
21.125
21.148
21.169
21.191
21.213
21.234
21.255
21.275
21.296
21.316
21.336
21.356
21.375
21.395
21.414
21.433
21.451
21.47
21.488
21.506
21.523
21.541
21.558
21.575
21.592
21.608
21.625
21.641
21.657
21.672
21.688
21.703
21.718
21.733
21.747
21.762
21.776
21.79
21.803
21.817
21.83
21.843
21.856
21.868
21.881
21.893
21.905
21.917
21.928
21.939
21.95
21.961
21.972
21.982
21.993
22.003
22.012
22.022
22.031
22.04
22.049
22.058
22.067
22.075
22.083
22.091
22.099
22.106
22.113
22.121
22.127
22.134
22.141
22.147
22.153
22.159
22.164
22.17
22.175
22.18
22.185
22.19
22.194
22.199
22.203
22.206
22.21
22.214
22.217
22.22
22.223
22.226
22.228
22.23
22.232
22.234
22.236
22.238
22.239
22.24
22.241
22.242
22.242
22.243
22.243
22.243
22.243
22.243
22.242
22.241
22.24
22.239
22.238
22.237
22.235
22.233
22.231
22.229
22.226
22.224
22.221
22.218
22.215
22.212
22.208
22.205
22.201
22.197
22.193
22.188
22.184
22.179
22.174
22.169
22.164
22.159
22.153
22.147
22.141
22.135
22.129
22.123
22.116
22.109
22.102
22.095
22.088
22.08
22.073
22.065
22.057
22.049
22.041
22.032
22.024
22.015
22.006
21.997
21.988
21.978
21.969
21.959
21.949
21.939
21.929
21.918
21.908
21.897
21.886
21.875
21.864
21.853
21.841
21.829
21.818
21.806
21.794
21.781
21.769
21.756
21.744
21.731
21.718
21.705
21.691
21.678
21.664
21.65
21.636
21.622
21.608
21.594
21.579
21.565
21.55
21.535
21.52
21.504
21.489
21.474
21.458
21.442
21.426
21.41
21.394
21.377
21.361
21.344
21.328
21.311
21.294
21.276
21.259
21.241
21.224
21.206
21.188
21.17
21.152
21.134
21.115
21.097
21.078
21.059
21.04
21.021
21.002
20.983
20.963
20.944
20.924
20.904
20.884
20.864
20.844
20.823
20.803
20.782
20.762
20.741
20.72
20.699
20.677
20.656
20.635
20.613
20.591
20.569
20.547
20.525
20.503
20.481
20.458
20.436
20.413
20.39
20.368
20.345
20.321
20.298
20.275
20.251
20.228
20.204
20.18
20.156
20.132
20.108
20.084
20.06
20.035
20.01
19.986
19.961
19.936
19.911
19.886
19.861
19.835
19.81
19.784
19.759
19.733
19.707
19.681
19.655
19.629
19.603
19.576
19.55
19.523
19.497
19.47
19.443
19.416
19.389
19.362
19.335
19.307
19.28
19.252
19.225
19.197
19.169
19.141
19.113
19.085
19.057
19.029
19.0
18.972
18.943
18.915
18.886
18.857
18.828
18.799
18.77
18.741
18.712
18.682
18.653
18.624
18.594
18.564
18.535
18.505
18.475
18.445
18.415
18.385
18.354
18.324
18.294
18.263
18.233
18.202
18.171
18.14
18.11
18.079
18.048
18.016
17.985
17.954
17.923
17.891
17.86
17.828
17.797
17.765
17.733
17.701
17.67
17.638
17.606
17.574
17.541
17.509
17.477
17.444
17.412
17.38
17.347
17.314
17.282
17.249
17.216
17.183
17.15
17.117
17.084
17.051
17.018
16.985
16.951
16.918
16.885
16.851
16.818
16.784
16.75
16.717
16.683
16.649
16.615
16.581
16.547
16.513
16.479
16.445
16.411
16.377
16.342
16.308
16.274
16.239
16.205
16.17
16.135
16.101
16.066
16.031
15.997
15.962
15.927
15.892
15.857
15.822
15.787
15.752
15.717
15.682
15.646
15.611
15.576
15.541
15.505
15.47
15.434
15.399
15.363
15.328
15.292
15.257
15.221
15.185
15.15
15.114
15.078
15.042
15.006
14.97
14.934
14.898
14.862
14.826
14.79
14.754
14.718
14.682
14.646
14.61
14.573
14.537
14.501
14.465
14.428
14.392
14.356
14.319
14.283
14.246
14.21
14.173
14.137
14.1
14.064
14.027
13.991
13.954
13.917
13.881
13.844
13.807
13.771
13.734
13.697
13.661
13.624
13.587
13.55
13.513
13.477
13.44
13.403
13.366
13.329
13.292
13.255
13.219
13.182
13.145
13.108
13.071
13.034
12.997
12.96
12.923
12.886
12.849
12.812
12.775
12.738
12.701
12.665
12.628
12.591
12.554
12.517
12.48
12.443
12.406
12.369
12.332
12.295
12.258
12.221
12.184
12.147
12.11
12.073
12.036
11.999
11.962
11.925
11.889
11.852
11.815
11.778
11.741
11.704
11.667
11.63
11.594
11.557
11.52
11.483
11.446
11.41
11.373
11.336
11.3
11.263
11.226
11.189
11.153
11.116
11.08
11.043
11.006
10.97
10.933
10.897
10.86
10.824
10.787
10.751
10.715
10.678
10.642
10.606
10.569
10.533
10.497
10.46
10.424
10.388
10.352
10.316
10.28
10.244
10.208
10.172
10.136
10.1
10.064
10.028
9.992
9.956
9.921
9.885
9.849
9.813
9.778
9.742
9.707
9.671
9.636
9.6
9.565
9.529
9.494
9.459
9.424
9.388
9.353
9.318
9.283
9.248
9.213
9.178
9.143
9.108
9.073
9.039
9.004
8.969
8.934
8.9
8.865
8.831
8.796
8.762
8.728
8.693
8.659
8.625
8.591
8.557
8.523
8.489
8.455
8.421
8.387
8.353
8.32
8.286
8.252
8.219
8.185
8.152
8.118
8.085
8.052
8.019
7.986
7.952
7.919
7.886
7.854
7.821
7.788
7.755
7.723
7.69
7.658
7.625
7.593
7.56
7.528
7.496
7.464
7.432
7.4
7.368
7.336
7.304
7.273
7.241
7.21
7.178
7.147
7.115
7.084
7.053
7.022
6.991
6.96
6.929
6.898
6.867
6.837
6.806
6.776
6.745
6.715
6.685
6.655
6.624
6.594
6.565
6.535
6.505
6.475
6.446
6.416
6.387
6.357
6.328
6.299
6.27
6.241
6.212
6.183
6.154
6.126
6.097
6.069
6.04
6.012
5.984
5.956
5.928
5.9
5.872
5.844
5.817
5.789
5.762
5.734
5.707
5.68
5.653
5.626
5.599
5.572
5.545
5.519
5.492
5.466
5.44
5.414
5.388
5.362
5.336
5.31
5.284
5.259
5.233
5.208
5.183
5.158
5.133
5.108
5.083
5.058
5.033
5.009
4.985
4.96
4.936
4.912
4.888
4.864
4.841
4.817
4.794
4.77
4.747
4.724
4.701
4.678
4.655
4.632
4.61
4.587
4.565
4.543
4.521
4.499
4.477
4.455
4.434
4.412
4.391
4.369
4.348
4.327
4.306
4.286
4.265
4.245
4.224
4.204
4.184
4.164
4.144
4.124
4.105
4.085
4.066
4.046
4.027
4.008
3.99
3.971
3.952
3.934
3.916
3.897
3.879
3.861
3.844
3.826
3.809
3.791
3.774
3.757
3.74
3.723
3.706
3.69
3.674
3.657
3.641
3.625
3.609
3.594
3.578
3.563
3.547
3.532
3.517
3.503
3.488
3.473
3.459
3.445
3.431
3.417
3.403
3.389
3.376
3.362
3.349
3.336
3.323
3.311
3.298
3.286
3.273
3.261
3.249
3.237
3.226
3.214
3.203
3.192
3.181
3.17
3.159
3.148
3.138
3.128
3.118
3.108
3.098
3.088
3.079
3.07
3.06
3.051
3.043
3.034
3.026
3.017
3.009
3.001
3.014
3.031
3.048
3.066
3.083
3.101
3.119
3.136
3.155
3.173
3.191
3.21
3.229
3.247
3.267
3.286
3.305
3.325
3.344
3.364
3.384
3.404
3.424
3.445
3.465
3.486
3.507
3.528
3.549
3.57
3.592
3.613
3.635
3.657
3.679
3.701
3.723
3.745
3.768
3.79
3.813
3.836
3.859
3.882
3.906
3.929
3.953
3.976
4.0
4.024
4.048
4.072
4.097
4.121
4.145
4.17
4.195
4.22
4.245
4.27
4.295
4.321
4.346
4.372
4.397
4.423
4.449
4.475
4.501
4.528
4.554
4.581
4.607
4.634
4.661
4.687
4.714
4.742
4.769
4.796
4.823
4.851
4.879
4.906
4.934
4.962
4.99
5.018
5.046
5.074
5.103
5.131
5.16
5.188
5.217
5.246
5.275
5.304
5.333
5.362
5.391
5.42
5.45
5.479
5.509
5.538
5.568
5.598
5.628
5.657
5.687
5.718
5.748
5.778
5.808
5.838
5.869
5.899
5.93
5.961
5.991
6.022
6.053
6.084
6.115
6.146
6.177
6.208
6.239
6.27
6.301
6.333
6.364
6.396
6.427
6.459
6.49
6.522
6.554
6.586
6.617
6.649
6.681
6.713
6.745
6.777
6.809
6.841
6.874
6.906
6.938
6.97
7.003
7.035
7.067
7.1
7.132
7.165
7.197
7.23
7.263
7.295
7.328
7.361
7.393
7.426
7.459
7.492
7.525
7.557
7.59
7.623
7.656
7.689
7.722
7.755
7.788
7.821
7.854
7.887
7.92
7.953
7.986
8.02
8.053
8.086
8.119
8.152
8.185
8.219
8.252
8.285
8.318
8.351
8.384
8.418
8.451
8.484
8.517
8.55
8.584
8.617
8.65
8.683
8.716
8.75
8.783
8.816
8.849
8.882
8.915
8.948
8.982
9.011
9.035
9.059
9.083
9.108
9.132
9.156
9.18
9.204
9.228
9.253
9.277
9.301
9.325
9.349
9.373
9.397
9.421
9.445
9.469
9.493
9.517
9.541
9.565
9.589
9.613
9.636
9.66
9.684
9.708
9.732
9.756
9.779
9.803
9.827
9.851
9.875
9.898
9.922
9.946
9.969
9.993
10.017
10.04
10.064
10.088
10.111
10.135
10.158
10.182
10.205
10.229
10.252
10.276
10.299
10.323
10.346
10.37
10.393
10.416
10.44
10.463
10.486
10.51
10.533
10.556
10.58
10.603
10.626
10.649
10.672
10.696
10.719
10.742
10.765
10.788
10.811
10.834
10.858
10.881
10.904
10.927
10.95
10.973
10.996
11.019
11.041
11.064
11.087
11.11
11.133
11.156
11.179
11.201
11.224
11.247
11.27
11.293
11.315
11.338
11.361
11.383
11.406
11.429
11.451
11.474
11.496
11.519
11.541
11.564
11.586
11.609
11.631
11.654
11.676
11.699
11.721
11.743
11.766
11.788
11.81
11.833
11.855
11.877
11.899
11.922
11.944
11.966
11.988
12.01
12.032
12.055
12.077
12.099
12.121
12.143
12.165
12.187
12.209
12.231
12.253
12.275
12.296
12.318
12.34
12.362
12.384
12.405
12.427
12.449
12.471
12.492
12.514
12.536
12.557
12.579
12.601
12.622
12.644
12.665
12.687
12.708
12.73
12.751
12.773
12.794
12.815
12.837
12.858
12.879
12.901
12.922
12.943
12.964
12.986
13.007
13.028
13.049
13.07
13.091
13.112
13.134
13.155
13.176
13.197
13.218
13.239
13.259
13.28
13.301
13.322
13.343
13.364
13.385
13.405
13.426
13.447
13.467
13.488
13.509
13.529
13.55
13.571
13.591
13.612
13.632
13.653
13.673
13.694
13.714
13.734
13.755
13.775
13.796
13.816
13.836
13.856
13.877
13.897
13.917
13.937
13.957
13.977
13.997
14.018
14.038
14.058
14.078
14.098
14.118
14.137
14.157
14.177
14.197
14.217
14.237
14.256
14.276
14.296
14.316
14.335
14.355
14.375
14.394
14.414
14.433
14.453
14.472
14.492
14.511
14.531
14.55
14.569
14.589
14.608
14.627
14.647
14.666
14.685
14.704
14.723
14.743
14.762
14.781
14.8
14.819
14.838
14.857
14.876
14.895
14.914
14.933
14.951
14.97
14.989
15.008
15.027
15.045
15.064
15.083
15.101
15.12
15.138
15.157
15.176
15.194
15.213
15.231
15.249
15.268
15.286
15.305
15.323
15.341
15.359
15.378
15.396
15.414
15.432
15.45
15.468
15.486
15.504
15.522
15.54
15.558
15.576
15.594
15.612
15.63
15.648
15.666
15.683
15.701
15.719
15.736
15.754
15.772
15.789
15.807
15.824
15.842
15.859
15.877
15.894
15.911
15.929
15.946
15.963
15.981
15.998
16.015
16.032
16.049
16.067
16.084
16.101
16.118
16.135
16.152
16.169
16.186
16.202
16.219
16.236
16.253
16.27
16.286
16.303
16.32
16.336
16.353
16.37
16.386
16.403
16.419
16.436
16.452
16.468
16.485
16.501
16.517
16.534
16.55
16.566
16.582
16.599
16.615
16.631
16.647
16.663
16.679
16.695
16.711
16.727
16.742
16.758
16.774
16.79
16.806
16.821
16.837
16.853
16.868
16.884
16.899
16.915
16.93
16.946
16.961
16.977
16.992
17.007
17.023
17.038
17.053
17.068
17.083
17.099
17.114
17.129
17.144
17.159
17.174
17.189
17.204
17.218
17.233
17.248
17.263
17.278
17.292
17.307
17.322
17.336
17.351
17.365
17.38
17.394
17.409
17.423
17.438
17.452
17.466
17.48
17.495
17.509
17.523
17.537
17.551
17.565
17.579
17.593
17.607
17.621
17.635
17.649
17.663
17.677
17.69
17.704
17.718
17.731
17.745
17.759
17.772
17.786
17.799
17.813
17.826
17.839
17.853
17.866
17.879
17.892
17.906
17.919
17.932
17.945
17.958
17.971
17.984
17.997
18.01
18.023
18.036
18.048
18.061
18.074
18.087
18.099
18.112
18.124
18.137
18.15
18.162
18.174
18.187
18.199
18.212
18.224
18.236
18.248
18.26
18.273
18.285
18.297
18.309
18.321
18.333
18.345
18.357
18.368
18.38
18.392
18.404
18.416
18.427
18.439
18.45
18.462
18.473
18.485
18.496
18.508
18.519
18.53
18.542
18.553
18.564
18.575
18.587
18.598
18.609
18.62
18.631
18.642
18.653
18.663
18.674
18.685
18.696
18.706
18.717
18.728
18.738
18.749
18.759
18.77
18.78
18.791
18.801
18.811
18.822
18.832
18.842
18.852
18.863
18.873
18.883
18.893
18.903
18.913
18.922
18.932
18.942
18.952
18.962
18.971
18.981
18.991
19.0
19.01
19.019
19.029
19.038
19.047
19.057
19.066
19.075
19.084
19.094
19.103
19.112
19.121
19.13
19.139
19.148
19.157
19.166
19.174
19.183
19.192
19.201
19.209
19.218
19.226
19.235
19.243
19.252
19.26
19.268
19.277
19.285
19.293
19.301
19.31
19.318
19.326
19.334
19.342
19.35
19.358
19.365
19.373
19.381
19.389
19.396
19.404
19.412
19.419
19.427
19.434
19.442
19.449
19.456
19.464
19.471
19.478
19.485
19.492
19.499
19.506
19.513
19.52
19.527
19.534
19.541
19.548
19.554
19.561
19.568
19.574
19.581
19.587
19.594
19.6
19.607
19.613
19.619
19.626
19.632
19.638
19.644
19.65
19.656
19.662
19.668
19.674
19.68
19.686
19.692
19.697
19.703
19.709
19.714
19.72
19.725
19.731
19.736
19.742
19.747
19.752
19.757
19.763
19.768
19.773
19.778
19.783
19.788
19.793
19.798
19.802
19.807
19.812
19.817
19.821
19.826
19.83
19.835
19.839
19.844
19.848
19.852
19.857
19.861
19.865
19.869
19.873
19.877
19.881
19.885
19.889
19.893
19.897
19.901
19.904
19.908
19.912
19.915
19.919
19.922
19.926
19.929
19.933
19.936
19.939
19.942
19.945
19.949
19.952
19.955
19.958
19.961
19.963
19.966
19.969
19.972
19.974
19.977
19.98
19.982
19.985
19.987
19.989
19.992
19.994
19.996
19.999
20.001
20.003
20.005
20.007
20.009
20.011
20.013
20.014
20.016
20.018
20.02
20.021
20.023
20.024
20.026
20.027
20.029
20.03
20.031
20.032
20.034
20.035
20.036
20.037
20.038
20.039
20.04
20.041
20.041
20.042
20.043
20.043
20.044
20.044
20.045
20.045
20.046
20.046
20.046
20.047
20.047
20.047
20.047
20.047
20.047
20.047
20.047
20.047
20.047
20.046
20.046
20.046
20.045
20.045
20.044
20.044
20.043
20.042
20.042
20.041
20.04
20.039
20.038
20.037
20.036
20.035
20.034
20.033
20.031
20.03
20.029
20.027
20.026
20.024
20.023
20.021
20.02
20.018
20.016
20.014
20.013
20.011
20.009
20.007
20.005
20.002
20.0
19.998
19.996
19.993
19.991
19.989
19.986
19.984
19.981
19.978
19.976
19.973
19.97
19.967
19.964
19.961
19.958
19.955
19.952
19.949
19.946
19.942
19.939
19.936
19.932
19.929
19.925
19.922
19.918
19.914
19.91
19.907
19.903
19.899
19.895
19.891
19.887
19.883
19.878
19.874
19.87
19.865
19.861
19.857
19.852
19.847
19.843
19.838
19.833
19.829
19.824
19.819
19.814
19.809
19.804
19.799
19.793
19.788
19.783
19.777
19.772
19.767
19.761
19.756
19.75
19.744
19.738
19.733
19.727
19.721
19.715
19.709
19.703
19.697
19.691
19.684
19.678
19.672
19.665
19.659
19.652
19.646
19.639
19.632
19.626
19.619
19.612
19.605
19.598
19.591
19.584
19.577
19.57
19.562
19.555
19.548
19.54
19.533
19.525
19.517
19.51
19.502
19.494
19.486
19.479
19.471
19.463
19.455
19.446
19.438
19.43
19.422
19.413
19.405
19.397
19.388
19.379
19.371
19.362
19.353
19.344
19.336
19.327
19.318
19.309
19.3
19.29
19.281
19.272
19.262
19.253
19.244
19.234
19.225
19.215
19.205
19.195
19.186
19.176
19.166
19.156
19.146
19.136
19.125
19.115
19.105
19.095
19.084
19.074
19.063
19.053
19.042
19.031
19.021
19.01
18.995
18.953
18.91
18.867
18.824
18.781
18.738
18.695
18.652
18.609
18.565
18.522
18.479
18.435
18.392
18.348
18.305
18.261
18.217
18.174
18.13
18.086
18.042
17.998
17.954
17.909
17.865
17.821
17.777
17.732
17.688
17.643
17.599
17.554
17.509
17.464
17.42
17.375
17.33
17.285
17.24
17.195
17.149
17.104
17.059
17.013
16.968
16.922
16.877
16.831
16.785
16.74
16.694
16.648
16.602
16.556
16.51
16.464
16.417
16.371
16.325
16.278
16.232
16.185
16.139
16.092
16.046
15.999
15.952
15.905
15.858
15.811
15.764
15.717
15.67
15.622
15.575
15.528
15.48
15.433
15.385
15.337
15.29
15.242
15.194
15.146
15.098
15.05
15.002
14.954
14.905
14.857
14.809
14.76
14.712
14.663
14.615
14.566
14.517
14.468
14.419
14.37
14.321
14.272
14.223
14.174
14.125
14.075
14.026
13.976
13.927
13.877
13.828
13.778
13.728
13.678
13.628
13.578
13.528
13.478
13.428
13.378
13.327
13.277
13.226
13.176
13.125
13.075
13.024
12.973
12.922
12.871
12.82
12.769
12.718
12.667
12.616
12.564
12.513
12.462
12.41
12.359
12.307
12.255
12.203
12.151
12.1
12.048
11.996
11.943
11.891
11.839
11.787
11.734
11.682
11.629
11.577
11.524
11.471
11.418
11.366
11.313
11.26
11.207
11.153
11.1
11.047
10.994
10.94
10.887
10.833
10.78
10.726
10.672
10.618
10.564
10.51
10.456
10.402
10.348
10.294
10.24
10.185
10.131
10.076
10.022
9.967
9.912
9.858
9.803
9.748
9.693
9.638
9.583
9.527
9.472
9.417
9.361
9.306
9.25
9.195
9.139
9.083
9.027
8.972
8.916
8.86
8.803
8.747
8.691
8.635
8.578
8.522
8.465
8.409
8.352
8.295
8.238
8.182
8.125
8.068
8.011
7.953
7.896
7.839
7.781
7.724
7.666
7.609
7.551
7.493
7.436
7.378
7.32
7.262
7.204
7.146
7.087
7.029
6.971
6.912
6.854
6.795
6.736
6.678
6.619
6.56
6.501
6.442
6.383
6.324
6.265
6.205
6.146
6.086
6.027
5.967
5.908
5.848
5.788
5.728
5.668
5.608
5.548
5.488
5.428
5.367
5.307
5.246
5.186
5.125
5.065
5.004
4.943
4.882
4.821
4.76
4.699
4.638
4.576
4.515
4.454
4.392
4.331
4.269
4.207
4.145
4.084
4.022
3.96
3.897
3.835
3.773
3.711
3.648
3.586
3.523
3.461
3.398
3.335
3.272
3.21
3.147
3.083
3.02
2.957
2.894
2.831
2.767
2.704
2.64
2.576
2.513
2.449
2.385
2.321
2.257
2.193
2.129
2.064
2.0
