2.0
2.043
2.085
2.128
2.17
2.212
2.254
2.295
2.337
2.379
2.42
2.461
2.502
2.543
2.584
2.624
2.665
2.705
2.745
2.785
2.825
2.865
2.904
2.944
2.983
3.022
3.061
3.1
3.139
3.177
3.216
3.254
3.292
3.33
3.368
3.405
3.443
3.48
3.518
3.555
3.592
3.629
3.665
3.702
3.738
3.774
3.811
3.847
3.882
3.918
3.954
3.989
4.024
4.06
4.095
4.13
4.164
4.199
4.233
4.268
4.302
4.336
4.37
4.404
4.437
4.471
4.504
4.537
4.57
4.603
4.636
4.669
4.701
4.734
4.766
4.798
4.83
4.862
4.894
4.926
4.957
4.988
5.02
5.051
5.082
5.112
5.143
5.174
5.204
5.234
5.265
5.295
5.324
5.354
5.384
5.413
5.443
5.472
5.501
5.53
5.559
5.588
5.616
5.645
5.673
5.701
5.729
5.757
5.785
5.813
5.84
5.868
5.895
5.922
5.949
5.976
6.003
6.03
6.056
6.083
6.109
6.135
6.161
6.187
6.213
6.239
6.264
6.29
6.315
6.34
6.366
6.39
6.415
6.44
6.465
6.489
6.513
6.538
6.562
6.586
6.61
6.633
6.657
6.68
6.704
6.727
6.75
6.773
6.796
6.819
6.842
6.864
6.886
6.909
6.931
6.953
6.975
6.997
7.019
7.04
7.062
7.083
7.104
7.125
7.146
7.167
7.188
7.209
7.229
7.25
7.27
7.29
7.31
7.33
7.35
7.37
7.39
7.409
7.429
7.448
7.467
7.486
7.505
7.524
7.543
7.561
7.58
7.598
7.617
7.635
7.653
7.671
7.689
7.706
7.724
7.742
7.759
7.776
7.794
7.811
7.828
7.844
7.861
7.878
7.894
7.911
7.927
7.943
7.96
7.976
7.992
8.007
8.023
8.039
8.054
8.069
8.085
8.1
8.115
8.13
8.145
8.16
8.174
8.189
8.203
8.218
8.232
8.246
8.26
8.274
8.288
8.301
8.315
8.329
8.342
8.355
8.369
8.382
8.395
8.408
8.42
8.433
8.446
8.458
8.471
8.483
8.495
8.507
8.519
8.531
8.543
8.555
8.567
8.578
8.59
8.601
8.612
8.623
8.634
8.645
8.656
8.667
8.678
8.688
8.699
8.709
8.719
8.729
8.74
8.75
8.759
8.769
8.779
8.789
8.798
8.808
8.817
8.826
8.835
8.844
8.853
8.862
8.871
8.88
8.889
8.897
8.905
8.914
8.922
8.93
8.938
8.946
8.954
8.962
8.97
8.977
8.985
8.992
9.0
9.007
9.014
9.021
9.028
9.035
9.042
9.049
9.056
9.062
9.069
9.075
9.081
9.088
9.094
9.1
9.106
9.112
9.118
9.123
9.129
9.135
9.14
9.145
9.151
9.156
9.161
9.166
9.171
9.176
9.181
9.186
9.19
9.195
9.199
9.204
9.208
9.212
9.217
9.221
9.225
9.229
9.233
9.236
9.24
9.244
9.247
9.251
9.254
9.257
9.261
9.264
9.267
9.27
9.273
9.276
9.278
9.281
9.284
9.286
9.289
9.291
9.293
9.296
9.298
9.3
9.302
9.304
9.306
9.308
9.309
9.311
9.312
9.314
9.315
9.317
9.318
9.319
9.32
9.322
9.323
9.323
9.324
9.325
9.326
9.326
9.327
9.328
9.328
9.328
9.329
9.329
9.329
9.329
9.329
9.329
9.329
9.329
9.329
9.328
9.328
9.327
9.327
9.326
9.326
9.325
9.324
9.323
9.322
9.321
9.32
9.319
9.318
9.317
9.316
9.314
9.313
9.311
9.31
9.308
9.306
9.305
9.303
9.301
9.299
9.297
9.295
9.293
9.291
9.288
9.286
9.284
9.281
9.279
9.276
9.274
9.271
9.268
9.266
9.263
9.26
9.257
9.254
9.251
9.248
9.245
9.241
9.238
9.235
9.231
9.228
9.224
9.221
9.217
9.213
9.209
9.206
9.202
9.198
9.194
9.19
9.186
9.182
9.177
9.173
9.169
9.165
9.16
9.156
9.151
9.147
9.142
9.137
9.133
9.128
9.123
9.118
9.113
9.108
9.103
9.098
9.093
9.088
9.082
9.077
9.072
9.066
9.061
9.056
9.05
9.044
9.039
9.033
9.027
9.022
9.016
9.01
9.004
8.998
8.992
8.986
8.98
8.974
8.968
8.961
8.955
8.949
8.942
8.936
8.93
8.923
8.916
8.91
8.903
8.897
8.89
8.883
8.876
8.869
8.863
8.856
8.849
8.842
8.835
8.827
8.82
8.813
8.806
8.799
8.791
8.784
8.777
8.769
8.762
8.754
8.747
8.739
8.731
8.724
8.716
8.708
8.701
8.693
8.685
8.677
8.669
8.661
8.653
8.645
8.637
8.629
8.621
8.613
8.604
8.596
8.588
8.58
8.571
8.563
8.554
8.546
8.537
8.529
8.52
8.512
8.503
8.495
8.486
8.477
8.468
8.46
8.451
8.442
8.433
8.424
8.415
8.406
8.397
8.388
8.379
8.37
8.361
8.352
8.343
8.333
8.324
8.315
8.306
8.296
8.287
8.278
8.268
8.259
8.249
8.24
8.23
8.221
8.211
8.202
8.192
8.182
8.173
8.163
8.153
8.144
8.134
8.124
8.114
8.104
8.095
8.085
8.075
8.065
8.055
8.045
8.035
8.025
8.015
8.005
7.995
7.985
7.974
7.964
7.954
7.944
7.934
7.924
7.913
7.903
7.893
7.882
7.872
7.862
7.851
7.841
7.831
7.82
7.81
7.799
7.789
7.778
7.768
7.757
7.747
7.736
7.726
7.715
7.704
7.694
7.683
7.672
7.662
7.651
7.64
7.63
7.619
7.608
7.598
7.587
7.576
7.565
7.554
7.544
7.533
7.522
7.511
7.5
7.489
7.478
7.468
7.457
7.446
7.435
7.424
7.413
7.402
7.391
7.38
7.369
7.358
7.347
7.336
7.325
7.314
7.303
7.292
7.281
7.27
7.259
7.247
7.236
7.225
7.214
7.203
7.192
7.181
7.17
7.159
7.147
7.136
7.125
7.114
7.103
7.092
7.081
7.069
7.058
7.047
7.036
7.025
7.014
7.002
6.991
6.98
6.969
6.958
6.946
6.935
6.924
6.913
6.902
6.89
6.879
6.868
6.857
6.846
6.834
6.823
6.812
6.801
6.79
6.778
6.767
6.756
6.745
6.734
6.723
6.711
6.7
6.689
6.678
6.667
6.656
6.644
6.633
6.622
6.611
6.6
6.589
6.578
6.566
6.555
6.544
6.533
6.522
6.511
6.5
6.489
6.478
6.467
6.456
6.445
6.434
6.423
6.412
6.401
6.39
6.379
6.368
6.357
6.346
6.335
6.324
6.313
6.302
6.291
6.28
6.269
6.258
6.247
6.237
6.226
6.215
6.204
6.193
6.183
6.172
6.161
6.15
6.14
6.129
6.118
6.107
6.097
6.086
6.075
6.065
6.054
6.044
6.033
6.022
6.012
6.001
5.991
5.98
5.97
5.959
5.949
5.938
5.928
5.918
5.907
5.897
5.887
5.876
5.866
5.856
5.845
5.835
5.825
5.815
5.805
5.794
5.784
5.774
5.764
5.754
5.744
5.734
5.724
5.714
5.704
5.694
5.684
5.674
5.664
5.654
5.645
5.635
5.625
5.615
5.605
5.596
5.586
5.576
5.567
5.557
5.548
5.538
5.529
5.519
5.51
5.5
5.491
5.481
5.472
5.463
5.453
5.444
5.435
5.426
5.416
5.407
5.398
5.389
5.38
5.371
5.362
5.353
5.344
5.335
5.326
5.317
5.308
5.299
5.291
5.282
5.273
5.265
5.256
5.247
5.239
5.23
5.222
5.213
5.205
5.196
5.188
5.18
5.171
5.163
5.155
5.147
5.138
5.13
5.122
5.114
5.106
5.098
5.09
5.082
5.074
5.067
5.059
5.051
5.043
5.036
5.028
5.02
5.013
5.005
4.997
4.988
4.979
4.97
4.961
4.952
4.943
4.934
4.926
4.917
4.908
4.899
4.891
4.882
4.873
4.865
4.856
4.848
4.84
4.831
4.823
4.815
4.806
4.798
4.79
4.782
4.774
4.766
4.758
4.75
4.742
4.734
4.727
4.719
4.711
4.704
4.696
4.688
4.681
4.673
4.666
4.659
4.651
4.644
4.637
4.63
4.623
4.616
4.608
4.602
4.595
4.588
4.581
4.574
4.567
4.561
4.554
4.548
4.541
4.535
4.528
4.522
4.515
4.509
4.503
4.497
4.491
4.485
4.479
4.473
4.467
4.461
4.455
4.45
4.444
4.438
4.433
4.427
4.422
4.416
4.411
4.406
4.401
4.395
4.39
4.385
4.38
4.375
4.37
4.366
4.361
4.356
4.351
4.347
4.342
4.338
4.333
4.329
4.325
4.321
4.316
4.312
4.308
4.304
4.3
4.296
4.293
4.289
4.285
4.282
4.278
4.274
4.271
4.268
4.264
4.261
4.258
4.255
4.252
4.249
4.246
4.243
4.24
4.237
4.235
4.232
4.23
4.227
4.225
4.222
4.22
4.218
4.216
4.214
4.212
4.21
4.208
4.206
4.204
4.202
4.201
4.199
4.198
4.196
4.195
4.194
4.193
4.192
4.191
4.19
4.189
4.188
4.187
4.186
4.186
4.185
4.185
4.184
4.184
4.184
4.183
4.183
4.183
4.183
4.183
4.184
4.184
4.184
4.184
4.185
4.185
4.186
4.187
4.188
4.188
4.189
4.19
4.191
4.193
4.194
4.195
4.196
4.198
4.199
4.201
4.203
4.204
4.206
4.208
4.21
4.212
4.214
4.217
4.219
4.221
4.224
4.226
4.229
4.232
4.234
4.237
4.24
4.243
4.246
4.25
4.253
4.256
4.26
4.263
4.267
4.271
4.274
4.278
4.282
4.286
4.29
4.294
4.299
4.303
4.308
4.312
4.317
4.321
4.326
4.331
4.336
4.341
4.346
4.351
4.357
4.362
4.368
4.373
4.379
4.385
4.39
4.396
4.402
4.408
4.415
4.421
4.427
4.434
4.44
4.447
4.454
4.46
4.467
4.474
4.481
4.489
4.496
4.503
4.511
4.518
4.526
4.534
4.541
4.549
4.557
4.565
4.574
4.582
4.59
4.599
4.607
4.616
4.625
4.634
4.643
4.652
4.661
4.67
4.679
4.689
4.698
4.708
4.718
4.727
4.737
4.747
4.757
4.768
4.778
4.788
4.799
4.809
4.82
4.831
4.842
4.853
4.864
4.875
4.886
4.898
4.909
4.921
4.933
4.944
4.956
4.968
4.98
4.993
5.014
5.047
5.081
5.115
5.15
5.184
5.218
5.253
5.287
5.322
5.357
5.392
5.427
5.462
5.497
5.532
5.567
5.603
5.638
5.674
5.71
5.746
5.782
5.818
5.854
5.89
5.926
5.963
5.999
6.036
6.072
6.109
6.146
6.183
6.22
6.257
6.294
6.331
6.369
6.406
6.444
6.481
6.519
6.557
6.595
6.633
6.671
6.709
6.747
6.785
6.824
6.862
6.901
6.939
6.978
7.017
7.055
7.094
7.133
7.172
7.212
7.251
7.29
7.33
7.369
7.409
7.448
7.488
7.528
7.568
7.607
7.647
7.687
7.728
7.768
7.808
7.848
7.889
7.929
7.97
8.011
8.051
8.092
8.133
8.174
8.215
8.256
8.297
8.338
8.379
8.421
8.462
8.503
8.545
8.586
8.628
8.67
8.711
8.753
8.795
8.837
8.879
8.921
8.963
9.005
9.048
9.09
9.132
9.175
9.217
9.26
9.302
9.345
9.387
9.43
9.473
9.516
9.559
9.602
9.645
9.688
9.731
9.774
9.817
9.861
9.904
9.947
9.991
10.034
10.078
10.121
10.165
10.208
10.252
10.296
10.34
10.384
10.427
10.471
10.515
10.559
10.603
10.648
10.692
10.736
10.78
10.824
10.869
10.913
10.958
11.002
11.046
11.091
11.136
11.18
11.225
11.27
11.314
11.359
11.404
11.449
11.493
11.538
11.583
11.628
11.673
11.718
11.763
11.808
11.854
11.899
11.944
11.989
12.034
12.08
12.125
12.17
12.216
12.261
12.307
12.352
12.398
12.443
12.489
12.534
12.58
12.625
12.671
12.717
12.762
12.808
12.854
12.9
12.945
12.991
13.037
13.083
13.129
13.175
13.22
13.266
13.312
13.358
13.404
13.45
13.496
13.542
13.588
13.634
13.681
13.727
13.773
13.819
13.865
13.911
13.957
14.004
14.05
14.096
14.142
14.188
14.235
14.281
14.327
14.373
14.42
14.466
14.512
14.559
14.605
14.651
14.698
14.744
14.79
14.837
14.883
14.929
14.976
15.022
15.068
15.115
15.161
15.207
15.254
15.3
15.346
15.393
15.439
15.486
15.532
15.578
15.625
15.671
15.717
15.764
15.81
15.856
15.903
15.949
15.995
16.042
16.088
16.134
16.181
16.227
16.273
16.32
16.366
16.412
16.458
16.505
16.551
16.597
16.643
16.69
16.736
16.782
16.828
16.874
16.92
16.967
17.013
17.059
17.105
17.151
17.197
17.243
17.289
17.335
17.381
17.427
17.473
17.519
17.565
17.611
17.657
17.702
17.748
17.794
17.84
17.886
17.931
17.977
18.012
18.037
18.061
18.085
18.11
18.134
18.158
18.182
18.206
18.231
18.255
18.279
18.303
18.327
18.351
18.375
18.399
18.423
18.447
18.471
18.495
18.519
18.543
18.567
18.59
18.614
18.638
18.662
18.685
18.709
18.733
18.757
18.78
18.804
18.827
18.851
18.874
18.898
18.921
18.945
18.968
18.992
19.015
19.039
19.062
19.085
19.109
19.132
19.155
19.178
19.202
19.225
19.248
19.271
19.294
19.317
19.34
19.363
19.387
19.41
19.432
19.455
19.478
19.501
19.524
19.547
19.57
19.593
19.616
19.638
19.661
19.684
19.706
19.729
19.752
19.774
19.797
19.82
19.842
19.865
19.887
19.91
19.932
19.955
19.977
20.0
20.022
20.044
20.067
20.089
20.111
20.134
20.156
20.178
20.2
20.222
20.245
20.267
20.289
20.311
20.333
20.355
20.377
20.399
20.421
20.443
20.465
20.487
20.509
20.531
20.552
20.574
20.596
20.618
20.639
20.661
20.683
20.705
20.726
20.748
20.769
20.791
20.813
20.834
20.856
20.877
20.899
20.92
20.942
20.963
20.984
21.006
21.027
21.048
21.07
21.091
21.112
21.133
21.155
21.176
21.197
21.218
21.239
21.26
21.281
21.302
21.323
21.344
21.365
21.386
21.407
21.428
21.449
21.47
21.491
21.512
21.532
21.553
21.574
21.595
21.615
21.636
21.657
21.677
21.698
21.719
21.739
21.76
21.78
21.801
21.821
21.842
21.862
21.883
21.903
21.923
21.944
21.964
21.984
22.005
22.025
22.045
22.065
22.085
22.106
22.126
22.146
22.166
22.186
22.206
22.226
22.246
22.266
22.286
22.306
22.326
22.346
22.366
22.386
22.406
22.425
22.445
22.465
22.485
22.505
22.524
22.544
22.564
22.583
22.603
22.622
22.642
22.662
22.681
22.701
22.72
22.74
22.759
22.779
22.798
22.817
22.837
22.856
22.875
22.895
22.914
22.933
22.952
22.972
22.991
23.01
23.029
23.048
23.067
23.086
23.105
23.125
23.144
23.163
23.181
23.2
23.219
23.238
23.257
23.276
23.295
23.314
23.332
23.351
23.37
23.389
23.407
23.426
23.445
23.463
23.482
23.501
23.519
23.538
23.556
23.575
23.593
23.612
23.63
23.649
23.667
23.686
23.704
23.722
23.741
23.759
23.777
23.795
23.814
23.832
23.85
23.868
23.886
23.905
23.923
23.941
23.959
23.977
23.995
24.013
24.031
24.049
24.067
24.085
24.103
24.12
24.138
24.156
24.174
24.192
24.21
24.227
24.245
24.263
24.28
24.298
24.316
24.333
24.351
24.369
24.386
24.404
24.421
24.439
24.456
24.474
24.491
24.508
24.526
24.543
24.56
24.578
24.595
24.612
24.63
24.647
24.664
24.681
24.699
24.716
24.733
24.75
24.767
24.784
24.801
24.818
24.835
24.852
24.869
24.886
24.903
24.92
24.937
24.954
24.971
24.987
25.004
25.021
25.038
25.054
25.071
25.088
25.105
25.121
25.138
25.154
25.171
25.188
25.204
25.221
25.237
25.254
25.27
25.287
25.303
25.319
25.336
25.352
25.369
25.385
25.401
25.417
25.434
25.45
25.466
25.482
25.499
25.515
25.531
25.547
25.563
25.579
25.595
25.611
25.627
25.643
25.659
25.675
25.691
25.707
25.723
25.739
25.755
25.771
25.786
25.802
25.818
25.834
25.849
25.865
25.881
25.896
25.912
25.928
25.943
25.959
25.975
25.99
26.006
26.021
26.037
26.052
26.068
26.083
26.098
26.114
26.129
26.144
26.16
26.175
26.19
26.206
26.221
26.236
26.251
26.266
26.282
26.297
26.312
26.327
26.342
26.357
26.372
26.387
26.402
26.417
26.432
26.447
26.462
26.477
26.492
26.507
26.522
26.536
26.551
26.566
26.581
26.595
26.61
26.625
26.64
26.654
26.669
26.683
26.698
26.713
26.727
26.742
26.756
26.771
26.785
26.8
26.814
26.829
26.843
26.857
26.872
26.886
26.9
26.915
26.929
26.943
26.957
26.972
26.986
27.0
27.014
27.028
27.043
27.057
27.071
27.085
27.099
27.113
27.127
27.141
27.155
27.169
27.183
27.197
27.21
27.224
27.238
27.252
27.266
27.28
27.293
27.307
27.321
27.335
27.348
27.362
27.376
27.389
27.403
27.416
27.43
27.444
27.457
27.471
27.484
27.498
27.511
27.525
27.538
27.551
27.565
27.578
27.591
27.605
27.618
27.631
27.645
27.658
27.671
27.684
27.697
27.711
27.724
27.737
27.75
27.763
27.776
27.789
27.802
27.815
27.828
27.841
27.854
27.867
27.88
27.893
27.906
27.919
27.932
27.944
27.957
27.97
27.983
27.995
28.008
28.021
28.034
28.046
28.059
28.072
28.084
28.097
28.109
28.122
28.134
28.147
28.159
28.172
28.184
28.197
28.209
28.222
28.234
28.246
28.259
28.271
28.283
28.296
28.308
28.32
28.332
28.345
28.357
28.369
28.381
28.393
28.405
28.417
28.43
28.442
28.454
28.466
28.478
28.49
28.502
28.514
28.526
28.537
28.549
28.561
28.573
28.585
28.597
28.608
28.62
28.632
28.644
28.655
28.667
28.679
28.691
28.702
28.714
28.725
28.737
28.749
28.76
28.772
28.783
28.795
28.806
28.818
28.829
28.841
28.852
28.863
28.875
28.886
28.897
28.909
28.92
28.931
28.943
28.954
28.965
28.976
28.987
28.999
29.01
29.021
29.032
29.043
29.054
29.065
29.076
29.087
29.098
29.109
29.12
29.131
29.142
29.153
29.164
29.175
29.186
29.196
29.207
29.218
29.229
29.24
29.25
29.261
29.272
29.282
29.293
29.304
29.314
29.325
29.336
29.346
29.357
29.367
29.378
29.388
29.399
29.409
29.42
29.43
29.441
29.451
29.461
29.472
29.482
29.492
29.503
29.513
29.523
29.533
29.544
29.554
29.564
29.574
29.584
29.595
29.605
29.615
29.625
29.635
29.645
29.655
29.665
29.675
29.685
29.695
29.705
29.715
29.725
29.735
29.745
29.754
29.764
29.774
29.784
29.794
29.803
29.813
29.823
29.833
29.842
29.852
29.862
29.871
29.881
29.891
29.9
29.91
29.919
29.929
29.938
29.948
29.957
29.967
29.976
29.986
29.995
30.005
30.014
30.023
30.033
30.042
30.051
30.061
30.07
30.079
30.088
30.098
30.107
30.116
30.125
30.134
30.143
30.152
30.162
30.171
30.18
30.189
30.198
30.207
30.216
30.225
30.234
30.243
30.252
30.261
30.269
30.278
30.287
30.296
30.305
30.314
30.322
30.331
30.34
30.349
30.357
30.366
30.375
30.383
30.392
30.401
30.409
30.418
30.426
30.435
30.444
30.452
30.461
30.469
30.478
30.486
30.494
30.503
30.511
30.52
30.528
30.536
30.545
30.553
30.561
30.57
30.578
30.586
30.594
30.603
30.611
30.619
30.627
30.635
30.643
30.651
30.66
30.668
30.676
30.684
30.692
30.7
30.708
30.716
30.724
30.732
30.74
30.748
30.755
30.763
30.771
30.779
30.787
30.795
30.802
30.81
30.818
30.826
30.833
30.841
30.849
30.856
30.864
30.872
30.879
30.887
30.895
30.902
30.91
30.917
30.925
30.932
30.94
30.947
30.955
30.962
30.97
30.977
30.984
30.992
30.999
31.006
31.014
31.021
31.028
31.036
31.043
31.05
31.057
31.065
31.072
31.079
31.086
31.093
31.1
31.107
31.115
31.122
31.129
31.136
31.143
31.15
31.157
31.164
31.171
31.178
31.185
31.191
31.198
31.205
31.212
31.219
31.226
31.233
31.239
31.246
31.253
31.26
31.266
31.273
31.28
31.286
31.293
31.3
31.306
31.313
31.32
31.326
31.333
31.339
31.346
31.352
31.359
31.365
31.372
31.378
31.385
31.391
31.398
31.404
31.41
31.417
31.423
31.429
31.436
31.442
31.448
31.454
31.461
31.467
31.473
31.479
31.485
31.492
31.498
31.504
31.51
31.516
31.522
31.528
31.534
31.54
31.546
31.552
31.558
31.564
31.57
31.576
31.582
31.588
31.594
31.6
31.606
31.611
31.617
31.623
31.629
31.635
31.64
31.646
31.652
31.658
31.663
31.669
31.675
31.68
31.686
31.692
31.697
31.703
31.708
31.714
31.719
31.725
31.731
31.736
31.741
31.747
31.752
31.758
31.763
31.769
31.774
31.779
31.785
31.79
31.795
31.801
31.806
31.811
31.817
31.822
31.827
31.832
31.837
31.843
31.848
31.853
31.858
31.863
31.868
31.873
31.878
31.884
31.889
31.894
31.899
31.904
31.909
31.914
31.918
31.923
31.928
31.933
31.938
31.943
31.948
31.953
31.958
31.962
31.967
31.972
31.977
31.981
31.986
31.991
31.996
32.0
32.005
32.01
32.014
32.019
32.024
32.028
32.033
32.037
32.042
32.046
32.051
32.055
32.06
32.064
32.069
32.073
32.078
32.082
32.086
32.091
32.095
32.1
32.104
32.108
32.113
32.117
32.121
32.125
32.13
32.134
32.138
32.142
32.147
32.151
32.155
32.159
32.163
32.167
32.171
32.175
32.179
32.184
32.188
32.192
32.196
32.2
32.204
32.208
32.212
32.215
32.219
32.223
32.227
32.231
32.235
32.239
32.243
32.246
32.25
32.254
32.258
32.262
32.265
32.269
32.273
32.276
32.28
32.284
32.287
32.291
32.295
32.298
32.302
32.305
32.309
32.313
32.316
32.32
32.323
32.327
32.33
32.334
32.337
32.34
32.344
32.347
32.351
32.354
32.357
32.361
32.364
32.367
32.371
32.374
32.377
32.381
32.384
32.387
32.39
32.393
32.397
32.4
32.403
32.406
32.409
32.412
32.415
32.419
32.422
32.425
32.428
32.431
32.434
32.437
32.44
32.443
32.446
32.449
32.452
32.455
32.457
32.46
32.463
32.466
32.469
32.472
32.475
32.477
32.48
32.483
32.486
32.488
32.491
32.494
32.497
32.499
32.502
32.505
32.507
32.51
32.512
32.515
32.518
32.52
32.523
32.525
32.528
32.53
32.533
32.535
32.538
32.54
32.543
32.545
32.548
32.55
32.552
32.555
32.557
32.56
32.562
32.564
32.566
32.569
32.571
32.573
32.576
32.578
32.58
32.582
32.584
32.587
32.589
32.591
32.593
32.595
32.597
32.599
32.602
32.604
32.606
32.608
32.61
32.612
32.614
32.616
32.618
32.62
32.622
32.624
32.626
32.627
32.629
32.631
32.633
32.635
32.637
32.639
32.64
32.642
32.644
32.646
32.648
32.649
32.651
32.653
32.654
32.656
32.658
32.659
32.661
32.663
32.664
32.666
32.668
32.669
32.671
32.672
32.674
32.675
32.677
32.678
32.68
32.681
32.683
32.684
32.686
32.687
32.688
32.69
32.691
32.693
32.694
32.695
32.697
32.698
32.699
32.701
32.702
32.703
32.704
32.706
32.707
32.708
32.709
32.71
32.712
32.713
32.714
32.715
32.716
32.717
32.718
32.719
32.72
32.721
32.723
32.724
32.725
32.726
32.727
32.728
32.728
32.729
32.73
32.731
32.732
32.733
32.734
32.735
32.736
32.737
32.737
32.738
32.739
32.74
32.741
32.741
32.742
32.743
32.743
32.744
32.745
32.746
32.746
32.747
32.748
32.748
32.749
32.749
32.75
32.751
32.751
32.752
32.752
32.753
32.753
32.754
32.754
32.755
32.755
32.756
32.756
32.757
32.757
32.757
32.758
32.758
32.759
32.759
32.759
32.76
32.76
32.76
32.76
32.761
32.761
32.761
32.761
32.762
32.762
32.762
32.762
32.762
32.763
32.763
32.763
32.763
32.763
32.763
32.763
32.763
32.763
32.764
32.764
32.764
32.764
32.764
32.764
32.764
32.764
32.763
32.763
32.763
32.763
32.763
32.763
32.763
32.763
32.763
32.762
32.762
32.762
32.762
32.762
32.761
32.761
32.761
32.761
32.76
32.76
32.76
32.76
32.759
32.759
32.759
32.758
32.758
32.757
32.757
32.757
32.756
32.756
32.755
32.755
32.754
32.754
32.753
32.753
32.752
32.752
32.751
32.751
32.75
32.75
32.749
32.748
32.748
32.747
32.747
32.746
32.745
32.745
32.744
32.743
32.742
32.742
32.741
32.74
32.739
32.739
32.738
32.737
32.736
32.736
32.735
32.734
32.733
32.732
32.731
32.73
32.729
32.729
32.728
32.727
32.726
32.725
32.724
32.723
32.722
32.721
32.72
32.719
32.718
32.717
32.716
32.714
32.713
32.712
32.711
32.71
32.709
32.708
32.707
32.705
32.704
32.703
32.702
32.701
32.699
32.698
32.697
32.696
32.694
32.693
32.692
32.69
32.689
32.688
32.686
32.685
32.684
32.682
32.681
32.68
32.678
32.677
32.675
32.674
32.672
32.671
32.669
32.668
32.666
32.665
32.663
32.662
32.66
32.659
32.657
32.656
32.654
32.652
32.651
32.649
32.647
32.646
32.644
32.642
32.641
32.639
32.637
32.636
32.634
32.632
32.63
32.629
32.627
32.625
32.623
32.621
32.62
32.618
32.616
32.614
32.612
32.61
32.608
32.606
32.605
32.603
32.601
32.599
32.597
32.595
32.593
32.591
32.589
32.587
32.585
32.583
32.581
32.579
32.577
32.575
32.572
32.57
32.568
32.566
32.564
32.562
32.56
32.558
32.555
32.553
32.551
32.549
32.547
32.544
32.542
32.54
32.538
32.535
32.533
32.531
32.528
32.526
32.524
32.521
32.519
32.517
32.514
32.512
32.509
32.507
32.505
32.502
32.5
32.497
32.495
32.492
32.49
32.487
32.485
32.482
32.48
32.477
32.475
32.472
32.47
32.467
32.465
32.462
32.459
32.457
32.454
32.451
32.449
32.446
32.443
32.441
32.438
32.435
32.433
32.43
32.427
32.424
32.422
32.419
32.416
32.413
32.411
32.408
32.405
32.402
32.399
32.396
32.394
32.391
32.388
32.385
32.382
32.379
32.376
32.373
32.37
32.367
32.364
32.361
32.358
32.355
32.352
32.349
32.346
32.343
32.34
32.337
32.334
32.331
32.328
32.325
32.322
32.319
32.315
32.312
32.309
32.306
32.303
32.3
32.297
32.293
32.29
32.287
32.284
32.28
32.277
32.274
32.271
32.267
32.264
32.261
32.257
32.254
32.251
32.247
32.244
32.241
32.237
32.234
32.231
32.227
32.224
32.22
32.217
32.213
32.21
32.207
32.203
32.2
32.196
32.193
32.189
32.186
32.182
32.179
32.175
32.171
32.168
32.164
32.161
32.157
32.153
32.15
32.146
32.143
32.139
32.135
32.132
32.128
32.124
32.121
32.117
32.113
32.109
32.106
32.102
32.098
32.094
32.091
32.087
32.083
32.079
32.075
32.072
32.068
32.064
32.06
32.056
32.052
32.048
32.045
32.041
32.037
32.033
32.029
32.025
32.021
32.017
32.013
32.009
32.005
32.001
31.997
31.993
31.989
31.985
31.981
31.977
31.973
31.969
31.965
31.961
31.957
31.952
31.948
31.944
31.94
31.936
31.932
31.928
31.923
31.919
31.915
31.911
31.907
31.902
31.898
31.894
31.89
31.886
31.881
31.877
31.873
31.868
31.864
31.86
31.855
31.851
31.847
31.842
31.838
31.834
31.829
31.825
31.821
31.816
31.812
31.807
31.803
31.798
31.794
31.79
31.785
31.781
31.776
31.772
31.767
31.763
31.758
31.754
31.749
31.744
31.74
31.735
31.731
31.726
31.722
31.717
31.712
31.708
31.703
31.699
31.694
31.689
31.685
31.68
31.675
31.671
31.666
31.661
31.656
31.652
31.647
31.642
31.637
31.633
31.628
31.623
31.618
31.614
31.609
31.604
31.599
31.594
31.589
31.585
31.58
31.575
31.57
31.565
31.56
31.555
31.55
31.546
31.541
31.536
31.531
31.526
31.521
31.516
31.511
31.506
31.501
31.496
31.491
31.486
31.481
31.476
31.471
31.466
31.461
31.456
31.45
31.445
31.44
31.435
31.43
31.425
31.42
31.415
31.41
31.404
31.399
31.394
31.389
31.384
31.378
31.373
31.368
31.363
31.358
31.352
31.347
31.342
31.337
31.331
31.326
31.321
31.315
31.31
31.305
31.3
31.294
31.289
31.284
31.278
31.273
31.267
31.262
31.257
31.251
31.246
31.24
31.235
31.23
31.224
31.219
31.213
31.208
31.202
31.197
31.191
31.186
31.18
31.175
31.169
31.164
31.158
31.153
31.147
31.142
31.136
31.131
31.125
31.119
31.114
31.108
31.103
31.097
31.091
31.086
31.08
31.074
31.069
31.063
31.057
31.052
31.046
31.04
31.035
31.029
31.023
31.017
31.012
31.006
31.0
30.995
30.989
30.983
30.977
30.971
30.966
30.96
30.954
30.948
30.942
30.936
30.931
30.925
30.919
30.913
30.907
30.901
30.895
30.889
30.884
30.878
30.872
30.866
30.86
30.854
30.848
30.842
30.836
30.83
30.824
30.818
30.812
30.806
30.8
30.794
30.788
30.782
30.776
30.77
30.764
30.758
30.752
30.746
30.74
30.733
30.727
30.721
30.715
30.709
30.703
30.697
30.691
30.684
30.678
30.672
30.666
30.66
30.654
30.647
30.641
30.635
30.629
30.623
30.616
30.61
30.604
30.598
30.591
30.585
30.579
30.572
30.566
30.56
30.554
30.547
30.541
30.535
30.528
30.522
30.516
30.509
30.503
30.497
30.49
30.484
30.477
30.471
30.465
30.458
30.452
30.445
30.439
30.432
30.426
30.42
30.413
30.407
30.4
30.394
30.387
30.381
30.374
30.368
30.361
30.355
30.348
30.342
30.335
30.328
30.322
30.315
30.309
30.302
30.296
30.289
30.282
30.276
30.269
30.263
30.256
30.249
30.243
30.236
30.229
30.223
30.216
30.209
30.203
30.196
30.189
30.183
30.176
30.169
30.162
30.156
30.149
30.142
30.136
30.129
30.122
30.115
30.108
30.102
30.095
30.088
30.081
30.075
30.068
30.061
30.054
30.047
30.04
30.034
30.027
30.02
30.013
30.006
29.999
29.992
29.985
29.979
29.972
29.965
29.958
29.951
29.944
29.937
29.93
29.923
29.916
29.909
29.902
29.895
29.888
29.881
29.874
29.867
29.86
29.853
29.846
29.839
29.832
29.825
29.818
29.811
29.804
29.797
29.79
29.783
29.776
29.769
29.762
29.755
29.747
29.74
29.733
29.726
29.719
29.712
29.705
29.698
29.69
29.683
29.676
29.669
29.662
29.654
29.647
29.64
29.633
29.626
29.618
29.611
29.604
29.597
29.59
29.582
29.575
29.568
29.561
29.553
29.546
29.539
29.531
29.524
29.517
29.51
29.502
29.495
29.488
29.48
29.473
29.466
29.458
29.451
29.444
29.436
29.429
29.421
29.414
29.407
29.399
29.392
29.384
29.377
29.37
29.362
29.355
29.347
29.34
29.333
29.325
29.318
29.31
29.303
29.295
29.288
29.28
29.273
29.265
29.258
29.25
29.243
29.235
29.228
29.22
29.213
29.205
29.198
29.19
29.182
29.175
29.167
29.16
29.152
29.145
29.137
29.129
29.122
29.114
29.107
29.099
29.091
29.084
29.076
29.068
29.061
29.053
29.046
29.038
29.03
29.023
29.015
29.007
29.0
28.992
28.984
28.976
28.969
28.961
28.953
28.946
28.938
28.93
28.922
28.915
28.907
28.899
28.891
28.884
28.876
28.868
28.86
28.852
28.845
28.837
28.829
28.821
28.813
28.806
28.798
28.79
28.782
28.774
28.766
28.759
28.751
28.743
28.735
28.727
28.719
28.711
28.704
28.696
28.688
28.68
28.672
28.664
28.656
28.648
28.64
28.632
28.624
28.617
28.609
28.601
28.593
28.585
28.577
28.569
28.561
28.553
28.545
28.537
28.529
28.521
28.513
28.505
28.497
28.489
28.481
28.473
28.465
28.457
28.449
28.441
28.433
28.425
28.417
28.408
28.4
28.392
28.384
28.376
28.368
28.36
28.352
28.344
28.336
28.328
28.32
28.311
28.303
28.295
28.287
28.279
28.271
28.263
28.254
28.246
28.238
28.23
28.222
28.214
28.205
28.197
28.189
28.181
28.173
28.164
28.156
28.148
28.14
28.132
28.123
28.115
28.107
28.099
28.09
28.082
28.074
28.066
28.057
28.049
28.041
28.033
28.024
28.016
28.008
28.0
27.991
27.983
27.975
27.966
27.958
27.95
27.941
27.933
27.925
27.916
27.908
27.9
27.891
27.883
27.875
27.866
27.858
27.85
27.841
27.833
27.825
27.816
27.808
27.799
27.791
27.783
27.774
27.766
27.757
27.749
27.741
27.732
27.724
27.715
27.707
27.698
27.69
27.682
27.673
27.665
27.656
27.648
27.639
27.631
27.622
27.614
27.605
27.597
27.588
27.58
27.571
27.563
27.554
27.546
27.537
27.529
27.52
27.512
27.503
27.495
27.486
27.478
27.469
27.461
27.452
27.444
27.435
27.426
27.418
27.409
27.401
27.392
27.384
27.375
27.366
27.358
27.349
27.341
27.332
27.323
27.315
27.306
27.298
27.289
27.28
27.272
27.263
27.254
27.246
27.237
27.229
27.22
27.211
27.203
27.194
27.185
27.177
27.168
27.159
27.151
27.142
27.133
27.125
27.116
27.107
27.098
27.09
27.081
27.072
27.064
27.055
27.046
27.037
27.029
27.02
27.011
27.003
26.994
26.985
26.976
26.968
26.959
26.95
26.941
26.933
26.924
26.915
26.906
26.897
26.889
26.88
26.871
26.862
26.854
26.845
26.836
26.827
26.818
26.81
26.801
26.792
26.783
26.774
26.766
26.757
26.748
26.739
26.73
26.721
26.713
26.704
26.695
26.686
26.677
26.668
26.659
26.651
26.642
26.633
26.624
26.615
26.606
26.597
26.588
26.58
26.571
26.562
26.553
26.544
26.535
26.526
26.517
26.508
26.5
26.491
26.482
26.473
26.464
26.455
26.446
26.437
26.428
26.419
26.41
26.401
26.392
26.383
26.374
26.366
26.357
26.348
26.339
26.33
26.321
26.312
26.303
26.294
26.285
26.276
26.267
26.258
26.249
26.24
26.231
26.222
26.213
26.204
26.195
26.186
26.177
26.168
26.159
26.15
26.141
26.132
26.123
26.114
26.105
26.096
26.087
26.078
26.069
26.06
26.051
26.042
26.033
26.023
26.014
26.005
25.996
25.987
25.978
25.969
25.96
25.951
25.942
25.933
25.924
25.915
25.906
25.897
25.887
25.878
25.869
25.86
25.851
25.842
25.833
25.824
25.815
25.806
25.796
25.787
25.778
25.769
25.76
25.751
25.742
25.733
25.724
25.714
25.705
25.696
25.687
25.678
25.669
25.66
25.65
25.641
25.632
25.623
25.614
25.605
25.596
25.586
25.577
25.568
25.559
25.55
25.541
25.531
25.522
25.513
25.504
25.495
25.486
25.476
25.467
25.458
25.449
25.44
25.43
25.421
25.412
25.403
25.394
25.384
25.375
25.366
25.357
25.348
25.338
25.329
25.32
25.311
25.302
25.292
25.283
25.274
25.265
25.256
25.246
25.237
25.228
25.219
25.209
25.2
25.191
25.182
25.172
25.163
25.154
25.145
25.135
25.126
25.117
25.108
25.098
25.089
25.08
25.071
25.061
25.052
25.043
25.034
25.024
25.015
25.006
24.997
24.987
24.978
24.969
24.96
24.95
24.941
24.932
24.922
24.913
24.904
24.895
24.885
24.876
24.867
24.857
24.848
24.839
24.83
24.82
24.811
24.802
24.792
24.783
24.774
24.764
24.755
24.746
24.737
24.727
24.718
24.709
24.699
24.69
24.681
24.671
24.662
24.653
24.643
24.634
24.625
24.615
24.606
24.597
24.587
24.578
24.569
24.56
24.55
24.541
24.532
24.522
24.513
24.504
24.494
24.485
24.476
24.466
24.457
24.447
24.438
24.429
24.419
24.41
24.401
24.391
24.382
24.373
24.363
24.354
24.345
24.335
24.326
24.317
24.307
24.298
24.289
24.279
24.27
24.26
24.251
24.242
24.232
24.223
24.214
24.204
24.195
24.186
24.176
24.167
24.157
24.148
24.139
24.129
24.12
24.111
24.101
24.092
24.082
24.073
24.064
24.054
24.045
24.036
24.026
24.017
24.007
23.998
23.989
23.979
23.97
23.961
23.951
23.942
23.932
23.923
23.914
23.904
23.895
23.885
23.876
23.867
23.857
23.848
23.839
23.829
23.82
23.81
23.801
23.792
23.782
23.773
23.763
23.754
23.745
23.735
23.726
23.716
23.707
23.698
23.688
23.679
23.669
23.66
23.651
23.641
23.632
23.622
23.613
23.604
23.594
23.585
23.575
23.566
23.557
23.547
23.538
23.528
23.519
23.51
23.5
23.491
23.481
23.472
23.463
23.453
23.444
23.434
23.425
23.416
23.406
23.397
23.387
23.378
23.369
23.359
23.35
23.34
23.331
23.322
23.312
23.303
23.293
23.284
23.275
23.265
23.256
23.246
23.237
23.228
23.218
23.209
23.199
23.19
23.181
23.171
23.162
23.152
23.143
23.134
23.124
23.115
23.105
23.096
23.087
23.077
23.068
23.058
23.049
23.04
23.03
23.021
23.011
23.002
22.993
22.983
22.974
22.964
22.955
22.946
22.936
22.927
22.918
22.908
22.899
22.889
22.88
22.871
22.861
22.852
22.842
22.833
22.824
22.814
22.805
22.795
22.786
22.777
22.767
22.758
22.748
22.739
22.73
22.72
22.711
22.702
22.692
22.683
22.673
22.664
22.655
22.645
22.636
22.626
22.617
22.608
22.598
22.589
22.58
22.57
22.561
22.551
22.542
22.533
22.523
22.514
22.505
22.495
22.486
22.477
22.467
22.458
22.448
22.439
22.43
22.42
22.411
22.402
22.392
22.383
22.374
22.364
22.355
22.345
22.336
22.327
22.317
22.308
22.299
22.289
22.28
22.271
22.261
22.252
22.243
22.233
22.224
22.215
22.205
22.196
22.186
22.177
22.168
22.158
22.149
22.14
22.13
22.121
22.112
22.102
22.093
22.084
22.074
22.065
22.056
22.046
22.037
22.028
22.019
22.009
22.0
21.991
21.981
21.972
21.963
21.953
21.944
21.935
21.925
21.916
21.907
21.897
21.888
21.879
21.87
21.86
21.851
21.842
21.832
21.823
21.814
21.804
21.795
21.786
21.777
21.767
21.758
21.749
21.739
21.73
21.721
21.712
21.702
21.693
21.684
21.674
21.665
21.656
21.647
21.637
21.628
21.619
21.61
21.6
21.591
21.582
21.573
21.563
21.554
21.545
21.535
21.526
21.517
21.508
21.499
21.489
21.48
21.471
21.462
21.452
21.443
21.434
21.425
21.415
21.406
21.397
21.388
21.378
21.369
21.36
21.351
21.342
21.332
21.323
21.314
21.305
21.296
21.286
21.277
21.268
21.259
21.25
21.24
21.231
21.222
21.213
21.204
21.194
21.185
21.176
21.167
21.158
21.148
21.139
21.13
21.121
21.112
21.103
21.093
21.084
21.075
21.066
21.057
21.048
21.038
21.029
21.02
21.011
21.002
20.993
20.984
20.974
20.965
20.956
20.947
20.938
20.929
20.92
20.91
20.901
20.892
20.883
20.874
20.865
20.856
20.847
20.838
20.828
20.819
20.81
20.801
20.792
20.783
20.774
20.765
20.756
20.747
20.738
20.728
20.719
20.71
20.701
20.692
20.683
20.674
20.665
20.656
20.647
20.638
20.629
20.62
20.611
20.602
20.592
20.583
20.574
20.565
20.556
20.547
20.538
20.529
20.52
20.511
20.502
20.493
20.484
20.475
20.466
20.457
20.448
20.439
20.43
20.421
20.412
20.403
20.394
20.385
20.376
20.367
20.358
20.349
20.34
20.331
20.322
20.313
20.304
20.295
20.286
20.277
20.269
20.26
20.251
20.242
20.233
20.224
20.215
20.206
20.197
20.188
20.179
20.17
20.161
20.152
20.143
20.135
20.126
20.117
20.108
20.099
20.09
20.081
20.072
20.063
20.054
20.046
20.037
20.028
20.019
20.01
20.001
19.992
19.983
19.975
19.966
19.957
19.948
19.939
19.93
19.922
19.913
19.904
19.895
19.886
19.877
19.869
19.86
19.851
19.842
19.833
19.825
19.816
19.807
19.798
19.789
19.781
19.772
19.763
19.754
19.745
19.737
19.728
19.719
19.71
19.702
19.693
19.684
19.675
19.667
19.658
19.649
19.64
19.632
19.623
19.614
19.605
19.597
19.588
19.579
19.571
19.562
19.553
19.544
19.536
19.527
19.518
19.51
19.501
19.492
19.484
19.475
19.466
19.458
19.449
19.44
19.432
19.423
19.414
19.406
19.397
19.388
19.38
19.371
19.362
19.354
19.345
19.337
19.328
19.319
19.311
19.302
19.294
19.285
19.276
19.268
19.259
19.251
19.242
19.233
19.225
19.216
19.208
19.199
19.191
19.182
19.174
19.165
19.156
19.148
19.139
19.131
19.122
19.114
19.105
19.097
19.088
19.08
19.071
19.063
19.054
19.046
19.037
19.029
19.02
19.012
19.003
18.991
18.977
18.962
18.947
18.933
18.918
18.903
18.889
18.874
18.859
18.845
18.83
18.815
18.801
18.786
18.772
18.757
18.742
18.728
18.713
18.699
18.684
18.669
18.655
18.64
18.626
18.611
18.597
18.582
18.568
18.553
18.538
18.524
18.509
18.495
18.48
18.466
18.451
18.437
18.422
18.408
18.393
18.379
18.364
18.35
18.335
18.321
18.306
18.292
18.277
18.263
18.248
18.234
18.219
18.205
18.191
18.176
18.162
18.147
18.133
18.118
18.104
18.09
18.075
18.061
18.046
18.032
18.018
18.003
17.989
17.974
17.96
17.946
17.931
17.917
17.903
17.888
17.874
17.86
17.845
17.831
17.817
17.802
17.788
17.774
17.759
17.745
17.731
17.716
17.702
17.688
17.673
17.659
17.645
17.631
17.616
17.602
17.588
17.574
17.559
17.545
17.531
17.517
17.502
17.488
17.474
17.46
17.445
17.431
17.417
17.403
17.389
17.374
17.36
17.346
17.332
17.318
17.304
17.289
17.275
17.261
17.247
17.233
17.219
17.204
17.19
17.176
17.162
17.148
17.134
17.12
17.106
17.092
17.077
17.063
17.049
17.035
17.021
17.007
16.993
16.979
16.965
16.951
16.937
16.923
16.909
16.895
16.881
16.867
16.853
16.838
16.824
16.81
16.796
16.782
16.768
16.754
16.741
16.727
16.713
16.699
16.685
16.671
16.657
16.643
16.629
16.615
16.601
16.587
16.573
16.559
16.545
16.531
16.517
16.504
16.49
16.476
16.462
16.448
16.434
16.42
16.406
16.393
16.379
16.365
16.351
16.337
16.323
16.309
16.296
16.282
16.268
16.254
16.24
16.227
16.213
16.199
16.185
16.171
16.158
16.144
16.13
16.116
16.103
16.089
16.075
16.061
16.048
16.034
16.02
16.006
15.993
15.979
15.965
15.952
15.938
15.924
15.911
15.897
15.883
15.87
15.856
15.842
15.829
15.815
15.801
15.788
15.774
15.76
15.747
15.733
15.72
15.706
15.692
15.679
15.665
15.652
15.638
15.624
15.611
15.597
15.584
15.57
15.557
15.543
15.53
15.516
15.503
15.489
15.475
15.462
15.448
15.435
15.421
15.408
15.395
15.381
15.368
15.354
15.341
15.327
15.314
15.3
15.287
15.273
15.26
15.247
15.233
15.22
15.206
15.193
15.18
15.166
15.153
15.139
15.126
15.113
15.099
15.086
15.073
15.059
15.046
15.033
15.019
15.006
14.993
14.979
14.966
14.953
14.939
14.926
14.913
14.899
14.886
14.873
14.86
14.846
14.833
14.82
14.807
14.793
14.78
14.767
14.754
14.741
14.727
14.714
14.701
14.688
14.675
14.661
14.648
14.635
14.622
14.609
14.596
14.582
14.569
14.556
14.543
14.53
14.517
14.504
14.491
14.477
14.464
14.451
14.438
14.425
14.412
14.399
14.386
14.373
14.36
14.347
14.334
14.321
14.308
14.295
14.282
14.269
14.256
14.243
14.23
14.217
14.204
14.191
14.178
14.165
14.152
14.139
14.126
14.113
14.1
14.087
14.074
14.061
14.049
14.036
14.023
14.01
13.997
13.984
13.971
13.958
13.945
13.933
13.92
13.907
13.894
13.881
13.868
13.856
13.843
13.83
13.817
13.804
13.792
13.779
13.766
13.753
13.741
13.728
13.715
13.702
13.69
13.677
13.664
13.651
13.639
13.626
13.613
13.601
13.588
13.575
13.563
13.55
13.537
13.525
13.512
13.499
13.487
13.474
13.461
13.449
13.436
13.424
13.411
13.398
13.386
13.373
13.361
13.348
13.335
13.323
13.31
13.298
13.285
13.273
13.26
13.248
13.235
13.223
13.21
13.198
13.185
13.173
13.16
13.148
13.135
13.123
13.11
13.098
13.086
13.073
13.061
13.048
13.036
13.023
13.011
12.999
12.986
12.974
12.962
12.949
12.937
12.924
12.912
12.9
12.887
12.875
12.863
12.85
12.838
12.826
12.814
12.801
12.789
12.777
12.764
12.752
12.74
12.728
12.715
12.703
12.691
12.679
12.667
12.654
12.642
12.63
12.618
12.606
12.593
12.581
12.569
12.557
12.545
12.533
12.52
12.508
12.496
12.484
12.472
12.46
12.448
12.436
12.424
12.412
12.399
12.387
12.375
12.363
12.351
12.339
12.327
12.315
12.303
12.291
12.279
12.267
12.255
12.243
12.231
12.219
12.207
12.195
12.183
12.171
12.159
12.148
12.136
12.124
12.112
12.1
12.088
12.076
12.064
12.052
12.04
12.029
12.017
12.005
11.993
11.981
11.969
11.958
11.946
11.934
11.922
11.91
11.899
11.887
11.875
11.863
11.852
11.84
11.828
11.816
11.805
11.793
11.781
11.769
11.758
11.746
11.734
11.723
11.711
11.699
11.688
11.676
11.664
11.653
11.641
11.63
11.618
11.606
11.595
11.583
11.571
11.56
11.548
11.537
11.525
11.514
11.502
11.491
11.479
11.468
11.456
11.445
11.433
11.422
11.41
11.399
11.387
11.376
11.364
11.353
11.341
11.33
11.318
11.307
11.296
11.284
11.273
11.261
11.25
11.239
11.227
11.216
11.204
11.193
11.182
11.17
11.159
11.148
11.136
11.125
11.114
11.103
11.091
11.08
11.069
11.057
11.046
11.035
11.024
11.013
11.001
10.99
10.979
10.968
10.956
10.945
10.934
10.923
10.912
10.901
10.889
10.878
10.867
10.856
10.845
10.834
10.823
10.812
10.8
10.789
10.778
10.767
10.756
10.745
10.734
10.723
10.712
10.701
10.69
10.679
10.668
10.657
10.646
10.635
10.624
10.613
10.602
10.591
10.58
10.569
10.558
10.547
10.537
10.526
10.515
10.504
10.493
10.482
10.471
10.46
10.45
10.439
10.428
10.417
10.406
10.395
10.385
10.374
10.363
10.352
10.341
10.331
10.32
10.309
10.298
10.288
10.277
10.266
10.256
10.245
10.234
10.223
10.213
10.202
10.191
10.181
10.17
10.159
10.149
10.138
10.128
10.117
10.106
10.096
10.085
10.075
10.064
10.053
10.043
10.032
10.022
10.011
10.001
9.99
9.98
9.969
9.959
9.948
9.938
9.927
9.917
9.906
9.896
9.886
9.875
9.865
9.854
9.844
9.834
9.823
9.813
9.802
9.792
9.782
9.771
9.761
9.751
9.74
9.73
9.72
9.709
9.699
9.689
9.679
9.668
9.658
9.648
9.638
9.627
9.617
9.607
9.597
9.586
9.576
9.566
9.556
9.546
9.536
9.525
9.515
9.505
9.495
9.485
9.475
9.465
9.455
9.444
9.434
9.424
9.414
9.404
9.394
9.384
9.374
9.364
9.354
9.344
9.334
9.324
9.314
9.304
9.294
9.284
9.274
9.264
9.254
9.244
9.234
9.225
9.215
9.205
9.195
9.185
9.175
9.165
9.155
9.146
9.136
9.126
9.116
9.106
9.097
9.087
9.077
9.067
9.057
9.048
9.038
9.028
9.018
9.009
8.999
8.989
8.98
8.97
8.96
8.951
8.941
8.931
8.922
8.912
8.902
8.893
8.883
8.873
8.864
8.854
8.845
8.835
8.826
8.816
8.807
8.797
8.787
8.778
8.768
8.759
8.749
8.74
8.73
8.721
8.712
8.702
8.693
8.683
8.674
8.664
8.655
8.646
8.636
8.627
8.617
8.608
8.599
8.589
8.58
8.571
8.561
8.552
8.543
8.533
8.524
8.515
8.506
8.496
8.487
8.478
8.469
8.459
8.45
8.441
8.432
8.423
8.413
8.404
8.395
8.386
8.377
8.368
8.359
8.349
8.34
8.331
8.322
8.313
8.304
8.295
8.286
8.277
8.268
8.259
8.25
8.241
8.232
8.223
8.214
8.205
8.196
8.187
8.178
8.169
8.16
8.151
8.142
8.133
8.124
8.116
8.107
8.098
8.089
8.08
8.071
8.062
8.054
8.045
8.036
8.027
8.018
8.01
8.001
7.997
7.993
7.989
7.986
7.982
7.978
7.975
7.971
7.967
7.964
7.96
7.957
7.953
7.949
7.946
7.942
7.939
7.935
7.932
7.928
7.925
7.921
7.918
7.914
7.911
7.907
7.904
7.9
7.897
7.893
7.89
7.887
7.883
7.88
7.876
7.873
7.87
7.866
7.863
7.859
7.856
7.853
7.849
7.846
7.843
7.84
7.836
7.833
7.83
7.826
7.823
7.82
7.817
7.813
7.81
7.807
7.804
7.801
7.797
7.794
7.791
7.788
7.785
7.781
7.778
7.775
7.772
7.769
7.766
7.763
7.76
7.757
7.753
7.75
7.747
7.744
7.741
7.738
7.735
7.732
7.729
7.726
7.723
7.72
7.717
7.714
7.711
7.708
7.705
7.702
7.699
7.697
7.694
7.691
7.688
7.685
7.682
7.679
7.676
7.673
7.671
7.668
7.665
7.662
7.659
7.656
7.654
7.651
7.648
7.645
7.642
7.64
7.637
7.634
7.631
7.629
7.626
7.623
7.62
7.618
7.615
7.612
7.61
7.607
7.604
7.602
7.599
7.596
7.594
7.591
7.588
7.586
7.583
7.58
7.578
7.575
7.573
7.57
7.568
7.565
7.562
7.56
7.557
7.555
7.552
7.55
7.547
7.545
7.542
7.54
7.537
7.535
7.532
7.53
7.527
7.525
7.522
7.52
7.518
7.515
7.513
7.51
7.508
7.505
7.503
7.501
7.498
7.496
7.494
7.491
7.489
7.487
7.484
7.482
7.48
7.477
7.475
7.473
7.47
7.468
7.466
7.463
7.461
7.459
7.457
7.454
7.452
7.45
7.448
7.446
7.443
7.441
7.439
7.437
7.434
7.432
7.43
7.428
7.426
7.424
7.421
7.419
7.417
7.415
7.413
7.411
7.409
7.407
7.404
7.402
7.4
7.398
7.396
7.394
7.392
7.39
7.388
7.386
7.384
7.382
7.38
7.378
7.376
7.374
7.372
7.37
7.368
7.366
7.364
7.362
7.36
7.358
7.356
7.354
7.352
7.35
7.348
7.346
7.344
7.342
7.34
7.339
7.337
7.335
7.333
7.331
7.329
7.327
7.325
7.324
7.322
7.32
7.318
7.316
7.314
7.312
7.311
7.309
7.307
7.305
7.303
7.302
7.3
7.298
7.296
7.295
7.293
7.291
7.289
7.288
7.286
7.284
7.282
7.281
7.279
7.277
7.275
7.274
7.272
7.27
7.269
7.267
7.265
7.264
7.262
7.26
7.259
7.257
7.255
7.254
7.252
7.251
7.249
7.247
7.246
7.244
7.242
7.241
7.239
7.238
7.236
7.235
7.233
7.231
7.23
7.228
7.227
7.225
7.224
7.222
7.221
7.219
7.217
7.216
7.214
7.213
7.211
7.21
7.208
7.207
7.205
7.204
7.202
7.201
7.2
7.198
7.197
7.195
7.194
7.192
7.191
7.189
7.188
7.187
7.185
7.184
7.182
7.181
7.18
7.178
7.177
7.175
7.174
7.173
7.171
7.17
7.168
7.167
7.166
7.164
7.163
7.162
7.16
7.159
7.158
7.156
7.155
7.154
7.152
7.151
7.15
7.148
7.147
7.146
7.145
7.143
7.142
7.141
7.139
7.138
7.137
7.136
7.134
7.133
7.132
7.131
7.129
7.128
7.127
7.126
7.125
7.123
7.122
7.121
7.12
7.118
7.117
7.116
7.115
7.114
7.112
7.111
7.11
7.109
7.108
7.107
7.105
7.104
7.103
7.102
7.101
7.1
7.099
7.097
7.096
7.095
7.094
7.093
7.092
7.091
7.09
7.088
7.087
7.086
7.085
7.084
7.083
7.082
7.081
7.08
7.079
7.078
7.076
7.075
7.074
7.073
7.072
7.071
7.07
7.069
7.068
7.067
7.066
7.065
7.064
7.063
7.062
7.061
7.06
7.059
7.058
7.057
7.056
7.055
7.054
7.053
7.052
7.051
7.05
7.049
7.048
7.047
7.046
7.045
7.044
7.043
7.042
7.041
7.04
7.039
7.038
7.037
7.036
7.035
7.034
7.033
7.033
7.032
7.031
7.03
7.029
7.028
7.027
7.026
7.025
7.024
7.023
7.022
7.022
7.021
7.02
7.019
7.018
7.017
7.016
7.015
7.014
7.014
7.013
7.012
7.011
7.01
7.009
7.008
7.007
7.007
7.006
7.005
7.004
7.003
7.002
7.001
7.001
7.0
6.999
6.998
6.997
6.996
6.996
6.995
6.994
6.993
6.992
6.992
6.991
6.99
6.989
6.988
6.987
6.987
6.986
6.985
6.984
6.983
6.983
6.982
6.981
6.98
6.979
6.979
6.978
6.977
6.976
6.976
6.975
6.974
6.973
6.972
6.972
6.971
6.97
6.969
6.969
6.968
6.967
6.966
6.966
6.965
6.964
6.963
6.963
6.962
6.961
6.96
6.96
6.959
6.958
6.957
6.957
6.956
6.955
6.954
6.954
6.953
6.952
6.952
6.951
6.95
6.949
6.949
6.948
6.947
6.947
6.946
6.945
6.944
6.944
6.943
6.942
6.942
6.941
6.94
6.939
6.939
6.938
6.937
6.937
6.936
6.935
6.935
6.934
6.933
6.933
6.932
6.931
6.93
6.93
6.929
6.928
6.928
6.927
6.926
6.926
6.925
6.924
6.924
6.923
6.922
6.922
6.921
6.92
6.92
6.919
6.918
6.918
6.917
6.916
6.916
6.915
6.914
6.914
6.913
6.912
6.912
6.911
6.91
6.91
6.909
6.908
6.908
6.907
6.906
6.906
6.905
6.904
6.904
6.903
6.902
6.902
6.901
6.9
6.9
6.899
6.898
6.898
6.897
6.896
6.896
6.895
6.895
6.894
6.893
6.893
6.892
6.891
6.891
6.89
6.889
6.889
6.888
6.887
6.887
6.886
6.885
6.885
6.884
6.884
6.883
6.882
6.882
6.881
6.88
6.88
6.879
6.878
6.878
6.877
6.876
6.876
6.875
6.874
6.874
6.873
6.873
6.872
6.871
6.871
6.87
6.869
6.869
6.868
6.867
6.867
6.866
6.865
6.865
6.864
6.863
6.863
6.862
6.861
6.861
6.86
6.86
6.859
6.858
6.858
6.857
6.856
6.856
6.855
6.854
6.854
6.853
6.852
6.852
6.851
6.85
6.85
6.849
6.848
6.848
6.847
6.846
6.846
6.845
6.844
6.844
6.843
6.842
6.842
6.841
6.84
6.84
6.839
6.838
6.838
6.837
6.836
6.836
6.835
6.834
6.834
6.833
6.832
6.832
6.831
6.83
6.83
6.829
6.828
6.827
6.827
6.826
6.825
6.825
6.824
6.823
6.823
6.822
6.821
6.821
6.82
6.819
6.818
6.818
6.817
6.816
6.816
6.815
6.814
6.814
6.813
6.812
6.811
6.811
6.81
6.809
6.808
6.808
6.807
6.806
6.806
6.805
6.804
6.803
6.803
6.802
6.801
6.8
6.8
6.799
6.798
6.798
6.797
6.796
6.795
6.795
6.794
6.793
6.792
6.791
6.791
6.79
6.789
6.788
6.788
6.787
6.786
6.785
6.785
6.784
6.783
6.782
6.782
6.781
6.78
6.779
6.778
6.778
6.777
6.776
6.775
6.774
6.774
6.773
6.772
6.771
6.77
6.77
6.769
6.768
6.767
6.766
6.765
6.765
6.764
6.763
6.762
6.761
6.761
6.76
6.759
6.758
6.757
6.756
6.755
6.755
6.754
6.753
6.752
6.751
6.75
6.749
6.749
6.748
6.747
6.746
6.745
6.744
6.743
6.742
6.742
6.741
6.74
6.739
6.738
6.737
6.736
6.735
6.734
6.733
6.733
6.732
6.731
6.73
6.729
6.728
6.727
6.726
6.725
6.724
6.723
6.722
6.721
6.72
6.719
6.719
6.718
6.717
6.716
6.715
6.714
6.713
6.712
6.711
6.71
6.709
6.708
6.707
6.706
6.705
6.704
6.703
6.702
6.701
6.7
6.699
6.698
6.697
6.696
6.695
6.694
6.693
6.692
6.691
6.69
6.688
6.687
6.686
6.685
6.684
6.683
6.682
6.681
6.68
6.679
6.678
6.677
6.676
6.675
6.673
6.672
6.671
6.67
6.669
6.668
6.667
6.666
6.665
6.663
6.662
6.661
6.66
6.659
6.658
6.657
6.655
6.654
6.653
6.652
6.651
6.65
6.648
6.647
6.646
6.645
6.644
6.643
6.641
6.64
6.639
6.638
6.637
6.635
6.634
6.633
6.632
6.63
6.629
6.628
6.627
6.625
6.624
6.623
6.622
6.62
6.619
6.618
6.617
6.615
6.614
6.613
6.611
6.61
6.609
6.608
6.606
6.605
6.604
6.602
6.601
6.6
6.598
6.597
6.596
6.594
6.593
6.592
6.59
6.589
6.587
6.586
6.585
6.583
6.582
6.581
6.579
6.578
6.576
6.575
6.573
6.572
6.571
6.569
6.568
6.566
6.565
6.563
6.562
6.561
6.559
6.558
6.556
6.555
6.553
6.552
6.55
6.549
6.547
6.546
6.544
6.543
6.541
6.54
6.538
6.537
6.535
6.533
6.532
6.53
6.529
6.527
6.526
6.524
6.523
6.521
6.519
6.518
6.516
6.515
6.513
6.511
6.51
6.508
6.506
6.505
6.503
6.502
6.5
6.498
6.497
6.495
6.493
6.492
6.49
6.488
6.487
6.485
6.483
6.481
6.48
6.478
6.476
6.475
6.473
6.471
6.469
6.468
6.466
6.464
6.462
6.461
6.459
6.457
6.455
6.453
6.452
6.45
6.448
6.446
6.444
6.442
6.441
6.439
6.437
6.435
6.433
6.431
6.43
6.428
6.426
6.424
6.422
6.42
6.418
6.416
6.414
6.412
6.411
6.409
6.407
6.405
6.403
6.401
6.399
6.397
6.395
6.393
6.391
6.389
6.387
6.385
6.383
6.381
6.379
6.377
6.375
6.373
6.371
6.369
6.367
6.365
6.362
6.36
6.358
6.356
6.354
6.352
6.35
6.348
6.346
6.344
6.341
6.339
6.337
6.335
6.333
6.331
6.328
6.326
6.324
6.322
6.32
6.318
6.315
6.313
6.311
6.309
6.306
6.304
6.302
6.3
6.297
6.295
6.293
6.291
6.288
6.286
6.284
6.281
6.279
6.277
6.274
6.272
6.27
6.267
6.265
6.263
6.26
6.258
6.256
6.253
6.251
6.248
6.246
6.243
6.241
6.239
6.236
6.234
6.231
6.229
6.226
6.224
6.221
6.219
6.216
6.214
6.211
6.209
6.206
6.204
6.201
6.199
6.196
6.194
6.191
6.189
6.186
6.183
6.181
6.178
6.176
6.173
6.17
6.168
6.165
6.162
6.16
6.157
6.154
6.152
6.149
6.146
6.144
6.141
6.138
6.136
6.133
6.13
6.127
6.125
6.122
6.119
6.116
6.113
6.111
6.108
6.105
6.102
6.099
6.097
6.094
6.091
6.088
6.085
6.082
6.08
6.077
6.074
6.071
6.068
6.065
6.062
6.059
6.056
6.053
6.05
6.047
6.044
6.041
6.038
6.035
6.032
6.029
6.026
6.023
6.02
6.017
6.014
6.011
6.008
6.005
6.002
5.999
5.996
5.993
5.99
5.987
5.983
5.98
5.977
5.974
5.971
5.968
5.964
5.961
5.958
5.955
5.952
5.948
5.945
5.942
5.939
5.936
5.932
5.929
5.926
5.922
5.919
5.916
5.913
5.909
5.906
5.903
5.899
5.896
5.892
5.889
5.886
5.882
5.879
5.876
5.872
5.869
5.865
5.862
5.858
5.855
5.851
5.848
5.844
5.841
5.838
5.834
5.83
5.827
5.823
5.82
5.816
5.813
5.809
5.806
5.802
5.798
5.795
5.791
5.788
5.784
5.78
5.777
5.773
5.769
5.766
5.762
5.758
5.755
5.751
5.747
5.743
5.74
5.736
5.732
5.728
5.725
5.721
5.717
5.713
5.709
5.706
5.702
5.698
5.694
5.69
5.686
5.682
5.679
5.675
5.671
5.667
5.663
5.659
5.655
5.651
5.647
5.643
5.639
5.635
5.631
5.627
5.623
5.619
5.615
5.611
5.607
5.603
5.599
5.595
5.591
5.586
5.582
5.578
5.574
5.57
5.566
5.562
5.557
5.553
5.549
5.545
5.541
5.536
5.532
5.528
5.524
5.519
5.515
5.511
5.507
5.502
5.498
5.494
5.489
5.485
5.481
5.476
5.472
5.467
5.463
5.459
5.454
5.45
5.445
5.441
5.436
5.432
5.428
5.423
5.419
5.414
5.41
5.405
5.4
5.396
5.391
5.387
5.382
5.378
5.373
5.368
5.364
5.359
5.355
5.35
5.345
5.341
5.336
5.331
5.326
5.322
5.317
5.312
5.308
5.303
5.298
5.293
5.288
5.284
5.279
5.274
5.269
5.264
5.26
5.255
5.25
5.245
5.24
5.235
5.23
5.225
5.22
5.215
5.21
5.206
5.201
5.196
5.191
5.186
5.181
5.175
5.17
5.165
5.16
5.155
5.15
5.145
5.14
5.135
5.13
5.125
5.119
5.114
5.109
5.104
5.099
5.093
5.088
5.083
5.078
5.073
5.067
5.062
5.057
5.051
5.046
5.041
5.035
5.03
5.025
5.019
5.014
5.009
5.003
4.996
4.987
4.977
4.968
4.959
4.949
4.94
4.93
4.921
4.911
4.902
4.892
4.883
4.873
4.864
4.854
4.845
4.835
4.826
4.816
4.807
4.797
4.787
4.778
4.768
4.759
4.749
4.739
4.73
4.72
4.71
4.701
4.691
4.681
4.671
4.662
4.652
4.642
4.632
4.623
4.613
4.603
4.593
4.584
4.574
4.564
4.554
4.544
4.535
4.525
4.515
4.505
4.495
4.485
4.475
4.466
4.456
4.446
4.436
4.426
4.416
4.406
4.396
4.386
4.376
4.366
4.356
4.347
4.337
4.327
4.317
4.307
4.297
4.287
4.277
4.267
4.257
4.247
4.237
4.227
4.217
4.207
4.196
4.186
4.176
4.166
4.156
4.146
4.136
4.126
4.116
4.106
4.096
4.086
4.076
4.066
4.055
4.045
4.035
4.025
4.015
4.005
3.995
3.985
3.974
3.964
3.954
3.944
3.934
3.924
3.914
3.903
3.893
3.883
3.873
3.863
3.853
3.843
3.832
3.822
3.812
3.802
3.792
3.781
3.771
3.761
3.751
3.741
3.731
3.72
3.71
3.7
3.69
3.68
3.669
3.659
3.649
3.639
3.629
3.618
3.608
3.598
3.588
3.578
3.567
3.557
3.547
3.537
3.527
3.516
3.506
3.496
3.486
3.476
3.465
3.455
3.445
3.435
3.425
3.414
3.404
3.394
3.384
3.374
3.363
3.353
3.343
3.333
3.323
3.313
3.302
3.292
3.282
3.272
3.262
3.251
3.241
3.231
3.221
3.211
3.201
3.191
3.18
3.17
3.16
3.15
3.14
3.13
3.12
3.109
3.099
3.089
3.079
3.069
3.059
3.049
3.039
3.028
3.018
3.008
2.998
2.988
2.978
2.968
2.958
2.948
2.938
2.928
2.918
2.908
2.898
2.887
2.877
2.867
2.857
2.847
2.837
2.827
2.817
2.807
2.797
2.787
2.777
2.767
2.757
2.747
2.738
2.728
2.718
2.708
2.698
2.688
2.678
2.668
2.658
2.648
2.638
2.628
2.619
2.609
2.599
2.589
2.579
2.569
2.559
2.55
2.54
2.53
2.52
2.51
2.501
2.491
2.481
2.471
2.462
2.452
2.442
2.432
2.423
2.413
2.403
2.394
2.384
2.374
2.364
2.355
2.345
2.336
2.326
2.316
2.307
2.297
2.287
2.278
2.268
2.259
2.249
2.24
2.23
2.221
2.211
2.202
2.192
2.183
2.173
2.164
2.154
2.145
2.135
2.126
2.117
2.107
2.098
2.088
2.079
2.07
2.06
2.051
2.042
2.032
2.023
2.014
2.005
1.998
1.993
1.988
1.983
1.978
1.974
1.969
1.964
1.959
1.954
1.95
1.945
1.94
1.936
1.931
1.926
1.922
1.917
1.912
1.908
1.903
1.898
1.894
1.889
1.885
1.88
1.876
1.871
1.867
1.862
1.858
1.853
1.849
1.844
1.84
1.835
1.831
1.827
1.822
1.818
1.813
1.809
1.805
1.8
1.796
1.792
1.787
1.783
1.779
1.774
1.77
1.766
1.762
1.757
1.753
1.749
1.745
1.741
1.737
1.732
1.728
1.724
1.72
1.716
1.712
1.708
1.704
1.7
1.695
1.691
1.687
1.683
1.679
1.675
1.671
1.667
1.663
1.659
1.656
1.652
1.648
1.644
1.64
1.636
1.632
1.628
1.624
1.621
1.617
1.613
1.609
1.605
1.601
1.598
1.594
1.59
1.586
1.583
1.579
1.575
1.572
1.568
1.564
1.56
1.557
1.553
1.55
1.546
1.542
1.539
1.535
1.532
1.528
1.524
1.521
1.517
1.514
1.51
1.507
1.503
1.5
1.496
1.493
1.489
1.486
1.482
1.479
1.476
1.472
1.469
1.465
1.462
1.459
1.455
1.452
1.449
1.445
1.442
1.439
1.435
1.432
1.429
1.426
1.422
1.419
1.416
1.413
1.409
1.406
1.403
1.4
1.397
1.394
1.39
1.387
1.384
1.381
1.378
1.375
1.372
1.369
1.366
1.363
1.36
1.357
1.353
1.35
1.347
1.344
1.341
1.339
1.336
1.333
1.33
1.327
1.324
1.321
1.318
1.315
1.312
1.309
1.306
1.304
1.301
1.298
1.295
1.292
1.289
1.287
1.284
1.281
1.278
1.276
1.273
1.27
1.267
1.265
1.262
1.259
1.257
1.254
1.251
1.248
1.246
1.243
1.241
1.238
1.235
1.233
1.23
1.228
1.225
1.222
1.22
1.217
1.215
1.212
1.21
1.207
1.205
1.202
1.2
1.197
1.195
1.192
1.19
1.187
1.185
1.183
1.18
1.178
1.175
1.173
1.171
1.168
1.166
1.164
1.161
1.159
1.157
1.154
1.152
1.15
1.147
1.145
1.143
1.141
1.138
1.136
1.134
1.132
1.129
1.127
1.125
1.123
1.121
1.118
1.116
1.114
1.112
1.11
1.108
1.106
1.104
1.101
1.099
1.097
1.095
1.093
1.091
1.089
1.087
1.085
1.083
1.081
1.079
1.077
1.075
1.073
1.071
1.069
1.067
1.065
1.063
1.061
1.059
1.058
1.056
1.054
1.052
1.05
1.048
1.046
1.044
1.043
1.041
1.039
1.037
1.035
1.034
1.032
1.03
1.028
1.026
1.025
1.023
1.021
1.019
1.018
1.016
1.014
1.013
1.011
1.009
1.008
1.006
1.004
1.003
1.001
0.999
0.998
0.996
0.994
0.993
0.991
0.99
0.988
0.987
0.985
0.983
0.982
0.98
0.979
0.977
0.976
0.974
0.973
0.971
0.97
0.968
0.967
0.965
0.964
0.962
0.961
0.96
0.958
0.957
0.955
0.954
0.953
0.951
0.95
0.948
0.947
0.946
0.944
0.943
0.942
0.94
0.939
0.938
0.936
0.935
0.934
0.933
0.931
0.93
0.929
0.928
0.926
0.925
0.924
0.923
0.921
0.92
0.919
0.918
0.917
0.915
0.914
0.913
0.912
0.911
0.91
0.909
0.907
0.906
0.905
0.904
0.903
0.902
0.901
0.9
0.899
0.898
0.897
0.896
0.895
0.894
0.892
0.891
0.89
0.889
0.888
0.887
0.886
0.886
0.885
0.884
0.883
0.882
0.881
0.88
0.879
0.878
0.877
0.876
0.875
0.874
0.873
0.873
0.872
0.871
0.87
0.869
0.868
0.867
0.867
0.866
0.865
0.864
0.863
0.863
0.862
0.861
0.86
0.859
0.859
0.858
0.857
0.856
0.856
0.855
0.854
0.853
0.853
0.852
0.851
0.851
0.85
0.849
0.849
0.848
0.847
0.847
0.846
0.845
0.845
0.844
0.843
0.843
0.842
0.842
0.841
0.84
0.84
0.839
0.839
0.838
0.837
0.837
0.836
0.836
0.835
0.835
0.834
0.834
0.833
0.833
0.832
0.832
0.831
0.831
0.83
0.83
0.829
0.829
0.828
0.828
0.827
0.827
0.827
0.826
0.826
0.825
0.825
0.825
0.824
0.824
0.823
0.823
0.823
0.822
0.822
0.821
0.821
0.821
0.82
0.82
0.82
0.819
0.819
0.819
0.819
0.818
0.818
0.818
0.817
0.817
0.817
0.817
0.816
0.816
0.816
0.816
0.815
0.815
0.815
0.815
0.814
0.814
0.814
0.814
0.814
0.813
0.813
0.813
0.813
0.813
0.812
0.812
0.812
0.812
0.812
0.812
0.812
0.811
0.811
0.811
0.811
0.811
0.811
0.811
0.811
0.811
0.81
0.81
0.81
0.81
0.81
0.81
0.81
0.81
0.81
0.81
0.81
0.81
0.81
0.81
0.81
0.81
0.81
0.81
0.81
0.81
0.81
0.81
0.81
0.81
0.81
0.81
0.81
0.81
0.81
0.81
0.81
0.81
0.81
0.81
0.811
0.811
0.811
0.811
0.811
0.811
0.811
0.811
0.811
0.811
0.812
0.812
0.812
0.812
0.812
0.812
0.812
0.813
0.813
0.813
0.813
0.813
0.813
0.814
0.814
0.814
0.814
0.814
0.815
0.815
0.815
0.815
0.815
0.816
0.816
0.816
0.816
0.817
0.817
0.817
0.817
0.818
0.818
0.818
0.818
0.819
0.819
0.819
0.819
0.82
0.82
0.82
0.821
0.821
0.821
0.822
0.822
0.822
0.822
0.823
0.823
0.823
0.824
0.824
0.825
0.825
0.825
0.826
0.826
0.826
0.827
0.827
0.827
0.828
0.828
0.829
0.829
0.829
0.83
0.83
0.831
0.831
0.831
0.832
0.832
0.833
0.833
0.834
0.834
0.834
0.835
0.835
0.836
0.836
0.837
0.837
0.838
0.838
0.838
0.839
0.839
0.84
0.84
0.841
0.841
0.842
0.842
0.843
0.843
0.844
0.844
0.845
0.845
0.846
0.846
0.847
0.847
0.848
0.848
0.849
0.85
0.85
0.851
0.851
0.852
0.852
0.853
0.853
0.854
0.855
0.855
0.856
0.856
0.857
0.857
0.858
0.859
0.859
0.86
0.86
0.861
0.862
0.862
0.863
0.863
0.864
0.865
0.865
0.866
0.866
0.867
0.868
0.868
0.869
0.87
0.87
0.871
0.872
0.872
0.873
0.873
0.874
0.875
0.875
0.876
0.877
0.877
0.878
0.879
0.879
0.88
0.881
0.881
0.882
0.883
0.884
0.884
0.885
0.886
0.886
0.887
0.888
0.888
0.889
0.89
0.891
0.891
0.892
0.893
0.893
0.894
0.895
0.896
0.896
0.897
0.898
0.898
0.899
0.9
0.901
0.901
0.902
0.903
0.904
0.904
0.905
0.906
0.907
0.907
0.908
0.909
0.91
0.91
0.911
0.912
0.913
0.914
0.914
0.915
0.916
0.917
0.917
0.918
0.919
0.92
0.921
0.921
0.922
0.923
0.924
0.925
0.925
0.926
0.927
0.928
0.929
0.929
0.93
0.931
0.932
0.933
0.933
0.934
0.935
0.936
0.937
0.938
0.938
0.939
0.94
0.941
0.942
0.943
0.943
0.944
0.945
0.946
0.947
0.948
0.948
0.949
0.95
0.951
0.952
0.953
0.953
0.954
0.955
0.956
0.957
0.958
0.959
0.959
0.96
0.961
0.962
0.963
0.964
0.965
0.965
0.966
0.967
0.968
0.969
0.97
0.971
0.972
0.972
0.973
0.974
0.975
0.976
0.977
0.978
0.979
0.979
0.98
0.981
0.982
0.983
0.984
0.985
0.986
0.986
0.987
0.988
0.989
0.99
0.991
0.992
0.993
0.994
0.994
0.995
0.996
0.997
0.998
0.999
1.0
1.002
1.004
1.006
1.009
1.011
1.013
1.015
1.018
1.02
1.022
1.025
1.027
1.029
1.031
1.034
1.036
1.038
1.04
1.043
1.045
1.047
1.05
1.052
1.054
1.056
1.059
1.061
1.063
1.066
1.068
1.07
1.072
1.075
1.077
1.079
1.082
1.084
1.086
1.088
1.091
1.093
1.095
1.097
1.1
1.102
1.104
1.107
1.109
1.111
1.113
1.116
1.118
1.12
1.123
1.125
1.127
1.129
1.132
1.134
1.136
1.139
1.141
1.143
1.145
1.148
1.15
1.152
1.154
1.157
1.159
1.161
1.164
1.166
1.168
1.17
1.173
1.175
1.177
1.18
1.182
1.184
1.186
1.189
1.191
1.193
1.195
1.198
1.2
1.202
1.204
1.207
1.209
1.211
1.214
1.216
1.218
1.22
1.223
1.225
1.227
1.229
1.232
1.234
1.236
1.238
1.241
1.243
1.245
1.247
1.25
1.252
1.254
1.256
1.259
1.261
1.263
1.265
1.268
1.27
1.272
1.274
1.277
1.279
1.281
1.283
1.286
1.288
1.29
1.292
1.295
1.297
1.299
1.301
1.303
1.306
1.308
1.31
1.312
1.315
1.317
1.319
1.321
1.323
1.326
1.328
1.33
1.332
1.334
1.337
1.339
1.341
1.343
1.346
1.348
1.35
1.352
1.354
1.357
1.359
1.361
1.363
1.365
1.367
1.37
1.372
1.374
1.376
1.378
1.381
1.383
1.385
1.387
1.389
1.391
1.394
1.396
1.398
1.4
1.402
1.404
1.407
1.409
1.411
1.413
1.415
1.417
1.42
1.422
1.424
1.426
1.428
1.43
1.432
1.434
1.437
1.439
1.441
1.443
1.445
1.447
1.449
1.451
1.454
1.456
1.458
1.46
1.462
1.464
1.466
1.468
1.47
1.473
1.475
1.477
1.479
1.481
1.483
1.485
1.487
1.489
1.491
1.493
1.495
1.498
1.5
1.502
1.504
1.506
1.508
1.51
1.512
1.514
1.516
1.518
1.52
1.522
1.524
1.526
1.528
1.53
1.532
1.534
1.536
1.538
1.54
1.543
1.545
1.547
1.549
1.551
1.553
1.555
1.557
1.559
1.561
1.563
1.565
1.566
1.568
1.57
1.572
1.574
1.576
1.578
1.58
1.582
1.584
1.586
1.588
1.59
1.592
1.594
1.596
1.598
1.6
1.602
1.604
1.606
1.608
1.609
1.611
1.613
1.615
1.617
1.619
1.621
1.623
1.625
1.627
1.628
1.63
1.632
1.634
1.636
1.638
1.64
1.642
1.643
1.645
1.647
1.649
1.651
1.653
1.655
1.656
1.658
1.66
1.662
1.664
1.666
1.667
1.669
1.671
1.673
1.675
1.676
1.678
1.68
1.682
1.684
1.685
1.687
1.689
1.691
1.693
1.694
1.696
1.698
1.7
1.701
1.703
1.705
1.707
1.708
1.71
1.712
1.714
1.715
1.717
1.719
1.72
1.722
1.724
1.725
1.727
1.729
1.731
1.732
1.734
1.736
1.737
1.739
1.741
1.742
1.744
1.746
1.747
1.749
1.751
1.752
1.754
1.755
1.757
1.759
1.76
1.762
1.764
1.765
1.767
1.768
1.77
1.771
1.773
1.775
1.776
1.778
1.779
1.781
1.782
1.784
1.786
1.787
1.789
1.79
1.792
1.793
1.795
1.796
1.798
1.799
1.801
1.802
1.804
1.805
1.807
1.808
1.81
1.811
1.813
1.814
1.816
1.817
1.819
1.82
1.821
1.823
1.824
1.826
1.827
1.829
1.83
1.831
1.833
1.834
1.836
1.837
1.838
1.84
1.841
1.843
1.844
1.845
1.847
1.848
1.849
1.851
1.852
1.853
1.855
1.856
1.857
1.859
1.86
1.861
1.863
1.864
1.865
1.866
1.868
1.869
1.87
1.871
1.873
1.874
1.875
1.876
1.878
1.879
1.88
1.881
1.883
1.884
1.885
1.886
1.887
1.889
1.89
1.891
1.892
1.893
1.894
1.896
1.897
1.898
1.899
1.9
1.901
1.902
1.904
1.905
1.906
1.907
1.908
1.909
1.91
1.911
1.912
1.913
1.914
1.916
1.917
1.918
1.919
1.92
1.921
1.922
1.923
1.924
1.925
1.926
1.927
1.928
1.929
1.93
1.931
1.932
1.933
1.934
1.935
1.936
1.936
1.937
1.938
1.939
1.94
1.941
1.942
1.943
1.944
1.945
1.946
1.946
1.947
1.948
1.949
1.95
1.951
1.952
1.952
1.953
1.954
1.955
1.956
1.956
1.957
1.958
1.959
1.96
1.96
1.961
1.962
1.963
1.963
1.964
1.965
1.966
1.966
1.967
1.968
1.968
1.969
1.97
1.97
1.971
1.972
1.972
1.973
1.974
1.974
1.975
1.976
1.976
1.977
1.978
1.978
1.979
1.979
1.98
1.98
1.981
1.982
1.982
1.983
1.983
1.984
1.984
1.985
1.985
1.986
1.986
1.987
1.987
1.988
1.988
1.989
1.989
1.99
1.99
1.991
1.991
1.992
1.992
1.992
1.993
1.993
1.994
1.994
1.994
1.995
1.995
1.995
1.996
1.996
1.996
1.997
1.997
1.997
1.998
1.998
1.998
1.999
1.999
1.999
1.999
2.0
2.0
