3.0
3.018
3.036
3.054
3.072
3.09
3.108
3.125
3.143
3.16
3.178
3.195
3.213
3.23
3.247
3.264
3.281
3.298
3.314
3.331
3.348
3.364
3.381
3.397
3.414
3.43
3.446
3.462
3.478
3.494
3.51
3.526
3.541
3.557
3.572
3.588
3.603
3.619
3.634
3.649
3.664
3.679
3.694
3.709
3.724
3.739
3.753
3.768
3.782
3.797
3.811
3.825
3.839
3.854
3.868
3.882
3.896
3.909
3.923
3.937
3.95
3.964
3.977
3.991
4.004
4.017
4.031
4.044
4.057
4.07
4.083
4.095
4.108
4.121
4.133
4.146
4.158
4.171
4.183
4.195
4.208
4.22
4.232
4.244
4.256
4.268
4.279
4.291
4.303
4.314
4.326
4.337
4.349
4.36
4.371
4.382
4.393
4.405
4.415
4.426
4.437
4.448
4.459
4.469
4.48
4.49
4.501
4.511
4.522
4.532
4.542
4.552
4.562
4.572
4.582
4.592
4.602
4.611
4.621
4.631
4.64
4.65
4.659
4.669
4.678
4.687
4.696
4.705
4.714
4.723
4.732
4.741
4.75
4.759
4.767
4.776
4.784
4.793
4.801
4.81
4.818
4.826
4.834
4.843
4.851
4.859
4.867
4.875
4.882
4.89
4.898
4.905
4.913
4.921
4.928
4.936
4.943
4.95
4.957
4.965
4.972
4.979
4.986
4.993
5.0
5.007
5.013
5.02
5.027
5.033
5.04
5.046
5.053
5.059
5.066
5.072
5.078
5.084
5.091
5.097
5.103
5.109
5.115
5.12
5.126
5.132
5.138
5.143
5.149
5.154
5.16
5.165
5.171
5.176
5.181
5.187
5.192
5.197
5.202
5.207
5.212
5.217
5.222
5.227
5.231
5.236
5.241
5.245
5.25
5.254
5.259
5.263
5.268
5.272
5.276
5.28
5.285
5.289
5.293
5.297
5.301
5.305
5.309
5.312
5.316
5.32
5.324
5.327
5.331
5.335
5.338
5.342
5.345
5.348
5.352
5.355
5.358
5.361
5.364
5.368
5.371
5.374
5.377
5.379
5.382
5.385
5.388
5.391
5.393
5.396
5.399
5.401
5.404
5.406
5.409
5.411
5.413
5.416
5.418
5.42
5.422
5.425
5.427
5.429
5.431
5.433
5.435
5.437
5.438
5.44
5.442
5.444
5.445
5.447
5.449
5.45
5.452
5.453
5.455
5.456
5.458
5.459
5.46
5.461
5.463
5.464
5.465
5.466
5.467
5.468
5.469
5.47
5.471
5.472
5.473
5.474
5.474
5.475
5.476
5.477
5.477
5.478
5.478
5.479
5.479
5.48
5.48
5.481
5.481
5.481
5.482
5.482
5.482
5.482
5.482
5.482
5.483
5.483
5.483
5.483
5.483
5.482
5.482
5.482
5.482
5.482
5.482
5.481
5.481
5.481
5.48
5.48
5.479
5.479
5.479
5.478
5.477
5.477
5.476
5.476
5.475
5.474
5.473
5.473
5.472
5.471
5.47
5.469
5.468
5.468
5.467
5.466
5.465
5.464
5.462
5.461
5.46
5.459
5.458
5.457
5.455
5.454
5.453
5.452
5.45
5.449
5.448
5.446
5.445
5.443
5.442
5.44
5.439
5.437
5.435
5.434
5.432
5.431
5.429
5.427
5.425
5.424
5.422
5.42
5.418
5.416
5.415
5.413
5.411
5.409
5.407
5.405
5.403
5.401
5.399
5.397
5.395
5.392
5.39
5.388
5.386
5.384
5.382
5.379
5.377
5.375
5.373
5.37
5.368
5.366
5.363
5.361
5.358
5.356
5.354
5.351
5.349
5.346
5.344
5.341
5.338
5.336
5.333
5.331
5.328
5.325
5.323
5.32
5.317
5.315
5.312
5.309
5.307
5.304
5.301
5.298
5.295
5.293
5.29
5.287
5.284
5.281
5.278
5.275
5.272
5.27
5.267
5.264
5.261
5.258
5.255
5.252
5.249
5.246
5.242
5.239
5.236
5.233
5.23
5.227
5.224
5.221
5.218
5.214
5.211
5.208
5.205
5.202
5.199
5.195
5.192
5.189
5.186
5.182
5.179
5.176
5.173
5.169
5.166
5.163
5.159
5.156
5.153
5.149
5.146
5.143
5.139
5.136
5.133
5.129
5.126
5.122
5.119
5.116
5.112
5.109
5.105
5.102
5.098
5.095
5.092
5.088
5.085
5.081
5.078
5.074
5.071
5.067
5.064
5.06
5.057
5.053
5.05
5.046
5.043
5.039
5.036
5.032
5.029
5.025
5.022
5.018
5.015
5.011
5.008
5.004
5.001
4.992
4.983
4.974
4.964
4.955
4.946
4.937
4.927
4.918
4.909
4.9
4.891
4.881
4.872
4.863
4.854
4.844
4.835
4.826
4.817
4.807
4.798
4.789
4.78
4.771
4.761
4.752
4.743
4.734
4.725
4.715
4.706
4.697
4.688
4.679
4.67
4.66
4.651
4.642
4.633
4.624
4.615
4.605
4.596
4.587
4.578
4.569
4.56
4.551
4.542
4.533
4.523
4.514
4.505
4.496
4.487
4.478
4.469
4.46
4.451
4.442
4.433
4.424
4.415
4.406
4.397
4.388
4.379
4.37
4.361
4.352
4.343
4.335
4.326
4.317
4.308
4.299
4.29
4.281
4.272
4.264
4.255
4.246
4.237
4.228
4.22
4.211
4.202
4.193
4.185
4.176
4.167
4.159
4.15
4.141
4.133
4.124
4.116
4.107
4.098
4.09
4.081
4.073
4.064
4.056
4.047
4.039
4.03
4.022
4.013
4.005
3.997
3.988
3.98
3.971
3.963
3.955
3.947
3.938
3.93
3.922
3.914
3.905
3.897
3.889
3.881
3.873
3.864
3.856
3.848
3.84
3.832
3.824
3.816
3.808
3.8
3.792
3.784
3.776
3.769
3.761
3.753
3.745
3.737
3.729
3.722
3.714
3.706
3.698
3.691
3.683
3.675
3.668
3.66
3.653
3.645
3.638
3.63
3.623
3.615
3.608
3.6
3.593
3.586
3.578
3.571
3.564
3.556
3.549
3.542
3.535
3.528
3.521
3.513
3.506
3.499
3.492
3.485
3.478
3.471
3.464
3.457
3.451
3.444
3.437
3.43
3.423
3.417
3.41
3.403
3.397
3.39
3.383
3.377
3.37
3.364
3.357
3.351
3.344
3.338
3.332
3.325
3.319
3.313
3.306
3.3
3.294
3.288
3.282
3.276
3.27
3.264
3.258
3.252
3.246
3.24
3.234
3.228
3.222
3.216
3.211
3.205
3.199
3.194
3.188
3.182
3.177
3.171
3.166
3.16
3.155
3.15
3.144
3.139
3.134
3.129
3.123
3.118
3.113
3.108
3.103
3.098
3.093
3.088
3.083
3.078
3.073
3.068
3.064
3.059
3.054
3.05
3.045
3.04
3.036
3.031
3.027
3.022
3.018
3.014
3.009
3.005
3.001
3.004
3.009
3.015
3.02
3.026
3.031
3.037
3.042
3.048
3.054
3.059
3.065
3.071
3.077
3.083
3.088
3.094
3.1
3.106
3.112
3.118
3.124
3.131
3.137
3.143
3.149
3.156
3.162
3.168
3.175
3.181
3.188
3.194
3.201
3.207
3.214
3.221
3.227
3.234
3.241
3.248
3.254
3.261
3.268
3.275
3.282
3.289
3.296
3.303
3.31
3.318
3.325
3.332
3.339
3.346
3.354
3.361
3.369
3.376
3.383
3.391
3.398
3.406
3.414
3.421
3.429
3.437
3.444
3.452
3.46
3.468
3.476
3.483
3.491
3.499
3.507
3.515
3.523
3.532
3.54
3.548
3.556
3.564
3.572
3.581
3.589
3.597
3.606
3.614
3.623
3.631
3.64
3.648
3.657
3.665
3.674
3.683
3.691
3.7
3.709
3.717
3.726
3.735
3.744
3.753
3.762
3.771
3.78
3.789
3.798
3.807
3.816
3.825
3.834
3.843
3.853
3.862
3.871
3.88
3.89
3.899
3.908
3.918
3.927
3.937
3.946
3.956
3.965
3.975
3.984
3.994
4.004
4.013
4.023
4.033
4.043
4.052
4.062
4.072
4.082
4.092
4.102
4.112
4.122
4.132
4.142
4.152
4.162
4.172
4.182
4.192
4.203
4.213
4.223
4.233
4.244
4.254
4.264
4.275
4.285
4.295
4.306
4.316
4.327
4.337
4.348
4.358
4.369
4.38
4.39
4.401
4.412
4.422
4.433
4.444
4.454
4.465
4.476
4.487
4.498
4.509
4.52
4.53
4.541
4.552
4.563
4.574
4.585
4.597
4.608
4.619
4.63
4.641
4.652
4.663
4.675
4.686
4.697
4.708
4.72
4.731
4.742
4.754
4.765
4.777
4.788
4.799
4.811
4.822
4.834
4.845
4.857
4.868
4.88
4.892
4.903
4.915
4.927
4.938
4.95
4.962
4.973
4.985
4.997
5.009
5.021
5.032
5.044
5.056
5.068
5.08
5.092
5.104
5.116
5.128
5.14
5.152
5.164
5.176
5.188
5.2
5.212
5.224
5.236
5.249
5.261
5.273
5.285
5.297
5.31
5.322
5.334
5.346
5.359
5.371
5.383
5.396
5.408
5.42
5.433
5.445
5.458
5.47
5.483
5.495
5.508
5.52
5.533
5.545
5.558
5.57
5.583
5.595
5.608
5.621
5.633
5.646
5.659
5.671
5.684
5.697
5.709
5.722
5.735
5.748
5.76
5.773
5.786
5.799
5.812
5.824
5.837
5.85
5.863
5.876
5.889
5.902
5.915
5.928
5.941
5.954
5.967
5.98
5.992
6.006
6.019
6.032
6.045
6.058
6.071
6.084
6.097
6.11
6.123
6.136
6.149
6.162
6.176
6.189
6.202
6.215
6.228
6.241
6.255
6.268
6.281
6.294
6.308
6.321
6.334
6.347
6.361
6.374
6.387
6.401
6.414
6.427
6.441
6.454
6.467
6.481
6.494
6.507
6.521
6.534
6.548
6.561
6.574
6.588
6.601
6.615
6.628
6.642
6.655
6.668
6.682
6.695
6.709
6.722
6.736
6.749
6.763
6.776
6.79
6.803
6.817
6.831
6.844
6.858
6.871
6.885
6.898
6.912
6.925
6.939
6.953
6.966
6.98
6.993
7.007
7.021
7.034
7.048
7.062
7.075
7.089
7.102
7.116
7.13
7.143
7.157
7.171
7.184
7.198
7.212
7.225
7.239
7.253
7.266
7.28
7.294
7.307
7.321
7.335
7.348
7.362
7.376
7.39
7.403
7.417
7.431
7.444
7.458
7.472
7.485
7.499
7.513
7.527
7.54
7.554
7.568
7.582
7.595
7.609
7.623
7.636
7.65
7.664
7.678
7.691
7.705
7.719
7.732
7.746
7.76
7.774
7.787
7.801
7.815
7.828
7.842
7.856
7.87
7.883
7.897
7.911
7.924
7.938
7.952
7.966
7.979
7.993
8.007
8.02
8.034
8.048
8.061
8.075
8.089
8.103
8.116
8.13
8.144
8.157
8.171
8.185
8.198
8.212
8.226
8.239
8.253
8.266
8.28
8.294
8.307
8.321
8.335
8.348
8.362
8.375
8.389
8.403
8.416
8.43
8.443
8.457
8.471
8.484
8.498
8.511
8.525
8.538
8.552
8.565
8.579
8.593
8.606
8.62
8.633
8.647
8.66
8.674
8.687
8.701
8.714
8.727
8.741
8.754
8.768
8.781
8.795
8.808
8.821
8.835
8.848
8.862
8.875
8.888
8.902
8.915
8.928
8.942
8.955
8.968
8.982
8.995
9.005
9.013
9.022
9.03
9.038
9.046
9.054
9.063
9.071
9.079
9.087
9.095
9.103
9.111
9.119
9.128
9.136
9.144
9.152
9.16
9.168
9.176
9.184
9.192
9.2
9.208
9.216
9.224
9.232
9.24
9.248
9.256
9.264
9.272
9.28
9.288
9.295
9.303
9.311
9.319
9.327
9.335
9.343
9.351
9.358
9.366
9.374
9.382
9.39
9.398
9.405
9.413
9.421
9.429
9.436
9.444
9.452
9.46
9.467
9.475
9.483
9.49
9.498
9.506
9.513
9.521
9.529
9.536
9.544
9.552
9.559
9.567
9.575
9.582
9.59
9.597
9.605
9.612
9.62
9.628
9.635
9.643
9.65
9.658
9.665
9.673
9.68
9.688
9.695
9.702
9.71
9.717
9.725
9.732
9.74
9.747
9.754
9.762
9.769
9.777
9.784
9.791
9.799
9.806
9.813
9.821
9.828
9.835
9.842
9.85
9.857
9.864
9.872
9.879
9.886
9.893
9.901
9.908
9.915
9.922
9.929
9.937
9.944
9.951
9.958
9.965
9.972
9.98
9.987
9.994
10.001
10.008
10.015
10.022
10.029
10.036
10.043
10.05
10.057
10.064
10.072
10.079
10.086
10.093
10.1
10.107
10.113
10.12
10.127
10.134
10.141
10.148
10.155
10.162
10.169
10.176
10.183
10.19
10.197
10.203
10.21
10.217
10.224
10.231
10.238
10.245
10.251
10.258
10.265
10.272
10.278
10.285
10.292
10.299
10.306
10.312
10.319
10.326
10.332
10.339
10.346
10.353
10.359
10.366
10.373
10.379
10.386
10.392
10.399
10.406
10.412
10.419
10.426
10.432
10.439
10.445
10.452
10.458
10.465
10.472
10.478
10.485
10.491
10.498
10.504
10.511
10.517
10.524
10.53
10.537
10.543
10.549
10.556
10.562
10.569
10.575
10.582
10.588
10.594
10.601
10.607
10.613
10.62
10.626
10.633
10.639
10.645
10.652
10.658
10.664
10.67
10.677
10.683
10.689
10.696
10.702
10.708
10.714
10.72
10.727
10.733
10.739
10.745
10.752
10.758
10.764
10.77
10.776
10.782
10.789
10.795
10.801
10.807
10.813
10.819
10.825
10.831
10.837
10.843
10.85
10.856
10.862
10.868
10.874
10.88
10.886
10.892
10.898
10.904
10.91
10.916
10.922
10.928
10.934
10.94
10.946
10.951
10.957
10.963
10.969
10.975
10.981
10.987
10.993
10.999
11.004
11.01
11.016
11.022
11.028
11.034
11.039
11.045
11.051
11.057
11.063
11.068
11.074
11.08
11.086
11.091
11.097
11.103
11.109
11.114
11.12
11.126
11.132
11.137
11.143
11.149
11.154
11.16
11.165
11.171
11.177
11.182
11.188
11.194
11.199
11.205
11.21
11.216
11.222
11.227
11.233
11.238
11.244
11.249
11.255
11.26
11.266
11.271
11.277
11.282
11.288
11.293
11.299
11.304
11.31
11.315
11.321
11.326
11.331
11.337
11.342
11.348
11.353
11.358
11.364
11.369
11.374
11.38
11.385
11.39
11.396
11.401
11.406
11.412
11.417
11.422
11.428
11.433
11.438
11.443
11.449
11.454
11.459
11.464
11.47
11.475
11.48
11.485
11.49
11.496
11.501
11.506
11.511
11.516
11.521
11.527
11.532
11.537
11.542
11.547
11.552
11.557
11.562
11.567
11.573
11.578
11.583
11.588
11.593
11.598
11.603
11.608
11.613
11.618
11.623
11.628
11.633
11.638
11.643
11.648
11.653
11.658
11.663
11.668
11.672
11.677
11.682
11.687
11.692
11.697
11.702
11.707
11.712
11.716
11.721
11.726
11.731
11.736
11.741
11.746
11.75
11.755
11.76
11.765
11.77
11.774
11.779
11.784
11.789
11.793
11.798
11.803
11.808
11.812
11.817
11.822
11.826
11.831
11.836
11.84
11.845
11.85
11.854
11.859
11.864
11.868
11.873
11.878
11.882
11.887
11.891
11.896
11.901
11.905
11.91
11.914
11.919
11.923
11.928
11.932
11.937
11.941
11.946
11.95
11.955
11.959
11.964
11.968
11.973
11.977
11.982
11.986
11.991
11.995
12.0
12.004
12.008
12.013
12.017
12.022
12.026
12.03
12.035
12.039
12.043
12.048
12.052
12.056
12.061
12.065
12.069
12.074
12.078
12.082
12.087
12.091
12.095
12.099
12.104
12.108
12.112
12.116
12.121
12.125
12.129
12.133
12.138
12.142
12.146
12.15
12.154
12.158
12.163
12.167
12.171
12.175
12.179
12.183
12.187
12.192
12.196
12.2
12.204
12.208
12.212
12.216
12.22
12.224
12.228
12.232
12.236
12.24
12.244
12.248
12.252
12.256
12.26
12.264
12.268
12.272
12.276
12.28
12.284
12.288
12.292
12.296
12.3
12.304
12.308
12.312
12.316
12.32
12.323
12.327
12.331
12.335
12.339
12.343
12.347
12.35
12.354
12.358
12.362
12.366
12.37
12.373
12.377
12.381
12.385
12.389
12.392
12.396
12.4
12.404
12.407
12.411
12.415
12.418
12.422
12.426
12.43
12.433
12.437
12.441
12.444
12.448
12.452
12.455
12.459
12.463
12.466
12.47
12.474
12.477
12.481
12.484
12.488
12.492
12.495
12.499
12.502
12.506
12.509
12.513
12.516
12.52
12.524
12.527
12.531
12.534
12.538
12.541
12.545
12.548
12.552
12.555
12.558
12.562
12.565
12.569
12.572
12.576
12.579
12.583
12.586
12.589
12.593
12.596
12.6
12.603
12.606
12.61
12.613
12.616
12.62
12.623
12.626
12.63
12.633
12.636
12.64
12.643
12.646
12.65
12.653
12.656
12.659
12.663
12.666
12.669
12.672
12.676
12.679
12.682
12.685
12.689
12.692
12.695
12.698
12.701
12.705
12.708
12.711
12.714
12.717
12.72
12.724
12.727
12.73
12.733
12.736
12.739
12.742
12.745
12.748
12.752
12.755
12.758
12.761
12.764
12.767
12.77
12.773
12.776
12.779
12.782
12.785
12.788
12.791
12.794
12.797
12.8
12.803
12.806
12.809
12.812
12.815
12.818
12.821
12.824
12.827
12.83
12.833
12.835
12.838
12.841
12.844
12.847
12.85
12.853
12.856
12.859
12.861
12.864
12.867
12.87
12.873
12.876
12.878
12.881
12.884
12.887
12.89
12.892
12.895
12.898
12.901
12.904
12.906
12.909
12.912
12.915
12.917
12.92
12.923
12.925
12.928
12.931
12.934
12.936
12.939
12.942
12.944
12.947
12.95
12.952
12.955
12.958
12.96
12.963
12.965
12.968
12.971
12.973
12.976
12.978
12.981
12.984
12.986
12.989
12.991
12.994
12.996
12.999
13.002
13.004
13.007
13.009
13.012
13.014
13.017
13.019
13.022
13.024
13.027
13.029
13.032
13.034
13.037
13.039
13.041
13.044
13.046
13.049
13.051
13.054
13.056
13.058
13.061
13.063
13.066
13.068
13.07
13.073
13.075
13.077
13.08
13.082
13.085
13.087
13.089
13.092
13.094
13.096
13.098
13.101
13.103
13.105
13.108
13.11
13.112
13.114
13.117
13.119
13.121
13.123
13.126
13.128
13.13
13.132
13.135
13.137
13.139
13.141
13.143
13.146
13.148
13.15
13.152
13.154
13.156
13.159
13.161
13.163
13.165
13.167
13.169
13.171
13.173
13.176
13.178
13.18
13.182
13.184
13.186
13.188
13.19
13.192
13.194
13.196
13.198
13.2
13.202
13.204
13.206
13.209
13.211
13.213
13.215
13.217
13.219
13.22
13.222
13.224
13.226
13.228
13.23
13.232
13.234
13.236
13.238
13.24
13.242
13.244
13.246
13.248
13.25
13.251
13.253
13.255
13.257
13.259
13.261
13.263
13.265
13.266
13.268
13.27
13.272
13.274
13.276
13.277
13.279
13.281
13.283
13.285
13.286
13.288
13.29
13.292
13.293
13.295
13.297
13.299
13.301
13.302
13.304
13.306
13.307
13.309
13.311
13.313
13.314
13.316
13.318
13.319
13.321
13.323
13.324
13.326
13.328
13.329
13.331
13.333
13.334
13.336
13.338
13.339
13.341
13.342
13.344
13.346
13.347
13.349
13.35
13.352
13.354
13.355
13.357
13.358
13.36
13.361
13.363
13.364
13.366
13.367
13.369
13.37
13.372
13.374
13.375
13.376
13.378
13.379
13.381
13.382
13.384
13.385
13.387
13.388
13.39
13.391
13.393
13.394
13.395
13.397
13.398
13.4
13.401
13.403
13.404
13.405
13.407
13.408
13.409
13.411
13.412
13.414
13.415
13.416
13.418
13.419
13.42
13.422
13.423
13.424
13.426
13.427
13.428
13.429
13.431
13.432
13.433
13.435
13.436
13.437
13.438
13.44
13.441
13.442
13.443
13.445
13.446
13.447
13.448
13.449
13.451
13.452
13.453
13.454
13.455
13.457
13.458
13.459
13.46
13.461
13.463
13.464
13.465
13.466
13.467
13.468
13.469
13.471
13.472
13.473
13.474
13.475
13.476
13.477
13.478
13.479
13.48
13.482
13.483
13.484
13.485
13.486
13.487
13.488
13.489
13.49
13.491
13.492
13.493
13.494
13.495
13.496
13.497
13.498
13.499
13.5
13.501
13.502
13.503
13.504
13.505
13.506
13.507
13.508
13.509
13.51
13.511
13.512
13.512
13.513
13.514
13.515
13.516
13.517
13.518
13.519
13.52
13.521
13.521
13.522
13.523
13.524
13.525
13.526
13.527
13.527
13.528
13.529
13.53
13.531
13.532
13.532
13.533
13.534
13.535
13.536
13.536
13.537
13.538
13.539
13.539
13.54
13.541
13.542
13.543
13.543
13.544
13.545
13.545
13.546
13.547
13.548
13.548
13.549
13.55
13.55
13.551
13.552
13.553
13.553
13.554
13.555
13.555
13.556
13.557
13.557
13.558
13.559
13.559
13.56
13.56
13.561
13.562
13.562
13.563
13.564
13.564
13.565
13.565
13.566
13.567
13.567
13.568
13.568
13.569
13.569
13.57
13.57
13.571
13.572
13.572
13.573
13.573
13.574
13.574
13.575
13.575
13.576
13.576
13.577
13.577
13.578
13.578
13.579
13.579
13.58
13.58
13.581
13.581
13.582
13.582
13.582
13.583
13.583
13.584
13.584
13.585
13.585
13.585
13.586
13.586
13.587
13.587
13.587
13.588
13.588
13.589
13.589
13.589
13.59
13.59
13.59
13.591
13.591
13.591
13.592
13.592
13.592
13.593
13.593
13.593
13.594
13.594
13.594
13.595
13.595
13.595
13.596
13.596
13.596
13.596
13.597
13.597
13.597
13.597
13.598
13.598
13.598
13.598
13.599
13.599
13.599
13.599
13.6
13.6
13.6
13.6
13.6
13.601
13.601
13.601
13.601
13.601
13.602
13.602
13.602
13.602
13.602
13.602
13.603
13.603
13.603
13.603
13.603
13.603
13.603
13.603
13.604
13.604
13.604
13.604
13.604
13.604
13.604
13.604
13.604
13.604
13.605
13.605
13.605
13.605
13.605
13.605
13.605
13.605
13.605
13.605
13.605
13.605
13.605
13.605
13.605
13.605
13.605
13.605
13.605
13.605
13.605
13.605
13.605
13.605
13.605
13.605
13.605
13.605
13.605
13.605
13.605
13.605
13.605
13.605
13.605
13.605
13.605
13.605
13.604
13.604
13.604
13.604
13.604
13.604
13.604
13.604
13.604
13.604
13.604
13.603
13.603
13.603
13.603
13.603
13.603
13.603
13.602
13.602
13.602
13.602
13.602
13.602
13.601
13.601
13.601
13.601
13.601
13.601
13.6
13.6
13.6
13.6
13.6
13.599
13.599
13.599
13.599
13.598
13.598
13.598
13.598
13.597
13.597
13.597
13.597
13.596
13.596
13.596
13.596
13.595
13.595
13.595
13.595
13.594
13.594
13.594
13.593
13.593
13.593
13.592
13.592
13.592
13.591
13.591
13.591
13.59
13.59
13.59
13.589
13.589
13.589
13.588
13.588
13.588
13.587
13.587
13.587
13.586
13.586
13.585
13.585
13.585
13.584
13.584
13.583
13.583
13.583
13.582
13.582
13.581
13.581
13.58
13.58
13.58
13.579
13.579
13.578
13.578
13.577
13.577
13.576
13.576
13.575
13.575
13.575
13.574
13.574
13.573
13.573
13.572
13.572
13.571
13.571
13.57
13.57
13.569
13.568
13.568
13.567
13.567
13.566
13.566
13.565
13.565
13.564
13.564
13.563
13.563
13.562
13.561
13.561
13.56
13.56
13.559
13.559
13.558
13.557
13.557
13.556
13.556
13.555
13.554
13.554
13.553
13.552
13.552
13.551
13.551
13.55
13.549
13.549
13.548
13.547
13.547
13.546
13.545
13.545
13.544
13.543
13.543
13.542
13.541
13.541
13.54
13.539
13.539
13.538
13.537
13.537
13.536
13.535
13.534
13.534
13.533
13.532
13.532
13.531
13.53
13.529
13.529
13.528
13.527
13.526
13.526
13.525
13.524
13.523
13.523
13.522
13.521
13.52
13.52
13.519
13.518
13.517
13.516
13.516
13.515
13.514
13.513
13.512
13.512
13.511
13.51
13.509
13.508
13.508
13.507
13.506
13.505
13.504
13.503
13.503
13.502
13.501
13.5
13.499
13.498
13.497
13.497
13.496
13.495
13.494
13.493
13.492
13.491
13.49
13.489
13.489
13.488
13.487
13.486
13.485
13.484
13.483
13.482
13.481
13.48
13.479
13.479
13.478
13.477
13.476
13.475
13.474
13.473
13.472
13.471
13.47
13.469
13.468
13.467
13.466
13.465
13.464
13.463
13.462
13.461
13.46
13.459
13.458
13.457
13.456
13.455
13.454
13.453
13.452
13.451
13.45
13.449
13.448
13.447
13.446
13.445
13.444
13.443
13.442
13.441
13.44
13.439
13.438
13.437
13.436
13.435
13.434
13.433
13.431
13.43
13.429
13.428
13.427
13.426
13.425
13.424
13.423
13.422
13.421
13.42
13.418
13.417
13.416
13.415
13.414
13.413
13.412
13.411
13.409
13.408
13.407
13.406
13.405
13.404
13.403
13.401
13.4
13.399
13.398
13.397
13.396
13.395
13.393
13.392
13.391
13.39
13.389
13.388
13.386
13.385
13.384
13.383
13.382
13.38
13.379
13.378
13.377
13.376
13.374
13.373
13.372
13.371
13.369
13.368
13.367
13.366
13.365
13.363
13.362
13.361
13.36
13.358
13.357
13.356
13.355
13.353
13.352
13.351
13.35
13.348
13.347
13.346
13.344
13.343
13.342
13.341
13.339
13.338
13.337
13.335
13.334
13.333
13.332
13.33
13.329
13.328
13.326
13.325
13.324
13.322
13.321
13.32
13.318
13.317
13.316
13.314
13.313
13.312
13.31
13.309
13.308
13.306
13.305
13.304
13.302
13.301
13.3
13.298
13.297
13.295
13.294
13.293
13.291
13.29
13.289
13.287
13.286
13.284
13.283
13.282
13.28
13.279
13.277
13.276
13.275
13.273
13.272
13.27
13.269
13.268
13.266
13.265
13.263
13.262
13.26
13.259
13.258
13.256
13.255
13.253
13.252
13.25
13.249
13.247
13.246
13.245
13.243
13.242
13.24
13.239
13.237
13.236
13.234
13.233
13.231
13.23
13.228
13.227
13.225
13.224
13.222
13.221
13.219
13.218
13.216
13.215
13.213
13.212
13.21
13.209
13.207
13.206
13.204
13.203
13.201
13.2
13.198
13.197
13.195
13.194
13.192
13.191
13.189
13.187
13.186
13.184
13.183
13.181
13.18
13.178
13.177
13.175
13.173
13.172
13.17
13.169
13.167
13.166
13.164
13.162
13.161
13.159
13.158
13.156
13.155
13.153
13.151
13.15
13.148
13.147
13.145
13.143
13.142
13.14
13.139
13.137
13.135
13.134
13.132
13.13
13.129
13.127
13.126
13.124
13.122
13.121
13.119
13.117
13.116
13.114
13.112
13.111
13.109
13.108
13.106
13.104
13.103
13.101
13.099
13.098
13.096
13.094
13.093
13.091
13.089
13.088
13.086
13.084
13.083
13.081
13.079
13.077
13.076
13.074
13.072
13.071
13.069
13.067
13.066
13.064
13.062
13.06
13.059
13.057
13.055
13.054
13.052
13.05
13.048
13.047
13.045
13.043
13.042
13.04
13.038
13.036
13.035
13.033
13.031
13.029
13.028
13.026
13.024
13.022
13.021
13.019
13.017
13.015
13.014
13.012
13.01
13.008
13.007
13.005
13.003
13.001
13.0
12.998
12.996
12.994
12.992
12.991
12.989
12.987
12.985
12.984
12.982
12.98
12.978
12.976
12.975
12.973
12.971
12.969
12.967
12.966
12.964
12.962
12.96
12.958
12.957
12.955
12.953
12.951
12.949
12.947
12.946
12.944
12.942
12.94
12.938
12.936
12.935
12.933
12.931
12.929
12.927
12.925
12.924
12.922
12.92
12.918
12.916
12.914
12.913
12.911
12.909
12.907
12.905
12.903
12.901
12.9
12.898
12.896
12.894
12.892
12.89
12.888
12.886
12.885
12.883
12.881
12.879
12.877
12.875
12.873
12.871
12.869
12.868
12.866
12.864
12.862
12.86
12.858
12.856
12.854
12.852
12.85
12.849
12.847
12.845
12.843
12.841
12.839
12.837
12.835
12.833
12.831
12.829
12.828
12.826
12.824
12.822
12.82
12.818
12.816
12.814
12.812
12.81
12.808
12.806
12.804
12.802
12.8
12.799
12.797
12.795
12.793
12.791
12.789
12.787
12.785
12.783
12.781
12.779
12.777
12.775
12.773
12.771
12.769
12.767
12.765
12.763
12.761
12.759
12.757
12.755
12.753
12.751
12.749
12.748
12.746
12.744
12.742
12.74
12.738
12.736
12.734
12.732
12.73
12.728
12.726
12.724
12.722
12.72
12.718
12.716
12.714
12.712
12.71
12.708
12.706
12.704
12.702
12.7
12.698
12.696
12.694
12.692
12.69
12.688
12.686
12.684
12.682
12.68
12.677
12.675
12.673
12.671
12.669
12.667
12.665
12.663
12.661
12.659
12.657
12.655
12.653
12.651
12.649
12.647
12.645
12.643
12.641
12.639
12.637
12.635
12.633
12.631
12.629
12.627
12.625
12.622
12.62
12.618
12.616
12.614
12.612
12.61
12.608
12.606
12.604
12.602
12.6
12.598
12.596
12.594
12.592
12.59
12.587
12.585
12.583
12.581
12.579
12.577
12.575
12.573
12.571
12.569
12.567
12.565
12.563
12.56
12.558
12.556
12.554
12.552
12.55
12.548
12.546
12.544
12.542
12.54
12.537
12.535
12.533
12.531
12.529
12.527
12.525
12.523
12.521
12.519
12.517
12.514
12.512
12.51
12.508
12.506
12.504
12.502
12.5
12.498
12.495
12.493
12.491
12.489
12.487
12.485
12.483
12.481
12.479
12.476
12.474
12.472
12.47
12.468
12.466
12.464
12.462
12.459
12.457
12.455
12.453
12.451
12.449
12.447
12.445
12.442
12.44
12.438
12.436
12.434
12.432
12.43
12.428
12.425
12.423
12.421
12.419
12.417
12.415
12.413
12.41
12.408
12.406
12.404
12.402
12.4
12.398
12.395
12.393
12.391
12.389
12.387
12.385
12.383
12.38
12.378
12.376
12.374
12.372
12.37
12.368
12.365
12.363
12.361
12.359
12.357
12.355
12.352
12.35
12.348
12.346
12.344
12.342
12.339
12.337
12.335
12.333
12.331
12.329
12.326
12.324
12.322
12.32
12.318
12.316
12.313
12.311
12.309
12.307
12.305
12.303
12.3
12.298
12.296
12.294
12.292
12.29
12.287
12.285
12.283
12.281
12.279
12.277
12.274
12.272
12.27
12.268
12.266
12.264
12.261
12.259
12.257
12.255
12.253
12.25
12.248
12.246
12.244
12.242
12.24
12.237
12.235
12.233
12.231
12.229
12.226
12.224
12.222
12.22
12.218
12.215
12.213
12.211
12.209
12.207
12.205
12.202
12.2
12.198
12.196
12.194
12.191
12.189
12.187
12.185
12.183
12.18
12.178
12.176
12.174
12.172
12.169
12.167
12.165
12.163
12.161
12.159
12.156
12.154
12.152
12.15
12.148
12.145
12.143
12.141
12.139
12.137
12.134
12.132
12.13
12.128
12.126
12.123
12.121
12.119
12.117
12.115
12.112
12.11
12.108
12.106
12.104
12.101
12.099
12.097
12.095
12.093
12.09
12.088
12.086
12.084
12.082
12.079
12.077
12.075
12.073
12.071
12.068
12.066
12.064
12.062
12.06
12.057
12.055
12.053
12.051
12.049
12.046
12.044
12.042
12.04
12.038
12.035
12.033
12.031
12.029
12.027
12.024
12.022
12.02
12.018
12.016
12.013
12.011
12.009
12.007
12.004
12.002
12.0
11.995
11.989
11.983
11.977
11.972
11.966
11.96
11.955
11.949
11.943
11.938
11.932
11.926
11.921
11.915
11.909
11.904
11.898
11.892
11.886
11.881
11.875
11.869
11.864
11.858
11.852
11.847
11.841
11.835
11.83
11.824
11.818
11.813
11.807
11.801
11.795
11.79
11.784
11.778
11.773
11.767
11.761
11.756
11.75
11.744
11.739
11.733
11.727
11.722
11.716
11.71
11.704
11.699
11.693
11.687
11.682
11.676
11.67
11.665
11.659
11.653
11.648
11.642
11.636
11.631
11.625
11.619
11.613
11.608
11.602
11.596
11.591
11.585
11.579
11.574
11.568
11.562
11.557
11.551
11.545
11.54
11.534
11.528
11.522
11.517
11.511
11.505
11.5
11.494
11.488
11.483
11.477
11.471
11.466
11.46
11.454
11.449
11.443
11.437
11.431
11.426
11.42
11.414
11.409
11.403
11.397
11.392
11.386
11.38
11.375
11.369
11.363
11.358
11.352
11.346
11.34
11.335
11.329
11.323
11.318
11.312
11.306
11.301
11.295
11.289
11.284
11.278
11.272
11.267
11.261
11.255
11.249
11.244
11.238
11.232
11.227
11.221
11.215
11.21
11.204
11.198
11.193
11.187
11.181
11.175
11.17
11.164
11.158
11.153
11.147
11.141
11.136
11.13
11.124
11.119
11.113
11.107
11.102
11.096
11.09
11.084
11.079
11.073
11.067
11.062
11.056
11.05
11.045
11.039
11.033
11.028
11.022
11.016
11.01
11.005
10.999
10.993
10.988
10.982
10.976
10.971
10.965
10.959
10.954
10.948
10.942
10.936
10.931
10.925
10.919
10.914
10.908
10.902
10.897
10.891
10.885
10.88
10.874
10.868
10.862
10.857
10.851
10.845
10.84
10.834
10.828
10.823
10.817
10.811
10.806
10.8
10.794
10.788
10.783
10.777
10.771
10.766
10.76
10.754
10.749
10.743
10.737
10.732
10.726
10.72
10.714
10.709
10.703
10.697
10.692
10.686
10.68
10.675
10.669
10.663
10.658
10.652
10.646
10.64
10.635
10.629
10.623
10.618
10.612
10.606
10.601
10.595
10.589
10.583
10.578
10.572
10.566
10.561
10.555
10.549
10.544
10.538
10.532
10.527
10.521
10.515
10.509
10.504
10.498
10.492
10.487
10.481
10.475
10.47
10.464
10.458
10.452
10.447
10.441
10.435
10.43
10.424
10.418
10.413
10.407
10.401
10.395
10.39
10.384
10.378
10.373
10.367
10.361
10.356
10.35
10.344
10.338
10.333
10.327
10.321
10.316
10.31
10.304
10.299
10.293
10.287
10.281
10.276
10.27
10.264
10.259
10.253
10.247
10.242
10.236
10.23
10.224
10.219
10.213
10.207
10.202
10.196
10.19
10.185
10.179
10.173
10.167
10.162
10.156
10.15
10.145
10.139
10.133
10.128
10.122
10.116
10.11
10.105
10.099
10.093
10.088
10.082
10.076
10.07
10.065
10.059
10.053
10.048
10.042
10.036
10.031
10.025
10.019
10.013
10.008
10.002
9.996
9.991
9.985
9.979
9.973
9.968
9.962
9.956
9.951
9.945
9.939
9.933
9.928
9.922
9.916
9.911
9.905
9.899
9.894
9.888
9.882
9.876
9.871
9.865
9.859
9.854
9.848
9.842
9.836
9.831
9.825
9.819
9.814
9.808
9.802
9.796
9.791
9.785
9.779
9.774
9.768
9.762
9.756
9.751
9.745
9.739
9.734
9.728
9.722
9.716
9.711
9.705
9.699
9.694
9.688
9.682
9.676
9.671
9.665
9.659
9.654
9.648
9.642
9.636
9.631
9.625
9.619
9.614
9.608
9.602
9.596
9.591
9.585
9.579
9.574
9.568
9.562
9.556
9.551
9.545
9.539
9.534
9.528
9.522
9.516
9.511
9.505
9.499
9.494
9.488
9.482
9.476
9.471
9.465
9.459
9.454
9.448
9.442
9.436
9.431
9.425
9.419
9.413
9.408
9.402
9.396
9.391
9.385
9.379
9.373
9.368
9.362
9.356
9.351
9.345
9.339
9.333
9.328
9.322
9.316
9.31
9.305
9.299
9.293
9.288
9.282
9.276
9.27
9.265
9.259
9.253
9.247
9.242
9.236
9.23
9.225
9.219
9.213
9.207
9.202
9.196
9.19
9.184
9.179
9.173
9.167
9.162
9.156
9.15
9.144
9.139
9.133
9.127
9.121
9.116
9.11
9.104
9.099
9.093
9.087
9.081
9.076
9.07
9.064
9.058
9.053
9.047
9.041
9.035
9.03
9.024
9.018
9.013
9.007
9.001
8.996
8.992
8.987
8.983
8.978
8.973
8.969
8.964
8.96
8.955
8.951
8.946
8.941
8.937
8.932
8.928
8.923
8.919
8.914
8.909
8.905
8.9
8.896
8.891
8.886
8.882
8.877
8.873
8.868
8.864
8.859
8.854
8.85
8.845
8.841
8.836
8.832
8.827
8.822
8.818
8.813
8.809
8.804
8.799
8.795
8.79
8.786
8.781
8.777
8.772
8.767
8.763
8.758
8.754
8.749
8.744
8.74
8.735
8.731
8.726
8.722
8.717
8.712
8.708
8.703
8.699
8.694
8.69
8.685
8.68
8.676
8.671
8.667
8.662
8.657
8.653
8.648
8.644
8.639
8.634
8.63
8.625
8.621
8.616
8.612
8.607
8.602
8.598
8.593
8.589
8.584
8.579
8.575
8.57
8.566
8.561
8.557
8.552
8.547
8.543
8.538
8.534
8.529
8.524
8.52
8.515
8.511
8.506
8.502
8.497
8.492
8.488
8.483
8.479
8.474
8.469
8.465
8.46
8.456
8.451
8.447
8.442
8.437
8.433
8.428
8.424
8.419
8.414
8.41
8.405
8.401
8.396
8.391
8.387
8.382
8.378
8.373
8.369
8.364
8.359
8.355
8.35
8.346
8.341
8.336
8.332
8.327
8.323
8.318
8.314
8.309
8.304
8.3
8.295
8.291
8.286
8.281
8.277
8.272
8.268
8.263
8.259
8.254
8.249
8.245
8.24
8.236
8.231
8.226
8.222
8.217
8.213
8.208
8.203
8.199
8.194
8.19
8.185
8.181
8.176
8.171
8.167
8.162
8.158
8.153
8.148
8.144
8.139
8.135
8.13
8.126
8.121
8.116
8.112
8.107
8.103
8.098
8.093
8.089
8.084
8.08
8.075
8.071
8.066
8.061
8.057
8.052
8.048
8.043
8.039
8.034
8.029
8.025
8.02
8.016
8.011
8.006
8.002
7.997
7.993
7.988
7.984
7.979
7.974
7.97
7.965
7.961
7.956
7.952
7.947
7.942
7.938
7.933
7.929
7.924
7.919
7.915
7.91
7.906
7.901
7.897
7.892
7.887
7.883
7.878
7.874
7.869
7.865
7.86
7.855
7.851
7.846
7.842
7.837
7.833
7.828
7.823
7.819
7.814
7.81
7.805
7.801
7.796
7.791
7.787
7.782
7.778
7.773
7.769
7.764
7.759
7.755
7.75
7.746
7.741
7.737
7.732
7.727
7.723
7.718
7.714
7.709
7.705
7.7
7.695
7.691
7.686
7.682
7.677
7.673
7.668
7.663
7.659
7.654
7.65
7.645
7.641
7.636
7.632
7.627
7.622
7.618
7.613
7.609
7.604
7.6
7.595
7.59
7.586
7.581
7.577
7.572
7.568
7.563
7.559
7.554
7.549
7.545
7.54
7.536
7.531
7.527
7.522
7.518
7.513
7.508
7.504
7.499
7.495
7.49
7.486
7.481
7.477
7.472
7.467
7.463
7.458
7.454
7.449
7.445
7.44
7.436
7.431
7.426
7.422
7.417
7.413
7.408
7.404
7.399
7.395
7.39
7.386
7.381
7.376
7.372
7.367
7.363
7.358
7.354
7.349
7.345
7.34
7.336
7.331
7.326
7.322
7.317
7.313
7.308
7.304
7.299
7.295
7.29
7.286
7.281
7.276
7.272
7.267
7.263
7.258
7.254
7.249
7.245
7.24
7.236
7.231
7.227
7.222
7.218
7.213
7.208
7.204
7.199
7.195
7.19
7.186
7.181
7.177
7.172
7.168
7.163
7.159
7.154
7.15
7.145
7.14
7.136
7.131
7.127
7.122
7.118
7.113
7.109
7.104
7.1
7.095
7.091
7.086
7.082
7.077
7.073
7.068
7.064
7.059
7.055
7.05
7.046
7.041
7.036
7.032
7.027
7.023
7.018
7.014
7.009
7.005
7.0
6.996
6.991
6.987
6.982
6.978
6.973
6.969
6.964
6.96
6.955
6.951
6.946
6.942
6.937
6.933
6.928
6.924
6.919
6.915
6.91
6.906
6.901
6.897
6.892
6.888
6.883
6.879
6.874
6.87
6.865
6.861
6.856
6.852
6.847
6.843
6.838
6.834
6.829
6.825
6.82
6.816
6.811
6.807
6.802
6.798
6.793
6.789
6.784
6.78
6.775
6.771
6.766
6.762
6.757
6.753
6.748
6.744
6.739
6.735
6.731
6.726
6.722
6.717
6.713
6.708
6.704
6.699
6.695
6.69
6.686
6.681
6.677
6.672
6.668
6.663
6.659
6.654
6.65
6.645
6.641
6.637
6.632
6.628
6.623
6.619
6.614
6.61
6.605
6.601
6.596
6.592
6.587
6.583
6.578
6.574
6.57
6.565
6.561
6.556
6.552
6.547
6.543
6.538
6.534
6.529
6.525
6.521
6.516
6.512
6.507
6.503
6.498
6.494
6.489
6.485
6.48
6.476
6.472
6.467
6.463
6.458
6.454
6.449
6.445
6.44
6.436
6.432
6.427
6.423
6.418
6.414
6.409
6.405
6.401
6.396
6.392
6.387
6.383
6.378
6.374
6.37
6.365
6.361
6.356
6.352
6.347
6.343
6.339
6.334
6.33
6.325
6.321
6.316
6.312
6.308
6.303
6.299
6.294
6.29
6.285
6.281
6.277
6.272
6.268
6.263
6.259
6.255
6.25
6.246
6.241
6.237
6.232
6.228
6.224
6.219
6.215
6.21
6.206
6.202
6.197
6.193
6.188
6.184
6.18
6.175
6.171
6.166
6.162
6.158
6.153
6.149
6.144
6.14
6.136
6.131
6.127
6.123
6.118
6.114
6.109
6.105
6.101
6.096
6.092
6.087
6.083
6.079
6.074
6.07
6.066
6.061
6.057
6.052
6.048
6.044
6.039
6.035
6.03
6.026
6.022
6.017
6.013
6.009
6.004
6.0
5.996
5.991
5.987
5.982
5.978
5.974
5.969
5.965
5.961
5.956
5.952
5.948
5.943
5.939
5.934
5.93
5.926
5.921
5.917
5.913
5.908
5.904
5.9
5.895
5.891
5.887
5.882
5.878
5.874
5.869
5.865
5.861
5.856
5.852
5.848
5.843
5.839
5.835
5.83
5.826
5.822
5.817
5.813
5.809
5.804
5.8
5.796
5.791
5.787
5.783
5.778
5.774
5.77
5.765
5.761
5.757
5.752
5.748
5.744
5.739
5.735
5.731
5.726
5.722
5.718
5.713
5.709
5.705
5.701
5.696
5.692
5.688
5.683
5.679
5.675
5.67
5.666
5.662
5.658
5.653
5.649
5.645
5.64
5.636
5.632
5.627
5.623
5.619
5.615
5.61
5.606
5.602
5.597
5.593
5.589
5.585
5.58
5.576
5.572
5.567
5.563
5.559
5.555
5.55
5.546
5.542
5.538
5.533
5.529
5.525
5.52
5.516
5.512
5.508
5.503
5.499
5.495
5.491
5.486
5.482
5.478
5.474
5.469
5.465
5.461
5.457
5.452
5.448
5.444
5.44
5.435
5.431
5.427
5.423
5.418
5.414
5.41
5.406
5.401
5.397
5.393
5.389
5.384
5.38
5.376
5.372
5.367
5.363
5.359
5.355
5.351
5.346
5.342
5.338
5.334
5.329
5.325
5.321
5.317
5.313
5.308
5.304
5.3
5.296
5.291
5.287
5.283
5.279
5.275
5.27
5.266
5.262
5.258
5.254
5.249
5.245
5.241
5.237
5.233
5.228
5.224
5.22
5.216
5.212
5.207
5.203
5.199
5.195
5.191
5.187
5.182
5.178
5.174
5.17
5.166
5.161
5.157
5.153
5.149
5.145
5.141
5.136
5.132
5.128
5.124
5.12
5.116
5.111
5.107
5.103
5.099
5.095
5.091
5.086
5.082
5.078
5.074
5.07
5.066
5.061
5.057
5.053
5.049
5.045
5.041
5.037
5.032
5.028
5.024
5.02
5.016
5.012
5.008
5.003
4.999
4.995
4.991
4.987
4.983
4.979
4.975
4.97
4.966
4.962
4.958
4.954
4.95
4.946
4.942
4.937
4.933
4.929
4.925
4.921
4.917
4.913
4.909
4.905
4.9
4.896
4.892
4.888
4.884
4.88
4.876
4.872
4.868
4.864
4.859
4.855
4.851
4.847
4.843
4.839
4.835
4.831
4.827
4.823
4.819
4.815
4.81
4.806
4.802
4.798
4.794
4.79
4.786
4.782
4.778
4.774
4.77
4.766
4.762
4.758
4.753
4.749
4.745
4.741
4.737
4.733
4.729
4.725
4.721
4.717
4.713
4.709
4.705
4.701
4.697
4.693
4.689
4.685
4.681
4.677
4.673
4.668
4.664
4.66
4.656
4.652
4.648
4.644
4.64
4.636
4.632
4.628
4.624
4.62
4.616
4.612
4.608
4.604
4.6
4.596
4.592
4.588
4.584
4.58
4.576
4.572
4.568
4.564
4.56
4.556
4.552
4.548
4.544
4.54
4.536
4.532
4.528
4.524
4.52
4.516
4.512
4.508
4.504
4.5
4.496
4.492
4.488
4.484
4.48
4.476
4.472
4.468
4.465
4.461
4.457
4.453
4.449
4.445
4.441
4.437
4.433
4.429
4.425
4.421
4.417
4.413
4.409
4.405
4.401
4.397
4.393
4.389
4.385
4.382
4.378
4.374
4.37
4.366
4.362
4.358
4.354
4.35
4.346
4.342
4.338
4.334
4.33
4.327
4.323
4.319
4.315
4.311
4.307
4.303
4.299
4.295
4.291
4.287
4.284
4.28
4.276
4.272
4.268
4.264
4.26
4.256
4.252
4.249
4.245
4.241
4.237
4.233
4.229
4.225
4.221
4.217
4.214
4.21
4.206
4.202
4.198
4.194
4.19
4.187
4.183
4.179
4.175
4.171
4.167
4.163
4.16
4.156
4.152
4.148
4.144
4.14
4.136
4.133
4.129
4.125
4.121
4.117
4.113
4.11
4.106
4.102
4.098
4.094
4.09
4.087
4.083
4.079
4.075
4.071
4.067
4.064
4.06
4.056
4.052
4.048
4.045
4.041
4.037
4.033
4.029
4.026
4.022
4.018
4.014
4.01
4.007
4.003
3.999
3.995
3.991
3.988
3.984
3.98
3.976
3.973
3.969
3.965
3.961
3.957
3.954
3.95
3.946
3.942
3.939
3.935
3.931
3.927
3.924
3.92
3.916
3.912
3.909
3.905
3.901
3.897
3.894
3.89
3.886
3.882
3.879
3.875
3.871
3.867
3.864
3.86
3.856
3.852
3.849
3.845
3.841
3.838
3.834
3.83
3.826
3.823
3.819
3.815
3.812
3.808
3.804
3.8
3.797
3.793
3.789
3.786
3.782
3.778
3.775
3.771
3.767
3.763
3.76
3.756
3.752
3.749
3.745
3.741
3.738
3.734
3.73
3.727
3.723
3.719
3.716
3.712
3.708
3.705
3.701
3.697
3.694
3.69
3.686
3.683
3.679
3.675
3.672
3.668
3.664
3.661
3.657
3.654
3.65
3.646
3.643
3.639
3.635
3.632
3.628
3.624
3.621
3.617
3.614
3.61
3.606
3.603
3.599
3.596
3.592
3.588
3.585
3.581
3.578
3.574
3.57
3.567
3.563
3.56
3.556
3.552
3.549
3.545
3.542
3.538
3.534
3.531
3.527
3.524
3.52
3.517
3.513
3.509
3.506
3.502
3.499
3.495
3.492
3.488
3.484
3.481
3.477
3.474
3.47
3.467
3.463
3.46
3.456
3.453
3.449
3.445
3.442
3.438
3.435
3.431
3.428
3.424
3.421
3.417
3.414
3.41
3.407
3.403
3.4
3.396
3.393
3.389
3.386
3.382
3.379
3.375
3.372
3.368
3.365
3.361
3.358
3.354
3.351
3.347
3.344
3.34
3.337
3.333
3.33
3.326
3.323
3.319
3.316
3.312
3.309
3.305
3.302
3.299
3.295
3.292
3.288
3.285
3.281
3.278
3.274
3.271
3.267
3.264
3.261
3.257
3.254
3.25
3.247
3.243
3.24
3.237
3.233
3.23
3.226
3.223
3.219
3.216
3.213
3.209
3.206
3.202
3.199
3.196
3.192
3.189
3.185
3.182
3.179
3.175
3.172
3.168
3.165
3.162
3.158
3.155
3.151
3.148
3.145
3.141
3.138
3.135
3.131
3.128
3.125
3.121
3.118
3.114
3.111
3.108
3.104
3.101
3.098
3.094
3.091
3.088
3.084
3.081
3.078
3.074
3.071
3.068
3.064
3.061
3.058
3.054
3.051
3.048
3.044
3.041
3.038
3.034
3.031
3.028
3.024
3.021
3.018
3.015
3.011
3.008
3.005
3.001
2.998
2.995
2.992
2.988
2.985
2.982
2.978
2.975
2.972
2.969
2.965
2.962
2.959
2.956
2.952
2.949
2.946
2.942
2.939
2.936
2.933
2.929
2.926
2.923
2.92
2.917
2.913
2.91
2.907
2.904
2.9
2.897
2.894
2.891
2.887
2.884
2.881
2.878
2.875
2.871
2.868
2.865
2.862
2.859
2.855
2.852
2.849
2.846
2.843
2.839
2.836
2.833
2.83
2.827
2.823
2.82
2.817
2.814
2.811
2.808
2.804
2.801
2.798
2.795
2.792
2.789
2.785
2.782
2.779
2.776
2.773
2.77
2.767
2.763
2.76
2.757
2.754
2.751
2.748
2.745
2.742
2.738
2.735
2.732
2.729
2.726
2.723
2.72
2.717
2.713
2.71
2.707
2.704
2.701
2.698
2.695
2.692
2.689
2.686
2.683
2.679
2.676
2.673
2.67
2.667
2.664
2.661
2.658
2.655
2.652
2.649
2.646
2.643
2.64
2.636
2.633
2.63
2.627
2.624
2.621
2.618
2.615
2.612
2.609
2.606
2.603
2.6
2.597
2.594
2.591
2.588
2.585
2.582
2.579
2.576
2.573
2.57
2.567
2.564
2.561
2.558
2.555
2.552
2.549
2.546
2.543
2.54
2.537
2.534
2.531
2.528
2.525
2.522
2.519
2.516
2.513
2.51
2.507
2.504
2.501
2.498
2.495
2.493
2.49
2.487
2.484
2.481
2.478
2.475
2.472
2.469
2.466
2.463
2.46
2.457
2.454
2.451
2.449
2.446
2.443
2.44
2.437
2.434
2.431
2.428
2.425
2.422
2.42
2.417
2.414
2.411
2.408
2.405
2.402
2.399
2.396
2.394
2.391
2.388
2.385
2.382
2.379
2.376
2.374
2.371
2.368
2.365
2.362
2.359
2.357
2.354
2.351
2.348
2.345
2.342
2.34
2.337
2.334
2.331
2.328
2.325
2.323
2.32
2.317
2.314
2.311
2.309
2.306
2.303
2.3
2.297
2.295
2.292
2.289
2.286
2.283
2.281
2.278
2.275
2.272
2.27
2.267
2.264
2.261
2.259
2.256
2.253
2.25
2.248
2.245
2.242
2.239
2.237
2.234
2.231
2.228
2.226
2.223
2.22
2.217
2.215
2.212
2.209
2.207
2.204
2.201
2.198
2.196
2.193
2.19
2.188
2.185
2.182
2.18
2.177
2.174
2.172
2.169
2.166
2.163
2.161
2.158
2.155
2.153
2.15
2.147
2.145
2.142
2.14
2.137
2.134
2.132
2.129
2.126
2.124
2.121
2.118
2.116
2.113
2.11
2.108
2.105
2.103
2.1
2.097
2.095
2.092
2.09
2.087
2.084
2.082
2.079
2.077
2.074
2.071
2.069
2.066
2.064
2.061
2.058
2.056
2.053
2.051
2.048
2.046
2.043
2.04
2.038
2.035
2.033
2.03
2.028
2.025
2.023
2.02
2.018
2.015
2.012
2.01
2.007
2.005
2.002
2.0
1.997
1.995
1.992
1.99
1.987
1.985
1.982
1.98
1.977
1.975
1.972
1.97
1.967
1.965
1.962
1.96
1.957
1.955
1.952
1.95
1.948
1.945
1.943
1.94
1.938
1.935
1.933
1.93
1.928
1.925
1.923
1.921
1.918
1.916
1.913
1.911
1.908
1.906
1.904
1.901
1.899
1.896
1.894
1.891
1.889
1.887
1.884
1.882
1.879
1.877
1.875
1.872
1.87
1.868
1.865
1.863
1.86
1.858
1.856
1.853
1.851
1.849
1.846
1.844
1.841
1.839
1.837
1.834
1.832
1.83
1.827
1.825
1.823
1.82
1.818
1.816
1.813
1.811
1.809
1.806
1.804
1.802
1.8
1.797
1.795
1.793
1.79
1.788
1.786
1.783
1.781
1.779
1.777
1.774
1.772
1.77
1.768
1.765
1.763
1.761
1.758
1.756
1.754
1.752
1.749
1.747
1.745
1.743
1.741
1.738
1.736
1.734
1.732
1.729
1.727
1.725
1.723
1.72
1.718
1.716
1.714
1.712
1.709
1.707
1.705
1.703
1.701
1.699
1.696
1.694
1.692
1.69
1.688
1.685
1.683
1.681
1.679
1.677
1.675
1.672
1.67
1.668
1.666
1.664
1.662
1.66
1.657
1.655
1.653
1.651
1.649
1.647
1.645
1.643
1.64
1.638
1.636
1.634
1.632
1.63
1.628
1.626
1.624
1.622
1.62
1.617
1.615
1.613
1.611
1.609
1.607
1.605
1.603
1.601
1.599
1.597
1.595
1.593
1.591
1.589
1.587
1.584
1.582
1.58
1.578
1.576
1.574
1.572
1.57
1.568
1.566
1.564
1.562
1.56
1.558
1.556
1.554
1.552
1.55
1.548
1.546
1.544
1.542
1.54
1.538
1.536
1.534
1.532
1.531
1.529
1.527
1.525
1.523
1.521
1.519
1.517
1.515
1.513
1.511
1.509
1.507
1.505
1.503
1.501
1.5
1.498
1.496
1.494
1.492
1.49
1.488
1.486
1.484
1.482
1.481
1.479
1.477
1.475
1.473
1.471
1.469
1.467
1.465
1.464
1.462
1.46
1.458
1.456
1.454
1.453
1.451
1.449
1.447
1.445
1.443
1.442
1.44
1.438
1.436
1.434
1.432
1.431
1.429
1.427
1.425
1.423
1.422
1.42
1.418
1.416
1.414
1.413
1.411
1.409
1.407
1.406
1.404
1.402
1.4
1.399
1.397
1.395
1.393
1.392
1.39
1.388
1.386
1.385
1.383
1.381
1.379
1.378
1.376
1.374
1.373
1.371
1.369
1.367
1.366
1.364
1.362
1.361
1.359
1.357
1.356
1.354
1.352
1.351
1.349
1.347
1.346
1.344
1.342
1.341
1.339
1.337
1.336
1.334
1.332
1.331
1.329
1.327
1.326
1.324
1.323
1.321
1.319
1.318
1.316
1.314
1.313
1.311
1.31
1.308
1.306
1.305
1.303
1.302
1.3
1.299
1.297
1.295
1.294
1.292
1.291
1.289
1.288
1.286
1.284
1.283
1.281
1.28
1.278
1.277
1.275
1.274
1.272
1.271
1.269
1.268
1.266
1.265
1.263
1.262
1.26
1.259
1.257
1.256
1.254
1.253
1.251
1.25
1.248
1.247
1.245
1.244
1.242
1.241
1.239
1.238
1.236
1.235
1.234
1.232
1.231
1.229
1.228
1.226
1.225
1.223
1.222
1.221
1.219
1.218
1.216
1.215
1.214
1.212
1.211
1.209
1.208
1.207
1.205
1.204
1.202
1.201
1.2
1.198
1.197
1.196
1.194
1.193
1.192
1.19
1.189
1.188
1.186
1.185
1.184
1.182
1.181
1.18
1.178
1.177
1.176
1.174
1.173
1.172
1.17
1.169
1.168
1.166
1.165
1.164
1.163
1.161
1.16
1.159
1.157
1.156
1.155
1.154
1.152
1.151
1.15
1.149
1.147
1.146
1.145
1.144
1.142
1.141
1.14
1.139
1.138
1.136
1.135
1.134
1.133
1.132
1.13
1.129
1.128
1.127
1.126
1.124
1.123
1.122
1.121
1.12
1.119
1.117
1.116
1.115
1.114
1.113
1.112
1.11
1.109
1.108
1.107
1.106
1.105
1.104
1.102
1.101
1.1
1.099
1.098
1.097
1.096
1.095
1.094
1.093
1.091
1.09
1.089
1.088
1.087
1.086
1.085
1.084
1.083
1.082
1.081
1.08
1.079
1.078
1.077
1.075
1.074
1.073
1.072
1.071
1.07
1.069
1.068
1.067
1.066
1.065
1.064
1.063
1.062
1.061
1.06
1.059
1.058
1.057
1.056
1.055
1.054
1.053
1.052
1.051
1.051
1.05
1.049
1.048
1.047
1.046
1.045
1.044
1.043
1.042
1.041
1.04
1.039
1.038
1.037
1.037
1.036
1.035
1.034
1.033
1.032
1.031
1.03
1.029
1.028
1.028
1.027
1.026
1.025
1.024
1.023
1.022
1.022
1.021
1.02
1.019
1.018
1.017
1.017
1.016
1.015
1.014
1.013
1.012
1.012
1.011
1.01
1.009
1.008
1.008
1.007
1.006
1.005
1.004
1.004
1.003
1.002
1.001
1.001
1.0
1.003
1.006
1.009
1.012
1.015
1.017
1.02
1.023
1.026
1.029
1.032
1.035
1.038
1.04
1.043
1.046
1.049
1.052
1.055
1.058
1.061
1.064
1.066
1.069
1.072
1.075
1.078
1.081
1.084
1.087
1.09
1.093
1.096
1.099
1.102
1.105
1.108
1.111
1.113
1.116
1.119
1.122
1.125
1.128
1.131
1.134
1.137
1.14
1.143
1.146
1.149
1.152
1.155
1.158
1.161
1.164
1.167
1.17
1.174
1.177
1.18
1.183
1.186
1.189
1.192
1.195
1.198
1.201
1.204
1.207
1.21
1.213
1.216
1.219
1.223
1.226
1.229
1.232
1.235
1.238
1.241
1.244
1.247
1.251
1.254
1.257
1.26
1.263
1.266
1.269
1.272
1.276
1.279
1.282
1.285
1.288
1.291
1.295
1.298
1.301
1.304
1.307
1.311
1.314
1.317
1.32
1.323
1.327
1.33
1.333
1.336
1.339
1.343
1.346
1.349
1.352
1.356
1.359
1.362
1.365
1.369
1.372
1.375
1.378
1.382
1.385
1.388
1.391
1.395
1.398
1.401
1.405
1.408
1.411
1.415
1.418
1.421
1.424
1.428
1.431
1.434
1.438
1.441
1.444
1.448
1.451
1.454
1.458
1.461
1.465
1.468
1.471
1.475
1.478
1.481
1.485
1.488
1.492
1.495
1.498
1.502
1.505
1.509
1.512
1.515
1.519
1.522
1.526
1.529
1.533
1.536
1.539
1.543
1.546
1.55
1.553
1.557
1.56
1.564
1.567
1.571
1.574
1.577
1.581
1.584
1.588
1.591
1.595
1.598
1.602
1.605
1.609
1.613
1.616
1.62
1.623
1.627
1.63
1.634
1.637
1.641
1.644
1.648
1.651
1.655
1.659
1.662
1.666
1.669
1.673
1.676
1.68
1.684
1.687
1.691
1.694
1.698
1.702
1.705
1.709
1.713
1.716
1.72
1.723
1.727
1.731
1.734
1.738
1.742
1.745
1.749
1.753
1.756
1.76
1.764
1.767
1.771
1.775
1.778
1.782
1.786
1.789
1.793
1.797
1.801
1.804
1.808
1.812
1.816
1.819
1.823
1.827
1.83
1.834
1.838
1.842
1.845
1.849
1.853
1.857
1.861
1.864
1.868
1.872
1.876
1.879
1.883
1.887
1.891
1.895
1.898
1.902
1.906
1.91
1.914
1.918
1.921
1.925
1.929
1.933
1.937
1.941
1.945
1.948
1.952
1.956
1.96
1.964
1.968
1.972
1.976
1.979
1.983
1.987
1.991
1.995
1.999
2.003
2.007
2.011
2.015
2.019
2.023
2.026
2.03
2.034
2.038
2.042
2.046
2.05
2.054
2.058
2.062
2.066
2.07
2.074
2.078
2.082
2.086
2.09
2.094
2.098
2.102
2.106
2.11
2.114
2.118
2.122
2.126
2.13
2.134
2.138
2.142
2.146
2.151
2.155
2.159
2.163
2.167
2.171
2.175
2.179
2.183
2.187
2.191
2.195
2.2
2.204
2.208
2.212
2.216
2.22
2.224
2.228
2.233
2.237
2.241
2.245
2.249
2.253
2.258
2.262
2.266
2.27
2.274
2.278
2.283
2.287
2.291
2.295
2.299
2.304
2.308
2.312
2.316
2.32
2.325
2.329
2.333
2.337
2.342
2.346
2.35
2.354
2.359
2.363
2.367
2.371
2.376
2.38
2.384
2.389
2.393
2.397
2.401
2.406
2.41
2.414
2.419
2.423
2.427
2.432
2.436
2.44
2.445
2.449
2.453
2.458
2.462
2.466
2.471
2.475
2.48
2.484
2.488
2.493
2.497
2.501
2.506
2.51
2.515
2.519
2.523
2.528
2.532
2.537
2.541
2.546
2.55
2.554
2.559
2.563
2.568
2.572
2.577
2.581
2.586
2.59
2.595
2.599
2.604
2.608
2.613
2.617
2.622
2.626
2.631
2.635
2.64
2.644
2.649
2.653
2.658
2.662
2.667
2.671
2.676
2.68
2.685
2.69
2.694
2.699
2.703
2.708
2.712
2.717
2.722
2.726
2.731
2.735
2.74
2.745
2.749
2.754
2.759
2.763
2.768
2.772
2.777
2.782
2.786
2.791
2.796
2.8
2.805
2.81
2.814
2.819
2.824
2.828
2.833
2.838
2.843
2.847
2.852
2.857
2.861
2.866
2.871
2.876
2.88
2.885
2.89
2.895
2.899
2.904
2.909
2.914
2.918
2.923
2.928
2.933
2.937
2.942
2.947
2.952
2.957
2.961
2.966
2.971
2.976
2.981
2.985
2.99
2.995
3.0
