8.0
8.018
8.037
8.055
8.073
8.092
8.11
8.128
8.147
8.165
8.183
8.201
8.22
8.238
8.256
8.275
8.293
8.311
8.329
8.348
8.366
8.384
8.402
8.42
8.439
8.457
8.475
8.493
8.511
8.53
8.548
8.566
8.584
8.602
8.62
8.638
8.657
8.675
8.693
8.711
8.729
8.747
8.765
8.783
8.801
8.819
8.838
8.856
8.874
8.892
8.91
8.928
8.946
8.964
8.982
9.0
9.018
9.036
9.054
9.072
9.09
9.108
9.126
9.144
9.162
9.18
9.198
9.216
9.233
9.251
9.269
9.287
9.305
9.323
9.341
9.359
9.377
9.395
9.412
9.43
9.448
9.466
9.484
9.502
9.519
9.537
9.555
9.573
9.591
9.608
9.626
9.644
9.662
9.68
9.697
9.715
9.733
9.751
9.768
9.786
9.804
9.821
9.839
9.857
9.875
9.892
9.91
9.928
9.945
9.963
9.981
9.998
10.016
10.033
10.051
10.069
10.086
10.104
10.121
10.139
10.157
10.174
10.192
10.209
10.227
10.244
10.262
10.28
10.297
10.315
10.332
10.35
10.367
10.385
10.402
10.42
10.437
10.455
10.472
10.489
10.507
10.524
10.542
10.559
10.577
10.594
10.611
10.629
10.646
10.664
10.681
10.698
10.716
10.733
10.75
10.768
10.785
10.802
10.82
10.837
10.854
10.872
10.889
10.906
10.924
10.941
10.958
10.975
10.993
11.01
11.027
11.044
11.062
11.079
11.096
11.113
11.13
11.148
11.165
11.182
11.199
11.216
11.233
11.251
11.268
11.285
11.302
11.319
11.336
11.353
11.37
11.387
11.405
11.422
11.439
11.456
11.473
11.49
11.507
11.524
11.541
11.558
11.575
11.592
11.609
11.626
11.643
11.66
11.677
11.694
11.711
11.728
11.745
11.761
11.778
11.795
11.812
11.829
11.846
11.863
11.88
11.897
11.913
11.93
11.947
11.964
11.981
11.998
12.014
12.031
12.048
12.065
12.082
12.098
12.115
12.132
12.149
12.165
12.182
12.199
12.216
12.232
12.249
12.266
12.283
12.299
12.316
12.333
12.349
12.366
12.383
12.399
12.416
12.432
12.449
12.466
12.482
12.499
12.515
12.532
12.549
12.565
12.582
12.598
12.615
12.631
12.648
12.664
12.681
12.697
12.714
12.73
12.747
12.763
12.78
12.796
12.813
12.829
12.846
12.862
12.878
12.895
12.911
12.928
12.944
12.96
12.977
12.993
13.009
13.026
13.042
13.058
13.075
13.091
13.107
13.124
13.14
13.156
13.173
13.189
13.205
13.221
13.238
13.254
13.27
13.286
13.302
13.319
13.335
13.351
13.367
13.383
13.4
13.416
13.432
13.448
13.464
13.48
13.496
13.513
13.529
13.545
13.561
13.577
13.593
13.609
13.625
13.641
13.657
13.673
13.689
13.705
13.721
13.737
13.753
13.769
13.785
13.801
13.817
13.833
13.849
13.865
13.881
13.897
13.913
13.928
13.944
13.96
13.976
13.992
14.008
14.024
14.04
14.055
14.071
14.087
14.103
14.119
14.134
14.15
14.166
14.182
14.197
14.213
14.229
14.245
14.26
14.276
14.292
14.307
14.323
14.339
14.355
14.37
14.386
14.401
14.417
14.433
14.448
14.464
14.48
14.495
14.511
14.526
14.542
14.557
14.573
14.589
14.604
14.62
14.635
14.651
14.666
14.682
14.697
14.713
14.728
14.744
14.759
14.774
14.79
14.805
14.821
14.836
14.852
14.867
14.882
14.898
14.913
14.928
14.944
14.959
14.974
14.99
15.005
15.02
15.036
15.051
15.066
15.081
15.097
15.112
15.127
15.142
15.158
15.173
15.188
15.203
15.219
15.234
15.249
15.264
15.279
15.294
15.309
15.325
15.34
15.355
15.37
15.385
15.4
15.415
15.43
15.445
15.46
15.475
15.49
15.505
15.52
15.535
15.55
15.565
15.58
15.595
15.61
15.625
15.64
15.655
15.67
15.685
15.7
15.715
15.73
15.745
15.759
15.774
15.789
15.804
15.819
15.834
15.849
15.863
15.878
15.893
15.908
15.922
15.937
15.952
15.967
15.981
15.996
16.011
16.026
16.04
16.055
16.07
16.084
16.099
16.114
16.128
16.143
16.158
16.172
16.187
16.201
16.216
16.231
16.245
16.26
16.274
16.289
16.303
16.318
16.332
16.347
16.361
16.376
16.39
16.405
16.419
16.434
16.448
16.463
16.477
16.491
16.506
16.52
16.535
16.549
16.563
16.578
16.592
16.606
16.621
16.635
16.649
16.664
16.678
16.692
16.706
16.721
16.735
16.749
16.763
16.778
16.792
16.806
16.82
16.835
16.849
16.863
16.877
16.891
16.905
16.919
16.934
16.948
16.962
16.976
16.99
17.004
17.018
17.032
17.046
17.06
17.074
17.088
17.102
17.116
17.13
17.144
17.158
17.172
17.186
17.2
17.214
17.228
17.242
17.256
17.27
17.283
17.297
17.311
17.325
17.339
17.353
17.367
17.38
17.394
17.408
17.422
17.436
17.449
17.463
17.477
17.491
17.504
17.518
17.532
17.545
17.559
17.573
17.586
17.6
17.614
17.627
17.641
17.655
17.668
17.682
17.695
17.709
17.722
17.736
17.75
17.763
17.777
17.79
17.804
17.817
17.831
17.844
17.858
17.871
17.885
17.898
17.911
17.925
17.938
17.952
17.965
17.978
17.992
18.005
18.018
18.032
18.045
18.058
18.072
18.085
18.098
18.112
18.125
18.138
18.151
18.165
18.178
18.191
18.204
18.217
18.231
18.244
18.257
18.27
18.283
18.296
18.31
18.323
18.336
18.349
18.362
18.375
18.388
18.401
18.414
18.427
18.44
18.453
18.466
18.479
18.492
18.505
18.518
18.531
18.544
18.557
18.57
18.583
18.596
18.609
18.622
18.634
18.647
18.66
18.673
18.686
18.699
18.711
18.724
18.737
18.75
18.763
18.775
18.788
18.801
18.813
18.826
18.839
18.852
18.864
18.877
18.89
18.902
18.915
18.928
18.94
18.953
18.965
18.978
18.991
19.003
19.016
19.028
19.041
19.053
19.066
19.078
19.091
19.103
19.116
19.128
19.141
19.153
19.166
19.178
19.19
19.203
19.215
19.227
19.24
19.252
19.265
19.277
19.289
19.302
19.314
19.326
19.338
19.351
19.363
19.375
19.387
19.4
19.412
19.424
19.436
19.448
19.461
19.473
19.485
19.497
19.509
19.521
19.533
19.546
19.558
19.57
19.582
19.594
19.606
19.618
19.63
19.642
19.654
19.666
19.678
19.69
19.702
19.714
19.726
19.738
19.75
19.761
19.773
19.785
19.797
19.809
19.821
19.833
19.844
19.856
19.868
19.88
19.892
19.903
19.915
19.927
19.939
19.95
19.962
19.974
19.986
19.997
20.009
20.021
20.032
20.044
20.055
20.067
20.079
20.09
20.102
20.113
20.125
20.137
20.148
20.16
20.171
20.183
20.194
20.206
20.217
20.229
20.24
20.251
20.263
20.274
20.286
20.297
20.308
20.32
20.331
20.342
20.354
20.365
20.376
20.388
20.399
20.41
20.422
20.433
20.444
20.455
20.467
20.478
20.489
20.5
20.511
20.523
20.534
20.545
20.556
20.567
20.578
20.589
20.6
20.611
20.623
20.634
20.645
20.656
20.667
20.678
20.689
20.7
20.711
20.722
20.733
20.743
20.754
20.765
20.776
20.787
20.798
20.809
20.82
20.831
20.841
20.852
20.863
20.874
20.885
20.895
20.906
20.917
20.928
20.938
20.949
20.96
20.971
20.981
20.992
21.003
21.013
21.024
21.034
21.045
21.056
21.066
21.077
21.087
21.098
21.109
21.119
21.13
21.14
21.151
21.161
21.172
21.182
21.192
21.203
21.213
21.224
21.234
21.245
21.255
21.265
21.276
21.286
21.296
21.307
21.317
21.327
21.338
21.348
21.358
21.368
21.379
21.389
21.399
21.409
21.419
21.43
21.44
21.45
21.46
21.47
21.48
21.49
21.5
21.511
21.521
21.531
21.541
21.551
21.561
21.571
21.581
21.591
21.601
21.611
21.621
21.631
21.641
21.65
21.66
21.67
21.68
21.69
21.7
21.71
21.72
21.729
21.739
21.749
21.759
21.769
21.778
21.788
21.798
21.807
21.817
21.827
21.837
21.846
21.856
21.866
21.875
21.885
21.894
21.904
21.914
21.923
21.933
21.942
21.952
21.961
21.971
21.98
21.99
21.999
22.009
22.018
22.028
22.037
22.047
22.056
22.065
22.075
22.084
22.093
22.103
22.112
22.121
22.131
22.14
22.149
22.159
22.168
22.177
22.186
22.196
22.205
22.214
22.223
22.232
22.241
22.251
22.26
22.269
22.278
22.287
22.296
22.305
22.314
22.323
22.332
22.341
22.35
22.359
22.368
22.377
22.386
22.395
22.404
22.413
22.422
22.431
22.44
22.449
22.457
22.466
22.475
22.484
22.493
22.502
22.51
22.519
22.528
22.537
22.545
22.554
22.563
22.571
22.58
22.589
22.597
22.606
22.615
22.623
22.632
22.641
22.649
22.658
22.666
22.675
22.683
22.692
22.7
22.709
22.717
22.726
22.734
22.743
22.751
22.759
22.768
22.776
22.785
22.793
22.801
22.81
22.818
22.826
22.835
22.843
22.851
22.859
22.868
22.876
22.884
22.892
22.901
22.909
22.917
22.925
22.933
22.941
22.949
22.957
22.966
22.974
22.982
22.99
22.998
23.006
23.014
23.022
23.03
23.038
23.046
23.054
23.062
23.07
23.077
23.085
23.093
23.101
23.109
23.117
23.125
23.132
23.14
23.148
23.156
23.164
23.171
23.179
23.187
23.194
23.202
23.21
23.218
23.225
23.233
23.24
23.248
23.256
23.263
23.271
23.278
23.286
23.293
23.301
23.309
23.316
23.324
23.331
23.338
23.346
23.353
23.361
23.368
23.376
23.383
23.39
23.398
23.405
23.412
23.42
23.427
23.434
23.441
23.449
23.456
23.463
23.47
23.478
23.485
23.492
23.499
23.506
23.513
23.521
23.528
23.535
23.542
23.549
23.556
23.563
23.57
23.577
23.584
23.591
23.598
23.605
23.612
23.619
23.626
23.633
23.64
23.646
23.653
23.66
23.667
23.674
23.681
23.687
23.694
23.701
23.708
23.715
23.721
23.728
23.735
23.741
23.748
23.755
23.761
23.768
23.775
23.781
23.788
23.794
23.801
23.808
23.814
23.821
23.827
23.834
23.84
23.847
23.853
23.859
23.866
23.872
23.879
23.885
23.891
23.898
23.904
23.91
23.917
23.923
23.929
23.936
23.942
23.948
23.954
23.961
23.967
23.973
23.979
23.985
23.992
23.998
24.004
24.01
24.016
24.022
24.028
24.034
24.04
24.046
24.052
24.058
24.064
24.07
24.076
24.082
24.088
24.094
24.1
24.106
24.112
24.118
24.123
24.129
24.135
24.141
24.147
24.152
24.158
24.164
24.17
24.175
24.181
24.187
24.192
24.198
24.204
24.209
24.215
24.221
24.226
24.232
24.237
24.243
24.248
24.254
24.259
24.265
24.27
24.276
24.281
24.287
24.292
24.298
24.303
24.308
24.314
24.319
24.324
24.33
24.335
24.34
24.346
24.351
24.356
24.361
24.366
24.372
24.377
24.382
24.387
24.392
24.398
24.403
24.408
24.413
24.418
24.423
24.428
24.433
24.438
24.443
24.448
24.453
24.458
24.463
24.468
24.473
24.478
24.483
24.487
24.492
24.497
24.502
24.507
24.512
24.516
24.521
24.526
24.531
24.535
24.54
24.545
24.549
24.554
24.559
24.563
24.568
24.573
24.577
24.582
24.586
24.591
24.596
24.6
24.605
24.609
24.614
24.618
24.622
24.627
24.631
24.636
24.64
24.644
24.649
24.653
24.658
24.662
24.666
24.67
24.675
24.679
24.683
24.687
24.692
24.696
24.7
24.704
24.708
24.712
24.717
24.721
24.725
24.729
24.733
24.737
24.741
24.745
24.749
24.753
24.757
24.761
24.765
24.769
24.773
24.777
24.781
24.784
24.788
24.792
24.796
24.8
24.804
24.807
24.811
24.815
24.819
24.822
24.826
24.83
24.833
24.837
24.841
24.844
24.848
24.852
24.855
24.859
24.862
24.866
24.869
24.873
24.876
24.88
24.883
24.887
24.89
24.894
24.897
24.9
24.904
24.907
24.911
24.914
24.917
24.921
24.924
24.927
24.93
24.934
24.937
24.94
24.943
24.946
24.95
24.953
24.956
24.959
24.962
24.965
24.968
24.971
24.974
24.977
24.98
24.983
24.986
24.989
24.992
24.995
24.998
24.996
24.986
24.975
24.964
24.953
24.942
24.932
24.921
24.91
24.899
24.888
24.877
24.866
24.855
24.844
24.833
24.822
24.811
24.8
24.789
24.778
24.767
24.756
24.745
24.734
24.723
24.712
24.7
24.689
24.678
24.667
24.656
24.644
24.633
24.622
24.61
24.599
24.588
24.577
24.565
24.554
24.542
24.531
24.52
24.508
24.497
24.485
24.474
24.462
24.451
24.439
24.428
24.416
24.405
24.393
24.381
24.37
24.358
24.347
24.335
24.323
24.311
24.3
24.288
24.276
24.265
24.253
24.241
24.229
24.217
24.205
24.194
24.182
24.17
24.158
24.146
24.134
24.122
24.11
24.098
24.086
24.074
24.062
24.05
24.038
24.026
24.014
24.002
23.99
23.978
23.965
23.953
23.941
23.929
23.917
23.904
23.892
23.88
23.868
23.855
23.843
23.831
23.818
23.806
23.794
23.781
23.769
23.756
23.744
23.731
23.719
23.706
23.694
23.681
23.669
23.656
23.644
23.631
23.619
23.606
23.593
23.581
23.568
23.555
23.543
23.53
23.517
23.504
23.492
23.479
23.466
23.453
23.44
23.428
23.415
23.402
23.389
23.376
23.363
23.35
23.337
23.324
23.311
23.298
23.285
23.272
23.259
23.246
23.233
23.22
23.207
23.193
23.18
23.167
23.154
23.141
23.128
23.114
23.101
23.088
23.075
23.061
23.048
23.035
23.021
23.008
22.994
22.981
22.968
22.954
22.941
22.927
22.914
22.9
22.887
22.873
22.86
22.846
22.833
22.819
22.805
22.792
22.778
22.764
22.751
22.737
22.723
22.71
22.696
22.682
22.668
22.654
22.641
22.627
22.613
22.599
22.585
22.571
22.557
22.543
22.53
22.516
22.502
22.488
22.474
22.46
22.445
22.431
22.417
22.403
22.389
22.375
22.361
22.347
22.332
22.318
22.304
22.29
22.276
22.261
22.247
22.233
22.218
22.204
22.19
22.175
22.161
22.147
22.132
22.118
22.103
22.089
22.074
22.06
22.045
22.031
22.016
22.002
21.987
21.973
21.958
21.943
21.929
21.914
21.899
21.885
21.87
21.855
21.84
21.826
21.811
21.796
21.781
21.766
21.751
21.737
21.722
21.707
21.692
21.677
21.662
21.647
21.632
21.617
21.602
21.587
21.572
21.557
21.542
21.527
21.511
21.496
21.481
21.466
21.451
21.436
21.42
21.405
21.39
21.375
21.359
21.344
21.329
21.313
21.298
21.282
21.267
21.252
21.236
21.221
21.205
21.19
21.174
21.159
21.143
21.128
21.112
21.097
21.081
21.065
21.05
21.034
21.018
21.003
20.987
20.971
20.955
20.94
20.924
20.908
20.892
20.876
20.861
20.845
20.829
20.813
20.797
20.781
20.765
20.749
20.733
20.717
20.701
20.685
20.669
20.653
20.637
20.621
20.605
20.588
20.572
20.556
20.54
20.524
20.507
20.491
20.475
20.459
20.442
20.426
20.41
20.393
20.377
20.36
20.344
20.328
20.311
20.295
20.278
20.262
20.245
20.229
20.212
20.196
20.179
20.162
20.146
20.129
20.112
20.096
20.079
20.062
20.046
20.029
20.012
19.995
19.979
19.962
19.945
19.928
19.911
19.894
19.877
19.86
19.844
19.827
19.81
19.793
19.776
19.759
19.742
19.724
19.707
19.69
19.673
19.656
19.639
19.622
19.605
19.587
19.57
19.553
19.536
19.518
19.501
19.484
19.466
19.449
19.432
19.414
19.397
19.379
19.362
19.345
19.327
19.31
19.292
19.274
19.257
19.239
19.222
19.204
19.187
19.169
19.151
19.134
19.116
19.098
19.08
19.063
19.045
19.027
19.009
18.992
18.974
18.956
18.938
18.92
18.902
18.884
18.866
18.848
18.83
18.812
18.794
18.776
18.758
18.74
18.722
18.704
18.686
18.668
18.65
18.631
18.613
18.595
18.577
18.558
18.54
18.522
18.504
18.485
18.467
18.449
18.43
18.412
18.393
18.375
18.356
18.338
18.319
18.301
18.282
18.264
18.245
18.227
18.208
18.19
18.171
18.152
18.134
18.115
18.096
18.077
18.059
18.04
18.021
18.002
17.983
17.965
17.946
17.927
17.908
17.889
17.87
17.851
17.832
17.813
17.794
17.775
17.756
17.737
17.718
17.699
17.68
17.661
17.641
17.622
17.603
17.584
17.565
17.545
17.526
17.507
17.488
17.468
17.449
17.43
17.41
17.391
17.371
17.352
17.332
17.313
17.293
17.274
17.254
17.235
17.215
17.196
17.176
17.157
17.137
17.117
17.098
17.078
17.058
17.038
17.019
16.999
16.979
16.959
16.939
16.92
16.9
16.88
16.86
16.84
16.82
16.8
16.78
16.76
16.74
16.72
16.7
16.68
16.66
16.64
16.62
16.599
16.579
16.559
16.539
16.519
16.498
16.478
16.458
16.438
16.417
16.397
16.377
16.356
16.336
16.315
16.295
16.275
16.254
16.234
16.213
16.193
16.172
16.151
16.131
16.11
16.09
16.069
16.048
16.028
16.007
15.986
15.964
15.942
15.921
15.899
15.877
15.856
15.834
15.812
15.791
15.769
15.747
15.725
15.703
15.682
15.66
15.638
15.616
15.594
15.572
15.55
15.528
15.506
15.484
15.462
15.44
15.418
15.396
15.374
15.352
15.33
15.308
15.285
15.263
15.241
15.219
15.197
15.175
15.152
15.13
15.108
15.085
15.063
15.041
15.019
14.996
14.974
14.951
14.929
14.907
14.884
14.862
14.839
14.817
14.795
14.772
14.75
14.727
14.705
14.682
14.659
14.637
14.614
14.592
14.569
14.547
14.524
14.501
14.479
14.456
14.433
14.411
14.388
14.365
14.342
14.32
14.297
14.274
14.251
14.229
14.206
14.183
14.16
14.137
14.115
14.092
14.069
14.046
14.023
14.0
13.977
13.955
13.932
13.909
13.886
13.863
13.84
13.817
13.794
13.771
13.748
13.725
13.702
13.679
13.656
13.633
13.61
13.587
13.564
13.541
13.518
13.495
13.471
13.448
13.425
13.402
13.379
13.356
13.333
13.31
13.286
13.263
13.24
13.217
13.194
13.171
13.147
13.124
13.101
13.078
13.055
13.031
13.008
12.985
12.962
12.938
12.915
12.892
12.869
12.845
12.822
12.799
12.776
12.752
12.729
12.706
12.682
12.659
12.636
12.612
12.589
12.566
12.543
12.519
12.496
12.473
12.449
12.426
12.402
12.379
12.356
12.332
12.309
12.286
12.262
12.239
12.216
12.192
12.169
12.145
12.122
12.099
12.075
12.052
12.029
12.005
11.982
11.958
11.935
11.912
11.888
11.865
11.841
11.818
11.795
11.771
11.748
11.724
11.701
11.678
11.654
11.631
11.608
11.584
11.561
11.537
11.514
11.491
11.467
11.444
11.42
11.397
11.374
11.35
11.327
11.303
11.28
11.257
11.233
11.21
11.186
11.163
11.14
11.116
11.093
11.07
11.046
11.023
11.0
10.976
10.953
10.929
10.906
10.883
10.859
10.836
10.813
10.789
10.766
10.743
10.719
10.696
10.673
10.65
10.626
10.603
10.58
10.556
10.533
10.51
10.487
10.463
10.44
10.417
10.393
10.37
10.347
10.324
10.301
10.277
10.254
10.231
10.208
10.184
10.161
10.138
10.115
10.092
10.069
10.045
10.022
9.999
9.976
9.953
9.93
9.907
9.883
9.86
9.837
9.814
9.791
9.768
9.745
9.722
9.699
9.676
9.653
9.63
9.607
9.584
9.561
9.538
9.515
9.492
9.469
9.446
9.423
9.4
9.377
9.354
9.331
9.308
9.286
9.263
9.24
9.217
9.194
9.171
9.148
9.126
9.103
9.08
9.057
9.035
9.012
8.989
8.966
8.944
8.921
8.898
8.876
8.853
8.83
8.808
8.785
8.762
8.74
8.717
8.695
8.672
8.649
8.627
8.604
8.582
8.559
8.537
8.514
8.492
8.469
8.447
8.425
8.402
8.38
8.357
8.335
8.313
8.29
8.268
8.246
8.223
8.201
8.179
8.157
8.134
8.112
8.09
8.068
8.046
8.024
8.001
7.979
7.957
7.935
7.913
7.891
7.869
7.847
7.825
7.803
7.781
7.759
7.737
7.715
7.693
7.671
7.649
7.628
7.606
7.584
7.562
7.54
7.519
7.497
7.475
7.453
7.432
7.41
7.388
7.367
7.345
7.324
7.302
7.28
7.259
7.237
7.216
7.194
7.173
7.152
7.13
7.109
7.087
7.066
7.045
7.023
7.002
6.981
6.959
6.938
6.917
6.896
6.875
6.854
6.832
6.811
6.79
6.769
6.748
6.727
6.706
6.685
6.664
6.643
6.622
6.601
6.58
6.56
6.539
6.518
6.497
6.476
6.456
6.435
6.414
6.394
6.373
6.352
6.332
6.311
6.291
6.27
6.25
6.229
6.209
6.188
6.168
6.148
6.127
6.107
6.087
6.066
6.046
6.026
6.006
5.986
5.965
5.945
5.925
5.905
5.885
5.865
5.845
5.825
5.805
5.785
5.765
5.745
5.726
5.706
5.686
5.666
5.647
5.627
5.607
5.588
5.568
5.548
5.529
5.509
5.49
5.47
5.451
5.431
5.412
5.393
5.373
5.354
5.335
5.315
5.296
5.277
5.258
5.239
5.22
5.201
5.181
5.162
5.143
5.125
5.106
5.087
5.068
5.049
5.03
5.011
4.993
4.974
4.955
4.937
4.918
4.899
4.881
4.862
4.844
4.825
4.807
4.788
4.77
4.752
4.733
4.715
4.697
4.679
4.661
4.642
4.624
4.606
4.588
4.57
4.552
4.534
4.516
4.498
4.481
4.463
4.445
4.427
4.409
4.392
4.374
4.357
4.339
4.321
4.304
4.286
4.269
4.252
4.234
4.217
4.199
4.182
4.165
4.148
4.131
4.113
4.096
4.079
4.062
4.045
4.028
4.011
3.995
3.978
3.961
3.944
3.927
3.911
3.894
3.877
3.861
3.844
3.828
3.811
3.795
3.778
3.762
3.746
3.729
3.713
3.697
3.681
3.665
3.649
3.633
3.617
3.601
3.585
3.569
3.553
3.537
3.521
3.505
3.49
3.474
3.458
3.443
3.427
3.412
3.396
3.381
3.365
3.35
3.335
3.32
3.304
3.289
3.274
3.259
3.244
3.229
3.214
3.199
3.184
3.169
3.154
3.139
3.125
3.11
3.095
3.081
3.066
3.052
3.037
3.023
3.008
2.994
2.98
2.965
2.951
2.937
2.923
2.909
2.895
2.881
2.867
2.853
2.839
2.825
2.811
2.797
2.784
2.77
2.756
2.743
2.729
2.716
2.702
2.689
2.676
2.662
2.649
2.636
2.623
2.609
2.596
2.583
2.57
2.557
2.544
2.532
2.519
2.506
2.493
2.481
2.468
2.455
2.443
2.43
2.418
2.406
2.393
2.381
2.369
2.356
2.344
2.332
2.32
2.308
2.296
2.284
2.272
2.261
2.249
2.237
2.225
2.214
2.202
2.191
2.179
2.168
2.156
2.145
2.134
2.123
2.111
2.1
2.089
2.078
2.067
2.056
2.045
2.034
2.024
2.013
2.002
1.992
1.981
1.97
1.96
1.95
1.939
1.929
1.919
1.908
1.898
1.888
1.878
1.868
1.858
1.848
1.838
1.828
1.819
1.809
1.799
1.79
1.78
1.771
1.761
1.752
1.742
1.733
1.724
1.715
1.706
1.696
1.687
1.678
1.67
1.661
1.652
1.643
1.634
1.626
1.617
1.609
1.6
1.592
1.583
1.575
1.567
1.559
1.55
1.542
1.534
1.526
1.518
1.511
1.503
1.495
1.487
1.48
1.472
1.464
1.457
1.45
1.442
1.435
1.428
1.42
1.413
1.406
1.399
1.392
1.385
1.378
1.372
1.365
1.358
1.352
1.345
1.339
1.332
1.326
1.319
1.313
1.307
1.301
1.295
1.289
1.283
1.277
1.271
1.265
1.259
1.254
1.248
1.243
1.237
1.232
1.226
1.221
1.216
1.21
1.205
1.2
1.195
1.19
1.185
1.18
1.176
1.171
1.166
1.162
1.157
1.153
1.148
1.144
1.14
1.136
1.131
1.127
1.123
1.119
1.115
1.111
1.108
1.104
1.1
1.097
1.093
1.09
1.086
1.083
1.08
1.076
1.073
1.07
1.067
1.064
1.061
1.059
1.056
1.053
1.05
1.048
1.045
1.043
1.041
1.038
1.036
1.034
1.032
1.03
1.028
1.026
1.024
1.022
1.02
1.019
1.017
1.016
1.014
1.013
1.011
1.01
1.009
1.008
1.007
1.006
1.005
1.004
1.003
1.002
1.002
1.001
1.001
1.0
1.016
1.041
1.066
1.091
1.116
1.141
1.166
1.191
1.216
1.241
1.267
1.292
1.318
1.343
1.369
1.395
1.42
1.446
1.472
1.498
1.524
1.55
1.576
1.602
1.628
1.655
1.681
1.707
1.734
1.76
1.787
1.814
1.841
1.867
1.894
1.921
1.948
1.975
2.002
2.029
2.057
2.084
2.111
2.139
2.166
2.194
2.221
2.249
2.276
2.304
2.332
2.36
2.388
2.416
2.444
2.472
2.5
2.528
2.557
2.585
2.613
2.642
2.67
2.699
2.727
2.756
2.785
2.813
2.842
2.871
2.9
2.929
2.958
2.987
3.016
3.045
3.075
3.104
3.133
3.163
3.192
3.221
3.251
3.281
3.31
3.34
3.37
3.399
3.429
3.459
3.489
3.519
3.549
3.579
3.609
3.64
3.67
3.7
3.73
3.761
3.791
3.822
3.852
3.883
3.913
3.944
3.975
4.006
4.036
4.067
4.098
4.129
4.16
4.191
4.222
4.253
4.284
4.316
4.347
4.378
4.409
4.441
4.472
4.504
4.535
4.567
4.598
4.63
4.662
4.693
4.725
4.757
4.789
4.821
4.853
4.885
4.917
4.949
4.981
5.013
5.045
5.077
5.109
5.142
5.174
5.206
5.239
5.271
5.304
5.336
5.369
5.401
5.434
5.466
5.499
5.532
5.565
5.597
5.63
5.663
5.696
5.729
5.762
5.795
5.828
5.861
5.894
5.927
5.96
5.994
6.027
6.06
6.093
6.127
6.16
6.193
6.227
6.26
6.294
6.327
6.361
6.394
6.428
6.462
6.495
6.529
6.563
6.597
6.63
6.664
6.698
6.732
6.766
6.8
6.834
6.868
6.902
6.936
6.97
7.004
7.038
7.072
7.107
7.141
7.175
7.209
7.244
7.278
7.312
7.347
7.381
7.415
7.45
7.484
7.519
7.553
7.588
7.622
7.657
7.691
7.726
7.761
7.795
7.83
7.865
7.9
7.934
7.969
8.004
8.039
8.074
8.108
8.143
8.178
8.213
8.248
8.283
8.318
8.353
8.388
8.423
8.458
8.493
8.528
8.563
8.599
8.634
8.669
8.704
8.739
8.774
8.81
8.845
8.88
8.915
8.951
8.986
9.021
9.057
9.092
9.127
9.163
9.198
9.234
9.269
9.304
9.34
9.375
9.411
9.446
9.482
9.517
9.553
9.588
9.624
9.66
9.695
9.731
9.766
9.802
9.838
9.873
9.909
9.944
9.98
10.016
10.051
10.087
10.123
10.158
10.194
10.23
10.266
10.301
10.337
10.373
10.409
10.444
10.48
10.516
10.552
10.587
10.623
10.659
10.695
10.731
10.766
10.802
10.838
10.874
10.91
10.946
10.981
11.017
11.053
11.089
11.125
11.161
11.197
11.232
11.268
11.304
11.34
11.376
11.412
11.448
11.483
11.519
11.555
11.591
11.627
11.663
11.699
11.735
11.77
11.806
11.842
11.878
11.914
11.95
11.986
12.022
12.057
12.093
12.129
12.165
12.201
12.237
12.273
12.308
12.344
12.38
12.416
12.452
12.487
12.523
12.559
12.595
12.631
12.666
12.702
12.738
12.774
12.81
12.845
12.881
12.917
12.953
12.988
13.024
13.06
13.095
13.131
13.167
13.202
13.238
13.274
13.309
13.345
13.381
13.416
13.452
13.488
13.523
13.559
13.594
13.63
13.665
13.701
13.736
13.772
13.807
13.843
13.878
13.914
13.949
13.985
14.02
14.056
14.091
14.126
14.162
14.197
14.232
14.268
14.303
14.338
14.374
14.409
14.444
14.479
14.514
14.55
14.585
14.62
14.655
14.69
14.725
14.76
14.795
14.831
14.866
14.901
14.936
14.971
15.005
15.04
15.075
15.11
15.145
15.18
15.215
15.25
15.284
15.319
15.354
15.389
15.423
15.458
15.493
15.527
15.562
15.596
15.631
15.666
15.7
15.735
15.769
15.804
15.838
15.872
15.907
15.941
15.975
16.01
16.044
16.078
16.112
16.147
16.181
16.215
16.249
16.283
16.317
16.351
16.385
16.419
16.453
16.487
16.521
16.555
16.589
16.623
16.656
16.69
16.724
16.758
16.791
16.825
16.858
16.892
16.926
16.959
16.993
17.026
17.059
17.093
17.126
17.159
17.193
17.226
17.259
17.292
17.326
17.359
17.392
17.425
17.458
17.491
17.524
17.557
17.59
17.622
17.655
17.688
17.721
17.753
17.786
17.819
17.851
17.884
17.916
17.949
17.981
18.014
18.046
18.078
18.111
18.143
18.175
18.207
18.239
18.272
18.304
18.336
18.368
18.4
18.431
18.463
18.495
18.527
18.559
18.59
18.622
18.654
18.685
18.717
18.748
18.78
18.811
18.842
18.874
18.905
18.936
18.967
18.999
19.03
19.061
19.092
19.123
19.154
19.184
19.215
19.246
19.277
19.307
19.338
19.369
19.399
19.43
19.46
19.491
19.521
19.551
19.581
19.612
19.642
19.672
19.702
19.732
19.762
19.792
19.822
19.852
19.881
19.911
19.941
19.97
20.0
20.008
20.017
20.025
20.033
20.041
20.049
20.057
20.065
20.073
20.081
20.089
20.097
20.105
20.112
20.12
20.128
20.135
20.143
20.15
20.157
20.165
20.172
20.179
20.186
20.194
20.201
20.208
20.215
20.222
20.229
20.235
20.242
20.249
20.256
20.262
20.269
20.275
20.282
20.288
20.295
20.301
20.307
20.314
20.32
20.326
20.332
20.338
20.344
20.35
20.356
20.362
20.368
20.374
20.379
20.385
20.391
20.396
20.402
20.407
20.413
20.418
20.423
20.429
20.434
20.439
20.444
20.449
20.454
20.459
20.464
20.469
20.474
20.479
20.484
20.488
20.493
20.498
20.502
20.507
20.511
20.516
20.52
20.524
20.529
20.533
20.537
20.541
20.545
20.549
20.553
20.557
20.561
20.565
20.569
20.573
20.577
20.58
20.584
20.588
20.591
20.595
20.598
20.602
20.605
20.608
20.612
20.615
20.618
20.621
20.624
20.627
20.63
20.633
20.636
20.639
20.642
20.645
20.647
20.65
20.653
20.655
20.658
20.66
20.663
20.665
20.668
20.67
20.672
20.675
20.677
20.679
20.681
20.683
20.685
20.687
20.689
20.691
20.693
20.695
20.696
20.698
20.7
20.701
20.703
20.705
20.706
20.708
20.709
20.71
20.712
20.713
20.714
20.715
20.717
20.718
20.719
20.72
20.721
20.722
20.723
20.724
20.724
20.725
20.726
20.727
20.727
20.728
20.728
20.729
20.729
20.73
20.73
20.731
20.731
20.731
20.731
20.732
20.732
20.732
20.732
20.732
20.732
20.732
20.732
20.732
20.731
20.731
20.731
20.731
20.73
20.73
20.729
20.729
20.728
20.728
20.727
20.727
20.726
20.725
20.724
20.724
20.723
20.722
20.721
20.72
20.719
20.718
20.717
20.716
20.715
20.713
20.712
20.711
20.709
20.708
20.707
20.705
20.704
20.702
20.701
20.699
20.697
20.696
20.694
20.692
20.69
20.689
20.687
20.685
20.683
20.681
20.679
20.677
20.675
20.672
20.67
20.668
20.666
20.663
20.661
20.659
20.656
20.654
20.651
20.649
20.646
20.644
20.641
20.638
20.636
20.633
20.63
20.627
20.624
20.621
20.618
20.615
20.612
20.609
20.606
20.603
20.6
20.597
20.593
20.59
20.587
20.583
20.58
20.577
20.573
20.57
20.566
20.562
20.559
20.555
20.551
20.548
20.544
20.54
20.536
20.532
20.528
20.525
20.521
20.517
20.512
20.508
20.504
20.5
20.496
20.492
20.487
20.483
20.479
20.474
20.47
20.465
20.461
20.456
20.452
20.447
20.443
20.438
20.433
20.428
20.424
20.419
20.414
20.409
20.404
20.399
20.394
20.389
20.384
20.379
20.374
20.369
20.364
20.358
20.353
20.348
20.343
20.337
20.332
20.326
20.321
20.315
20.31
20.304
20.299
20.293
20.287
20.282
20.276
20.27
20.264
20.259
20.253
20.247
20.241
20.235
20.229
20.223
20.217
20.211
20.205
20.198
20.192
20.186
20.18
20.173
20.167
20.161
20.154
20.148
20.141
20.135
20.128
20.122
20.115
20.109
20.102
20.095
20.088
20.082
20.075
20.068
20.061
20.054
20.047
20.041
20.034
20.027
20.019
20.012
20.005
19.998
19.991
19.984
19.977
19.969
19.962
19.955
19.947
19.94
19.933
19.925
19.918
19.91
19.903
19.895
19.887
19.88
19.872
19.864
19.857
19.849
19.841
19.833
19.826
19.818
19.81
19.802
19.794
19.786
19.778
19.77
19.762
19.754
19.745
19.737
19.729
19.721
19.713
19.704
19.696
19.688
19.679
19.671
19.662
19.654
19.645
19.637
19.628
19.62
19.611
19.603
19.594
19.585
19.577
19.568
19.559
19.55
19.541
19.532
19.524
19.515
19.506
19.497
19.488
19.479
19.47
19.461
19.451
19.442
19.433
19.424
19.415
19.405
19.396
19.387
19.377
19.368
19.359
19.349
19.34
19.33
19.321
19.311
19.302
19.292
19.283
19.273
19.263
19.254
19.244
19.234
19.224
19.214
19.205
19.195
19.185
19.175
19.165
19.155
19.145
19.135
19.125
19.115
19.105
19.095
19.085
19.075
19.064
19.054
19.044
19.034
19.023
19.013
19.003
18.992
18.982
18.971
18.961
18.951
18.94
18.929
18.919
18.908
18.898
18.887
18.876
18.866
18.855
18.844
18.834
18.823
18.812
18.801
18.79
18.78
18.769
18.758
18.747
18.736
18.725
18.714
18.703
18.692
18.681
18.669
18.658
18.647
18.636
18.625
18.614
18.602
18.591
18.58
18.568
18.557
18.546
18.534
18.523
18.511
18.5
18.488
18.477
18.465
18.454
18.442
18.431
18.419
18.407
18.396
18.384
18.372
18.361
18.349
18.337
18.325
18.313
18.302
18.29
18.278
18.266
18.254
18.242
18.23
18.218
18.206
18.194
18.182
18.17
18.158
18.146
18.133
18.121
18.109
18.097
18.085
18.072
18.06
18.048
18.035
18.023
18.011
17.998
17.986
17.973
17.961
17.948
17.936
17.923
17.911
17.898
17.886
17.873
17.861
17.848
17.835
17.823
17.81
17.797
17.784
17.772
17.759
17.746
17.733
17.721
17.708
17.695
17.682
17.669
17.656
17.643
17.63
17.617
17.604
17.591
17.578
17.565
17.552
17.539
17.526
17.512
17.499
17.486
17.473
17.46
17.446
17.433
17.42
17.407
17.393
17.38
17.367
17.353
17.34
17.326
17.313
17.3
17.286
17.273
17.259
17.246
17.232
17.219
17.205
17.191
17.178
17.164
17.151
17.137
17.123
17.11
17.096
17.082
17.068
17.055
17.041
17.027
17.013
16.999
16.986
16.972
16.958
16.944
16.93
16.916
16.902
16.888
16.874
16.86
16.846
16.832
16.818
16.804
16.79
16.776
16.762
16.748
16.734
16.719
16.705
16.691
16.677
16.663
16.648
16.634
16.62
16.606
16.591
16.577
16.563
16.548
16.534
16.52
16.505
16.491
16.476
16.462
16.447
16.433
16.419
16.404
16.39
16.375
16.36
16.346
16.331
16.317
16.302
16.288
16.273
16.258
16.244
16.229
16.214
16.2
16.185
16.17
16.155
16.141
16.126
16.111
16.096
16.082
16.067
16.052
16.037
16.022
16.007
15.992
15.978
15.963
15.948
15.933
15.918
15.903
15.888
15.873
15.858
15.843
15.828
15.813
15.798
15.783
15.768
15.753
15.737
15.722
15.707
15.692
15.677
15.662
15.647
15.631
15.616
15.601
15.586
15.57
15.555
15.54
15.525
15.509
15.494
15.479
15.463
15.448
15.433
15.417
15.402
15.387
15.371
15.356
15.341
15.325
15.31
15.294
15.279
15.263
15.248
15.232
15.217
15.201
15.186
15.17
15.155
15.139
15.124
15.108
15.093
15.077
15.061
15.046
15.03
15.014
14.999
14.983
14.968
14.952
14.936
14.92
14.905
14.889
14.873
14.858
14.842
14.826
14.81
14.795
14.779
14.763
14.747
14.731
14.716
14.7
14.684
14.668
14.652
14.636
14.621
14.605
14.589
14.573
14.557
14.541
14.525
14.509
14.493
14.477
14.462
14.446
14.43
14.414
14.398
14.382
14.366
14.35
14.334
14.318
14.302
14.286
14.27
14.254
14.237
14.221
14.205
14.189
14.173
14.157
14.141
14.125
14.109
14.093
14.077
14.06
14.044
14.028
14.012
13.996
13.98
13.963
13.947
13.931
13.915
13.899
13.882
13.866
13.85
13.834
13.818
13.801
13.785
13.769
13.753
13.736
13.72
13.704
13.688
13.671
13.655
13.639
13.622
13.606
13.59
13.573
13.557
13.541
13.524
13.508
13.492
13.475
13.459
13.443
13.426
13.41
13.394
13.377
13.361
13.344
13.328
13.312
13.295
13.279
13.263
13.246
13.23
13.213
13.197
13.18
13.164
13.148
13.131
13.115
13.098
13.082
13.065
13.049
13.032
13.016
12.999
12.983
12.967
12.95
12.934
12.917
12.901
12.884
12.868
12.851
12.835
12.818
12.802
12.785
12.769
12.752
12.736
12.719
12.703
12.686
12.669
12.653
12.636
12.62
12.603
12.587
12.57
12.554
12.537
12.521
12.504
12.488
12.471
12.454
12.438
12.421
12.405
12.388
12.372
12.355
12.339
12.322
12.305
12.289
12.272
12.256
12.239
12.223
12.206
12.189
12.173
12.156
12.14
12.123
12.106
12.09
12.073
12.057
12.04
12.024
12.007
11.99
11.974
11.957
11.941
11.924
11.908
11.891
11.874
11.858
11.841
11.825
11.808
11.791
11.775
11.758
11.742
11.725
11.709
11.692
11.675
11.659
11.642
11.626
11.609
11.593
11.576
11.559
11.543
11.526
11.51
11.493
11.477
11.46
11.443
11.427
11.41
11.394
11.377
11.361
11.344
11.328
11.311
11.294
11.278
11.261
11.245
11.228
11.212
11.195
11.179
11.162
11.146
11.129
11.113
11.096
11.08
11.063
11.047
11.03
11.014
10.997
10.98
10.964
10.948
10.931
10.915
10.898
10.882
10.865
10.849
10.832
10.816
10.799
10.783
10.766
10.75
10.733
10.717
10.7
10.684
10.668
10.651
10.635
10.618
10.602
10.585
10.569
10.553
10.536
10.52
10.503
10.487
10.471
10.454
10.438
10.422
10.405
10.389
10.372
10.356
10.34
10.323
10.307
10.291
10.274
10.258
10.242
10.225
10.209
10.193
10.177
10.16
10.144
10.128
10.111
10.095
10.079
10.063
10.046
10.03
10.014
9.998
9.981
9.965
9.949
9.933
9.917
9.9
9.884
9.868
9.852
9.836
9.82
9.803
9.787
9.771
9.755
9.739
9.723
9.707
9.691
9.674
9.658
9.642
9.626
9.61
9.594
9.578
9.562
9.546
9.53
9.514
9.498
9.482
9.466
9.45
9.434
9.418
9.402
9.386
9.37
9.354
9.338
9.322
9.306
9.29
9.274
9.258
9.243
9.227
9.211
9.195
9.179
9.163
9.147
9.132
9.116
9.1
9.084
9.068
9.053
9.037
9.021
9.005
8.992
8.979
8.967
8.954
8.942
8.929
8.917
8.904
8.892
8.879
8.867
8.854
8.842
8.83
8.817
8.805
8.792
8.78
8.768
8.755
8.743
8.731
8.718
8.706
8.694
8.681
8.669
8.657
8.645
8.632
8.62
8.608
8.596
8.583
8.571
8.559
8.547
8.534
8.522
8.51
8.498
8.486
8.474
8.462
8.449
8.437
8.425
8.413
8.401
8.389
8.377
8.365
8.353
8.341
8.329
8.317
8.305
8.293
8.281
8.269
8.257
8.245
8.233
8.221
8.209
8.197
8.185
8.173
8.161
8.149
8.137
8.126
8.114
8.102
8.09
8.078
8.066
8.054
8.043
8.031
8.019
8.007
7.995
7.984
7.972
7.96
7.948
7.937
7.925
7.913
7.902
7.89
7.878
7.867
7.855
7.843
7.832
7.82
7.808
7.797
7.785
7.773
7.762
7.75
7.739
7.727
7.716
7.704
7.693
7.681
7.669
7.658
7.646
7.635
7.623
7.612
7.601
7.589
7.578
7.566
7.555
7.543
7.532
7.52
7.509
7.498
7.486
7.475
7.464
7.452
7.441
7.43
7.418
7.407
7.396
7.384
7.373
7.362
7.351
7.339
7.328
7.317
7.306
7.294
7.283
7.272
7.261
7.249
7.238
7.227
7.216
7.205
7.194
7.183
7.171
7.16
7.149
7.138
7.127
7.116
7.105
7.094
7.083
7.072
7.061
7.05
7.039
7.028
7.017
7.006
6.995
6.984
6.973
6.962
6.951
6.94
6.929
6.918
6.907
6.896
6.885
6.874
6.864
6.853
6.842
6.831
6.82
6.809
6.798
6.788
6.777
6.766
6.755
6.744
6.734
6.723
6.712
6.701
6.691
6.68
6.669
6.659
6.648
6.637
6.626
6.616
6.605
6.594
6.584
6.573
6.563
6.552
6.541
6.531
6.52
6.51
6.499
6.488
6.478
6.467
6.457
6.446
6.436
6.425
6.415
6.404
6.394
6.383
6.373
6.362
6.352
6.341
6.331
6.321
6.31
6.3
6.289
6.279
6.269
6.258
6.248
6.237
6.227
6.217
6.206
6.196
6.186
6.176
6.165
6.155
6.145
6.134
6.124
6.114
6.104
6.093
6.083
6.073
6.063
6.053
6.042
6.032
6.022
6.012
6.002
5.992
5.981
5.971
5.961
5.951
5.941
5.931
5.921
5.911
5.901
5.891
5.88
5.87
5.86
5.85
5.84
5.83
5.82
5.81
5.8
5.79
5.78
5.77
5.761
5.751
5.741
5.731
5.721
5.711
5.701
5.691
5.681
5.671
5.662
5.652
5.642
5.632
5.622
5.612
5.603
5.593
5.583
5.573
5.563
5.554
5.544
5.534
5.524
5.515
5.505
5.495
5.486
5.476
5.466
5.456
5.447
5.437
5.427
5.418
5.408
5.399
5.389
5.379
5.37
5.36
5.351
5.341
5.331
5.322
5.312
5.303
5.293
5.284
5.274
5.265
5.255
5.246
5.236
5.227
5.217
5.208
5.198
5.189
5.179
5.17
5.161
5.151
5.142
5.132
5.123
5.114
5.104
5.095
5.086
5.076
5.067
5.058
5.048
5.039
5.03
5.02
5.011
5.002
4.992
4.983
4.974
4.965
4.956
4.946
4.937
4.928
4.919
4.909
4.9
4.891
4.882
4.873
4.864
4.855
4.845
4.836
4.827
4.818
4.809
4.8
4.791
4.782
4.773
4.764
4.755
4.746
4.737
4.727
4.718
4.709
4.7
4.691
4.683
4.674
4.665
4.656
4.647
4.638
4.629
4.62
4.611
4.602
4.593
4.584
4.575
4.567
4.558
4.549
4.54
4.531
4.522
4.513
4.505
4.496
4.487
4.478
4.47
4.461
4.452
4.443
4.434
4.426
4.417
4.408
4.4
4.391
4.382
4.374
4.365
4.356
4.347
4.339
4.33
4.322
4.313
4.304
4.296
4.287
4.278
4.27
4.261
4.253
4.244
4.236
4.227
4.219
4.21
4.201
4.193
4.184
4.176
4.167
4.159
4.151
4.142
4.134
4.125
4.117
4.108
4.1
4.091
4.083
4.075
4.066
4.058
4.049
4.041
4.033
4.024
4.016
4.008
3.999
3.991
3.983
3.974
3.966
3.958
3.95
3.941
3.933
3.925
3.917
3.908
3.9
3.892
3.884
3.876
3.867
3.859
3.851
3.843
3.835
3.826
3.818
3.81
3.802
3.794
3.786
3.778
3.77
3.762
3.753
3.745
3.737
3.729
3.721
3.713
3.705
3.697
3.689
3.681
3.673
3.665
3.657
3.649
3.641
3.633
3.625
3.617
3.609
3.601
3.594
3.586
3.578
3.57
3.562
3.554
3.546
3.538
3.53
3.523
3.515
3.507
3.499
3.491
3.483
3.476
3.468
3.46
3.452
3.445
3.437
3.429
3.421
3.414
3.406
3.398
3.39
3.383
3.375
3.367
3.36
3.352
3.344
3.337
3.329
3.321
3.314
3.306
3.299
3.291
3.283
3.276
3.268
3.261
3.253
3.245
3.238
3.23
3.223
3.215
3.208
3.2
3.193
3.185
3.178
3.17
3.163
3.155
3.148
3.14
3.133
3.126
3.118
3.111
3.103
3.096
3.089
3.081
3.074
3.066
3.059
3.052
3.044
3.037
3.03
3.022
3.015
3.008
3.0
2.993
2.986
2.979
2.971
2.964
2.957
2.95
2.942
2.935
2.928
2.921
2.913
2.906
2.899
2.892
2.885
2.878
2.87
2.863
2.856
2.849
2.842
2.835
2.828
2.821
2.813
2.806
2.799
2.792
2.785
2.778
2.771
2.764
2.757
2.75
2.743
2.736
2.729
2.722
2.715
2.708
2.701
2.694
2.687
2.68
2.673
2.666
2.659
2.652
2.646
2.639
2.632
2.625
2.618
2.611
2.604
2.597
2.591
2.584
2.577
2.57
2.563
2.556
2.55
2.543
2.536
2.529
2.523
2.516
2.509
2.502
2.496
2.489
2.482
2.475
2.469
2.462
2.455
2.449
2.442
2.435
2.429
2.422
2.415
2.409
2.402
2.395
2.389
2.382
2.376
2.369
2.362
2.356
2.349
2.343
2.336
2.33
2.323
2.317
2.31
2.304
2.297
2.291
2.284
2.278
2.271
2.265
2.258
2.252
2.245
2.239
2.232
2.226
2.22
2.213
2.207
2.2
2.194
2.188
2.181
2.175
2.168
2.162
2.156
2.149
2.143
2.137
2.131
2.124
2.118
2.112
2.105
2.099
2.093
2.087
2.08
2.074
2.068
2.062
2.055
2.049
2.043
2.037
2.031
2.024
2.018
2.012
2.006
2.0
1.994
1.988
1.981
1.975
1.969
1.963
1.957
1.951
1.945
1.939
1.933
1.927
1.921
1.914
1.908
1.902
1.896
1.89
1.884
1.878
1.872
1.866
1.86
1.854
1.848
1.843
1.837
1.831
1.825
1.819
1.813
1.807
1.801
1.795
1.789
1.783
1.777
1.772
1.766
1.76
1.754
1.748
1.742
1.737
1.731
1.725
1.719
1.713
1.708
1.702
1.696
1.69
1.685
1.679
1.673
1.667
1.662
1.656
1.65
1.644
1.639
1.633
1.627
1.622
1.616
1.61
1.605
1.599
1.593
1.588
1.582
1.577
1.571
1.565
1.56
1.554
1.549
1.543
1.537
1.532
1.526
1.521
1.515
1.51
1.504
1.499
1.493
1.488
1.482
1.477
1.471
1.466
1.46
1.455
1.449
1.444
1.439
1.433
1.428
1.422
1.417
1.412
1.406
1.401
1.395
1.39
1.385
1.379
1.374
1.369
1.363
1.358
1.353
1.347
1.342
1.337
1.332
1.326
1.321
1.316
1.31
1.305
1.3
1.295
1.289
1.284
1.279
1.274
1.269
1.263
1.258
1.253
1.248
1.243
1.238
1.232
1.227
1.222
1.217
1.212
1.207
1.202
1.197
1.192
1.186
1.181
1.176
1.171
1.166
1.161
1.156
1.151
1.146
1.141
1.136
1.131
1.126
1.121
1.116
1.111
1.106
1.101
1.096
1.091
1.086
1.081
1.076
1.071
1.067
1.062
1.057
1.052
1.047
1.042
1.037
1.032
1.028
1.023
1.018
1.013
1.008
1.003
0.999
0.994
0.989
0.984
0.979
0.975
0.97
0.965
0.96
0.956
0.951
0.946
0.941
0.937
0.932
0.927
0.923
0.918
0.913
0.908
0.904
0.899
0.894
0.89
0.885
0.881
0.876
0.871
0.867
0.862
0.857
0.853
0.848
0.844
0.839
0.835
0.83
0.825
0.821
0.816
0.812
0.807
0.803
0.798
0.794
0.789
0.785
0.78
0.776
0.771
0.767
0.762
0.758
0.754
0.749
0.745
0.74
0.736
0.731
0.727
0.723
0.718
0.714
0.71
0.705
0.701
0.696
0.692
0.688
0.683
0.679
0.675
0.671
0.666
0.662
0.658
0.653
0.649
0.645
0.641
0.636
0.632
0.628
0.624
0.619
0.615
0.611
0.607
0.603
0.598
0.594
0.59
0.586
0.582
0.577
0.573
0.569
0.565
0.561
0.557
0.553
0.549
0.544
0.54
0.536
0.532
0.528
0.524
0.52
0.516
0.512
0.508
0.504
0.5
0.496
0.492
0.488
0.484
0.48
0.476
0.472
0.468
0.464
0.46
0.456
0.452
0.448
0.444
0.44
0.436
0.432
0.429
0.425
0.421
0.417
0.413
0.409
0.405
0.401
0.398
0.394
0.39
0.386
0.382
0.378
0.375
0.371
0.367
0.363
0.359
0.356
0.352
0.348
0.344
0.341
0.337
0.333
0.329
0.326
0.322
0.318
0.315
0.311
0.307
0.304
0.3
0.296
0.293
0.289
0.285
0.282
0.278
0.274
0.271
0.267
0.263
0.26
0.256
0.253
0.249
0.246
0.242
0.238
0.235
0.231
0.228
0.224
0.221
0.217
0.214
0.21
0.207
0.203
0.2
0.196
0.193
0.189
0.186
0.182
0.179
0.175
0.172
0.169
0.165
0.162
0.158
0.155
0.152
0.148
0.145
0.141
0.138
0.135
0.131
0.128
0.125
0.121
0.118
0.115
0.111
0.108
0.105
0.101
0.098
0.095
0.092
0.088
0.085
0.082
0.079
0.075
0.072
0.069
0.066
0.062
0.059
0.056
0.053
0.05
0.046
0.043
0.04
0.037
0.034
0.031
0.027
0.024
0.021
0.018
0.015
0.012
0.009
0.006
0.002
-0.001
-0.004
-0.007
-0.01
-0.013
-0.016
-0.019
-0.022
-0.025
-0.028
-0.031
-0.034
-0.037
-0.04
-0.043
-0.046
-0.049
-0.052
-0.055
-0.058
-0.061
-0.064
-0.067
-0.07
-0.073
-0.076
-0.079
-0.081
-0.084
-0.087
-0.09
-0.093
-0.096
-0.099
-0.102
-0.105
-0.107
-0.11
-0.113
-0.116
-0.119
-0.122
-0.124
-0.127
-0.13
-0.133
-0.136
-0.138
-0.141
-0.144
-0.147
-0.149
-0.152
-0.155
-0.158
-0.16
-0.163
-0.166
-0.169
-0.171
-0.174
-0.177
-0.179
-0.182
-0.185
-0.187
-0.19
-0.193
-0.195
-0.198
-0.201
-0.203
-0.206
-0.209
-0.211
-0.214
-0.216
-0.219
-0.222
-0.224
-0.227
-0.229
-0.232
-0.234
-0.237
-0.239
-0.242
-0.245
-0.247
-0.25
-0.252
-0.255
-0.257
-0.26
-0.262
-0.265
-0.267
-0.27
-0.272
-0.274
-0.277
-0.279
-0.282
-0.284
-0.287
-0.289
-0.291
-0.294
-0.296
-0.299
-0.301
-0.303
-0.306
-0.308
-0.31
-0.313
-0.315
-0.318
-0.32
-0.322
-0.325
-0.327
-0.329
-0.331
-0.334
-0.336
-0.338
-0.341
-0.343
-0.345
-0.347
-0.35
-0.352
-0.354
-0.356
-0.359
-0.361
-0.363
-0.365
-0.368
-0.37
-0.372
-0.374
-0.376
-0.378
-0.381
-0.383
-0.385
-0.387
-0.389
-0.391
-0.394
-0.396
-0.398
-0.4
-0.402
-0.404
-0.406
-0.408
-0.41
-0.412
-0.415
-0.417
-0.419
-0.421
-0.423
-0.425
-0.427
-0.429
-0.431
-0.433
-0.435
-0.437
-0.439
-0.441
-0.443
-0.445
-0.447
-0.449
-0.451
-0.453
-0.455
-0.457
-0.459
-0.46
-0.462
-0.464
-0.466
-0.468
-0.47
-0.472
-0.474
-0.476
-0.478
-0.479
-0.481
-0.483
-0.485
-0.487
-0.489
-0.491
-0.492
-0.494
-0.496
-0.498
-0.5
-0.501
-0.503
-0.505
-0.507
-0.509
-0.51
-0.512
-0.514
-0.516
-0.517
-0.519
-0.521
-0.523
-0.524
-0.526
-0.528
-0.529
-0.531
-0.533
-0.534
-0.536
-0.538
-0.539
-0.541
-0.543
-0.544
-0.546
-0.548
-0.549
-0.551
-0.553
-0.554
-0.556
-0.557
-0.559
-0.561
-0.562
-0.564
-0.565
-0.567
-0.568
-0.57
-0.572
-0.573
-0.575
-0.576
-0.578
-0.579
-0.581
-0.582
-0.584
-0.585
-0.587
-0.588
-0.59
-0.591
-0.593
-0.594
-0.596
-0.597
-0.598
-0.6
-0.601
-0.603
-0.604
-0.606
-0.607
-0.608
-0.61
-0.611
-0.613
-0.614
-0.615
-0.617
-0.618
-0.619
-0.621
-0.622
-0.623
-0.625
-0.626
-0.627
-0.629
-0.63
-0.631
-0.633
-0.634
-0.635
-0.636
-0.638
-0.639
-0.64
-0.642
-0.643
-0.644
-0.645
-0.646
-0.648
-0.649
-0.65
-0.651
-0.653
-0.654
-0.655
-0.656
-0.657
-0.658
-0.66
-0.661
-0.662
-0.663
-0.664
-0.665
-0.667
-0.668
-0.669
-0.67
-0.671
-0.672
-0.673
-0.674
-0.675
-0.676
-0.678
-0.679
-0.68
-0.681
-0.682
-0.683
-0.684
-0.685
-0.686
-0.687
-0.688
-0.689
-0.69
-0.691
-0.692
-0.693
-0.694
-0.695
-0.696
-0.697
-0.698
-0.699
-0.7
-0.701
-0.702
-0.703
-0.704
-0.705
-0.705
-0.706
-0.707
-0.708
-0.709
-0.71
-0.711
-0.712
-0.713
-0.713
-0.714
-0.715
-0.716
-0.717
-0.718
-0.719
-0.719
-0.72
-0.721
-0.722
-0.723
-0.723
-0.724
-0.725
-0.726
-0.727
-0.727
-0.728
-0.729
-0.73
-0.73
-0.731
-0.732
-0.733
-0.733
-0.734
-0.735
-0.735
-0.736
-0.737
-0.738
-0.738
-0.739
-0.74
-0.74
-0.741
-0.742
-0.742
-0.743
-0.744
-0.744
-0.745
-0.745
-0.746
-0.747
-0.747
-0.748
-0.748
-0.749
-0.75
-0.75
-0.751
-0.751
-0.752
-0.753
-0.753
-0.754
-0.754
-0.755
-0.755
-0.756
-0.756
-0.757
-0.757
-0.758
-0.758
-0.759
-0.759
-0.76
-0.76
-0.761
-0.761
-0.762
-0.762
-0.763
-0.763
-0.763
-0.764
-0.764
-0.765
-0.765
-0.766
-0.766
-0.766
-0.767
-0.767
-0.768
-0.768
-0.768
-0.769
-0.769
-0.769
-0.77
-0.77
-0.77
-0.771
-0.771
-0.771
-0.772
-0.772
-0.772
-0.773
-0.773
-0.773
-0.774
-0.774
-0.774
-0.774
-0.775
-0.775
-0.775
-0.775
-0.776
-0.776
-0.776
-0.776
-0.777
-0.777
-0.777
-0.777
-0.777
-0.778
-0.778
-0.778
-0.778
-0.778
-0.779
-0.779
-0.779
-0.779
-0.779
-0.779
-0.78
-0.78
-0.78
-0.78
-0.78
-0.78
-0.78
-0.78
-0.78
-0.781
-0.781
-0.781
-0.781
-0.781
-0.781
-0.781
-0.781
-0.781
-0.781
-0.781
-0.781
-0.781
-0.781
-0.781
-0.781
-0.781
-0.781
-0.781
-0.781
-0.781
-0.781
-0.781
-0.781
-0.781
-0.781
-0.781
-0.781
-0.781
-0.781
-0.781
-0.781
-0.781
-0.781
-0.78
-0.78
-0.78
-0.78
-0.78
-0.78
-0.78
-0.78
-0.78
-0.779
-0.779
-0.779
-0.779
-0.779
-0.779
-0.779
-0.778
-0.778
-0.778
-0.778
-0.778
-0.777
-0.777
-0.777
-0.777
-0.777
-0.776
-0.776
-0.776
-0.776
-0.775
-0.775
-0.775
-0.775
-0.774
-0.774
-0.774
-0.774
-0.773
-0.773
-0.773
-0.772
-0.772
-0.772
-0.771
-0.771
-0.771
-0.771
-0.77
-0.77
-0.769
-0.769
-0.769
-0.768
-0.768
-0.768
-0.767
-0.767
-0.767
-0.766
-0.766
-0.765
-0.765
-0.765
-0.764
-0.764
-0.763
-0.763
-0.762
-0.762
-0.762
-0.761
-0.761
-0.76
-0.76
-0.759
-0.759
-0.758
-0.758
-0.757
-0.757
-0.756
-0.756
-0.755
-0.755
-0.754
-0.754
-0.753
-0.753
-0.752
-0.752
-0.751
-0.75
-0.75
-0.749
-0.749
-0.748
-0.748
-0.747
-0.746
-0.746
-0.745
-0.745
-0.744
-0.743
-0.743
-0.742
-0.741
-0.741
-0.74
-0.74
-0.739
-0.738
-0.738
-0.737
-0.736
-0.736
-0.735
-0.734
-0.733
-0.733
-0.732
-0.731
-0.731
-0.73
-0.729
-0.728
-0.728
-0.727
-0.726
-0.726
-0.725
-0.724
-0.723
-0.722
-0.722
-0.721
-0.72
-0.719
-0.719
-0.718
-0.717
-0.716
-0.715
-0.715
-0.714
-0.713
-0.712
-0.711
-0.71
-0.71
-0.709
-0.708
-0.707
-0.706
-0.705
-0.704
-0.704
-0.703
-0.702
-0.701
-0.7
-0.699
-0.698
-0.697
-0.696
-0.695
-0.694
-0.694
-0.693
-0.692
-0.691
-0.69
-0.689
-0.688
-0.687
-0.686
-0.685
-0.684
-0.683
-0.682
-0.681
-0.68
-0.679
-0.678
-0.677
-0.676
-0.675
-0.674
-0.673
-0.672
-0.671
-0.67
-0.669
-0.668
-0.667
-0.666
-0.664
-0.663
-0.662
-0.661
-0.66
-0.659
-0.658
-0.657
-0.656
-0.655
-0.654
-0.652
-0.651
-0.65
-0.649
-0.648
-0.647
-0.646
-0.644
-0.643
-0.642
-0.641
-0.64
-0.639
-0.637
-0.636
-0.635
-0.634
-0.633
-0.631
-0.63
-0.629
-0.628
-0.627
-0.625
-0.624
-0.623
-0.622
-0.62
-0.619
-0.618
-0.617
-0.615
-0.614
-0.613
-0.611
-0.61
-0.609
-0.608
-0.606
-0.605
-0.604
-0.602
-0.601
-0.6
-0.598
-0.597
-0.596
-0.594
-0.593
-0.592
-0.59
-0.589
-0.588
-0.586
-0.585
-0.583
-0.582
-0.581
-0.579
-0.578
-0.577
-0.575
-0.574
-0.572
-0.571
-0.569
-0.568
-0.567
-0.565
-0.564
-0.562
-0.561
-0.559
-0.558
-0.556
-0.555
-0.553
-0.552
-0.55
-0.549
-0.548
-0.546
-0.545
-0.543
-0.541
-0.54
-0.538
-0.537
-0.535
-0.534
-0.532
-0.531
-0.529
-0.528
-0.526
-0.525
-0.523
-0.521
-0.52
-0.518
-0.517
-0.515
-0.514
-0.512
-0.51
-0.509
-0.507
-0.506
-0.504
-0.502
-0.501
-0.499
-0.497
-0.496
-0.494
-0.492
-0.491
-0.489
-0.487
-0.486
-0.484
-0.482
-0.481
-0.479
-0.477
-0.476
-0.474
-0.472
-0.471
-0.469
-0.467
-0.465
-0.464
-0.462
-0.46
-0.458
-0.457
-0.455
-0.453
-0.451
-0.45
-0.448
-0.446
-0.444
-0.443
-0.441
-0.439
-0.437
-0.435
-0.434
-0.432
-0.43
-0.428
-0.426
-0.425
-0.423
-0.421
-0.419
-0.417
-0.415
-0.414
-0.412
-0.41
-0.408
-0.406
-0.404
-0.402
-0.401
-0.399
-0.397
-0.395
-0.393
-0.391
-0.389
-0.387
-0.385
-0.383
-0.382
-0.38
-0.378
-0.376
-0.374
-0.372
-0.37
-0.368
-0.366
-0.364
-0.362
-0.36
-0.358
-0.356
-0.354
-0.352
-0.35
-0.348
-0.346
-0.344
-0.342
-0.34
-0.338
-0.336
-0.334
-0.332
-0.33
-0.328
-0.326
-0.324
-0.322
-0.32
-0.318
-0.316
-0.314
-0.312
-0.309
-0.307
-0.305
-0.303
-0.301
-0.299
-0.297
-0.295
-0.293
-0.291
-0.288
-0.286
-0.284
-0.282
-0.28
-0.278
-0.276
-0.274
-0.271
-0.269
-0.267
-0.265
-0.263
-0.261
-0.258
-0.256
-0.254
-0.252
-0.25
-0.247
-0.245
-0.243
-0.241
-0.239
-0.236
-0.234
-0.232
-0.23
-0.227
-0.225
-0.223
-0.221
-0.219
-0.216
-0.214
-0.212
-0.209
-0.207
-0.205
-0.203
-0.2
-0.198
-0.196
-0.193
-0.191
-0.189
-0.187
-0.184
-0.182
-0.18
-0.177
-0.175
-0.173
-0.17
-0.168
-0.166
-0.163
-0.161
-0.159
-0.156
-0.154
-0.151
-0.149
-0.147
-0.144
-0.142
-0.14
-0.137
-0.135
-0.132
-0.13
-0.128
-0.125
-0.123
-0.12
-0.118
-0.115
-0.113
-0.111
-0.108
-0.106
-0.103
-0.101
-0.098
-0.096
-0.093
-0.091
-0.088
-0.086
-0.083
-0.081
-0.078
-0.076
-0.073
-0.071
-0.068
-0.066
-0.063
-0.061
-0.058
-0.056
-0.053
-0.051
-0.048
-0.046
-0.043
-0.041
-0.038
-0.036
-0.033
-0.03
-0.028
-0.025
-0.023
-0.02
-0.018
-0.015
-0.012
-0.01
-0.007
-0.005
-0.002
0.001
0.003
0.006
0.009
0.011
0.014
0.016
0.019
0.022
0.024
0.027
0.03
0.032
0.035
0.038
0.04
0.043
0.046
0.048
0.051
0.054
0.056
0.059
0.062
0.065
0.067
0.07
0.073
0.075
0.078
0.081
0.084
0.086
0.089
0.092
0.095
0.097
0.1
0.103
0.106
0.108
0.111
0.114
0.117
0.119
0.122
0.125
0.128
0.131
0.133
0.136
0.139
0.142
0.145
0.148
0.15
0.153
0.156
0.159
0.162
0.165
0.167
0.17
0.173
0.176
0.179
0.182
0.185
0.187
0.19
0.193
0.196
0.199
0.202
0.205
0.208
0.211
0.213
0.216
0.219
0.222
0.225
0.228
0.231
0.234
0.237
0.24
0.243
0.246
0.249
0.252
0.255
0.257
0.26
0.263
0.266
0.269
0.272
0.275
0.278
0.281
0.284
0.287
0.29
0.293
0.296
0.299
0.302
0.305
0.308
0.311
0.314
0.318
0.321
0.324
0.327
0.33
0.333
0.336
0.339
0.342
0.345
0.348
0.351
0.354
0.357
0.36
0.364
0.367
0.37
0.373
0.376
0.379
0.382
0.385
0.388
0.391
0.395
0.398
0.401
0.404
0.407
0.41
0.413
0.417
0.42
0.423
0.426
0.429
0.432
0.436
0.439
0.442
0.445
0.448
0.452
0.455
0.458
0.461
0.464
0.468
0.471
0.474
0.477
0.48
0.484
0.487
0.49
0.493
0.497
0.5
0.503
0.506
0.51
0.513
0.516
0.519
0.523
0.526
0.529
0.532
0.536
0.539
0.542
0.546
0.549
0.552
0.556
0.559
0.562
0.565
0.569
0.572
0.575
0.579
0.582
0.585
0.589
0.592
0.595
0.599
0.602
0.605
0.609
0.612
0.616
0.619
0.622
0.626
0.629
0.632
0.636
0.639
0.643
0.646
0.649
0.653
0.656
0.66
0.663
0.666
0.67
0.673
0.677
0.68
0.684
0.687
0.69
0.694
0.697
0.701
0.704
0.708
0.711
0.715
0.718
0.722
0.725
0.729
0.732
0.736
0.739
0.742
0.746
0.749
0.753
0.756
0.76
0.764
0.767
0.771
0.774
0.778
0.781
0.785
0.788
0.792
0.795
0.799
0.802
0.806
0.809
0.813
0.817
0.82
0.824
0.827
0.831
0.834
0.838
0.842
0.845
0.849
0.852
0.856
0.86
0.863
0.867
0.87
0.874
0.878
0.881
0.885
0.888
0.892
0.896
0.899
0.903
0.907
0.91
0.914
0.918
0.921
0.925
0.929
0.932
0.936
0.94
0.943
0.947
0.951
0.954
0.958
0.962
0.965
0.969
0.973
0.976
0.98
0.984
0.988
0.991
0.995
0.999
1.008
1.019
1.03
1.041
1.053
1.064
1.075
1.087
1.098
1.109
1.121
1.132
1.144
1.155
1.166
1.178
1.189
1.2
1.212
1.223
1.234
1.246
1.257
1.269
1.28
1.291
1.303
1.314
1.326
1.337
1.348
1.36
1.371
1.383
1.394
1.405
1.417
1.428
1.44
1.451
1.463
1.474
1.485
1.497
1.508
1.52
1.531
1.543
1.554
1.566
1.577
1.589
1.6
1.611
1.623
1.634
1.646
1.657
1.669
1.68
1.692
1.703
1.715
1.726
1.738
1.749
1.761
1.772
1.784
1.795
1.807
1.819
1.83
1.842
1.853
1.865
1.876
1.888
1.899
1.911
1.922
1.934
1.946
1.957
1.969
1.98
1.992
2.003
2.015
2.027
2.038
2.05
2.061
2.073
2.085
2.096
2.108
2.119
2.131
2.143
2.154
2.166
2.177
2.189
2.201
2.212
2.224
2.236
2.247
2.259
2.271
2.282
2.294
2.305
2.317
2.329
2.34
2.352
2.364
2.375
2.387
2.399
2.41
2.422
2.434
2.446
2.457
2.469
2.481
2.492
2.504
2.516
2.527
2.539
2.551
2.563
2.574
2.586
2.598
2.609
2.621
2.633
2.645
2.656
2.668
2.68
2.692
2.703
2.715
2.727
2.739
2.75
2.762
2.774
2.786
2.798
2.809
2.821
2.833
2.845
2.856
2.868
2.88
2.892
2.904
2.915
2.927
2.939
2.951
2.963
2.974
2.986
2.998
3.01
3.022
3.034
3.045
3.057
3.069
3.081
3.093
3.105
3.116
3.128
3.14
3.152
3.164
3.176
3.188
3.2
3.211
3.223
3.235
3.247
3.259
3.271
3.283
3.295
3.306
3.318
3.33
3.342
3.354
3.366
3.378
3.39
3.402
3.414
3.426
3.437
3.449
3.461
3.473
3.485
3.497
3.509
3.521
3.533
3.545
3.557
3.569
3.581
3.593
3.605
3.617
3.629
3.641
3.652
3.664
3.676
3.688
3.7
3.712
3.724
3.736
3.748
3.76
3.772
3.784
3.796
3.808
3.82
3.832
3.844
3.856
3.868
3.88
3.892
3.904
3.917
3.929
3.941
3.953
3.965
3.977
3.989
4.001
4.013
4.025
4.037
4.049
4.061
4.073
4.085
4.097
4.109
4.121
4.133
4.146
4.158
4.17
4.182
4.194
4.206
4.218
4.23
4.242
4.254
4.266
4.279
4.291
4.303
4.315
4.327
4.339
4.351
4.363
4.375
4.388
4.4
4.412
4.424
4.436
4.448
4.46
4.473
4.485
4.497
4.509
4.521
4.533
4.545
4.558
4.57
4.582
4.594
4.606
4.618
4.631
4.643
4.655
4.667
4.679
4.692
4.704
4.716
4.728
4.74
4.753
4.765
4.777
4.789
4.801
4.814
4.826
4.838
4.85
4.862
4.875
4.887
4.899
4.911
4.924
4.936
4.948
4.96
4.973
4.985
4.997
5.009
5.022
5.034
5.046
5.058
5.071
5.083
5.095
5.107
5.12
5.132
5.144
5.156
5.169
5.181
5.193
5.206
5.218
5.23
5.243
5.255
5.267
5.279
5.292
5.304
5.316
5.329
5.341
5.353
5.366
5.378
5.39
5.403
5.415
5.427
5.44
5.452
5.464
5.477
5.489
5.501
5.514
5.526
5.538
5.551
5.563
5.575
5.588
5.6
5.612
5.625
5.637
5.65
5.662
5.674
5.687
5.699
5.711
5.724
5.736
5.749
5.761
5.773
5.786
5.798
5.811
5.823
5.835
5.848
5.86
5.873
5.885
5.897
5.91
5.922
5.935
5.947
5.96
5.972
5.984
5.997
6.009
6.022
6.034
6.047
6.059
6.072
6.084
6.096
6.109
6.121
6.134
6.146
6.159
6.171
6.184
6.196
6.209
6.221
6.234
6.246
6.258
6.271
6.283
6.296
6.308
6.321
6.333
6.346
6.358
6.371
6.383
6.396
6.408
6.421
6.433
6.446
6.458
6.471
6.483
6.496
6.508
6.521
6.534
6.546
6.559
6.571
6.584
6.596
6.609
6.621
6.634
6.646
6.659
6.671
6.684
6.697
6.709
6.722
6.734
6.747
6.759
6.772
6.784
6.797
6.81
6.822
6.835
6.847
6.86
6.872
6.885
6.898
6.91
6.923
6.935
6.948
6.961
6.973
6.986
6.998
7.011
7.024
7.036
7.049
7.061
7.074
7.087
7.099
7.112
7.125
7.137
7.15
7.162
7.175
7.188
7.2
7.213
7.226
7.238
7.251
7.263
7.276
7.289
7.301
7.314
7.327
7.339
7.352
7.365
7.377
7.39
7.403
7.415
7.428
7.441
7.453
7.466
7.479
7.491
7.504
7.517
7.529
7.542
7.555
7.567
7.58
7.593
7.606
7.618
7.631
7.644
7.656
7.669
7.682
7.694
7.707
7.72
7.733
7.745
7.758
7.771
7.783
7.796
7.809
7.822
7.834
7.847
7.86
7.873
7.885
7.898
7.911
7.924
7.936
7.949
7.962
7.974
7.987
8.0
