12.0
11.969
11.939
11.908
11.878
11.847
11.817
11.787
11.757
11.726
11.696
11.666
11.636
11.606
11.576
11.546
11.516
11.487
11.457
11.427
11.398
11.368
11.339
11.309
11.28
11.25
11.221
11.192
11.162
11.133
11.104
11.075
11.046
11.017
10.988
10.959
10.93
10.902
10.873
10.844
10.816
10.787
10.759
10.73
10.702
10.673
10.645
10.617
10.589
10.56
10.532
10.504
10.476
10.448
10.42
10.392
10.365
10.337
10.309
10.281
10.254
10.226
10.199
10.171
10.144
10.117
10.089
10.062
10.035
10.008
9.98
9.953
9.926
9.899
9.872
9.845
9.819
9.792
9.765
9.738
9.712
9.685
9.659
9.632
9.606
9.579
9.553
9.527
9.5
9.474
9.448
9.422
9.396
9.37
9.344
9.318
9.292
9.266
9.241
9.215
9.189
9.164
9.138
9.113
9.087
9.062
9.036
9.011
8.986
8.96
8.935
8.91
8.885
8.86
8.835
8.81
8.785
8.76
8.735
8.711
8.686
8.661
8.637
8.612
8.588
8.563
8.539
8.514
8.49
8.466
8.441
8.417
8.393
8.369
8.345
8.321
8.297
8.273
8.249
8.225
8.202
8.178
8.154
8.131
8.107
8.083
8.06
8.037
8.013
7.99
7.966
7.943
7.92
7.897
7.874
7.851
7.828
7.805
7.782
7.759
7.736
7.713
7.69
7.668
7.645
7.622
7.6
7.577
7.555
7.532
7.51
7.488
7.465
7.443
7.421
7.399
7.377
7.355
7.332
7.311
7.289
7.267
7.245
7.223
7.201
7.18
7.158
7.136
7.115
7.093
7.072
7.05
7.029
7.007
6.986
6.965
6.944
6.923
6.901
6.88
6.859
6.838
6.817
6.796
6.776
6.755
6.734
6.713
6.693
6.672
6.651
6.631
6.61
6.59
6.569
6.549
6.529
6.508
6.488
6.468
6.448
6.428
6.408
6.388
6.368
6.348
6.328
6.308
6.288
6.268
6.249
6.229
6.209
6.19
6.17
6.151
6.131
6.112
6.092
6.073
6.054
6.034
6.015
5.996
5.977
5.958
5.939
5.92
5.901
5.882
5.863
5.844
5.826
5.807
5.788
5.77
5.751
5.732
5.714
5.695
5.677
5.659
5.64
5.622
5.604
5.585
5.567
5.549
5.531
5.513
5.495
5.477
5.459
5.441
5.423
5.405
5.388
5.37
5.352
5.335
5.317
5.299
5.282
5.264
5.247
5.23
5.212
5.195
5.178
5.16
5.143
5.126
5.109
5.092
5.075
5.058
5.041
5.024
5.007
4.99
4.974
4.957
4.94
4.924
4.907
4.89
4.874
4.857
4.841
4.824
4.808
4.792
4.776
4.759
4.743
4.727
4.711
4.695
4.679
4.663
4.647
4.631
4.615
4.599
4.583
4.567
4.552
4.536
4.52
4.505
4.489
4.474
4.458
4.443
4.427
4.412
4.397
4.381
4.366
4.351
4.336
4.321
4.305
4.29
4.275
4.26
4.245
4.231
4.216
4.201
4.186
4.171
4.157
4.142
4.127
4.113
4.098
4.084
4.069
4.055
4.04
4.026
4.012
3.998
3.983
3.969
3.955
3.941
3.927
3.913
3.899
3.885
3.871
3.857
3.843
3.829
3.815
3.802
3.788
3.774
3.761
3.747
3.734
3.72
3.707
3.693
3.68
3.666
3.653
3.64
3.626
3.613
3.6
3.587
3.574
3.561
3.548
3.535
3.522
3.509
3.496
3.483
3.47
3.458
3.445
3.432
3.42
3.407
3.394
3.382
3.369
3.357
3.344
3.332
3.32
3.307
3.295
3.283
3.271
3.258
3.246
3.234
3.222
3.21
3.198
3.186
3.174
3.162
3.151
3.139
3.127
3.115
3.103
3.092
3.08
3.069
3.057
3.045
3.034
3.023
3.011
3.0
2.988
2.977
2.966
2.955
2.943
2.932
2.921
2.91
2.899
2.888
2.877
2.866
2.855
2.844
2.833
2.822
2.812
2.801
2.79
2.78
2.769
2.758
2.748
2.737
2.727
2.716
2.706
2.695
2.685
2.675
2.664
2.654
2.644
2.634
2.624
2.614
2.603
2.593
2.583
2.573
2.563
2.554
2.544
2.534
2.524
2.514
2.504
2.495
2.485
2.475
2.466
2.456
2.447
2.437
2.428
2.418
2.409
2.4
2.39
2.381
2.372
2.362
2.353
2.344
2.335
2.326
2.317
2.308
2.299
2.29
2.281
2.272
2.263
2.254
2.245
2.237
2.228
2.219
2.21
2.202
2.193
2.185
2.176
2.168
2.159
2.151
2.142
2.134
2.125
2.117
2.109
2.101
2.092
2.084
2.076
2.068
2.06
2.052
2.044
2.036
2.028
2.02
2.012
2.004
1.996
1.989
1.981
1.973
1.965
1.958
1.95
1.942
1.935
1.927
1.92
1.912
1.905
1.897
1.89
1.883
1.875
1.868
1.861
1.854
1.846
1.839
1.832
1.825
1.818
1.811
1.804
1.797
1.79
1.783
1.776
1.769
1.762
1.756
1.749
1.742
1.735
1.729
1.722
1.715
1.709
1.702
1.696
1.689
1.683
1.676
1.67
1.664
1.657
1.651
1.645
1.638
1.632
1.626
1.62
1.614
1.608
1.601
1.595
1.589
1.583
1.577
1.572
1.566
1.56
1.554
1.548
1.542
1.537
1.531
1.525
1.52
1.514
1.508
1.503
1.497
1.492
1.486
1.481
1.475
1.47
1.465
1.459
1.454
1.449
1.443
1.438
1.433
1.428
1.423
1.417
1.412
1.407
1.402
1.397
1.392
1.387
1.383
1.378
1.373
1.368
1.363
1.358
1.354
1.349
1.344
1.34
1.335
1.33
1.326
1.321
1.317
1.312
1.308
1.303
1.299
1.295
1.29
1.286
1.282
1.277
1.273
1.269
1.265
1.261
1.256
1.252
1.248
1.244
1.24
1.236
1.232
1.228
1.224
1.22
1.217
1.213
1.209
1.205
1.201
1.198
1.194
1.19
1.187
1.183
1.18
1.176
1.172
1.169
1.165
1.162
1.159
1.155
1.152
1.148
1.145
1.142
1.138
1.135
1.132
1.129
1.126
1.123
1.119
1.116
1.113
1.11
1.107
1.104
1.101
1.098
1.095
1.092
1.09
1.087
1.084
1.081
1.078
1.076
1.073
1.07
1.068
1.065
1.062
1.06
1.057
1.055
1.052
1.05
1.047
1.045
1.043
1.04
1.038
1.035
1.033
1.031
1.029
1.026
1.024
1.022
1.02
1.018
1.016
1.014
1.011
1.009
1.007
1.005
1.003
1.002
1.0
0.998
0.996
0.994
0.992
0.99
0.989
0.987
0.985
0.983
0.982
0.98
0.979
0.977
0.975
0.974
0.972
0.971
0.969
0.968
0.966
0.965
0.964
0.962
0.961
0.96
0.958
0.957
0.956
0.955
0.953
0.952
0.951
0.95
0.949
0.948
0.947
0.946
0.945
0.944
0.943
0.942
0.941
0.94
0.939
0.938
0.937
0.936
0.936
0.935
0.934
0.933
0.933
0.932
0.931
0.931
0.93
0.929
0.929
0.928
0.928
0.927
0.927
0.926
0.926
0.926
0.925
0.925
0.924
0.924
0.924
0.924
0.923
0.923
0.923
0.923
0.922
0.922
0.922
0.922
0.922
0.922
0.922
0.922
0.922
0.922
0.922
0.922
0.922
0.922
0.922
0.922
0.922
0.923
0.923
0.923
0.923
0.924
0.924
0.924
0.925
0.925
0.925
0.926
0.926
0.926
0.927
0.927
0.928
0.928
0.929
0.93
0.93
0.931
0.931
0.932
0.933
0.933
0.934
0.935
0.935
0.936
0.937
0.938
0.939
0.939
0.94
0.941
0.942
0.943
0.944
0.945
0.946
0.947
0.948
0.949
0.95
0.951
0.952
0.953
0.954
0.955
0.956
0.958
0.959
0.96
0.961
0.963
0.964
0.965
0.966
0.968
0.969
0.97
0.972
0.973
0.975
0.976
0.978
0.979
0.981
0.982
0.984
0.985
0.987
0.988
0.99
0.992
0.993
0.995
0.997
0.998
1.0
1.018
1.037
1.055
1.074
1.092
1.111
1.129
1.148
1.166
1.185
1.204
1.222
1.241
1.259
1.278
1.297
1.316
1.334
1.353
1.372
1.391
1.409
1.428
1.447
1.466
1.485
1.504
1.522
1.541
1.56
1.579
1.598
1.617
1.636
1.655
1.674
1.693
1.712
1.731
1.75
1.77
1.789
1.808
1.827
1.846
1.865
1.885
1.904
1.923
1.942
1.961
1.981
2.0
2.019
2.039
2.058
2.077
2.097
2.116
2.136
2.155
2.175
2.194
2.213
2.233
2.252
2.272
2.292
2.311
2.331
2.35
2.37
2.389
2.409
2.429
2.448
2.468
2.488
2.507
2.527
2.547
2.567
2.586
2.606
2.626
2.646
2.666
2.686
2.705
2.725
2.745
2.765
2.785
2.805
2.825
2.845
2.865
2.885
2.905
2.925
2.945
2.965
2.985
3.005
3.025
3.045
3.065
3.085
3.106
3.126
3.146
3.166
3.186
3.207
3.227
3.247
3.267
3.288
3.308
3.328
3.348
3.369
3.389
3.409
3.43
3.45
3.471
3.491
3.511
3.532
3.552
3.573
3.593
3.614
3.634
3.655
3.675
3.696
3.716
3.737
3.757
3.778
3.799
3.819
3.84
3.861
3.881
3.902
3.923
3.943
3.964
3.985
4.005
4.026
4.047
4.068
4.088
4.109
4.13
4.151
4.172
4.192
4.213
4.234
4.255
4.276
4.297
4.318
4.339
4.36
4.381
4.401
4.422
4.443
4.464
4.485
4.506
4.527
4.548
4.57
4.591
4.612
4.633
4.654
4.675
4.696
4.717
4.738
4.759
4.781
4.802
4.823
4.844
4.865
4.887
4.908
4.929
4.95
4.972
4.993
5.014
5.035
5.057
5.078
5.099
5.121
5.142
5.163
5.185
5.206
5.228
5.249
5.27
5.292
5.313
5.335
5.356
5.378
5.399
5.42
5.442
5.463
5.485
5.506
5.528
5.55
5.571
5.593
5.614
5.636
5.657
5.679
5.701
5.722
5.744
5.765
5.787
5.809
5.83
5.852
5.874
5.895
5.917
5.939
5.961
5.982
6.004
6.026
6.048
6.069
6.091
6.113
6.135
6.156
6.178
6.2
6.222
6.244
6.266
6.287
6.309
6.331
6.353
6.375
6.397
6.419
6.441
6.462
6.484
6.506
6.528
6.55
6.572
6.594
6.616
6.638
6.66
6.682
6.704
6.726
6.748
6.77
6.792
6.814
6.836
6.858
6.88
6.902
6.925
6.947
6.969
6.991
7.013
7.035
7.057
7.079
7.101
7.124
7.146
7.168
7.19
7.212
7.234
7.257
7.279
7.301
7.323
7.345
7.368
7.39
7.412
7.434
7.457
7.479
7.501
7.523
7.546
7.568
7.59
7.613
7.635
7.657
7.679
7.702
7.724
7.746
7.769
7.791
7.813
7.836
7.858
7.881
7.903
7.925
7.948
7.97
7.992
8.015
8.037
8.06
8.082
8.105
8.127
8.149
8.172
8.194
8.217
8.239
8.262
8.284
8.307
8.329
8.352
8.374
8.397
8.419
8.442
8.464
8.487
8.509
8.532
8.554
8.577
8.599
8.622
8.644
8.667
8.689
8.712
8.735
8.757
8.78
8.802
8.825
8.848
8.87
8.893
8.915
8.938
8.961
8.983
9.006
9.028
9.051
9.074
9.096
9.119
9.142
9.164
9.187
9.21
9.232
9.255
9.277
9.3
9.323
9.346
9.368
9.391
9.414
9.436
9.459
9.482
9.504
9.527
9.55
9.572
9.595
9.618
9.641
9.663
9.686
9.709
9.732
9.754
9.777
9.8
9.822
9.845
9.868
9.891
9.913
9.936
9.959
9.982
10.005
10.027
10.05
10.073
10.096
10.118
10.141
10.164
10.187
10.21
10.232
10.255
10.278
10.301
10.323
10.346
10.369
10.392
10.415
10.437
10.46
10.483
10.506
10.529
10.552
10.574
10.597
10.62
10.643
10.666
10.688
10.711
10.734
10.757
10.78
10.803
10.825
10.848
10.871
10.894
10.917
10.94
10.962
10.985
11.008
11.031
11.054
11.077
11.099
11.122
11.145
11.168
11.191
11.214
11.237
11.259
11.282
11.305
11.328
11.351
11.374
11.396
11.419
11.442
11.465
11.488
11.511
11.534
11.556
11.579
11.602
11.625
11.648
11.671
11.694
11.716
11.739
11.762
11.785
11.808
11.831
11.853
11.876
11.899
11.922
11.945
11.968
11.991
12.013
12.036
12.059
12.082
12.105
12.128
12.15
12.173
12.196
12.219
12.242
12.265
12.287
12.31
12.333
12.356
12.379
12.402
12.424
12.447
12.47
12.493
12.516
12.539
12.561
12.584
12.607
12.63
12.653
12.675
12.698
12.721
12.744
12.767
12.789
12.812
12.835
12.858
12.881
12.903
12.926
12.949
12.972
12.995
13.017
13.04
13.063
13.086
13.108
13.131
13.154
13.177
13.199
13.222
13.245
13.268
13.291
13.313
13.336
13.359
13.381
13.404
13.427
13.45
13.472
13.495
13.518
13.541
13.563
13.586
13.609
13.631
13.654
13.677
13.699
13.722
13.745
13.768
13.79
13.813
13.836
13.858
13.881
13.904
13.926
13.949
13.972
13.994
14.017
14.039
14.062
14.085
14.107
14.13
14.153
14.175
14.198
14.22
14.243
14.266
14.288
14.311
14.333
14.356
14.379
14.401
14.424
14.446
14.469
14.491
14.514
14.536
14.559
14.582
14.604
14.627
14.649
14.672
14.694
14.717
14.739
14.762
14.784
14.807
14.829
14.852
14.874
14.896
14.919
14.941
14.964
14.986
15.009
15.031
15.054
15.076
15.098
15.121
15.143
15.166
15.188
15.21
15.233
15.255
15.278
15.3
15.322
15.345
15.367
15.389
15.412
15.434
15.456
15.479
15.501
15.523
15.545
15.568
15.59
15.612
15.635
15.657
15.679
15.701
15.724
15.746
15.768
15.79
15.813
15.835
15.857
15.879
15.901
15.923
15.946
15.968
15.99
16.012
16.034
16.056
16.079
16.101
16.123
16.145
16.167
16.189
16.211
16.233
16.255
16.277
16.299
16.322
16.344
16.366
16.388
16.41
16.432
16.454
16.476
16.498
16.52
16.542
16.564
16.586
16.607
16.629
16.651
16.673
16.695
16.717
16.739
16.761
16.783
16.805
16.826
16.848
16.87
16.892
16.914
16.936
16.957
16.979
17.001
17.023
17.045
17.066
17.088
17.11
17.132
17.153
17.175
17.197
17.219
17.24
17.262
17.284
17.305
17.327
17.349
17.37
17.392
17.414
17.435
17.457
17.478
17.5
17.521
17.543
17.565
17.586
17.608
17.629
17.651
17.672
17.694
17.715
17.737
17.758
17.78
17.801
17.823
17.844
17.865
17.887
17.908
17.93
17.951
17.972
17.994
18.015
18.036
18.058
18.079
18.1
18.122
18.143
18.164
18.185
18.207
18.228
18.249
18.27
18.291
18.313
18.334
18.355
18.376
18.397
18.419
18.44
18.461
18.482
18.503
18.524
18.545
18.566
18.587
18.608
18.629
18.65
18.671
18.692
18.713
18.734
18.755
18.776
18.797
18.818
18.839
18.86
18.881
18.902
18.922
18.943
18.964
18.985
19.006
19.027
19.047
19.068
19.089
19.11
19.13
19.151
19.172
19.192
19.213
19.234
19.255
19.275
19.296
19.316
19.337
19.358
19.378
19.399
19.419
19.44
19.46
19.481
19.501
19.522
19.542
19.563
19.583
19.604
19.624
19.645
19.665
19.685
19.706
19.726
19.747
19.767
19.787
19.808
19.828
19.848
19.868
19.889
19.909
19.929
19.949
19.97
19.99
20.01
20.03
20.05
20.07
20.09
20.111
20.131
20.151
20.171
20.191
20.211
20.231
20.251
20.271
20.291
20.311
20.331
20.351
20.371
20.391
20.41
20.43
20.45
20.47
20.49
20.51
20.529
20.549
20.569
20.589
20.608
20.628
20.648
20.668
20.687
20.707
20.727
20.746
20.766
20.785
20.805
20.825
20.844
20.864
20.883
20.903
20.922
20.942
20.961
20.981
21.0
21.006
21.013
21.019
21.025
21.032
21.038
21.044
21.05
21.057
21.063
21.069
21.075
21.081
21.088
21.094
21.1
21.106
21.112
21.118
21.124
21.13
21.136
21.142
21.148
21.154
21.16
21.166
21.172
21.178
21.184
21.19
21.196
21.202
21.208
21.213
21.219
21.225
21.231
21.237
21.242
21.248
21.254
21.259
21.265
21.271
21.276
21.282
21.288
21.293
21.299
21.305
21.31
21.316
21.321
21.327
21.332
21.338
21.343
21.349
21.354
21.36
21.365
21.37
21.376
21.381
21.386
21.392
21.397
21.402
21.408
21.413
21.418
21.424
21.429
21.434
21.439
21.444
21.45
21.455
21.46
21.465
21.47
21.475
21.48
21.485
21.49
21.495
21.5
21.505
21.51
21.515
21.52
21.525
21.53
21.535
21.54
21.545
21.55
21.555
21.559
21.564
21.569
21.574
21.579
21.583
21.588
21.593
21.598
21.602
21.607
21.612
21.616
21.621
21.626
21.63
21.635
21.639
21.644
21.649
21.653
21.658
21.662
21.667
21.671
21.676
21.68
21.685
21.689
21.693
21.698
21.702
21.706
21.711
21.715
21.719
21.724
21.728
21.732
21.737
21.741
21.745
21.749
21.754
21.758
21.762
21.766
21.77
21.774
21.778
21.783
21.787
21.791
21.795
21.799
21.803
21.807
21.811
21.815
21.819
21.823
21.827
21.831
21.835
21.838
21.842
21.846
21.85
21.854
21.858
21.861
21.865
21.869
21.873
21.877
21.88
21.884
21.888
21.891
21.895
21.899
21.902
21.906
21.91
21.913
21.917
21.921
21.924
21.928
21.931
21.935
21.938
21.942
21.945
21.949
21.952
21.956
21.959
21.962
21.966
21.969
21.973
21.976
21.979
21.983
21.986
21.989
21.992
21.996
21.999
22.002
22.005
22.009
22.012
22.015
22.018
22.021
22.024
22.028
22.031
22.034
22.037
22.04
22.043
22.046
22.049
22.052
22.055
22.058
22.061
22.064
22.067
22.07
22.073
22.076
22.079
22.081
22.084
22.087
22.09
22.093
22.096
22.098
22.101
22.104
22.107
22.109
22.112
22.115
22.118
22.12
22.123
22.126
22.128
22.131
22.133
22.136
22.139
22.141
22.144
22.146
22.149
22.151
22.154
22.156
22.159
22.161
22.164
22.166
22.169
22.171
22.173
22.176
22.178
22.181
22.183
22.185
22.187
22.19
22.192
22.194
22.197
22.199
22.201
22.203
22.206
22.208
22.21
22.212
22.214
22.216
22.218
22.221
22.223
22.225
22.227
22.229
22.231
22.233
22.235
22.237
22.239
22.241
22.243
22.245
22.247
22.249
22.251
22.252
22.254
22.256
22.258
22.26
22.262
22.264
22.265
22.267
22.269
22.271
22.272
22.274
22.276
22.278
22.279
22.281
22.283
22.284
22.286
22.288
22.289
22.291
22.292
22.294
22.296
22.297
22.299
22.3
22.302
22.303
22.305
22.306
22.308
22.309
22.31
22.312
22.313
22.315
22.316
22.317
22.319
22.32
22.321
22.323
22.324
22.325
22.327
22.328
22.329
22.33
22.332
22.333
22.334
22.335
22.336
22.338
22.339
22.34
22.341
22.342
22.343
22.344
22.345
22.346
22.347
22.348
22.35
22.351
22.352
22.353
22.353
22.354
22.355
22.356
22.357
22.358
22.359
22.36
22.361
22.362
22.362
22.363
22.364
22.365
22.366
22.366
22.367
22.368
22.369
22.369
22.37
22.371
22.372
22.372
22.373
22.374
22.374
22.375
22.375
22.376
22.377
22.377
22.378
22.378
22.379
22.379
22.38
22.38
22.381
22.381
22.382
22.382
22.383
22.383
22.384
22.384
22.384
22.385
22.385
22.385
22.386
22.386
22.386
22.387
22.387
22.387
22.388
22.388
22.388
22.388
22.389
22.389
22.389
22.389
22.389
22.389
22.39
22.39
22.39
22.39
22.39
22.39
22.39
22.39
22.39
22.39
22.39
22.39
22.39
22.39
22.39
22.39
22.39
22.39
22.39
22.39
22.39
22.39
22.39
22.39
22.389
22.389
22.389
22.389
22.389
22.389
22.388
22.388
22.388
22.388
22.387
22.387
22.387
22.386
22.386
22.386
22.385
22.385
22.385
22.384
22.384
22.384
22.383
22.383
22.382
22.382
22.381
22.381
22.38
22.38
22.379
22.379
22.378
22.378
22.377
22.377
22.376
22.376
22.375
22.374
22.374
22.373
22.373
22.372
22.371
22.371
22.37
22.369
22.368
22.368
22.367
22.366
22.365
22.365
22.364
22.363
22.362
22.361
22.361
22.36
22.359
22.358
22.357
22.356
22.355
22.354
22.354
22.353
22.352
22.351
22.35
22.349
22.348
22.347
22.346
22.345
22.344
22.343
22.342
22.34
22.339
22.338
22.337
22.336
22.335
22.334
22.333
22.331
22.33
22.329
22.328
22.327
22.325
22.324
22.323
22.322
22.32
22.319
22.318
22.317
22.315
22.314
22.313
22.311
22.31
22.309
22.307
22.306
22.304
22.303
22.302
22.3
22.299
22.297
22.296
22.294
22.293
22.291
22.29
22.288
22.287
22.285
22.284
22.282
22.28
22.279
22.277
22.276
22.274
22.272
22.271
22.269
22.267
22.266
22.264
22.262
22.261
22.259
22.257
22.256
22.254
22.252
22.25
22.248
22.247
22.245
22.243
22.241
22.239
22.237
22.236
22.234
22.232
22.23
22.228
22.226
22.224
22.222
22.22
22.218
22.216
22.214
22.212
22.21
22.208
22.206
22.204
22.202
22.2
22.198
22.196
22.194
22.192
22.19
22.188
22.186
22.183
22.181
22.179
22.177
22.175
22.173
22.17
22.168
22.166
22.164
22.161
22.159
22.157
22.155
22.152
22.15
22.148
22.145
22.143
22.141
22.138
22.136
22.134
22.131
22.129
22.126
22.124
22.122
22.119
22.117
22.114
22.112
22.109
22.107
22.104
22.102
22.099
22.097
22.094
22.092
22.089
22.086
22.084
22.081
22.079
22.076
22.073
22.071
22.068
22.066
22.063
22.06
22.058
22.055
22.052
22.049
22.047
22.044
22.041
22.038
22.036
22.033
22.03
22.027
22.025
22.022
22.019
22.016
22.013
22.01
22.007
22.005
22.002
21.999
21.996
21.993
21.99
21.987
21.984
21.981
21.978
21.975
21.972
21.969
21.966
21.963
21.96
21.957
21.954
21.951
21.948
21.945
21.942
21.939
21.936
21.933
21.929
21.926
21.923
21.92
21.917
21.914
21.91
21.907
21.904
21.901
21.898
21.894
21.891
21.888
21.885
21.881
21.878
21.875
21.871
21.868
21.865
21.861
21.858
21.855
21.851
21.848
21.845
21.841
21.838
21.834
21.831
21.828
21.824
21.821
21.817
21.814
21.81
21.807
21.803
21.8
21.796
21.793
21.789
21.786
21.782
21.779
21.775
21.771
21.768
21.764
21.761
21.757
21.753
21.75
21.746
21.742
21.739
21.735
21.731
21.728
21.724
21.72
21.717
21.713
21.709
21.705
21.702
21.698
21.694
21.69
21.687
21.683
21.679
21.675
21.671
21.667
21.664
21.66
21.656
21.652
21.648
21.644
21.64
21.636
21.632
21.628
21.624
21.621
21.617
21.613
21.609
21.605
21.601
21.597
21.593
21.589
21.585
21.58
21.576
21.572
21.568
21.564
21.56
21.556
21.552
21.548
21.544
21.54
21.535
21.531
21.527
21.523
21.519
21.515
21.51
21.506
21.502
21.498
21.493
21.489
21.485
21.481
21.476
21.472
21.468
21.464
21.459
21.455
21.451
21.446
21.442
21.438
21.433
21.429
21.424
21.42
21.416
21.411
21.407
21.402
21.398
21.394
21.389
21.385
21.38
21.376
21.371
21.367
21.362
21.358
21.353
21.349
21.344
21.34
21.335
21.331
21.326
21.321
21.317
21.312
21.308
21.303
21.298
21.294
21.289
21.284
21.28
21.275
21.27
21.266
21.261
21.256
21.252
21.247
21.242
21.238
21.233
21.228
21.223
21.218
21.214
21.209
21.204
21.199
21.195
21.19
21.185
21.18
21.175
21.17
21.166
21.161
21.156
21.151
21.146
21.141
21.136
21.131
21.126
21.121
21.116
21.112
21.107
21.102
21.097
21.092
21.087
21.082
21.077
21.072
21.067
21.062
21.057
21.052
21.046
21.041
21.036
21.031
21.026
21.021
21.016
21.011
21.006
21.001
20.995
20.99
20.985
20.98
20.975
20.97
20.964
20.959
20.954
20.949
20.944
20.938
20.933
20.928
20.923
20.917
20.912
20.907
20.902
20.896
20.891
20.886
20.88
20.875
20.87
20.864
20.859
20.854
20.848
20.843
20.838
20.832
20.827
20.821
20.816
20.811
20.805
20.8
20.794
20.789
20.783
20.778
20.773
20.767
20.762
20.756
20.751
20.745
20.74
20.734
20.728
20.723
20.717
20.712
20.706
20.701
20.695
20.69
20.684
20.678
20.673
20.667
20.662
20.656
20.65
20.645
20.639
20.633
20.628
20.622
20.616
20.611
20.605
20.599
20.593
20.588
20.582
20.576
20.571
20.565
20.559
20.553
20.548
20.542
20.536
20.53
20.524
20.519
20.513
20.507
20.501
20.495
20.489
20.484
20.478
20.472
20.466
20.46
20.454
20.448
20.442
20.436
20.431
20.425
20.419
20.413
20.407
20.401
20.395
20.389
20.383
20.377
20.371
20.365
20.359
20.353
20.347
20.341
20.335
20.329
20.323
20.317
20.311
20.305
20.298
20.292
20.286
20.28
20.274
20.268
20.262
20.256
20.25
20.243
20.237
20.231
20.225
20.219
20.213
20.206
20.2
20.194
20.188
20.182
20.175
20.169
20.163
20.157
20.15
20.144
20.138
20.132
20.125
20.119
20.113
20.107
20.1
20.094
20.088
20.081
20.075
20.069
20.062
20.056
20.05
20.043
20.037
20.031
20.024
20.018
20.011
20.005
19.999
19.992
19.986
19.979
19.973
19.966
19.96
19.954
19.947
19.941
19.934
19.928
19.921
19.915
19.908
19.902
19.895
19.889
19.882
19.876
19.869
19.862
19.856
19.849
19.843
19.836
19.83
19.823
19.816
19.81
19.803
19.797
19.79
19.783
19.777
19.77
19.763
19.757
19.75
19.743
19.737
19.73
19.723
19.717
19.71
19.703
19.697
19.69
19.683
19.676
19.67
19.663
19.656
19.65
19.643
19.636
19.629
19.622
19.616
19.609
19.602
19.595
19.588
19.582
19.575
19.568
19.561
19.554
19.547
19.541
19.534
19.527
19.52
19.513
19.506
19.499
19.492
19.486
19.479
19.472
19.465
19.458
19.451
19.444
19.437
19.43
19.423
19.416
19.409
19.402
19.395
19.388
19.381
19.374
19.367
19.36
19.353
19.346
19.339
19.332
19.325
19.318
19.311
19.304
19.297
19.29
19.283
19.276
19.269
19.262
19.254
19.247
19.24
19.233
19.226
19.219
19.212
19.205
19.198
19.19
19.183
19.176
19.169
19.162
19.155
19.147
19.14
19.133
19.126
19.119
19.111
19.104
19.097
19.09
19.082
19.075
19.068
19.061
19.053
19.046
19.039
19.032
19.024
19.017
19.01
19.002
18.995
18.988
18.981
18.973
18.966
18.959
18.951
18.944
18.937
18.929
18.922
18.914
18.907
18.9
18.892
18.885
18.878
18.87
18.863
18.855
18.848
18.841
18.833
18.826
18.818
18.811
18.803
18.796
18.788
18.781
18.774
18.766
18.759
18.751
18.744
18.736
18.729
18.721
18.714
18.706
18.699
18.691
18.684
18.676
18.668
18.661
18.653
18.646
18.638
18.631
18.623
18.616
18.608
18.6
18.593
18.585
18.578
18.57
18.562
18.555
18.547
18.54
18.532
18.524
18.517
18.509
18.501
18.494
18.486
18.478
18.471
18.463
18.455
18.448
18.44
18.432
18.425
18.417
18.409
18.401
18.394
18.386
18.378
18.371
18.363
18.355
18.347
18.34
18.332
18.324
18.316
18.308
18.301
18.293
18.285
18.277
18.27
18.262
18.254
18.246
18.238
18.23
18.223
18.215
18.207
18.199
18.191
18.183
18.176
18.168
18.16
18.152
18.144
18.136
18.128
18.12
18.113
18.105
18.097
18.089
18.081
18.073
18.065
18.057
18.049
18.041
18.033
18.025
18.018
18.01
18.002
17.994
17.986
17.978
17.97
17.962
17.954
17.946
17.938
17.93
17.922
17.914
17.906
17.898
17.89
17.882
17.874
17.866
17.858
17.85
17.842
17.834
17.825
17.817
17.809
17.801
17.793
17.785
17.777
17.769
17.761
17.753
17.745
17.737
17.729
17.72
17.712
17.704
17.696
17.688
17.68
17.672
17.664
17.655
17.647
17.639
17.631
17.623
17.615
17.606
17.598
17.59
17.582
17.574
17.566
17.557
17.549
17.541
17.533
17.525
17.516
17.508
17.5
17.492
17.483
17.475
17.467
17.459
17.451
17.442
17.434
17.426
17.418
17.409
17.401
17.393
17.384
17.376
17.368
17.36
17.351
17.343
17.335
17.326
17.318
17.31
17.301
17.293
17.285
17.277
17.268
17.26
17.252
17.243
17.235
17.226
17.218
17.21
17.201
17.193
17.185
17.176
17.168
17.16
17.151
17.143
17.134
17.126
17.118
17.109
17.101
17.092
17.084
17.076
17.067
17.059
17.05
17.042
17.033
17.025
17.017
17.008
17.0
16.991
16.983
16.974
16.966
16.957
16.949
16.941
16.932
16.924
16.915
16.907
16.898
16.89
16.881
16.873
16.864
16.856
16.847
16.839
16.83
16.822
16.813
16.805
16.796
16.787
16.779
16.77
16.762
16.753
16.745
16.736
16.728
16.719
16.711
16.702
16.693
16.685
16.676
16.668
16.659
16.651
16.642
16.633
16.625
16.616
16.608
16.599
16.59
16.582
16.573
16.565
16.556
16.547
16.539
16.53
16.521
16.513
16.504
16.495
16.487
16.478
16.47
16.461
16.452
16.444
16.435
16.426
16.418
16.409
16.4
16.392
16.383
16.374
16.366
16.357
16.348
16.339
16.331
16.322
16.313
16.305
16.296
16.287
16.279
16.27
16.261
16.252
16.244
16.235
16.226
16.217
16.209
16.2
16.191
16.182
16.174
16.165
16.156
16.147
16.139
16.13
16.121
16.112
16.104
16.095
16.086
16.077
16.069
16.06
16.051
16.042
16.033
16.025
16.016
16.007
15.998
15.989
15.981
15.972
15.963
15.954
15.945
15.937
15.928
15.919
15.91
15.901
15.892
15.884
15.875
15.866
15.857
15.848
15.839
15.831
15.822
15.813
15.804
15.795
15.786
15.777
15.769
15.76
15.751
15.742
15.733
15.724
15.715
15.706
15.698
15.689
15.68
15.671
15.662
15.653
15.644
15.635
15.626
15.617
15.609
15.6
15.591
15.582
15.573
15.564
15.555
15.546
15.537
15.528
15.519
15.51
15.501
15.493
15.484
15.475
15.466
15.457
15.448
15.439
15.43
15.421
15.412
15.403
15.394
15.385
15.376
15.367
15.358
15.349
15.34
15.331
15.322
15.313
15.304
15.295
15.286
15.277
15.268
15.259
15.25
15.241
15.232
15.223
15.214
15.205
15.196
15.187
15.178
15.169
15.16
15.151
15.142
15.133
15.124
15.115
15.106
15.097
15.088
15.079
15.07
15.061
15.052
15.043
15.034
15.025
15.016
15.007
14.998
14.989
14.98
14.971
14.962
14.953
14.944
14.935
14.926
14.917
14.907
14.898
14.889
14.88
14.871
14.862
14.853
14.844
14.835
14.826
14.817
14.808
14.799
14.79
14.78
14.771
14.762
14.753
14.744
14.735
14.726
14.717
14.708
14.699
14.69
14.68
14.671
14.662
14.653
14.644
14.635
14.626
14.617
14.608
14.599
14.589
14.58
14.571
14.562
14.553
14.544
14.535
14.526
14.516
14.507
14.498
14.489
14.48
14.471
14.462
14.453
14.443
14.434
14.425
14.416
14.407
14.398
14.389
14.38
14.37
14.361
14.352
14.343
14.334
14.325
14.316
14.306
14.297
14.288
14.279
14.27
14.261
14.251
14.242
14.233
14.224
14.215
14.206
14.196
14.187
14.178
14.169
14.16
14.151
14.141
14.132
14.123
14.114
14.105
14.096
14.086
14.077
14.068
14.059
14.05
14.041
14.031
14.022
14.013
14.004
13.995
13.986
13.976
13.967
13.958
13.949
13.94
13.93
13.921
13.912
13.903
13.894
13.884
13.875
13.866
13.857
13.848
13.838
13.829
13.82
13.811
13.802
13.792
13.783
13.774
13.765
13.756
13.746
13.737
13.728
13.719
13.71
13.7
13.691
13.682
13.673
13.664
13.654
13.645
13.636
13.627
13.618
13.608
13.599
13.59
13.581
13.572
13.562
13.553
13.544
13.535
13.525
13.516
13.507
13.498
13.489
13.479
13.47
13.461
13.452
13.443
13.433
13.424
13.415
13.406
13.396
13.387
13.378
13.369
13.36
13.35
13.341
13.332
13.323
13.313
13.304
13.295
13.286
13.277
13.267
13.258
13.249
13.24
13.23
13.221
13.212
13.203
13.194
13.184
13.175
13.166
13.157
13.147
13.138
13.129
13.12
13.111
13.101
13.092
13.083
13.074
13.064
13.055
13.046
13.037
13.028
13.018
13.009
13.0
12.991
12.981
12.972
12.963
12.954
12.945
12.935
12.926
12.917
12.908
12.898
12.889
12.88
12.871
12.861
12.852
12.843
12.834
12.825
12.815
12.806
12.797
12.788
12.778
12.769
12.76
12.751
12.742
12.732
12.723
12.714
12.705
12.696
12.686
12.677
12.668
12.659
12.649
12.64
12.631
12.622
12.613
12.603
12.594
12.585
12.576
12.566
12.557
12.548
12.539
12.53
12.52
12.511
12.502
12.493
12.484
12.474
12.465
12.456
12.447
12.438
12.428
12.419
12.41
12.401
12.391
12.382
12.373
12.364
12.355
12.345
12.336
12.327
12.318
12.309
12.299
12.29
12.281
12.272
12.263
12.253
12.244
12.235
12.226
12.217
12.208
12.198
12.189
12.18
12.171
12.162
12.152
12.143
12.134
12.125
12.116
12.106
12.097
12.088
12.079
12.07
12.061
12.051
12.042
12.033
12.024
12.015
12.005
11.996
11.987
11.978
11.969
11.96
11.95
11.941
11.932
11.923
11.914
11.905
11.895
11.886
11.877
11.868
11.859
11.85
11.84
11.831
11.822
11.813
11.804
11.795
11.786
11.776
11.767
11.758
11.749
11.74
11.731
11.722
11.712
11.703
11.694
11.685
11.676
11.667
11.658
11.648
11.639
11.63
11.621
11.612
11.603
11.594
11.585
11.575
11.566
11.557
11.548
11.539
11.53
11.521
11.512
11.502
11.493
11.484
11.475
11.466
11.457
11.448
11.439
11.43
11.42
11.411
11.402
11.393
11.384
11.375
11.366
11.357
11.348
11.339
11.33
11.32
11.311
11.302
11.293
11.284
11.275
11.266
11.257
11.248
11.239
11.23
11.221
11.212
11.203
11.193
11.184
11.175
11.166
11.157
11.148
11.139
11.13
11.121
11.112
11.103
11.094
11.085
11.076
11.067
11.058
11.049
11.04
11.031
11.022
11.013
11.003
10.994
10.985
10.976
10.967
10.958
10.949
10.94
10.931
10.922
10.913
10.904
10.895
10.886
10.877
10.868
10.859
10.85
10.841
10.832
10.823
10.814
10.805
10.796
10.787
10.778
10.769
10.76
10.751
10.742
10.734
10.725
10.716
10.707
10.698
10.689
10.68
10.671
10.662
10.653
10.644
10.635
10.626
10.617
10.608
10.599
10.59
10.581
10.572
10.563
10.555
10.546
10.537
10.528
10.519
10.51
10.501
10.492
10.483
10.474
10.465
10.456
10.448
10.439
10.43
10.421
10.412
10.403
10.394
10.385
10.376
10.368
10.359
10.35
10.341
10.332
10.323
10.314
10.305
10.297
10.288
10.279
10.27
10.261
10.252
10.243
10.235
10.226
10.217
10.208
10.199
10.19
10.182
10.173
10.164
10.155
10.146
10.137
10.129
10.12
10.111
10.102
10.093
10.085
10.076
10.067
10.058
10.049
10.041
10.032
10.023
10.014
10.005
9.997
9.988
9.979
9.97
9.962
9.953
9.944
9.935
9.927
9.918
9.909
9.9
9.892
9.883
9.874
9.865
9.857
9.848
9.839
9.83
9.822
9.813
9.804
9.796
9.787
9.778
9.769
9.761
9.752
9.743
9.735
9.726
9.717
9.709
9.7
9.691
9.683
9.674
9.665
9.657
9.648
9.639
9.631
9.622
9.613
9.605
9.596
9.587
9.579
9.57
9.561
9.553
9.544
9.536
9.527
9.518
9.51
9.501
9.492
9.484
9.475
9.467
9.458
9.449
9.441
9.432
9.424
9.415
9.407
9.398
9.389
9.381
9.372
9.364
9.355
9.347
9.338
9.33
9.321
9.312
9.304
9.295
9.287
9.278
9.27
9.261
9.253
9.244
9.236
9.227
9.219
9.21
9.202
9.193
9.185
9.176
9.168
9.159
9.151
9.142
9.134
9.125
9.117
9.108
9.1
9.092
9.083
9.075
9.066
9.058
9.049
9.041
9.033
9.024
9.016
9.007
8.999
8.99
8.982
8.974
8.965
8.957
8.948
8.94
8.932
8.923
8.915
8.907
8.898
8.89
8.881
8.873
8.865
8.856
8.848
8.84
8.831
8.823
8.815
8.806
8.798
8.79
8.781
8.773
8.765
8.756
8.748
8.74
8.732
8.723
8.715
8.707
8.698
8.69
8.682
8.674
8.665
8.657
8.649
8.641
8.632
8.624
8.616
8.608
8.599
8.591
8.583
8.575
8.567
8.558
8.55
8.542
8.534
8.526
8.517
8.509
8.501
8.493
8.485
8.476
8.468
8.46
8.452
8.444
8.436
8.428
8.419
8.411
8.403
8.395
8.387
8.379
8.371
8.362
8.354
8.346
8.338
8.33
8.322
8.314
8.306
8.298
8.29
8.282
8.274
8.265
8.257
8.249
8.241
8.233
8.225
8.217
8.209
8.201
8.193
8.185
8.177
8.169
8.161
8.153
8.145
8.137
8.129
8.121
8.113
8.105
8.097
8.089
8.081
8.073
8.065
8.057
8.05
8.042
8.034
8.026
8.018
8.01
8.002
7.994
7.986
7.978
7.97
7.962
7.955
7.947
7.939
7.931
7.923
7.915
7.907
7.899
7.892
7.884
7.876
7.868
7.86
7.852
7.845
7.837
7.829
7.821
7.813
7.806
7.798
7.79
7.782
7.774
7.767
7.759
7.751
7.743
7.736
7.728
7.72
7.712
7.705
7.697
7.689
7.682
7.674
7.666
7.658
7.651
7.643
7.635
7.628
7.62
7.612
7.605
7.597
7.589
7.582
7.574
7.566
7.559
7.551
7.543
7.536
7.528
7.521
7.513
7.505
7.498
7.49
7.483
7.475
7.467
7.46
7.452
7.445
7.437
7.43
7.422
7.414
7.407
7.399
7.392
7.384
7.377
7.369
7.362
7.354
7.347
7.339
7.332
7.324
7.317
7.309
7.302
7.295
7.287
7.28
7.272
7.265
7.257
7.25
7.242
7.235
7.228
7.22
7.213
7.205
7.198
7.191
7.183
7.176
7.169
7.161
7.154
7.146
7.139
7.132
7.124
7.117
7.11
7.102
7.095
7.088
7.081
7.073
7.066
7.059
7.051
7.044
7.037
7.03
7.022
7.015
7.008
7.001
6.993
6.986
6.979
6.972
6.964
6.957
6.95
6.943
6.936
6.928
6.921
6.914
6.907
6.9
6.893
6.886
6.878
6.871
6.864
6.857
6.85
6.843
6.836
6.829
6.821
6.814
6.807
6.8
6.793
6.786
6.779
6.772
6.765
6.758
6.751
6.744
6.737
6.73
6.723
6.716
6.709
6.702
6.695
6.688
6.681
6.674
6.667
6.66
6.653
6.646
6.639
6.632
6.625
6.618
6.611
6.604
6.597
6.591
6.584
6.577
6.57
6.563
6.556
6.549
6.542
6.536
6.529
6.522
6.515
6.508
6.501
6.495
6.488
6.481
6.474
6.467
6.461
6.454
6.447
6.44
6.434
6.427
6.42
6.413
6.407
6.4
6.393
6.386
6.38
6.373
6.366
6.36
6.353
6.346
6.34
6.333
6.326
6.32
6.313
6.306
6.3
6.293
6.286
6.28
6.273
6.267
6.26
6.253
6.247
6.24
6.234
6.227
6.221
6.214
6.208
6.201
6.194
6.188
6.181
6.175
6.168
6.162
6.155
6.149
6.143
6.136
6.13
6.123
6.117
6.11
6.104
6.097
6.091
6.085
6.078
6.072
6.065
6.059
6.053
6.046
6.04
6.033
6.027
6.021
6.014
6.008
6.002
5.995
5.989
5.983
5.977
5.97
5.964
5.958
5.951
5.945
5.939
5.933
5.926
5.92
5.914
5.908
5.901
5.895
5.889
5.883
5.877
5.871
5.864
5.858
5.852
5.846
5.84
5.834
5.827
5.821
5.815
5.809
5.803
5.797
5.791
5.785
5.779
5.773
5.766
5.76
5.754
5.748
5.742
5.736
5.73
5.724
5.718
5.712
5.706
5.7
5.694
5.688
5.682
5.676
5.67
5.665
5.659
5.653
5.647
5.641
5.635
5.629
5.623
5.617
5.611
5.606
5.6
5.594
5.588
5.582
5.576
5.57
5.565
5.559
5.553
5.547
5.541
5.536
5.53
5.524
5.518
5.513
5.507
5.501
5.495
5.49
5.484
5.478
5.473
5.467
5.461
5.456
5.45
5.444
5.439
5.433
5.427
5.422
5.416
5.41
5.405
5.399
5.394
5.388
5.382
5.377
5.371
5.366
5.36
5.355
5.349
5.344
5.338
5.333
5.327
5.322
5.316
5.311
5.305
5.3
5.294
5.289
5.283
5.278
5.273
5.267
5.262
5.256
5.251
5.246
5.24
5.235
5.23
5.224
5.219
5.213
5.208
5.203
5.198
5.192
5.187
5.182
5.176
5.171
5.166
5.161
5.155
5.15
5.145
5.14
5.134
5.129
5.124
5.119
5.114
5.108
5.103
5.098
5.093
5.088
5.083
5.078
5.072
5.067
5.062
5.057
5.052
5.047
5.042
5.037
5.032
5.027
5.022
5.017
5.012
5.007
5.002
4.997
4.992
4.987
4.982
4.977
4.972
4.967
4.962
4.957
4.952
4.947
4.942
4.937
4.932
4.928
4.923
4.918
4.913
4.908
4.903
4.898
4.894
4.889
4.884
4.879
4.874
4.87
4.865
4.86
4.855
4.851
4.846
4.841
4.836
4.832
4.827
4.822
4.818
4.813
4.808
4.804
4.799
4.794
4.79
4.785
4.78
4.776
4.771
4.767
4.762
4.757
4.753
4.748
4.744
4.739
4.735
4.73
4.726
4.721
4.717
4.712
4.708
4.703
4.699
4.694
4.69
4.685
4.681
4.677
4.672
4.668
4.663
4.659
4.655
4.65
4.646
4.641
4.637
4.633
4.628
4.624
4.62
4.616
4.611
4.607
4.603
4.598
4.594
4.59
4.586
4.582
4.577
4.573
4.569
4.565
4.561
4.556
4.552
4.548
4.544
4.54
4.536
4.532
4.527
4.523
4.519
4.515
4.511
4.507
4.503
4.499
4.495
4.491
4.487
4.483
4.479
4.475
4.471
4.467
4.463
4.459
4.455
4.451
4.447
4.443
4.439
4.435
4.432
4.428
4.424
4.42
4.416
4.412
4.408
4.405
4.401
4.397
4.393
4.389
4.386
4.382
4.378
4.374
4.371
4.367
4.363
4.359
4.356
4.352
4.348
4.345
4.341
4.337
4.334
4.33
4.326
4.323
4.319
4.316
4.312
4.308
4.305
4.301
4.298
4.294
4.291
4.287
4.284
4.28
4.277
4.273
4.27
4.266
4.263
4.259
4.256
4.252
4.249
4.246
4.242
4.239
4.235
4.232
4.229
4.225
4.222
4.219
4.215
4.212
4.209
4.205
4.202
4.199
4.196
4.192
4.189
4.186
4.183
4.179
4.176
4.173
4.17
4.167
4.164
4.16
4.157
4.154
4.151
4.148
4.145
4.142
4.139
4.136
4.132
4.129
4.126
4.123
4.12
4.117
4.114
4.111
4.108
4.105
4.102
4.099
4.096
4.094
4.091
4.088
4.085
4.082
4.079
4.076
4.073
4.07
4.068
4.065
4.062
4.059
4.056
4.053
4.051
4.048
4.045
4.042
4.04
4.037
4.034
4.031
4.029
4.026
4.023
4.021
4.018
4.015
4.013
4.01
4.008
4.005
4.002
4.0
3.997
3.995
3.992
3.989
3.987
3.984
3.982
3.979
3.977
3.974
3.972
3.969
3.967
3.965
3.962
3.96
3.957
3.955
3.952
3.95
3.948
3.945
3.943
3.941
3.938
3.936
3.934
3.931
3.929
3.927
3.925
3.922
3.92
3.918
3.916
3.913
3.911
3.909
3.907
3.905
3.902
3.9
3.898
3.896
3.894
3.892
3.89
3.888
3.886
3.883
3.881
3.879
3.877
3.875
3.873
3.871
3.869
3.867
3.865
3.863
3.861
3.86
3.858
3.856
3.854
3.852
3.85
3.848
3.846
3.844
3.843
3.841
3.839
3.837
3.835
3.834
3.832
3.83
3.828
3.826
3.825
3.823
3.821
3.82
3.818
3.816
3.815
3.813
3.811
3.81
3.808
3.806
3.805
3.803
3.802
3.8
3.799
3.797
3.795
3.794
3.792
3.791
3.789
3.788
3.787
3.785
3.784
3.782
3.781
3.779
3.778
3.777
3.775
3.774
3.772
3.771
3.77
3.768
3.767
3.766
3.765
3.763
3.762
3.761
3.76
3.758
3.757
3.756
3.755
3.754
3.752
3.751
3.75
3.749
3.748
3.747
3.746
3.744
3.743
3.742
3.741
3.74
3.739
3.738
3.737
3.736
3.735
3.734
3.733
3.732
3.731
3.73
3.729
3.728
3.728
3.727
3.726
3.725
3.724
3.723
3.722
3.722
3.721
3.72
3.719
3.718
3.718
3.717
3.716
3.715
3.715
3.714
3.713
3.713
3.712
3.711
3.711
3.71
3.709
3.709
3.708
3.708
3.707
3.707
3.706
3.705
3.705
3.704
3.704
3.703
3.703
3.702
3.702
3.702
3.701
3.701
3.7
3.7
3.7
3.699
3.699
3.698
3.698
3.698
3.697
3.697
3.697
3.697
3.696
3.696
3.696
3.696
3.695
3.695
3.695
3.695
3.695
3.694
3.694
3.694
3.694
3.694
3.694
3.694
3.694
3.694
3.694
3.694
3.694
3.694
3.694
3.694
3.694
3.694
3.694
3.694
3.694
3.694
3.694
3.694
3.694
3.694
3.694
3.695
3.695
3.695
3.695
3.695
3.696
3.696
3.696
3.696
3.697
3.697
3.697
3.698
3.698
3.698
3.699
3.699
3.699
3.7
3.7
3.7
3.701
3.701
3.702
3.702
3.703
3.703
3.704
3.704
3.705
3.705
3.706
3.706
3.707
3.707
3.708
3.709
3.709
3.71
3.71
3.711
3.712
3.712
3.713
3.714
3.715
3.715
3.716
3.717
3.718
3.718
3.719
3.72
3.721
3.722
3.722
3.723
3.724
3.725
3.726
3.727
3.728
3.729
3.73
3.731
3.732
3.733
3.734
3.735
3.736
3.737
3.738
3.739
3.74
3.741
3.742
3.743
3.744
3.745
3.747
3.748
3.749
3.75
3.751
3.752
3.754
3.755
3.756
3.757
3.759
3.76
3.761
3.763
3.764
3.765
3.767
3.768
3.769
3.771
3.772
3.774
3.775
3.777
3.778
3.779
3.781
3.782
3.784
3.786
3.787
3.789
3.79
3.792
3.793
3.795
3.797
3.798
3.8
3.802
3.803
3.805
3.807
3.808
3.81
3.812
3.813
3.815
3.817
3.819
3.821
3.822
3.824
3.826
3.828
3.83
3.832
3.834
3.836
3.837
3.839
3.841
3.843
3.845
3.847
3.849
3.851
3.853
3.855
3.857
3.86
3.862
3.864
3.866
3.868
3.87
3.872
3.874
3.877
3.879
3.881
3.883
3.885
3.888
3.89
3.892
3.894
3.897
3.899
3.901
3.904
3.906
3.908
3.911
3.913
3.916
3.918
3.921
3.923
3.925
3.928
3.93
3.933
3.935
3.938
3.941
3.943
3.946
3.948
3.951
3.953
3.956
3.959
3.961
3.964
3.967
3.969
3.972
3.975
3.978
3.98
3.983
3.986
3.989
3.991
3.994
3.997
4.0
4.011
4.022
4.033
4.044
4.055
4.067
4.078
4.089
4.1
4.111
4.123
4.134
4.145
4.156
4.168
4.179
4.19
4.201
4.213
4.224
4.235
4.247
4.258
4.269
4.281
4.292
4.304
4.315
4.327
4.338
4.349
4.361
4.372
4.384
4.395
4.407
4.419
4.43
4.442
4.453
4.465
4.476
4.488
4.5
4.511
4.523
4.535
4.546
4.558
4.57
4.581
4.593
4.605
4.617
4.628
4.64
4.652
4.664
4.676
4.687
4.699
4.711
4.723
4.735
4.747
4.759
4.771
4.782
4.794
4.806
4.818
4.83
4.842
4.854
4.866
4.878
4.89
4.902
4.914
4.926
4.938
4.95
4.962
4.975
4.987
4.999
5.011
5.023
5.035
5.047
5.059
5.072
5.084
5.096
5.108
5.12
5.133
5.145
5.157
5.169
5.182
5.194
5.206
5.218
5.231
5.243
5.255
5.268
5.28
5.292
5.305
5.317
5.329
5.342
5.354
5.367
5.379
5.391
5.404
5.416
5.429
5.441
5.454
5.466
5.479
5.491
5.504
5.516
5.529
5.541
5.554
5.566
5.579
5.591
5.604
5.617
5.629
5.642
5.654
5.667
5.68
5.692
5.705
5.718
5.73
5.743
5.756
5.768
5.781
5.794
5.806
5.819
5.832
5.845
5.857
5.87
5.883
5.896
5.908
5.921
5.934
5.947
5.96
5.972
5.985
5.998
6.011
6.024
6.036
6.049
6.062
6.075
6.088
6.101
6.114
6.127
6.139
6.152
6.165
6.178
6.191
6.204
6.217
6.23
6.243
6.256
6.269
6.282
6.295
6.308
6.321
6.334
6.347
6.36
6.373
6.386
6.399
6.412
6.425
6.438
6.451
6.464
6.477
6.49
6.503
6.516
6.53
6.543
6.556
6.569
6.582
6.595
6.608
6.621
6.634
6.648
6.661
6.674
6.687
6.7
6.713
6.727
6.74
6.753
6.766
6.779
6.793
6.806
6.819
6.832
6.845
6.859
6.872
6.885
6.898
6.912
6.925
6.938
6.951
6.965
6.978
6.991
7.004
7.018
7.031
7.044
7.057
7.071
7.084
7.097
7.111
7.124
7.137
7.151
7.164
7.177
7.191
7.204
7.217
7.231
7.244
7.257
7.271
7.284
7.297
7.311
7.324
7.337
7.351
7.364
7.378
7.391
7.404
7.418
7.431
7.445
7.458
7.471
7.485
7.498
7.512
7.525
7.538
7.552
7.565
7.579
7.592
7.605
7.619
7.632
7.646
7.659
7.673
7.686
7.7
7.713
7.726
7.74
7.753
7.767
7.78
7.794
7.807
7.821
7.834
7.848
7.861
7.874
7.888
7.901
7.915
7.928
7.942
7.955
7.969
7.982
7.996
8.009
8.023
8.036
8.05
8.063
8.077
8.09
8.104
8.117
8.131
8.144
8.158
8.171
8.185
8.198
8.212
8.225
8.239
8.252
8.266
8.279
8.293
8.306
8.32
8.333
8.347
8.36
8.374
8.387
8.401
8.414
8.428
8.441
8.455
8.468
8.482
8.495
8.509
8.522
8.536
8.549
8.563
8.576
8.59
8.603
8.617
8.63
8.644
8.657
8.671
8.684
8.698
8.711
8.725
8.738
8.752
8.765
8.779
8.792
8.806
8.819
8.833
8.846
8.86
8.873
8.887
8.9
8.914
8.927
8.941
8.954
8.968
8.981
8.995
9.008
9.022
9.035
9.049
9.062
9.076
9.089
9.103
9.116
9.129
9.143
9.156
9.17
9.183
9.197
9.21
9.224
9.237
9.251
9.264
9.277
9.291
9.304
9.318
9.331
9.345
9.358
9.371
9.385
9.398
9.412
9.425
9.439
9.452
9.465
9.479
9.492
9.506
9.519
9.532
9.546
9.559
9.572
9.586
9.599
9.613
9.626
9.639
9.653
9.666
9.679
9.693
9.706
9.719
9.733
9.746
9.759
9.773
9.786
9.799
9.813
9.826
9.839
9.853
9.866
9.879
9.892
9.906
9.919
9.932
9.946
9.959
9.972
9.985
9.999
10.012
10.025
10.038
10.052
10.065
10.078
10.091
10.104
10.118
10.131
10.144
10.157
10.171
10.184
10.197
10.21
10.223
10.236
10.25
10.263
10.276
10.289
10.302
10.315
10.328
10.342
10.355
10.368
10.381
10.394
10.407
10.42
10.433
10.446
10.459
10.472
10.486
10.499
10.512
10.525
10.538
10.551
10.564
10.577
10.59
10.603
10.616
10.629
10.642
10.655
10.668
10.681
10.694
10.707
10.72
10.733
10.746
10.758
10.771
10.784
10.797
10.81
10.823
10.836
10.849
10.862
10.874
10.887
10.9
10.913
10.926
10.939
10.952
10.964
10.977
10.99
11.003
11.016
11.028
11.041
11.054
11.067
11.079
11.092
11.105
11.118
11.13
11.143
11.156
11.168
11.181
11.194
11.206
11.219
11.232
11.244
11.257
11.27
11.282
11.295
11.307
11.32
11.333
11.345
11.358
11.37
11.383
11.395
11.408
11.42
11.433
11.445
11.458
11.47
11.483
11.495
11.508
11.52
11.533
11.545
11.558
11.57
11.582
11.595
11.607
11.62
11.632
11.644
11.657
11.669
11.681
11.694
11.706
11.718
11.731
11.743
11.755
11.767
11.78
11.792
11.804
11.816
11.829
11.841
11.853
11.865
11.877
11.889
11.902
11.914
11.926
11.938
11.95
11.962
11.974
11.986
11.998
12.01
12.023
12.035
12.047
12.059
12.071
12.083
12.095
12.107
12.119
12.13
12.142
12.154
12.166
12.178
12.19
12.202
12.214
12.226
12.237
12.249
12.261
12.273
12.285
12.297
12.308
12.32
12.332
12.344
12.355
12.367
12.379
12.39
12.402
12.414
12.425
12.437
12.449
12.46
12.472
12.483
12.495
12.507
12.518
12.53
12.541
12.553
12.564
12.576
12.587
12.599
12.61
12.622
12.633
12.645
12.656
12.667
12.679
12.69
12.701
12.713
12.724
12.735
12.747
12.758
12.769
12.781
12.792
12.803
12.814
12.825
12.837
12.848
12.859
12.87
12.881
12.892
12.904
12.915
12.926
12.937
12.948
12.959
12.97
12.981
12.992
13.003
13.014
13.025
13.036
13.047
13.058
13.069
13.079
13.09
13.101
13.112
13.123
13.134
13.144
13.155
13.166
13.177
13.188
13.198
13.209
13.22
13.23
13.241
13.252
13.262
13.273
13.284
13.294
13.305
13.315
13.326
13.336
13.347
13.357
13.368
13.378
13.389
13.399
13.41
13.42
13.43
13.441
13.451
13.462
13.472
13.482
13.492
13.503
13.513
13.523
13.533
13.544
13.554
13.564
13.574
13.584
13.595
13.605
13.615
13.625
13.635
13.645
13.655
13.665
13.675
13.685
13.695
13.705
13.715
13.725
13.735
13.745
13.754
13.764
13.774
13.784
13.794
13.804
13.813
13.823
13.833
13.843
13.852
13.862
13.872
13.881
13.891
13.9
13.91
13.92
13.929
13.939
13.948
13.958
13.967
13.977
13.986
13.996
14.005
14.014
14.024
14.033
14.043
14.052
14.061
14.07
14.08
14.089
14.098
14.107
14.117
14.126
14.135
14.144
14.153
14.162
14.171
14.181
14.19
14.199
14.208
14.217
14.226
14.235
14.243
14.252
14.261
14.27
14.279
14.288
14.297
14.305
14.314
14.323
14.332
14.34
14.349
14.358
14.367
14.375
14.384
14.392
14.401
14.41
14.418
14.427
14.435
14.444
14.452
14.461
14.469
14.477
14.486
14.494
14.503
14.511
14.519
14.527
14.536
14.544
14.552
14.56
14.569
14.577
14.585
14.593
14.601
14.609
14.617
14.625
14.633
14.641
14.649
14.657
14.665
14.673
14.681
14.689
14.697
14.705
14.712
14.72
14.728
14.736
14.743
14.751
14.759
14.766
14.774
14.782
14.789
14.797
14.804
14.812
14.819
14.827
14.834
14.842
14.849
14.857
14.864
14.871
14.879
14.886
14.893
14.901
14.908
14.915
14.922
14.929
14.937
14.944
14.951
14.958
14.965
14.972
14.979
14.986
14.993
15.0
14.999
14.998
14.997
14.995
14.994
14.993
14.992
14.99
14.989
14.988
14.986
14.985
14.983
14.982
14.98
14.979
14.978
14.976
14.974
14.973
14.971
14.97
14.968
14.966
14.965
14.963
14.961
14.96
14.958
14.956
14.954
14.952
14.951
14.949
14.947
14.945
14.943
14.941
14.939
14.937
14.935
14.933
14.931
14.929
14.927
14.925
14.923
14.921
14.918
14.916
14.914
14.912
14.91
14.907
14.905
14.903
14.9
14.898
14.896
14.893
14.891
14.888
14.886
14.884
14.881
14.879
14.876
14.874
14.871
14.868
14.866
14.863
14.861
14.858
14.855
14.853
14.85
14.847
14.844
14.842
14.839
14.836
14.833
14.83
14.828
14.825
14.822
14.819
14.816
14.813
14.81
14.807
14.804
14.801
14.798
14.795
14.792
14.789
14.786
14.783
14.78
14.777
14.773
14.77
14.767
14.764
14.761
14.757
14.754
14.751
14.748
14.744
14.741
14.738
14.734
14.731
14.727
14.724
14.721
14.717
14.714
14.71
14.707
14.703
14.7
14.696
14.693
14.689
14.686
14.682
14.678
14.675
14.671
14.668
14.664
14.66
14.657
14.653
14.649
14.645
14.642
14.638
14.634
14.63
14.626
14.623
14.619
14.615
14.611
14.607
14.603
14.599
14.595
14.592
14.588
14.584
14.58
14.576
14.572
14.568
14.564
14.56
14.556
14.551
14.547
14.543
14.539
14.535
14.531
14.527
14.523
14.518
14.514
14.51
14.506
14.502
14.497
14.493
14.489
14.485
14.48
14.476
14.472
14.467
14.463
14.459
14.454
14.45
14.446
14.441
14.437
14.432
14.428
14.424
14.419
14.415
14.41
14.406
14.401
14.397
14.392
14.388
14.383
14.379
14.374
14.369
14.365
14.36
14.356
14.351
14.346
14.342
14.337
14.333
14.328
14.323
14.319
14.314
14.309
14.304
14.3
14.295
14.29
14.285
14.281
14.276
14.271
14.266
14.262
14.257
14.252
14.247
14.242
14.237
14.233
14.228
14.223
14.218
14.213
14.208
14.203
14.198
14.193
14.188
14.184
14.179
14.174
14.169
14.164
14.159
14.154
14.149
14.144
14.139
14.134
14.129
14.124
14.119
14.114
14.108
14.103
14.098
14.093
14.088
14.083
14.078
14.073
14.068
14.063
14.057
14.052
14.047
14.042
14.037
14.032
14.027
14.021
14.016
14.011
14.006
14.001
13.995
13.99
13.985
13.98
13.974
13.969
13.964
13.959
13.953
13.948
13.943
13.938
13.932
13.927
13.922
13.916
13.911
13.906
13.901
13.895
13.89
13.885
13.879
13.874
13.869
13.863
13.858
13.852
13.847
13.842
13.836
13.831
13.826
13.82
13.815
13.809
13.804
13.799
13.793
13.788
13.782
13.777
13.772
13.766
13.761
13.755
13.75
13.744
13.739
13.734
13.728
13.723
13.717
13.712
13.706
13.701
13.695
13.69
13.684
13.679
13.673
13.668
13.662
13.657
13.651
13.646
13.64
13.635
13.629
13.624
13.618
13.613
13.607
13.602
13.596
13.591
13.585
13.58
13.574
13.569
13.563
13.558
13.552
13.547
13.541
13.536
13.53
13.525
13.519
13.514
13.508
13.503
13.497
13.491
13.486
13.48
13.475
13.469
13.464
13.458
13.453
13.447
13.442
13.436
13.431
13.425
13.419
13.414
13.408
13.403
13.397
13.392
13.386
13.381
13.375
13.37
13.364
13.358
13.353
13.347
13.342
13.336
13.331
13.325
13.32
13.314
13.309
13.303
13.298
13.292
13.287
13.281
13.276
13.27
13.264
13.259
13.253
13.248
13.242
13.237
13.231
13.226
13.22
13.215
13.209
13.204
13.198
13.193
13.187
13.182
13.176
13.171
13.166
13.16
13.155
13.149
13.144
13.138
13.133
13.127
13.122
13.116
13.111
13.105
13.1
13.095
13.089
13.084
13.078
13.073
13.067
13.062
13.057
13.051
13.046
13.04
13.035
13.03
13.024
13.019
13.013
13.008
13.003
12.998
12.994
12.989
12.985
12.981
12.976
12.972
12.968
12.964
12.959
12.955
12.951
12.947
12.942
12.938
12.934
12.93
12.926
12.921
12.917
12.913
12.909
12.905
12.9
12.896
12.892
12.888
12.884
12.88
12.875
12.871
12.867
12.863
12.859
12.855
12.851
12.846
12.842
12.838
12.834
12.83
12.826
12.822
12.818
12.814
12.809
12.805
12.801
12.797
12.793
12.789
12.785
12.781
12.777
12.773
12.769
12.765
12.761
12.757
12.753
12.749
12.745
12.741
12.737
12.733
12.729
12.725
12.721
12.717
12.713
12.709
12.705
12.701
12.697
12.693
12.689
12.685
12.681
12.677
12.673
12.669
12.665
12.661
12.657
12.653
12.649
12.645
12.642
12.638
12.634
12.63
12.626
12.622
12.618
12.614
12.61
12.607
12.603
12.599
12.595
12.591
12.587
12.583
12.58
12.576
12.572
12.568
12.564
12.56
12.557
12.553
12.549
12.545
12.541
12.538
12.534
12.53
12.526
12.522
12.519
12.515
12.511
12.507
12.504
12.5
12.496
12.492
12.489
12.485
12.481
12.477
12.474
12.47
12.466
12.462
12.459
12.455
12.451
12.448
12.444
12.44
12.437
12.433
12.429
12.426
12.422
12.418
12.415
12.411
12.407
12.404
12.4
12.396
12.393
12.389
12.385
12.382
12.378
12.374
12.371
12.367
12.364
12.36
12.356
12.353
12.349
12.346
12.342
12.339
12.335
12.331
12.328
12.324
12.321
12.317
12.314
12.31
12.306
12.303
12.299
12.296
12.292
12.289
12.285
12.282
12.278
12.275
12.271
12.268
12.264
12.261
12.257
12.254
12.25
12.247
12.243
12.24
12.236
12.233
12.229
12.226
12.223
12.219
12.216
12.212
12.209
12.205
12.202
12.198
12.195
12.192
12.188
12.185
12.181
12.178
12.175
12.171
12.168
12.164
12.161
12.158
12.154
12.151
12.148
12.144
12.141
12.137
12.134
12.131
12.127
12.124
12.121
12.117
12.114
12.111
12.107
12.104
12.101
12.097
12.094
12.091
12.088
12.084
12.081
12.078
12.074
12.071
12.068
12.064
12.061
12.058
12.055
12.051
12.048
12.045
12.042
12.038
12.035
12.032
12.029
12.025
12.022
12.019
12.016
12.013
12.009
12.006
12.003
12.0
11.997
11.993
11.99
11.987
11.984
11.981
11.977
11.974
11.971
11.968
11.965
11.962
11.958
11.955
11.952
11.949
11.946
11.943
11.939
11.936
11.933
11.93
11.927
11.924
11.921
11.918
11.914
11.911
11.908
11.905
11.902
11.899
11.896
11.893
11.89
11.887
11.884
11.88
11.877
11.874
11.871
11.868
11.865
11.862
11.859
11.856
11.853
11.85
11.847
11.844
11.841
11.838
11.835
11.832
11.829
11.826
11.823
11.82
11.817
11.814
11.811
11.808
11.805
11.802
11.799
11.796
11.793
11.79
11.787
11.784
11.781
11.778
11.775
11.772
11.769
11.766
11.763
11.76
11.757
11.754
11.752
11.749
11.746
11.743
11.74
11.737
11.734
11.731
11.728
11.725
11.722
11.72
11.717
11.714
11.711
11.708
11.705
11.702
11.699
11.697
11.694
11.691
11.688
11.685
11.682
11.679
11.677
11.674
11.671
11.668
11.665
11.662
11.66
11.657
11.654
11.651
11.648
11.645
11.643
11.64
11.637
11.634
11.631
11.629
11.626
11.623
11.62
11.618
11.615
11.612
11.609
11.606
11.604
11.601
11.598
11.595
11.593
11.59
11.587
11.584
11.582
11.579
11.576
11.574
11.571
11.568
11.565
11.563
11.56
11.557
11.554
11.552
11.549
11.546
11.544
11.541
11.538
11.536
11.533
11.53
11.528
11.525
11.522
11.52
11.517
11.514
11.512
11.509
11.506
11.504
11.501
11.498
11.496
11.493
11.49
11.488
11.485
11.482
11.48
11.477
11.475
11.472
11.469
11.467
11.464
11.462
11.459
11.456
11.454
11.451
11.449
11.446
11.443
11.441
11.438
11.436
11.433
11.431
11.428
11.425
11.423
11.42
11.418
11.415
11.413
11.41
11.408
11.405
11.402
11.4
11.397
11.395
11.392
11.39
11.387
11.385
11.382
11.38
11.377
11.375
11.372
11.37
11.367
11.365
11.362
11.36
11.357
11.355
11.352
11.35
11.347
11.345
11.342
11.34
11.337
11.335
11.332
11.33
11.328
11.325
11.323
11.32
11.318
11.315
11.313
11.31
11.308
11.306
11.303
11.301
11.298
11.296
11.293
11.291
11.289
11.286
11.284
11.281
11.279
11.277
11.274
11.272
11.269
11.267
11.265
11.262
11.26
11.257
11.255
11.253
11.25
11.248
11.246
11.243
11.241
11.239
11.236
11.234
11.231
11.229
11.227
11.224
11.222
11.22
11.217
11.215
11.213
11.21
11.208
11.206
11.203
11.201
11.199
11.197
11.194
11.192
11.19
11.187
11.185
11.183
11.18
11.178
11.176
11.174
11.171
11.169
11.167
11.164
11.162
11.16
11.158
11.155
11.153
11.151
11.149
11.146
11.144
11.142
11.14
11.137
11.135
11.133
11.131
11.128
11.126
11.124
11.122
11.119
11.117
11.115
11.113
11.11
11.108
11.106
11.104
11.102
11.099
11.097
11.095
11.093
11.091
11.088
11.086
11.084
11.082
11.08
11.077
11.075
11.073
11.071
11.069
11.067
11.064
11.062
11.06
11.058
11.056
11.054
11.051
11.049
11.047
11.045
11.043
11.041
11.038
11.036
11.034
11.032
11.03
11.028
11.026
11.024
11.021
11.019
11.017
11.015
11.013
11.011
11.009
11.007
11.004
11.002
11.0
10.998
10.996
10.994
10.992
10.99
10.988
10.986
10.984
10.981
10.979
10.977
10.975
10.973
10.971
10.969
10.967
10.965
10.963
10.961
10.959
10.957
10.955
10.952
10.95
10.948
10.946
10.944
10.942
10.94
10.938
10.936
10.934
10.932
10.93
10.928
10.926
10.924
10.922
10.92
10.918
10.916
10.914
10.912
10.91
10.908
10.906
10.904
10.902
10.9
10.898
10.896
10.894
10.892
10.89
10.888
10.886
10.884
10.882
10.88
10.878
10.876
10.874
10.872
10.87
10.868
10.866
10.864
10.862
10.86
10.858
10.856
10.854
10.852
10.85
10.848
10.847
10.845
10.843
10.841
10.839
10.837
10.835
10.833
10.831
10.829
10.827
10.825
10.823
10.821
10.819
10.818
10.816
10.814
10.812
10.81
10.808
10.806
10.804
10.802
10.8
10.798
10.797
10.795
10.793
10.791
10.789
10.787
10.785
10.783
10.781
10.779
10.778
10.776
10.774
10.772
10.77
10.768
10.766
10.764
10.763
10.761
10.759
10.757
10.755
10.753
10.751
10.75
10.748
10.746
10.744
10.742
10.74
10.738
10.737
10.735
10.733
10.731
10.729
10.727
10.726
10.724
10.722
10.72
10.718
10.716
10.715
10.713
10.711
10.709
10.707
10.706
10.704
10.702
10.7
10.698
10.697
10.695
10.693
10.691
10.689
10.688
10.686
10.684
10.682
10.68
10.679
10.677
10.675
10.673
10.671
10.67
10.668
10.666
10.664
10.662
10.661
10.659
10.657
10.655
10.654
10.652
10.65
10.648
10.647
10.645
10.643
10.641
10.64
10.638
10.636
10.634
10.633
10.631
10.629
10.627
10.626
10.624
10.622
10.62
10.619
10.617
10.615
10.613
10.612
10.61
10.608
10.606
10.605
10.603
10.601
10.6
10.598
10.596
10.594
10.593
10.591
10.589
10.588
10.586
10.584
10.582
10.581
10.579
10.577
10.576
10.574
10.572
10.57
10.569
10.567
10.565
10.564
10.562
10.56
10.559
10.557
10.555
10.554
10.552
10.55
10.549
10.547
10.545
10.543
10.542
10.54
10.538
10.537
10.535
10.533
10.532
10.53
10.528
10.527
10.525
10.523
10.522
10.52
10.518
10.517
10.515
10.514
10.512
10.51
10.509
10.507
10.505
10.504
10.502
10.5
10.499
10.497
10.495
10.494
10.492
10.49
10.489
10.487
10.486
10.484
10.482
10.481
10.479
10.477
10.476
10.474
10.473
10.471
10.469
10.468
10.466
10.464
10.463
10.461
10.46
10.458
10.456
10.455
10.453
10.452
10.45
10.448
10.447
10.445
10.443
10.442
10.44
10.439
10.437
10.435
10.434
10.432
10.431
10.429
10.427
10.426
10.424
10.423
10.421
10.42
10.418
10.416
10.415
10.413
10.412
10.41
10.408
10.407
10.405
10.404
10.402
10.401
10.399
10.397
10.396
10.394
10.393
10.391
10.39
10.388
10.386
10.385
10.383
10.382
10.38
10.379
10.377
10.375
10.374
10.372
10.371
10.369
10.368
10.366
10.365
10.363
10.361
10.36
10.358
10.357
10.355
10.354
10.352
10.351
10.349
10.348
10.346
10.344
10.343
10.341
10.34
10.338
10.337
10.335
10.334
10.332
10.331
10.329
10.328
10.326
10.324
10.323
10.321
10.32
10.318
10.317
10.315
10.314
10.312
10.311
10.309
10.308
10.306
10.305
10.303
10.302
10.3
10.299
10.297
10.295
10.294
10.292
10.291
10.289
10.288
10.286
10.285
10.283
10.282
10.28
10.279
10.277
10.276
10.274
10.273
10.271
10.27
10.268
10.267
10.265
10.264
10.262
10.261
10.259
10.258
10.256
10.255
10.253
10.252
10.25
10.249
10.247
10.246
10.244
10.243
10.241
10.24
10.238
10.237
10.235
10.234
10.232
10.231
10.229
10.228
10.226
10.225
10.223
10.222
10.221
10.219
10.218
10.216
10.215
10.213
10.212
10.21
10.209
10.207
10.206
10.204
10.203
10.201
10.2
10.198
10.197
10.195
10.194
10.192
10.191
10.189
10.188
10.187
10.185
10.184
10.182
10.181
10.179
10.178
10.176
10.175
10.173
10.172
10.17
10.169
10.167
10.166
10.164
10.163
10.162
10.16
10.159
10.157
10.156
10.154
10.153
10.151
10.15
10.148
10.147
10.145
10.144
10.143
10.141
10.14
10.138
10.137
10.135
10.134
10.132
10.131
10.129
10.128
10.127
10.125
10.124
10.122
10.121
10.119
10.118
10.116
10.115
10.113
10.112
10.111
10.109
10.108
10.106
10.105
10.103
10.102
10.1
10.099
10.097
10.096
10.095
10.093
10.092
10.09
10.089
10.087
10.086
10.084
10.083
10.082
10.08
10.079
10.077
10.076
10.074
10.073
10.071
10.07
10.069
10.067
10.066
10.064
10.063
10.061
10.06
10.058
10.057
10.056
10.054
10.053
10.051
10.05
10.048
10.047
10.045
10.044
10.043
10.041
10.04
10.038
10.037
10.035
10.034
10.032
10.031
10.03
10.028
10.027
10.025
10.024
10.022
10.021
10.02
10.018
10.017
10.015
10.014
10.012
10.011
10.009
10.008
10.007
10.005
10.004
10.002
10.001
9.999
9.998
9.996
9.995
9.994
9.992
9.991
9.989
9.988
9.986
9.985
9.984
9.982
9.981
9.979
9.978
9.976
9.975
9.973
9.972
9.971
9.969
9.968
9.966
9.965
9.963
9.962
9.96
9.959
9.958
9.956
9.955
9.953
9.952
9.95
9.949
9.948
9.946
9.945
9.943
9.942
9.94
9.939
9.937
9.936
9.935
9.933
9.932
9.93
9.929
9.927
9.926
9.924
9.923
9.922
9.92
9.919
9.917
9.916
9.914
9.913
9.911
9.91
9.909
9.907
9.906
9.904
9.903
9.901
9.9
9.898
9.897
9.896
9.894
9.893
9.891
9.89
9.888
9.887
9.885
9.884
9.882
9.881
9.88
9.878
9.877
9.875
9.874
9.872
9.871
9.869
9.868
9.867
9.865
9.864
9.862
9.861
9.859
9.858
9.856
9.855
9.853
9.852
9.851
9.849
9.848
9.846
9.845
9.843
9.842
9.84
9.839
9.837
9.836
9.834
9.833
9.832
9.83
9.829
9.827
9.826
9.824
9.823
9.821
9.82
9.818
9.817
9.815
9.814
9.813
9.811
9.81
9.808
9.807
9.805
9.804
9.802
9.801
9.799
9.798
9.796
9.795
9.793
9.792
9.79
9.789
9.787
9.786
9.785
9.783
9.782
9.78
9.779
9.777
9.776
9.774
9.773
9.771
9.77
9.768
9.767
9.765
9.764
9.762
9.761
9.759
9.758
9.756
9.755
9.753
9.752
9.75
9.749
9.747
9.746
9.744
9.743
9.742
9.74
9.739
9.737
9.736
9.734
9.733
9.731
9.73
9.728
9.727
9.725
9.724
9.722
9.721
9.719
9.718
9.716
9.715
9.713
9.712
9.71
9.709
9.707
9.705
9.704
9.702
9.701
9.699
9.698
9.696
9.695
9.693
9.692
9.69
9.689
9.687
9.686
9.684
9.683
9.681
9.68
9.678
9.677
9.675
9.674
9.672
9.671
9.669
9.668
9.666
9.664
9.663
9.661
9.66
9.658
9.657
9.655
9.654
9.652
9.651
9.649
9.648
9.646
9.645
9.643
9.641
9.64
9.638
9.637
9.635
9.634
9.632
9.631
9.629
9.628
9.626
9.624
9.623
9.621
9.62
9.618
9.617
9.615
9.614
9.612
9.61
9.609
9.607
9.606
9.604
9.603
9.601
9.6
9.598
9.596
9.595
9.593
9.592
9.59
9.589
9.587
9.585
9.584
9.582
9.581
9.579
9.578
9.576
9.574
9.573
9.571
9.57
9.568
9.566
9.565
9.563
9.562
9.56
9.558
9.557
9.555
9.554
9.552
9.551
9.549
9.547
9.546
9.544
9.543
9.541
9.539
9.538
9.536
9.534
9.533
9.531
9.53
9.528
9.526
9.525
9.523
9.522
9.52
9.518
9.517
9.515
9.513
9.512
9.51
9.509
9.507
9.505
9.504
9.502
9.5
9.499
9.497
9.496
9.494
9.492
9.491
9.489
9.487
9.486
9.484
9.482
9.481
9.479
9.478
9.476
9.474
9.473
9.471
9.469
9.468
9.466
9.464
9.463
9.461
9.459
9.458
9.456
9.454
9.453
9.451
9.449
9.448
9.446
9.444
9.443
9.441
9.439
9.438
9.436
9.434
9.433
9.431
9.429
9.427
9.426
9.424
9.422
9.421
9.419
9.417
9.416
9.414
9.412
9.411
9.409
9.407
9.405
9.404
9.402
9.4
9.399
9.397
9.395
9.393
9.392
9.39
9.388
9.387
9.385
9.383
9.381
9.38
9.378
9.376
9.375
9.373
9.371
9.369
9.368
9.366
9.364
9.362
9.361
9.359
9.357
9.355
9.354
9.352
9.35
9.348
9.347
9.345
9.343
9.341
9.34
9.338
9.336
9.334
9.333
9.331
9.329
9.327
9.325
9.324
9.322
9.32
9.318
9.317
9.315
9.313
9.311
9.309
9.308
9.306
9.304
9.302
9.301
9.299
9.297
9.295
9.293
9.292
9.29
9.288
9.286
9.284
9.283
9.281
9.279
9.277
9.275
9.273
9.272
9.27
9.268
9.266
9.264
9.263
9.261
9.259
9.257
9.255
9.253
9.252
9.25
9.248
9.246
9.244
9.242
9.24
9.239
9.237
9.235
9.233
9.231
9.229
9.227
9.226
9.224
9.222
9.22
9.218
9.216
9.214
9.213
9.211
9.209
9.207
9.205
9.203
9.201
9.199
9.197
9.196
9.194
9.192
9.19
9.188
9.186
9.184
9.182
9.18
9.178
9.177
9.175
9.173
9.171
9.169
9.167
9.165
9.163
9.161
9.159
9.157
9.155
9.154
9.152
9.15
9.148
9.146
9.144
9.142
9.14
9.138
9.136
9.134
9.132
9.13
9.128
9.126
9.124
9.122
9.12
9.118
9.116
9.115
9.113
9.111
9.109
9.107
9.105
9.103
9.101
9.099
9.097
9.095
9.093
9.091
9.089
9.087
9.085
9.083
9.081
9.079
9.077
9.075
9.073
9.071
9.069
9.067
9.065
9.063
9.061
9.059
9.057
9.055
9.052
9.05
9.048
9.046
9.044
9.042
9.04
9.038
9.036
9.034
9.032
9.03
9.028
9.026
9.024
9.022
9.02
9.018
9.016
9.014
9.011
9.009
9.007
9.005
9.003
9.001
8.999
8.997
8.995
8.993
8.991
8.989
8.987
8.985
8.983
8.981
8.979
8.977
8.975
8.973
8.971
8.969
8.967
8.965
8.963
8.961
8.959
8.957
8.955
8.953
8.951
8.949
8.947
8.945
8.943
8.941
8.939
8.937
8.935
8.933
8.931
8.929
8.927
8.925
8.923
8.921
8.919
8.917
8.915
8.912
8.91
8.908
8.906
8.904
8.902
8.9
8.898
8.896
8.894
8.892
8.89
8.888
8.886
8.883
8.881
8.879
8.877
8.875
8.873
8.871
8.869
8.867
8.865
8.862
8.86
8.858
8.856
8.854
8.852
8.85
8.848
8.846
8.843
8.841
8.839
8.837
8.835
8.833
8.831
8.828
8.826
8.824
8.822
8.82
8.818
8.816
8.813
8.811
8.809
8.807
8.805
8.803
8.8
8.798
8.796
8.794
8.792
8.79
8.787
8.785
8.783
8.781
8.779
8.776
8.774
8.772
8.77
8.768
8.766
8.763
8.761
8.759
8.757
8.754
8.752
8.75
8.748
8.746
8.743
8.741
8.739
8.737
8.735
8.732
8.73
8.728
8.726
8.723
8.721
8.719
8.717
8.714
8.712
8.71
8.708
8.705
8.703
8.701
8.699
8.696
8.694
8.692
8.69
8.687
8.685
8.683
8.681
8.678
8.676
8.674
8.671
8.669
8.667
8.665
8.662
8.66
8.658
8.655
8.653
8.651
8.649
8.646
8.644
8.642
8.639
8.637
8.635
8.632
8.63
8.628
8.625
8.623
8.621
8.618
8.616
8.614
8.611
8.609
8.607
8.604
8.602
8.6
8.597
8.595
8.593
8.59
8.588
8.586
8.583
8.581
8.579
8.576
8.574
8.572
8.569
8.567
8.565
8.562
8.56
8.557
8.555
8.553
8.55
8.548
8.546
8.543
8.541
8.538
8.536
8.534
8.531
8.529
8.526
8.524
8.522
8.519
8.517
8.514
8.512
8.51
8.507
8.505
8.502
8.5
8.498
8.495
8.493
8.49
8.488
8.485
8.483
8.481
8.478
8.476
8.473
8.471
8.468
8.466
8.463
8.461
8.459
8.456
8.454
8.451
8.449
8.446
8.444
8.441
8.439
8.437
8.434
8.432
8.429
8.427
8.424
8.422
8.419
8.417
8.414
8.412
8.409
8.407
8.404
8.402
8.399
8.397
8.394
8.392
8.389
8.387
8.384
8.382
8.379
8.377
8.374
8.372
8.369
8.367
8.364
8.362
8.359
8.357
8.354
8.352
8.349
8.347
8.344
8.342
8.339
8.337
8.334
8.332
8.329
8.326
8.324
8.321
8.319
8.316
8.314
8.311
8.309
8.306
8.304
8.301
8.298
8.296
8.293
8.291
8.288
8.286
8.283
8.28
8.278
8.275
8.273
8.27
8.268
8.265
8.262
8.26
8.257
8.255
8.252
8.25
8.247
8.244
8.242
8.239
8.237
8.234
8.231
8.229
8.226
8.224
8.221
8.218
8.216
8.213
8.211
8.208
8.205
8.203
8.2
8.197
8.195
8.192
8.19
8.187
8.184
8.182
8.179
8.176
8.174
8.171
8.169
8.166
8.163
8.161
8.158
8.155
8.153
8.15
8.147
8.145
8.142
8.139
8.137
8.134
8.131
8.129
8.126
8.123
8.121
8.118
8.115
8.113
8.11
8.107
8.105
8.102
8.099
8.097
8.094
8.091
8.089
8.086
8.083
8.081
8.078
8.075
8.073
8.07
8.067
8.064
8.062
8.059
8.056
8.054
8.051
8.048
8.045
8.043
8.04
8.037
8.035
8.032
8.029
8.026
8.024
8.021
8.018
8.016
8.013
8.01
8.007
8.005
8.002
7.999
7.996
7.994
7.991
7.988
7.985
7.983
7.98
7.977
7.974
7.972
7.969
7.966
7.963
7.961
7.958
7.955
7.952
7.95
7.947
7.944
7.941
7.939
7.936
7.933
7.93
7.928
7.925
7.922
7.919
7.916
7.914
7.911
7.908
7.905
7.902
7.9
7.897
7.894
7.891
7.889
7.886
7.883
7.88
7.877
7.875
7.872
7.869
7.866
7.863
7.861
7.858
7.855
7.852
7.849
7.846
7.844
7.841
7.838
7.835
7.832
7.83
7.827
7.824
7.821
7.818
7.815
7.813
7.81
7.807
7.804
7.801
7.798
7.796
7.793
7.79
7.787
7.784
7.781
7.778
7.776
7.773
7.77
7.767
7.764
7.761
7.758
7.756
7.753
7.75
7.747
7.744
7.741
7.738
7.736
7.733
7.73
7.727
7.724
7.721
7.718
7.715
7.713
7.71
7.707
7.704
7.701
7.698
7.695
7.692
7.689
7.687
7.684
7.681
7.678
7.675
7.672
7.669
7.666
7.663
7.66
7.658
7.655
7.652
7.649
7.646
7.643
7.64
7.637
7.634
7.631
7.628
7.626
7.623
7.62
7.617
7.614
7.611
7.608
7.605
7.602
7.599
7.596
7.593
7.59
7.587
7.585
7.582
7.579
7.576
7.573
7.57
7.567
7.564
7.561
7.558
7.555
7.552
7.549
7.546
7.543
7.54
7.537
7.534
7.531
7.528
7.526
7.523
7.52
7.517
7.514
7.511
7.508
7.505
7.502
7.499
7.496
7.493
7.49
7.487
7.484
7.481
7.478
7.475
7.472
7.469
7.466
7.463
7.46
7.457
7.454
7.451
7.448
7.445
7.442
7.439
7.436
7.433
7.43
7.427
7.424
7.421
7.418
7.415
7.412
7.409
7.406
7.403
7.4
7.397
7.394
7.391
7.388
7.385
7.382
7.379
7.376
7.373
7.37
7.367
7.364
7.361
7.358
7.355
7.352
7.349
7.346
7.343
7.34
7.336
7.333
7.33
7.327
7.324
7.321
7.318
7.315
7.312
7.309
7.306
7.303
7.3
7.297
7.294
7.291
7.288
7.285
7.282
7.279
7.275
7.272
7.269
7.266
7.263
7.26
7.257
7.254
7.251
7.248
7.245
7.242
7.239
7.236
7.233
7.229
7.226
7.223
7.22
7.217
7.214
7.211
7.208
7.205
7.202
7.199
7.196
7.192
7.189
7.186
7.183
7.18
7.177
7.174
7.171
7.168
7.165
7.162
7.158
7.155
7.152
7.149
7.146
7.143
7.14
7.137
7.134
7.13
7.127
7.124
7.121
7.118
7.115
7.112
7.109
7.106
7.102
7.099
7.096
7.093
7.09
7.087
7.084
7.081
7.077
7.074
7.071
7.068
7.065
7.062
7.059
7.055
7.052
7.049
7.046
7.043
7.04
7.037
7.034
7.03
7.027
7.024
7.021
7.018
7.015
7.012
7.008
7.005
7.002
6.999
6.996
6.993
6.989
6.986
6.983
6.98
6.977
6.974
6.97
6.967
6.964
6.961
6.958
6.955
6.952
6.948
6.945
6.942
6.939
6.936
6.932
6.929
6.926
6.923
6.92
6.917
6.913
6.91
6.907
6.904
6.901
6.898
6.894
6.891
6.888
6.885
6.882
6.878
6.875
6.872
6.869
6.866
6.862
6.859
6.856
6.853
6.85
6.846
6.843
6.84
6.837
6.834
6.83
6.827
6.824
6.821
6.818
6.814
6.811
6.808
6.805
6.802
6.798
6.795
6.792
6.789
6.786
6.782
6.779
6.776
6.773
6.77
6.766
6.763
6.76
6.757
6.753
6.75
6.747
6.744
6.741
6.737
6.734
6.731
6.728
6.724
6.721
6.718
6.715
6.711
6.708
6.705
6.702
6.698
6.695
6.692
6.689
6.686
6.682
6.679
6.676
6.673
6.669
6.666
6.663
6.66
6.656
6.653
6.65
6.647
6.643
6.64
6.637
6.634
6.63
6.627
6.624
6.621
6.617
6.614
6.611
6.608
6.604
6.601
6.598
6.595
6.591
6.588
6.585
6.581
6.578
6.575
6.572
6.568
6.565
6.562
6.559
6.555
6.552
6.549
6.545
6.542
6.539
6.536
6.532
6.529
6.526
6.523
6.519
6.516
6.513
6.509
6.506
6.503
6.5
6.496
6.493
6.49
6.486
6.483
6.48
6.477
6.473
6.47
6.467
6.463
6.46
6.457
6.454
6.45
6.447
6.444
6.44
6.437
6.434
6.43
6.427
6.424
6.421
6.417
6.414
6.411
6.407
6.404
6.401
6.397
6.394
6.391
6.388
6.384
6.381
6.378
6.374
6.371
6.368
6.364
6.361
6.358
6.354
6.351
6.348
6.344
6.341
6.338
6.335
6.331
6.328
6.325
6.321
6.318
6.315
6.311
6.308
6.305
6.301
6.298
6.295
6.291
6.288
6.285
6.281
6.278
6.275
6.271
6.268
6.265
6.261
6.258
6.255
6.251
6.248
6.245
6.241
6.238
6.235
6.231
6.228
6.225
6.221
6.218
6.215
6.211
6.208
6.205
6.201
6.198
6.195
6.191
6.188
6.185
6.181
6.178
6.175
6.171
6.168
6.164
6.161
6.158
6.154
6.151
6.148
6.144
6.141
6.138
6.134
6.131
6.128
6.124
6.121
6.118
6.114
6.111
6.107
6.104
6.101
6.097
6.094
6.091
6.087
6.084
6.081
6.077
6.074
6.071
6.067
6.064
6.06
6.057
6.054
6.05
6.047
6.044
6.04
6.037
6.033
6.03
6.027
6.023
6.02
6.017
6.013
6.01
6.006
6.003
6.0
5.996
5.993
5.99
5.986
5.983
5.979
5.976
5.973
5.969
5.966
5.963
5.959
5.956
5.952
5.949
5.946
5.942
5.939
5.936
5.932
5.929
5.925
5.922
5.919
5.915
5.912
5.908
5.905
5.902
5.898
5.895
5.891
5.888
5.885
5.881
5.878
5.875
5.871
5.868
5.864
5.861
5.858
5.854
5.851
5.847
5.844
5.841
5.837
5.834
5.83
5.827
5.824
5.82
5.817
5.813
5.81
5.807
5.803
5.8
5.796
5.793
5.79
5.786
5.783
5.779
5.776
5.773
5.769
5.766
5.762
5.759
5.756
5.752
5.749
5.745
5.742
5.739
5.735
5.732
5.728
5.725
5.721
5.718
5.715
5.711
5.708
5.704
5.701
5.698
5.694
5.691
5.687
5.684
5.681
5.677
5.674
5.67
5.667
5.663
5.66
5.657
5.653
5.65
5.646
5.643
5.64
5.636
5.633
5.629
5.626
5.622
5.619
5.616
5.612
5.609
5.605
5.602
5.599
5.595
5.592
5.588
5.585
5.581
5.578
5.575
5.571
5.568
5.564
5.561
5.557
5.554
5.551
5.547
5.544
5.54
5.537
5.533
5.53
5.527
5.523
5.52
5.516
5.513
5.509
5.506
5.503
5.499
5.496
5.492
5.489
5.485
5.482
5.479
5.475
5.472
5.468
5.465
5.461
5.458
5.455
5.451
5.448
5.444
5.441
5.437
5.434
5.431
5.427
5.424
5.42
5.417
5.413
5.41
5.406
5.403
5.4
5.396
5.393
5.389
5.386
5.382
5.379
5.376
5.372
5.369
5.365
5.362
5.358
5.355
5.351
5.348
5.345
5.341
5.338
5.334
5.331
5.327
5.324
5.32
5.317
5.314
5.31
5.307
5.303
5.3
5.296
5.293
5.289
5.286
5.283
5.279
5.276
5.272
5.269
5.265
5.262
5.259
5.255
5.252
5.248
5.245
5.241
5.238
5.234
5.231
5.227
5.224
5.221
5.217
5.214
5.21
5.207
5.203
5.2
5.196
5.193
5.19
5.186
5.183
5.179
5.176
5.172
5.169
5.165
5.162
5.159
5.155
5.152
5.148
5.145
5.141
5.138
5.134
5.131
5.128
5.124
5.121
5.117
5.114
5.11
5.107
5.103
5.1
5.096
5.093
5.09
5.086
5.083
5.079
5.076
5.072
5.069
5.065
5.062
5.059
5.055
5.052
5.048
5.045
5.041
5.038
5.034
5.031
5.027
5.024
5.021
5.017
5.014
5.01
5.007
5.003
5.0
4.996
4.993
4.99
4.986
4.983
4.979
4.976
4.972
4.969
4.965
4.962
4.958
4.955
4.952
4.948
4.945
4.941
4.938
4.934
4.931
4.927
4.924
4.92
4.917
4.914
4.91
4.907
4.903
4.9
4.896
4.893
4.889
4.886
4.883
4.879
4.876
4.872
4.869
4.865
4.862
4.858
4.855
4.851
4.848
4.845
4.841
4.838
4.834
4.831
4.827
4.824
4.82
4.817
4.813
4.81
4.807
4.803
4.8
4.796
4.793
4.789
4.786
4.782
4.779
4.776
4.772
4.769
4.765
4.762
4.758
4.755
4.751
4.748
4.744
4.741
4.738
4.734
4.731
4.727
4.724
4.72
4.717
4.713
4.71
4.707
4.703
4.7
4.696
4.693
4.689
4.686
4.682
4.679
4.676
4.672
4.669
4.665
4.662
4.658
4.655
4.651
4.648
4.644
4.641
4.638
4.634
4.631
4.627
4.624
4.62
4.617
4.613
4.61
4.607
4.603
4.6
4.596
4.593
4.589
4.586
4.582
4.579
4.576
4.572
4.569
4.565
4.562
4.558
4.555
4.551
4.548
4.545
4.541
4.538
4.534
4.531
4.527
4.524
4.521
4.517
4.514
4.51
4.507
4.503
4.5
4.496
4.493
4.49
4.486
4.483
4.479
4.476
4.472
4.469
4.465
4.462
4.459
4.455
4.452
4.448
4.445
4.441
4.438
4.435
4.431
4.428
4.424
4.421
4.417
4.414
4.411
4.407
4.404
4.4
4.397
4.393
4.39
4.386
4.383
4.38
4.376
4.373
4.369
4.366
4.362
4.359
4.356
4.352
4.349
4.345
4.342
4.338
4.335
4.332
4.328
4.325
4.321
4.318
4.314
4.311
4.308
4.304
4.301
4.297
4.294
4.29
4.287
4.284
4.28
4.277
4.273
4.27
4.267
4.263
4.26
4.256
4.253
4.249
4.246
4.243
4.239
4.236
4.232
4.229
4.225
4.222
4.219
4.215
4.212
4.208
4.205
4.202
4.198
4.195
4.191
4.188
4.184
4.181
4.178
4.174
4.171
4.167
4.164
4.161
4.157
4.154
4.15
4.147
4.144
4.14
4.137
4.133
4.13
4.126
4.123
4.12
4.116
4.113
4.109
4.106
4.103
4.099
4.096
4.092
4.089
4.086
4.082
4.079
4.075
4.072
4.069
4.065
4.062
4.058
4.055
4.052
4.048
4.045
4.041
4.038
4.035
4.031
4.028
4.024
4.021
4.018
4.014
4.011
4.007
4.004
4.001
3.997
3.994
3.99
3.987
3.984
3.98
3.977
3.973
3.97
3.967
3.963
3.96
3.956
3.953
3.95
3.946
3.943
3.94
3.936
3.933
3.929
3.926
3.923
3.919
3.916
3.912
3.909
3.906
3.902
3.899
3.896
3.892
3.889
3.885
3.882
3.879
3.875
3.872
3.869
3.865
3.862
3.858
3.855
3.852
3.848
3.845
3.842
3.838
3.835
3.831
3.828
3.825
3.821
3.818
3.815
3.811
3.808
3.804
3.801
3.798
3.794
3.791
3.788
3.784
3.781
3.778
3.774
3.771
3.767
3.764
3.761
3.757
3.754
3.751
3.747
3.744
3.741
3.737
3.734
3.731
3.727
3.724
3.72
3.717
3.714
3.71
3.707
3.704
3.7
3.697
3.694
3.69
3.687
3.684
3.68
3.677
3.674
3.67
3.667
3.664
3.66
3.657
3.653
3.65
3.647
3.643
3.64
3.637
3.633
3.63
3.627
3.623
3.62
3.617
3.613
3.61
3.607
3.603
3.6
3.597
3.593
3.59
3.587
3.583
3.58
3.577
3.573
3.57
3.567
3.563
3.56
3.557
3.553
3.55
3.547
3.543
3.54
3.537
3.534
3.53
3.527
3.524
3.52
3.517
3.514
3.51
3.507
3.504
3.5
3.497
3.494
3.49
3.487
3.484
3.48
3.477
3.474
3.471
3.467
3.464
3.461
3.457
3.454
3.451
3.447
3.444
3.441
3.438
3.434
3.431
3.428
3.424
3.421
3.418
3.414
3.411
3.408
3.405
3.401
3.398
3.395
3.391
3.388
3.385
3.381
3.378
3.375
3.372
3.368
3.365
3.362
3.358
3.355
3.352
3.349
3.345
3.342
3.339
3.336
3.332
3.329
3.326
3.322
3.319
3.316
3.313
3.309
3.306
3.303
3.299
3.296
3.293
3.29
3.286
3.283
3.28
3.277
3.273
3.27
3.267
3.264
3.26
3.257
3.254
3.25
3.247
3.244
3.241
3.237
3.234
3.231
3.228
3.224
3.221
3.218
3.215
3.211
3.208
3.205
3.202
3.198
3.195
3.192
3.189
3.185
3.182
3.179
3.176
3.172
3.169
3.166
3.163
3.16
3.156
3.153
3.15
3.147
3.143
3.14
3.137
3.134
3.13
3.127
3.124
3.121
3.118
3.114
3.111
3.108
3.105
3.101
3.098
3.095
3.092
3.089
3.085
3.082
3.079
3.076
3.072
3.069
3.066
3.063
3.06
3.056
3.053
3.05
3.047
3.044
3.04
3.037
3.034
3.031
3.028
3.024
3.021
3.018
3.015
3.012
3.008
3.005
3.002
2.999
2.996
2.992
2.989
2.986
2.983
2.98
2.976
2.973
2.97
2.967
2.964
2.96
2.957
2.954
2.951
2.948
2.945
2.941
2.938
2.935
2.932
2.929
2.925
2.922
2.919
2.916
2.913
2.91
2.906
2.903
2.9
2.897
2.894
2.891
2.887
2.884
2.881
2.878
2.875
2.872
2.869
2.865
2.862
2.859
2.856
2.853
2.85
2.846
2.843
2.84
2.837
2.834
2.831
2.828
2.824
2.821
2.818
2.815
2.812
2.809
2.806
2.802
2.799
2.796
2.793
2.79
2.787
2.784
2.781
2.777
2.774
2.771
2.768
2.765
2.762
2.759
2.756
2.752
2.749
2.746
2.743
2.74
2.737
2.734
2.731
2.727
2.724
2.721
2.718
2.715
2.712
2.709
2.706
2.703
2.7
2.696
2.693
2.69
2.687
2.684
2.681
2.678
2.675
2.672
2.669
2.665
2.662
2.659
2.656
2.653
2.65
2.647
2.644
2.641
2.638
2.635
2.632
2.628
2.625
2.622
2.619
2.616
2.613
2.61
2.607
2.604
2.601
2.598
2.595
2.592
2.589
2.585
2.582
2.579
2.576
2.573
2.57
2.567
2.564
2.561
2.558
2.555
2.552
2.549
2.546
2.543
2.54
2.537
2.534
2.531
2.527
2.524
2.521
2.518
2.515
2.512
2.509
2.506
2.503
2.5
2.497
2.494
2.491
2.488
2.485
2.482
2.479
2.476
2.473
2.47
2.467
2.464
2.461
2.458
2.455
2.452
2.449
2.446
2.443
2.44
2.437
2.434
2.431
2.428
2.425
2.422
2.419
2.416
2.413
2.41
2.407
2.404
2.401
2.398
2.395
2.392
2.389
2.386
2.383
2.38
2.377
2.374
2.371
2.368
2.365
2.362
2.359
2.356
2.353
2.35
2.347
2.344
2.341
2.338
2.335
2.332
2.329
2.326
2.323
2.32
2.317
2.315
2.312
2.309
2.306
2.303
2.3
2.297
2.294
2.291
2.288
2.285
2.282
2.279
2.276
2.273
2.27
2.267
2.264
2.261
2.259
2.256
2.253
2.25
2.247
2.244
2.241
2.238
2.235
2.232
2.229
2.226
2.223
2.221
2.218
2.215
2.212
2.209
2.206
2.203
2.2
2.197
2.194
2.191
2.189
2.186
2.183
2.18
2.177
2.174
2.171
2.168
2.165
2.162
2.16
2.157
2.154
2.151
2.148
2.145
2.142
2.139
2.137
2.134
2.131
2.128
2.125
2.122
2.119
2.116
2.114
2.111
2.108
2.105
2.102
2.099
2.096
2.094
2.091
2.088
2.085
2.082
2.079
2.076
2.074
2.071
2.068
2.065
2.062
2.059
2.056
2.054
2.051
2.048
2.045
2.042
2.039
2.037
2.034
2.031
2.028
2.025
2.022
2.02
2.017
2.014
2.011
2.008
2.006
2.003
2.0
1.997
1.994
1.992
1.989
1.986
1.983
1.98
1.978
1.975
1.972
1.969
1.966
1.964
1.961
1.958
1.955
1.952
1.95
1.947
1.944
1.941
1.938
1.936
1.933
1.93
1.927
1.925
1.922
1.919
1.916
1.913
1.911
1.908
1.905
1.902
1.9
1.897
1.894
1.891
1.889
1.886
1.883
1.88
1.878
1.875
1.872
1.869
1.867
1.864
1.861
1.858
1.856
1.853
1.85
1.847
1.845
1.842
1.839
1.837
1.834
1.831
1.828
1.826
1.823
1.82
1.818
1.815
1.812
1.809
1.807
1.804
1.801
1.799
1.796
1.793
1.79
1.788
1.785
1.782
1.78
1.777
1.774
1.772
1.769
1.766
1.764
1.761
1.758
1.756
1.753
1.75
1.747
1.745
1.742
1.739
1.737
1.734
1.731
1.729
1.726
1.723
1.721
1.718
1.715
1.713
1.71
1.708
1.705
1.702
1.7
1.697
1.694
1.692
1.689
1.686
1.684
1.681
1.678
1.676
1.673
1.671
1.668
1.665
1.663
1.66
1.657
1.655
1.652
1.65
1.647
1.644
1.642
1.639
1.637
1.634
1.631
1.629
1.626
1.624
1.621
1.618
1.616
1.613
1.611
1.608
1.605
1.603
1.6
1.598
1.595
1.592
1.59
1.587
1.585
1.582
1.58
1.577
1.574
1.572
1.569
1.567
1.564
1.562
1.559
1.556
1.554
1.551
1.549
1.546
1.544
1.541
1.539
1.536
1.534
1.531
1.528
1.526
1.523
1.521
1.518
1.516
1.513
1.511
1.508
1.506
1.503
1.501
1.498
1.496
1.493
1.491
1.488
1.486
1.483
1.481
1.478
1.476
1.473
1.471
1.468
1.466
1.463
1.461
1.458
1.456
1.453
1.451
1.448
1.446
1.443
1.441
1.438
1.436
1.433
1.431
1.428
1.426
1.423
1.421
1.418
1.416
1.413
1.411
1.409
1.406
1.404
1.401
1.399
1.396
1.394
1.391
1.389
1.387
1.384
1.382
1.379
1.377
1.374
1.372
1.37
1.367
1.365
1.362
1.36
1.357
1.355
1.353
1.35
1.348
1.345
1.343
1.341
1.338
1.336
1.333
1.331
1.329
1.326
1.324
1.321
1.319
1.317
1.314
1.312
1.309
1.307
1.305
1.302
1.3
1.298
1.295
1.293
1.29
1.288
1.286
1.283
1.281
1.279
1.276
1.274
1.272
1.269
1.267
1.264
1.262
1.26
1.257
1.255
1.253
1.25
1.248
1.246
1.243
1.241
1.239
1.236
1.234
1.232
1.23
1.227
1.225
1.223
1.22
1.218
1.216
1.213
1.211
1.209
1.206
1.204
1.202
1.2
1.197
1.195
1.193
1.19
1.188
1.186
1.184
1.181
1.179
1.177
1.174
1.172
1.17
1.168
1.165
1.163
1.161
1.159
1.156
1.154
1.152
1.15
1.147
1.145
1.143
1.141
1.138
1.136
1.134
1.132
1.129
1.127
1.125
1.123
1.12
1.118
1.116
1.114
1.112
1.109
1.107
1.105
1.103
1.1
1.098
1.096
1.094
1.092
1.089
1.087
1.085
1.083
1.081
1.078
1.076
1.074
1.072
1.07
1.068
1.065
1.063
1.061
1.059
1.057
1.055
1.052
1.05
1.048
1.046
1.044
1.042
1.039
1.037
1.035
1.033
1.031
1.029
1.027
1.024
1.022
1.02
1.018
1.016
1.014
1.012
1.009
1.007
1.005
1.003
1.001
0.999
0.997
0.995
0.993
0.99
0.988
0.986
0.984
0.982
0.98
0.978
0.976
0.974
0.972
0.969
0.967
0.965
0.963
0.961
0.959
0.957
0.955
0.953
0.951
0.949
0.947
0.945
0.943
0.94
0.938
0.936
0.934
0.932
0.93
0.928
0.926
0.924
0.922
0.92
0.918
0.916
0.914
0.912
0.91
0.908
0.906
0.904
0.902
0.9
0.898
0.896
0.894
0.892
0.89
0.888
0.886
0.884
0.882
0.88
0.878
0.876
0.874
0.872
0.87
0.868
0.866
0.864
0.862
0.86
0.858
0.856
0.854
0.852
0.85
0.848
0.846
0.844
0.842
0.84
0.838
0.836
0.834
0.833
0.831
0.829
0.827
0.825
0.823
0.821
0.819
0.817
0.815
0.813
0.811
0.809
0.807
0.806
0.804
0.802
0.8
0.798
0.796
0.794
0.792
0.79
0.788
0.787
0.785
0.783
0.781
0.779
0.777
0.775
0.773
0.772
0.77
0.768
0.766
0.764
0.762
0.76
0.759
0.757
0.755
0.753
0.751
0.749
0.747
0.746
0.744
0.742
0.74
0.738
0.736
0.735
0.733
0.731
0.729
0.727
0.725
0.724
0.722
0.72
0.718
0.716
0.715
0.713
0.711
0.709
0.707
0.706
0.704
0.702
0.7
0.699
0.697
0.695
0.693
0.691
0.69
0.688
0.686
0.684
0.683
0.681
0.679
0.677
0.676
0.674
0.672
0.67
0.669
0.667
0.665
0.663
0.662
0.66
0.658
0.656
0.655
0.653
0.651
0.65
0.648
0.646
0.644
0.643
0.641
0.639
0.638
0.636
0.634
0.633
0.631
0.629
0.627
0.626
0.624
0.622
0.621
0.619
0.617
0.616
0.614
0.612
0.611
0.609
0.607
0.606
0.604
0.602
0.601
0.599
0.598
0.596
0.594
0.593
0.591
0.589
0.588
0.586
0.584
0.583
0.581
0.58
0.578
0.576
0.575
0.573
0.572
0.57
0.568
0.567
0.565
0.564
0.562
0.56
0.559
0.557
0.556
0.554
0.552
0.551
0.549
0.548
0.546
0.545
0.543
0.541
0.54
0.538
0.537
0.535
0.534
0.532
0.531
0.529
0.528
0.526
0.524
0.523
0.521
0.52
0.518
0.517
0.515
0.514
0.512
0.511
0.509
0.508
0.506
0.505
0.503
0.502
0.5
0.499
0.497
0.496
0.494
0.493
0.491
0.49
0.488
0.487
0.486
0.484
0.483
0.481
0.48
0.478
0.477
0.475
0.474
0.472
0.471
0.47
0.468
0.467
0.465
0.464
0.462
0.461
0.459
0.458
0.457
0.455
0.454
0.452
0.451
0.45
0.448
0.447
0.445
0.444
0.443
0.441
0.44
0.438
0.437
0.436
0.434
0.433
0.432
0.43
0.429
0.427
0.426
0.425
0.423
0.422
0.421
0.419
0.418
0.417
0.415
0.414
0.413
0.411
0.41
0.409
0.407
0.406
0.405
0.403
0.402
0.401
0.399
0.398
0.397
0.395
0.394
0.393
0.392
0.39
0.389
0.388
0.386
0.385
0.384
0.383
0.381
0.38
0.379
0.377
0.376
0.375
0.374
0.372
0.371
0.37
0.369
0.367
0.366
0.365
0.364
0.363
0.361
0.36
0.359
0.358
0.356
0.355
0.354
0.353
0.352
0.35
0.349
0.348
0.347
0.345
0.344
0.343
0.342
0.341
0.34
0.338
0.337
0.336
0.335
0.334
0.332
0.331
0.33
0.329
0.328
0.327
0.326
0.324
0.323
0.322
0.321
0.32
0.319
0.318
0.316
0.315
0.314
0.313
0.312
0.311
0.31
0.309
0.307
0.306
0.305
0.304
0.303
0.302
0.301
0.3
0.299
0.298
0.296
0.295
0.294
0.293
0.292
0.291
0.29
0.289
0.288
0.287
0.286
0.285
0.284
0.283
0.282
0.281
0.28
0.279
0.277
0.276
0.275
0.274
0.273
0.272
0.271
0.27
0.269
0.268
0.267
0.266
0.265
0.264
0.263
0.262
0.261
0.26
0.259
0.258
0.257
0.256
0.255
0.254
0.254
0.253
0.252
0.251
0.25
0.249
0.248
0.247
0.246
0.245
0.244
0.243
0.242
0.241
0.24
0.239
0.238
0.238
0.237
0.236
0.235
0.234
0.233
0.232
0.231
0.23
0.229
0.228
0.228
0.227
0.226
0.225
0.224
0.223
0.222
0.221
0.221
0.22
0.219
0.218
0.217
0.216
0.215
0.215
0.214
0.213
0.212
0.211
0.21
0.21
0.209
0.208
0.207
0.206
0.205
0.205
0.204
0.203
0.202
0.201
0.201
0.2
0.199
0.198
0.198
0.197
0.196
0.195
0.194
0.194
0.193
0.192
0.191
0.191
0.19
0.189
0.188
0.188
0.187
0.186
0.185
0.185
0.184
0.183
0.182
0.182
0.181
0.18
0.18
0.179
0.178
0.177
0.177
0.176
0.175
0.175
0.174
0.173
0.173
0.172
0.171
0.171
0.17
0.169
0.169
0.168
0.167
0.167
0.166
0.165
0.165
0.164
0.163
0.163
0.162
0.161
0.161
0.16
0.159
0.159
0.158
0.158
0.157
0.156
0.156
0.155
0.155
0.154
0.153
0.153
0.152
0.152
0.151
0.15
0.15
0.149
0.149
0.148
0.148
0.147
0.146
0.146
0.145
0.145
0.144
0.144
0.143
0.143
0.142
0.142
0.141
0.14
0.14
0.139
0.139
0.138
0.138
0.137
0.137
0.136
0.136
0.135
0.135
0.134
0.134
0.133
0.133
0.132
0.132
0.131
0.131
0.131
0.13
0.13
0.129
0.129
0.128
0.128
0.127
0.127
0.126
0.126
0.126
0.125
0.125
0.124
0.124
0.123
0.123
0.123
0.122
0.122
0.121
0.121
0.121
0.12
0.12
0.119
0.119
0.119
0.118
0.118
0.118
0.117
0.117
0.116
0.116
0.116
0.115
0.115
0.115
0.114
0.114
0.114
0.113
0.113
0.113
0.112
0.112
0.112
0.111
0.111
0.111
0.111
0.11
0.11
0.11
0.109
0.109
0.109
0.108
0.108
0.108
0.108
0.107
0.107
0.107
0.107
0.106
0.106
0.106
0.106
0.105
0.105
0.105
0.105
0.104
0.104
0.104
0.104
0.103
0.103
0.103
0.103
0.103
0.102
0.102
0.102
0.102
0.102
0.101
0.101
0.101
0.101
0.101
0.101
0.1
0.1
0.1
0.1
0.1
0.1
0.099
0.099
0.099
0.099
0.099
0.099
0.099
0.098
0.098
0.098
0.098
0.098
0.098
0.098
0.098
0.098
0.097
0.097
0.097
0.097
0.097
0.097
0.097
0.097
0.097
0.097
0.097
0.097
0.097
0.096
0.096
0.096
0.096
0.096
0.096
0.096
0.096
0.096
0.096
0.096
0.096
0.096
0.096
0.096
0.096
0.096
0.096
0.096
0.096
0.096
0.096
0.096
0.096
0.096
0.096
0.096
0.096
0.096
0.096
0.096
0.096
0.096
0.096
0.097
0.097
0.097
0.097
0.097
0.097
0.097
0.097
0.097
0.097
0.097
0.097
0.097
0.098
0.098
0.098
0.098
0.098
0.098
0.098
0.098
0.098
0.099
0.099
0.099
0.099
0.099
0.099
0.099
0.1
0.1
0.1
0.1
0.1
0.1
0.101
0.101
0.101
0.101
0.101
0.101
0.102
0.102
0.102
0.102
0.102
0.103
0.103
0.103
0.103
0.104
0.104
0.104
0.104
0.104
0.105
0.105
0.105
0.105
0.106
0.106
0.106
0.106
0.107
0.107
0.107
0.108
0.108
0.108
0.108
0.109
0.109
0.109
0.11
0.11
0.11
0.111
0.111
0.111
0.111
0.112
0.112
0.112
0.113
0.113
0.114
0.114
0.114
0.115
0.115
0.115
0.116
0.116
0.116
0.117
0.117
0.118
0.118
0.118
0.119
0.119
0.119
0.12
0.12
0.121
0.121
0.122
0.122
0.122
0.123
0.123
0.124
0.124
0.125
0.125
0.125
0.126
0.126
0.127
0.127
0.128
0.128
0.129
0.129
0.13
0.13
0.131
0.131
0.132
0.132
0.133
0.133
0.134
0.134
0.135
0.135
0.136
0.136
0.137
0.137
0.138
0.138
0.139
0.139
0.14
0.14
0.141
0.142
0.142
0.143
0.143
0.144
0.144
0.145
0.146
0.146
0.147
0.147
0.148
0.149
0.149
0.15
0.15
0.151
0.152
0.152
0.153
0.154
0.154
0.155
0.155
0.156
0.157
0.157
0.158
0.159
0.159
0.16
0.161
0.161
0.162
0.163
0.163
0.164
0.165
0.165
0.166
0.167
0.168
0.168
0.169
0.17
0.17
0.171
0.172
0.173
0.173
0.174
0.175
0.176
0.176
0.177
0.178
0.179
0.179
0.18
0.181
0.182
0.182
0.183
0.184
0.185
0.186
0.186
0.187
0.188
0.189
0.19
0.19
0.191
0.192
0.193
0.194
0.195
0.195
0.196
0.197
0.198
0.199
0.2
0.201
0.201
0.202
0.203
0.204
0.205
0.206
0.207
0.208
0.208
0.209
0.21
0.211
0.212
0.213
0.214
0.215
0.216
0.217
0.218
0.218
0.219
0.22
0.221
0.222
0.223
0.224
0.225
0.226
0.227
0.228
0.229
0.23
0.231
0.232
0.233
0.234
0.235
0.236
0.237
0.238
0.239
0.24
0.241
0.242
0.243
0.244
0.245
0.246
0.247
0.248
0.249
0.25
0.251
0.252
0.253
0.255
0.256
0.257
0.258
0.259
0.26
0.261
0.262
0.263
0.264
0.265
0.267
0.268
0.269
0.27
0.271
0.272
0.273
0.274
0.276
0.277
0.278
0.279
0.28
0.281
0.282
0.284
0.285
0.286
0.287
0.288
0.29
0.291
0.292
0.293
0.294
0.296
0.297
0.298
0.299
0.3
0.302
0.303
0.304
0.305
0.307
0.308
0.309
0.31
0.311
0.313
0.314
0.315
0.317
0.318
0.319
0.32
0.322
0.323
0.324
0.326
0.327
0.328
0.329
0.331
0.332
0.333
0.335
0.336
0.337
0.339
0.34
0.341
0.343
0.344
0.345
0.347
0.348
0.35
0.351
0.352
0.354
0.355
0.356
0.358
0.359
0.361
0.362
0.363
0.365
0.366
0.368
0.369
0.37
0.372
0.373
0.375
0.376
0.378
0.379
0.381
0.382
0.383
0.385
0.386
0.388
0.389
0.391
0.392
0.394
0.395
0.397
0.398
0.4
0.401
0.403
0.404
0.406
0.407
0.409
0.41
0.412
0.413
0.415
0.417
0.418
0.42
0.421
0.423
0.424
0.426
0.428
0.429
0.431
0.432
0.434
0.435
0.437
0.439
0.44
0.442
0.443
0.445
0.447
0.448
0.45
0.452
0.453
0.455
0.457
0.458
0.46
0.461
0.463
0.465
0.466
0.468
0.47
0.472
0.473
0.475
0.477
0.478
0.48
0.482
0.483
0.485
0.487
0.489
0.49
0.492
0.494
0.495
0.497
0.499
0.501
0.502
0.504
0.506
0.508
0.51
0.511
0.513
0.515
0.517
0.518
0.52
0.522
0.524
0.526
0.527
0.529
0.531
0.533
0.535
0.537
0.538
0.54
0.542
0.544
0.546
0.548
0.549
0.551
0.553
0.555
0.557
0.559
0.561
0.563
0.564
0.566
0.568
0.57
0.572
0.574
0.576
0.578
0.58
0.582
0.584
0.586
0.588
0.589
0.591
0.593
0.595
0.597
0.599
0.601
0.603
0.605
0.607
0.609
0.611
0.613
0.615
0.617
0.619
0.621
0.623
0.625
0.627
0.629
0.631
0.633
0.635
0.637
0.639
0.641
0.644
0.646
0.648
0.65
0.652
0.654
0.656
0.658
0.66
0.662
0.664
0.666
0.669
0.671
0.673
0.675
0.677
0.679
0.681
0.683
0.686
0.688
0.69
0.692
0.694
0.696
0.698
0.701
0.703
0.705
0.707
0.709
0.712
0.714
0.716
0.718
0.72
0.723
0.725
0.727
0.729
0.731
0.734
0.736
0.738
0.74
0.743
0.745
0.747
0.749
0.752
0.754
0.756
0.759
0.761
0.763
0.765
0.768
0.77
0.772
0.775
0.777
0.779
0.782
0.784
0.786
0.789
0.791
0.793
0.796
0.798
0.8
0.803
0.805
0.807
0.81
0.812
0.815
0.817
0.819
0.822
0.824
0.826
0.829
0.831
0.834
0.836
0.839
0.841
0.843
0.846
0.848
0.851
0.853
0.856
0.858
0.861
0.863
0.866
0.868
0.87
0.873
0.875
0.878
0.88
0.883
0.885
0.888
0.89
0.893
0.896
0.898
0.901
0.903
0.906
0.908
0.911
0.913
0.916
0.918
0.921
0.924
0.926
0.929
0.931
0.934
0.936
0.939
0.942
0.944
0.947
0.949
0.952
0.955
0.957
0.96
0.963
0.965
0.968
0.971
0.973
0.976
0.979
0.981
0.984
0.987
0.989
0.992
0.995
0.997
1.0
1.01
1.019
1.029
1.038
1.048
1.058
1.067
1.077
1.086
1.096
1.106
1.115
1.125
1.135
1.144
1.154
1.163
1.173
1.183
1.192
1.202
1.212
1.221
1.231
1.241
1.25
1.26
1.27
1.28
1.289
1.299
1.309
1.318
1.328
1.338
1.348
1.357
1.367
1.377
1.387
1.396
1.406
1.416
1.426
1.435
1.445
1.455
1.465
1.475
1.484
1.494
1.504
1.514
1.524
1.533
1.543
1.553
1.563
1.573
1.583
1.592
1.602
1.612
1.622
1.632
1.642
1.652
1.661
1.671
1.681
1.691
1.701
1.711
1.721
1.731
1.741
1.751
1.76
1.77
1.78
1.79
1.8
1.81
1.82
1.83
1.84
1.85
1.86
1.87
1.88
1.89
1.9
1.91
1.92
1.93
1.94
1.95
1.96
1.97
1.98
1.99
2.0
2.01
2.02
2.03
2.04
2.05
2.06
2.07
2.08
2.09
2.1
2.111
2.121
2.131
2.141
2.151
2.161
2.171
2.181
2.191
2.202
2.212
2.222
2.232
2.242
2.252
2.262
2.272
2.283
2.293
2.303
2.313
2.323
2.334
2.344
2.354
2.364
2.374
2.384
2.395
2.405
2.415
2.425
2.436
2.446
2.456
2.466
2.477
2.487
2.497
2.507
2.518
2.528
2.538
2.548
2.559
2.569
2.579
2.59
2.6
2.61
2.62
2.631
2.641
2.651
2.662
2.672
2.682
2.693
2.703
2.713
2.724
2.734
2.745
2.755
2.765
2.776
2.786
2.796
2.807
2.817
2.828
2.838
2.848
2.859
2.869
2.88
2.89
2.901
2.911
2.921
2.932
2.942
2.953
2.963
2.974
2.984
2.995
3.005
3.016
3.026
3.037
3.047
3.058
3.068
3.079
3.089
3.1
3.11
3.121
3.131
3.142
3.152
3.163
3.174
3.184
3.195
3.205
3.216
3.226
3.237
3.248
3.258
3.269
3.279
3.29
3.301
3.311
3.322
3.333
3.343
3.354
3.364
3.375
3.386
3.396
3.407
3.418
3.428
3.439
3.45
3.46
3.471
3.482
3.493
3.503
3.514
3.525
3.535
3.546
3.557
3.568
3.578
3.589
3.6
3.611
3.621
3.632
3.643
3.654
3.664
3.675
3.686
3.697
3.708
3.718
3.729
3.74
3.751
3.762
3.773
3.783
3.794
3.805
3.816
3.827
3.838
3.848
3.859
3.87
3.881
3.892
3.903
3.914
3.925
3.935
3.946
3.957
3.968
3.979
3.99
4.001
4.012
4.023
4.034
4.045
4.056
4.067
4.078
4.089
4.1
4.111
4.121
4.132
4.143
4.154
4.165
4.176
4.187
4.198
4.21
4.221
4.232
4.243
4.254
4.265
4.276
4.287
4.298
4.309
4.32
4.331
4.342
4.353
4.364
4.375
4.386
4.398
4.409
4.42
4.431
4.442
4.453
4.464
4.475
4.487
4.498
4.509
4.52
4.531
4.542
4.554
4.565
4.576
4.587
4.598
4.609
4.621
4.632
4.643
4.654
4.666
4.677
4.688
4.699
4.71
4.722
4.733
4.744
4.755
4.767
4.778
4.789
4.801
4.812
4.823
4.834
4.846
4.857
4.868
4.88
4.891
4.902
4.914
4.925
4.936
4.948
4.959
4.97
4.982
4.993
5.004
5.016
5.027
5.039
5.05
5.061
5.073
5.084
5.096
5.107
5.118
5.13
5.141
5.153
5.164
5.176
5.187
5.199
5.21
5.221
5.233
5.244
5.256
5.267
5.279
5.29
5.302
5.313
5.325
5.336
5.348
5.359
5.371
5.383
5.394
5.406
5.417
5.429
5.44
5.452
5.463
5.475
5.487
5.498
5.51
5.521
5.533
5.545
5.556
5.568
5.579
5.591
5.603
5.614
5.626
5.638
5.649
5.661
5.673
5.684
5.696
5.708
5.719
5.731
5.743
5.754
5.766
5.778
5.789
5.801
5.813
5.825
5.836
5.848
5.86
5.872
5.883
5.895
5.907
5.919
5.93
5.942
5.954
5.966
5.978
5.989
6.001
6.013
6.025
6.037
6.048
6.06
6.072
6.084
6.096
6.108
6.119
6.131
6.143
6.155
6.167
6.179
6.191
6.203
6.215
6.226
6.238
6.25
6.262
6.274
6.286
6.298
6.31
6.322
6.334
6.346
6.358
6.37
6.382
6.394
6.406
6.418
6.43
6.442
6.454
6.466
6.478
6.49
6.502
6.514
6.526
6.538
6.55
6.562
6.574
6.586
6.598
6.61
6.622
6.634
6.646
6.658
6.67
6.683
6.695
6.707
6.719
6.731
6.743
6.755
6.767
6.78
6.792
6.804
6.816
6.828
6.84
6.852
6.865
6.877
6.889
6.901
6.913
6.926
6.938
6.95
6.962
6.974
6.987
6.999
7.011
7.023
7.036
7.048
7.06
7.072
7.085
7.097
7.109
7.122
7.134
7.146
7.158
7.171
7.183
7.195
7.208
7.22
7.232
7.245
7.257
7.269
7.282
7.294
7.307
7.319
7.331
7.344
7.356
7.368
7.381
7.393
7.406
7.418
7.431
7.443
7.455
7.468
7.48
7.493
7.505
7.518
7.53
7.543
7.555
7.567
7.58
7.592
7.605
7.617
7.63
7.642
7.655
7.668
7.68
7.693
7.705
7.718
7.73
7.743
7.755
7.768
7.78
7.793
7.806
7.818
7.831
7.843
7.856
7.869
7.881
7.894
7.906
7.919
7.932
7.944
7.957
7.97
7.982
7.995
8.008
8.02
8.033
8.046
8.058
8.071
8.084
8.096
8.109
8.122
8.135
8.147
8.16
8.173
8.185
8.198
8.211
8.224
8.237
8.249
8.262
8.275
8.288
8.3
8.313
8.326
8.339
8.352
8.364
8.377
8.39
8.403
8.416
8.429
8.441
8.454
8.467
8.48
8.493
8.506
8.519
8.532
8.544
8.557
8.57
8.583
8.596
8.609
8.622
8.635
8.648
8.661
8.674
8.687
8.7
8.713
8.726
8.739
8.751
8.764
8.777
8.79
8.803
8.816
8.829
8.843
8.856
8.869
8.882
8.895
8.908
8.921
8.934
8.947
8.96
8.973
8.986
8.999
9.012
9.025
9.038
9.052
9.065
9.078
9.091
9.104
9.117
9.13
9.143
9.157
9.17
9.183
9.196
9.209
9.222
9.236
9.249
9.262
9.275
9.288
9.302
9.315
9.328
9.341
9.355
9.368
9.381
9.394
9.408
9.421
9.434
9.447
9.461
9.474
9.487
9.5
9.514
9.527
9.54
9.554
9.567
9.58
9.594
9.607
9.62
9.634
9.647
9.66
9.674
9.687
9.701
9.714
9.727
9.741
9.754
9.768
9.781
9.794
9.808
9.821
9.835
9.848
9.862
9.875
9.888
9.902
9.915
9.929
9.942
9.956
9.969
9.983
9.996
10.01
10.023
10.037
10.05
10.064
10.077
10.091
10.105
10.118
10.132
10.145
10.159
10.172
10.186
10.2
10.213
10.227
10.24
10.254
10.268
10.281
10.295
10.308
10.322
10.336
10.349
10.363
10.377
10.39
10.404
10.418
10.431
10.445
10.459
10.472
10.486
10.5
10.514
10.527
10.541
10.555
10.568
10.582
10.596
10.61
10.623
10.637
10.651
10.665
10.679
10.692
10.706
10.72
10.734
10.748
10.761
10.775
10.789
10.803
10.817
10.831
10.844
10.858
10.872
10.886
10.9
10.914
10.928
10.942
10.955
10.969
10.983
10.997
11.011
11.025
11.039
11.053
11.067
11.081
11.095
11.109
11.123
11.137
11.151
11.165
11.179
11.193
11.207
11.221
11.235
11.249
11.263
11.277
11.291
11.305
11.319
11.333
11.347
11.361
11.375
11.389
11.403
11.417
11.431
11.446
11.46
11.474
11.488
11.502
11.516
11.53
11.544
11.559
11.573
11.587
11.601
11.615
11.629
11.644
11.658
11.672
11.686
11.7
11.715
11.729
11.743
11.757
11.771
11.786
11.8
11.814
11.828
11.843
11.857
11.871
11.886
11.9
11.914
11.928
11.943
11.957
11.971
11.986
12.0
