13.0
12.95
12.9
12.85
12.801
12.751
12.702
12.653
12.603
12.554
12.505
12.456
12.407
12.359
12.31
12.262
12.213
12.165
12.117
12.069
12.021
11.973
11.925
11.877
11.83
11.782
11.735
11.687
11.64
11.593
11.546
11.499
11.453
11.406
11.359
11.313
11.266
11.22
11.174
11.128
11.082
11.036
10.99
10.945
10.899
10.854
10.808
10.763
10.718
10.673
10.628
10.583
10.538
10.493
10.449
10.404
10.36
10.316
10.271
10.227
10.183
10.139
10.096
10.052
10.008
9.965
9.922
9.878
9.835
9.792
9.749
9.706
9.663
9.62
9.578
9.535
9.493
9.451
9.408
9.366
9.324
9.282
9.24
9.199
9.157
9.116
9.074
9.033
8.991
8.95
8.909
8.868
8.827
8.787
8.746
8.705
8.665
8.624
8.584
8.544
8.504
8.464
8.424
8.384
8.344
8.305
8.265
8.226
8.186
8.147
8.108
8.069
8.03
7.991
7.952
7.913
7.875
7.836
7.798
7.76
7.721
7.683
7.645
7.607
7.569
7.532
7.494
7.456
7.419
7.381
7.344
7.307
7.27
7.233
7.196
7.159
7.122
7.086
7.049
7.013
6.976
6.94
6.904
6.868
6.832
6.796
6.76
6.724
6.689
6.653
6.617
6.582
6.547
6.512
6.477
6.442
6.407
6.372
6.337
6.302
6.268
6.233
6.199
6.165
6.13
6.096
6.062
6.028
5.995
5.961
5.927
5.894
5.86
5.827
5.793
5.76
5.727
5.694
5.661
5.628
5.595
5.563
5.53
5.497
5.465
5.433
5.4
5.368
5.336
5.304
5.272
5.24
5.209
5.177
5.146
5.114
5.083
5.051
5.02
4.989
4.958
4.927
4.896
4.865
4.835
4.804
4.774
4.743
4.713
4.683
4.652
4.622
4.592
4.562
4.533
4.503
4.473
4.444
4.414
4.385
4.355
4.326
4.297
4.268
4.239
4.21
4.181
4.152
4.124
4.095
4.067
4.038
4.01
3.982
3.954
3.925
3.898
3.87
3.842
3.814
3.786
3.759
3.731
3.704
3.677
3.649
3.622
3.595
3.568
3.541
3.514
3.488
3.461
3.434
3.408
3.382
3.355
3.329
3.303
3.277
3.251
3.225
3.199
3.173
3.147
3.122
3.096
3.071
3.046
3.02
2.995
2.97
2.945
2.92
2.895
2.87
2.846
2.821
2.796
2.772
2.747
2.723
2.699
2.675
2.651
2.627
2.603
2.579
2.555
2.531
2.508
2.484
2.461
2.437
2.414
2.391
2.368
2.345
2.322
2.299
2.276
2.253
2.231
2.208
2.185
2.163
2.141
2.118
2.096
2.074
2.052
2.03
2.008
1.986
1.965
1.943
1.921
1.9
1.878
1.857
1.836
1.814
1.793
1.772
1.751
1.73
1.71
1.689
1.668
1.647
1.627
1.606
1.586
1.566
1.546
1.525
1.505
1.485
1.465
1.445
1.426
1.406
1.386
1.367
1.347
1.328
1.309
1.289
1.27
1.251
1.232
1.213
1.194
1.175
1.156
1.138
1.119
1.101
1.082
1.064
1.045
1.027
1.009
0.991
0.973
0.955
0.937
0.919
0.901
0.884
0.866
0.849
0.831
0.814
0.797
0.779
0.762
0.745
0.728
0.711
0.694
0.677
0.661
0.644
0.627
0.611
0.594
0.578
0.562
0.545
0.529
0.513
0.497
0.481
0.465
0.449
0.434
0.418
0.402
0.387
0.371
0.356
0.34
0.325
0.31
0.295
0.28
0.265
0.25
0.235
0.22
0.205
0.191
0.176
0.162
0.147
0.133
0.118
0.104
0.09
0.076
0.062
0.048
0.034
0.02
0.006
-0.007
-0.021
-0.035
-0.048
-0.062
-0.075
-0.088
-0.102
-0.115
-0.128
-0.141
-0.154
-0.167
-0.18
-0.193
-0.205
-0.218
-0.23
-0.243
-0.255
-0.268
-0.28
-0.292
-0.305
-0.317
-0.329
-0.341
-0.353
-0.365
-0.377
-0.388
-0.4
-0.412
-0.423
-0.435
-0.446
-0.457
-0.469
-0.48
-0.491
-0.502
-0.513
-0.524
-0.535
-0.546
-0.557
-0.568
-0.578
-0.589
-0.599
-0.61
-0.62
-0.631
-0.641
-0.651
-0.661
-0.672
-0.682
-0.692
-0.702
-0.711
-0.721
-0.731
-0.741
-0.75
-0.76
-0.769
-0.779
-0.788
-0.797
-0.807
-0.816
-0.825
-0.834
-0.843
-0.852
-0.861
-0.87
-0.878
-0.887
-0.896
-0.904
-0.913
-0.921
-0.93
-0.938
-0.946
-0.955
-0.963
-0.971
-0.979
-0.987
-0.995
-1.003
-1.011
-1.018
-1.026
-1.034
-1.041
-1.049
-1.056
-1.064
-1.071
-1.078
-1.086
-1.093
-1.1
-1.107
-1.114
-1.121
-1.128
-1.135
-1.141
-1.148
-1.155
-1.161
-1.168
-1.174
-1.181
-1.187
-1.194
-1.2
-1.206
-1.212
-1.218
-1.224
-1.23
-1.236
-1.242
-1.248
-1.254
-1.259
-1.265
-1.271
-1.276
-1.282
-1.287
-1.292
-1.298
-1.303
-1.308
-1.313
-1.319
-1.324
-1.329
-1.334
-1.338
-1.343
-1.348
-1.353
-1.357
-1.362
-1.367
-1.371
-1.376
-1.38
-1.384
-1.389
-1.393
-1.397
-1.401
-1.405
-1.409
-1.413
-1.417
-1.421
-1.425
-1.429
-1.432
-1.436
-1.44
-1.443
-1.447
-1.45
-1.453
-1.457
-1.46
-1.463
-1.467
-1.47
-1.473
-1.476
-1.479
-1.482
-1.485
-1.487
-1.49
-1.493
-1.496
-1.498
-1.501
-1.503
-1.506
-1.508
-1.511
-1.513
-1.515
-1.518
-1.52
-1.522
-1.524
-1.526
-1.528
-1.53
-1.532
-1.534
-1.535
-1.537
-1.539
-1.54
-1.542
-1.544
-1.545
-1.546
-1.548
-1.549
-1.551
-1.552
-1.553
-1.554
-1.555
-1.556
-1.557
-1.558
-1.559
-1.56
-1.561
-1.562
-1.562
-1.563
-1.564
-1.564
-1.565
-1.565
-1.566
-1.566
-1.567
-1.567
-1.567
-1.567
-1.568
-1.568
-1.568
-1.568
-1.568
-1.568
-1.568
-1.567
-1.567
-1.567
-1.567
-1.566
-1.566
-1.566
-1.565
-1.565
-1.564
-1.563
-1.563
-1.562
-1.561
-1.561
-1.56
-1.559
-1.558
-1.557
-1.556
-1.555
-1.554
-1.553
-1.552
-1.55
-1.549
-1.548
-1.547
-1.545
-1.544
-1.542
-1.541
-1.539
-1.538
-1.536
-1.534
-1.533
-1.531
-1.529
-1.527
-1.525
-1.523
-1.521
-1.519
-1.517
-1.515
-1.513
-1.511
-1.508
-1.506
-1.504
-1.502
-1.499
-1.497
-1.494
-1.492
-1.489
-1.487
-1.484
-1.481
-1.479
-1.476
-1.473
-1.47
-1.467
-1.464
-1.461
-1.458
-1.455
-1.452
-1.449
-1.446
-1.443
-1.44
-1.436
-1.433
-1.43
-1.426
-1.423
-1.419
-1.416
-1.412
-1.409
-1.405
-1.401
-1.398
-1.394
-1.39
-1.386
-1.382
-1.379
-1.375
-1.371
-1.367
-1.363
-1.359
-1.354
-1.35
-1.346
-1.342
-1.338
-1.333
-1.329
-1.325
-1.32
-1.316
-1.311
-1.307
-1.302
-1.298
-1.293
-1.288
-1.284
-1.279
-1.274
-1.269
-1.265
-1.26
-1.255
-1.25
-1.245
-1.24
-1.235
-1.23
-1.225
-1.219
-1.214
-1.209
-1.204
-1.198
-1.193
-1.188
-1.182
-1.177
-1.171
-1.166
-1.16
-1.155
-1.149
-1.144
-1.138
-1.132
-1.127
-1.121
-1.115
-1.109
-1.103
-1.097
-1.092
-1.086
-1.08
-1.074
-1.067
-1.061
-1.055
-1.049
-1.043
-1.037
-1.03
-1.024
-1.018
-1.012
-1.005
-0.999
-0.992
-0.986
-0.979
-0.973
-0.966
-0.96
-0.953
-0.946
-0.94
-0.933
-0.926
-0.919
-0.913
-0.906
-0.899
-0.892
-0.885
-0.878
-0.871
-0.864
-0.857
-0.85
-0.843
-0.836
-0.829
-0.821
-0.814
-0.807
-0.8
-0.792
-0.785
-0.778
-0.77
-0.763
-0.755
-0.748
-0.74
-0.733
-0.725
-0.718
-0.71
-0.703
-0.695
-0.687
-0.679
-0.672
-0.664
-0.656
-0.648
-0.64
-0.632
-0.625
-0.617
-0.609
-0.601
-0.593
-0.585
-0.576
-0.568
-0.56
-0.552
-0.544
-0.536
-0.527
-0.519
-0.511
-0.503
-0.494
-0.486
-0.478
-0.469
-0.461
-0.452
-0.444
-0.435
-0.427
-0.418
-0.41
-0.401
-0.392
-0.384
-0.375
-0.366
-0.358
-0.349
-0.34
-0.331
-0.322
-0.313
-0.305
-0.296
-0.287
-0.278
-0.269
-0.26
-0.251
-0.242
-0.233
-0.224
-0.215
-0.205
-0.196
-0.187
-0.178
-0.169
-0.159
-0.15
-0.141
-0.132
-0.122
-0.113
-0.104
-0.094
-0.085
-0.075
-0.066
-0.056
-0.047
-0.037
-0.028
-0.018
-0.009
0.001
0.011
0.02
0.03
0.04
0.049
0.059
0.069
0.078
0.088
0.098
0.108
0.118
0.128
0.137
0.147
0.157
0.167
0.177
0.187
0.197
0.207
0.217
0.227
0.237
0.247
0.258
0.268
0.278
0.288
0.298
0.308
0.319
0.329
0.339
0.349
0.36
0.37
0.38
0.391
0.401
0.411
0.422
0.432
0.443
0.453
0.464
0.474
0.485
0.495
0.506
0.516
0.527
0.537
0.548
0.558
0.569
0.58
0.59
0.601
0.612
0.622
0.633
0.644
0.655
0.665
0.676
0.687
0.698
0.709
0.719
0.73
0.741
0.752
0.763
0.774
0.785
0.796
0.807
0.818
0.829
0.84
0.851
0.862
0.873
0.884
0.895
0.906
0.917
0.928
0.939
0.95
0.961
0.973
0.984
0.995
1.018
1.051
1.084
1.117
1.15
1.183
1.216
1.249
1.283
1.316
1.349
1.382
1.415
1.448
1.481
1.515
1.548
1.581
1.614
1.647
1.681
1.714
1.747
1.78
1.814
1.847
1.88
1.913
1.947
1.98
2.013
2.047
2.08
2.114
2.147
2.18
2.214
2.247
2.28
2.314
2.347
2.381
2.414
2.448
2.481
2.515
2.548
2.582
2.615
2.649
2.682
2.716
2.749
2.783
2.816
2.85
2.883
2.917
2.95
2.984
3.018
3.051
3.085
3.118
3.152
3.186
3.219
3.253
3.287
3.32
3.354
3.387
3.421
3.455
3.488
3.522
3.556
3.59
3.623
3.657
3.691
3.724
3.758
3.792
3.826
3.859
3.893
3.927
3.961
3.994
4.028
4.062
4.096
4.129
4.163
4.197
4.231
4.265
4.298
4.332
4.366
4.4
4.434
4.467
4.501
4.535
4.569
4.603
4.636
4.67
4.704
4.738
4.772
4.806
4.84
4.873
4.907
4.941
4.975
5.009
5.043
5.077
5.11
5.144
5.178
5.212
5.246
5.28
5.314
5.347
5.381
5.415
5.449
5.483
5.517
5.551
5.585
5.618
5.652
5.686
5.72
5.754
5.788
5.822
5.856
5.89
5.923
5.957
5.991
6.025
6.059
6.093
6.127
6.161
6.194
6.228
6.262
6.296
6.33
6.364
6.398
6.432
6.465
6.499
6.533
6.567
6.601
6.635
6.669
6.702
6.736
6.77
6.804
6.838
6.872
6.905
6.939
6.973
7.007
7.041
7.075
7.108
7.142
7.176
7.21
7.244
7.277
7.311
7.345
7.379
7.413
7.446
7.48
7.514
7.548
7.581
7.615
7.649
7.683
7.716
7.75
7.784
7.818
7.851
7.885
7.919
7.953
7.986
8.02
8.054
8.087
8.121
8.155
8.188
8.222
8.256
8.289
8.323
8.357
8.39
8.424
8.457
8.491
8.525
8.558
8.592
8.625
8.659
8.693
8.726
8.76
8.793
8.827
8.86
8.894
8.927
8.961
8.994
9.028
9.061
9.095
9.128
9.162
9.195
9.229
9.262
9.295
9.329
9.362
9.396
9.429
9.462
9.496
9.529
9.562
9.596
9.629
9.662
9.696
9.729
9.762
9.796
9.829
9.862
9.895
9.929
9.962
9.995
10.028
10.061
10.095
10.128
10.161
10.194
10.227
10.26
10.293
10.326
10.36
10.393
10.426
10.459
10.492
10.525
10.558
10.591
10.624
10.657
10.69
10.723
10.756
10.789
10.821
10.854
10.887
10.92
10.953
10.986
11.019
11.052
11.084
11.117
11.15
11.183
11.215
11.248
11.281
11.314
11.346
11.379
11.412
11.444
11.477
11.51
11.542
11.575
11.607
11.64
11.672
11.705
11.738
11.77
11.803
11.835
11.867
11.9
11.932
11.965
11.997
12.029
12.062
12.094
12.127
12.159
12.191
12.223
12.256
12.288
12.32
12.352
12.385
12.417
12.449
12.481
12.513
12.545
12.577
12.609
12.641
12.673
12.705
12.737
12.769
12.801
12.833
12.865
12.897
12.929
12.961
12.993
13.025
13.056
13.088
13.12
13.152
13.184
13.215
13.247
13.279
13.31
13.342
13.374
13.405
13.437
13.468
13.5
13.531
13.563
13.594
13.626
13.657
13.689
13.72
13.751
13.783
13.814
13.845
13.877
13.908
13.939
13.971
14.002
14.033
14.064
14.095
14.126
14.157
14.189
14.22
14.251
14.282
14.313
14.344
14.375
14.405
14.436
14.467
14.498
14.529
14.56
14.59
14.621
14.652
14.683
14.713
14.744
14.775
14.805
14.836
14.866
14.897
14.928
14.958
14.989
15.019
15.049
15.08
15.11
15.141
15.171
15.201
15.231
15.262
15.292
15.322
15.352
15.382
15.413
15.443
15.473
15.503
15.533
15.563
15.593
15.623
15.653
15.683
15.712
15.742
15.772
15.802
15.832
15.861
15.891
15.921
15.95
15.98
16.01
16.039
16.069
16.098
16.128
16.157
16.187
16.216
16.245
16.275
16.304
16.333
16.363
16.392
16.421
16.45
16.479
16.509
16.538
16.567
16.596
16.625
16.654
16.683
16.712
16.741
16.769
16.798
16.827
16.856
16.885
16.913
16.942
16.971
16.999
17.028
17.056
17.085
17.113
17.142
17.17
17.199
17.227
17.255
17.284
17.312
17.34
17.369
17.397
17.425
17.453
17.481
17.509
17.537
17.565
17.593
17.621
17.649
17.677
17.705
17.733
17.76
17.788
17.816
17.843
17.871
17.899
17.926
17.954
17.981
18.003
18.014
18.025
18.036
18.047
18.057
18.068
18.078
18.089
18.1
18.11
18.121
18.131
18.141
18.152
18.162
18.172
18.183
18.193
18.203
18.213
18.223
18.234
18.244
18.254
18.264
18.274
18.284
18.294
18.303
18.313
18.323
18.333
18.343
18.352
18.362
18.372
18.381
18.391
18.401
18.41
18.42
18.429
18.438
18.448
18.457
18.467
18.476
18.485
18.494
18.504
18.513
18.522
18.531
18.54
18.549
18.558
18.567
18.576
18.585
18.594
18.603
18.612
18.62
18.629
18.638
18.647
18.655
18.664
18.672
18.681
18.69
18.698
18.707
18.715
18.723
18.732
18.74
18.749
18.757
18.765
18.773
18.781
18.79
18.798
18.806
18.814
18.822
18.83
18.838
18.846
18.854
18.862
18.87
18.877
18.885
18.893
18.901
18.908
18.916
18.924
18.931
18.939
18.946
18.954
18.961
18.969
18.976
18.984
18.991
18.998
19.006
19.013
19.02
19.027
19.035
19.042
19.049
19.056
19.063
19.07
19.077
19.084
19.091
19.098
19.105
19.112
19.118
19.125
19.132
19.139
19.145
19.152
19.159
19.165
19.172
19.178
19.185
19.191
19.198
19.204
19.211
19.217
19.223
19.23
19.236
19.242
19.249
19.255
19.261
19.267
19.273
19.279
19.285
19.291
19.297
19.303
19.309
19.315
19.321
19.327
19.333
19.338
19.344
19.35
19.356
19.361
19.367
19.372
19.378
19.384
19.389
19.395
19.4
19.405
19.411
19.416
19.422
19.427
19.432
19.437
19.443
19.448
19.453
19.458
19.463
19.468
19.474
19.479
19.484
19.489
19.494
19.498
19.503
19.508
19.513
19.518
19.523
19.527
19.532
19.537
19.541
19.546
19.551
19.555
19.56
19.564
19.569
19.573
19.578
19.582
19.587
19.591
19.595
19.6
19.604
19.608
19.612
19.617
19.621
19.625
19.629
19.633
19.637
19.641
19.645
19.649
19.653
19.657
19.661
19.665
19.669
19.672
19.676
19.68
19.684
19.687
19.691
19.695
19.698
19.702
19.705
19.709
19.712
19.716
19.719
19.723
19.726
19.73
19.733
19.736
19.74
19.743
19.746
19.749
19.752
19.756
19.759
19.762
19.765
19.768
19.771
19.774
19.777
19.78
19.783
19.786
19.789
19.792
19.794
19.797
19.8
19.803
19.805
19.808
19.811
19.813
19.816
19.819
19.821
19.824
19.826
19.829
19.831
19.833
19.836
19.838
19.841
19.843
19.845
19.847
19.85
19.852
19.854
19.856
19.858
19.861
19.863
19.865
19.867
19.869
19.871
19.873
19.875
19.877
19.878
19.88
19.882
19.884
19.886
19.888
19.889
19.891
19.893
19.894
19.896
19.898
19.899
19.901
19.902
19.904
19.905
19.907
19.908
19.909
19.911
19.912
19.914
19.915
19.916
19.917
19.919
19.92
19.921
19.922
19.923
19.924
19.926
19.927
19.928
19.929
19.93
19.931
19.932
19.932
19.933
19.934
19.935
19.936
19.937
19.937
19.938
19.939
19.94
19.94
19.941
19.942
19.942
19.943
19.943
19.944
19.944
19.945
19.945
19.946
19.946
19.947
19.947
19.947
19.948
19.948
19.948
19.948
19.949
19.949
19.949
19.949
19.949
19.949
19.949
19.949
19.949
19.949
19.949
19.949
19.949
19.949
19.949
19.949
19.949
19.949
19.948
19.948
19.948
19.948
19.947
19.947
19.947
19.946
19.946
19.946
19.945
19.945
19.944
19.944
19.943
19.943
19.942
19.942
19.941
19.94
19.94
19.939
19.938
19.938
19.937
19.936
19.935
19.934
19.934
19.933
19.932
19.931
19.93
19.929
19.928
19.927
19.926
19.925
19.924
19.923
19.922
19.921
19.919
19.918
19.917
19.916
19.915
19.913
19.912
19.911
19.909
19.908
19.907
19.905
19.904
19.902
19.901
19.9
19.898
19.897
19.895
19.893
19.892
19.89
19.889
19.887
19.885
19.884
19.882
19.88
19.878
19.877
19.875
19.873
19.871
19.869
19.867
19.865
19.864
19.862
19.86
19.858
19.856
19.854
19.852
19.849
19.847
19.845
19.843
19.841
19.839
19.837
19.834
19.832
19.83
19.828
19.825
19.823
19.821
19.818
19.816
19.813
19.811
19.809
19.806
19.804
19.801
19.799
19.796
19.793
19.791
19.788
19.786
19.783
19.78
19.778
19.775
19.772
19.769
19.767
19.764
19.761
19.758
19.755
19.752
19.75
19.747
19.744
19.741
19.738
19.735
19.732
19.729
19.726
19.723
19.72
19.716
19.713
19.71
19.707
19.704
19.701
19.697
19.694
19.691
19.688
19.684
19.681
19.678
19.674
19.671
19.667
19.664
19.661
19.657
19.654
19.65
19.647
19.643
19.64
19.636
19.632
19.629
19.625
19.621
19.618
19.614
19.61
19.607
19.603
19.599
19.595
19.592
19.588
19.584
19.58
19.576
19.572
19.568
19.564
19.561
19.557
19.553
19.549
19.545
19.54
19.536
19.532
19.528
19.524
19.52
19.516
19.512
19.508
19.503
19.499
19.495
19.491
19.486
19.482
19.478
19.473
19.469
19.465
19.46
19.456
19.451
19.447
19.443
19.438
19.434
19.429
19.425
19.42
19.415
19.411
19.406
19.402
19.397
19.392
19.388
19.383
19.378
19.374
19.369
19.364
19.359
19.355
19.35
19.345
19.34
19.335
19.33
19.325
19.321
19.316
19.311
19.306
19.301
19.296
19.291
19.286
19.281
19.276
19.271
19.265
19.26
19.255
19.25
19.245
19.24
19.235
19.229
19.224
19.219
19.214
19.208
19.203
19.198
19.192
19.187
19.182
19.176
19.171
19.166
19.16
19.155
19.149
19.144
19.138
19.133
19.127
19.122
19.116
19.111
19.105
19.099
19.094
19.088
19.082
19.077
19.071
19.065
19.06
19.054
19.048
19.042
19.037
19.031
19.025
19.019
19.013
19.008
19.002
18.996
18.99
18.984
18.978
18.972
18.966
18.96
18.954
18.948
18.942
18.936
18.93
18.924
18.918
18.912
18.906
18.9
18.893
18.887
18.881
18.875
18.869
18.862
18.856
18.85
18.844
18.837
18.831
18.825
18.818
18.812
18.806
18.799
18.793
18.787
18.78
18.774
18.767
18.761
18.754
18.748
18.741
18.735
18.728
18.722
18.715
18.709
18.702
18.696
18.689
18.682
18.676
18.669
18.662
18.656
18.649
18.642
18.635
18.629
18.622
18.615
18.608
18.602
18.595
18.588
18.581
18.574
18.567
18.561
18.554
18.547
18.54
18.533
18.526
18.519
18.512
18.505
18.498
18.491
18.484
18.477
18.47
18.463
18.456
18.449
18.442
18.434
18.427
18.42
18.413
18.406
18.399
18.391
18.384
18.377
18.37
18.362
18.355
18.348
18.341
18.333
18.326
18.319
18.311
18.304
18.297
18.289
18.282
18.274
18.267
18.259
18.252
18.245
18.237
18.23
18.222
18.215
18.207
18.2
18.192
18.184
18.177
18.169
18.162
18.154
18.146
18.139
18.131
18.124
18.116
18.108
18.1
18.093
18.085
18.077
18.07
18.062
18.054
18.046
18.038
18.031
18.023
18.015
18.007
17.999
17.991
17.984
17.976
17.968
17.96
17.952
17.944
17.936
17.928
17.92
17.912
17.904
17.896
17.888
17.88
17.872
17.864
17.856
17.848
17.84
17.832
17.824
17.816
17.807
17.799
17.791
17.783
17.775
17.767
17.759
17.75
17.742
17.734
17.726
17.717
17.709
17.701
17.693
17.684
17.676
17.668
17.659
17.651
17.643
17.634
17.626
17.618
17.609
17.601
17.592
17.584
17.576
17.567
17.559
17.55
17.542
17.533
17.525
17.516
17.508
17.499
17.491
17.482
17.474
17.465
17.457
17.448
17.439
17.431
17.422
17.414
17.405
17.396
17.388
17.379
17.37
17.362
17.353
17.344
17.335
17.327
17.318
17.309
17.301
17.292
17.283
17.274
17.265
17.257
17.248
17.239
17.23
17.221
17.213
17.204
17.195
17.186
17.177
17.168
17.159
17.15
17.141
17.133
17.124
17.115
17.106
17.097
17.088
17.079
17.07
17.061
17.052
17.043
17.034
17.025
17.016
17.007
16.998
16.989
16.979
16.97
16.961
16.952
16.943
16.934
16.925
16.916
16.907
16.897
16.888
16.879
16.87
16.861
16.852
16.842
16.833
16.824
16.815
16.805
16.796
16.787
16.778
16.768
16.759
16.75
16.741
16.731
16.722
16.713
16.703
16.694
16.685
16.675
16.666
16.657
16.647
16.638
16.628
16.619
16.61
16.6
16.591
16.581
16.572
16.563
16.553
16.544
16.534
16.525
16.515
16.506
16.496
16.487
16.477
16.468
16.458
16.449
16.439
16.43
16.42
16.411
16.401
16.391
16.382
16.372
16.363
16.353
16.343
16.334
16.324
16.315
16.305
16.295
16.286
16.276
16.266
16.257
16.247
16.237
16.228
16.218
16.208
16.199
16.189
16.179
16.169
16.16
16.15
16.14
16.131
16.121
16.111
16.101
16.091
16.082
16.072
16.062
16.052
16.043
16.033
16.023
16.013
16.003
15.993
15.984
15.974
15.964
15.954
15.944
15.934
15.924
15.915
15.905
15.895
15.885
15.875
15.865
15.855
15.845
15.835
15.825
15.815
15.805
15.796
15.786
15.776
15.766
15.756
15.746
15.736
15.726
15.716
15.706
15.696
15.686
15.676
15.666
15.656
15.646
15.636
15.626
15.616
15.606
15.595
15.585
15.575
15.565
15.555
15.545
15.535
15.525
15.515
15.505
15.495
15.485
15.474
15.464
15.454
15.444
15.434
15.424
15.414
15.404
15.393
15.383
15.373
15.363
15.353
15.343
15.333
15.322
15.312
15.302
15.292
15.282
15.271
15.261
15.251
15.241
15.231
15.22
15.21
15.2
15.19
15.179
15.169
15.159
15.149
15.139
15.128
15.118
15.108
15.097
15.087
15.077
15.067
15.056
15.046
15.036
15.026
15.015
15.005
14.995
14.984
14.974
14.964
14.953
14.943
14.933
14.923
14.912
14.902
14.892
14.881
14.871
14.861
14.85
14.84
14.83
14.819
14.809
14.798
14.788
14.778
14.767
14.757
14.747
14.736
14.726
14.716
14.705
14.695
14.684
14.674
14.664
14.653
14.643
14.632
14.622
14.612
14.601
14.591
14.58
14.57
14.56
14.549
14.539
14.528
14.518
14.508
14.497
14.487
14.476
14.466
14.455
14.445
14.434
14.424
14.414
14.403
14.393
14.382
14.372
14.361
14.351
14.34
14.33
14.32
14.309
14.299
14.288
14.278
14.267
14.257
14.246
14.236
14.225
14.215
14.204
14.194
14.183
14.173
14.162
14.152
14.141
14.131
14.121
14.11
14.1
14.089
14.079
14.068
14.058
14.047
14.037
14.026
14.016
14.005
13.995
13.984
13.974
13.963
13.953
13.942
13.932
13.921
13.911
13.9
13.89
13.879
13.869
13.858
13.848
13.837
13.827
13.816
13.805
13.795
13.784
13.774
13.763
13.753
13.742
13.732
13.721
13.711
13.7
13.69
13.679
13.669
13.658
13.648
13.637
13.627
13.616
13.606
13.595
13.585
13.574
13.564
13.553
13.543
13.532
13.522
13.511
13.501
13.49
13.48
13.469
13.459
13.448
13.438
13.427
13.417
13.406
13.396
13.385
13.375
13.364
13.354
13.343
13.333
13.322
13.312
13.301
13.291
13.28
13.27
13.259
13.249
13.238
13.228
13.217
13.207
13.196
13.186
13.175
13.165
13.154
13.144
13.133
13.123
13.112
13.102
13.091
13.081
13.07
13.06
13.049
13.039
13.028
13.018
13.007
12.997
12.987
12.976
12.966
12.955
12.945
12.934
12.924
12.913
12.903
12.892
12.882
12.872
12.861
12.851
12.84
12.83
12.819
12.809
12.799
12.788
12.778
12.767
12.757
12.746
12.736
12.726
12.715
12.705
12.694
12.684
12.674
12.663
12.653
12.642
12.632
12.622
12.611
12.601
12.59
12.58
12.57
12.559
12.549
12.539
12.528
12.518
12.507
12.497
12.487
12.476
12.466
12.456
12.445
12.435
12.425
12.414
12.404
12.394
12.383
12.373
12.363
12.352
12.342
12.332
12.321
12.311
12.301
12.291
12.28
12.27
12.26
12.249
12.239
12.229
12.219
12.208
12.198
12.188
12.178
12.167
12.157
12.147
12.137
12.126
12.116
12.106
12.096
12.085
12.075
12.065
12.055
12.045
12.034
12.024
12.014
12.004
11.994
11.983
11.973
11.963
11.953
11.943
11.933
11.922
11.912
11.902
11.892
11.882
11.872
11.862
11.851
11.841
11.831
11.821
11.811
11.801
11.791
11.781
11.771
11.76
11.75
11.74
11.73
11.72
11.71
11.7
11.69
11.68
11.67
11.66
11.65
11.64
11.63
11.62
11.61
11.6
11.59
11.58
11.57
11.56
11.55
11.54
11.53
11.52
11.51
11.5
11.49
11.48
11.47
11.46
11.45
11.44
11.43
11.421
11.411
11.401
11.391
11.381
11.371
11.361
11.351
11.341
11.332
11.322
11.312
11.302
11.292
11.282
11.273
11.263
11.253
11.243
11.233
11.224
11.214
11.204
11.194
11.184
11.175
11.165
11.155
11.145
11.136
11.126
11.116
11.107
11.097
11.087
11.077
11.068
11.058
11.048
11.039
11.029
11.019
11.01
11.0
10.99
10.981
10.971
10.962
10.952
10.942
10.933
10.923
10.914
10.904
10.894
10.885
10.875
10.866
10.856
10.847
10.837
10.828
10.818
10.809
10.799
10.79
10.78
10.771
10.761
10.752
10.742
10.733
10.723
10.714
10.705
10.695
10.686
10.676
10.667
10.658
10.648
10.639
10.629
10.62
10.611
10.601
10.592
10.583
10.573
10.564
10.555
10.545
10.536
10.527
10.518
10.508
10.499
10.49
10.481
10.471
10.462
10.453
10.444
10.435
10.425
10.416
10.407
10.398
10.389
10.38
10.37
10.361
10.352
10.343
10.334
10.325
10.316
10.307
10.298
10.289
10.28
10.271
10.261
10.252
10.243
10.234
10.225
10.216
10.207
10.199
10.19
10.181
10.172
10.163
10.154
10.145
10.136
10.127
10.118
10.109
10.1
10.092
10.083
10.074
10.065
10.056
10.047
10.039
10.03
10.021
10.012
10.003
9.995
9.986
9.977
9.968
9.96
9.951
9.942
9.934
9.925
9.916
9.908
9.899
9.89
9.882
9.873
9.864
9.856
9.847
9.839
9.83
9.822
9.813
9.804
9.796
9.787
9.779
9.77
9.762
9.753
9.745
9.737
9.728
9.72
9.711
9.703
9.694
9.686
9.678
9.669
9.661
9.652
9.644
9.636
9.627
9.619
9.611
9.603
9.594
9.586
9.578
9.57
9.561
9.553
9.545
9.537
9.528
9.52
9.512
9.504
9.496
9.488
9.48
9.471
9.463
9.455
9.447
9.439
9.431
9.423
9.415
9.407
9.399
9.391
9.383
9.375
9.367
9.359
9.351
9.343
9.335
9.327
9.319
9.311
9.304
9.296
9.288
9.28
9.272
9.264
9.257
9.249
9.241
9.233
9.225
9.218
9.21
9.202
9.195
9.187
9.179
9.171
9.164
9.156
9.149
9.141
9.133
9.126
9.118
9.111
9.103
9.095
9.088
9.08
9.073
9.065
9.058
9.05
9.043
9.035
9.028
9.021
9.013
9.006
8.998
8.991
8.984
8.976
8.969
8.962
8.954
8.947
8.94
8.933
8.925
8.918
8.911
8.904
8.896
8.889
8.882
8.875
8.868
8.861
8.853
8.846
8.839
8.832
8.825
8.818
8.811
8.804
8.797
8.79
8.783
8.776
8.769
8.762
8.755
8.748
8.741
8.734
8.727
8.721
8.714
8.707
8.7
8.693
8.686
8.68
8.673
8.666
8.659
8.653
8.646
8.639
8.633
8.626
8.619
8.613
8.606
8.599
8.593
8.586
8.58
8.573
8.566
8.56
8.553
8.547
8.54
8.534
8.527
8.521
8.515
8.508
8.502
8.495
8.489
8.483
8.476
8.47
8.464
8.457
8.451
8.445
8.439
8.432
8.426
8.42
8.414
8.407
8.401
8.395
8.389
8.383
8.377
8.371
8.365
8.359
8.353
8.347
8.341
8.335
8.329
8.323
8.317
8.311
8.305
8.299
8.293
8.287
8.281
8.275
8.27
8.264
8.258
8.252
8.246
8.241
8.235
8.229
8.224
8.218
8.212
8.207
8.201
8.195
8.19
8.184
8.178
8.173
8.167
8.162
8.156
8.151
8.145
8.14
8.134
8.129
8.124
8.118
8.113
8.107
8.102
8.097
8.092
8.086
8.081
8.076
8.07
8.065
8.06
8.055
8.05
8.044
8.039
8.034
8.029
8.024
8.019
8.014
8.009
8.004
7.999
7.994
7.989
7.984
7.979
7.974
7.969
7.964
7.959
7.954
7.949
7.945
7.94
7.935
7.93
7.926
7.921
7.916
7.911
7.907
7.902
7.897
7.893
7.888
7.884
7.879
7.874
7.87
7.865
7.861
7.856
7.852
7.847
7.843
7.838
7.834
7.83
7.825
7.821
7.817
7.812
7.808
7.804
7.799
7.795
7.791
7.787
7.783
7.778
7.774
7.77
7.766
7.762
7.758
7.754
7.75
7.746
7.742
7.738
7.734
7.73
7.726
7.722
7.718
7.714
7.71
7.706
7.703
7.699
7.695
7.691
7.688
7.684
7.68
7.676
7.673
7.669
7.665
7.662
7.658
7.655
7.651
7.648
7.644
7.641
7.637
7.634
7.63
7.627
7.623
7.62
7.617
7.613
7.61
7.607
7.603
7.6
7.597
7.594
7.59
7.587
7.584
7.581
7.578
7.575
7.571
7.568
7.565
7.562
7.559
7.556
7.553
7.55
7.547
7.544
7.542
7.539
7.536
7.533
7.53
7.527
7.525
7.522
7.519
7.516
7.514
7.511
7.508
7.506
7.503
7.501
7.498
7.495
7.493
7.49
7.488
7.485
7.483
7.481
7.478
7.476
7.473
7.471
7.469
7.466
7.464
7.462
7.46
7.457
7.455
7.453
7.451
7.449
7.446
7.444
7.442
7.44
7.438
7.436
7.434
7.432
7.43
7.428
7.426
7.425
7.423
7.421
7.419
7.417
7.415
7.414
7.412
7.41
7.408
7.407
7.405
7.404
7.402
7.4
7.399
7.397
7.396
7.394
7.393
7.391
7.39
7.388
7.387
7.386
7.384
7.383
7.382
7.38
7.379
7.378
7.377
7.375
7.374
7.373
7.372
7.371
7.37
7.369
7.368
7.367
7.366
7.365
7.364
7.363
7.362
7.361
7.36
7.359
7.358
7.358
7.357
7.356
7.355
7.355
7.354
7.353
7.353
7.352
7.351
7.351
7.35
7.35
7.349
7.349
7.348
7.348
7.347
7.347
7.347
7.346
7.346
7.346
7.345
7.345
7.345
7.345
7.345
7.344
7.344
7.344
7.344
7.344
7.344
7.344
7.344
7.344
7.344
7.344
7.344
7.344
7.344
7.345
7.345
7.345
7.345
7.346
7.346
7.346
7.346
7.347
7.347
7.348
7.348
7.348
7.349
7.349
7.35
7.351
7.351
7.352
7.352
7.353
7.354
7.354
7.355
7.356
7.357
7.357
7.358
7.359
7.36
7.361
7.362
7.363
7.364
7.365
7.366
7.367
7.368
7.369
7.37
7.371
7.372
7.373
7.374
7.376
7.377
7.378
7.38
7.381
7.382
7.384
7.385
7.386
7.388
7.389
7.391
7.392
7.394
7.396
7.397
7.399
7.4
7.402
7.404
7.406
7.407
7.409
7.411
7.413
7.415
7.416
7.418
7.42
7.422
7.424
7.426
7.428
7.43
7.432
7.435
7.437
7.439
7.441
7.443
7.445
7.448
7.45
7.452
7.455
7.457
7.459
7.462
7.464
7.467
7.469
7.472
7.474
7.477
7.48
7.482
7.485
7.487
7.49
7.493
7.496
7.498
7.501
7.504
7.507
7.51
7.513
7.516
7.519
7.522
7.525
7.528
7.531
7.534
7.537
7.54
7.543
7.547
7.55
7.553
7.556
7.56
7.563
7.566
7.57
7.573
7.577
7.58
7.584
7.587
7.591
7.594
7.598
7.602
7.605
7.609
7.613
7.616
7.62
7.624
7.628
7.632
7.636
7.64
7.643
7.647
7.651
7.655
7.66
7.664
7.668
7.672
7.676
7.68
7.684
7.689
7.693
7.697
7.702
7.706
7.71
7.715
7.719
7.724
7.728
7.733
7.737
7.742
7.746
7.751
7.756
7.76
7.765
7.77
7.775
7.779
7.784
7.789
7.794
7.799
7.804
7.809
7.814
7.819
7.824
7.829
7.834
7.839
7.844
7.85
7.855
7.86
7.865
7.871
7.876
7.881
7.887
7.892
7.898
7.903
7.909
7.914
7.92
7.925
7.931
7.937
7.942
7.948
7.954
7.96
7.965
7.971
7.977
7.983
7.989
7.995
8.001
8.007
8.013
8.019
8.025
8.031
8.037
8.044
8.05
8.056
8.062
8.069
8.075
8.081
8.088
8.094
8.101
8.107
8.114
8.12
8.127
8.133
8.14
8.147
8.153
8.16
8.167
8.174
8.18
8.187
8.194
8.201
8.208
8.215
8.222
8.229
8.236
8.243
8.25
8.257
8.264
8.272
8.279
8.286
8.293
8.301
8.308
8.316
8.323
8.33
8.338
8.345
8.353
8.361
8.368
8.376
8.383
8.391
8.399
8.407
8.414
8.422
8.43
8.438
8.446
8.454
8.462
8.47
8.478
8.486
8.494
8.502
8.51
8.518
8.527
8.535
8.543
8.551
8.56
8.568
8.577
8.585
8.594
8.602
8.611
8.619
8.628
8.636
8.645
8.654
8.662
8.671
8.68
8.689
8.698
8.707
8.715
8.724
8.733
8.742
8.751
8.76
8.77
8.779
8.788
8.797
8.806
8.816
8.825
8.834
8.844
8.853
8.862
8.872
8.881
8.891
8.9
8.91
8.92
8.929
8.939
8.949
8.958
8.968
8.978
8.988
8.998
9.008
9.018
9.028
9.038
9.048
9.058
9.068
9.078
9.088
9.098
9.109
9.119
9.129
9.139
9.15
9.16
9.171
9.181
9.192
9.202
9.213
9.223
9.234
9.245
9.255
9.266
9.277
9.288
9.298
9.309
9.32
9.331
9.342
9.353
9.364
9.375
9.386
9.397
9.409
9.42
9.431
9.442
9.454
9.465
9.476
9.488
9.499
9.511
9.522
9.534
9.545
9.557
9.569
9.58
9.592
9.604
9.615
9.627
9.639
9.651
9.663
9.675
9.687
9.699
9.711
9.723
9.735
9.747
9.759
9.772
9.784
9.796
9.809
9.821
9.833
9.846
9.858
9.871
9.883
9.896
9.908
9.921
9.934
9.946
9.959
9.972
9.985
9.998
10.01
10.023
10.036
10.049
10.062
10.075
10.088
10.102
10.115
10.128
10.141
10.154
10.168
10.181
10.194
10.208
10.221
10.235
10.248
10.262
10.275
10.289
10.303
10.316
10.33
10.344
10.358
10.371
10.385
10.399
10.413
10.427
10.441
10.455
10.469
10.483
10.498
10.512
10.526
10.54
10.555
10.569
10.583
10.598
10.612
10.627
10.641
10.656
10.67
10.685
10.699
10.714
10.729
10.744
10.758
10.773
10.788
10.803
10.818
10.833
10.848
10.863
10.878
10.893
10.908
10.924
10.939
10.954
10.969
10.985
11.0
11.016
11.031
11.047
11.062
11.078
11.093
11.109
11.125
11.14
11.156
11.172
11.188
11.204
11.219
11.235
11.251
11.267
11.283
11.3
11.316
11.332
11.348
11.364
11.381
11.397
11.413
11.43
11.446
11.462
11.479
11.495
11.512
11.529
11.545
11.562
11.579
11.595
11.612
11.629
11.646
11.663
11.68
11.697
11.714
11.731
11.748
11.765
11.782
11.8
11.817
11.834
11.851
11.869
11.886
11.904
11.921
11.939
11.956
11.974
11.991
12.009
12.027
12.045
12.062
12.08
12.098
12.116
12.134
12.152
12.17
12.188
12.206
12.224
12.242
12.261
12.279
12.297
12.315
12.334
12.352
12.371
12.389
12.408
12.426
12.445
12.463
12.482
12.501
12.52
12.538
12.557
12.576
12.595
12.614
12.633
12.652
12.671
12.69
12.709
12.728
12.748
12.767
12.786
12.806
12.825
12.844
12.864
12.883
12.903
12.922
12.942
12.962
12.981
13.001
13.021
13.041
13.061
13.081
13.1
13.12
13.14
13.16
13.181
13.201
13.221
13.241
13.261
13.282
13.302
13.322
13.343
13.363
13.384
13.404
13.425
13.445
13.466
13.487
13.508
13.528
13.549
13.57
13.591
13.612
13.633
13.654
13.675
13.696
13.717
13.738
13.76
13.781
13.802
13.823
13.845
13.866
13.888
13.909
13.931
13.952
13.974
13.996
14.017
14.039
14.061
14.083
14.105
14.127
14.149
14.171
14.193
14.215
14.237
14.259
14.281
14.303
14.326
14.348
14.37
14.393
14.415
14.438
14.46
14.483
14.505
14.528
14.551
14.574
14.596
14.619
14.642
14.665
14.688
14.711
14.734
14.757
14.78
14.803
14.827
14.85
14.873
14.896
14.92
14.943
14.967
14.99
15.026
15.071
15.116
15.161
15.206
15.251
15.296
15.342
15.387
15.432
15.477
15.523
15.568
15.614
15.659
15.704
15.75
15.795
15.841
15.887
15.932
15.978
16.024
16.069
16.115
16.161
16.206
16.252
16.298
16.344
16.39
16.436
16.481
16.527
16.573
16.619
16.665
16.711
16.757
16.803
16.849
16.895
16.941
16.987
17.033
17.079
17.125
17.171
17.217
17.263
17.309
17.356
17.402
17.448
17.494
17.54
17.586
17.632
17.678
17.724
17.77
17.816
17.862
17.909
17.955
18.001
18.047
18.093
18.139
18.185
18.231
18.277
18.323
18.369
18.415
18.461
18.507
18.553
18.598
18.644
18.69
18.736
18.782
18.828
18.874
18.919
18.965
19.011
19.056
19.102
19.148
19.193
19.239
19.285
19.33
19.376
19.421
19.467
19.512
19.557
19.603
19.648
19.693
19.739
19.784
19.829
19.874
19.919
19.964
20.009
20.054
20.099
20.144
20.189
20.234
20.278
20.323
20.368
20.412
20.457
20.502
20.546
20.591
20.635
20.679
20.724
20.768
20.812
20.856
20.9
20.944
20.988
21.032
21.076
21.12
21.163
21.207
21.251
21.294
21.338
21.381
21.424
21.468
21.511
21.554
21.597
21.64
21.683
21.726
21.769
21.811
21.854
21.897
21.939
21.982
22.024
22.066
22.109
22.151
22.193
22.235
22.277
22.319
22.36
22.402
22.444
22.485
22.526
22.568
22.609
22.65
22.691
22.732
22.773
22.814
22.855
22.895
22.936
22.976
23.017
23.057
23.097
23.137
23.177
23.217
23.257
23.297
23.336
23.376
23.415
23.454
23.493
23.533
23.572
23.61
23.649
23.688
23.726
23.765
23.803
23.841
23.88
23.918
23.956
23.993
24.031
24.069
24.106
24.143
24.181
24.218
24.255
24.292
24.328
24.365
24.402
24.438
24.474
24.51
24.546
24.582
24.618
24.654
24.689
24.725
24.76
24.795
24.83
24.865
24.9
24.935
24.969
25.003
25.038
25.072
25.106
25.14
25.173
25.207
25.24
25.274
25.307
25.34
25.373
25.405
25.438
25.47
25.503
25.535
25.567
25.599
25.63
25.662
25.693
25.725
25.756
25.787
25.817
25.848
25.879
25.909
25.939
25.969
25.999
25.993
25.986
25.978
25.97
25.962
25.954
25.946
25.938
25.929
25.921
25.912
25.903
25.894
25.885
25.875
25.866
25.856
25.846
25.836
25.826
25.815
25.805
25.794
25.784
25.773
25.762
25.75
25.739
25.728
25.716
25.704
25.692
25.68
25.668
25.656
25.643
25.63
25.618
25.605
25.592
25.578
25.565
25.551
25.538
25.524
25.51
25.496
25.482
25.467
25.453
25.438
25.423
25.408
25.393
25.378
25.363
25.347
25.332
25.316
25.3
25.284
25.268
25.252
25.235
25.219
25.202
25.185
25.168
25.151
25.134
25.117
25.099
25.081
25.064
25.046
25.028
25.01
24.991
24.973
24.954
24.936
24.917
24.898
24.879
24.86
24.841
24.821
24.802
24.782
24.762
24.742
24.722
24.702
24.682
24.661
24.641
24.62
24.599
24.578
24.557
24.536
24.515
24.493
24.472
24.45
24.429
24.407
24.385
24.363
24.34
24.318
24.295
24.273
24.25
24.227
24.204
24.181
24.158
24.135
24.111
24.088
24.064
24.041
24.017
23.993
23.969
23.944
23.92
23.896
23.871
23.847
23.822
23.797
23.772
23.747
23.722
23.696
23.671
23.645
23.62
23.594
23.568
23.542
23.516
23.49
23.464
23.437
23.411
23.384
23.358
23.331
23.304
23.277
23.25
23.223
23.195
23.168
23.14
23.113
23.085
23.057
23.029
23.001
22.973
22.945
22.917
22.888
22.86
22.831
22.802
22.774
22.745
22.716
22.687
22.658
22.628
22.599
22.569
22.54
22.51
22.48
22.451
22.421
22.391
22.36
22.33
22.3
22.27
22.239
22.208
22.178
22.147
22.116
22.085
22.054
22.023
21.992
21.961
21.929
21.898
21.866
21.835
21.803
21.771
21.739
21.707
21.675
21.643
21.611
21.578
21.546
21.514
21.481
21.448
21.416
21.383
21.35
21.317
21.284
21.251
21.218
21.184
21.151
21.117
21.084
21.05
21.017
20.983
20.949
20.915
20.881
20.847
20.813
20.779
20.744
20.71
20.676
20.641
20.607
20.572
20.537
20.502
20.468
20.433
20.398
20.362
20.327
20.292
20.257
20.221
20.186
20.15
20.115
20.079
20.044
20.008
19.972
19.936
19.9
19.864
19.828
19.792
19.756
19.719
19.683
19.646
19.61
19.573
19.537
19.5
19.463
19.427
19.39
19.353
19.316
19.279
19.242
19.204
19.167
19.13
19.093
19.055
19.018
18.98
18.943
18.905
18.867
18.83
18.792
18.754
18.716
18.678
18.64
18.602
18.564
18.526
18.488
18.449
18.411
18.373
18.334
18.296
18.257
18.218
18.18
18.141
18.102
18.064
18.025
17.986
17.947
17.908
17.869
17.83
17.791
17.752
17.712
17.673
17.634
17.594
17.555
17.516
17.476
17.437
17.397
17.357
17.318
17.278
17.238
17.199
17.159
17.119
17.079
17.039
16.999
16.959
16.919
16.879
16.839
16.799
16.758
16.718
16.678
16.638
16.597
16.557
16.516
16.476
16.435
16.395
16.354
16.314
16.273
16.232
16.192
16.151
16.11
16.069
16.029
15.988
15.947
15.906
15.865
15.824
15.783
15.742
15.701
15.66
15.619
15.578
15.536
15.495
15.454
15.413
15.372
15.33
15.289
15.248
15.206
15.165
15.123
15.082
15.04
14.999
14.957
14.916
14.874
14.833
14.791
14.75
14.708
14.666
14.625
14.583
14.541
14.499
14.458
14.416
14.374
14.332
14.291
14.249
14.207
14.165
14.123
14.081
14.039
13.997
13.956
13.914
13.872
13.83
13.788
13.746
13.704
13.662
13.62
13.578
13.536
13.493
13.451
13.409
13.367
13.325
13.283
13.241
13.199
13.157
13.115
13.072
13.03
12.988
12.946
12.904
12.862
12.819
12.777
12.735
12.693
12.651
12.609
12.566
12.524
12.482
12.44
12.398
12.355
12.313
12.271
12.229
12.187
12.145
12.102
12.06
12.018
11.976
11.934
11.891
11.849
11.807
11.765
11.723
11.681
11.639
11.596
11.554
11.512
11.47
11.428
11.386
11.344
11.302
11.26
11.218
11.176
11.133
11.091
11.049
11.007
10.965
10.923
10.881
10.839
10.798
10.756
10.714
10.672
10.63
10.588
10.546
10.504
10.462
10.421
10.379
10.337
10.295
10.253
10.212
10.17
10.128
10.087
10.045
10.003
9.962
9.92
9.879
9.837
9.795
9.754
9.712
9.671
9.629
9.588
9.547
9.505
9.464
9.423
9.381
9.34
9.299
9.257
9.216
9.175
9.134
9.093
9.052
9.011
8.98
8.954
8.927
8.901
8.874
8.848
8.821
8.795
8.768
8.742
8.716
8.689
8.663
8.637
8.611
8.585
8.558
8.532
8.506
8.48
8.454
8.428
8.402
8.376
8.35
8.324
8.298
8.272
8.247
8.221
8.195
8.169
8.144
8.118
8.092
8.067
8.041
8.016
7.99
7.964
7.939
7.913
7.888
7.863
7.837
7.812
7.787
7.761
7.736
7.711
7.686
7.66
7.635
7.61
7.585
7.56
7.535
7.51
7.485
7.46
7.435
7.41
7.385
7.36
7.336
7.311
7.286
7.261
7.237
7.212
7.187
7.163
7.138
7.113
7.089
7.064
7.04
7.015
6.991
6.967
6.942
6.918
6.893
6.869
6.845
6.821
6.796
6.772
6.748
6.724
6.7
6.676
6.652
6.628
6.604
6.58
6.556
6.532
6.508
6.484
6.46
6.436
6.413
6.389
6.365
6.341
6.318
6.294
6.27
6.247
6.223
6.2
6.176
6.153
6.129
6.106
6.082
6.059
6.036
6.012
5.989
5.966
5.943
5.919
5.896
5.873
5.85
5.827
5.804
5.781
5.758
5.735
5.712
5.689
5.666
5.643
5.62
5.597
5.574
5.552
5.529
5.506
5.483
5.461
5.438
5.415
5.393
5.37
5.348
5.325
5.303
5.28
5.258
5.235
5.213
5.191
5.168
5.146
5.124
5.101
5.079
5.057
5.035
5.013
4.991
4.968
4.946
4.924
4.902
4.88
4.858
4.836
4.814
4.793
4.771
4.749
4.727
4.705
4.684
4.662
4.64
4.618
4.597
4.575
4.554
4.532
4.51
4.489
4.467
4.446
4.425
4.403
4.382
4.36
4.339
4.318
4.297
4.275
4.254
4.233
4.212
4.19
4.169
4.148
4.127
4.106
4.085
4.064
4.043
4.022
4.001
3.98
3.96
3.939
3.918
3.897
3.876
3.856
3.835
3.814
3.794
3.773
3.752
3.732
3.711
3.691
3.67
3.65
3.629
3.609
3.588
3.568
3.548
3.527
3.507
3.487
3.467
3.446
3.426
3.406
3.386
3.366
3.346
3.325
3.305
3.285
3.265
3.245
3.226
3.206
3.186
3.166
3.146
3.126
3.106
3.087
3.067
3.047
3.028
3.008
2.988
2.969
2.949
2.93
2.91
2.89
2.871
2.852
2.832
2.813
2.793
2.774
2.755
2.735
2.716
2.697
2.678
2.658
2.639
2.62
2.601
2.582
2.563
2.544
2.525
2.506
2.487
2.468
2.449
2.43
2.411
2.392
2.373
2.355
2.336
2.317
2.298
2.28
2.261
2.242
2.224
2.205
2.186
2.168
2.149
2.131
2.112
2.094
2.075
2.057
2.039
2.02
2.002
1.984
1.965
1.947
1.929
1.911
1.893
1.874
1.856
1.838
1.82
1.802
1.784
1.766
1.748
1.73
1.712
1.694
1.676
1.659
1.641
1.623
1.605
1.587
1.57
1.552
1.534
1.517
1.499
1.481
1.464
1.446
1.429
1.411
1.394
1.376
1.359
1.341
1.324
1.307
1.289
1.272
1.255
1.237
1.22
1.203
1.186
1.168
1.151
1.134
1.117
1.1
1.083
1.066
1.049
1.032
1.015
0.998
0.981
0.964
0.947
0.931
0.914
0.897
0.88
0.863
0.847
0.83
0.813
0.797
0.78
0.764
0.747
0.73
0.714
0.697
0.681
0.665
0.648
0.632
0.615
0.599
0.583
0.566
0.55
0.534
0.518
0.501
0.485
0.469
0.453
0.437
0.421
0.405
0.389
0.373
0.357
0.341
0.325
0.309
0.293
0.277
0.261
0.245
0.229
0.214
0.198
0.182
0.166
0.151
0.135
0.119
0.104
0.088
0.073
0.057
0.042
0.026
0.011
-0.005
-0.02
-0.036
-0.051
-0.066
-0.082
-0.097
-0.112
-0.128
-0.143
-0.158
-0.173
-0.188
-0.203
-0.219
-0.234
-0.249
-0.264
-0.279
-0.294
-0.309
-0.324
-0.339
-0.354
-0.369
-0.383
-0.398
-0.413
-0.428
-0.443
-0.457
-0.472
-0.487
-0.501
-0.516
-0.531
-0.545
-0.56
-0.575
-0.589
-0.604
-0.618
-0.633
-0.647
-0.661
-0.676
-0.69
-0.705
-0.719
-0.733
-0.748
-0.762
-0.776
-0.79
-0.804
-0.819
-0.833
-0.847
-0.861
-0.875
-0.889
-0.903
-0.917
-0.931
-0.945
-0.959
-0.973
-0.987
-1.001
-1.015
-1.028
-1.042
-1.056
-1.07
-1.084
-1.097
-1.111
-1.125
-1.138
-1.152
-1.165
-1.179
-1.193
-1.206
-1.22
-1.233
-1.247
-1.26
-1.273
-1.287
-1.3
-1.314
-1.327
-1.34
-1.354
-1.367
-1.38
-1.393
-1.406
-1.42
-1.433
-1.446
-1.459
-1.472
-1.485
-1.498
-1.511
-1.524
-1.537
-1.55
-1.563
-1.576
-1.589
-1.602
-1.615
-1.627
-1.64
-1.653
-1.666
-1.678
-1.691
-1.704
-1.716
-1.729
-1.742
-1.754
-1.767
-1.779
-1.792
-1.804
-1.817
-1.829
-1.842
-1.854
-1.867
-1.879
-1.891
-1.904
-1.916
-1.928
-1.941
-1.953
-1.965
-1.977
-1.989
-2.002
-2.014
-2.026
-2.038
-2.05
-2.062
-2.074
-2.086
-2.098
-2.11
-2.122
-2.134
-2.146
-2.158
-2.169
-2.181
-2.193
-2.205
-2.217
-2.228
-2.24
-2.252
-2.263
-2.275
-2.287
-2.298
-2.31
-2.321
-2.333
-2.345
-2.356
-2.367
-2.379
-2.39
-2.402
-2.413
-2.425
-2.436
-2.447
-2.459
-2.47
-2.481
-2.492
-2.504
-2.515
-2.526
-2.537
-2.548
-2.559
-2.57
-2.581
-2.593
-2.604
-2.615
-2.626
-2.637
-2.647
-2.658
-2.669
-2.68
-2.691
-2.702
-2.713
-2.723
-2.734
-2.745
-2.756
-2.766
-2.777
-2.788
-2.798
-2.809
-2.82
-2.83
-2.841
-2.851
-2.862
-2.872
-2.883
-2.893
-2.904
-2.914
-2.924
-2.935
-2.945
-2.956
-2.966
-2.976
-2.986
-2.997
-3.007
-3.017
-3.027
-3.037
-3.048
-3.058
-3.068
-3.078
-3.088
-3.098
-3.108
-3.118
-3.128
-3.138
-3.148
-3.158
-3.168
-3.177
-3.187
-3.197
-3.207
-3.217
-3.226
-3.236
-3.246
-3.256
-3.265
-3.275
-3.285
-3.294
-3.304
-3.313
-3.323
-3.333
-3.342
-3.352
-3.361
-3.37
-3.38
-3.389
-3.399
-3.408
-3.417
-3.427
-3.436
-3.445
-3.455
-3.464
-3.473
-3.482
-3.491
-3.501
-3.51
-3.519
-3.528
-3.537
-3.546
-3.555
-3.564
-3.573
-3.582
-3.591
-3.6
-3.609
-3.618
-3.627
-3.636
-3.645
-3.653
-3.662
-3.671
-3.68
-3.688
-3.697
-3.706
-3.715
-3.723
-3.732
-3.741
-3.749
-3.758
-3.766
-3.775
-3.783
-3.792
-3.8
-3.809
-3.817
-3.826
-3.834
-3.842
-3.851
-3.859
-3.867
-3.876
-3.884
-3.892
-3.901
-3.909
-3.917
-3.925
-3.933
-3.941
-3.95
-3.958
-3.966
-3.974
-3.982
-3.99
-3.998
-4.006
-4.014
-4.022
-4.03
-4.038
-4.045
-4.053
-4.061
-4.069
-4.077
-4.085
-4.092
-4.1
-4.108
-4.116
-4.123
-4.131
-4.139
-4.146
-4.154
-4.161
-4.169
-4.177
-4.184
-4.192
-4.199
-4.207
-4.214
-4.221
-4.229
-4.236
-4.244
-4.251
-4.258
-4.266
-4.273
-4.28
-4.287
-4.295
-4.302
-4.309
-4.316
-4.323
-4.331
-4.338
-4.345
-4.352
-4.359
-4.366
-4.373
-4.38
-4.387
-4.394
-4.401
-4.408
-4.415
-4.422
-4.429
-4.435
-4.442
-4.449
-4.456
-4.463
-4.469
-4.476
-4.483
-4.49
-4.496
-4.503
-4.51
-4.516
-4.523
-4.529
-4.536
-4.543
-4.549
-4.556
-4.562
-4.569
-4.575
-4.581
-4.588
-4.594
-4.601
-4.607
-4.613
-4.62
-4.626
-4.632
-4.639
-4.645
-4.651
-4.657
-4.663
-4.67
-4.676
-4.682
-4.688
-4.694
-4.7
-4.706
-4.712
-4.718
-4.724
-4.73
-4.736
-4.742
-4.748
-4.754
-4.76
-4.766
-4.772
-4.778
-4.783
-4.789
-4.795
-4.801
-4.807
-4.812
-4.818
-4.824
-4.829
-4.835
-4.841
-4.846
-4.852
-4.857
-4.863
-4.869
-4.874
-4.88
-4.885
-4.891
-4.896
-4.901
-4.907
-4.912
-4.918
-4.923
-4.928
-4.934
-4.939
-4.944
-4.949
-4.955
-4.96
-4.965
-4.97
-4.976
-4.981
-4.986
-4.991
-4.996
-5.001
-5.006
-5.011
-5.016
-5.021
-5.026
-5.031
-5.036
-5.041
-5.046
-5.051
-5.056
-5.061
-5.066
-5.071
-5.075
-5.08
-5.085
-5.09
-5.094
-5.099
-5.104
-5.109
-5.113
-5.118
-5.123
-5.127
-5.132
-5.136
-5.141
-5.146
-5.15
-5.155
-5.159
-5.164
-5.168
-5.172
-5.177
-5.181
-5.186
-5.19
-5.194
-5.199
-5.203
-5.207
-5.212
-5.216
-5.22
-5.224
-5.229
-5.233
-5.237
-5.241
-5.245
-5.249
-5.254
-5.258
-5.262
-5.266
-5.27
-5.274
-5.278
-5.282
-5.286
-5.29
-5.294
-5.298
-5.302
-5.305
-5.309
-5.313
-5.317
-5.321
-5.325
-5.328
-5.332
-5.336
-5.34
-5.343
-5.347
-5.351
-5.354
-5.358
-5.362
-5.365
-5.369
-5.372
-5.376
-5.38
-5.383
-5.387
-5.39
-5.394
-5.397
-5.4
-5.404
-5.407
-5.411
-5.414
-5.417
-5.421
-5.424
-5.427
-5.431
-5.434
-5.437
-5.44
-5.444
-5.447
-5.45
-5.453
-5.456
-5.459
-5.462
-5.466
-5.469
-5.472
-5.475
-5.478
-5.481
-5.484
-5.487
-5.49
-5.493
-5.496
-5.499
-5.501
-5.504
-5.507
-5.51
-5.513
-5.516
-5.519
-5.521
-5.524
-5.527
-5.53
-5.532
-5.535
-5.538
-5.54
-5.543
-5.546
-5.548
-5.551
-5.553
-5.556
-5.559
-5.561
-5.564
-5.566
-5.569
-5.571
-5.573
-5.576
-5.578
-5.581
-5.583
-5.585
-5.588
-5.59
-5.592
-5.595
-5.597
-5.599
-5.602
-5.604
-5.606
-5.608
-5.61
-5.613
-5.615
-5.617
-5.619
-5.621
-5.623
-5.625
-5.627
-5.629
-5.631
-5.633
-5.635
-5.637
-5.639
-5.641
-5.643
-5.645
-5.647
-5.649
-5.651
-5.653
-5.655
-5.656
-5.658
-5.66
-5.662
-5.663
-5.665
-5.667
-5.669
-5.67
-5.672
-5.674
-5.675
-5.677
-5.679
-5.68
-5.682
-5.683
-5.685
-5.686
-5.688
-5.689
-5.691
-5.692
-5.694
-5.695
-5.697
-5.698
-5.7
-5.701
-5.702
-5.704
-5.705
-5.706
-5.708
-5.709
-5.71
-5.711
-5.713
-5.714
-5.715
-5.716
-5.717
-5.719
-5.72
-5.721
-5.722
-5.723
-5.724
-5.725
-5.726
-5.727
-5.728
-5.729
-5.73
-5.731
-5.732
-5.733
-5.734
-5.735
-5.736
-5.737
-5.738
-5.738
-5.739
-5.74
-5.741
-5.742
-5.742
-5.743
-5.744
-5.745
-5.745
-5.746
-5.747
-5.747
-5.748
-5.749
-5.749
-5.75
-5.751
-5.751
-5.752
-5.752
-5.753
-5.753
-5.754
-5.754
-5.755
-5.755
-5.756
-5.756
-5.757
-5.757
-5.757
-5.758
-5.758
-5.758
-5.759
-5.759
-5.759
-5.76
-5.76
-5.76
-5.76
-5.76
-5.761
-5.761
-5.761
-5.761
-5.761
-5.761
-5.762
-5.762
-5.762
-5.762
-5.762
-5.762
-5.762
-5.762
-5.762
-5.762
-5.762
-5.762
-5.762
-5.762
-5.762
-5.762
-5.761
-5.761
-5.761
-5.761
-5.761
-5.761
-5.76
-5.76
-5.76
-5.76
-5.759
-5.759
-5.759
-5.759
-5.758
-5.758
-5.758
-5.757
-5.757
-5.756
-5.756
-5.756
-5.755
-5.755
-5.754
-5.754
-5.753
-5.753
-5.752
-5.752
-5.751
-5.751
-5.75
-5.749
-5.749
-5.748
-5.747
-5.747
-5.746
-5.745
-5.745
-5.744
-5.743
-5.743
-5.742
-5.741
-5.74
-5.739
-5.739
-5.738
-5.737
-5.736
-5.735
-5.734
-5.734
-5.733
-5.732
-5.731
-5.73
-5.729
-5.728
-5.727
-5.726
-5.725
-5.724
-5.723
-5.722
-5.721
-5.72
-5.718
-5.717
-5.716
-5.715
-5.714
-5.713
-5.712
-5.71
-5.709
-5.708
-5.707
-5.705
-5.704
-5.703
-5.702
-5.7
-5.699
-5.698
-5.696
-5.695
-5.694
-5.692
-5.691
-5.689
-5.688
-5.686
-5.685
-5.684
-5.682
-5.681
-5.679
-5.678
-5.676
-5.674
-5.673
-5.671
-5.67
-5.668
-5.666
-5.665
-5.663
-5.662
-5.66
-5.658
-5.656
-5.655
-5.653
-5.651
-5.65
-5.648
-5.646
-5.644
-5.642
-5.641
-5.639
-5.637
-5.635
-5.633
-5.631
-5.629
-5.627
-5.626
-5.624
-5.622
-5.62
-5.618
-5.616
-5.614
-5.612
-5.61
-5.608
-5.606
-5.604
-5.601
-5.599
-5.597
-5.595
-5.593
-5.591
-5.589
-5.587
-5.584
-5.582
-5.58
-5.578
-5.575
-5.573
-5.571
-5.569
-5.566
-5.564
-5.562
-5.559
-5.557
-5.555
-5.552
-5.55
-5.548
-5.545
-5.543
-5.54
-5.538
-5.535
-5.533
-5.531
-5.528
-5.526
-5.523
-5.52
-5.518
-5.515
-5.513
-5.51
-5.508
-5.505
-5.502
-5.5
-5.497
-5.494
-5.492
-5.489
-5.486
-5.484
-5.481
-5.478
-5.476
-5.473
-5.47
-5.467
-5.464
-5.462
-5.459
-5.456
-5.453
-5.45
-5.447
-5.444
-5.442
-5.439
-5.436
-5.433
-5.43
-5.427
-5.424
-5.421
-5.418
-5.415
-5.412
-5.409
-5.406
-5.403
-5.4
-5.397
-5.394
-5.391
-5.387
-5.384
-5.381
-5.378
-5.375
-5.372
-5.368
-5.365
-5.362
-5.359
-5.356
-5.352
-5.349
-5.346
-5.343
-5.339
-5.336
-5.333
-5.329
-5.326
-5.323
-5.319
-5.316
-5.312
-5.309
-5.306
-5.302
-5.299
-5.295
-5.292
-5.288
-5.285
-5.281
-5.278
-5.274
-5.271
-5.267
-5.264
-5.26
-5.257
-5.253
-5.249
-5.246
-5.242
-5.239
-5.235
-5.231
-5.228
-5.224
-5.22
-5.217
-5.213
-5.209
-5.205
-5.202
-5.198
-5.194
-5.19
-5.186
-5.183
-5.179
-5.175
-5.171
-5.167
-5.163
-5.16
-5.156
-5.152
-5.148
-5.144
-5.14
-5.136
-5.132
-5.128
-5.124
-5.12
-5.116
-5.112
-5.108
-5.104
-5.1
-5.096
-5.092
-5.088
-5.084
-5.08
-5.075
-5.071
-5.067
-5.063
-5.059
-5.055
-5.051
-5.046
-5.042
-5.038
-5.034
-5.029
-5.025
-5.021
-5.017
-5.012
-5.008
-5.004
-4.999
-4.995
-4.991
-4.986
-4.982
-4.978
-4.973
-4.969
-4.965
-4.96
-4.956
-4.951
-4.947
-4.942
-4.938
-4.933
-4.929
-4.924
-4.92
-4.915
-4.911
-4.906
-4.902
-4.897
-4.893
-4.888
-4.883
-4.879
-4.874
-4.87
-4.865
-4.86
-4.856
-4.851
-4.846
-4.842
-4.837
-4.832
-4.827
-4.823
-4.818
-4.813
-4.808
-4.804
-4.799
-4.794
-4.789
-4.784
-4.78
-4.775
-4.77
-4.765
-4.76
-4.755
-4.75
-4.745
-4.741
-4.736
-4.731
-4.726
-4.721
-4.716
-4.711
-4.706
-4.701
-4.696
-4.691
-4.686
-4.681
-4.676
-4.671
-4.666
-4.66
-4.655
-4.65
-4.645
-4.64
-4.635
-4.63
-4.625
-4.619
-4.614
-4.609
-4.604
-4.599
-4.594
-4.588
-4.583
-4.578
-4.573
-4.567
-4.562
-4.557
-4.551
-4.546
-4.541
-4.536
-4.53
-4.525
-4.52
-4.514
-4.509
-4.503
-4.498
-4.493
-4.487
-4.482
-4.476
-4.471
-4.465
-4.46
-4.455
-4.449
-4.444
-4.438
-4.433
-4.427
-4.421
-4.416
-4.41
-4.405
-4.399
-4.394
-4.388
-4.383
-4.377
-4.371
-4.366
-4.36
-4.354
-4.349
-4.343
-4.337
-4.332
-4.326
-4.32
-4.315
-4.309
-4.303
-4.297
-4.292
-4.286
-4.28
-4.274
-4.269
-4.263
-4.257
-4.251
-4.245
-4.24
-4.234
-4.228
-4.222
-4.216
-4.21
-4.204
-4.198
-4.193
-4.187
-4.181
-4.175
-4.169
-4.163
-4.157
-4.151
-4.145
-4.139
-4.133
-4.127
-4.121
-4.115
-4.109
-4.103
-4.097
-4.091
-4.085
-4.079
-4.072
-4.066
-4.06
-4.054
-4.048
-4.042
-4.036
-4.03
-4.023
-4.017
-4.011
-4.005
-3.999
-3.992
-3.986
-3.98
-3.974
-3.968
-3.961
-3.955
-3.949
-3.942
-3.936
-3.93
-3.924
-3.917
-3.911
-3.905
-3.898
-3.892
-3.886
-3.879
-3.873
-3.866
-3.86
-3.854
-3.847
-3.841
-3.834
-3.828
-3.822
-3.815
-3.809
-3.802
-3.796
-3.789
-3.783
-3.776
-3.77
-3.763
-3.757
-3.75
-3.744
-3.737
-3.73
-3.724
-3.717
-3.711
-3.704
-3.697
-3.691
-3.684
-3.678
-3.671
-3.664
-3.658
-3.651
-3.644
-3.638
-3.631
-3.624
-3.618
-3.611
-3.604
-3.597
-3.591
-3.584
-3.577
-3.57
-3.564
-3.557
-3.55
-3.543
-3.536
-3.53
-3.523
-3.516
-3.509
-3.502
-3.495
-3.489
-3.482
-3.475
-3.468
-3.461
-3.454
-3.447
-3.44
-3.433
-3.426
-3.419
-3.413
-3.406
-3.399
-3.392
-3.385
-3.378
-3.371
-3.364
-3.357
-3.35
-3.343
-3.336
-3.328
-3.321
-3.314
-3.307
-3.3
-3.293
-3.286
-3.279
-3.272
-3.265
-3.258
-3.25
-3.243
-3.236
-3.229
-3.222
-3.215
-3.208
-3.2
-3.193
-3.186
-3.179
-3.172
-3.164
-3.157
-3.15
-3.143
-3.135
-3.128
-3.121
-3.114
-3.106
-3.099
-3.092
-3.084
-3.077
-3.07
-3.062
-3.055
-3.048
-3.04
-3.033
-3.026
-3.018
-3.011
-3.004
-2.996
-2.989
-2.981
-2.974
-2.967
-2.959
-2.952
-2.944
-2.937
-2.929
-2.922
-2.914
-2.907
-2.899
-2.892
-2.884
-2.877
-2.869
-2.862
-2.854
-2.847
-2.839
-2.832
-2.824
-2.817
-2.809
-2.801
-2.794
-2.786
-2.779
-2.771
-2.763
-2.756
-2.748
-2.741
-2.733
-2.725
-2.718
-2.71
-2.702
-2.695
-2.687
-2.679
-2.672
-2.664
-2.656
-2.648
-2.641
-2.633
-2.625
-2.617
-2.61
-2.602
-2.594
-2.586
-2.579
-2.571
-2.563
-2.555
-2.547
-2.54
-2.532
-2.524
-2.516
-2.508
-2.5
-2.493
-2.485
-2.477
-2.469
-2.461
-2.453
-2.445
-2.437
-2.43
-2.422
-2.414
-2.406
-2.398
-2.39
-2.382
-2.374
-2.366
-2.358
-2.35
-2.342
-2.334
-2.326
-2.318
-2.31
-2.302
-2.294
-2.286
-2.278
-2.27
-2.262
-2.254
-2.246
-2.238
-2.23
-2.222
-2.214
-2.206
-2.198
-2.189
-2.181
-2.173
-2.165
-2.157
-2.149
-2.141
-2.133
-2.124
-2.116
-2.108
-2.1
-2.092
-2.084
-2.075
-2.067
-2.059
-2.051
-2.043
-2.034
-2.026
-2.018
-2.01
-2.002
-1.993
-1.985
-1.977
-1.969
-1.96
-1.952
-1.944
-1.936
-1.927
-1.919
-1.911
-1.902
-1.894
-1.886
-1.877
-1.869
-1.861
-1.852
-1.844
-1.836
-1.827
-1.819
-1.811
-1.802
-1.794
-1.785
-1.777
-1.769
-1.76
-1.752
-1.743
-1.735
-1.727
-1.718
-1.71
-1.701
-1.693
-1.684
-1.676
-1.668
-1.659
-1.651
-1.642
-1.634
-1.625
-1.617
-1.608
-1.6
-1.591
-1.583
-1.574
-1.566
-1.557
-1.548
-1.54
-1.531
-1.523
-1.514
-1.506
-1.497
-1.489
-1.48
-1.471
-1.463
-1.454
-1.446
-1.437
-1.428
-1.42
-1.411
-1.403
-1.394
-1.385
-1.377
-1.368
-1.359
-1.351
-1.342
-1.333
-1.325
-1.316
-1.307
-1.299
-1.29
-1.281
-1.272
-1.264
-1.255
-1.246
-1.238
-1.229
-1.22
-1.211
-1.203
-1.194
-1.185
-1.176
-1.168
-1.159
-1.15
-1.141
-1.133
-1.124
-1.115
-1.106
-1.097
-1.089
-1.08
-1.071
-1.062
-1.053
-1.045
-1.036
-1.027
-1.018
-1.009
-1.0
-0.991
-0.983
-0.974
-0.965
-0.956
-0.947
-0.938
-0.929
-0.92
-0.912
-0.903
-0.894
-0.885
-0.876
-0.867
-0.858
-0.849
-0.84
-0.831
-0.822
-0.813
-0.804
-0.795
-0.786
-0.778
-0.769
-0.76
-0.751
-0.742
-0.733
-0.724
-0.715
-0.706
-0.697
-0.688
-0.679
-0.67
-0.661
-0.652
-0.643
-0.633
-0.624
-0.615
-0.606
-0.597
-0.588
-0.579
-0.57
-0.561
-0.552
-0.543
-0.534
-0.525
-0.516
-0.507
-0.497
-0.488
-0.479
-0.47
-0.461
-0.452
-0.443
-0.434
-0.425
-0.415
-0.406
-0.397
-0.388
-0.379
-0.37
-0.361
-0.351
-0.342
-0.333
-0.324
-0.315
-0.306
-0.296
-0.287
-0.278
-0.269
-0.26
-0.25
-0.241
-0.232
-0.223
-0.214
-0.204
-0.195
-0.186
-0.177
-0.167
-0.158
-0.149
-0.14
-0.13
-0.121
-0.112
-0.103
-0.093
-0.084
-0.075
-0.066
-0.056
-0.047
-0.038
-0.029
-0.019
-0.01
-0.001
0.009
0.018
0.027
0.037
0.046
0.055
0.065
0.074
0.083
0.093
0.102
0.111
0.121
0.13
0.139
0.149
0.158
0.167
0.177
0.186
0.195
0.205
0.214
0.223
0.233
0.242
0.252
0.261
0.27
0.28
0.289
0.299
0.308
0.317
0.327
0.336
0.346
0.355
0.365
0.374
0.383
0.393
0.402
0.412
0.421
0.431
0.44
0.449
0.459
0.468
0.478
0.487
0.497
0.506
0.516
0.525
0.535
0.544
0.554
0.563
0.573
0.582
0.592
0.601
0.611
0.62
0.63
0.639
0.649
0.658
0.668
0.677
0.687
0.696
0.706
0.715
0.725
0.734
0.744
0.753
0.763
0.772
0.782
0.792
0.801
0.811
0.82
0.83
0.839
0.849
0.858
0.868
0.878
0.887
0.897
0.906
0.916
0.925
0.935
0.945
0.954
0.964
0.973
0.983
0.993
1.005
1.028
1.05
1.073
1.096
1.118
1.141
1.164
1.187
1.209
1.232
1.255
1.277
1.3
1.323
1.345
1.368
1.391
1.413
1.436
1.459
1.482
1.504
1.527
1.55
1.572
1.595
1.618
1.641
1.663
1.686
1.709
1.732
1.754
1.777
1.8
1.823
1.845
1.868
1.891
1.914
1.936
1.959
1.982
2.005
2.027
2.05
2.073
2.096
2.118
2.141
2.164
2.187
2.209
2.232
2.255
2.278
2.301
2.323
2.346
2.369
2.392
2.414
2.437
2.46
2.483
2.506
2.528
2.551
2.574
2.597
2.62
2.642
2.665
2.688
2.711
2.734
2.756
2.779
2.802
2.825
2.848
2.871
2.893
2.916
2.939
2.962
2.985
3.007
3.03
3.053
3.076
3.099
3.122
3.144
3.167
3.19
3.213
3.236
3.259
3.281
3.304
3.327
3.35
3.373
3.396
3.419
3.441
3.464
3.487
3.51
3.533
3.556
3.578
3.601
3.624
3.647
3.67
3.693
3.716
3.738
3.761
3.784
3.807
3.83
3.853
3.876
3.899
3.921
3.944
3.967
3.99
4.013
4.036
4.059
4.082
4.104
4.127
4.15
4.173
4.196
4.219
4.242
4.265
4.287
4.31
4.333
4.356
4.379
4.402
4.425
4.448
4.471
4.493
4.516
4.539
4.562
4.585
4.608
4.631
4.654
4.677
4.699
4.722
4.745
4.768
4.791
4.814
4.837
4.86
4.883
4.905
4.928
4.951
4.974
4.997
5.02
5.043
5.066
5.089
5.112
5.134
5.157
5.18
5.203
5.226
5.249
5.272
5.295
5.318
5.341
5.363
5.386
5.409
5.432
5.455
5.478
5.501
5.524
5.547
5.57
5.593
5.615
5.638
5.661
5.684
5.707
5.73
5.753
5.776
5.799
5.822
5.844
5.867
5.89
5.913
5.936
5.959
5.982
6.005
6.028
6.051
6.073
6.096
6.119
6.142
6.165
6.188
6.211
6.234
6.257
6.28
6.303
6.325
6.348
6.371
6.394
6.417
6.44
6.463
6.486
6.509
6.532
6.554
6.577
6.6
6.623
6.646
6.669
6.692
6.715
6.738
6.76
6.783
6.806
6.829
6.852
6.875
6.898
6.921
6.944
6.966
6.989
7.012
7.035
7.058
7.081
7.104
7.127
7.15
7.172
7.195
7.218
7.241
7.264
7.287
7.31
7.333
7.356
7.378
7.401
7.424
7.447
7.47
7.493
7.516
7.538
7.561
7.584
7.607
7.63
7.653
7.676
7.699
7.721
7.744
7.767
7.79
7.813
7.836
7.859
7.881
7.904
7.927
7.95
7.973
7.996
8.019
8.041
8.064
8.087
8.11
8.133
8.156
8.179
8.201
8.224
8.247
8.27
8.293
8.316
8.338
8.361
8.384
8.407
8.43
8.453
8.475
8.498
8.521
8.544
8.567
8.589
8.612
8.635
8.658
8.681
8.704
8.726
8.749
8.772
8.795
8.818
8.84
8.863
8.886
8.909
8.932
8.954
8.977
9.0
9.023
9.046
9.068
9.091
9.114
9.137
9.16
9.182
9.205
9.228
9.251
9.273
9.296
9.319
9.342
9.364
9.387
9.41
9.433
9.456
9.478
9.501
9.524
9.547
9.569
9.592
9.615
9.638
9.66
9.683
9.706
9.729
9.751
9.774
9.797
9.819
9.842
9.865
9.888
9.91
9.933
9.956
9.979
10.001
10.024
10.047
10.069
10.092
10.115
10.138
10.16
10.183
10.206
10.228
10.251
10.274
10.296
10.319
10.342
10.364
10.387
10.41
10.432
10.455
10.478
10.5
10.523
10.546
10.568
10.591
10.614
10.636
10.659
10.682
10.704
10.727
10.75
10.772
10.795
10.818
10.84
10.863
10.885
10.908
10.931
10.953
10.976
10.999
11.021
11.044
11.066
11.089
11.112
11.134
11.157
11.179
11.202
11.225
11.247
11.27
11.292
11.315
11.338
11.36
11.383
11.405
11.428
11.45
11.473
11.495
11.518
11.541
11.563
11.586
11.608
11.631
11.653
11.676
11.698
11.721
11.743
11.766
11.788
11.811
11.833
11.856
11.879
11.901
11.924
11.946
11.969
11.991
12.014
12.036
12.058
12.081
12.103
12.126
12.148
12.171
12.193
12.216
12.238
12.261
12.283
12.306
12.328
12.351
12.373
12.395
12.418
12.44
12.463
12.485
12.508
12.53
12.552
12.575
12.597
12.62
12.642
12.664
12.687
12.709
12.732
12.754
12.776
12.799
12.821
12.843
12.866
12.888
12.911
12.933
12.955
12.978
13.0
