18.0
17.957
17.914
17.871
17.828
17.785
17.742
17.699
17.657
17.614
17.571
17.529
17.486
17.444
17.401
17.359
17.317
17.274
17.232
17.19
17.148
17.106
17.064
17.022
16.98
16.938
16.896
16.854
16.813
16.771
16.729
16.688
16.646
16.605
16.563
16.522
16.481
16.44
16.398
16.357
16.316
16.275
16.234
16.193
16.152
16.111
16.07
16.03
15.989
15.948
15.908
15.867
15.826
15.786
15.746
15.705
15.665
15.625
15.584
15.544
15.504
15.464
15.424
15.384
15.344
15.304
15.264
15.224
15.185
15.145
15.105
15.066
15.026
14.987
14.947
14.908
14.869
14.829
14.79
14.751
14.712
14.673
14.634
14.595
14.556
14.517
14.478
14.439
14.4
14.362
14.323
14.284
14.246
14.207
14.169
14.13
14.092
14.054
14.015
13.977
13.939
13.901
13.863
13.825
13.787
13.749
13.711
13.673
13.635
13.598
13.56
13.522
13.485
13.447
13.41
13.372
13.335
13.298
13.26
13.223
13.186
13.149
13.111
13.074
13.037
13.0
12.963
12.927
12.89
12.853
12.816
12.78
12.743
12.706
12.67
12.633
12.597
12.56
12.524
12.488
12.452
12.415
12.379
12.343
12.307
12.271
12.235
12.199
12.163
12.127
12.092
12.056
12.02
11.984
11.949
11.913
11.878
11.842
11.807
11.772
11.736
11.701
11.666
11.631
11.595
11.56
11.525
11.49
11.455
11.421
11.386
11.351
11.316
11.281
11.247
11.212
11.178
11.143
11.109
11.074
11.04
11.005
10.971
10.937
10.903
10.869
10.834
10.8
10.766
10.732
10.698
10.665
10.631
10.597
10.563
10.53
10.496
10.462
10.429
10.395
10.362
10.328
10.295
10.262
10.228
10.195
10.162
10.129
10.096
10.063
10.03
9.997
9.964
9.931
9.898
9.865
9.833
9.8
9.767
9.735
9.702
9.67
9.637
9.605
9.572
9.54
9.508
9.475
9.443
9.411
9.379
9.347
9.315
9.283
9.251
9.219
9.187
9.156
9.124
9.092
9.06
9.029
8.997
8.966
8.934
8.903
8.872
8.84
8.809
8.778
8.746
8.715
8.684
8.653
8.622
8.591
8.56
8.529
8.498
8.468
8.437
8.406
8.375
8.345
8.314
8.284
8.253
8.223
8.192
8.162
8.132
8.101
8.071
8.041
8.011
7.981
7.951
7.921
7.891
7.861
7.831
7.801
7.771
7.742
7.712
7.682
7.653
7.623
7.593
7.564
7.535
7.505
7.476
7.446
7.417
7.388
7.359
7.33
7.301
7.272
7.243
7.214
7.185
7.156
7.127
7.098
7.069
7.041
7.012
6.983
6.955
6.926
6.898
6.869
6.841
6.813
6.784
6.756
6.728
6.7
6.671
6.643
6.615
6.587
6.559
6.531
6.503
6.476
6.448
6.42
6.392
6.365
6.337
6.309
6.282
6.254
6.227
6.199
6.172
6.145
6.117
6.09
6.063
6.036
6.009
5.982
5.955
5.928
5.901
5.874
5.847
5.82
5.793
5.766
5.74
5.713
5.686
5.66
5.633
5.607
5.58
5.554
5.528
5.501
5.475
5.449
5.423
5.396
5.37
5.344
5.318
5.292
5.266
5.24
5.214
5.189
5.163
5.137
5.111
5.086
5.06
5.034
5.009
4.983
4.958
4.933
4.907
4.882
4.857
4.831
4.806
4.781
4.756
4.731
4.706
4.681
4.656
4.631
4.606
4.581
4.556
4.531
4.507
4.482
4.457
4.433
4.408
4.384
4.359
4.335
4.31
4.286
4.262
4.237
4.213
4.189
4.165
4.141
4.117
4.093
4.069
4.045
4.021
3.997
3.973
3.949
3.925
3.902
3.878
3.854
3.831
3.807
3.784
3.76
3.737
3.713
3.69
3.667
3.644
3.62
3.597
3.574
3.551
3.528
3.505
3.482
3.459
3.436
3.413
3.39
3.367
3.345
3.322
3.299
3.277
3.254
3.231
3.209
3.186
3.164
3.142
3.119
3.097
3.075
3.052
3.03
3.008
2.986
2.964
2.942
2.92
2.898
2.876
2.854
2.832
2.81
2.788
2.767
2.745
2.723
2.702
2.68
2.659
2.637
2.616
2.594
2.573
2.551
2.53
2.509
2.488
2.466
2.445
2.424
2.403
2.382
2.361
2.34
2.319
2.298
2.277
2.256
2.236
2.215
2.194
2.174
2.153
2.132
2.112
2.091
2.071
2.05
2.03
2.01
1.989
1.969
1.949
1.929
1.908
1.888
1.868
1.848
1.828
1.808
1.788
1.768
1.748
1.729
1.709
1.689
1.669
1.65
1.63
1.61
1.591
1.571
1.552
1.532
1.513
1.493
1.474
1.455
1.436
1.416
1.397
1.378
1.359
1.34
1.321
1.302
1.283
1.264
1.245
1.226
1.207
1.188
1.17
1.151
1.132
1.114
1.095
1.076
1.058
1.039
1.021
1.002
0.984
0.966
0.947
0.929
0.911
0.893
0.875
0.856
0.838
0.82
0.802
0.784
0.766
0.748
0.73
0.713
0.695
0.677
0.659
0.642
0.624
0.606
0.589
0.571
0.554
0.536
0.519
0.501
0.484
0.467
0.449
0.432
0.415
0.398
0.38
0.363
0.346
0.329
0.312
0.295
0.278
0.261
0.244
0.228
0.211
0.194
0.177
0.161
0.144
0.127
0.111
0.094
0.078
0.061
0.045
0.028
0.012
-0.004
-0.021
-0.037
-0.053
-0.069
-0.086
-0.102
-0.118
-0.134
-0.15
-0.166
-0.182
-0.198
-0.214
-0.23
-0.245
-0.261
-0.277
-0.293
-0.308
-0.324
-0.34
-0.355
-0.371
-0.386
-0.402
-0.417
-0.433
-0.448
-0.463
-0.479
-0.494
-0.509
-0.524
-0.539
-0.555
-0.57
-0.585
-0.6
-0.615
-0.63
-0.645
-0.66
-0.674
-0.689
-0.704
-0.719
-0.734
-0.748
-0.763
-0.777
-0.792
-0.807
-0.821
-0.836
-0.85
-0.865
-0.879
-0.893
-0.908
-0.922
-0.936
-0.95
-0.965
-0.979
-0.993
-1.007
-1.021
-1.035
-1.049
-1.063
-1.077
-1.091
-1.105
-1.118
-1.132
-1.146
-1.16
-1.173
-1.187
-1.201
-1.214
-1.228
-1.241
-1.255
-1.268
-1.282
-1.295
-1.308
-1.322
-1.335
-1.348
-1.361
-1.375
-1.388
-1.401
-1.414
-1.427
-1.44
-1.453
-1.466
-1.479
-1.492
-1.505
-1.518
-1.53
-1.543
-1.556
-1.569
-1.581
-1.594
-1.606
-1.619
-1.632
-1.644
-1.657
-1.669
-1.681
-1.694
-1.706
-1.718
-1.731
-1.743
-1.755
-1.767
-1.78
-1.792
-1.804
-1.816
-1.828
-1.84
-1.852
-1.864
-1.876
-1.887
-1.899
-1.911
-1.923
-1.935
-1.946
-1.958
-1.97
-1.981
-1.993
-2.004
-2.016
-2.027
-2.039
-2.05
-2.062
-2.073
-2.084
-2.096
-2.107
-2.118
-2.129
-2.141
-2.152
-2.163
-2.174
-2.185
-2.196
-2.207
-2.218
-2.229
-2.24
-2.251
-2.262
-2.272
-2.283
-2.294
-2.305
-2.315
-2.326
-2.337
-2.347
-2.358
-2.368
-2.379
-2.389
-2.4
-2.41
-2.42
-2.431
-2.441
-2.451
-2.462
-2.472
-2.482
-2.492
-2.502
-2.512
-2.523
-2.533
-2.543
-2.553
-2.562
-2.572
-2.582
-2.592
-2.602
-2.612
-2.622
-2.631
-2.641
-2.651
-2.66
-2.67
-2.68
-2.689
-2.699
-2.708
-2.718
-2.727
-2.737
-2.746
-2.755
-2.765
-2.774
-2.783
-2.792
-2.802
-2.811
-2.82
-2.829
-2.838
-2.847
-2.856
-2.865
-2.874
-2.883
-2.892
-2.901
-2.91
-2.919
-2.927
-2.936
-2.945
-2.954
-2.962
-2.971
-2.98
-2.988
-2.997
-3.005
-3.014
-3.022
-3.031
-3.039
-3.047
-3.056
-3.064
-3.072
-3.081
-3.089
-3.097
-3.105
-3.114
-3.122
-3.13
-3.138
-3.146
-3.154
-3.162
-3.17
-3.178
-3.186
-3.194
-3.201
-3.209
-3.217
-3.225
-3.233
-3.24
-3.248
-3.256
-3.263
-3.271
-3.278
-3.286
-3.293
-3.301
-3.308
-3.316
-3.323
-3.331
-3.338
-3.345
-3.353
-3.36
-3.367
-3.374
-3.381
-3.389
-3.396
-3.403
-3.41
-3.417
-3.424
-3.431
-3.438
-3.445
-3.452
-3.459
-3.465
-3.472
-3.479
-3.486
-3.492
-3.499
-3.506
-3.513
-3.519
-3.526
-3.532
-3.539
-3.545
-3.552
-3.558
-3.565
-3.571
-3.578
-3.584
-3.59
-3.597
-3.603
-3.609
-3.615
-3.621
-3.628
-3.634
-3.64
-3.646
-3.652
-3.658
-3.664
-3.67
-3.676
-3.682
-3.688
-3.694
-3.7
-3.705
-3.711
-3.717
-3.723
-3.728
-3.734
-3.74
-3.745
-3.751
-3.757
-3.762
-3.768
-3.773
-3.779
-3.784
-3.79
-3.795
-3.8
-3.806
-3.811
-3.816
-3.822
-3.827
-3.832
-3.837
-3.842
-3.848
-3.853
-3.858
-3.863
-3.868
-3.873
-3.878
-3.883
-3.888
-3.893
-3.898
-3.902
-3.907
-3.912
-3.917
-3.922
-3.926
-3.931
-3.936
-3.94
-3.945
-3.95
-3.954
-3.959
-3.963
-3.968
-3.972
-3.977
-3.981
-3.986
-3.99
-3.994
-3.999
-4.003
-4.007
-4.012
-4.016
-4.02
-4.024
-4.028
-4.033
-4.037
-4.041
-4.045
-4.049
-4.053
-4.057
-4.061
-4.065
-4.069
-4.072
-4.076
-4.08
-4.084
-4.088
-4.092
-4.095
-4.099
-4.103
-4.106
-4.11
-4.114
-4.117
-4.121
-4.124
-4.128
-4.131
-4.135
-4.138
-4.142
-4.145
-4.148
-4.152
-4.155
-4.158
-4.162
-4.165
-4.168
-4.171
-4.175
-4.178
-4.181
-4.184
-4.187
-4.19
-4.193
-4.196
-4.199
-4.202
-4.205
-4.208
-4.211
-4.214
-4.217
-4.22
-4.222
-4.225
-4.228
-4.231
-4.233
-4.236
-4.239
-4.241
-4.244
-4.247
-4.249
-4.252
-4.254
-4.257
-4.259
-4.262
-4.264
-4.267
-4.269
-4.271
-4.274
-4.276
-4.278
-4.281
-4.283
-4.285
-4.287
-4.29
-4.292
-4.294
-4.296
-4.298
-4.3
-4.302
-4.304
-4.306
-4.308
-4.31
-4.312
-4.314
-4.316
-4.318
-4.32
-4.321
-4.323
-4.325
-4.327
-4.329
-4.33
-4.332
-4.334
-4.335
-4.337
-4.339
-4.34
-4.342
-4.343
-4.345
-4.346
-4.348
-4.349
-4.351
-4.352
-4.353
-4.355
-4.356
-4.357
-4.359
-4.36
-4.361
-4.363
-4.364
-4.365
-4.366
-4.367
-4.368
-4.37
-4.371
-4.372
-4.373
-4.374
-4.375
-4.376
-4.377
-4.378
-4.379
-4.379
-4.38
-4.381
-4.382
-4.383
-4.384
-4.384
-4.385
-4.386
-4.386
-4.387
-4.388
-4.388
-4.389
-4.39
-4.39
-4.391
-4.391
-4.392
-4.392
-4.393
-4.393
-4.394
-4.394
-4.395
-4.395
-4.395
-4.396
-4.396
-4.396
-4.396
-4.397
-4.397
-4.397
-4.397
-4.398
-4.398
-4.398
-4.398
-4.398
-4.398
-4.398
-4.398
-4.398
-4.398
-4.398
-4.398
-4.398
-4.398
-4.398
-4.398
-4.397
-4.397
-4.397
-4.397
-4.397
-4.396
-4.396
-4.396
-4.396
-4.395
-4.395
-4.394
-4.394
-4.394
-4.393
-4.393
-4.392
-4.392
-4.391
-4.391
-4.39
-4.39
-4.389
-4.389
-4.388
-4.387
-4.387
-4.386
-4.385
-4.385
-4.384
-4.383
-4.382
-4.381
-4.381
-4.38
-4.379
-4.378
-4.377
-4.376
-4.375
-4.374
-4.373
-4.372
-4.371
-4.37
-4.369
-4.368
-4.367
-4.366
-4.365
-4.364
-4.363
-4.362
-4.36
-4.359
-4.358
-4.357
-4.355
-4.354
-4.353
-4.352
-4.35
-4.349
-4.347
-4.346
-4.345
-4.343
-4.342
-4.34
-4.339
-4.337
-4.336
-4.334
-4.333
-4.331
-4.33
-4.328
-4.326
-4.325
-4.323
-4.321
-4.32
-4.318
-4.316
-4.314
-4.313
-4.311
-4.309
-4.307
-4.305
-4.304
-4.302
-4.3
-4.298
-4.296
-4.294
-4.292
-4.29
-4.288
-4.286
-4.284
-4.282
-4.28
-4.278
-4.276
-4.274
-4.271
-4.269
-4.267
-4.265
-4.263
-4.26
-4.258
-4.256
-4.254
-4.251
-4.249
-4.247
-4.244
-4.242
-4.24
-4.237
-4.235
-4.232
-4.23
-4.228
-4.225
-4.223
-4.22
-4.218
-4.215
-4.212
-4.21
-4.207
-4.205
-4.202
-4.199
-4.197
-4.194
-4.191
-4.189
-4.186
-4.183
-4.181
-4.178
-4.175
-4.172
-4.169
-4.166
-4.164
-4.161
-4.158
-4.155
-4.152
-4.149
-4.146
-4.143
-4.14
-4.137
-4.134
-4.131
-4.128
-4.125
-4.122
-4.119
-4.116
-4.113
-4.11
-4.106
-4.103
-4.1
-4.097
-4.094
-4.09
-4.087
-4.084
-4.081
-4.077
-4.074
-4.071
-4.067
-4.064
-4.061
-4.057
-4.054
-4.05
-4.047
-4.044
-4.04
-4.037
-4.033
-4.03
-4.026
-4.023
-4.019
-4.015
-4.012
-4.008
-4.005
-4.001
-3.997
-3.994
-3.99
-3.986
-3.983
-3.979
-3.975
-3.972
-3.968
-3.964
-3.96
-3.956
-3.953
-3.949
-3.945
-3.941
-3.937
-3.933
-3.929
-3.926
-3.922
-3.918
-3.914
-3.91
-3.906
-3.902
-3.898
-3.894
-3.89
-3.886
-3.882
-3.877
-3.873
-3.869
-3.865
-3.861
-3.857
-3.853
-3.848
-3.844
-3.84
-3.836
-3.832
-3.827
-3.823
-3.819
-3.814
-3.81
-3.806
-3.802
-3.797
-3.793
-3.788
-3.784
-3.78
-3.775
-3.771
-3.766
-3.762
-3.757
-3.753
-3.748
-3.744
-3.739
-3.735
-3.73
-3.726
-3.721
-3.717
-3.712
-3.707
-3.703
-3.698
-3.693
-3.689
-3.684
-3.679
-3.675
-3.67
-3.665
-3.661
-3.656
-3.651
-3.646
-3.641
-3.637
-3.632
-3.627
-3.622
-3.617
-3.612
-3.608
-3.603
-3.598
-3.593
-3.588
-3.583
-3.578
-3.573
-3.568
-3.563
-3.558
-3.553
-3.548
-3.543
-3.538
-3.533
-3.528
-3.523
-3.518
-3.513
-3.507
-3.502
-3.497
-3.492
-3.487
-3.482
-3.476
-3.471
-3.466
-3.461
-3.455
-3.45
-3.445
-3.44
-3.434
-3.429
-3.424
-3.418
-3.413
-3.408
-3.402
-3.397
-3.392
-3.386
-3.381
-3.375
-3.37
-3.365
-3.359
-3.354
-3.348
-3.343
-3.337
-3.332
-3.326
-3.321
-3.315
-3.31
-3.304
-3.298
-3.293
-3.287
-3.282
-3.276
-3.27
-3.265
-3.259
-3.253
-3.248
-3.242
-3.236
-3.231
-3.225
-3.219
-3.214
-3.208
-3.202
-3.196
-3.19
-3.185
-3.179
-3.173
-3.167
-3.161
-3.156
-3.15
-3.144
-3.138
-3.132
-3.126
-3.12
-3.114
-3.108
-3.103
-3.097
-3.091
-3.085
-3.079
-3.073
-3.067
-3.061
-3.055
-3.049
-3.043
-3.037
-3.031
-3.025
-3.018
-3.012
-3.006
-3.0
-2.994
-2.988
-2.982
-2.976
-2.97
-2.963
-2.957
-2.951
-2.945
-2.939
-2.932
-2.926
-2.92
-2.914
-2.908
-2.901
-2.895
-2.889
-2.882
-2.876
-2.87
-2.864
-2.857
-2.851
-2.845
-2.838
-2.832
-2.826
-2.819
-2.813
-2.806
-2.8
-2.794
-2.787
-2.781
-2.774
-2.768
-2.761
-2.755
-2.748
-2.742
-2.736
-2.729
-2.723
-2.716
-2.709
-2.703
-2.696
-2.69
-2.683
-2.677
-2.67
-2.664
-2.657
-2.65
-2.644
-2.637
-2.631
-2.624
-2.617
-2.611
-2.604
-2.597
-2.591
-2.584
-2.577
-2.571
-2.564
-2.557
-2.551
-2.544
-2.537
-2.53
-2.524
-2.517
-2.51
-2.503
-2.496
-2.49
-2.483
-2.476
-2.469
-2.462
-2.456
-2.449
-2.442
-2.435
-2.428
-2.421
-2.415
-2.408
-2.401
-2.394
-2.387
-2.38
-2.373
-2.366
-2.359
-2.352
-2.345
-2.338
-2.332
-2.325
-2.318
-2.311
-2.304
-2.297
-2.29
-2.283
-2.276
-2.269
-2.262
-2.255
-2.247
-2.24
-2.233
-2.226
-2.219
-2.212
-2.205
-2.198
-2.191
-2.184
-2.177
-2.17
-2.162
-2.155
-2.148
-2.141
-2.134
-2.127
-2.12
-2.112
-2.105
-2.098
-2.091
-2.084
-2.076
-2.069
-2.062
-2.055
-2.048
-2.04
-2.033
-2.026
-2.019
-2.011
-2.004
-1.997
-1.99
-1.982
-1.975
-1.968
-1.96
-1.953
-1.946
-1.939
-1.931
-1.924
-1.917
-1.909
-1.902
-1.895
-1.887
-1.88
-1.873
-1.865
-1.858
-1.85
-1.843
-1.836
-1.828
-1.821
-1.813
-1.806
-1.799
-1.791
-1.784
-1.776
-1.769
-1.761
-1.754
-1.747
-1.739
-1.732
-1.724
-1.717
-1.709
-1.702
-1.694
-1.687
-1.679
-1.672
-1.664
-1.657
-1.649
-1.642
-1.634
-1.627
-1.619
-1.612
-1.604
-1.597
-1.589
-1.581
-1.574
-1.566
-1.559
-1.551
-1.544
-1.536
-1.528
-1.521
-1.513
-1.506
-1.498
-1.49
-1.483
-1.475
-1.468
-1.46
-1.452
-1.445
-1.437
-1.429
-1.422
-1.414
-1.406
-1.399
-1.391
-1.383
-1.376
-1.368
-1.36
-1.353
-1.345
-1.337
-1.33
-1.322
-1.314
-1.307
-1.299
-1.291
-1.283
-1.276
-1.268
-1.26
-1.253
-1.245
-1.237
-1.229
-1.222
-1.214
-1.206
-1.198
-1.191
-1.183
-1.175
-1.167
-1.16
-1.152
-1.144
-1.136
-1.129
-1.121
-1.113
-1.105
-1.097
-1.09
-1.082
-1.074
-1.066
-1.058
-1.051
-1.043
-1.035
-1.027
-1.019
-1.012
-1.004
-0.996
-0.988
-0.98
-0.972
-0.965
-0.957
-0.949
-0.941
-0.933
-0.925
-0.917
-0.91
-0.902
-0.894
-0.886
-0.878
-0.87
-0.862
-0.855
-0.847
-0.839
-0.831
-0.823
-0.815
-0.807
-0.799
-0.792
-0.784
-0.776
-0.768
-0.76
-0.752
-0.744
-0.736
-0.728
-0.721
-0.713
-0.705
-0.697
-0.689
-0.681
-0.673
-0.665
-0.657
-0.649
-0.641
-0.634
-0.626
-0.618
-0.61
-0.602
-0.594
-0.586
-0.578
-0.57
-0.562
-0.554
-0.546
-0.538
-0.531
-0.523
-0.515
-0.507
-0.499
-0.491
-0.483
-0.475
-0.467
-0.459
-0.451
-0.443
-0.435
-0.427
-0.419
-0.411
-0.403
-0.396
-0.388
-0.38
-0.372
-0.364
-0.356
-0.348
-0.34
-0.332
-0.324
-0.316
-0.308
-0.3
-0.292
-0.284
-0.276
-0.268
-0.26
-0.252
-0.244
-0.236
-0.229
-0.221
-0.213
-0.205
-0.197
-0.189
-0.181
-0.173
-0.165
-0.157
-0.149
-0.141
-0.133
-0.125
-0.117
-0.109
-0.101
-0.093
-0.085
-0.077
-0.069
-0.061
-0.054
-0.046
-0.038
-0.03
-0.022
-0.014
-0.006
0.002
0.01
0.018
0.026
0.034
0.042
0.05
0.058
0.066
0.074
0.082
0.089
0.097
0.105
0.113
0.121
0.129
0.137
0.145
0.153
0.161
0.169
0.177
0.185
0.193
0.201
0.208
0.216
0.224
0.232
0.24
0.248
0.256
0.264
0.272
0.28
0.288
0.296
0.303
0.311
0.319
0.327
0.335
0.343
0.351
0.359
0.367
0.375
0.382
0.39
0.398
0.406
0.414
0.422
0.43
0.438
0.445
0.453
0.461
0.469
0.477
0.485
0.493
0.501
0.508
0.516
0.524
0.532
0.54
0.548
0.555
0.563
0.571
0.579
0.587
0.595
0.602
0.61
0.618
0.626
0.634
0.642
0.649
0.657
0.665
0.673
0.681
0.688
0.696
0.704
0.712
0.72
0.727
0.735
0.743
0.751
0.758
0.766
0.774
0.782
0.789
0.797
0.805
0.813
0.82
0.828
0.836
0.844
0.851
0.859
0.867
0.875
0.882
0.89
0.898
0.905
0.913
0.921
0.929
0.936
0.944
0.952
0.959
0.967
0.975
0.982
0.99
0.998
1.015
1.037
1.059
1.081
1.102
1.124
1.146
1.168
1.189
1.211
1.233
1.255
1.276
1.298
1.32
1.342
1.363
1.385
1.407
1.428
1.45
1.472
1.494
1.515
1.537
1.559
1.58
1.602
1.624
1.645
1.667
1.689
1.71
1.732
1.753
1.775
1.797
1.818
1.84
1.862
1.883
1.905
1.926
1.948
1.97
1.991
2.013
2.034
2.056
2.077
2.099
2.121
2.142
2.164
2.185
2.207
2.228
2.25
2.271
2.293
2.314
2.336
2.357
2.379
2.4
2.422
2.443
2.465
2.486
2.508
2.529
2.551
2.572
2.593
2.615
2.636
2.658
2.679
2.701
2.722
2.743
2.765
2.786
2.808
2.829
2.85
2.872
2.893
2.914
2.936
2.957
2.978
3.0
3.021
3.042
3.064
3.085
3.106
3.127
3.149
3.17
3.191
3.213
3.234
3.255
3.276
3.297
3.319
3.34
3.361
3.382
3.404
3.425
3.446
3.467
3.488
3.509
3.531
3.552
3.573
3.594
3.615
3.636
3.657
3.679
3.7
3.721
3.742
3.763
3.784
3.805
3.826
3.847
3.868
3.889
3.91
3.931
3.952
3.973
3.994
4.015
4.036
4.057
4.078
4.099
4.12
4.141
4.162
4.183
4.204
4.225
4.246
4.267
4.288
4.309
4.329
4.35
4.371
4.392
4.413
4.434
4.455
4.475
4.496
4.517
4.538
4.559
4.579
4.6
4.621
4.642
4.662
4.683
4.704
4.725
4.745
4.766
4.787
4.807
4.828
4.849
4.869
4.89
4.911
4.931
4.952
4.973
4.993
5.014
5.035
5.055
5.076
5.096
5.117
5.137
5.158
5.179
5.199
5.22
5.24
5.261
5.281
5.302
5.322
5.343
5.363
5.383
5.404
5.424
5.445
5.465
5.486
5.506
5.526
5.547
5.567
5.587
5.608
5.628
5.648
5.669
5.689
5.709
5.73
5.75
5.77
5.791
5.811
5.831
5.851
5.871
5.892
5.912
5.932
5.952
5.972
5.993
6.013
6.033
6.053
6.073
6.093
6.113
6.134
6.154
6.174
6.194
6.214
6.234
6.254
6.274
6.294
6.314
6.334
6.354
6.374
6.394
6.414
6.434
6.454
6.474
6.494
6.513
6.533
6.553
6.573
6.593
6.613
6.633
6.652
6.672
6.692
6.712
6.732
6.751
6.771
6.791
6.811
6.83
6.85
6.87
6.89
6.909
6.929
6.949
6.968
6.988
7.007
7.027
7.047
7.066
7.086
7.105
7.125
7.145
7.164
7.184
7.203
7.223
7.242
7.262
7.281
7.301
7.32
7.34
7.359
7.378
7.398
7.417
7.437
7.456
7.475
7.495
7.514
7.533
7.553
7.572
7.591
7.61
7.63
7.649
7.668
7.687
7.707
7.726
7.745
7.764
7.783
7.802
7.822
7.841
7.86
7.879
7.898
7.917
7.936
7.955
7.974
7.993
8.012
8.031
8.05
8.069
8.088
8.107
8.126
8.145
8.164
8.183
8.202
8.221
8.24
8.258
8.277
8.296
8.315
8.334
8.353
8.371
8.39
8.409
8.428
8.446
8.465
8.484
8.502
8.521
8.54
8.558
8.577
8.596
8.614
8.633
8.651
8.67
8.689
8.707
8.726
8.744
8.763
8.781
8.8
8.818
8.836
8.855
8.873
8.892
8.91
8.928
8.947
8.965
8.984
9.001
9.012
9.023
9.034
9.045
9.056
9.067
9.077
9.088
9.099
9.11
9.121
9.132
9.142
9.153
9.164
9.175
9.185
9.196
9.207
9.217
9.228
9.239
9.249
9.26
9.271
9.281
9.292
9.303
9.313
9.324
9.334
9.345
9.355
9.366
9.376
9.387
9.397
9.408
9.418
9.428
9.439
9.449
9.46
9.47
9.48
9.491
9.501
9.511
9.522
9.532
9.542
9.552
9.563
9.573
9.583
9.593
9.604
9.614
9.624
9.634
9.644
9.654
9.664
9.675
9.685
9.695
9.705
9.715
9.725
9.735
9.745
9.755
9.765
9.775
9.785
9.795
9.805
9.815
9.825
9.835
9.844
9.854
9.864
9.874
9.884
9.894
9.903
9.913
9.923
9.933
9.943
9.952
9.962
9.972
9.982
9.991
10.001
10.011
10.02
10.03
10.04
10.049
10.059
10.068
10.078
10.087
10.097
10.107
10.116
10.126
10.135
10.145
10.154
10.164
10.173
10.183
10.192
10.201
10.211
10.22
10.23
10.239
10.248
10.258
10.267
10.276
10.286
10.295
10.304
10.314
10.323
10.332
10.341
10.351
10.36
10.369
10.378
10.387
10.397
10.406
10.415
10.424
10.433
10.442
10.451
10.46
10.469
10.479
10.488
10.497
10.506
10.515
10.524
10.533
10.542
10.551
10.56
10.568
10.577
10.586
10.595
10.604
10.613
10.622
10.631
10.64
10.648
10.657
10.666
10.675
10.684
10.693
10.701
10.71
10.719
10.728
10.736
10.745
10.754
10.762
10.771
10.78
10.788
10.797
10.806
10.814
10.823
10.831
10.84
10.849
10.857
10.866
10.874
10.883
10.891
10.9
10.908
10.917
10.925
10.934
10.942
10.951
10.959
10.968
10.976
10.984
10.993
11.001
11.009
11.018
11.026
11.034
11.043
11.051
11.059
11.068
11.076
11.084
11.092
11.101
11.109
11.117
11.125
11.134
11.142
11.15
11.158
11.166
11.174
11.183
11.191
11.199
11.207
11.215
11.223
11.231
11.239
11.247
11.255
11.263
11.271
11.279
11.287
11.295
11.303
11.311
11.319
11.327
11.335
11.343
11.351
11.359
11.367
11.375
11.383
11.39
11.398
11.406
11.414
11.422
11.43
11.437
11.445
11.453
11.461
11.468
11.476
11.484
11.492
11.499
11.507
11.515
11.522
11.53
11.538
11.545
11.553
11.561
11.568
11.576
11.584
11.591
11.599
11.606
11.614
11.621
11.629
11.636
11.644
11.651
11.659
11.666
11.674
11.681
11.689
11.696
11.704
11.711
11.719
11.726
11.733
11.741
11.748
11.756
11.763
11.77
11.778
11.785
11.792
11.8
11.807
11.814
11.822
11.829
11.836
11.843
11.851
11.858
11.865
11.872
11.88
11.887
11.894
11.901
11.908
11.915
11.923
11.93
11.937
11.944
11.951
11.958
11.965
11.972
11.979
11.987
11.994
12.001
12.008
12.015
12.022
12.029
12.036
12.043
12.05
12.057
12.064
12.071
12.078
12.085
12.091
12.098
12.105
12.112
12.119
12.126
12.133
12.14
12.147
12.153
12.16
12.167
12.174
12.181
12.188
12.194
12.201
12.208
12.215
12.221
12.228
12.235
12.242
12.248
12.255
12.262
12.268
12.275
12.282
12.289
12.295
12.302
12.308
12.315
12.322
12.328
12.335
12.342
12.348
12.355
12.361
12.368
12.374
12.381
12.388
12.394
12.401
12.407
12.414
12.42
12.427
12.433
12.44
12.446
12.452
12.459
12.465
12.472
12.478
12.485
12.491
12.497
12.504
12.51
12.517
12.523
12.529
12.536
12.542
12.548
12.555
12.561
12.567
12.573
12.58
12.586
12.592
12.599
12.605
12.611
12.617
12.624
12.63
12.636
12.642
12.648
12.655
12.661
12.667
12.673
12.679
12.685
12.692
12.698
12.704
12.71
12.716
12.722
12.728
12.734
12.74
12.747
12.753
12.759
12.765
12.771
12.777
12.783
12.789
12.795
12.801
12.807
12.813
12.819
12.825
12.831
12.837
12.843
12.849
12.854
12.86
12.866
12.872
12.878
12.884
12.89
12.896
12.902
12.908
12.913
12.919
12.925
12.931
12.937
12.943
12.948
12.954
12.96
12.966
12.972
12.977
12.983
12.989
12.995
13.0
13.006
13.012
13.018
13.023
13.029
13.035
13.04
13.046
13.052
13.057
13.063
13.069
13.074
13.08
13.086
13.091
13.097
13.103
13.108
13.114
13.119
13.125
13.131
13.136
13.142
13.147
13.153
13.158
13.164
13.17
13.175
13.181
13.186
13.192
13.197
13.203
13.208
13.214
13.219
13.225
13.23
13.235
13.241
13.246
13.252
13.257
13.263
13.268
13.273
13.279
13.284
13.29
13.295
13.3
13.306
13.311
13.316
13.322
13.327
13.333
13.338
13.343
13.348
13.354
13.359
13.364
13.37
13.375
13.38
13.386
13.391
13.396
13.401
13.407
13.412
13.417
13.422
13.427
13.433
13.438
13.443
13.448
13.454
13.459
13.464
13.469
13.474
13.479
13.485
13.49
13.495
13.5
13.505
13.51
13.515
13.52
13.526
13.531
13.536
13.541
13.546
13.551
13.556
13.561
13.566
13.571
13.576
13.581
13.586
13.591
13.596
13.601
13.606
13.611
13.616
13.621
13.626
13.631
13.636
13.641
13.646
13.651
13.656
13.661
13.666
13.671
13.676
13.681
13.686
13.691
13.696
13.701
13.706
13.71
13.715
13.72
13.725
13.73
13.735
13.74
13.745
13.749
13.754
13.759
13.764
13.769
13.774
13.778
13.783
13.788
13.793
13.798
13.802
13.807
13.812
13.817
13.822
13.826
13.831
13.836
13.841
13.845
13.85
13.855
13.86
13.864
13.869
13.874
13.878
13.883
13.888
13.893
13.897
13.902
13.907
13.911
13.916
13.921
13.925
13.93
13.935
13.939
13.944
13.949
13.953
13.958
13.962
13.967
13.972
13.976
13.981
13.986
13.99
13.995
13.999
14.004
14.008
14.013
14.018
14.022
14.027
14.031
14.036
14.04
14.045
14.049
14.054
14.059
14.063
14.068
14.072
14.077
14.081
14.086
14.09
14.095
14.099
14.104
14.108
14.112
14.117
14.121
14.126
14.13
14.135
14.139
14.144
14.148
14.153
14.157
14.161
14.166
14.17
14.175
14.179
14.184
14.188
14.192
14.197
14.201
14.205
14.21
14.214
14.219
14.223
14.227
14.232
14.236
14.24
14.245
14.249
14.253
14.258
14.262
14.266
14.271
14.275
14.279
14.284
14.288
14.292
14.297
14.301
14.305
14.31
14.314
14.318
14.322
14.327
14.331
14.335
14.34
14.344
14.348
14.352
14.357
14.361
14.365
14.369
14.374
14.378
14.382
14.386
14.39
14.395
14.399
14.403
14.407
14.412
14.416
14.42
14.424
14.428
14.433
14.437
14.441
14.445
14.449
14.453
14.458
14.462
14.466
14.47
14.474
14.478
14.483
14.487
14.491
14.495
14.499
14.503
14.507
14.512
14.516
14.52
14.524
14.528
14.532
14.536
14.54
14.544
14.549
14.553
14.557
14.561
14.565
14.569
14.573
14.577
14.581
14.585
14.589
14.594
14.598
14.602
14.606
14.61
14.614
14.618
14.622
14.626
14.63
14.634
14.638
14.642
14.646
14.65
14.654
14.658
14.662
14.666
14.67
14.674
14.678
14.682
14.686
14.69
14.694
14.698
14.702
14.706
14.71
14.714
14.718
14.722
14.726
14.73
14.734
14.738
14.742
14.746
14.75
14.754
14.758
14.762
14.766
14.77
14.774
14.778
14.782
14.786
14.79
14.794
14.798
14.802
14.806
14.809
14.813
14.817
14.821
14.825
14.829
14.833
14.837
14.841
14.845
14.849
14.853
14.857
14.86
14.864
14.868
14.872
14.876
14.88
14.884
14.888
14.892
14.896
14.899
14.903
14.907
14.911
14.915
14.919
14.923
14.927
14.931
14.934
14.938
14.942
14.946
14.95
14.954
14.958
14.962
14.965
14.969
14.973
14.977
14.981
14.985
14.989
14.992
14.996
15.0
15.004
15.008
15.012
15.015
15.019
15.023
15.027
15.031
15.035
15.038
15.042
15.046
15.05
15.054
15.058
15.061
15.065
15.069
15.073
15.077
15.081
15.084
15.088
15.092
15.096
15.1
15.104
15.107
15.111
15.115
15.119
15.123
15.126
15.13
15.134
15.138
15.142
15.145
15.149
15.153
15.157
15.161
15.164
15.168
15.172
15.176
15.18
15.183
15.187
15.191
15.195
15.199
15.202
15.206
15.21
15.214
15.218
15.221
15.225
15.229
15.233
15.236
15.24
15.244
15.248
15.252
15.255
15.259
15.263
15.267
15.27
15.274
15.278
15.282
15.286
15.289
15.293
15.297
15.301
15.304
15.308
15.312
15.316
15.32
15.323
15.327
15.331
15.335
15.338
15.342
15.346
15.35
15.354
15.357
15.361
15.365
15.369
15.372
15.376
15.38
15.384
15.387
15.391
15.395
15.399
15.403
15.406
15.41
15.414
15.418
15.421
15.425
15.429
15.433
15.436
15.44
15.444
15.448
15.452
15.455
15.459
15.463
15.467
15.47
15.474
15.478
15.482
15.485
15.489
15.493
15.497
15.501
15.504
15.508
15.512
15.516
15.519
15.523
15.527
15.531
15.535
15.538
15.542
15.546
15.55
15.553
15.557
15.561
15.565
15.569
15.572
15.576
15.58
15.584
15.587
15.591
15.595
15.599
15.603
15.606
15.61
15.614
15.618
15.622
15.625
15.629
15.633
15.637
15.64
15.644
15.648
15.652
15.656
15.659
15.663
15.667
15.671
15.675
15.678
15.682
15.686
15.69
15.694
15.697
15.701
15.705
15.709
15.713
15.716
15.72
15.724
15.728
15.732
15.736
15.739
15.743
15.747
15.751
15.755
15.758
15.762
15.766
15.77
15.774
15.778
15.781
15.785
15.789
15.793
15.797
15.801
15.804
15.808
15.812
15.816
15.82
15.824
15.828
15.831
15.835
15.839
15.843
15.847
15.851
15.854
15.858
15.862
15.866
15.87
15.874
15.878
15.882
15.885
15.889
15.893
15.897
15.901
15.905
15.909
15.913
15.916
15.92
15.924
15.928
15.932
15.936
15.94
15.944
15.948
15.951
15.955
15.959
15.963
15.967
15.971
15.975
15.979
15.983
15.987
15.991
15.994
15.998
16.002
16.006
16.01
16.014
16.018
16.022
16.026
16.03
16.034
16.038
16.042
16.046
16.05
16.054
16.057
16.061
16.065
16.069
16.073
16.077
16.081
16.085
16.089
16.093
16.097
16.101
16.105
16.109
16.113
16.117
16.121
16.125
16.129
16.133
16.137
16.141
16.145
16.149
16.153
16.157
16.161
16.165
16.169
16.173
16.177
16.181
16.185
16.189
16.193
16.197
16.201
16.205
16.21
16.214
16.218
16.222
16.226
16.23
16.234
16.238
16.242
16.246
16.25
16.254
16.258
16.262
16.267
16.271
16.275
16.279
16.283
16.287
16.291
16.295
16.299
16.303
16.308
16.312
16.316
16.32
16.324
16.328
16.332
16.336
16.341
16.345
16.349
16.353
16.357
16.361
16.366
16.37
16.374
16.378
16.382
16.386
16.391
16.395
16.399
16.403
16.407
16.412
16.416
16.42
16.424
16.428
16.433
16.437
16.441
16.445
16.449
16.454
16.458
16.462
16.466
16.471
16.475
16.479
16.483
16.488
16.492
16.496
16.5
16.505
16.509
16.513
16.518
16.522
16.526
16.53
16.535
16.539
16.543
16.548
16.552
16.556
16.561
16.565
16.569
16.574
16.578
16.582
16.587
16.591
16.595
16.6
16.604
16.608
16.613
16.617
16.622
16.626
16.63
16.635
16.639
16.644
16.648
16.652
16.657
16.661
16.666
16.67
16.674
16.679
16.683
16.688
16.692
16.697
16.701
16.706
16.71
16.715
16.719
16.723
16.728
16.732
16.737
16.741
16.746
16.75
16.755
16.759
16.764
16.768
16.773
16.778
16.782
16.787
16.791
16.796
16.8
16.805
16.809
16.814
16.818
16.823
16.828
16.832
16.837
16.841
16.846
16.851
16.855
16.86
16.864
16.869
16.874
16.878
16.883
16.888
16.892
16.897
16.902
16.906
16.911
16.916
16.92
16.925
16.93
16.934
16.939
16.944
16.948
16.953
16.958
16.962
16.967
16.972
16.977
16.981
16.986
16.991
16.996
17.0
17.005
17.01
17.015
17.019
17.024
17.029
17.034
17.039
17.043
17.048
17.053
17.058
17.063
17.068
17.072
17.077
17.082
17.087
17.092
17.097
17.102
17.106
17.111
17.116
17.121
17.126
17.131
17.136
17.141
17.146
17.151
17.155
17.16
17.165
17.17
17.175
17.18
17.185
17.19
17.195
17.2
17.205
17.21
17.215
17.22
17.225
17.23
17.235
17.24
17.245
17.25
17.255
17.26
17.265
17.27
17.275
17.281
17.286
17.291
17.296
17.301
17.306
17.311
17.316
17.321
17.326
17.332
17.337
17.342
17.347
17.352
17.357
17.363
17.368
17.373
17.378
17.383
17.388
17.394
17.399
17.404
17.409
17.415
17.42
17.425
17.43
17.436
17.441
17.446
17.451
17.457
17.462
17.467
17.472
17.478
17.483
17.488
17.494
17.499
17.504
17.51
17.515
17.52
17.526
17.531
17.537
17.542
17.547
17.553
17.558
17.564
17.569
17.574
17.58
17.585
17.591
17.596
17.602
17.607
17.613
17.618
17.623
17.629
17.634
17.64
17.645
17.651
17.657
17.662
17.668
17.673
17.679
17.684
17.69
17.695
17.701
17.707
17.712
17.718
17.723
17.729
17.735
17.74
17.746
17.751
17.757
17.763
17.768
17.774
17.78
17.785
17.791
17.797
17.803
17.808
17.814
17.82
17.825
17.831
17.837
17.843
17.848
17.854
17.86
17.866
17.872
17.877
17.883
17.889
17.895
17.901
17.907
17.912
17.918
17.924
17.93
17.936
17.942
17.948
17.953
17.959
17.965
17.971
17.977
17.983
17.989
17.995
18.001
18.007
18.013
18.019
18.025
18.031
18.037
18.043
18.049
18.055
18.061
18.067
18.073
18.079
18.085
18.091
18.097
18.103
18.109
18.116
18.122
18.128
18.134
18.14
18.146
18.152
18.159
18.165
18.171
18.177
18.183
18.189
18.196
18.202
18.208
18.214
18.221
18.227
18.233
18.239
18.246
18.252
18.258
18.264
18.271
18.277
18.283
18.29
18.296
18.302
18.309
18.315
18.322
18.328
18.334
18.341
18.347
18.354
18.36
18.366
18.373
18.379
18.386
18.392
18.399
18.405
18.412
18.418
18.425
18.431
18.438
18.444
18.451
18.457
18.464
18.47
18.477
18.484
18.49
18.497
18.503
18.51
18.517
18.523
18.53
18.537
18.543
18.55
18.557
18.563
18.57
18.577
18.583
18.59
18.597
18.604
18.61
18.617
18.624
18.631
18.637
18.644
18.651
18.658
18.665
18.671
18.678
18.685
18.692
18.699
18.706
18.713
18.72
18.726
18.733
18.74
18.747
18.754
18.761
18.768
18.775
18.782
18.789
18.796
18.803
18.81
18.817
18.824
18.831
18.838
18.845
18.852
18.859
18.866
18.874
18.881
18.888
18.895
18.902
18.909
18.916
18.923
18.931
18.938
18.945
18.952
18.959
18.967
18.974
18.981
18.988
18.996
19.002
19.006
19.011
19.015
19.02
19.024
19.029
19.033
19.038
19.042
19.047
19.051
19.056
19.06
19.065
19.069
19.074
19.079
19.083
19.088
19.092
19.097
19.102
19.106
19.111
19.116
19.12
19.125
19.13
19.134
19.139
19.144
19.148
19.153
19.158
19.162
19.167
19.172
19.176
19.181
19.186
19.191
19.195
19.2
19.205
19.21
19.214
19.219
19.224
19.229
19.233
19.238
19.243
19.248
19.252
19.257
19.262
19.267
19.272
19.276
19.281
19.286
19.291
19.296
19.3
19.305
19.31
19.315
19.32
19.324
19.329
19.334
19.339
19.344
19.348
19.353
19.358
19.363
19.368
19.372
19.377
19.382
19.387
19.392
19.396
19.401
19.406
19.411
19.416
19.42
19.425
19.43
19.435
19.44
19.444
19.449
19.454
19.459
19.464
19.468
19.473
19.478
19.483
19.487
19.492
19.497
19.502
19.506
19.511
19.516
19.521
19.525
19.53
19.535
19.54
19.544
19.549
19.554
19.558
19.563
19.568
19.573
19.577
19.582
19.587
19.591
19.596
19.6
19.605
19.61
19.614
19.619
19.624
19.628
19.633
19.637
19.642
19.647
19.651
19.656
19.66
19.665
19.669
19.674
19.678
19.683
19.687
19.692
19.696
19.701
19.705
19.71
19.714
19.719
19.723
19.728
19.732
19.736
19.741
19.745
19.75
19.754
19.758
19.763
19.767
19.771
19.776
19.78
19.784
19.788
19.793
19.797
19.801
19.805
19.81
19.814
19.818
19.822
19.826
19.831
19.835
19.839
19.843
19.847
19.851
19.855
19.859
19.863
19.867
19.871
19.875
19.879
19.883
19.887
19.891
19.895
19.899
19.903
19.907
19.911
19.914
19.918
19.922
19.926
19.93
19.933
19.937
19.941
19.945
19.948
19.952
19.956
19.959
19.963
19.967
19.97
19.974
19.977
19.981
19.985
19.988
19.992
19.995
19.998
20.002
20.005
20.009
20.012
20.015
20.019
20.022
20.025
20.029
20.032
20.035
20.039
20.042
20.045
20.048
20.051
20.054
20.057
20.061
20.064
20.067
20.07
20.073
20.076
20.079
20.082
20.085
20.087
20.09
20.093
20.096
20.099
20.102
20.104
20.107
20.11
20.112
20.115
20.118
20.12
20.123
20.126
20.128
20.131
20.133
20.136
20.138
20.141
20.143
20.145
20.148
20.15
20.152
20.155
20.157
20.159
20.161
20.163
20.166
20.168
20.17
20.172
20.174
20.176
20.178
20.18
20.182
20.184
20.186
20.188
20.189
20.191
20.193
20.195
20.196
20.198
20.2
20.201
20.203
20.205
20.206
20.208
20.209
20.211
20.212
20.214
20.215
20.216
20.218
20.219
20.22
20.221
20.223
20.224
20.225
20.226
20.227
20.228
20.229
20.23
20.231
20.232
20.233
20.234
20.235
20.235
20.236
20.237
20.238
20.238
20.239
20.24
20.24
20.241
20.241
20.242
20.242
20.243
20.243
20.243
20.244
20.244
20.244
20.244
20.244
20.245
20.245
20.245
20.245
20.245
20.245
20.245
20.245
20.244
20.244
20.244
20.244
20.244
20.243
20.243
20.242
20.242
20.242
20.241
20.241
20.24
20.239
20.239
20.238
20.237
20.237
20.236
20.235
20.234
20.233
20.232
20.231
20.23
20.229
20.228
20.227
20.226
20.225
20.223
20.222
20.221
20.219
20.218
20.216
20.215
20.213
20.212
20.21
20.209
20.207
20.205
20.203
20.202
20.2
20.198
20.196
20.194
20.192
20.19
20.188
20.186
20.183
20.181
20.179
20.177
20.174
20.172
20.169
20.167
20.164
20.162
20.159
20.156
20.154
20.151
20.148
20.145
20.143
20.14
20.137
20.134
20.131
20.127
20.124
20.121
20.118
20.115
20.111
20.108
20.105
20.101
20.098
20.094
20.09
20.087
20.083
20.079
20.076
20.072
20.068
20.064
20.06
20.056
20.052
20.048
20.044
20.039
20.035
20.031
20.027
20.022
20.018
20.013
20.009
20.004
19.999
19.995
19.99
19.985
19.98
19.976
19.971
19.966
19.961
19.956
19.95
19.945
19.94
19.935
19.929
19.924
19.919
19.913
19.908
19.902
19.896
19.891
19.885
19.879
19.873
19.867
19.861
19.855
19.849
19.843
19.837
19.831
19.825
19.818
19.812
19.805
19.799
19.792
19.786
19.779
19.773
19.766
19.759
19.752
19.745
19.738
19.731
19.724
19.717
19.71
19.703
19.695
19.688
19.681
19.673
19.666
19.658
19.651
19.643
19.635
19.627
19.619
19.612
19.604
19.596
19.587
19.579
19.571
19.563
19.555
19.546
19.538
19.529
19.521
19.512
19.504
19.495
19.486
19.477
19.468
19.459
19.45
19.441
19.432
19.423
19.414
19.405
19.395
19.386
19.376
19.367
19.357
19.348
19.338
19.328
19.318
19.308
19.298
19.288
19.278
19.268
19.258
19.248
19.237
19.227
19.216
19.206
19.195
19.185
19.174
19.163
19.152
19.141
19.131
19.12
19.108
19.097
19.086
19.075
19.063
19.052
19.041
19.029
19.018
19.006
18.986
18.959
18.932
18.905
18.878
18.851
18.823
18.796
18.768
18.741
18.713
18.685
18.658
18.63
18.602
18.574
18.546
18.518
18.49
18.462
18.433
18.405
18.377
18.348
18.32
18.291
18.263
18.234
18.205
18.177
18.148
18.119
18.09
18.061
18.032
18.003
17.974
17.944
17.915
17.886
17.856
17.827
17.798
17.768
17.738
17.709
17.679
17.649
17.62
17.59
17.56
17.53
17.5
17.47
17.44
17.41
17.379
17.349
17.319
17.289
17.258
17.228
17.197
17.167
17.136
17.105
17.075
17.044
17.013
16.982
16.952
16.921
16.89
16.859
16.828
16.797
16.765
16.734
16.703
16.672
16.641
16.609
16.578
16.546
16.515
16.483
16.452
16.42
16.389
16.357
16.325
16.293
16.262
16.23
16.198
16.166
16.134
16.102
16.07
16.038
16.006
15.974
15.941
15.909
15.877
15.845
15.812
15.78
15.747
15.715
15.682
15.65
15.617
15.585
15.552
15.52
15.487
15.454
15.421
15.389
15.356
15.323
15.29
15.257
15.224
15.191
15.158
15.125
15.092
15.059
15.026
14.993
14.959
14.926
14.893
14.86
14.826
14.793
14.76
14.726
14.693
14.659
14.626
14.592
14.559
14.525
14.492
14.458
14.425
14.391
14.357
14.324
14.29
14.256
14.222
14.189
14.155
14.121
14.087
14.053
14.019
13.985
13.951
13.917
13.883
13.849
13.815
13.781
13.747
13.713
13.679
13.645
13.611
13.577
13.542
13.508
13.474
13.44
13.405
13.371
13.337
13.303
13.268
13.234
13.2
13.165
13.131
13.096
13.062
13.028
12.993
12.959
12.924
12.89
12.855
12.821
12.786
12.752
12.717
12.683
12.648
12.613
12.579
12.544
12.51
12.475
12.44
12.406
12.371
12.336
12.302
12.267
12.232
12.198
12.163
12.128
12.094
12.059
12.024
11.989
11.955
11.92
11.885
11.851
11.816
11.781
11.746
11.711
11.677
11.642
11.607
11.572
11.538
11.503
11.468
11.433
11.398
11.364
11.329
11.294
11.259
11.224
11.19
11.155
11.12
11.085
11.05
11.016
10.981
10.946
10.911
10.877
10.842
10.807
10.772
10.737
10.703
10.668
10.633
10.598
10.564
10.529
10.494
10.459
10.425
10.39
10.355
10.321
10.286
10.251
10.216
10.182
10.147
10.112
10.078
10.043
10.008
9.974
9.939
9.905
9.87
9.835
9.801
9.766
9.732
9.697
9.663
9.628
9.594
9.559
9.525
9.49
9.456
9.421
9.387
9.352
9.318
9.284
9.249
9.215
9.181
9.146
9.112
9.078
9.043
9.009
8.975
8.941
8.906
8.872
8.838
8.804
8.77
8.736
8.702
8.667
8.633
8.599
8.565
8.531
8.497
8.463
8.429
8.396
8.362
8.328
8.294
8.26
8.226
8.193
8.159
8.125
8.091
8.058
8.024
7.99
7.957
7.923
7.89
7.856
7.823
7.789
7.756
7.722
7.689
7.655
7.622
7.589
7.556
7.522
7.489
7.456
7.423
7.39
7.356
7.323
7.29
7.257
7.224
7.191
7.158
7.126
7.093
7.06
7.027
6.994
6.962
6.929
6.896
6.864
6.831
6.798
6.766
6.733
6.701
6.668
6.636
6.604
6.571
6.539
6.507
6.475
6.443
6.41
6.378
6.346
6.314
6.282
6.25
6.218
6.187
6.155
6.123
6.091
6.06
6.028
5.996
5.965
5.933
5.902
5.87
5.839
5.807
5.776
5.745
5.714
5.682
5.651
5.62
5.589
5.558
5.527
5.496
5.465
5.435
5.404
5.373
5.342
5.312
5.281
5.251
5.22
5.19
5.159
5.129
5.099
5.068
5.038
5.008
4.978
4.948
4.918
4.888
4.858
4.828
4.798
4.768
4.739
4.709
4.68
4.65
4.62
4.591
4.562
4.532
4.503
4.474
4.445
4.416
4.387
4.358
4.329
4.3
4.271
4.242
4.213
4.185
4.156
4.128
4.099
4.071
4.042
4.014
3.986
3.958
3.929
3.901
3.873
3.845
3.817
3.79
3.762
3.734
3.706
3.679
3.651
3.624
3.596
3.569
3.542
3.515
3.488
3.46
3.433
3.406
3.38
3.353
3.326
3.299
3.273
3.246
3.22
3.193
3.167
3.141
3.114
3.088
3.062
3.036
3.01
2.984
2.958
2.933
2.907
2.881
2.856
2.83
2.805
2.78
2.754
2.729
2.704
2.679
2.654
2.629
2.604
2.58
2.555
2.53
2.506
2.481
2.457
2.433
2.409
2.384
2.36
2.336
2.312
2.289
2.265
2.241
2.217
2.194
2.17
2.147
2.124
2.101
2.077
2.054
2.031
2.008
1.986
1.963
1.94
1.918
1.895
1.873
1.85
1.828
1.806
1.784
1.762
1.74
1.718
1.696
1.674
1.653
1.631
1.61
1.589
1.567
1.546
1.525
1.504
1.483
1.462
1.442
1.421
1.4
1.38
1.359
1.339
1.319
1.299
1.279
1.259
1.239
1.219
1.199
1.18
1.16
1.141
1.122
1.102
1.083
1.064
1.045
1.026
1.007
1.011
1.029
1.048
1.066
1.085
1.104
1.122
1.141
1.16
1.179
1.199
1.218
1.237
1.257
1.276
1.296
1.316
1.336
1.356
1.376
1.396
1.416
1.436
1.457
1.477
1.498
1.519
1.54
1.561
1.582
1.603
1.624
1.645
1.667
1.688
1.71
1.732
1.754
1.776
1.798
1.82
1.842
1.865
1.887
1.91
1.932
1.955
1.978
2.001
2.024
2.047
2.071
2.094
2.118
2.141
2.165
2.189
2.213
2.237
2.261
2.285
2.31
2.334
2.359
2.384
2.409
2.433
2.459
2.484
2.509
2.534
2.56
2.586
2.611
2.637
2.663
2.689
2.715
2.742
2.768
2.795
2.821
2.848
2.875
2.902
2.929
2.956
2.983
3.011
3.038
3.066
3.094
3.122
3.15
3.178
3.206
3.235
3.263
3.292
3.32
3.349
3.378
3.407
3.437
3.466
3.495
3.525
3.555
3.585
3.614
3.645
3.675
3.705
3.735
3.766
3.797
3.827
3.858
3.889
3.921
3.952
3.983
4.015
4.047
4.078
4.11
4.142
4.175
4.207
4.239
4.272
4.305
4.337
4.37
4.403
4.437
4.47
4.503
4.537
4.571
4.605
4.639
4.673
4.707
4.741
4.776
4.81
4.845
4.88
4.915
4.95
4.986
5.021
5.057
5.092
5.128
5.164
5.2
5.236
5.273
5.309
5.346
5.383
5.42
5.457
5.494
5.531
5.569
5.606
5.644
5.682
5.72
5.758
5.796
5.835
5.873
5.912
5.951
5.99
6.029
6.068
6.108
6.147
6.187
6.227
6.267
6.307
6.347
6.388
6.428
6.469
6.51
6.551
6.592
6.633
6.674
6.716
6.758
6.799
6.841
6.884
6.926
6.968
7.011
7.054
7.097
7.14
7.183
7.226
7.269
7.313
7.357
7.401
7.445
7.489
7.533
7.578
7.623
7.667
7.712
7.757
7.803
7.848
7.894
7.939
7.985
8.031
8.078
8.124
8.17
8.217
8.264
8.311
8.358
8.405
8.453
8.5
8.548
8.596
8.644
8.692
8.74
8.789
8.838
8.886
8.935
8.985
9.034
9.083
9.133
9.183
9.233
9.283
9.333
9.383
9.434
9.485
9.536
9.587
9.638
9.689
9.741
9.793
9.844
9.897
9.949
10.001
10.054
10.106
10.159
10.212
10.265
10.319
10.372
10.426
10.48
10.534
10.588
10.642
10.697
10.752
10.806
10.861
10.917
10.972
11.028
11.083
11.139
11.195
11.251
11.308
11.364
11.421
11.478
11.535
11.592
11.65
11.707
11.765
11.823
11.881
11.939
11.998
12.056
12.115
12.174
12.233
12.292
12.352
12.412
12.471
12.531
12.592
12.652
12.712
12.773
12.834
12.895
12.956
13.018
13.079
13.141
13.203
13.265
13.328
13.39
13.453
13.516
13.579
13.642
13.705
13.769
13.833
13.897
13.961
14.025
14.089
14.154
14.219
14.284
14.349
14.415
14.48
14.546
14.612
14.678
14.744
14.811
14.878
14.944
15.012
15.079
15.146
15.214
15.282
15.35
15.418
15.486
15.555
15.624
15.693
15.762
15.831
15.901
15.97
16.04
16.11
16.18
16.251
16.322
16.392
16.463
16.535
16.606
16.678
16.75
16.822
16.894
16.966
17.039
17.111
17.184
17.258
17.331
17.405
17.478
17.552
17.626
17.701
17.775
17.85
17.925
18.0
