19.0
18.943
18.886
18.83
18.775
18.72
18.665
18.611
18.557
18.504
18.451
18.399
18.348
18.296
18.246
18.195
18.145
18.096
18.047
17.999
17.951
17.903
17.856
17.81
17.763
17.718
17.672
17.628
17.583
17.539
17.496
17.453
17.41
17.368
17.326
17.285
17.244
17.204
17.164
17.124
17.085
17.046
17.008
16.97
16.932
16.895
16.858
16.822
16.786
16.751
16.715
16.681
16.646
16.612
16.579
16.546
16.513
16.481
16.449
16.417
16.386
16.355
16.324
16.294
16.264
16.235
16.206
16.177
16.149
16.121
16.094
16.066
16.04
16.013
15.987
15.961
15.936
15.911
15.886
15.861
15.837
15.813
15.79
15.767
15.744
15.722
15.7
15.678
15.656
15.635
15.614
15.594
15.574
15.554
15.534
15.515
15.496
15.477
15.459
15.441
15.423
15.405
15.388
15.371
15.355
15.338
15.322
15.306
15.291
15.276
15.261
15.246
15.232
15.218
15.204
15.19
15.177
15.164
15.151
15.139
15.126
15.114
15.103
15.091
15.08
15.069
15.058
15.047
15.037
15.027
15.017
15.008
14.998
14.989
14.98
14.971
14.963
14.955
14.947
14.939
14.931
14.924
14.917
14.91
14.903
14.896
14.89
14.884
14.878
14.872
14.867
14.861
14.856
14.851
14.846
14.842
14.837
14.833
14.829
14.825
14.821
14.818
14.814
14.811
14.808
14.805
14.802
14.8
14.797
14.795
14.793
14.791
14.789
14.788
14.786
14.785
14.784
14.783
14.782
14.781
14.78
14.78
14.779
14.779
14.779
14.779
14.779
14.779
14.779
14.78
14.78
14.781
14.782
14.782
14.783
14.784
14.786
14.787
14.788
14.79
14.791
14.793
14.795
14.796
14.798
14.8
14.802
14.805
14.807
14.809
14.811
14.814
14.816
14.819
14.822
14.824
14.827
14.83
14.833
14.836
14.838
14.841
14.845
14.848
14.851
14.854
14.857
14.86
14.864
14.867
14.87
14.874
14.877
14.881
14.884
14.888
14.891
14.895
14.898
14.902
14.905
14.909
14.912
14.916
14.92
14.923
14.927
14.93
14.934
14.937
14.941
14.945
14.948
14.952
14.955
14.959
14.962
14.965
14.969
14.972
14.976
14.979
14.982
14.985
14.989
14.992
14.995
14.998
15.005
15.021
15.037
15.053
15.068
15.084
15.1
15.116
15.131
15.147
15.162
15.178
15.193
15.209
15.224
15.239
15.254
15.269
15.284
15.299
15.313
15.328
15.343
15.357
15.371
15.386
15.4
15.414
15.428
15.442
15.455
15.469
15.482
15.496
15.509
15.522
15.535
15.548
15.561
15.574
15.586
15.599
15.611
15.623
15.635
15.647
15.659
15.67
15.682
15.693
15.704
15.715
15.726
15.737
15.747
15.757
15.768
15.778
15.788
15.797
15.807
15.816
15.825
15.834
15.843
15.852
15.86
15.869
15.877
15.885
15.892
15.9
15.907
15.914
15.921
15.928
15.935
15.941
15.947
15.953
15.959
15.964
15.969
15.974
15.979
15.984
15.988
15.992
15.996
15.999
15.982
15.965
15.947
15.93
15.912
15.893
15.875
15.856
15.838
15.819
15.799
15.78
15.76
15.74
15.72
15.7
15.679
15.658
15.637
15.616
15.595
15.573
15.552
15.53
15.508
15.485
15.463
15.44
15.417
15.394
15.371
15.347
15.324
15.3
15.276
15.252
15.227
15.203
15.178
15.153
15.128
15.103
15.077
15.052
15.026
15.0
14.974
14.948
14.922
14.895
14.868
14.842
14.815
14.787
14.76
14.733
14.705
14.677
14.65
14.622
14.593
14.565
14.537
14.508
14.479
14.451
14.422
14.393
14.363
14.334
14.304
14.275
14.245
14.215
14.185
14.155
14.125
14.095
14.064
14.034
14.003
13.972
13.942
13.911
13.879
13.848
13.817
13.786
13.754
13.723
13.691
13.659
13.627
13.595
13.563
13.531
13.499
13.467
13.434
13.402
13.369
13.337
13.304
13.271
13.238
13.205
13.172
13.139
13.106
13.073
13.04
13.006
12.973
12.94
12.906
12.872
12.839
12.805
12.771
12.738
12.704
12.67
12.636
12.602
12.568
12.534
12.5
12.466
12.431
12.397
12.363
12.329
12.294
12.26
12.226
12.191
12.157
12.122
12.088
12.053
12.019
11.984
11.95
11.915
11.88
11.846
11.811
11.776
11.742
11.707
11.672
11.638
11.603
11.568
11.534
11.499
11.465
11.43
11.395
11.361
11.326
11.291
11.257
11.222
11.188
11.153
11.118
11.084
11.049
11.015
10.981
10.946
10.912
10.877
10.843
10.809
10.774
10.74
10.706
10.672
10.638
10.604
10.57
10.536
10.502
10.468
10.434
10.4
10.366
10.333
10.299
10.265
10.232
10.198
10.165
10.132
10.098
10.065
10.032
9.999
9.966
9.933
9.9
9.867
9.835
9.802
9.769
9.737
9.705
9.672
9.64
9.608
9.576
9.544
9.512
9.48
9.448
9.417
9.385
9.354
9.323
9.291
9.26
9.229
9.198
9.168
9.137
9.106
9.076
9.046
9.015
8.985
8.955
8.925
8.896
8.866
8.837
8.807
8.778
8.749
8.72
8.691
8.662
8.634
8.605
8.577
8.549
8.521
8.493
8.465
8.437
8.41
8.383
8.356
8.328
8.302
8.275
8.248
8.222
8.196
8.17
8.144
8.118
8.092
8.067
8.042
8.017
8.0
8.002
8.003
8.005
8.007
8.009
8.011
8.014
8.016
8.019
8.022
8.025
8.028
8.032
8.035
8.039
8.043
8.047
8.051
8.056
8.06
8.065
8.07
8.075
8.08
8.085
8.091
8.097
8.103
8.109
8.115
8.121
8.127
8.134
8.141
8.148
8.155
8.162
8.169
8.177
8.185
8.192
8.2
8.208
8.217
8.225
8.234
8.242
8.251
8.26
8.27
8.279
8.288
8.298
8.308
8.318
8.328
8.338
8.348
8.358
8.369
8.38
8.391
8.402
8.413
8.424
8.436
8.447
8.459
8.471
8.483
8.495
8.507
8.519
8.532
8.545
8.557
8.57
8.583
8.596
8.61
8.623
8.637
8.65
8.664
8.678
8.692
8.706
8.721
8.735
8.75
8.765
8.779
8.794
8.809
8.825
8.84
8.855
8.871
8.887
8.902
8.918
8.934
8.951
8.967
8.983
9.0
9.016
9.033
9.05
9.067
9.084
9.101
9.119
9.136
9.154
9.171
9.189
9.207
9.225
9.243
9.261
9.279
9.298
9.316
9.335
9.354
9.373
9.392
9.411
9.43
9.449
9.469
9.488
9.508
9.527
9.547
9.567
9.587
9.607
9.627
9.648
9.668
9.688
9.709
9.73
9.75
9.771
9.792
9.813
9.835
9.856
9.877
9.899
9.92
9.942
9.963
9.985
10.007
10.029
10.051
10.073
10.096
10.118
10.14
10.163
10.186
10.208
10.231
10.254
10.277
10.3
10.323
10.346
10.369
10.393
10.416
10.44
10.463
10.487
10.511
10.535
10.559
10.583
10.607
10.631
10.655
10.679
10.704
10.728
10.753
10.777
10.802
10.827
10.851
10.876
10.901
10.926
10.951
10.976
11.002
11.027
11.052
11.078
11.103
11.129
11.155
11.18
11.206
11.232
11.258
11.284
11.31
11.336
11.362
11.388
11.414
11.441
11.467
11.493
11.52
11.547
11.573
11.6
11.627
11.653
11.68
11.707
11.734
11.761
11.788
11.815
11.842
11.869
11.897
11.924
11.951
11.979
12.006
12.034
12.061
12.089
12.117
12.144
12.172
12.2
12.228
12.256
12.284
12.311
12.339
12.368
12.396
12.424
12.452
12.48
12.508
12.537
12.565
12.593
12.622
12.65
12.679
12.707
12.736
12.764
12.793
12.822
12.85
12.879
12.908
12.937
12.966
12.994
13.023
13.052
13.081
13.11
13.139
13.168
13.197
13.226
13.255
13.285
13.314
13.343
13.372
13.401
13.431
13.46
13.489
13.519
13.548
13.577
13.607
13.636
13.666
13.695
13.724
13.754
13.783
13.813
13.843
13.872
13.902
13.931
13.961
13.99
14.02
14.05
14.079
14.109
14.139
14.168
14.198
14.228
14.257
14.287
14.317
14.347
14.376
14.406
14.436
14.466
14.495
14.525
14.555
14.585
14.615
14.644
14.674
14.704
14.734
14.763
14.793
14.823
14.853
14.883
14.912
14.942
14.972
15.002
15.031
15.061
15.091
15.121
15.15
15.18
15.21
15.24
15.269
15.299
15.329
15.358
15.388
15.418
15.447
15.477
15.507
15.536
15.566
15.595
15.625
15.655
15.684
15.714
15.743
15.773
15.802
15.832
15.861
15.89
15.92
15.949
15.979
16.008
16.037
16.066
16.096
16.125
16.154
16.183
16.213
16.242
16.271
16.3
16.329
16.358
16.387
16.416
16.445
16.474
16.503
16.532
16.56
16.589
16.618
16.647
16.675
16.704
16.733
16.761
16.79
16.818
16.847
16.875
16.904
16.932
16.96
16.989
17.017
17.045
17.073
17.102
17.13
17.158
17.186
17.214
17.242
17.269
17.297
17.325
17.353
17.381
17.408
17.436
17.463
17.491
17.518
17.546
17.573
17.6
17.628
17.655
17.682
17.709
17.736
17.763
17.79
17.817
17.844
17.871
17.897
17.924
17.951
17.977
18.002
18.016
18.029
18.043
18.056
18.07
18.083
18.097
18.11
18.123
18.136
18.15
18.163
18.176
18.189
18.201
18.214
18.227
18.24
18.252
18.265
18.278
18.29
18.303
18.315
18.327
18.34
18.352
18.364
18.376
18.388
18.4
18.412
18.424
18.436
18.447
18.459
18.471
18.482
18.494
18.505
18.517
18.528
18.54
18.551
18.562
18.573
18.584
18.595
18.606
18.617
18.628
18.639
18.65
18.661
18.671
18.682
18.692
18.703
18.713
18.724
18.734
18.744
18.755
18.765
18.775
18.785
18.795
18.805
18.815
18.825
18.834
18.844
18.854
18.864
18.873
18.883
18.892
18.902
18.911
18.92
18.93
18.939
18.948
18.957
18.966
18.975
18.984
18.993
19.002
19.011
19.02
19.028
19.037
19.045
19.054
19.063
19.071
19.079
19.088
19.096
19.104
19.112
19.121
19.129
19.137
19.145
19.153
19.161
19.168
19.176
19.184
19.192
19.199
19.207
19.214
19.222
19.229
19.237
19.244
19.251
19.259
19.266
19.273
19.28
19.287
19.294
19.301
19.308
19.315
19.321
19.328
19.335
19.342
19.348
19.355
19.361
19.368
19.374
19.38
19.387
19.393
19.399
19.405
19.412
19.418
19.424
19.43
19.436
19.441
19.447
19.453
19.459
19.464
19.47
19.476
19.481
19.487
19.492
19.498
19.503
19.508
19.514
19.519
19.524
19.529
19.534
19.539
19.544
19.549
19.554
19.559
19.564
19.569
19.573
19.578
19.583
19.587
19.592
19.596
19.601
19.605
19.609
19.614
19.618
19.622
19.626
19.631
19.635
19.639
19.643
19.647
19.651
19.654
19.658
19.662
19.666
19.669
19.673
19.677
19.68
19.684
19.687
19.691
19.694
19.697
19.701
19.704
19.707
19.71
19.714
19.717
19.72
19.723
19.726
19.729
19.731
19.734
19.737
19.74
19.742
19.745
19.748
19.75
19.753
19.755
19.758
19.76
19.763
19.765
19.767
19.769
19.772
19.774
19.776
19.778
19.78
19.782
19.784
19.786
19.788
19.79
19.791
19.793
19.795
19.797
19.798
19.8
19.801
19.803
19.804
19.806
19.807
19.808
19.81
19.811
19.812
19.813
19.815
19.816
19.817
19.818
19.819
19.82
19.821
19.822
19.822
19.823
19.824
19.825
19.825
19.826
19.827
19.827
19.828
19.828
19.829
19.829
19.83
19.83
19.83
19.83
19.831
19.831
19.831
19.831
19.831
19.831
19.831
19.831
19.831
19.831
19.831
19.831
19.831
19.83
19.83
19.83
19.829
19.829
19.829
19.828
19.828
19.827
19.826
19.826
19.825
19.824
19.824
19.823
19.822
19.821
19.821
19.82
19.819
19.818
19.817
19.816
19.815
19.813
19.812
19.811
19.81
19.809
19.807
19.806
19.805
19.803
19.802
19.8
19.799
19.797
19.796
19.794
19.793
19.791
19.789
19.788
19.786
19.784
19.782
19.78
19.778
19.777
19.775
19.773
19.771
19.769
19.766
19.764
19.762
19.76
19.758
19.756
19.753
19.751
19.749
19.746
19.744
19.741
19.739
19.736
19.734
19.731
19.729
19.726
19.723
19.721
19.718
19.715
19.712
19.71
19.707
19.704
19.701
19.698
19.695
19.692
19.689
19.686
19.683
19.68
19.676
19.673
19.67
19.667
19.664
19.66
19.657
19.653
19.65
19.647
19.643
19.64
19.636
19.633
19.629
19.625
19.622
19.618
19.614
19.611
19.607
19.603
19.599
19.596
19.592
19.588
19.584
19.58
19.576
19.572
19.568
19.564
19.56
19.556
19.552
19.547
19.543
19.539
19.535
19.53
19.526
19.522
19.517
19.513
19.509
19.504
19.5
19.495
19.491
19.486
19.482
19.477
19.472
19.468
19.463
19.458
19.454
19.449
19.444
19.439
19.434
19.429
19.425
19.42
19.415
19.41
19.405
19.4
19.395
19.39
19.385
19.379
19.374
19.369
19.364
19.359
19.353
19.348
19.343
19.338
19.332
19.327
19.321
19.316
19.311
19.305
19.3
19.294
19.289
19.283
19.278
19.272
19.266
19.261
19.255
19.249
19.244
19.238
19.232
19.226
19.22
19.215
19.209
19.203
19.197
19.191
19.185
19.179
19.173
19.167
19.161
19.155
19.149
19.143
19.137
19.131
19.124
19.118
19.112
19.106
19.1
19.093
19.087
19.081
19.074
19.068
19.062
19.055
19.049
19.042
19.036
19.029
19.023
19.016
19.01
19.003
18.997
18.99
18.983
18.977
18.97
18.963
18.957
18.95
18.943
18.936
18.93
18.923
18.916
18.909
18.902
18.895
18.889
18.882
18.875
18.868
18.861
18.854
18.847
18.84
18.833
18.826
18.819
18.811
18.804
18.797
18.79
18.783
18.776
18.768
18.761
18.754
18.747
18.739
18.732
18.725
18.717
18.71
18.703
18.695
18.688
18.68
18.673
18.666
18.658
18.651
18.643
18.636
18.628
18.621
18.613
18.605
18.598
18.59
18.583
18.575
18.567
18.56
18.552
18.544
18.536
18.529
18.521
18.513
18.505
18.498
18.49
18.482
18.474
18.466
18.458
18.45
18.443
18.435
18.427
18.419
18.411
18.403
18.395
18.387
18.379
18.371
18.363
18.355
18.347
18.338
18.33
18.322
18.314
18.306
18.298
18.29
18.281
18.273
18.265
18.257
18.249
18.24
18.232
18.224
18.215
18.207
18.199
18.191
18.182
18.174
18.166
18.157
18.149
18.14
18.132
18.124
18.115
18.107
18.098
18.09
18.081
18.073
18.064
18.056
18.047
18.039
18.03
18.022
18.013
18.004
17.996
17.987
17.979
17.97
17.961
17.953
17.944
17.936
17.927
17.918
17.909
17.901
17.892
17.883
17.875
17.866
17.857
17.848
17.84
17.831
17.822
17.813
17.804
17.796
17.787
17.778
17.769
17.76
17.751
17.743
17.734
17.725
17.716
17.707
17.698
17.689
17.68
17.671
17.662
17.654
17.645
17.636
17.627
17.618
17.609
17.6
17.591
17.582
17.573
17.564
17.555
17.546
17.537
17.528
17.519
17.509
17.5
17.491
17.482
17.473
17.464
17.455
17.446
17.437
17.428
17.419
17.409
17.4
17.391
17.382
17.373
17.364
17.355
17.345
17.336
17.327
17.318
17.309
17.299
17.29
17.281
17.272
17.263
17.253
17.244
17.235
17.226
17.217
17.207
17.198
17.189
17.18
17.17
17.161
17.152
17.143
17.133
17.124
17.115
17.106
17.096
17.087
17.078
17.068
17.059
17.05
17.041
17.031
17.022
17.013
17.003
16.994
16.985
16.975
16.966
16.957
16.947
16.938
16.929
16.92
16.91
16.901
16.892
16.882
16.873
16.864
16.854
16.845
16.836
16.826
16.817
16.808
16.798
16.789
16.779
16.77
16.761
16.751
16.742
16.733
16.723
16.714
16.705
16.695
16.686
16.677
16.667
16.658
16.649
16.639
16.63
16.621
16.611
16.602
16.593
16.583
16.574
16.565
16.555
16.546
16.537
16.527
16.518
16.509
16.499
16.49
16.481
16.471
16.462
16.453
16.443
16.434
16.425
16.415
16.406
16.397
16.387
16.378
16.369
16.359
16.35
16.341
16.332
16.322
16.313
16.304
16.294
16.285
16.276
16.267
16.257
16.248
16.239
16.23
16.22
16.211
16.202
16.193
16.183
16.174
16.165
16.156
16.146
16.137
16.128
16.119
16.11
16.1
16.091
16.082
16.073
16.064
16.054
16.045
16.036
16.027
16.018
16.009
16.0
15.99
15.981
15.972
15.963
15.954
15.945
15.936
15.927
15.918
15.908
15.899
15.89
15.881
15.872
15.863
15.854
15.845
15.836
15.827
15.818
15.809
15.8
15.791
15.782
15.773
15.764
15.755
15.746
15.737
15.728
15.719
15.71
15.701
15.693
15.684
15.675
15.666
15.657
15.648
15.639
15.63
15.622
15.613
15.604
15.595
15.586
15.577
15.569
15.56
15.551
15.542
15.534
15.525
15.516
15.507
15.499
15.49
15.481
15.473
15.464
15.455
15.446
15.438
15.429
15.421
15.412
15.403
15.395
15.386
15.378
15.369
15.36
15.352
15.343
15.335
15.326
15.318
15.309
15.301
15.292
15.284
15.276
15.267
15.259
15.25
15.242
15.233
15.225
15.217
15.208
15.2
15.192
15.183
15.175
15.167
15.159
15.15
15.142
15.134
15.126
15.117
15.109
15.101
15.093
15.085
15.077
15.068
15.06
15.052
15.044
15.036
15.028
15.02
15.012
15.004
14.994
14.982
14.97
14.958
14.945
14.933
14.921
14.909
14.898
14.886
14.874
14.862
14.85
14.838
14.826
14.814
14.802
14.791
14.779
14.767
14.755
14.743
14.732
14.72
14.708
14.697
14.685
14.673
14.662
14.65
14.639
14.627
14.616
14.604
14.592
14.581
14.57
14.558
14.547
14.535
14.524
14.513
14.501
14.49
14.479
14.467
14.456
14.445
14.434
14.423
14.411
14.4
14.389
14.378
14.367
14.356
14.345
14.334
14.323
14.312
14.301
14.29
14.28
14.269
14.258
14.247
14.237
14.226
14.215
14.204
14.194
14.183
14.173
14.162
14.152
14.141
14.131
14.12
14.11
14.099
14.089
14.079
14.068
14.058
14.048
14.038
14.027
14.017
14.007
13.998
13.989
13.981
13.972
13.964
13.956
13.947
13.939
13.931
13.923
13.914
13.906
13.898
13.89
13.882
13.874
13.866
13.858
13.85
13.842
13.834
13.826
13.819
13.811
13.803
13.795
13.787
13.78
13.772
13.764
13.757
13.749
13.742
13.734
13.727
13.719
13.712
13.704
13.697
13.689
13.682
13.675
13.667
13.66
13.653
13.646
13.638
13.631
13.624
13.617
13.61
13.603
13.596
13.589
13.582
13.575
13.568
13.561
13.554
13.547
13.54
13.533
13.526
13.52
13.513
13.506
13.499
13.493
13.486
13.479
13.472
13.466
13.459
13.453
13.446
13.439
13.433
13.426
13.42
13.413
13.407
13.401
13.394
13.388
13.381
13.375
13.369
13.362
13.356
13.35
13.343
13.337
13.331
13.325
13.319
13.312
13.306
13.3
13.294
13.288
13.282
13.276
13.27
13.264
13.258
13.252
13.246
13.24
13.234
13.228
13.222
13.216
13.21
13.204
13.198
13.192
13.186
13.181
13.175
13.169
13.163
13.157
13.152
13.146
13.14
13.134
13.129
13.123
13.117
13.112
13.106
13.1
13.095
13.089
13.084
13.078
13.072
13.067
13.061
13.056
13.05
13.045
13.039
13.034
13.028
13.023
13.017
13.012
13.006
13.001
12.996
12.99
12.985
12.979
12.974
12.969
12.963
12.958
12.952
12.947
12.942
12.936
12.931
12.926
12.92
12.915
12.91
12.905
12.899
12.894
12.889
12.884
12.878
12.873
12.868
12.863
12.857
12.852
12.847
12.842
12.837
12.831
12.826
12.821
12.816
12.811
12.805
12.8
12.795
12.79
12.785
12.78
12.775
12.769
12.764
12.759
12.754
12.749
12.744
12.739
12.734
12.728
12.723
12.718
12.713
12.708
12.703
12.698
12.693
12.688
12.682
12.677
12.672
12.667
12.662
12.657
12.652
12.647
12.642
12.637
12.632
12.626
12.621
12.616
12.611
12.606
12.601
12.596
12.591
12.586
12.581
12.576
12.57
12.565
12.56
12.555
12.55
12.545
12.54
12.535
12.53
12.524
12.519
12.514
12.509
12.504
12.499
12.494
12.488
12.483
12.478
12.473
12.468
12.463
12.457
12.452
12.447
12.442
12.437
12.431
12.426
12.421
12.416
12.411
12.405
12.4
12.395
12.39
12.384
12.379
12.374
12.369
12.363
12.358
12.353
12.347
12.342
12.337
12.331
12.326
12.321
12.315
12.31
12.305
12.299
12.294
12.288
12.283
12.278
12.272
12.267
12.261
12.256
12.25
12.245
12.239
12.234
12.228
12.223
12.217
12.212
12.206
12.2
12.195
12.189
12.184
12.178
12.172
12.167
12.161
12.155
12.15
12.144
12.138
12.133
12.127
12.121
12.115
12.11
12.104
12.098
12.092
12.086
12.08
12.075
12.069
12.063
12.057
12.051
12.045
12.039
12.033
12.027
12.021
12.015
12.009
12.003
11.997
11.991
11.985
11.979
11.972
11.966
11.96
11.954
11.948
11.941
11.935
11.929
11.923
11.916
11.91
11.904
11.897
11.891
11.885
11.878
11.872
11.865
11.859
11.852
11.846
11.839
11.833
11.826
11.82
11.813
11.806
11.8
11.793
11.786
11.78
11.773
11.766
11.759
11.752
11.746
11.739
11.732
11.725
11.718
11.711
11.704
11.697
11.69
11.683
11.676
11.669
11.662
11.655
11.648
11.64
11.633
11.626
11.619
11.612
11.604
11.597
11.59
11.582
11.575
11.567
11.56
11.552
11.545
11.537
11.53
11.522
11.515
11.507
11.499
11.492
11.484
11.476
11.468
11.461
11.453
11.445
11.437
11.429
11.421
11.413
11.405
11.397
11.389
11.381
11.373
11.365
11.357
11.348
11.34
11.332
11.324
11.315
11.307
11.299
11.29
11.282
11.273
11.265
11.256
11.248
11.239
11.23
11.222
11.213
11.204
11.196
11.187
11.178
11.169
11.16
11.151
11.142
11.133
11.124
11.115
11.106
11.097
11.088
11.079
11.069
11.06
11.051
11.042
11.032
11.023
11.013
11.004
10.994
10.985
10.975
10.966
10.956
10.946
10.937
10.927
10.917
10.907
10.897
10.888
10.878
10.868
10.858
10.848
10.837
10.827
10.817
10.807
10.797
10.787
10.776
10.766
10.755
10.745
10.735
10.724
10.714
10.703
10.692
10.682
10.671
10.66
10.649
10.639
10.628
10.617
10.606
10.595
10.584
10.573
10.562
10.551
10.539
10.528
10.517
10.506
10.494
10.483
10.471
10.46
10.448
10.437
10.425
10.413
10.402
10.39
10.378
10.366
10.355
10.343
10.331
10.319
10.307
10.294
10.282
10.27
10.258
10.246
10.233
10.221
10.209
10.196
10.184
10.171
10.158
10.146
10.133
10.12
10.108
10.095
10.082
10.069
10.056
10.043
10.03
10.017
10.004
9.991
9.977
9.964
9.951
9.937
9.924
9.91
9.897
9.883
9.87
9.856
9.842
9.828
9.814
9.801
9.787
9.773
9.759
9.745
9.73
9.716
9.702
9.688
9.673
9.659
9.645
9.63
9.615
9.601
9.586
9.572
9.557
9.542
9.527
9.512
9.497
9.482
9.467
9.452
9.437
9.422
9.406
9.391
9.376
9.36
9.345
9.329
9.313
9.298
9.282
9.266
9.25
9.235
9.219
9.203
9.187
9.171
9.154
9.138
9.122
9.106
9.089
9.073
9.056
9.04
9.023
9.006
8.989
8.971
8.953
8.936
8.918
8.9
8.882
8.864
8.845
8.827
8.809
8.791
8.772
8.754
8.735
8.717
8.698
8.68
8.661
8.642
8.623
8.604
8.586
8.567
8.548
8.529
8.509
8.49
8.471
8.452
8.433
8.413
8.394
8.374
8.355
8.335
8.316
8.296
8.276
8.257
8.237
8.217
8.197
8.177
8.157
8.137
8.117
8.097
8.077
8.057
8.037
8.017
7.996
7.976
7.956
7.935
7.915
7.894
7.874
7.853
7.832
7.812
7.791
7.77
7.749
7.729
7.708
7.687
7.666
7.645
7.624
7.603
7.582
7.561
7.54
7.518
7.497
7.476
7.455
7.433
7.412
7.39
7.369
7.347
7.326
7.304
7.283
7.261
7.24
7.218
7.196
7.174
7.153
7.131
7.109
7.087
7.065
7.043
7.021
7.0
6.977
6.955
6.933
6.911
6.889
6.867
6.845
6.823
6.8
6.778
6.756
6.734
6.711
6.689
6.667
6.644
6.622
6.599
6.577
6.554
6.532
6.509
6.487
6.464
6.441
6.419
6.396
6.374
6.351
6.328
6.305
6.283
6.26
6.237
6.214
6.191
6.169
6.146
6.123
6.1
6.077
6.054
6.031
6.008
5.985
5.962
5.939
5.916
5.893
5.87
5.847
5.824
5.801
5.778
5.754
5.731
5.708
5.685
5.662
5.638
5.615
5.592
5.569
5.546
5.522
5.499
5.476
5.453
5.429
5.406
5.383
5.359
5.336
5.313
5.289
5.266
5.243
5.219
5.196
5.172
5.149
5.126
5.102
5.079
5.055
5.032
5.009
4.985
4.962
4.938
4.915
4.892
4.868
4.845
4.821
4.798
4.774
4.751
4.727
4.704
4.681
4.657
4.634
4.61
4.587
4.563
4.54
4.516
4.493
4.47
4.446
4.423
4.399
4.376
4.353
4.329
4.306
4.282
4.259
4.236
4.212
4.189
4.165
4.142
4.119
4.095
4.072
4.049
4.025
4.002
3.979
3.955
3.932
3.909
3.885
3.862
3.839
3.816
3.792
3.769
3.746
3.723
3.7
3.676
3.653
3.63
3.607
3.584
3.561
3.538
3.515
3.491
3.468
3.445
3.422
3.399
3.376
3.353
3.33
3.307
3.284
3.262
3.239
3.216
3.193
3.17
3.147
3.124
3.102
3.079
3.056
3.033
3.011
2.988
2.965
2.943
2.92
2.897
2.875
2.852
2.83
2.807
2.785
2.762
2.74
2.718
2.695
2.673
2.65
2.628
2.606
2.584
2.561
2.539
2.517
2.495
2.473
2.451
2.428
2.406
2.384
2.362
2.34
2.319
2.297
2.275
2.253
2.231
2.209
2.188
2.166
2.144
2.122
2.101
2.079
2.058
2.036
2.015
1.993
1.972
1.95
1.929
1.908
1.886
1.865
1.844
1.823
1.802
1.781
1.759
1.738
1.717
1.696
1.676
1.655
1.634
1.613
1.592
1.572
1.551
1.53
1.51
1.489
1.469
1.448
1.428
1.407
1.387
1.366
1.346
1.326
1.306
1.286
1.266
1.245
1.225
1.205
1.186
1.166
1.146
1.126
1.106
1.087
1.067
1.047
1.028
1.008
0.989
0.969
0.95
0.931
0.911
0.892
0.873
0.854
0.835
0.816
0.797
0.778
0.759
0.74
0.721
0.703
0.684
0.665
0.647
0.628
0.61
0.592
0.573
0.555
0.537
0.519
0.5
0.482
0.464
0.446
0.428
0.411
0.393
0.375
0.357
0.34
0.322
0.305
0.287
0.27
0.253
0.235
0.218
0.201
0.184
0.167
0.15
0.133
0.116
0.099
0.083
0.066
0.049
0.033
0.016
-0.0
-0.016
-0.033
-0.049
-0.065
-0.081
-0.097
-0.113
-0.129
-0.145
-0.161
-0.176
-0.192
-0.208
-0.223
-0.238
-0.254
-0.269
-0.284
-0.299
-0.315
-0.33
-0.344
-0.359
-0.374
-0.389
-0.404
-0.418
-0.433
-0.447
-0.461
-0.476
-0.49
-0.504
-0.518
-0.532
-0.546
-0.56
-0.574
-0.588
-0.601
-0.615
-0.628
-0.642
-0.655
-0.668
-0.681
-0.695
-0.708
-0.721
-0.733
-0.746
-0.759
-0.772
-0.784
-0.797
-0.809
-0.821
-0.834
-0.846
-0.858
-0.87
-0.882
-0.894
-0.905
-0.917
-0.929
-0.94
-0.952
-0.963
-0.974
-0.985
-0.997
-1.008
-1.018
-1.029
-1.04
-1.051
-1.061
-1.072
-1.082
-1.093
-1.103
-1.113
-1.123
-1.133
-1.143
-1.153
-1.162
-1.172
-1.182
-1.191
-1.2
-1.21
-1.219
-1.228
-1.237
-1.246
-1.255
-1.263
-1.272
-1.281
-1.289
-1.297
-1.306
-1.314
-1.322
-1.33
-1.338
-1.346
-1.353
-1.361
-1.368
-1.376
-1.383
-1.39
-1.397
-1.404
-1.411
-1.418
-1.425
-1.432
-1.438
-1.445
-1.451
-1.457
-1.463
-1.469
-1.475
-1.481
-1.487
-1.492
-1.498
-1.503
-1.509
-1.514
-1.519
-1.524
-1.529
-1.534
-1.539
-1.543
-1.548
-1.552
-1.556
-1.561
-1.565
-1.569
-1.573
-1.576
-1.58
-1.584
-1.587
-1.59
-1.594
-1.597
-1.6
-1.603
-1.606
-1.608
-1.611
-1.613
-1.616
-1.618
-1.62
-1.622
-1.624
-1.626
-1.628
-1.629
-1.631
-1.632
-1.633
-1.635
-1.636
-1.637
-1.637
-1.638
-1.639
-1.639
-1.639
-1.64
-1.64
-1.64
-1.64
-1.639
-1.639
-1.639
-1.638
-1.637
-1.637
-1.636
-1.635
-1.633
-1.632
-1.631
-1.629
-1.628
-1.626
-1.624
-1.622
-1.62
-1.618
-1.615
-1.613
-1.61
-1.607
-1.604
-1.602
-1.598
-1.595
-1.592
-1.588
-1.585
-1.581
-1.577
-1.573
-1.569
-1.565
-1.561
-1.556
-1.551
-1.547
-1.542
-1.537
-1.532
-1.527
-1.521
-1.516
-1.51
-1.504
-1.498
-1.492
-1.486
-1.48
-1.474
-1.467
-1.46
-1.454
-1.447
-1.44
-1.432
-1.425
-1.418
-1.41
-1.402
-1.394
-1.386
-1.378
-1.37
-1.362
-1.353
-1.344
-1.336
-1.327
-1.318
-1.308
-1.299
-1.29
-1.28
-1.27
-1.26
-1.25
-1.24
-1.23
-1.219
-1.209
-1.198
-1.187
-1.176
-1.165
-1.154
-1.142
-1.131
-1.119
-1.107
-1.095
-1.083
-1.071
-1.058
-1.046
-1.033
-1.02
-1.007
-0.994
-0.981
-0.967
-0.954
-0.94
-0.926
-0.912
-0.898
-0.884
-0.869
-0.854
-0.84
-0.825
-0.81
-0.795
-0.779
-0.764
-0.748
-0.732
-0.716
-0.7
-0.684
-0.668
-0.651
-0.634
-0.617
-0.6
-0.583
-0.566
-0.548
-0.531
-0.513
-0.495
-0.477
-0.459
-0.44
-0.422
-0.403
-0.384
-0.365
-0.346
-0.327
-0.307
-0.288
-0.268
-0.248
-0.228
-0.208
-0.187
-0.167
-0.146
-0.125
-0.104
-0.083
-0.061
-0.04
-0.018
0.004
0.026
0.048
0.07
0.093
0.116
0.138
0.161
0.185
0.208
0.231
0.255
0.279
0.303
0.327
0.351
0.376
0.4
0.425
0.45
0.475
0.501
0.526
0.552
0.578
0.604
0.63
0.656
0.683
0.709
0.736
0.763
0.79
0.817
0.845
0.873
0.901
0.929
0.957
0.985
1.04
1.124
1.208
1.293
1.377
1.462
1.547
1.632
1.718
1.803
1.889
1.975
2.061
2.147
2.233
2.32
2.407
2.494
2.581
2.668
2.755
2.843
2.931
3.019
3.107
3.195
3.284
3.373
3.461
3.551
3.64
3.729
3.819
3.909
3.999
4.089
4.179
4.27
4.36
4.451
4.542
4.633
4.725
4.816
4.908
5.0
5.092
5.185
5.277
5.37
5.463
5.556
5.649
5.743
5.837
5.93
6.024
6.119
6.213
6.308
6.403
6.498
6.593
6.688
6.784
6.879
6.975
7.072
7.168
7.264
7.361
7.458
7.555
7.652
7.75
7.848
7.945
8.043
8.142
8.24
8.339
8.438
8.537
8.636
8.735
8.835
8.935
9.035
9.135
9.236
9.336
9.437
9.538
9.639
9.741
9.842
9.944
10.046
10.148
10.251
10.353
10.456
10.559
10.662
10.766
10.869
10.973
11.077
11.182
11.286
11.391
11.495
11.601
11.706
11.811
11.917
12.023
12.129
12.235
12.342
12.448
12.555
12.662
12.77
12.877
12.985
13.093
13.201
13.309
13.418
13.527
13.636
13.745
13.854
13.964
14.074
14.184
14.294
14.404
14.515
14.626
14.737
14.848
14.96
15.072
15.184
15.296
15.408
15.521
15.634
15.747
15.86
15.973
16.087
16.201
16.315
16.429
16.544
16.659
16.774
16.889
17.004
17.12
17.236
17.352
17.468
17.585
17.701
17.818
17.935
18.053
18.17
18.288
18.406
18.525
18.643
18.762
18.881
19.0
