0.0
-0.007
-0.013
-0.019
-0.024
-0.029
-0.033
-0.037
-0.04
-0.043
-0.045
-0.047
-0.048
-0.049
-0.049
-0.049
-0.049
-0.048
-0.047
-0.045
-0.043
-0.04
-0.038
-0.034
-0.031
-0.027
-0.022
-0.018
-0.013
-0.008
-0.002
0.004
0.01
0.017
0.023
0.03
0.038
0.045
0.053
0.061
0.069
0.077
0.086
0.095
0.104
0.113
0.123
0.132
0.142
0.152
0.162
0.172
0.182
0.192
0.203
0.213
0.224
0.235
0.246
0.256
0.267
0.278
0.289
0.3
0.311
0.322
0.333
0.345
0.358
0.37
0.382
0.394
0.406
0.418
0.43
0.441
0.453
0.465
0.476
0.488
0.499
0.51
0.521
0.532
0.543
0.553
0.564
0.574
0.584
0.594
0.603
0.613
0.622
0.631
0.64
0.648
0.656
0.664
0.672
0.679
0.686
0.693
0.7
0.706
0.712
0.717
0.723
0.727
0.732
0.736
0.74
0.743
0.746
0.749
0.751
0.752
0.754
0.755
0.755
0.755
0.754
0.753
0.752
0.75
0.737
0.723
0.709
0.694
0.68
0.664
0.649
0.633
0.618
0.602
0.586
0.57
0.554
0.538
0.522
0.507
0.491
0.476
0.461
0.446
0.431
0.417
0.404
0.391
0.378
0.366
0.354
0.344
0.333
0.337
0.341
0.345
0.35
0.356
0.363
0.37
0.377
0.386
0.394
0.404
0.413
0.423
0.434
0.445
0.456
0.468
0.48
0.492
0.505
0.518
0.531
0.544
0.558
0.572
0.586
0.6
0.614
0.628
0.643
0.657
0.672
0.686
0.701
0.715
0.73
0.744
0.758
0.772
0.786
0.8
0.813
0.827
0.84
0.853
0.865
0.878
0.89
0.901
0.912
0.923
0.934
0.944
0.953
0.962
0.971
0.979
0.987
0.994
1.0
1.0
1.0
0.995
0.99
0.984
0.978
0.972
0.965
0.958
0.951
0.943
0.935
0.927
0.919
0.91
0.901
0.892
0.883
0.873
0.863
0.853
0.842
0.831
0.82
0.809
0.798
0.786
0.774
0.762
0.75
0.735
0.719
0.703
0.687
0.671
0.655
0.639
0.623
0.607
0.59
0.574
0.558
0.542
0.527
0.511
0.495
0.48
0.465
0.45
0.436
0.422
0.408
0.394
0.381
0.369
0.356
0.345
0.333
0.333
0.334
0.334
0.336
0.337
0.34
0.342
0.345
0.349
0.353
0.357
0.361
0.366
0.372
0.377
0.383
0.389
0.395
0.402
0.409
0.416
0.423
0.431
0.438
0.446
0.454
0.462
0.471
0.479
0.487
0.496
0.505
0.513
0.522
0.53
0.539
0.548
0.556
0.565
0.574
0.582
0.591
0.599
0.607
0.615
0.623
0.631
0.638
0.646
0.653
0.66
0.667
0.669
0.672
0.674
0.676
0.677
0.679
0.68
0.681
0.682
0.683
0.683
0.683
0.683
0.683
0.683
0.683
0.682
0.681
0.68
0.679
0.678
0.677
0.676
0.674
0.672
0.671
0.669
0.667
0.665
0.663
0.661
0.658
0.656
0.653
0.651
0.648
0.646
0.643
0.64
0.638
0.635
0.632
0.629
0.627
0.624
0.621
0.618
0.615
0.613
0.61
0.607
0.605
0.602
0.599
0.597
0.594
0.592
0.589
0.587
0.585
0.583
0.58
0.578
0.577
0.575
0.573
0.571
0.571
0.571
0.571
0.572
0.572
0.573
0.573
0.574
0.574
0.575
0.576
0.577
0.578
0.579
0.581
0.582
0.583
0.585
0.586
0.588
0.589
0.591
0.593
0.594
0.596
0.598
0.6
0.602
0.604
0.605
0.607
0.609
0.611
0.613
0.615
0.617
0.619
0.621
0.623
0.625
0.627
0.629
0.631
0.633
0.635
0.637
0.639
0.641
0.643
0.644
0.646
0.648
0.649
0.651
0.652
0.654
0.655
0.657
0.658
0.659
0.66
0.661
0.662
0.663
0.664
0.665
0.665
0.666
0.666
0.666
0.667
0.664
0.662
0.66
0.657
0.655
0.652
0.649
0.647
0.644
0.641
0.638
0.635
0.631
0.628
0.625
0.622
0.618
0.615
0.611
0.608
0.604
0.601
0.597
0.593
0.59
0.586
0.583
0.579
0.575
0.572
0.568
0.564
0.561
0.557
0.554
0.55
0.547
0.543
0.54
0.536
0.533
0.53
0.526
0.523
0.52
0.517
0.514
0.511
0.508
0.505
0.503
0.5
0.499
0.498
0.498
0.498
0.498
0.499
0.5
0.506
0.513
0.52
0.528
0.536
0.545
0.554
0.563
0.573
0.583
0.594
0.605
0.616
0.627
0.638
0.649
0.66
0.672
0.683
0.695
0.706
0.717
0.728
0.739
0.749
0.759
0.769
0.779
0.788
0.797
0.805
0.813
0.82
0.827
0.833
0.839
0.844
0.848
0.852
0.854
0.856
0.857
0.857
0.845
0.831
0.817
0.803
0.787
0.772
0.756
0.74
0.723
0.707
0.691
0.675
0.659
0.643
0.628
0.614
0.6
0.596
0.594
0.591
0.59
0.589
0.589
0.59
0.591
0.593
0.595
0.599
0.602
0.606
0.611
0.616
0.622
0.628
0.635
0.642
0.65
0.658
0.666
0.675
0.684
0.694
0.704
0.714
0.724
0.735
0.746
0.757
0.769
0.78
0.792
0.804
0.816
0.829
0.841
0.854
0.866
0.879
0.892
0.905
0.917
0.93
0.943
0.956
0.969
0.981
0.994
1.006
1.018
1.031
1.043
1.055
1.066
1.078
1.089
1.1
1.111
1.121
1.131
1.141
1.15
1.16
1.168
1.177
1.185
1.192
1.2
1.206
1.212
1.218
1.223
1.228
1.232
1.236
1.239
1.242
1.243
1.245
1.245
1.245
1.244
1.243
1.241
1.238
1.234
1.23
1.225
1.219
1.212
1.204
1.196
1.186
1.176
1.165
1.153
1.14
1.126
1.111
1.095
1.078
1.06
1.041
1.021
1.0
0.952
0.904
0.855
0.806
0.759
0.712
0.667
0.642
0.62
0.599
0.58
0.563
0.547
0.533
0.52
0.509
0.498
0.489
0.481
0.473
0.467
0.461
0.456
0.452
0.448
0.444
0.441
0.439
0.436
0.434
0.431
0.429
0.431
0.433
0.435
0.437
0.439
0.44
0.442
0.443
0.444
0.445
0.446
0.447
0.448
0.449
0.449
0.45
0.45
0.451
0.451
0.451
0.451
0.451
0.451
0.451
0.451
0.45
0.45
0.45
0.449
0.449
0.448
0.448
0.447
0.447
0.446
0.446
0.445
0.444
0.443
0.442
0.441
0.439
0.438
0.437
0.435
0.434
0.433
0.431
0.43
0.429
0.427
0.426
0.425
0.423
0.422
0.421
0.419
0.418
0.416
0.415
0.414
0.412
0.411
0.409
0.408
0.407
0.405
0.404
0.402
0.401
0.399
0.398
0.397
0.395
0.394
0.392
0.391
0.389
0.388
0.386
0.385
0.384
0.382
0.381
0.379
0.378
0.376
0.375
0.373
0.372
0.37
0.369
0.367
0.366
0.364
0.363
0.361
0.36
0.358
0.357
0.355
0.354
0.352
0.351
0.349
0.348
0.346
0.345
0.344
0.342
0.341
0.339
0.338
0.336
0.335
0.333
0.332
0.33
0.329
0.327
0.326
0.324
0.323
0.321
0.32
0.318
0.317
0.315
0.314
0.313
0.311
0.31
0.308
0.307
0.305
0.304
0.302
0.301
0.3
0.298
0.297
0.295
0.294
0.293
0.291
0.29
0.288
0.287
0.286
0.284
0.283
0.281
0.28
0.279
0.277
0.276
0.275
0.273
0.272
0.271
0.269
0.268
0.267
0.265
0.264
0.263
0.262
0.26
0.259
0.258
0.256
0.255
0.254
0.253
0.252
0.25
0.249
0.248
0.247
0.245
0.244
0.243
0.242
0.241
0.24
0.238
0.237
0.236
0.235
0.234
0.233
0.232
0.231
0.23
0.229
0.228
0.226
0.225
0.224
0.223
0.222
0.221
0.22
0.219
0.218
0.218
0.217
0.216
0.215
0.214
0.213
0.212
0.211
0.21
0.209
0.209
0.208
0.207
0.206
0.205
0.205
0.204
0.203
0.202
0.201
0.201
0.2
0.199
0.199
0.198
0.197
0.197
0.196
0.195
0.195
0.194
0.194
0.193
0.192
0.192
0.191
0.191
0.19
0.19
0.189
0.189
0.189
0.188
0.188
0.187
0.187
0.187
0.186
0.186
0.186
0.185
0.185
0.185
0.184
0.184
0.184
0.184
0.184
0.183
0.183
0.183
0.183
0.183
0.183
0.183
0.183
0.183
0.183
0.183
0.183
0.183
0.183
0.183
0.183
0.183
0.183
0.183
0.183
0.183
0.184
0.184
0.184
0.184
0.185
0.185
0.185
0.185
0.186
0.186
0.187
0.187
0.187
0.188
0.188
0.189
0.189
0.19
0.19
0.191
0.191
0.192
0.193
0.193
0.194
0.195
0.195
0.196
0.197
0.198
0.198
0.199
0.2
0.203
0.205
0.208
0.21
0.213
0.215
0.218
0.221
0.223
0.226
0.228
0.231
0.234
0.236
0.239
0.242
0.244
0.247
0.25
0.252
0.255
0.258
0.26
0.263
0.266
0.268
0.271
0.274
0.276
0.279
0.281
0.284
0.286
0.289
0.291
0.294
0.296
0.298
0.301
0.303
0.305
0.308
0.31
0.312
0.314
0.316
0.318
0.32
0.322
0.324
0.326
0.328
0.33
0.332
0.333
0.334
0.334
0.335
0.335
0.335
0.335
0.335
0.336
0.336
0.336
0.336
0.336
0.336
0.336
0.336
0.336
0.336
0.335
0.335
0.335
0.335
0.335
0.335
0.335
0.334
0.334
0.334
0.334
0.334
0.334
0.333
0.333
0.335
0.336
0.338
0.34
0.341
0.343
0.344
0.346
0.348
0.349
0.351
0.353
0.354
0.356
0.358
0.36
0.361
0.363
0.365
0.367
0.369
0.37
0.372
0.374
0.376
0.378
0.38
0.382
0.384
0.386
0.388
0.39
0.392
0.394
0.396
0.398
0.4
0.402
0.404
0.406
0.408
0.41
0.413
0.415
0.417
0.419
0.421
0.424
0.426
0.428
0.431
0.433
0.435
0.438
0.44
0.442
0.445
0.447
0.45
0.452
0.455
0.457
0.46
0.462
0.465
0.467
0.47
0.472
0.475
0.478
0.48
0.483
0.486
0.488
0.491
0.494
0.496
0.499
0.502
0.505
0.508
0.511
0.513
0.516
0.519
0.522
0.525
0.528
0.531
0.534
0.537
0.54
0.543
0.546
0.549
0.552
0.555
0.558
0.562
0.565
0.568
0.571
0.574
0.578
0.581
0.584
0.587
0.591
0.594
0.598
0.601
0.604
0.608
0.611
0.615
0.618
0.622
0.625
0.629
0.632
0.636
0.639
0.643
0.647
0.65
0.654
0.658
0.661
0.665
0.669
0.673
0.676
0.68
0.684
0.688
0.692
0.696
0.7
0.704
0.707
0.711
0.715
0.719
0.723
0.728
0.732
0.736
0.74
0.744
0.748
0.752
0.757
0.761
0.765
0.769
0.774
0.778
0.782
0.787
0.791
0.795
0.8
0.804
0.809
0.813
0.818
0.822
0.827
0.831
0.836
0.841
0.845
0.85
0.855
0.859
0.864
0.869
0.873
0.878
0.883
0.888
0.893
0.898
0.903
0.907
0.912
0.917
0.922
0.927
0.932
0.937
0.943
0.948
0.953
0.958
0.963
0.968
0.974
0.979
0.984
0.989
0.995
1.0
1.0
1.0
1.0
1.0
0.999
0.997
0.995
0.992
0.988
0.984
0.978
0.971
0.962
0.953
0.941
0.928
0.913
0.897
0.878
0.857
0.815
0.772
0.727
0.682
0.636
0.59
0.544
0.5
0.477
0.456
0.436
0.418
0.401
0.385
0.37
0.357
0.345
0.333
0.323
0.315
0.307
0.3
0.294
0.289
0.285
0.281
0.279
0.277
0.276
0.275
0.276
0.276
0.278
0.28
0.282
0.285
0.288
0.292
0.295
0.3
0.304
0.309
0.313
0.318
0.323
0.328
0.333
0.346
0.359
0.371
0.384
0.397
0.409
0.422
0.434
0.446
0.459
0.471
0.483
0.495
0.507
0.519
0.531
0.543
0.554
0.566
0.577
0.589
0.6
0.611
0.622
0.633
0.644
0.655
0.666
0.676
0.687
0.697
0.707
0.717
0.727
0.737
0.746
0.755
0.765
0.774
0.783
0.791
0.8
0.802
0.804
0.805
0.807
0.808
0.809
0.81
0.811
0.811
0.812
0.812
0.812
0.812
0.812
0.812
0.812
0.811
0.81
0.81
0.809
0.808
0.807
0.806
0.804
0.803
0.801
0.8
0.798
0.796
0.794
0.792
0.79
0.788
0.785
0.783
0.78
0.778
0.775
0.772
0.77
0.767
0.764
0.761
0.758
0.755
0.752
0.749
0.745
0.742
0.739
0.735
0.732
0.728
0.725
0.721
0.718
0.714
0.711
0.707
0.703
0.7
0.696
0.692
0.689
0.685
0.681
0.678
0.674
0.67
0.667
0.661
0.656
0.651
0.645
0.64
0.635
0.63
0.624
0.619
0.614
0.609
0.603
0.598
0.593
0.588
0.583
0.577
0.572
0.567
0.562
0.557
0.552
0.546
0.541
0.536
0.531
0.526
0.521
0.515
0.51
0.505
0.5
0.495
0.49
0.485
0.48
0.475
0.47
0.465
0.46
0.455
0.45
0.445
0.44
0.435
0.43
0.425
0.42
0.415
0.41
0.405
0.4
0.395
0.39
0.385
0.38
0.376
0.371
0.366
0.361
0.356
0.351
0.346
0.341
0.336
0.331
0.327
0.322
0.317
0.312
0.307
0.302
0.298
0.293
0.288
0.283
0.278
0.274
0.269
0.264
0.259
0.255
0.25
0.247
0.244
0.241
0.238
0.235
0.232
0.23
0.227
0.224
0.221
0.218
0.215
0.213
0.21
0.207
0.205
0.202
0.199
0.197
0.194
0.192
0.19
0.187
0.185
0.182
0.18
0.178
0.176
0.174
0.171
0.169
0.167
0.165
0.164
0.162
0.16
0.158
0.157
0.155
0.153
0.152
0.15
0.149
0.148
0.146
0.145
0.144
0.143
0.142
0.141
0.14
0.14
0.139
0.138
0.138
0.137
0.137
0.137
0.136
0.136
0.136
0.136
0.137
0.137
0.137
0.137
0.138
0.139
0.139
0.14
0.141
0.142
0.143
0.151
0.158
0.166
0.174
0.182
0.191
0.199
0.208
0.217
0.226
0.236
0.246
0.256
0.266
0.277
0.287
0.299
0.31
0.322
0.335
0.347
0.361
0.374
0.388
0.403
0.418
0.433
0.449
0.466
0.482
0.5
0.524
0.549
0.574
0.599
0.625
0.651
0.677
0.702
0.728
0.754
0.779
0.804
0.828
0.853
0.876
0.899
0.921
0.942
0.962
0.982
1.0
1.003
1.004
1.005
1.004
1.003
1.001
0.998
0.994
0.99
0.985
0.979
0.973
0.967
0.96
0.953
0.945
0.938
0.93
0.922
0.914
0.906
0.898
0.891
0.883
0.876
0.87
0.863
0.857
0.856
0.854
0.854
0.854
0.854
0.855
0.856
0.857
0.859
0.861
0.863
0.866
0.869
0.872
0.876
0.88
0.884
0.888
0.892
0.897
0.901
0.906
0.911
0.915
0.92
0.925
0.93
0.935
0.94
0.945
0.95
0.955
0.959
0.964
0.968
0.972
0.976
0.98
0.984
0.987
0.99
0.993
0.996
0.998
1.0
1.002
1.003
1.004
1.004
1.004
1.004
1.003
1.002
1.0
0.987
0.972
0.958
0.943
0.927
0.91
0.892
0.874
0.855
0.835
0.814
0.792
0.769
0.745
0.72
0.694
0.667
0.628
0.588
0.547
0.506
0.464
0.422
0.381
0.339
0.298
0.258
0.218
0.18
0.143
0.132
0.123
0.116
0.109
0.105
0.101
0.099
0.098
0.098
0.099
0.102
0.105
0.11
0.116
0.122
0.13
0.138
0.147
0.157
0.167
0.179
0.191
0.203
0.216
0.23
0.244
0.259
0.274
0.289
0.305
0.321
0.337
0.353
0.37
0.386
0.403
0.42
0.436
0.453
0.47
0.486
0.502
0.518
0.534
0.549
0.564
0.579
0.593
0.607
0.62
0.633
0.645
0.656
0.667
0.672
0.676
0.68
0.683
0.686
0.687
0.689
0.69
0.69
0.69
0.689
0.688
0.687
0.685
0.683
0.681
0.679
0.676
0.673
0.67
0.667
0.663
0.658
0.654
0.65
0.645
0.641
0.636
0.632
0.628
0.623
0.619
0.615
0.611
0.606
0.602
0.599
0.595
0.591
0.588
0.585
0.582
0.579
0.577
0.574
0.572
0.571
0.569
0.568
0.567
0.567
0.567
0.567
0.568
0.569
0.571
0.573
0.575
0.578
0.581
0.585
0.59
0.595
0.6
0.612
0.624
0.637
0.651
0.664
0.678
0.693
0.707
0.722
0.737
0.751
0.766
0.781
0.796
0.811
0.825
0.84
0.854
0.867
0.881
0.894
0.906
0.918
0.929
0.94
0.95
0.96
0.968
0.976
0.983
0.989
0.995
0.999
1.002
1.004
1.005
1.004
1.003
1.0
0.977
0.952
0.927
0.9
0.873
0.845
0.817
0.788
0.758
0.729
0.699
0.669
0.64
0.611
0.582
0.554
0.527
0.5
0.488
0.477
0.467
0.458
0.45
0.442
0.436
0.43
0.424
0.42
0.416
0.413
0.41
0.408
0.406
0.405
0.405
0.405
0.405
0.406
0.408
0.409
0.412
0.414
0.417
0.42
0.423
0.426
0.43
0.433
0.437
0.441
0.445
0.45
0.454
0.458
0.462
0.466
0.47
0.474
0.478
0.481
0.485
0.488
0.491
0.494
0.496
0.498
0.5
0.501
0.502
0.503
0.504
0.504
0.504
0.504
0.503
0.503
0.502
0.501
0.501
0.5
0.499
0.499
0.498
0.498
0.498
0.498
0.498
0.498
0.499
0.5
0.503
0.507
0.511
0.516
0.52
0.525
0.53
0.536
0.541
0.546
0.552
0.558
0.564
0.57
0.575
0.581
0.587
0.593
0.599
0.605
0.61
0.616
0.621
0.626
0.631
0.636
0.64
0.644
0.648
0.652
0.655
0.658
0.661
0.663
0.664
0.666
0.667
0.667
0.667
0.658
0.65
0.64
0.631
0.621
0.61
0.6
0.589
0.578
0.566
0.555
0.543
0.531
0.52
0.508
0.496
0.485
0.473
0.462
0.45
0.439
0.429
0.422
0.416
0.41
0.404
0.398
0.393
0.388
0.383
0.378
0.374
0.37
0.366
0.362
0.359
0.355
0.352
0.349
0.346
0.343
0.34
0.338
0.335
0.333
0.33
0.328
0.326
0.324
0.322
0.32
0.318
0.316
0.314
0.312
0.31
0.308
0.306
0.304
0.302
0.3
0.298
0.295
0.293
0.291
0.288
0.286
0.283
0.28
0.277
0.275
0.272
0.268
0.265
0.262
0.259
0.256
0.252
0.249
0.246
0.242
0.239
0.236
0.232
0.229
0.226
0.223
0.22
0.216
0.213
0.211
0.208
0.205
0.202
0.2
0.2
0.201
0.202
0.202
0.203
0.204
0.205
0.206
0.208
0.209
0.211
0.212
0.214
0.216
0.218
0.219
0.222
0.224
0.226
0.228
0.23
0.233
0.235
0.238
0.24
0.243
0.246
0.249
0.251
0.254
0.257
0.26
0.263
0.266
0.269
0.272
0.275
0.279
0.282
0.285
0.288
0.291
0.295
0.298
0.301
0.304
0.308
0.311
0.314
0.317
0.321
0.324
0.327
0.33
0.333
0.335
0.337
0.339
0.34
0.342
0.344
0.346
0.347
0.349
0.35
0.352
0.354
0.355
0.357
0.358
0.36
0.361
0.362
0.364
0.365
0.367
0.368
0.369
0.371
0.372
0.373
0.374
0.375
0.377
0.378
0.379
0.38
0.381
0.382
0.383
0.384
0.385
0.386
0.387
0.388
0.389
0.39
0.391
0.392
0.392
0.393
0.394
0.395
0.396
0.396
0.397
0.398
0.398
0.399
0.399
0.4
0.401
0.401
0.402
0.402
0.403
0.403
0.403
0.404
0.404
0.405
0.405
0.405
0.405
0.406
0.406
0.406
0.406
0.407
0.407
0.407
0.407
0.407
0.407
0.407
0.407
0.407
0.407
0.407
0.407
0.407
0.407
0.407
0.406
0.406
0.406
0.406
0.406
0.405
0.405
0.405
0.404
0.404
0.404
0.403
0.403
0.402
0.402
0.401
0.401
0.4
0.4
0.399
0.398
0.398
0.397
0.397
0.396
0.395
0.394
0.394
0.393
0.392
0.391
0.39
0.389
0.389
0.388
0.387
0.386
0.385
0.384
0.383
0.382
0.381
0.38
0.378
0.377
0.376
0.375
0.374
0.373
0.371
0.37
0.369
0.367
0.366
0.365
0.363
0.362
0.361
0.359
0.358
0.356
0.355
0.353
0.352
0.35
0.348
0.347
0.345
0.343
0.342
0.34
0.338
0.337
0.335
0.333
0.331
0.329
0.327
0.326
0.324
0.322
0.32
0.318
0.316
0.314
0.312
0.31
0.308
0.306
0.303
0.301
0.299
0.297
0.295
0.293
0.29
0.288
0.286
0.283
0.279
0.276
0.273
0.27
0.267
0.264
0.26
0.257
0.254
0.251
0.248
0.244
0.241
0.238
0.235
0.232
0.229
0.226
0.223
0.22
0.217
0.214
0.211
0.209
0.206
0.203
0.201
0.198
0.195
0.193
0.191
0.188
0.186
0.184
0.182
0.18
0.178
0.176
0.174
0.173
0.171
0.17
0.168
0.167
0.166
0.165
0.164
0.163
0.162
0.162
0.161
0.161
0.161
0.161
0.161
0.161
0.161
0.162
0.163
0.163
0.164
0.165
0.167
0.173
0.179
0.185
0.191
0.198
0.204
0.211
0.218
0.225
0.232
0.239
0.247
0.254
0.262
0.269
0.277
0.285
0.293
0.301
0.309
0.317
0.325
0.333
0.342
0.35
0.358
0.367
0.375
0.384
0.392
0.401
0.409
0.418
0.426
0.435
0.444
0.452
0.461
0.469
0.478
0.486
0.495
0.503
0.511
0.52
0.528
0.536
0.544
0.552
0.56
0.568
0.576
0.584
0.591
0.599
0.606
0.614
0.621
0.628
0.635
0.642
0.649
0.655
0.662
0.668
0.674
0.68
0.686
0.692
0.698
0.703
0.708
0.713
0.718
0.723
0.727
0.732
0.736
0.74
0.743
0.747
0.75
0.746
0.742
0.737
0.732
0.728
0.722
0.717
0.712
0.706
0.7
0.694
0.688
0.681
0.675
0.668
0.661
0.654
0.647
0.64
0.633
0.625
0.617
0.61
0.602
0.594
0.586
0.578
0.569
0.561
0.553
0.544
0.536
0.527
0.518
0.51
0.501
0.492
0.483
0.475
0.466
0.457
0.448
0.439
0.43
0.421
0.412
0.403
0.394
0.385
0.377
0.368
0.359
0.35
0.342
0.333
0.324
0.316
0.307
0.299
0.291
0.282
0.274
0.266
0.258
0.25
0.243
0.235
0.228
0.22
0.213
0.206
0.199
0.192
0.185
0.179
0.172
0.166
0.16
0.154
0.149
0.143
0.138
0.133
0.128
0.123
0.119
0.114
0.11
0.106
0.103
0.099
0.096
0.094
0.091
0.097
0.103
0.109
0.115
0.122
0.129
0.136
0.143
0.151
0.158
0.166
0.174
0.183
0.191
0.199
0.208
0.217
0.226
0.235
0.244
0.254
0.263
0.273
0.283
0.292
0.302
0.312
0.322
0.332
0.342
0.352
0.363
0.373
0.383
0.393
0.403
0.414
0.424
0.434
0.445
0.455
0.465
0.475
0.485
0.495
0.505
0.515
0.525
0.535
0.544
0.554
0.563
0.573
0.582
0.591
0.6
0.604
0.608
0.611
0.615
0.618
0.621
0.624
0.627
0.63
0.632
0.635
0.637
0.64
0.642
0.644
0.646
0.648
0.649
0.651
0.653
0.654
0.655
0.656
0.657
0.658
0.659
0.66
0.661
0.661
0.662
0.662
0.662
0.662
0.662
0.662
0.662
0.662
0.662
0.661
0.661
0.66
0.66
0.659
0.658
0.657
0.657
0.656
0.654
0.653
0.652
0.651
0.649
0.648
0.647
0.645
0.643
0.642
0.64
0.638
0.636
0.635
0.633
0.631
0.629
0.627
0.624
0.622
0.62
0.618
0.615
0.613
0.611
0.608
0.606
0.603
0.601
0.598
0.596
0.593
0.59
0.588
0.585
0.582
0.58
0.577
0.574
0.571
0.568
0.566
0.563
0.56
0.557
0.554
0.551
0.548
0.546
0.543
0.54
0.537
0.534
0.531
0.528
0.525
0.523
0.52
0.517
0.514
0.511
0.508
0.506
0.503
0.5
0.496
0.493
0.489
0.486
0.482
0.478
0.475
0.471
0.468
0.465
0.461
0.458
0.454
0.451
0.448
0.444
0.441
0.438
0.435
0.432
0.428
0.425
0.422
0.419
0.416
0.413
0.41
0.407
0.405
0.402
0.399
0.396
0.393
0.391
0.388
0.385
0.383
0.38
0.378
0.375
0.373
0.371
0.368
0.366
0.364
0.362
0.36
0.357
0.355
0.353
0.351
0.35
0.348
0.346
0.344
0.342
0.341
0.339
0.338
0.336
0.335
0.333
0.334
0.335
0.336
0.337
0.338
0.339
0.341
0.342
0.343
0.344
0.346
0.347
0.349
0.35
0.352
0.353
0.355
0.357
0.358
0.36
0.362
0.364
0.365
0.367
0.369
0.371
0.373
0.375
0.377
0.379
0.381
0.383
0.385
0.387
0.389
0.391
0.393
0.395
0.397
0.399
0.402
0.404
0.406
0.408
0.41
0.412
0.415
0.417
0.419
0.421
0.423
0.425
0.428
0.43
0.432
0.434
0.436
0.438
0.441
0.443
0.445
0.447
0.449
0.451
0.453
0.455
0.457
0.459
0.461
0.463
0.465
0.467
0.468
0.47
0.472
0.474
0.476
0.477
0.479
0.481
0.482
0.484
0.485
0.487
0.488
0.489
0.491
0.492
0.493
0.495
0.496
0.497
0.498
0.499
0.5
0.5
0.5
0.5
0.5
0.5
0.5
0.5
0.499
0.499
0.499
0.499
0.499
0.499
0.499
0.499
0.498
0.499
0.499
0.499
0.499
0.499
0.5
0.5
0.5
0.501
0.501
0.501
0.5
0.496
0.491
0.486
0.48
0.473
0.466
0.458
0.449
0.441
0.431
0.422
0.412
0.402
0.391
0.38
0.369
0.358
0.347
0.335
0.324
0.312
0.301
0.289
0.278
0.267
0.255
0.244
0.234
0.223
0.213
0.203
0.193
0.184
0.175
0.167
0.159
0.152
0.145
0.139
0.134
0.129
0.125
0.122
0.119
0.118
0.117
0.117
0.118
0.12
0.123
0.127
0.132
0.138
0.145
0.154
0.163
0.174
0.186
0.2
0.233
0.266
0.301
0.336
0.372
0.407
0.443
0.478
0.512
0.546
0.578
0.609
0.638
0.665
0.69
0.713
0.733
0.75
0.74
0.728
0.713
0.697
0.678
0.659
0.64
0.62
0.6
0.584
0.569
0.555
0.541
0.528
0.516
0.504
0.492
0.481
0.471
0.46
0.451
0.441
0.432
0.424
0.415
0.407
0.399
0.391
0.384
0.376
0.369
0.362
0.355
0.347
0.34
0.333
0.331
0.329
0.327
0.324
0.322
0.32
0.317
0.315
0.313
0.31
0.308
0.305
0.303
0.301
0.298
0.296
0.293
0.291
0.288
0.286
0.284
0.281
0.279
0.277
0.274
0.272
0.27
0.268
0.266
0.264
0.262
0.26
0.258
0.256
0.254
0.252
0.251
0.249
0.247
0.246
0.245
0.243
0.242
0.241
0.24
0.239
0.238
0.237
0.236
0.236
0.235
0.235
0.235
0.234
0.234
0.234
0.235
0.235
0.235
0.236
0.237
0.237
0.238
0.24
0.241
0.242
0.244
0.245
0.247
0.249
0.251
0.254
0.256
0.259
0.262
0.265
0.268
0.272
0.275
0.279
0.283
0.287
0.291
0.296
0.301
0.305
0.311
0.316
0.322
0.327
0.333
0.34
0.347
0.355
0.362
0.37
0.378
0.386
0.394
0.402
0.411
0.419
0.428
0.437
0.446
0.456
0.465
0.474
0.484
0.494
0.503
0.513
0.523
0.533
0.543
0.553
0.563
0.573
0.584
0.594
0.604
0.614
0.624
0.635
0.645
0.655
0.665
0.676
0.686
0.696
0.706
0.716
0.726
0.736
0.745
0.755
0.765
0.774
0.784
0.793
0.802
0.811
0.82
0.829
0.837
0.846
0.854
0.862
0.87
0.878
0.885
0.893
0.9
0.907
0.913
0.92
0.926
0.932
0.938
0.944
0.949
0.954
0.959
0.963
0.967
0.971
0.975
0.978
0.981
0.983
0.986
0.988
0.989
0.99
0.991
0.992
0.992
0.992
0.991
0.99
0.989
0.987
0.985
0.982
0.979
0.975
0.971
0.967
0.962
0.957
0.951
0.945
0.938
0.931
0.923
0.915
0.906
0.897
0.887
0.876
0.866
0.854
0.842
0.83
0.817
0.803
0.789
0.774
0.758
0.742
0.726
0.708
0.69
0.672
0.653
0.633
0.612
0.591
0.569
0.547
0.524
0.5
0.454
0.408
0.362
0.317
0.274
0.233
0.194
0.158
0.125
0.128
0.135
0.146
0.159
0.176
0.195
0.217
0.24
0.266
0.293
0.321
0.35
0.38
0.41
0.44
0.47
0.5
0.528
0.554
0.58
0.606
0.63
0.654
0.677
0.7
0.722
0.743
0.764
0.784
0.803
0.821
0.84
0.857
0.874
0.89
0.906
0.921
0.935
0.949
0.963
0.976
0.988
1.0
0.998
0.996
0.993
0.989
0.985
0.981
0.976
0.971
0.966
0.96
0.954
0.947
0.94
0.933
0.926
0.918
0.91
0.902
0.893
0.884
0.875
0.866
0.857
0.848
0.838
0.828
0.818
0.808
0.798
0.788
0.778
0.768
0.757
0.747
0.737
0.727
0.717
0.706
0.696
0.686
0.676
0.666
0.657
0.647
0.638
0.629
0.62
0.611
0.602
0.594
0.585
0.578
0.57
0.563
0.556
0.549
0.542
0.536
0.531
0.525
0.52
0.516
0.512
0.508
0.505
0.502
0.5
0.505
0.511
0.517
0.524
0.531
0.538
0.545
0.553
0.56
0.568
0.576
0.584
0.592
0.599
0.607
0.614
0.622
0.629
0.635
0.642
0.648
0.653
0.658
0.663
0.667
0.664
0.661
0.658
0.654
0.65
0.645
0.64
0.635
0.629
0.624
0.618
0.612
0.606
0.6
0.595
0.59
0.584
0.579
0.574
0.569
0.564
0.56
0.555
0.55
0.545
0.541
0.536
0.532
0.527
0.523
0.519
0.514
0.51
0.506
0.502
0.498
0.494
0.49
0.486
0.483
0.479
0.475
0.472
0.468
0.465
0.462
0.458
0.455
0.452
0.449
0.446
0.443
0.44
0.437
0.435
0.432
0.429
0.427
0.424
0.422
0.419
0.417
0.415
0.413
0.411
0.409
0.407
0.405
0.403
0.402
0.4
0.4
0.4
0.401
0.401
0.402
0.402
0.403
0.403
0.404
0.405
0.405
0.406
0.407
0.408
0.408
0.409
0.41
0.411
0.412
0.413
0.414
0.415
0.415
0.416
0.417
0.418
0.419
0.42
0.42
0.421
0.422
0.422
0.423
0.423
0.424
0.424
0.425
0.425
0.425
0.426
0.426
0.426
0.426
0.426
0.425
0.425
0.425
0.424
0.424
0.423
0.422
0.421
0.42
0.419
0.418
0.416
0.415
0.413
0.411
0.409
0.407
0.405
0.403
0.4
0.395
0.39
0.385
0.38
0.375
0.37
0.365
0.36
0.355
0.351
0.346
0.343
0.339
0.336
0.333
0.335
0.337
0.339
0.342
0.345
0.349
0.353
0.357
0.362
0.367
0.373
0.379
0.385
0.392
0.399
0.406
0.414
0.421
0.43
0.438
0.447
0.455
0.464
0.474
0.483
0.493
0.503
0.513
0.523
0.533
0.544
0.554
0.565
0.576
0.587
0.598
0.609
0.62
0.631
0.642
0.653
0.664
0.675
0.686
0.697
0.708
0.719
0.73
0.741
0.752
0.763
0.773
0.784
0.794
0.804
0.814
0.824
0.834
0.843
0.852
0.861
0.87
0.879
0.887
0.895
0.903
0.91
0.918
0.924
0.931
0.937
0.943
0.949
0.954
0.959
0.963
0.967
0.971
0.974
0.977
0.979
0.981
0.982
0.983
0.984
0.983
0.983
0.982
0.98
0.978
0.975
0.972
0.968
0.963
0.958
0.952
0.946
0.939
0.931
0.922
0.913
0.904
0.893
0.882
0.87
0.858
0.844
0.83
0.815
0.799
0.783
0.766
0.748
0.729
0.709
0.688
0.667
0.622
0.577
0.533
0.489
0.447
0.406
0.368
0.333
0.329
0.328
0.33
0.336
0.344
0.355
0.368
0.384
0.401
0.421
0.442
0.465
0.489
0.514
0.541
0.568
0.595
0.623
0.651
0.678
0.706
0.733
0.76
0.785
0.81
0.833
0.855
0.876
0.895
0.911
0.926
0.938
0.947
0.954
0.958
0.958
0.955
0.949
0.939
0.925
0.907
0.884
0.857
0.778
0.696
0.612
0.527
0.441
0.358
0.277
0.2
0.177
0.159
0.145
0.136
0.131
0.131
0.134
0.14
0.15
0.162
0.178
0.196
0.216
0.238
0.262
0.288
0.314
0.342
0.371
0.4
0.429
0.459
0.488
0.517
0.545
0.572
0.598
0.623
0.646
0.667
0.673
0.677
0.68
0.68
0.679
0.676
0.672
0.666
0.658
0.65
0.64
0.63
0.618
0.606
0.592
0.578
0.564
0.549
0.534
0.519
0.503
0.488
0.472
0.457
0.442
0.428
0.414
0.4
0.388
0.377
0.367
0.357
0.348
0.34
0.332
0.325
0.318
0.312
0.306
0.301
0.297
0.293
0.289
0.286
0.291
0.297
0.304
0.31
0.318
0.325
0.333
0.341
0.349
0.358
0.367
0.376
0.386
0.396
0.405
0.415
0.426
0.436
0.446
0.457
0.468
0.478
0.489
0.5
0.511
0.521
0.532
0.543
0.553
0.564
0.574
0.585
0.595
0.605
0.615
0.624
0.634
0.643
0.643
0.643
0.642
0.641
0.64
0.638
0.636
0.634
0.63
0.627
0.622
0.617
0.612
0.605
0.598
0.59
0.581
0.572
0.561
0.55
0.538
0.524
0.51
0.495
0.478
0.46
0.441
0.421
0.4
0.382
0.364
0.344
0.323
0.301
0.279
0.256
0.232
0.208
0.183
0.158
0.133
0.108
0.083
0.058
0.033
0.009
-0.015
-0.039
-0.062
-0.084
-0.106
-0.126
-0.146
-0.164
-0.181
-0.197
-0.212
-0.225
-0.236
-0.246
-0.254
-0.26
-0.264
-0.266
-0.266
-0.263
-0.258
-0.25
-0.24
-0.227
-0.212
-0.193
-0.172
-0.147
-0.119
-0.088
-0.054
-0.016
0.026
0.071
0.12
0.173
0.23
0.291
0.356
0.426
0.5
0.589
0.681
0.775
0.869
0.961
1.05
1.135
1.213
1.284
1.346
1.397
1.437
1.463
1.473
1.467
1.443
1.4
1.335
1.248
1.137
1.0
0.663
0.333
0.211
0.126
0.074
0.051
0.055
0.081
0.125
0.184
0.255
0.334
0.417
0.5
0.575
0.648
0.717
0.783
0.847
0.907
0.965
1.02
1.072
1.121
1.168
1.212
1.254
1.293
1.33
1.364
1.396
1.426
1.453
1.478
1.501
1.523
1.542
1.558
1.574
1.587
1.598
1.608
1.615
1.621
1.626
1.629
1.63
1.63
1.628
1.625
1.621
1.615
1.608
1.6
1.59
1.58
1.569
1.556
1.543
1.528
1.513
1.497
1.48
1.463
1.445
1.426
1.407
1.387
1.367
1.347
1.326
1.304
1.283
1.261
1.239
1.217
1.195
1.173
1.151
1.129
1.107
1.086
1.064
1.043
1.023
1.002
0.982
0.963
0.944
0.926
0.908
0.891
0.875
0.86
0.845
0.831
0.819
0.807
0.796
0.786
0.778
0.76
0.742
0.726
0.71
0.694
0.678
0.662
0.646
0.629
0.611
0.592
0.571
0.549
0.526
0.5
0.461
0.419
0.377
0.334
0.291
0.247
0.205
0.164
0.125
0.118
0.113
0.11
0.109
0.11
0.113
0.118
0.125
0.134
0.144
0.155
0.169
0.183
0.199
0.216
0.234
0.254
0.274
0.295
0.317
0.34
0.364
0.388
0.413
0.439
0.465
0.491
0.517
0.544
0.57
0.597
0.624
0.651
0.677
0.703
0.729
0.754
0.779
0.804
0.828
0.851
0.873
0.894
0.915
0.934
0.952
0.969
0.985
1.0
1.0
0.998
0.995
0.991
0.986
0.98
0.973
0.965
0.956
0.947
0.936
0.926
0.915
0.903
0.891
0.879
0.867
0.854
0.842
0.829
0.817
0.805
0.793
0.782
0.771
0.76
0.75
0.741
0.733
0.726
0.719
0.711
0.704
0.697
0.69
0.683
0.675
0.667
0.654
0.642
0.628
0.615
0.6
0.586
0.571
0.556
0.541
0.526
0.51
0.495
0.48
0.464
0.449
0.434
0.419
0.405
0.391
0.377
0.364
0.359
0.355
0.351
0.348
0.345
0.343
0.341
0.339
0.338
0.337
0.337
0.337
0.337
0.338
0.339
0.34
0.341
0.343
0.345
0.347
0.35
0.352
0.355
0.358
0.362
0.365
0.369
0.372
0.376
0.38
0.384
0.389
0.393
0.397
0.402
0.406
0.411
0.415
0.42
0.424
0.429
0.433
0.438
0.442
0.447
0.451
0.455
0.459
0.463
0.467
0.471
0.474
0.477
0.481
0.484
0.486
0.489
0.491
0.493
0.495
0.497
0.498
0.499
0.5
0.5
0.499
0.498
0.498
0.498
0.5
0.507
0.516
0.525
0.537
0.549
0.563
0.577
0.592
0.608
0.624
0.641
0.658
0.675
0.692
0.709
0.726
0.743
0.759
0.774
0.789
0.802
0.815
0.827
0.837
0.846
0.853
0.859
0.863
0.865
0.865
0.863
0.859
0.852
0.843
0.831
0.816
0.798
0.778
0.719
0.657
0.593
0.529
0.463
0.398
0.333
0.302
0.273
0.244
0.217
0.191
0.167
0.143
0.121
0.1
0.081
0.062
0.045
0.028
0.013
-0.001
-0.014
-0.026
-0.038
-0.048
-0.057
-0.065
-0.072
-0.079
-0.084
-0.089
-0.093
-0.096
-0.098
-0.1
-0.1
-0.1
-0.1
-0.098
-0.096
-0.093
-0.09
-0.086
-0.082
-0.077
-0.071
-0.065
-0.058
-0.051
-0.044
-0.036
-0.027
-0.019
-0.009
0.0
0.01
0.02
0.03
0.041
0.052
0.063
0.074
0.086
0.097
0.109
0.121
0.133
0.145
0.157
0.169
0.181
0.193
0.205
0.217
0.229
0.241
0.253
0.264
0.276
0.287
0.298
0.309
0.319
0.33
0.34
0.349
0.358
0.367
0.376
0.384
0.392
0.399
0.406
0.413
0.418
0.424
0.429
0.431
0.433
0.434
0.435
0.435
0.435
0.434
0.433
0.432
0.43
0.428
0.426
0.423
0.42
0.417
0.413
0.41
0.406
0.402
0.398
0.393
0.389
0.385
0.38
0.376
0.371
0.366
0.362
0.357
0.353
0.349
0.345
0.341
0.337
0.333
0.333
0.334
0.334
0.335
0.335
0.336
0.338
0.339
0.341
0.343
0.345
0.347
0.35
0.352
0.355
0.358
0.362
0.365
0.369
0.373
0.377
0.381
0.386
0.391
0.396
0.401
0.406
0.411
0.417
0.423
0.429
0.435
0.442
0.448
0.455
0.462
0.469
0.477
0.484
0.492
0.5
0.511
0.522
0.533
0.544
0.555
0.567
0.579
0.59
0.602
0.614
0.626
0.638
0.65
0.662
0.673
0.685
0.697
0.709
0.721
0.733
0.744
0.756
0.768
0.779
0.79
0.801
0.812
0.823
0.834
0.844
0.854
0.864
0.874
0.883
0.893
0.902
0.91
0.919
0.927
0.935
0.942
0.949
0.956
0.962
0.968
0.974
0.979
0.983
0.988
0.991
0.995
0.998
1.0
0.99
0.979
0.968
0.956
0.944
0.932
0.919
0.906
0.892
0.879
0.864
0.85
0.835
0.82
0.805
0.79
0.774
0.759
0.743
0.727
0.711
0.694
0.678
0.662
0.645
0.629
0.613
0.596
0.58
0.564
0.548
0.532
0.516
0.5
0.492
0.485
0.478
0.47
0.463
0.457
0.45
0.443
0.437
0.431
0.425
0.419
0.413
0.408
0.402
0.397
0.392
0.387
0.382
0.378
0.373
0.369
0.365
0.361
0.357
0.353
0.349
0.346
0.342
0.339
0.336
0.333
0.331
0.328
0.325
0.323
0.321
0.319
0.317
0.315
0.313
0.312
0.31
0.309
0.308
0.306
0.306
0.305
0.304
0.303
0.303
0.303
0.302
0.302
0.302
0.302
0.303
0.303
0.303
0.304
0.305
0.305
0.306
0.307
0.309
0.31
0.311
0.313
0.314
0.316
0.317
0.319
0.321
0.323
0.325
0.328
0.33
0.332
0.335
0.337
0.34
0.343
0.346
0.349
0.352
0.355
0.358
0.362
0.365
0.368
0.372
0.376
0.379
0.383
0.387
0.391
0.395
0.399
0.403
0.408
0.412
0.416
0.421
0.425
0.43
0.435
0.439
0.444
0.449
0.454
0.459
0.464
0.469
0.474
0.48
0.485
0.49
0.496
0.501
0.507
0.512
0.518
0.524
0.529
0.535
0.541
0.547
0.553
0.559
0.565
0.571
0.577
0.583
0.589
0.596
0.602
0.608
0.615
0.621
0.627
0.634
0.64
0.647
0.653
0.66
0.667
0.67
0.673
0.675
0.678
0.681
0.684
0.687
0.689
0.691
0.694
0.696
0.698
0.699
0.701
0.702
0.702
0.703
0.703
0.703
0.702
0.701
0.7
0.698
0.696
0.693
0.69
0.686
0.682
0.677
0.671
0.665
0.658
0.651
0.643
0.634
0.625
0.614
0.603
0.592
0.579
0.566
0.552
0.536
0.521
0.504
0.486
0.467
0.447
0.427
0.405
0.382
0.358
0.333
0.303
0.273
0.243
0.216
0.192
0.171
0.156
0.147
0.145
0.151
0.167
0.241
0.323
0.409
0.497
0.584
0.667
0.698
0.722
0.741
0.754
0.761
0.764
0.762
0.757
0.747
0.734
0.718
0.699
0.678
0.656
0.631
0.606
0.58
0.553
0.526
0.5
0.477
0.456
0.434
0.414
0.394
0.375
0.357
0.339
0.322
0.306
0.29
0.275
0.26
0.246
0.233
0.221
0.209
0.197
0.187
0.176
0.167
0.158
0.149
0.141
0.134
0.127
0.121
0.115
0.11
0.105
0.101
0.098
0.095
0.092
0.09
0.088
0.087
0.086
0.086
0.086
0.087
0.088
0.089
0.091
0.093
0.096
0.099
0.103
0.107
0.111
0.115
0.121
0.126
0.132
0.138
0.144
0.151
0.158
0.165
0.173
0.181
0.189
0.198
0.207
0.216
0.226
0.235
0.245
0.255
0.266
0.277
0.288
0.299
0.31
0.322
0.333
0.351
0.369
0.387
0.405
0.424
0.442
0.461
0.479
0.498
0.516
0.535
0.554
0.573
0.591
0.61
0.628
0.647
0.665
0.683
0.701
0.719
0.736
0.754
0.771
0.788
0.805
0.821
0.837
0.853
0.869
0.884
0.899
0.913
0.927
0.941
0.954
0.967
0.979
0.991
1.002
1.013
1.023
1.033
1.042
1.05
1.058
1.065
1.071
1.077
1.083
1.087
1.091
1.094
1.096
1.097
1.098
1.098
1.097
1.095
1.092
1.089
1.084
1.079
1.072
1.065
1.057
1.048
1.037
1.026
1.013
1.0
0.957
0.913
0.867
0.82
0.771
0.72
0.667
0.602
0.536
0.469
0.401
0.333
0.266
0.2
0.172
0.146
0.122
0.099
0.078
0.058
0.041
0.024
0.009
-0.004
-0.016
-0.026
-0.035
-0.043
-0.049
-0.054
-0.058
-0.061
-0.062
-0.063
-0.062
-0.06
-0.057
-0.053
-0.048
-0.042
-0.035
-0.027
-0.019
-0.009
0.001
0.012
0.024
0.036
0.049
0.063
0.077
0.092
0.107
0.123
0.139
0.156
0.173
0.19
0.208
0.226
0.244
0.263
0.281
0.3
0.319
0.338
0.357
0.377
0.396
0.415
0.434
0.453
0.471
0.49
0.508
0.526
0.544
0.562
0.579
0.596
0.612
0.628
0.644
0.658
0.673
0.687
0.7
0.713
0.724
0.736
0.746
0.756
0.765
0.773
0.78
0.786
0.791
0.796
0.799
0.801
0.802
0.803
0.801
0.799
0.796
0.791
0.785
0.778
0.769
0.747
0.725
0.701
0.676
0.651
0.626
0.6
0.575
0.55
0.526
0.502
0.48
0.459
0.439
0.421
0.405
0.391
0.379
0.37
0.364
0.36
0.36
0.364
0.399
0.438
0.479
0.521
0.564
0.607
0.649
0.689
0.727
0.736
0.742
0.744
0.745
0.742
0.738
0.731
0.722
0.712
0.7
0.686
0.671
0.655
0.638
0.62
0.601
0.582
0.563
0.543
0.523
0.504
0.485
0.466
0.448
0.431
0.415
0.4
0.397
0.396
0.396
0.397
0.399
0.402
0.407
0.412
0.419
0.426
0.435
0.444
0.454
0.465
0.477
0.49
0.503
0.517
0.532
0.547
0.563
0.579
0.596
0.613
0.63
0.648
0.667
0.68
0.694
0.708
0.723
0.737
0.752
0.766
0.781
0.796
0.81
0.825
0.839
0.853
0.867
0.881
0.894
0.908
0.92
0.933
0.945
0.956
0.967
0.978
0.988
0.997
1.005
1.013
1.02
1.027
1.032
1.037
1.041
1.044
1.045
1.046
1.046
1.045
1.043
1.039
1.034
1.028
1.021
1.013
1.003
0.992
0.979
0.965
0.949
0.932
0.913
0.893
0.871
0.847
0.821
0.794
0.765
0.734
0.701
0.667
