1, 0.0;
2, 0.011;
3, 0.022;
4, 0.033;
5, 0.044;
6, 0.054;
7, 0.065;
8, 0.075;
9, 0.086;
10, 0.096;
11, 0.107;
12, 0.117;
13, 0.127;
14, 0.137;
15, 0.147;
16, 0.157;
17, 0.167;
18, 0.177;
19, 0.187;
20, 0.196;
21, 0.206;
22, 0.215;
23, 0.225;
24, 0.234;
25, 0.244;
26, 0.253;
27, 0.262;
28, 0.271;
29, 0.28;
30, 0.289;
31, 0.298;
32, 0.307;
33, 0.316;
34, 0.324;
35, 0.333;
36, 0.341;
37, 0.35;
38, 0.358;
39, 0.367;
40, 0.375;
41, 0.383;
42, 0.391;
43, 0.4;
44, 0.408;
45, 0.416;
46, 0.423;
47, 0.431;
48, 0.439;
49, 0.447;
50, 0.454;
51, 0.462;
52, 0.47;
53, 0.477;
54, 0.485;
55, 0.492;
56, 0.499;
57, 0.506;
58, 0.514;
59, 0.521;
60, 0.528;
61, 0.535;
62, 0.542;
63, 0.549;
64, 0.555;
65, 0.562;
66, 0.569;
67, 0.576;
68, 0.582;
69, 0.589;
70, 0.595;
71, 0.602;
72, 0.608;
73, 0.614;
74, 0.621;
75, 0.627;
76, 0.633;
77, 0.639;
78, 0.645;
79, 0.651;
80, 0.657;
81, 0.663;
82, 0.669;
83, 0.675;
84, 0.681;
85, 0.686;
86, 0.692;
87, 0.698;
88, 0.703;
89, 0.709;
90, 0.714;
91, 0.715;
92, 0.716;
93, 0.716;
94, 0.717;
95, 0.717;
96, 0.717;
97, 0.718;
98, 0.718;
99, 0.718;
100, 0.719;
101, 0.719;
102, 0.719;
103, 0.719;
104, 0.719;
105, 0.719;
106, 0.719;
107, 0.719;
108, 0.719;
109, 0.719;
110, 0.719;
111, 0.718;
112, 0.718;
113, 0.718;
114, 0.718;
115, 0.717;
116, 0.717;
117, 0.716;
118, 0.716;
119, 0.715;
120, 0.715;
121, 0.714;
122, 0.713;
123, 0.713;
124, 0.712;
125, 0.711;
126, 0.71;
127, 0.71;
128, 0.709;
129, 0.708;
130, 0.707;
131, 0.706;
132, 0.705;
133, 0.704;
134, 0.703;
135, 0.702;
136, 0.7;
137, 0.699;
138, 0.698;
139, 0.697;
140, 0.696;
141, 0.694;
142, 0.693;
143, 0.692;
144, 0.69;
145, 0.689;
146, 0.687;
147, 0.686;
148, 0.684;
149, 0.683;
150, 0.681;
151, 0.68;
152, 0.678;
153, 0.677;
154, 0.675;
155, 0.673;
156, 0.672;
157, 0.67;
158, 0.668;
159, 0.666;
160, 0.664;
161, 0.663;
162, 0.661;
163, 0.659;
164, 0.657;
165, 0.655;
166, 0.653;
167, 0.651;
168, 0.649;
169, 0.647;
170, 0.645;
171, 0.643;
172, 0.641;
173, 0.639;
174, 0.637;
175, 0.635;
176, 0.633;
177, 0.631;
178, 0.628;
179, 0.626;
180, 0.624;
181, 0.622;
182, 0.62;
183, 0.617;
184, 0.615;
185, 0.613;
186, 0.61;
187, 0.608;
188, 0.606;
189, 0.603;
190, 0.601;
191, 0.599;
192, 0.596;
193, 0.594;
194, 0.592;
195, 0.589;
196, 0.587;
197, 0.584;
198, 0.582;
199, 0.579;
200, 0.577;
201, 0.574;
202, 0.572;
203, 0.569;
204, 0.567;
205, 0.564;
206, 0.562;
207, 0.559;
208, 0.557;
209, 0.554;
210, 0.552;
211, 0.549;
212, 0.547;
213, 0.544;
214, 0.542;
215, 0.539;
216, 0.536;
217, 0.534;
218, 0.531;
219, 0.529;
220, 0.526;
221, 0.523;
222, 0.521;
223, 0.518;
224, 0.516;
225, 0.513;
226, 0.51;
227, 0.508;
228, 0.505;
229, 0.503;
230, 0.5;
231, 0.498;
232, 0.497;
233, 0.495;
234, 0.494;
235, 0.492;
236, 0.491;
237, 0.489;
238, 0.488;
239, 0.486;
240, 0.484;
241, 0.483;
242, 0.481;
243, 0.48;
244, 0.478;
245, 0.477;
246, 0.475;
247, 0.474;
248, 0.472;
249, 0.471;
250, 0.469;
251, 0.468;
252, 0.466;
253, 0.465;
254, 0.463;
255, 0.462;
256, 0.46;
257, 0.459;
258, 0.457;
259, 0.456;
260, 0.454;
261, 0.453;
262, 0.451;
263, 0.45;
264, 0.448;
265, 0.447;
266, 0.446;
267, 0.444;
268, 0.443;
269, 0.441;
270, 0.44;
271, 0.438;
272, 0.437;
273, 0.436;
274, 0.434;
275, 0.433;
276, 0.431;
277, 0.43;
278, 0.429;
279, 0.427;
280, 0.426;
281, 0.425;
282, 0.423;
283, 0.422;
284, 0.421;
285, 0.419;
286, 0.418;
287, 0.417;
288, 0.416;
289, 0.414;
290, 0.413;
291, 0.412;
292, 0.411;
293, 0.409;
294, 0.408;
295, 0.407;
296, 0.406;
297, 0.404;
298, 0.403;
299, 0.402;
300, 0.401;
301, 0.4;
302, 0.399;
303, 0.397;
304, 0.396;
305, 0.395;
306, 0.394;
307, 0.393;
308, 0.392;
309, 0.391;
310, 0.39;
311, 0.389;
312, 0.388;
313, 0.387;
314, 0.386;
315, 0.385;
316, 0.384;
317, 0.383;
318, 0.382;
319, 0.381;
320, 0.38;
321, 0.379;
322, 0.378;
323, 0.377;
324, 0.376;
325, 0.375;
326, 0.375;
327, 0.374;
328, 0.373;
329, 0.372;
330, 0.371;
331, 0.371;
332, 0.37;
333, 0.369;
334, 0.368;
335, 0.368;
336, 0.367;
337, 0.366;
338, 0.366;
339, 0.365;
340, 0.364;
341, 0.364;
342, 0.363;
343, 0.362;
344, 0.362;
345, 0.361;
346, 0.361;
347, 0.36;
348, 0.36;
349, 0.359;
350, 0.359;
351, 0.358;
352, 0.358;
353, 0.357;
354, 0.357;
355, 0.357;
356, 0.356;
357, 0.356;
358, 0.356;
359, 0.355;
360, 0.355;
361, 0.355;
362, 0.354;
363, 0.354;
364, 0.354;
365, 0.354;
366, 0.354;
367, 0.353;
368, 0.353;
369, 0.353;
370, 0.353;
371, 0.353;
372, 0.353;
373, 0.353;
374, 0.353;
375, 0.353;
376, 0.353;
377, 0.353;
378, 0.353;
379, 0.353;
380, 0.353;
381, 0.353;
382, 0.353;
383, 0.354;
384, 0.354;
385, 0.354;
386, 0.354;
387, 0.355;
388, 0.355;
389, 0.355;
390, 0.355;
391, 0.356;
392, 0.356;
393, 0.357;
394, 0.357;
395, 0.357;
396, 0.358;
397, 0.358;
398, 0.359;
399, 0.359;
400, 0.36;
401, 0.361;
402, 0.361;
403, 0.362;
404, 0.363;
405, 0.363;
406, 0.364;
407, 0.365;
408, 0.365;
409, 0.366;
410, 0.367;
411, 0.368;
412, 0.369;
413, 0.37;
414, 0.371;
415, 0.371;
416, 0.372;
417, 0.373;
418, 0.374;
419, 0.375;
420, 0.377;
421, 0.378;
422, 0.379;
423, 0.38;
424, 0.381;
425, 0.382;
426, 0.384;
427, 0.385;
428, 0.386;
429, 0.387;
430, 0.389;
431, 0.39;
432, 0.392;
433, 0.393;
434, 0.395;
435, 0.396;
436, 0.398;
437, 0.399;
438, 0.401;
439, 0.402;
440, 0.404;
441, 0.406;
442, 0.407;
443, 0.409;
444, 0.411;
445, 0.413;
446, 0.414;
447, 0.416;
448, 0.418;
449, 0.42;
450, 0.422;
451, 0.424;
452, 0.426;
453, 0.428;
454, 0.43;
455, 0.432;
456, 0.434;
457, 0.437;
458, 0.439;
459, 0.441;
460, 0.443;
461, 0.446;
462, 0.448;
463, 0.45;
464, 0.453;
465, 0.455;
466, 0.458;
467, 0.46;
468, 0.463;
469, 0.465;
470, 0.468;
471, 0.47;
472, 0.473;
473, 0.476;
474, 0.478;
475, 0.481;
476, 0.484;
477, 0.487;
478, 0.49;
479, 0.493;
480, 0.496;
481, 0.499;
482, 0.502;
483, 0.505;
484, 0.508;
485, 0.511;
486, 0.514;
487, 0.517;
488, 0.52;
489, 0.524;
490, 0.527;
491, 0.53;
492, 0.534;
493, 0.537;
494, 0.541;
495, 0.544;
496, 0.548;
497, 0.551;
498, 0.555;
499, 0.558;
500, 0.562;
501, 0.566;
502, 0.569;
503, 0.573;
504, 0.577;
505, 0.581;
506, 0.585;
507, 0.589;
508, 0.593;
509, 0.597;
510, 0.601;
511, 0.605;
512, 0.609;
513, 0.613;
514, 0.618;
515, 0.622;
516, 0.626;
517, 0.63;
518, 0.635;
519, 0.639;
520, 0.644;
521, 0.648;
522, 0.653;
523, 0.657;
524, 0.662;
525, 0.667;
526, 0.671;
527, 0.676;
528, 0.68;
529, 0.685;
530, 0.689;
531, 0.694;
532, 0.698;
533, 0.703;
534, 0.708;
535, 0.713;
536, 0.717;
537, 0.722;
538, 0.727;
539, 0.732;
540, 0.737;
541, 0.742;
542, 0.747;
543, 0.752;
544, 0.756;
545, 0.761;
546, 0.766;
547, 0.771;
548, 0.776;
549, 0.782;
550, 0.787;
551, 0.792;
552, 0.797;
553, 0.802;
554, 0.807;
555, 0.812;
556, 0.817;
557, 0.822;
558, 0.827;
559, 0.832;
560, 0.837;
561, 0.842;
562, 0.847;
563, 0.853;
564, 0.858;
565, 0.863;
566, 0.868;
567, 0.873;
568, 0.878;
569, 0.883;
570, 0.888;
571, 0.893;
572, 0.898;
573, 0.903;
574, 0.908;
575, 0.912;
576, 0.917;
577, 0.922;
578, 0.927;
579, 0.932;
580, 0.937;
581, 0.941;
582, 0.946;
583, 0.951;
584, 0.955;
585, 0.96;
586, 0.965;
587, 0.969;
588, 0.974;
589, 0.978;
590, 0.983;
591, 0.987;
592, 0.991;
593, 0.996;
594, 1.0;
595, 1.004;
596, 1.008;
597, 1.012;
598, 1.017;
599, 1.021;
600, 1.025;
601, 1.028;
602, 1.032;
603, 1.036;
604, 1.04;
605, 1.044;
606, 1.047;
607, 1.051;
608, 1.054;
609, 1.058;
610, 1.061;
611, 1.064;
612, 1.068;
613, 1.071;
614, 1.074;
615, 1.077;
616, 1.08;
617, 1.083;
618, 1.085;
619, 1.088;
620, 1.091;
621, 1.093;
622, 1.096;
623, 1.098;
624, 1.101;
625, 1.103;
626, 1.105;
627, 1.107;
628, 1.109;
629, 1.111;
630, 1.113;
631, 1.114;
632, 1.116;
633, 1.117;
634, 1.119;
635, 1.12;
636, 1.121;
637, 1.123;
638, 1.124;
639, 1.124;
640, 1.125;
641, 1.126;
642, 1.127;
643, 1.127;
644, 1.127;
645, 1.128;
646, 1.128;
647, 1.128;
648, 1.128;
649, 1.128;
650, 1.127;
651, 1.127;
652, 1.126;
653, 1.126;
654, 1.125;
655, 1.124;
656, 1.123;
657, 1.122;
658, 1.121;
659, 1.119;
660, 1.118;
661, 1.116;
662, 1.114;
663, 1.112;
664, 1.11;
665, 1.108;
666, 1.106;
667, 1.103;
668, 1.101;
669, 1.098;
670, 1.095;
671, 1.092;
672, 1.089;
673, 1.085;
674, 1.082;
675, 1.078;
676, 1.075;
677, 1.071;
678, 1.067;
679, 1.062;
680, 1.058;
681, 1.053;
682, 1.049;
683, 1.044;
684, 1.039;
685, 1.034;
686, 1.028;
687, 1.023;
688, 1.017;
689, 1.011;
690, 1.005;
691, 0.999;
692, 0.993;
693, 0.986;
694, 0.979;
695, 0.973;
696, 0.966;
697, 0.958;
698, 0.951;
699, 0.943;
700, 0.936;
701, 0.928;
702, 0.92;
703, 0.911;
704, 0.903;
705, 0.894;
706, 0.885;
707, 0.876;
708, 0.867;
709, 0.858;
710, 0.848;
711, 0.838;
712, 0.828;
713, 0.818;
714, 0.807;
715, 0.797;
716, 0.786;
717, 0.775;
718, 0.764;
719, 0.752;
720, 0.741;
721, 0.729;
722, 0.717;
723, 0.705;
724, 0.692;
725, 0.68;
726, 0.667;
727, 0.642;
728, 0.617;
729, 0.591;
730, 0.566;
731, 0.541;
732, 0.516;
733, 0.491;
734, 0.466;
735, 0.442;
736, 0.418;
737, 0.394;
738, 0.371;
739, 0.349;
740, 0.327;
741, 0.306;
742, 0.286;
743, 0.284;
744, 0.283;
745, 0.283;
746, 0.284;
747, 0.286;
748, 0.288;
749, 0.291;
750, 0.294;
751, 0.299;
752, 0.304;
753, 0.31;
754, 0.316;
755, 0.323;
756, 0.331;
757, 0.339;
758, 0.347;
759, 0.357;
760, 0.366;
761, 0.377;
762, 0.387;
763, 0.399;
764, 0.41;
765, 0.422;
766, 0.435;
767, 0.448;
768, 0.461;
769, 0.474;
770, 0.488;
771, 0.503;
772, 0.517;
773, 0.532;
774, 0.547;
775, 0.562;
776, 0.578;
777, 0.594;
778, 0.61;
779, 0.626;
780, 0.642;
781, 0.659;
782, 0.675;
783, 0.692;
784, 0.708;
785, 0.725;
786, 0.742;
787, 0.759;
788, 0.775;
789, 0.792;
790, 0.809;
791, 0.826;
792, 0.842;
793, 0.859;
794, 0.875;
795, 0.891;
796, 0.907;
797, 0.923;
798, 0.939;
799, 0.955;
800, 0.97;
801, 0.985;
802, 1.0;
803, 1.007;
804, 1.014;
805, 1.021;
806, 1.027;
807, 1.033;
808, 1.039;
809, 1.045;
810, 1.05;
811, 1.055;
812, 1.06;
813, 1.065;
814, 1.069;
815, 1.073;
816, 1.077;
817, 1.081;
818, 1.084;
819, 1.087;
820, 1.09;
821, 1.093;
822, 1.095;
823, 1.097;
824, 1.099;
825, 1.101;
826, 1.103;
827, 1.104;
828, 1.105;
829, 1.106;
830, 1.107;
831, 1.107;
832, 1.108;
833, 1.108;
834, 1.108;
835, 1.107;
836, 1.107;
837, 1.106;
838, 1.106;
839, 1.105;
840, 1.103;
841, 1.102;
842, 1.101;
843, 1.099;
844, 1.097;
845, 1.095;
846, 1.093;
847, 1.091;
848, 1.088;
849, 1.086;
850, 1.083;
851, 1.08;
852, 1.077;
853, 1.074;
854, 1.07;
855, 1.067;
856, 1.063;
857, 1.059;
858, 1.056;
859, 1.052;
860, 1.047;
861, 1.043;
862, 1.039;
863, 1.034;
864, 1.03;
865, 1.025;
866, 1.02;
867, 1.016;
868, 1.011;
869, 1.006;
870, 1.0;
871, 0.995;
872, 0.99;
873, 0.984;
874, 0.979;
875, 0.973;
876, 0.968;
877, 0.962;
878, 0.956;
879, 0.95;
880, 0.944;
881, 0.938;
882, 0.932;
883, 0.926;
884, 0.92;
885, 0.914;
886, 0.907;
887, 0.901;
888, 0.895;
889, 0.888;
890, 0.882;
891, 0.875;
892, 0.869;
893, 0.862;
894, 0.856;
895, 0.849;
896, 0.843;
897, 0.836;
898, 0.829;
899, 0.823;
900, 0.816;
901, 0.809;
902, 0.803;
903, 0.796;
904, 0.789;
905, 0.783;
906, 0.776;
907, 0.769;
908, 0.763;
909, 0.756;
910, 0.75;
911, 0.743;
912, 0.736;
913, 0.73;
914, 0.723;
915, 0.717;
916, 0.71;
917, 0.704;
918, 0.698;
919, 0.691;
920, 0.685;
921, 0.679;
922, 0.673;
923, 0.667;
924, 0.662;
925, 0.657;
926, 0.652;
927, 0.647;
928, 0.642;
929, 0.638;
930, 0.633;
931, 0.628;
932, 0.624;
933, 0.619;
934, 0.615;
935, 0.611;
936, 0.606;
937, 0.602;
938, 0.598;
939, 0.594;
940, 0.589;
941, 0.585;
942, 0.581;
943, 0.577;
944, 0.574;
945, 0.57;
946, 0.566;
947, 0.562;
948, 0.558;
949, 0.555;
950, 0.551;
951, 0.548;
952, 0.544;
953, 0.541;
954, 0.537;
955, 0.534;
956, 0.531;
957, 0.527;
958, 0.524;
959, 0.521;
960, 0.518;
961, 0.515;
962, 0.512;
963, 0.509;
964, 0.506;
965, 0.503;
966, 0.5;
967, 0.498;
968, 0.495;
969, 0.492;
970, 0.489;
971, 0.487;
972, 0.484;
973, 0.482;
974, 0.479;
975, 0.477;
976, 0.474;
977, 0.472;
978, 0.47;
979, 0.468;
980, 0.465;
981, 0.463;
982, 0.461;
983, 0.459;
984, 0.457;
985, 0.455;
986, 0.453;
987, 0.451;
988, 0.449;
989, 0.447;
990, 0.445;
991, 0.444;
992, 0.442;
993, 0.44;
994, 0.438;
995, 0.437;
996, 0.435;
997, 0.434;
998, 0.432;
999, 0.431;
1000, 0.429;
1001, 0.428;
1002, 0.427;
1003, 0.425;
1004, 0.424;
1005, 0.423;
1006, 0.421;
1007, 0.42;
1008, 0.419;
1009, 0.418;
1010, 0.417;
1011, 0.416;
1012, 0.415;
1013, 0.414;
1014, 0.413;
1015, 0.412;
1016, 0.411;
1017, 0.41;
1018, 0.409;
1019, 0.409;
1020, 0.408;
1021, 0.407;
1022, 0.406;
1023, 0.406;
1024, 0.405;
1025, 0.404;
1026, 0.404;
1027, 0.403;
1028, 0.403;
1029, 0.402;
1030, 0.402;
1031, 0.401;
1032, 0.401;
1033, 0.4;
1034, 0.4;
1035, 0.4;
1036, 0.399;
1037, 0.399;
1038, 0.399;
1039, 0.399;
1040, 0.399;
1041, 0.398;
1042, 0.398;
1043, 0.398;
1044, 0.398;
1045, 0.398;
1046, 0.398;
1047, 0.398;
1048, 0.398;
1049, 0.398;
1050, 0.398;
1051, 0.398;
1052, 0.398;
1053, 0.398;
1054, 0.398;
1055, 0.398;
1056, 0.398;
1057, 0.399;
1058, 0.399;
1059, 0.399;
1060, 0.399;
1061, 0.4;
1062, 0.4;
1063, 0.4;
1064, 0.4;
1065, 0.401;
1066, 0.401;
1067, 0.402;
1068, 0.402;
1069, 0.402;
1070, 0.403;
1071, 0.403;
1072, 0.404;
1073, 0.404;
1074, 0.405;
1075, 0.405;
1076, 0.406;
1077, 0.406;
1078, 0.407;
1079, 0.407;
1080, 0.408;
1081, 0.409;
1082, 0.409;
1083, 0.41;
1084, 0.411;
1085, 0.411;
1086, 0.412;
1087, 0.413;
1088, 0.413;
1089, 0.414;
1090, 0.415;
1091, 0.415;
1092, 0.416;
1093, 0.417;
1094, 0.418;
1095, 0.418;
1096, 0.419;
1097, 0.42;
1098, 0.421;
1099, 0.422;
1100, 0.422;
1101, 0.423;
1102, 0.424;
1103, 0.425;
1104, 0.426;
1105, 0.427;
1106, 0.428;
1107, 0.428;
1108, 0.429;
1109, 0.43;
1110, 0.431;
1111, 0.432;
1112, 0.433;
1113, 0.434;
1114, 0.435;
1115, 0.436;
1116, 0.437;
1117, 0.437;
1118, 0.438;
1119, 0.439;
1120, 0.44;
1121, 0.441;
1122, 0.442;
1123, 0.443;
1124, 0.444;
1125, 0.445;
1126, 0.446;
1127, 0.447;
1128, 0.448;
1129, 0.449;
1130, 0.45;
1131, 0.451;
1132, 0.452;
1133, 0.453;
1134, 0.454;
1135, 0.455;
1136, 0.456;
1137, 0.457;
1138, 0.458;
1139, 0.459;
1140, 0.46;
1141, 0.461;
1142, 0.461;
1143, 0.462;
1144, 0.463;
1145, 0.464;
1146, 0.465;
1147, 0.466;
1148, 0.467;
1149, 0.468;
1150, 0.469;
1151, 0.47;
1152, 0.471;
1153, 0.472;
1154, 0.473;
1155, 0.474;
1156, 0.474;
1157, 0.475;
1158, 0.476;
1159, 0.477;
1160, 0.478;
1161, 0.479;
1162, 0.48;
1163, 0.48;
1164, 0.481;
1165, 0.482;
1166, 0.483;
1167, 0.484;
1168, 0.485;
1169, 0.485;
1170, 0.486;
1171, 0.487;
1172, 0.488;
1173, 0.488;
1174, 0.489;
1175, 0.49;
1176, 0.49;
1177, 0.491;
1178, 0.492;
1179, 0.493;
1180, 0.493;
1181, 0.494;
1182, 0.494;
1183, 0.495;
1184, 0.496;
1185, 0.496;
1186, 0.497;
1187, 0.497;
1188, 0.498;
1189, 0.499;
1190, 0.499;
1191, 0.5;
1192, 0.5;
1193, 0.501;
1194, 0.501;
1195, 0.502;
1196, 0.502;
1197, 0.503;
1198, 0.503;
1199, 0.504;
1200, 0.504;
1201, 0.505;
1202, 0.505;
1203, 0.506;
1204, 0.506;
1205, 0.506;
1206, 0.507;
1207, 0.507;
1208, 0.507;
1209, 0.508;
1210, 0.508;
1211, 0.508;
1212, 0.509;
1213, 0.509;
1214, 0.509;
1215, 0.509;
1216, 0.51;
1217, 0.51;
1218, 0.51;
1219, 0.51;
1220, 0.51;
1221, 0.511;
1222, 0.511;
1223, 0.511;
1224, 0.511;
1225, 0.511;
1226, 0.511;
1227, 0.511;
1228, 0.511;
1229, 0.511;
1230, 0.511;
1231, 0.512;
1232, 0.512;
1233, 0.512;
1234, 0.512;
1235, 0.512;
1236, 0.511;
1237, 0.511;
1238, 0.511;
1239, 0.511;
1240, 0.511;
1241, 0.511;
1242, 0.511;
1243, 0.511;
1244, 0.511;
1245, 0.511;
1246, 0.51;
1247, 0.51;
1248, 0.51;
1249, 0.51;
1250, 0.51;
1251, 0.51;
1252, 0.509;
1253, 0.509;
1254, 0.509;
1255, 0.509;
1256, 0.508;
1257, 0.508;
1258, 0.508;
1259, 0.508;
1260, 0.507;
1261, 0.507;
1262, 0.507;
1263, 0.506;
1264, 0.506;
1265, 0.506;
1266, 0.505;
1267, 0.505;
1268, 0.504;
1269, 0.504;
1270, 0.504;
1271, 0.503;
1272, 0.503;
1273, 0.502;
1274, 0.502;
1275, 0.502;
1276, 0.501;
1277, 0.501;
1278, 0.5;
1279, 0.5;
1280, 0.499;
1281, 0.499;
1282, 0.498;
1283, 0.498;
1284, 0.497;
1285, 0.497;
1286, 0.496;
1287, 0.496;
1288, 0.495;
1289, 0.495;
1290, 0.494;
1291, 0.493;
1292, 0.493;
1293, 0.492;
1294, 0.492;
1295, 0.491;
1296, 0.491;
1297, 0.49;
1298, 0.489;
1299, 0.489;
1300, 0.488;
1301, 0.487;
1302, 0.487;
1303, 0.486;
1304, 0.486;
1305, 0.485;
1306, 0.484;
1307, 0.484;
1308, 0.483;
1309, 0.482;
1310, 0.481;
1311, 0.481;
1312, 0.48;
1313, 0.479;
1314, 0.479;
1315, 0.478;
1316, 0.477;
1317, 0.477;
1318, 0.476;
1319, 0.475;
1320, 0.474;
1321, 0.474;
1322, 0.473;
1323, 0.472;
1324, 0.471;
1325, 0.471;
1326, 0.47;
1327, 0.469;
1328, 0.468;
1329, 0.468;
1330, 0.467;
1331, 0.466;
1332, 0.465;
1333, 0.465;
1334, 0.464;
1335, 0.463;
1336, 0.462;
1337, 0.461;
1338, 0.461;
1339, 0.46;
1340, 0.459;
1341, 0.458;
1342, 0.457;
1343, 0.457;
1344, 0.456;
1345, 0.455;
1346, 0.454;
1347, 0.453;
1348, 0.453;
1349, 0.452;
1350, 0.451;
1351, 0.45;
1352, 0.449;
1353, 0.448;
1354, 0.448;
1355, 0.447;
1356, 0.446;
1357, 0.445;
1358, 0.444;
1359, 0.443;
1360, 0.443;
1361, 0.442;
1362, 0.441;
1363, 0.44;
1364, 0.439;
1365, 0.439;
1366, 0.438;
1367, 0.437;
1368, 0.436;
1369, 0.435;
1370, 0.434;
1371, 0.434;
1372, 0.433;
1373, 0.432;
1374, 0.431;
1375, 0.43;
1376, 0.429;
1377, 0.429;
1378, 0.428;
1379, 0.427;
1380, 0.427;
1381, 0.426;
1382, 0.425;
1383, 0.424;
1384, 0.424;
1385, 0.423;
1386, 0.422;
1387, 0.422;
1388, 0.421;
1389, 0.42;
1390, 0.42;
1391, 0.419;
1392, 0.418;
1393, 0.418;
1394, 0.417;
1395, 0.416;
1396, 0.416;
1397, 0.415;
1398, 0.415;
1399, 0.414;
1400, 0.413;
1401, 0.413;
1402, 0.412;
1403, 0.411;
1404, 0.411;
1405, 0.41;
1406, 0.409;
1407, 0.409;
1408, 0.408;
1409, 0.407;
1410, 0.407;
1411, 0.406;
1412, 0.406;
1413, 0.405;
1414, 0.404;
1415, 0.404;
1416, 0.403;
1417, 0.403;
1418, 0.402;
1419, 0.401;
1420, 0.401;
1421, 0.4;
1422, 0.399;
1423, 0.399;
1424, 0.398;
1425, 0.398;
1426, 0.397;
1427, 0.397;
1428, 0.396;
1429, 0.395;
1430, 0.395;
1431, 0.394;
1432, 0.394;
1433, 0.393;
1434, 0.393;
1435, 0.392;
1436, 0.391;
1437, 0.391;
1438, 0.39;
1439, 0.39;
1440, 0.389;
1441, 0.389;
1442, 0.388;
1443, 0.388;
1444, 0.387;
1445, 0.387;
1446, 0.386;
1447, 0.385;
1448, 0.385;
1449, 0.384;
1450, 0.384;
1451, 0.383;
1452, 0.383;
1453, 0.382;
1454, 0.382;
1455, 0.381;
1456, 0.381;
1457, 0.381;
1458, 0.38;
1459, 0.38;
1460, 0.379;
1461, 0.379;
1462, 0.378;
1463, 0.378;
1464, 0.377;
1465, 0.377;
1466, 0.376;
1467, 0.376;
1468, 0.375;
1469, 0.375;
1470, 0.375;
1471, 0.374;
1472, 0.374;
1473, 0.373;
1474, 0.373;
1475, 0.373;
1476, 0.372;
1477, 0.372;
1478, 0.371;
1479, 0.371;
1480, 0.371;
1481, 0.37;
1482, 0.37;
1483, 0.369;
1484, 0.369;
1485, 0.369;
1486, 0.368;
1487, 0.368;
1488, 0.368;
1489, 0.367;
1490, 0.367;
1491, 0.367;
1492, 0.366;
1493, 0.366;
1494, 0.366;
1495, 0.365;
1496, 0.365;
1497, 0.365;
1498, 0.365;
1499, 0.364;
1500, 0.364;
1501, 0.364;
1502, 0.363;
1503, 0.363;
1504, 0.363;
1505, 0.363;
1506, 0.362;
1507, 0.362;
1508, 0.362;
1509, 0.362;
1510, 0.362;
1511, 0.361;
1512, 0.361;
1513, 0.361;
1514, 0.361;
1515, 0.361;
1516, 0.36;
1517, 0.36;
1518, 0.36;
1519, 0.36;
1520, 0.36;
1521, 0.359;
1522, 0.359;
1523, 0.359;
1524, 0.359;
1525, 0.359;
1526, 0.359;
1527, 0.359;
1528, 0.359;
1529, 0.358;
1530, 0.358;
1531, 0.358;
1532, 0.358;
1533, 0.358;
1534, 0.358;
1535, 0.358;
1536, 0.358;
1537, 0.358;
1538, 0.358;
1539, 0.358;
1540, 0.358;
1541, 0.358;
1542, 0.358;
1543, 0.358;
1544, 0.358;
1545, 0.358;
1546, 0.358;
1547, 0.358;
1548, 0.358;
1549, 0.358;
1550, 0.358;
1551, 0.358;
1552, 0.358;
1553, 0.358;
1554, 0.358;
1555, 0.358;
1556, 0.358;
1557, 0.358;
1558, 0.358;
1559, 0.359;
1560, 0.359;
1561, 0.359;
1562, 0.359;
1563, 0.359;
1564, 0.359;
1565, 0.359;
1566, 0.359;
1567, 0.36;
1568, 0.36;
1569, 0.36;
1570, 0.36;
1571, 0.36;
1572, 0.361;
1573, 0.361;
1574, 0.361;
1575, 0.361;
1576, 0.362;
1577, 0.362;
1578, 0.362;
1579, 0.362;
1580, 0.363;
1581, 0.363;
1582, 0.363;
1583, 0.363;
1584, 0.364;
1585, 0.364;
1586, 0.364;
1587, 0.365;
1588, 0.365;
1589, 0.365;
1590, 0.366;
1591, 0.366;
1592, 0.367;
1593, 0.367;
1594, 0.367;
1595, 0.368;
1596, 0.368;
1597, 0.369;
1598, 0.369;
1599, 0.369;
1600, 0.37;
1601, 0.37;
1602, 0.371;
1603, 0.371;
1604, 0.372;
1605, 0.372;
1606, 0.373;
1607, 0.373;
1608, 0.374;
1609, 0.374;
1610, 0.375;
1611, 0.375;
1612, 0.376;
1613, 0.377;
1614, 0.377;
1615, 0.378;
1616, 0.378;
1617, 0.379;
1618, 0.38;
1619, 0.38;
1620, 0.381;
1621, 0.381;
1622, 0.382;
1623, 0.383;
1624, 0.383;
1625, 0.384;
1626, 0.385;
1627, 0.386;
1628, 0.386;
1629, 0.387;
1630, 0.388;
1631, 0.388;
1632, 0.389;
1633, 0.39;
1634, 0.391;
1635, 0.392;
1636, 0.392;
1637, 0.393;
1638, 0.394;
1639, 0.395;
1640, 0.396;
1641, 0.396;
1642, 0.397;
1643, 0.398;
1644, 0.399;
1645, 0.4;
1646, 0.402;
1647, 0.404;
1648, 0.407;
1649, 0.409;
1650, 0.411;
1651, 0.413;
1652, 0.415;
1653, 0.418;
1654, 0.42;
1655, 0.422;
1656, 0.425;
1657, 0.427;
1658, 0.429;
1659, 0.431;
1660, 0.434;
1661, 0.436;
1662, 0.438;
1663, 0.441;
1664, 0.443;
1665, 0.445;
1666, 0.448;
1667, 0.45;
1668, 0.453;
1669, 0.455;
1670, 0.457;
1671, 0.46;
1672, 0.462;
1673, 0.465;
1674, 0.467;
1675, 0.47;
1676, 0.472;
1677, 0.474;
1678, 0.477;
1679, 0.479;
1680, 0.482;
1681, 0.484;
1682, 0.487;
1683, 0.489;
1684, 0.492;
1685, 0.494;
1686, 0.497;
1687, 0.499;
1688, 0.502;
1689, 0.504;
1690, 0.507;
1691, 0.509;
1692, 0.512;
1693, 0.514;
1694, 0.517;
1695, 0.52;
1696, 0.522;
1697, 0.525;
1698, 0.527;
1699, 0.53;
1700, 0.532;
1701, 0.535;
1702, 0.538;
1703, 0.54;
1704, 0.543;
1705, 0.545;
1706, 0.548;
1707, 0.551;
1708, 0.553;
1709, 0.556;
1710, 0.558;
1711, 0.561;
1712, 0.564;
1713, 0.566;
1714, 0.569;
1715, 0.571;
1716, 0.573;
1717, 0.575;
1718, 0.577;
1719, 0.579;
1720, 0.581;
1721, 0.583;
1722, 0.585;
1723, 0.587;
1724, 0.589;
1725, 0.591;
1726, 0.593;
1727, 0.595;
1728, 0.597;
1729, 0.599;
1730, 0.601;
1731, 0.603;
1732, 0.605;
1733, 0.607;
1734, 0.609;
1735, 0.611;
1736, 0.613;
1737, 0.615;
1738, 0.617;
1739, 0.619;
1740, 0.621;
1741, 0.623;
1742, 0.625;
1743, 0.627;
1744, 0.629;
1745, 0.631;
1746, 0.633;
1747, 0.635;
1748, 0.637;
1749, 0.639;
1750, 0.641;
1751, 0.643;
1752, 0.645;
1753, 0.647;
1754, 0.649;
1755, 0.65;
1756, 0.652;
1757, 0.654;
1758, 0.656;
1759, 0.658;
1760, 0.66;
1761, 0.662;
1762, 0.664;
1763, 0.666;
1764, 0.668;
1765, 0.67;
1766, 0.671;
1767, 0.673;
1768, 0.675;
1769, 0.677;
1770, 0.679;
1771, 0.681;
1772, 0.683;
1773, 0.684;
1774, 0.686;
1775, 0.688;
1776, 0.69;
1777, 0.692;
1778, 0.694;
1779, 0.695;
1780, 0.697;
1781, 0.699;
1782, 0.701;
1783, 0.702;
1784, 0.704;
1785, 0.706;
1786, 0.708;
1787, 0.709;
1788, 0.711;
1789, 0.713;
1790, 0.714;
1791, 0.716;
1792, 0.718;
1793, 0.719;
1794, 0.721;
1795, 0.723;
1796, 0.724;
1797, 0.726;
1798, 0.728;
1799, 0.729;
1800, 0.731;
1801, 0.732;
1802, 0.734;
1803, 0.735;
1804, 0.737;
1805, 0.739;
1806, 0.74;
1807, 0.742;
1808, 0.743;
1809, 0.745;
1810, 0.746;
1811, 0.747;
1812, 0.749;
1813, 0.75;
1814, 0.752;
1815, 0.753;
1816, 0.755;
1817, 0.756;
1818, 0.757;
1819, 0.759;
1820, 0.76;
1821, 0.761;
1822, 0.763;
1823, 0.764;
1824, 0.765;
1825, 0.766;
1826, 0.768;
1827, 0.769;
1828, 0.77;
1829, 0.771;
1830, 0.772;
1831, 0.774;
1832, 0.775;
1833, 0.776;
1834, 0.777;
1835, 0.778;
1836, 0.779;
1837, 0.78;
1838, 0.781;
1839, 0.782;
1840, 0.783;
1841, 0.784;
1842, 0.785;
1843, 0.786;
1844, 0.787;
1845, 0.788;
1846, 0.789;
1847, 0.79;
1848, 0.791;
1849, 0.792;
1850, 0.792;
1851, 0.793;
1852, 0.794;
1853, 0.795;
1854, 0.796;
1855, 0.796;
1856, 0.797;
1857, 0.798;
1858, 0.798;
1859, 0.799;
1860, 0.8;
1861, 0.8;
1862, 0.801;
1863, 0.801;
1864, 0.802;
1865, 0.802;
1866, 0.803;
1867, 0.803;
1868, 0.804;
1869, 0.804;
1870, 0.805;
1871, 0.805;
1872, 0.806;
1873, 0.806;
1874, 0.806;
1875, 0.806;
1876, 0.807;
1877, 0.807;
1878, 0.807;
1879, 0.807;
1880, 0.808;
1881, 0.808;
1882, 0.808;
1883, 0.808;
1884, 0.808;
1885, 0.808;
1886, 0.808;
1887, 0.808;
1888, 0.808;
1889, 0.808;
1890, 0.808;
1891, 0.808;
1892, 0.808;
1893, 0.808;
1894, 0.808;
1895, 0.807;
1896, 0.807;
1897, 0.807;
1898, 0.807;
1899, 0.806;
1900, 0.806;
1901, 0.806;
1902, 0.805;
1903, 0.805;
1904, 0.804;
1905, 0.804;
1906, 0.804;
1907, 0.803;
1908, 0.802;
1909, 0.802;
1910, 0.801;
1911, 0.801;
1912, 0.8;
1913, 0.797;
1914, 0.794;
1915, 0.791;
1916, 0.788;
1917, 0.785;
1918, 0.781;
1919, 0.778;
1920, 0.775;
1921, 0.772;
1922, 0.768;
1923, 0.765;
1924, 0.762;
1925, 0.759;
1926, 0.755;
1927, 0.752;
1928, 0.748;
1929, 0.745;
1930, 0.742;
1931, 0.738;
1932, 0.735;
1933, 0.731;
1934, 0.728;
1935, 0.724;
1936, 0.721;
1937, 0.717;
1938, 0.713;
1939, 0.71;
1940, 0.706;
1941, 0.703;
1942, 0.699;
1943, 0.695;
1944, 0.692;
1945, 0.688;
1946, 0.684;
1947, 0.681;
1948, 0.677;
1949, 0.673;
1950, 0.67;
1951, 0.666;
1952, 0.662;
1953, 0.659;
1954, 0.655;
1955, 0.651;
1956, 0.648;
1957, 0.644;
1958, 0.64;
1959, 0.636;
1960, 0.633;
1961, 0.629;
1962, 0.625;
1963, 0.622;
1964, 0.618;
1965, 0.614;
1966, 0.61;
1967, 0.607;
1968, 0.603;
1969, 0.599;
1970, 0.596;
1971, 0.592;
1972, 0.588;
1973, 0.585;
1974, 0.581;
1975, 0.577;
1976, 0.574;
1977, 0.57;
1978, 0.566;
1979, 0.563;
1980, 0.559;
1981, 0.555;
1982, 0.552;
1983, 0.548;
1984, 0.545;
1985, 0.541;
1986, 0.538;
1987, 0.534;
1988, 0.531;
1989, 0.527;
1990, 0.524;
1991, 0.52;
1992, 0.517;
1993, 0.513;
1994, 0.51;
1995, 0.507;
1996, 0.503;
1997, 0.5;
1998, 0.498;
1999, 0.497;
2000, 0.495;
2001, 0.494;
2002, 0.493;
2003, 0.491;
2004, 0.49;
2005, 0.488;
2006, 0.487;
2007, 0.486;
2008, 0.484;
2009, 0.483;
2010, 0.482;
2011, 0.48;
2012, 0.479;
2013, 0.478;
2014, 0.477;
2015, 0.476;
2016, 0.474;
2017, 0.473;
2018, 0.472;
2019, 0.471;
2020, 0.47;
2021, 0.469;
2022, 0.468;
2023, 0.467;
2024, 0.466;
2025, 0.465;
2026, 0.464;
2027, 0.463;
2028, 0.462;
2029, 0.461;
2030, 0.46;
2031, 0.46;
2032, 0.459;
2033, 0.458;
2034, 0.457;
2035, 0.456;
2036, 0.456;
2037, 0.455;
2038, 0.454;
2039, 0.454;
2040, 0.453;
2041, 0.452;
2042, 0.452;
2043, 0.451;
2044, 0.45;
2045, 0.45;
2046, 0.449;
2047, 0.449;
2048, 0.448;
2049, 0.448;
2050, 0.447;
2051, 0.447;
2052, 0.446;
2053, 0.446;
2054, 0.446;
2055, 0.445;
2056, 0.445;
2057, 0.444;
2058, 0.444;
2059, 0.444;
2060, 0.444;
2061, 0.443;
2062, 0.443;
2063, 0.443;
2064, 0.443;
2065, 0.442;
2066, 0.442;
2067, 0.442;
2068, 0.442;
2069, 0.442;
2070, 0.442;
2071, 0.441;
2072, 0.441;
2073, 0.441;
2074, 0.441;
2075, 0.441;
2076, 0.441;
2077, 0.441;
2078, 0.441;
2079, 0.441;
2080, 0.441;
2081, 0.441;
2082, 0.442;
2083, 0.442;
2084, 0.442;
2085, 0.442;
2086, 0.442;
2087, 0.442;
2088, 0.442;
2089, 0.443;
2090, 0.443;
2091, 0.443;
2092, 0.443;
2093, 0.444;
2094, 0.444;
2095, 0.444;
2096, 0.445;
2097, 0.445;
2098, 0.445;
2099, 0.446;
2100, 0.446;
2101, 0.446;
2102, 0.447;
2103, 0.447;
2104, 0.448;
2105, 0.448;
2106, 0.449;
2107, 0.449;
2108, 0.45;
2109, 0.45;
2110, 0.451;
2111, 0.451;
2112, 0.452;
2113, 0.452;
2114, 0.453;
2115, 0.453;
2116, 0.454;
2117, 0.455;
2118, 0.455;
2119, 0.456;
2120, 0.457;
2121, 0.457;
2122, 0.458;
2123, 0.459;
2124, 0.46;
2125, 0.46;
2126, 0.461;
2127, 0.462;
2128, 0.463;
2129, 0.464;
2130, 0.464;
2131, 0.465;
2132, 0.466;
2133, 0.467;
2134, 0.468;
2135, 0.469;
2136, 0.47;
2137, 0.47;
2138, 0.471;
2139, 0.472;
2140, 0.473;
2141, 0.474;
2142, 0.475;
2143, 0.476;
2144, 0.477;
2145, 0.478;
2146, 0.479;
2147, 0.48;
2148, 0.481;
2149, 0.482;
2150, 0.484;
2151, 0.485;
2152, 0.486;
2153, 0.487;
2154, 0.488;
2155, 0.489;
2156, 0.49;
2157, 0.491;
2158, 0.493;
2159, 0.494;
2160, 0.495;
2161, 0.496;
2162, 0.498;
2163, 0.499;
2164, 0.5;
2165, 0.501;
2166, 0.503;
2167, 0.504;
2168, 0.505;
2169, 0.506;
2170, 0.508;
2171, 0.509;
2172, 0.51;
2173, 0.512;
2174, 0.513;
2175, 0.515;
2176, 0.516;
2177, 0.517;
2178, 0.519;
2179, 0.52;
2180, 0.522;
2181, 0.523;
2182, 0.524;
2183, 0.526;
2184, 0.527;
2185, 0.529;
2186, 0.53;
2187, 0.532;
2188, 0.533;
2189, 0.535;
2190, 0.536;
2191, 0.538;
2192, 0.54;
2193, 0.541;
2194, 0.543;
2195, 0.544;
2196, 0.546;
2197, 0.547;
2198, 0.549;
2199, 0.551;
2200, 0.552;
2201, 0.554;
2202, 0.556;
2203, 0.557;
2204, 0.559;
2205, 0.561;
2206, 0.562;
2207, 0.564;
2208, 0.566;
2209, 0.567;
2210, 0.569;
2211, 0.571;
2212, 0.573;
2213, 0.574;
2214, 0.576;
2215, 0.578;
2216, 0.58;
2217, 0.581;
2218, 0.583;
2219, 0.585;
2220, 0.587;
2221, 0.589;
2222, 0.59;
2223, 0.592;
2224, 0.594;
2225, 0.596;
2226, 0.598;
2227, 0.6;
2228, 0.601;
2229, 0.603;
2230, 0.605;
2231, 0.607;
2232, 0.609;
2233, 0.611;
2234, 0.613;
2235, 0.615;
2236, 0.617;
2237, 0.619;
2238, 0.62;
2239, 0.622;
2240, 0.624;
2241, 0.626;
2242, 0.628;
2243, 0.63;
2244, 0.632;
2245, 0.634;
2246, 0.636;
2247, 0.638;
2248, 0.64;
2249, 0.642;
2250, 0.644;
2251, 0.646;
2252, 0.648;
2253, 0.65;
2254, 0.652;
2255, 0.654;
2256, 0.656;
2257, 0.659;
2258, 0.661;
2259, 0.663;
2260, 0.665;
2261, 0.667;
2262, 0.669;
2263, 0.671;
2264, 0.673;
2265, 0.675;
2266, 0.677;
2267, 0.679;
2268, 0.682;
2269, 0.684;
2270, 0.686;
2271, 0.688;
2272, 0.69;
2273, 0.692;
2274, 0.694;
2275, 0.696;
2276, 0.699;
2277, 0.701;
2278, 0.703;
2279, 0.705;
2280, 0.707;
2281, 0.709;
2282, 0.712;
2283, 0.714;
2284, 0.716;
2285, 0.718;
2286, 0.72;
2287, 0.723;
2288, 0.725;
2289, 0.727;
2290, 0.729;
2291, 0.731;
2292, 0.734;
2293, 0.736;
2294, 0.738;
2295, 0.74;
2296, 0.743;
2297, 0.745;
2298, 0.747;
2299, 0.749;
2300, 0.752;
2301, 0.754;
2302, 0.756;
2303, 0.758;
2304, 0.761;
2305, 0.763;
2306, 0.765;
2307, 0.767;
2308, 0.77;
2309, 0.772;
2310, 0.774;
2311, 0.776;
2312, 0.779;
2313, 0.781;
2314, 0.783;
2315, 0.786;
2316, 0.788;
2317, 0.79;
2318, 0.792;
2319, 0.795;
2320, 0.797;
2321, 0.799;
2322, 0.802;
2323, 0.804;
2324, 0.806;
2325, 0.809;
2326, 0.811;
2327, 0.813;
2328, 0.815;
2329, 0.818;
2330, 0.82;
2331, 0.822;
2332, 0.825;
2333, 0.827;
2334, 0.829;
2335, 0.832;
2336, 0.834;
2337, 0.836;
2338, 0.839;
2339, 0.841;
2340, 0.843;
2341, 0.845;
2342, 0.848;
2343, 0.85;
2344, 0.852;
2345, 0.855;
2346, 0.857;
2347, 0.859;
2348, 0.862;
2349, 0.864;
2350, 0.866;
2351, 0.869;
2352, 0.871;
2353, 0.873;
2354, 0.876;
2355, 0.878;
2356, 0.88;
2357, 0.883;
2358, 0.885;
2359, 0.887;
2360, 0.89;
2361, 0.892;
2362, 0.894;
2363, 0.896;
2364, 0.899;
2365, 0.901;
2366, 0.903;
2367, 0.906;
2368, 0.908;
2369, 0.91;
2370, 0.913;
2371, 0.915;
2372, 0.917;
2373, 0.92;
2374, 0.922;
2375, 0.924;
2376, 0.926;
2377, 0.929;
2378, 0.931;
2379, 0.933;
2380, 0.936;
2381, 0.938;
2382, 0.94;
2383, 0.942;
2384, 0.945;
2385, 0.947;
2386, 0.949;
2387, 0.952;
2388, 0.954;
2389, 0.956;
2390, 0.958;
2391, 0.961;
2392, 0.963;
2393, 0.965;
2394, 0.967;
2395, 0.97;
2396, 0.972;
2397, 0.974;
2398, 0.976;
2399, 0.979;
2400, 0.981;
2401, 0.983;
2402, 0.985;
2403, 0.987;
2404, 0.99;
2405, 0.992;
2406, 0.994;
2407, 0.996;
2408, 0.999;
2409, 1.001;
2410, 1.003;
2411, 1.005;
2412, 1.007;
2413, 1.01;
2414, 1.012;
2415, 1.014;
2416, 1.016;
2417, 1.018;
2418, 1.02;
2419, 1.023;
2420, 1.025;
2421, 1.027;
2422, 1.029;
2423, 1.031;
2424, 1.033;
2425, 1.035;
2426, 1.038;
2427, 1.04;
2428, 1.042;
2429, 1.044;
2430, 1.046;
2431, 1.048;
2432, 1.05;
2433, 1.052;
2434, 1.054;
2435, 1.056;
2436, 1.059;
2437, 1.061;
2438, 1.063;
2439, 1.065;
2440, 1.067;
2441, 1.069;
2442, 1.071;
2443, 1.073;
2444, 1.075;
2445, 1.077;
2446, 1.079;
2447, 1.081;
2448, 1.083;
2449, 1.085;
2450, 1.087;
2451, 1.089;
2452, 1.091;
2453, 1.093;
2454, 1.095;
2455, 1.097;
2456, 1.099;
2457, 1.101;
2458, 1.103;
2459, 1.105;
2460, 1.107;
2461, 1.109;
2462, 1.11;
2463, 1.112;
2464, 1.114;
2465, 1.116;
2466, 1.118;
2467, 1.12;
2468, 1.122;
2469, 1.124;
2470, 1.125;
2471, 1.127;
2472, 1.129;
2473, 1.131;
2474, 1.133;
2475, 1.135;
2476, 1.136;
2477, 1.138;
2478, 1.14;
2479, 1.142;
2480, 1.144;
2481, 1.145;
2482, 1.147;
2483, 1.149;
2484, 1.151;
2485, 1.152;
2486, 1.154;
2487, 1.156;
2488, 1.157;
2489, 1.159;
2490, 1.161;
2491, 1.162;
2492, 1.164;
2493, 1.166;
2494, 1.167;
2495, 1.169;
2496, 1.171;
2497, 1.172;
2498, 1.174;
2499, 1.176;
2500, 1.177;
2501, 1.179;
2502, 1.18;
2503, 1.182;
2504, 1.183;
2505, 1.185;
2506, 1.186;
2507, 1.188;
2508, 1.19;
2509, 1.191;
2510, 1.193;
2511, 1.194;
2512, 1.195;
2513, 1.197;
2514, 1.198;
2515, 1.2;
2516, 1.201;
2517, 1.203;
2518, 1.204;
2519, 1.206;
2520, 1.207;
2521, 1.208;
2522, 1.21;
2523, 1.211;
2524, 1.212;
2525, 1.214;
2526, 1.215;
2527, 1.216;
2528, 1.218;
2529, 1.219;
2530, 1.22;
2531, 1.221;
2532, 1.223;
2533, 1.224;
2534, 1.225;
2535, 1.226;
2536, 1.228;
2537, 1.229;
2538, 1.23;
2539, 1.231;
2540, 1.232;
2541, 1.234;
2542, 1.235;
2543, 1.236;
2544, 1.237;
2545, 1.238;
2546, 1.239;
2547, 1.24;
2548, 1.241;
2549, 1.242;
2550, 1.243;
2551, 1.244;
2552, 1.245;
2553, 1.246;
2554, 1.247;
2555, 1.248;
2556, 1.249;
2557, 1.25;
2558, 1.251;
2559, 1.252;
2560, 1.253;
2561, 1.254;
2562, 1.255;
2563, 1.256;
2564, 1.256;
2565, 1.257;
2566, 1.258;
2567, 1.259;
2568, 1.26;
2569, 1.261;
2570, 1.261;
2571, 1.262;
2572, 1.263;
2573, 1.264;
2574, 1.264;
2575, 1.265;
2576, 1.266;
2577, 1.266;
2578, 1.267;
2579, 1.268;
2580, 1.268;
2581, 1.269;
2582, 1.269;
2583, 1.27;
2584, 1.271;
2585, 1.271;
2586, 1.272;
2587, 1.272;
2588, 1.273;
2589, 1.273;
2590, 1.274;
2591, 1.274;
2592, 1.275;
2593, 1.275;
2594, 1.275;
2595, 1.276;
2596, 1.276;
2597, 1.277;
2598, 1.277;
2599, 1.277;
2600, 1.278;
2601, 1.278;
2602, 1.278;
2603, 1.278;
2604, 1.279;
2605, 1.279;
2606, 1.279;
2607, 1.279;
2608, 1.28;
2609, 1.28;
2610, 1.28;
2611, 1.28;
2612, 1.28;
2613, 1.28;
2614, 1.28;
2615, 1.281;
2616, 1.281;
2617, 1.281;
2618, 1.281;
2619, 1.281;
2620, 1.281;
2621, 1.281;
2622, 1.281;
2623, 1.281;
2624, 1.28;
2625, 1.28;
2626, 1.28;
2627, 1.28;
2628, 1.28;
2629, 1.28;
2630, 1.28;
2631, 1.279;
2632, 1.279;
2633, 1.279;
2634, 1.279;
2635, 1.278;
2636, 1.278;
2637, 1.278;
2638, 1.278;
2639, 1.277;
2640, 1.277;
2641, 1.276;
2642, 1.276;
2643, 1.276;
2644, 1.275;
2645, 1.275;
2646, 1.274;
2647, 1.274;
2648, 1.273;
2649, 1.273;
2650, 1.272;
2651, 1.272;
2652, 1.271;
2653, 1.27;
2654, 1.27;
2655, 1.269;
2656, 1.269;
2657, 1.268;
2658, 1.267;
2659, 1.266;
2660, 1.266;
2661, 1.265;
2662, 1.264;
2663, 1.263;
2664, 1.263;
2665, 1.262;
2666, 1.261;
2667, 1.26;
2668, 1.259;
2669, 1.258;
2670, 1.257;
2671, 1.256;
2672, 1.255;
2673, 1.254;
2674, 1.253;
2675, 1.252;
2676, 1.251;
2677, 1.25;
2678, 1.249;
2679, 1.248;
2680, 1.247;
2681, 1.246;
2682, 1.244;
2683, 1.243;
2684, 1.242;
2685, 1.241;
2686, 1.239;
2687, 1.238;
2688, 1.237;
2689, 1.235;
2690, 1.234;
2691, 1.233;
2692, 1.231;
2693, 1.23;
2694, 1.228;
2695, 1.227;
2696, 1.225;
2697, 1.224;
2698, 1.222;
2699, 1.221;
2700, 1.219;
2701, 1.218;
2702, 1.216;
2703, 1.214;
2704, 1.213;
2705, 1.211;
2706, 1.209;
2707, 1.208;
2708, 1.206;
2709, 1.204;
2710, 1.202;
2711, 1.2;
2712, 1.199;
2713, 1.197;
2714, 1.195;
2715, 1.193;
2716, 1.191;
2717, 1.189;
2718, 1.187;
2719, 1.185;
2720, 1.183;
2721, 1.181;
2722, 1.179;
2723, 1.177;
2724, 1.175;
2725, 1.173;
2726, 1.17;
2727, 1.168;
2728, 1.166;
2729, 1.164;
2730, 1.161;
2731, 1.159;
2732, 1.157;
2733, 1.154;
2734, 1.152;
2735, 1.15;
2736, 1.147;
2737, 1.145;
2738, 1.142;
2739, 1.14;
2740, 1.137;
2741, 1.135;
2742, 1.132;
2743, 1.13;
2744, 1.127;
2745, 1.124;
2746, 1.122;
2747, 1.119;
2748, 1.116;
2749, 1.114;
2750, 1.111;
2751, 1.108;
2752, 1.105;
2753, 1.102;
2754, 1.1;
2755, 1.097;
2756, 1.094;
2757, 1.091;
2758, 1.088;
2759, 1.085;
2760, 1.082;
2761, 1.079;
2762, 1.076;
2763, 1.073;
2764, 1.07;
2765, 1.066;
2766, 1.063;
2767, 1.06;
2768, 1.057;
2769, 1.054;
2770, 1.05;
2771, 1.047;
2772, 1.044;
2773, 1.04;
2774, 1.037;
2775, 1.033;
2776, 1.03;
2777, 1.027;
2778, 1.023;
2779, 1.02;
2780, 1.016;
2781, 1.012;
2782, 1.009;
2783, 1.005;
2784, 1.002;
2785, 0.998;
2786, 0.994;
2787, 0.99;
2788, 0.987;
2789, 0.983;
2790, 0.979;
2791, 0.975;
2792, 0.971;
2793, 0.967;
2794, 0.963;
2795, 0.959;
2796, 0.955;
2797, 0.951;
2798, 0.947;
2799, 0.943;
2800, 0.939;
2801, 0.935;
2802, 0.931;
2803, 0.927;
2804, 0.923;
2805, 0.918;
2806, 0.914;
2807, 0.91;
2808, 0.905;
2809, 0.901;
2810, 0.897;
2811, 0.892;
2812, 0.888;
2813, 0.883;
2814, 0.879;
2815, 0.874;
2816, 0.87;
2817, 0.865;
2818, 0.86;
2819, 0.856;
2820, 0.851;
2821, 0.846;
2822, 0.842;
2823, 0.837;
2824, 0.832;
2825, 0.827;
2826, 0.822;
2827, 0.817;
2828, 0.813;
2829, 0.808;
2830, 0.803;
2831, 0.798;
2832, 0.793;
2833, 0.787;
2834, 0.782;
2835, 0.777;
2836, 0.772;
2837, 0.767;
2838, 0.762;
2839, 0.756;
2840, 0.751;
2841, 0.746;
2842, 0.74;
2843, 0.735;
2844, 0.73;
2845, 0.724;
2846, 0.719;
2847, 0.713;
2848, 0.708;
2849, 0.702;
2850, 0.696;
2851, 0.691;
2852, 0.685;
2853, 0.679;
2854, 0.674;
2855, 0.668;
2856, 0.662;
2857, 0.656;
2858, 0.65;
2859, 0.645;
2860, 0.639;
2861, 0.633;
2862, 0.627;
2863, 0.621;
2864, 0.615;
2865, 0.608;
2866, 0.602;
2867, 0.596;
2868, 0.59;
2869, 0.584;
2870, 0.578;
2871, 0.571;
2872, 0.565;
2873, 0.559;
2874, 0.552;
2875, 0.546;
2876, 0.539;
2877, 0.533;
2878, 0.526;
2879, 0.52;
2880, 0.513;
2881, 0.507;
2882, 0.5;
2883, 99999;
