0.0
0.05
0.099
0.147
0.193
0.239
0.283
0.327
0.369
0.41
0.45
0.489
0.528
0.565
0.601
0.636
0.67
0.703
0.735
0.766
0.796
0.825
0.853
0.881
0.907
0.933
0.957
0.981
1.004
1.026
1.047
1.067
1.087
1.106
1.123
1.14
1.157
1.172
1.187
1.201
1.214
1.226
1.238
1.249
1.259
1.269
1.278
1.286
1.293
1.3
1.307
1.312
1.317
1.321
1.325
1.328
1.331
1.333
1.334
1.335
1.335
1.335
1.334
1.333
1.331
1.329
1.326
1.323
1.319
1.315
1.31
1.305
1.299
1.294
1.287
1.28
1.273
1.266
1.258
1.25
1.241
1.232
1.223
1.214
1.204
1.194
1.183
1.173
1.162
1.15
1.139
1.127
1.115
1.103
1.091
1.078
1.066
1.053
1.04
1.027
1.013
1.0
0.986
0.973
0.959
0.945
0.931
0.917
0.903
0.889
0.875
0.861
0.846
0.832
0.818
0.804
0.79
0.775
0.761
0.747
0.733
0.719
0.705
0.692
0.678
0.665
0.651
0.638
0.625
0.612
0.599
0.586
0.574
0.562
0.549
0.538
0.526
0.515
0.503
0.493
0.482
0.472
0.462
0.452
0.442
0.433
0.424
0.416
0.408
0.4
0.393
0.386
0.379
0.373
0.367
0.362
0.357
0.352
0.348
0.344
0.341
0.338
0.336
0.335
0.333
0.333
0.333
0.333
0.334
0.335
0.337
0.339
0.342
0.345
0.348
0.352
0.356
0.361
0.366
0.372
0.377
0.384
0.39
0.397
0.404
0.411
0.419
0.427
0.435
0.444
0.453
0.461
0.471
0.48
0.49
0.499
0.509
0.519
0.53
0.54
0.551
0.561
0.572
0.583
0.594
0.605
0.616
0.627
0.638
0.65
0.661
0.672
0.683
0.695
0.706
0.717
0.728
0.739
0.75
0.761
0.772
0.783
0.793
0.804
0.814
0.824
0.835
0.844
0.854
0.864
0.873
0.882
0.891
0.9
0.908
0.916
0.924
0.932
0.939
0.946
0.953
0.959
0.965
0.971
0.976
0.981
0.986
0.99
0.994
0.997
1.0
1.003
1.005
1.006
1.008
1.009
1.009
1.01
1.01
1.01
1.009
1.009
1.008
1.007
1.006
1.004
1.003
1.002
1.0
0.998
0.997
0.995
0.994
0.992
0.991
0.989
0.988
0.987
0.986
0.985
0.984
0.984
0.984
0.984
0.984
0.985
0.986
0.987
0.989
0.991
0.994
0.997
1.0
1.004
1.008
1.013
1.018
1.024
1.03
1.036
1.043
1.05
1.058
1.065
1.073
1.082
1.09
1.099
1.108
1.118
1.127
1.137
1.147
1.157
1.167
1.177
1.188
1.198
1.209
1.22
1.23
1.241
1.252
1.262
1.273
1.284
1.294
1.305
1.315
1.326
1.336
1.346
1.356
1.365
1.375
1.384
1.394
1.402
1.411
1.42
1.428
1.435
1.443
1.45
1.457
1.463
1.47
1.475
1.48
1.485
1.49
1.494
1.497
1.5
1.503
1.505
1.506
1.507
1.507
1.507
1.506
1.504
1.502
1.499
1.496
1.492
1.487
1.481
1.475
1.468
1.46
1.451
1.442
1.432
1.421
1.409
1.396
1.382
1.368
1.352
1.336
1.319
1.3
1.281
1.261
1.24
1.217
1.194
1.169
1.144
1.117
1.09
1.061
1.031
1.0
0.968
0.934
0.9
0.865
0.828
0.791
0.754
0.715
0.676
0.636
0.596
0.555
0.514
0.473
0.432
0.39
0.348
0.306
0.265
0.223
0.181
0.14
0.099
0.059
0.019
-0.021
-0.06
-0.098
-0.135
-0.172
-0.208
-0.243
-0.277
-0.31
-0.342
-0.372
-0.402
-0.43
-0.456
-0.481
-0.505
-0.527
-0.547
-0.566
-0.583
-0.598
-0.611
-0.622
-0.631
-0.637
-0.642
-0.644
-0.644
-0.642
-0.637
-0.629
-0.619
-0.606
-0.591
-0.572
-0.551
-0.527
-0.5
-0.47
-0.436
-0.399
-0.359
-0.316
-0.269
-0.219
-0.165
-0.108
-0.047
0.018
0.087
0.16
0.236
0.317
0.402
0.491
0.584
0.681
0.783
0.889
1.0
1.115
1.234
1.355
1.478
1.602
1.725
1.847
1.966
2.082
2.194
2.301
2.401
2.494
2.578
2.653
2.718
2.772
2.813
2.841
2.855
2.854
2.836
2.802
2.749
2.677
2.584
2.471
2.335
2.176
1.993
1.785
1.551
1.289
1.0
0.687
0.38
0.111
-0.091
-0.227
-0.304
-0.329
-0.31
-0.254
-0.168
-0.059
0.066
0.199
0.333
0.463
0.586
0.703
0.815
0.921
1.021
1.116
1.206
1.29
1.37
1.444
1.513
1.578
1.637
1.693
1.743
1.789
1.831
1.869
1.903
1.933
1.959
1.981
1.999
2.014
2.026
2.034
2.039
2.041
2.04
2.036
2.029
2.019
2.007
1.993
1.976
1.957
1.935
1.912
1.886
1.859
1.83
1.8
1.767
1.734
1.699
1.663
1.626
1.588
1.549
1.509
1.469
1.428
1.386
1.344
1.302
1.26
1.218
1.175
1.133
1.092
1.05
1.009
0.969
0.93
0.891
0.853
0.816
0.781
0.746
0.713
0.682
0.652
0.623
0.597
0.572
0.549
0.529
0.51
0.494
0.48
0.469
0.461
0.455
0.452
0.452
0.455
0.461
0.47
0.481
0.496
0.512
0.531
0.552
0.575
0.599
0.625
0.652
0.68
0.709
0.738
0.768
0.798
0.828
0.859
0.888
0.917
0.946
0.974
1.0
1.025
1.049
1.072
1.093
1.114
1.133
1.151
1.167
1.183
1.198
1.211
1.224
1.235
1.246
1.256
1.264
1.272
1.279
1.285
1.29
1.295
1.298
1.301
1.303
1.305
1.305
1.305
1.305
1.303
1.302
1.299
1.296
1.293
1.289
1.284
1.28
1.274
1.269
1.263
1.256
1.249
1.242
1.235
1.227
1.22
1.212
1.203
1.195
1.187
1.178
1.169
1.161
1.152
1.143
1.135
1.126
1.117
1.109
1.1
1.092
1.084
1.076
1.068
1.061
1.053
1.046
1.04
1.033
1.027
1.022
1.017
1.012
1.008
1.004
1.0
0.998
0.995
0.994
0.993
0.992
0.992
0.993
0.995
0.997
1.0
1.004
1.008
1.011
1.014
1.016
1.016
1.014
1.008
1.0
0.988
0.972
0.953
0.931
0.907
0.879
0.85
0.819
0.785
0.751
0.715
0.678
0.641
0.603
0.564
0.526
0.489
0.452
0.415
0.38
0.347
0.314
0.284
0.256
0.23
0.207
0.187
0.17
0.157
0.147
0.141
0.14
0.143
0.15
0.162
0.179
0.199
0.223
0.25
0.28
0.313
0.349
0.386
0.426
0.468
0.511
0.555
0.6
0.646
0.692
0.738
0.784
0.829
0.873
0.917
0.959
1.0
1.039
1.076
1.111
1.145
1.176
1.206
1.235
1.261
1.286
1.309
1.331
1.351
1.37
1.387
1.403
1.417
1.429
1.441
1.451
1.459
1.466
1.472
1.477
1.48
1.482
1.483
1.483
1.482
1.479
1.475
1.471
1.465
1.458
1.45
1.441
1.432
1.421
1.41
1.397
1.384
1.37
1.355
1.34
1.323
1.306
1.289
1.27
1.251
1.232
1.211
1.191
1.169
1.148
1.125
1.103
1.08
1.056
1.032
1.008
0.984
0.959
0.934
0.908
0.883
0.857
0.831
0.805
0.779
0.753
0.727
0.701
0.675
0.648
0.623
0.597
0.571
0.546
0.521
0.496
0.471
0.447
0.423
0.4
0.377
0.354
0.332
0.311
0.29
0.269
0.25
0.231
0.213
0.195
0.178
0.163
0.148
0.133
0.12
0.108
0.097
0.086
0.077
0.069
0.062
0.056
0.051
0.048
0.046
0.045
0.045
0.047
0.05
0.055
0.061
0.068
0.077
0.088
0.1
0.114
0.129
0.146
0.164
0.184
0.205
0.227
0.251
0.275
0.301
0.327
0.355
0.383
0.413
0.443
0.473
0.505
0.537
0.569
0.602
0.635
0.669
0.703
0.737
0.771
0.805
0.84
0.874
0.908
0.942
0.976
1.009
1.042
1.075
1.107
1.139
1.17
1.2
1.23
1.259
1.287
1.314
1.34
1.365
1.389
1.412
1.434
1.454
1.473
1.491
1.507
1.521
1.534
1.546
1.555
1.563
1.569
1.573
1.575
1.575
1.573
1.569
1.563
1.554
1.543
1.53
1.514
1.496
1.475
1.451
1.425
1.396
1.364
1.329
1.292
1.251
1.207
1.16
1.11
1.057
1.0
0.94
0.877
0.812
0.746
0.678
0.61
0.543
0.476
0.411
0.347
0.287
0.23
0.176
0.127
0.083
0.045
0.012
-0.015
-0.038
-0.055
-0.068
-0.076
-0.079
-0.079
-0.074
-0.066
-0.054
-0.039
-0.02
0.002
0.026
0.054
0.084
0.116
0.15
0.186
0.224
0.264
0.304
0.347
0.39
0.434
0.478
0.523
0.568
0.614
0.659
0.704
0.748
0.792
0.834
0.876
0.917
0.955
0.985
1.0
0.996
0.974
0.937
0.89
0.835
0.775
0.714
0.656
0.604
0.561
0.53
0.515
0.52
0.547
0.6
0.68
0.78
0.89
1.0
1.102
1.194
1.278
1.353
1.419
1.478
1.528
1.571
1.608
1.637
1.66
1.677
1.689
1.695
1.695
1.691
1.683
1.671
1.655
1.635
1.612
1.587
1.559
1.529
1.497
1.464
1.429
1.394
1.358
1.323
1.287
1.252
1.218
1.185
1.153
1.123
1.096
1.071
1.049
1.03
1.014
1.002
0.995
0.992
0.993
1.0
1.012
1.03
1.052
1.08
1.112
1.149
1.191
1.237
1.286
1.34
1.398
1.459
1.524
1.592
1.664
1.738
1.815
1.894
1.977
2.061
2.148
2.236
2.326
2.418
2.512
2.607
2.703
2.799
2.897
2.996
3.094
3.193
3.293
3.392
3.491
3.59
3.688
3.786
3.882
3.978
4.072
4.166
4.257
4.347
4.435
4.521
4.605
4.687
4.766
4.842
4.916
4.986
5.053
5.117
5.178
5.235
5.288
5.337
5.381
5.422
5.458
5.489
5.515
5.537
5.553
5.564
5.569
5.569
5.563
5.551
5.532
5.508
5.477
5.439
5.394
5.343
5.284
5.218
5.144
5.063
4.974
4.877
4.772
4.658
4.536
4.405
4.266
4.117
3.959
3.792
3.616
3.43
3.234
3.028
2.811
2.585
2.348
2.1
1.842
1.572
1.292
1.0
0.702
0.425
0.2
0.053
-0.018
-0.023
0.028
0.127
0.264
0.429
0.613
0.806
1.0
1.186
1.363
1.532
1.691
1.842
1.985
2.12
2.246
2.365
2.476
2.579
2.675
2.764
2.846
2.921
2.989
3.051
3.106
3.155
3.198
3.235
3.266
3.292
3.313
3.328
3.338
3.344
3.344
3.34
3.332
3.319
3.303
3.282
3.258
3.23
3.199
3.164
3.127
3.086
3.043
2.998
2.949
2.899
2.847
2.792
2.736
2.678
2.619
2.559
2.498
2.435
2.372
2.309
2.244
2.18
2.116
2.051
1.987
1.924
1.861
1.798
1.737
1.676
1.617
1.56
1.503
1.449
1.396
1.346
1.298
1.252
1.209
1.168
1.13
1.096
1.064
1.037
1.012
0.991
0.975
0.962
0.953
0.949
0.95
0.955
0.965
0.98
1.0
1.026
1.056
1.092
1.133
1.178
1.228
1.281
1.339
1.401
1.467
1.535
1.608
1.683
1.761
1.842
1.926
2.012
2.1
2.19
2.282
2.375
2.47
2.566
2.663
2.76
2.859
2.958
3.057
3.156
3.256
3.354
3.453
3.55
3.647
3.743
3.837
3.931
4.022
4.112
4.199
4.285
4.368
4.448
4.526
4.6
4.672
4.74
4.805
4.866
4.923
4.976
5.025
5.069
5.109
5.143
5.173
5.198
5.217
5.23
5.238
5.24
5.235
5.224
5.207
5.183
5.152
5.113
5.068
5.015
4.954
4.886
4.809
4.724
4.631
4.529
4.418
4.298
4.169
4.031
3.882
3.725
3.557
3.379
3.191
2.992
2.783
2.562
2.331
2.088
1.834
1.568
1.29
1.0
0.7
0.4
0.111
-0.156
-0.4
-0.621
-0.821
-1.001
-1.16
-1.299
-1.42
-1.523
-1.608
-1.677
-1.73
-1.768
-1.791
-1.801
-1.797
-1.782
-1.754
-1.716
-1.667
-1.609
-1.542
-1.468
-1.385
-1.297
-1.202
-1.102
-0.997
-0.889
-0.778
-0.664
-0.549
-0.432
-0.316
-0.2
-0.085
0.028
0.138
0.245
0.348
0.447
0.539
0.626
0.706
0.778
0.842
0.899
0.951
1.0
1.046
1.09
1.132
1.172
1.21
1.246
1.28
1.312
1.343
1.371
1.398
1.423
1.446
1.467
1.487
1.505
1.522
1.536
1.55
1.561
1.572
1.581
1.588
1.594
1.598
1.602
1.603
1.604
1.603
1.602
1.599
1.594
1.589
1.583
1.575
1.566
1.557
1.546
1.535
1.522
1.509
1.495
1.48
1.464
1.448
1.43
1.412
1.394
1.375
1.355
1.334
1.313
1.292
1.27
1.247
1.224
1.201
1.177
1.153
1.129
1.105
1.08
1.055
1.03
1.004
0.979
0.953
0.928
0.902
0.877
0.851
0.826
0.8
0.775
0.75
0.725
0.7
0.676
0.652
0.628
0.604
0.58
0.557
0.534
0.511
0.489
0.466
0.444
0.423
0.401
0.38
0.36
0.339
0.319
0.299
0.28
0.261
0.242
0.224
0.206
0.189
0.172
0.155
0.139
0.123
0.108
0.093
0.079
0.065
0.051
0.038
0.025
0.013
0.002
-0.009
-0.02
-0.03
-0.039
-0.048
-0.057
-0.065
-0.072
-0.079
-0.085
-0.09
-0.095
-0.1
-0.103
-0.106
-0.109
-0.111
-0.112
-0.112
-0.112
-0.111
-0.11
-0.108
-0.105
-0.101
-0.097
-0.092
-0.086
-0.08
-0.073
-0.065
-0.056
-0.047
-0.036
-0.025
-0.013
-0.001
0.013
0.027
0.042
0.058
0.075
0.092
0.111
0.13
0.15
0.171
0.193
0.216
0.24
0.265
0.29
0.317
0.345
0.373
0.402
0.433
0.464
0.496
0.53
0.564
0.599
0.635
0.673
0.711
0.751
0.791
0.832
0.875
0.918
0.961
1.0
1.035
1.064
1.087
1.104
1.114
1.117
1.111
1.097
1.074
1.042
1.0
0.948
0.887
0.819
0.746
0.67
0.592
0.513
0.437
0.364
0.297
0.236
0.184
0.143
0.113
0.095
0.088
0.091
0.102
0.123
0.151
0.186
0.228
0.275
0.326
0.382
0.441
0.503
0.567
0.631
0.696
0.761
0.824
0.886
0.945
1.0
1.051
1.099
1.143
1.182
1.219
1.251
1.28
1.306
1.329
1.349
1.366
1.379
1.391
1.399
1.405
1.409
1.411
1.41
1.407
1.403
1.397
1.389
1.379
1.369
1.356
1.343
1.329
1.313
1.297
1.28
1.263
1.245
1.227
1.208
1.19
1.171
1.153
1.134
1.116
1.099
1.082
1.066
1.051
1.036
1.023
1.011
1.0
0.991
0.982
0.976
0.97
0.965
0.962
0.959
0.958
0.957
0.957
0.958
0.959
0.961
0.963
0.965
0.968
0.972
0.975
0.978
0.982
0.985
0.988
0.991
0.994
0.997
0.999
1.0
1.001
1.002
1.001
1.0
0.998
0.995
0.991
0.987
0.982
0.976
0.969
0.962
0.954
0.945
0.935
0.925
0.915
0.904
0.892
0.88
0.867
0.854
0.841
0.827
0.812
0.797
0.782
0.767
0.751
0.735
0.719
0.702
0.685
0.669
0.651
0.634
0.617
0.599
0.582
0.564
0.547
0.529
0.511
0.494
0.476
0.459
0.442
0.424
0.407
0.391
0.374
0.358
0.341
0.326
0.31
0.295
0.28
0.265
0.251
0.237
0.224
0.211
0.199
0.187
0.176
0.165
0.155
0.145
0.136
0.128
0.12
0.113
0.107
0.102
0.097
0.093
0.09
0.087
0.086
0.085
0.085
0.087
0.089
0.092
0.096
0.101
0.107
0.115
0.123
0.132
0.143
0.155
0.167
0.181
0.196
0.212
0.228
0.246
0.264
0.283
0.303
0.323
0.344
0.365
0.387
0.409
0.431
0.454
0.477
0.5
0.523
0.546
0.57
0.593
0.616
0.639
0.662
0.684
0.706
0.728
0.749
0.77
0.791
0.81
0.829
0.848
0.865
0.882
0.898
0.913
0.927
0.94
0.951
0.962
0.972
0.98
0.987
0.992
0.996
0.999
1.0
1.0
0.998
0.994
0.989
0.983
0.975
0.967
0.957
0.945
0.933
0.92
0.906
0.89
0.874
0.858
0.84
0.822
0.803
0.783
0.763
0.743
0.722
0.7
0.679
0.657
0.635
0.612
0.59
0.568
0.545
0.523
0.501
0.479
0.458
0.436
0.415
0.395
0.375
0.355
0.336
0.318
0.3
0.283
0.267
0.251
0.237
0.224
0.211
0.2
0.19
0.181
0.173
0.166
0.16
0.155
0.151
0.148
0.146
0.145
0.145
0.146
0.148
0.15
0.154
0.158
0.163
0.168
0.174
0.181
0.189
0.197
0.206
0.216
0.226
0.237
0.248
0.26
0.272
0.285
0.298
0.311
0.325
0.339
0.354
0.369
0.384
0.4
0.416
0.432
0.448
0.465
0.481
0.498
0.515
0.532
0.549
0.566
0.583
0.6
0.617
0.634
0.651
0.668
0.685
0.702
0.718
0.734
0.751
0.766
0.782
0.797
0.812
0.827
0.842
0.856
0.869
0.882
0.895
0.907
0.919
0.931
0.941
0.952
0.961
0.97
0.979
0.986
0.994
1.0
1.006
1.011
1.015
1.019
1.022
1.025
1.027
1.028
1.029
1.03
1.03
1.03
1.029
1.028
1.027
1.025
1.023
1.021
1.019
1.017
1.014
1.011
1.009
1.006
1.003
1.0
0.997
0.994
0.992
0.989
0.986
0.984
0.981
0.979
0.977
0.975
0.973
0.971
0.969
0.968
0.967
0.966
0.965
0.964
0.963
0.963
0.963
0.964
0.964
0.965
0.966
0.967
0.969
0.971
0.973
0.976
0.979
0.983
0.986
0.99
0.995
1.0
1.005
1.01
1.014
1.015
1.014
1.009
1.0
0.986
0.966
0.942
0.913
0.881
0.844
0.803
0.759
0.712
0.662
0.609
0.553
0.496
0.436
0.375
0.313
0.249
0.184
0.119
0.053
-0.013
-0.078
-0.144
-0.208
-0.272
-0.335
-0.396
-0.456
-0.513
-0.569
-0.622
-0.672
-0.72
-0.764
-0.805
-0.842
-0.875
-0.904
-0.928
-0.948
-0.963
-0.972
-0.976
-0.974
-0.966
-0.952
-0.932
-0.904
-0.87
-0.828
-0.779
-0.722
-0.656
-0.583
-0.501
-0.41
-0.31
-0.2
-0.081
0.047
0.186
0.336
0.496
0.667
0.841
0.984
1.051
1.0
0.804
0.506
0.167
-0.164
-0.477
-0.773
-1.051
-1.312
-1.556
-1.784
-1.996
-2.192
-2.373
-2.54
-2.691
-2.829
-2.953
-3.063
-3.16
-3.245
-3.317
-3.377
-3.425
-3.462
-3.488
-3.504
-3.509
-3.504
-3.49
-3.467
-3.435
-3.394
-3.345
-3.289
-3.225
-3.154
-3.076
-2.992
-2.902
-2.806
-2.706
-2.6
-2.489
-2.375
-2.257
-2.135
-2.01
-1.882
-1.752
-1.62
-1.486
-1.351
-1.214
-1.078
-0.94
-0.803
-0.667
-0.531
-0.396
-0.263
-0.132
-0.003
0.124
0.247
0.367
0.484
0.597
0.705
0.808
0.907
1.0
1.087
1.169
1.245
1.316
1.381
1.442
1.497
1.548
1.593
1.634
1.671
1.703
1.731
1.754
1.774
1.79
1.802
1.81
1.815
1.817
1.815
1.81
1.802
1.791
1.778
1.762
1.743
1.722
1.699
1.674
1.646
1.617
1.586
1.554
1.52
1.484
1.448
1.41
1.371
1.332
1.291
1.251
1.209
1.168
1.126
1.084
1.042
1.0
0.958
0.917
0.876
0.836
0.795
0.755
0.715
0.676
0.637
0.598
0.559
0.521
0.483
0.445
0.407
0.37
0.333
0.296
0.26
0.224
0.188
0.152
0.117
0.082
0.047
0.013
-0.021
-0.055
-0.089
-0.122
-0.155
-0.188
-0.221
-0.253
-0.285
-0.317
-0.348
-0.379
-0.41
-0.441
-0.471
-0.501
-0.531
-0.561
-0.59
-0.619
-0.648
-0.676
-0.704
-0.732
-0.76
-0.787
-0.814
-0.841
-0.868
-0.894
-0.92
-0.946
-0.972
-0.997
-1.022
-1.047
-1.071
-1.095
-1.119
-1.143
-1.166
-1.19
-1.212
-1.235
-1.257
-1.28
-1.302
-1.323
-1.344
-1.366
-1.386
-1.407
-1.427
-1.447
-1.467
-1.487
-1.506
-1.525
-1.544
-1.563
-1.581
-1.599
-1.617
-1.634
-1.652
-1.669
-1.685
-1.702
-1.718
-1.734
-1.75
-1.766
-1.781
-1.796
-1.811
-1.825
-1.84
-1.854
-1.867
-1.881
-1.894
-1.907
-1.92
-1.933
-1.945
-1.957
-1.969
-1.981
-1.992
-2.003
-2.014
-2.025
-2.035
-2.046
-2.055
-2.065
-2.075
-2.084
-2.093
-2.102
-2.11
-2.118
-2.126
-2.134
-2.142
-2.149
-2.156
-2.163
-2.17
-2.176
-2.182
-2.188
-2.194
-2.199
-2.205
-2.21
-2.214
-2.219
-2.223
-2.227
-2.231
-2.235
-2.238
-2.241
-2.244
-2.247
-2.25
-2.252
-2.254
-2.256
-2.257
-2.259
-2.26
-2.261
-2.261
-2.262
-2.262
-2.262
-2.262
-2.262
-2.261
-2.26
-2.259
-2.258
-2.256
-2.254
-2.253
-2.25
-2.248
-2.245
-2.243
-2.239
-2.236
-2.233
-2.229
-2.225
-2.221
-2.217
-2.212
-2.207
-2.202
-2.197
-2.192
-2.186
-2.18
-2.174
-2.168
-2.162
-2.155
-2.148
-2.141
-2.134
-2.126
-2.119
-2.111
-2.103
-2.094
-2.086
-2.077
-2.068
-2.059
-2.05
-2.04
-2.03
-2.02
-2.01
-2.0
-1.989
-1.979
-1.968
-1.956
-1.945
-1.934
-1.922
-1.91
-1.898
-1.885
-1.873
-1.86
-1.847
-1.834
-1.82
-1.807
-1.793
-1.779
-1.765
-1.751
-1.736
-1.722
-1.707
-1.692
-1.676
-1.661
-1.645
-1.629
-1.613
-1.597
-1.58
-1.564
-1.547
-1.53
-1.513
-1.495
-1.478
-1.46
-1.442
-1.424
-1.406
-1.387
-1.369
-1.35
-1.331
-1.311
-1.292
-1.272
-1.253
-1.233
-1.212
-1.192
-1.172
-1.151
-1.13
-1.109
-1.088
-1.066
-1.045
-1.023
-1.001
-0.979
-0.957
-0.934
-0.911
-0.889
-0.866
-0.842
-0.819
-0.795
-0.772
-0.748
-0.724
-0.7
-0.675
-0.651
-0.626
-0.601
-0.576
-0.551
-0.525
-0.5
-0.474
-0.448
-0.422
-0.396
-0.369
-0.342
-0.316
-0.289
-0.262
-0.234
-0.207
-0.179
-0.152
-0.124
-0.096
-0.067
-0.039
-0.01
0.018
0.047
0.076
0.106
0.135
0.165
0.194
0.224
0.254
0.284
0.315
0.345
0.376
0.407
0.438
0.469
0.5
0.531
0.563
0.594
0.625
0.656
0.686
0.716
0.745
0.773
0.8
0.826
0.851
0.874
0.896
0.916
0.934
0.951
0.965
0.978
0.988
0.996
1.001
1.003
1.003
1.0
0.994
0.985
0.973
0.959
0.943
0.925
0.905
0.883
0.86
0.836
0.811
0.785
0.758
0.731
0.704
0.677
0.65
0.624
0.598
0.573
0.549
0.526
0.505
0.486
0.468
0.453
0.44
0.429
0.421
0.416
0.414
0.415
0.42
0.429
0.441
0.457
0.476
0.498
0.523
0.55
0.579
0.609
0.64
0.673
0.705
0.738
0.771
0.803
0.835
0.865
0.893
0.92
0.945
0.966
0.985
1.001
1.013
1.021
1.025
1.024
1.018
1.007
0.99
0.967
0.938
0.902
0.859
0.808
0.75
0.684
0.613
0.538
0.462
0.387
0.315
0.25
0.192
0.143
0.1
0.065
0.037
0.016
0.001
-0.008
-0.011
-0.009
-0.001
0.011
0.028
0.049
0.073
0.102
0.133
0.168
0.205
0.245
0.287
0.33
0.375
0.421
0.468
0.515
0.562
0.61
0.657
0.703
0.748
0.792
0.834
0.874
0.912
0.947
0.98
1.009
1.035
1.057
1.075
1.088
1.097
1.101
1.099
1.092
1.079
1.059
1.033
1.0
0.96
0.914
0.862
0.806
0.746
0.684
0.62
0.555
0.491
0.427
0.365
0.306
0.251
0.2
0.155
0.115
0.08
0.05
0.025
0.005
-0.011
-0.022
-0.029
-0.033
-0.032
-0.028
-0.021
-0.01
0.003
0.02
0.039
0.061
0.085
0.111
0.139
0.169
0.201
0.234
0.269
0.304
0.34
0.378
0.415
0.453
0.492
0.53
0.568
0.606
0.643
0.68
0.715
0.75
0.783
0.816
0.847
0.876
0.905
0.932
0.958
0.982
1.005
1.027
1.047
1.066
1.083
1.099
1.114
1.127
1.138
1.148
1.157
1.163
1.169
1.172
1.175
1.175
1.174
1.171
1.166
1.16
1.152
1.142
1.131
1.118
1.103
1.086
1.067
1.047
1.024
1.0
0.974
0.946
0.917
0.886
0.854
0.821
0.788
0.753
0.719
0.684
0.648
0.613
0.579
0.544
0.511
0.478
0.446
0.416
0.386
0.359
0.333
0.309
0.287
0.267
0.25
0.235
0.223
0.214
0.207
0.202
0.199
0.199
0.2
0.204
0.209
0.217
0.226
0.236
0.249
0.263
0.278
0.295
0.312
0.331
0.352
0.373
0.395
0.418
0.442
0.466
0.491
0.517
0.543
0.57
0.597
0.624
0.651
0.678
0.705
0.732
0.759
0.786
0.812
0.838
0.863
0.888
0.912
0.935
0.958
0.979
1.0
1.02
1.038
1.055
1.072
1.087
1.102
1.115
1.128
1.139
1.15
1.159
1.168
1.176
1.183
1.189
1.194
1.198
1.202
1.205
1.207
1.208
1.208
1.208
1.207
1.205
1.203
1.199
1.196
1.191
1.186
1.18
1.174
1.167
1.159
1.151
1.142
1.133
1.123
1.113
1.102
1.091
1.079
1.067
1.055
1.042
1.028
1.014
1.0
0.985
0.971
0.956
0.94
0.925
0.91
0.895
0.88
0.866
0.852
0.839
0.826
0.813
0.802
0.791
0.782
0.773
0.765
0.759
0.754
0.75
0.748
0.747
0.748
0.75
0.754
0.76
0.767
0.776
0.786
0.797
0.809
0.821
0.834
0.848
0.862
0.876
0.89
0.903
0.917
0.93
0.942
0.954
0.965
0.975
0.983
0.99
0.996
1.0
1.002
1.002
1.0
0.996
0.99
0.981
0.971
0.959
0.945
0.929
0.912
0.893
0.873
0.851
0.829
0.805
0.78
0.755
0.728
0.701
0.673
0.645
0.616
0.587
0.558
0.529
0.499
0.47
0.441
0.412
0.383
0.355
0.327
0.3
0.274
0.249
0.224
0.201
0.179
0.158
0.138
0.12
0.103
0.088
0.074
0.063
0.053
0.045
0.039
0.036
0.035
0.036
0.04
0.046
0.055
0.066
0.081
0.099
0.119
0.143
0.17
0.2
0.232
0.267
0.305
0.344
0.384
0.426
0.47
0.513
0.558
0.602
0.647
0.691
0.735
0.777
0.819
0.859
0.898
0.934
0.968
1.0
1.029
1.055
1.079
1.1
1.119
1.135
1.149
1.161
1.171
1.179
1.185
1.19
1.193
1.194
1.194
1.192
1.19
1.186
1.181
1.175
1.168
1.161
1.152
1.144
1.134
1.125
1.115
1.104
1.094
1.084
1.074
1.064
1.054
1.045
1.037
1.028
1.021
1.014
1.009
1.004
1.0
0.997
0.996
0.995
0.995
0.996
0.998
1.0
1.002
1.004
1.006
1.009
1.011
1.012
1.014
1.015
1.015
1.014
1.012
1.009
1.005
1.0
0.993
0.985
0.976
0.965
0.954
0.942
0.928
0.914
0.899
0.884
0.868
0.852
0.836
0.819
0.802
0.785
0.769
0.752
0.736
0.721
0.705
0.691
0.677
0.664
0.652
0.64
0.63
0.621
0.613
0.607
0.602
0.599
0.597
0.597
0.599
0.603
0.609
0.617
0.627
0.64
0.655
0.673
0.693
0.716
0.742
0.77
0.802
0.837
0.875
0.916
0.958
1.0
1.039
1.076
1.11
1.142
1.171
1.198
1.222
1.244
1.264
1.282
1.298
1.312
1.324
1.335
1.343
1.35
1.355
1.358
1.361
1.361
1.36
1.358
1.355
1.351
1.345
1.339
1.331
1.323
1.314
1.304
1.293
1.281
1.27
1.257
1.244
1.231
1.218
1.204
1.19
1.176
1.162
1.148
1.134
1.12
1.107
1.094
1.081
1.069
1.057
1.046
1.035
1.025
1.016
1.007
1.0
0.994
0.988
0.983
0.98
0.977
0.975
0.973
0.973
0.973
0.973
0.975
0.977
0.979
0.983
0.986
0.99
0.995
1.0
1.005
1.011
1.017
1.023
1.03
1.036
1.043
1.05
1.057
1.065
1.072
1.079
1.086
1.094
1.101
1.108
1.115
1.121
1.128
1.134
1.14
1.145
1.151
1.155
1.16
1.164
1.167
1.17
1.173
1.175
1.176
1.176
1.176
1.175
1.174
1.171
1.168
1.164
1.159
1.153
1.147
1.139
1.13
1.12
1.109
1.097
1.084
1.07
1.054
1.037
1.019
1.0
0.979
0.957
0.934
0.91
0.885
0.858
0.831
0.804
0.775
0.746
0.716
0.686
0.656
0.625
0.594
0.564
0.533
0.502
0.471
0.44
0.41
0.381
0.351
0.323
0.294
0.267
0.241
0.215
0.19
0.167
0.144
0.123
0.103
0.084
0.065
0.048
0.032
0.017
0.003
-0.01
-0.022
-0.033
-0.043
-0.053
-0.061
-0.069
-0.076
-0.082
-0.087
-0.092
-0.095
-0.098
-0.101
-0.102
-0.103
-0.104
-0.103
-0.103
-0.101
-0.099
-0.097
-0.094
-0.09
-0.086
-0.082
-0.077
-0.071
-0.066
-0.059
-0.053
-0.046
-0.039
-0.032
-0.024
-0.016
-0.008
0.001
0.009
0.018
0.027
0.036
0.045
0.055
0.064
0.073
0.083
0.092
0.102
0.111
0.12
0.13
0.139
0.148
0.157
0.166
0.174
0.183
0.191
0.199
0.207
0.214
0.221
0.228
0.235
0.241
0.247
0.252
0.257
0.262
0.266
0.27
0.273
0.275
0.278
0.279
0.281
0.282
0.283
0.284
0.285
0.286
0.287
0.288
0.289
0.291
0.292
0.295
0.297
0.301
0.304
0.309
0.314
0.32
0.327
0.334
0.343
0.353
0.363
0.375
0.388
0.403
0.419
0.436
0.455
0.475
0.497
0.52
0.546
0.573
0.602
0.633
0.666
0.701
0.738
0.777
0.819
0.863
0.909
0.958
1.009
1.061
1.114
1.169
1.223
1.277
1.331
1.384
1.436
1.485
1.532
1.577
1.618
1.656
1.69
1.72
1.744
1.763
1.777
1.784
1.785
1.779
1.765
1.744
1.714
1.675
1.627
1.57
1.503
1.425
1.336
1.236
1.124
1.0
0.864
0.719
0.569
0.418
0.268
0.125
-0.009
-0.134
-0.25
-0.356
-0.454
-0.543
-0.624
-0.697
-0.761
-0.818
-0.867
-0.909
-0.944
-0.972
-0.993
-1.008
-1.017
-1.019
-1.016
-1.007
-0.993
-0.973
-0.949
-0.919
-0.886
-0.847
-0.805
-0.759
-0.709
-0.655
-0.599
-0.539
-0.476
-0.411
-0.343
-0.274
-0.202
-0.128
-0.053
0.024
0.102
0.18
0.26
0.34
0.42
0.5
0.58
0.66
0.739
0.818
0.895
0.971
1.046
1.119
1.191
1.26
1.327
1.392
1.453
1.512
1.568
1.621
1.67
1.715
1.756
1.793
1.826
1.854
1.877
1.895
1.908
1.916
1.918
1.913
1.903
1.887
1.864
1.834
1.797
1.753
1.702
1.643
1.576
1.501
1.419
1.327
1.227
1.118
1.0
0.873
0.74
0.603
0.466
0.33
0.2
0.077
-0.038
-0.145
-0.245
-0.338
-0.424
-0.503
-0.575
-0.641
-0.7
-0.753
-0.8
-0.842
-0.877
-0.907
-0.932
-0.952
-0.967
-0.977
-0.982
-0.983
-0.98
-0.972
-0.961
-0.946
-0.928
-0.906
-0.881
-0.853
-0.822
-0.788
-0.752
-0.713
-0.673
-0.63
-0.586
-0.54
-0.493
-0.444
-0.394
-0.343
-0.292
-0.24
-0.188
-0.135
-0.082
-0.03
0.022
0.074
0.125
0.175
0.225
0.273
0.321
0.368
0.414
0.459
0.504
0.547
0.59
0.632
0.674
0.714
0.754
0.793
0.831
0.868
0.905
0.941
0.976
1.011
1.044
1.077
1.11
1.141
1.172
1.202
1.231
1.26
1.288
1.315
1.342
1.368
1.393
1.418
1.442
1.465
1.487
1.509
1.53
1.551
1.571
1.59
1.609
1.627
1.645
1.661
1.678
1.693
1.708
1.723
1.737
1.75
1.762
1.774
1.786
1.797
1.807
1.817
1.826
1.835
1.843
1.851
1.858
1.864
1.87
1.876
1.881
1.885
1.889
1.893
1.896
1.898
1.9
1.902
1.903
1.904
1.904
1.903
1.903
1.901
1.9
1.897
1.895
1.892
1.888
1.885
1.88
1.876
1.87
1.865
1.859
1.853
1.846
1.839
1.831
1.824
1.815
1.807
1.798
1.789
1.779
1.769
1.759
1.748
1.737
1.726
1.714
1.702
1.69
1.677
1.664
1.651
1.638
1.624
1.61
1.596
1.581
1.566
1.551
1.536
1.52
1.504
1.488
1.472
1.455
1.438
1.421
1.404
1.386
1.369
1.351
1.333
1.314
1.296
1.277
1.258
1.239
1.22
1.201
1.181
1.162
1.142
1.122
1.102
1.081
1.061
1.041
1.02
0.999
0.978
0.957
0.936
0.915
0.894
0.872
0.851
0.829
0.808
0.786
0.764
0.742
0.721
0.699
0.677
0.655
0.633
0.611
0.589
0.566
0.544
0.522
0.5
0.478
0.456
0.434
0.412
0.39
0.368
0.346
0.324
0.303
0.282
0.261
0.24
0.219
0.199
0.179
0.159
0.14
0.121
0.102
0.084
0.066
0.048
0.031
0.014
-0.002
-0.017
-0.033
-0.047
-0.061
-0.075
-0.087
-0.1
-0.111
-0.122
-0.132
-0.142
-0.151
-0.159
-0.166
-0.172
-0.178
-0.183
-0.187
-0.19
-0.192
-0.194
-0.194
-0.194
-0.192
-0.19
-0.186
-0.182
-0.176
-0.17
-0.162
-0.153
-0.143
-0.132
-0.12
-0.107
-0.092
-0.076
-0.059
-0.041
-0.021
-0.0
0.022
0.046
0.071
0.097
0.125
0.154
0.185
0.216
0.249
0.283
0.318
0.353
0.39
0.426
0.463
0.501
0.539
0.576
0.614
0.652
0.69
0.727
0.764
0.8
0.836
0.87
0.904
0.937
0.969
1.0
1.029
1.058
1.085
1.11
1.135
1.158
1.18
1.201
1.22
1.239
1.257
1.273
1.288
1.303
1.316
1.328
1.339
1.35
1.359
1.367
1.375
1.382
1.387
1.392
1.396
1.399
1.402
1.403
1.404
1.405
1.404
1.403
1.401
1.398
1.395
1.391
1.387
1.382
1.376
1.37
1.363
1.356
1.348
1.34
1.332
1.323
1.314
1.304
1.294
1.283
1.272
1.261
1.25
1.238
1.226
1.214
1.202
1.189
1.177
1.164
1.151
1.138
1.125
1.111
1.098
1.085
1.071
1.058
1.045
1.031
1.018
1.005
0.992
0.979
0.966
0.954
0.941
0.929
0.917
0.905
0.894
0.883
0.872
0.861
0.851
0.841
0.831
0.822
0.813
0.805
0.797
0.79
0.783
0.777
0.771
0.766
0.761
0.757
0.754
0.751
0.748
0.747
0.746
0.746
0.747
0.748
0.75
0.753
0.757
0.761
0.766
0.771
0.778
0.784
0.792
0.799
0.807
0.816
0.824
0.833
0.842
0.852
0.861
0.871
0.881
0.89
0.9
0.91
0.919
0.928
0.938
0.946
0.955
0.963
0.971
0.979
0.986
0.992
0.998
1.003
1.008
1.012
1.016
1.018
1.02
1.021
1.021
1.02
1.018
1.015
1.011
1.006
1.0
0.993
0.984
0.975
0.964
0.952
0.94
0.927
0.913
0.898
0.883
0.867
0.851
0.834
0.817
0.799
0.781
0.763
0.745
0.727
0.709
0.691
0.673
0.655
0.637
0.62
0.603
0.587
0.571
0.556
0.541
0.527
0.513
0.501
0.489
0.478
0.468
0.459
0.451
0.443
0.437
0.433
0.429
0.427
0.425
0.426
0.427
0.43
0.435
0.441
0.448
0.457
0.468
0.481
0.495
0.511
0.529
0.549
0.57
0.594
0.62
0.648
0.678
0.71
0.744
0.781
0.82
0.861
0.905
0.951
1.0
1.051
1.102
1.149
1.191
1.225
1.248
1.257
1.25
1.223
1.174
1.101
1.0
0.871
0.719
0.551
0.376
0.2
0.029
-0.135
-0.292
-0.443
-0.588
-0.726
-0.859
-0.984
-1.104
-1.218
-1.326
-1.428
-1.524
-1.614
-1.699
-1.778
-1.851
-1.919
-1.982
-2.039
-2.091
-2.138
-2.179
-2.216
-2.248
-2.274
-2.296
-2.313
-2.325
-2.333
-2.336
-2.335
-2.329
-2.318
-2.304
-2.285
-2.262
-2.235
-2.204
-2.169
-2.13
-2.088
-2.041
-1.991
-1.938
-1.88
-1.82
-1.756
-1.688
-1.618
-1.544
-1.467
-1.387
-1.304
-1.218
-1.13
-1.038
-0.944
-0.847
-0.748
-0.646
-0.542
-0.436
-0.327
-0.216
-0.103
0.012
0.13
0.249
0.37
0.493
0.617
0.743
0.871
1.0
1.131
1.263
1.396
1.529
1.664
1.8
1.935
2.072
2.208
2.344
2.48
2.616
2.751
2.886
3.02
3.152
3.284
3.414
3.543
3.67
3.796
3.919
4.04
4.159
4.276
4.39
4.501
4.609
4.714
4.816
4.915
5.01
5.101
5.188
5.271
5.35
5.425
5.495
5.56
5.621
5.676
5.726
5.771
5.811
5.844
5.872
5.894
5.91
5.919
5.922
5.918
5.907
5.89
5.865
5.833
5.793
5.746
5.691
5.628
5.557
5.478
5.39
5.294
5.189
5.075
4.952
4.82
4.678
4.527
4.366
4.195
4.014
3.823
3.621
3.409
3.186
2.953
2.708
2.452
2.185
1.907
1.616
1.314
1.0
0.678
0.373
0.111
-0.084
-0.215
-0.288
-0.31
-0.29
-0.233
-0.148
-0.042
0.079
0.206
0.333
0.454
0.567
0.673
0.772
0.864
0.949
1.028
1.1
1.165
1.225
1.279
1.327
1.37
1.407
1.439
1.465
1.487
1.504
1.517
1.525
1.529
1.529
1.526
1.518
1.507
1.493
1.475
1.454
1.431
1.405
1.376
1.345
1.312
1.277
1.24
1.202
1.162
1.121
1.078
1.035
0.991
0.946
0.901
0.855
0.809
0.764
0.719
0.674
0.629
0.586
0.543
0.502
0.461
0.423
0.385
0.35
0.316
0.285
0.256
0.229
0.205
0.184
0.166
0.151
0.139
0.13
0.126
0.125
0.128
0.135
0.146
0.159
0.177
0.197
0.219
0.245
0.273
0.303
0.335
0.368
0.404
0.44
0.478
0.517
0.556
0.596
0.637
0.677
0.718
0.758
0.798
0.837
0.875
0.912
0.948
0.983
1.017
1.05
1.082
1.113
1.143
1.172
1.2
1.227
1.253
1.279
1.303
1.326
1.349
1.37
1.391
1.411
1.43
1.448
1.465
1.481
1.497
1.512
1.526
1.539
1.552
1.564
1.575
1.585
1.595
1.604
1.612
1.62
1.626
1.633
1.638
1.643
1.648
1.651
1.655
1.657
1.659
1.661
1.662
1.662
1.662
1.661
1.66
1.658
1.656
1.654
1.651
1.647
1.643
1.639
1.634
1.629
1.623
1.618
1.611
1.605
1.598
1.591
1.583
1.575
1.567
1.558
1.55
1.541
1.532
1.522
1.512
1.503
1.493
1.482
1.472
1.461
1.451
1.44
1.429
1.418
1.406
1.395
1.384
1.372
1.361
1.349
1.338
1.326
1.315
1.303
1.292
1.28
1.268
1.257
1.246
1.234
1.223
1.212
1.201
1.19
1.179
1.169
1.158
1.148
1.138
1.128
1.118
1.109
1.099
1.09
1.082
1.073
1.065
1.057
1.049
1.042
1.035
1.028
1.022
1.016
1.01
1.005
1.0
0.996
0.991
0.988
0.985
0.982
0.979
0.977
0.975
0.974
0.972
0.972
0.971
0.971
0.971
0.972
0.972
0.973
0.975
0.976
0.978
0.98
0.983
0.985
0.988
0.991
0.995
0.998
1.002
1.006
1.011
1.015
1.02
1.024
1.029
1.034
1.04
1.045
1.051
1.057
1.062
1.068
1.075
1.081
1.087
1.094
1.1
1.107
1.114
1.12
1.127
1.134
1.141
1.148
1.155
1.162
1.169
1.176
1.183
1.191
1.198
1.205
1.212
1.219
1.226
1.233
1.24
1.247
1.254
1.26
1.267
1.274
1.28
1.287
1.293
1.299
1.305
1.311
1.317
1.323
1.329
1.334
1.339
1.345
1.35
1.354
1.359
1.363
1.368
1.372
1.375
1.379
1.382
1.385
1.388
1.391
1.393
1.396
1.397
1.399
1.4
1.401
1.402
1.403
1.403
1.403
1.402
1.401
1.4
1.399
1.397
1.394
1.392
1.389
1.386
1.382
1.378
1.373
1.368
1.363
1.357
1.351
1.345
1.338
1.33
1.322
1.314
1.305
1.296
1.286
1.276
1.265
1.254
1.242
1.23
1.217
1.204
1.19
1.175
1.16
1.145
1.129
1.112
1.095
1.077
1.059
1.04
1.02
1.0
0.979
0.958
0.936
0.914
0.891
0.868
0.845
0.821
0.797
0.774
0.75
0.726
0.702
0.679
0.655
0.632
0.609
0.586
0.564
0.543
0.521
0.501
0.481
0.462
0.443
0.426
0.409
0.393
0.378
0.364
0.351
0.34
0.329
0.32
0.312
0.306
0.301
0.297
0.295
0.295
0.297
0.3
0.304
0.311
0.32
0.33
0.343
0.357
0.374
0.393
0.414
0.438
0.463
0.492
0.522
0.556
0.591
0.629
0.669
0.71
0.752
0.794
0.837
0.879
0.921
0.961
1.0
1.037
1.072
1.105
1.137
1.166
1.194
1.22
1.244
1.266
1.287
1.306
1.323
1.338
1.352
1.364
1.375
1.384
1.391
1.396
1.401
1.403
1.404
1.404
1.402
1.399
1.394
1.388
1.38
1.371
1.361
1.35
1.337
1.323
1.307
1.29
1.272
1.253
1.233
1.211
1.189
1.165
1.14
1.114
1.087
1.059
1.03
1.0
0.969
0.937
0.905
0.873
0.84
0.809
0.777
0.747
0.718
0.69
0.665
0.641
0.619
0.6
0.584
0.571
0.562
0.555
0.552
0.552
0.554
0.559
0.566
0.576
0.587
0.601
0.616
0.633
0.651
0.67
0.691
0.713
0.735
0.758
0.781
0.804
0.828
0.851
0.875
0.898
0.92
0.941
0.962
0.982
1.0
1.017
1.033
1.047
1.06
1.072
1.082
1.092
1.1
1.107
1.113
1.119
1.123
1.126
1.128
1.13
1.13
1.13
1.129
1.128
1.126
1.123
1.119
1.115
1.111
1.106
1.1
1.094
1.088
1.082
1.075
1.068
1.061
1.053
1.046
1.038
1.03
1.023
1.015
1.007
1.0
0.993
0.985
0.978
0.971
0.965
0.958
0.951
0.945
0.939
0.932
0.926
0.921
0.915
0.909
0.903
0.898
0.893
0.887
0.882
0.877
0.872
0.867
0.863
0.858
0.853
0.849
0.844
0.84
0.836
0.832
0.828
0.824
0.82
0.816
0.812
0.809
0.805
0.802
0.798
0.795
0.791
0.788
0.785
0.782
0.778
0.775
0.772
0.769
0.766
0.763
0.761
0.758
0.755
0.752
0.749
0.747
0.744
0.741
0.739
0.736
0.734
0.731
0.729
0.726
0.723
0.721
0.718
0.716
0.713
0.711
0.708
0.706
0.703
0.701
0.698
0.696
0.693
0.691
0.688
0.686
0.683
0.68
0.678
0.675
0.672
0.669
0.667
0.664
0.661
0.658
0.655
0.653
0.65
0.648
0.646
0.643
0.642
0.64
0.639
0.638
0.637
0.637
0.637
0.638
0.639
0.64
0.642
0.645
0.648
0.652
0.656
0.661
0.667
0.674
0.681
0.689
0.698
0.707
0.718
0.729
0.742
0.755
0.769
0.785
0.801
0.818
0.837
0.857
0.877
0.899
0.923
0.947
0.973
1.0
1.028
1.058
1.089
1.12
1.152
1.185
1.219
1.252
1.286
1.32
1.354
1.388
1.421
1.454
1.486
1.517
1.548
1.577
1.605
1.632
1.657
1.68
1.702
1.722
1.739
1.755
1.768
1.778
1.786
1.791
1.794
1.793
1.788
1.781
1.77
1.755
1.737
1.714
1.688
1.657
1.622
1.583
1.538
1.489
1.435
1.376
1.312
1.242
1.167
1.087
1.0
0.908
0.812
0.713
0.614
0.516
0.422
0.333
0.25
0.176
0.11
0.052
0.002
-0.04
-0.076
-0.104
-0.126
-0.141
-0.15
-0.154
-0.152
-0.145
-0.133
-0.116
-0.095
-0.07
-0.042
-0.01
0.025
0.063
0.104
0.147
0.191
0.238
0.286
0.334
0.384
0.434
0.485
0.535
0.585
0.634
0.683
0.73
0.775
0.819
0.861
0.9
0.936
0.97
1.0
1.027
1.05
1.07
1.087
1.101
1.112
1.12
1.126
1.13
1.132
1.131
1.129
1.125
1.119
1.112
1.104
1.095
1.084
1.073
1.062
1.05
1.037
1.025
1.012
1.0
0.988
0.976
0.965
0.954
0.944
0.934
0.924
0.915
0.907
0.899
0.892
0.885
0.879
0.873
0.869
0.865
0.861
0.859
0.857
0.856
0.856
0.857
0.858
0.86
0.862
0.866
0.869
0.874
0.878
0.883
0.889
0.895
0.901
0.908
0.915
0.922
0.929
0.937
0.944
0.952
0.959
0.967
0.975
0.982
0.99
0.997
1.005
1.011
1.018
1.025
1.031
1.037
1.042
1.047
1.051
1.055
1.059
1.062
1.064
1.066
1.067
1.067
1.066
1.065
1.063
1.06
1.056
1.051
1.045
1.038
1.03
1.021
1.011
1.0
0.988
0.974
0.959
0.943
0.926
0.908
0.889
0.869
0.848
0.825
0.802
0.778
0.753
0.727
0.7
0.673
0.644
0.615
0.585
0.554
0.523
0.49
0.457
0.424
0.389
0.355
0.319
0.283
0.246
0.209
0.171
0.133
0.094
0.055
0.016
-0.024
-0.064
-0.105
-0.146
-0.187
-0.229
-0.271
-0.313
-0.355
-0.398
-0.44
-0.483
-0.526
-0.569
-0.612
-0.655
-0.698
-0.742
-0.785
-0.828
-0.871
-0.914
-0.957
-1.0
-1.042
-1.085
-1.127
-1.169
-1.211
-1.252
-1.294
-1.335
-1.375
-1.416
-1.455
-1.495
-1.534
-1.573
-1.611
-1.648
-1.686
-1.722
-1.758
-1.794
-1.829
-1.863
-1.897
-1.929
-1.962
-1.993
-2.024
-2.054
-2.083
-2.112
-2.139
-2.166
-2.192
-2.217
-2.241
-2.264
-2.286
-2.307
-2.327
-2.346
-2.364
-2.381
-2.397
-2.412
-2.425
-2.438
-2.449
-2.459
-2.468
-2.475
-2.481
-2.486
-2.49
-2.492
-2.493
-2.492
-2.49
-2.486
-2.481
-2.475
-2.467
-2.458
-2.446
-2.434
-2.42
-2.404
-2.386
-2.367
-2.346
-2.323
-2.299
-2.273
-2.245
-2.215
-2.184
-2.15
-2.115
-2.078
-2.039
-1.998
-1.955
-1.91
-1.863
-1.813
-1.762
-1.709
-1.654
-1.596
-1.537
-1.475
-1.411
-1.345
-1.276
-1.205
-1.132
-1.057
-0.979
-0.899
-0.817
-0.732
-0.645
-0.555
-0.463
-0.369
-0.271
-0.172
-0.069
0.035
0.143
0.253
0.363
0.473
0.579
0.68
0.775
0.861
0.937
1.0
1.049
1.086
1.11
1.123
1.126
1.12
1.106
1.086
1.06
1.029
0.995
0.959
0.921
0.883
0.846
0.811
0.778
0.75
0.727
0.708
0.694
0.685
0.679
0.677
0.679
0.684
0.692
0.702
0.715
0.73
0.746
0.765
0.784
0.804
0.826
0.847
0.869
0.89
0.911
0.931
0.951
0.969
0.985
1.0
1.013
1.023
1.032
1.039
1.044
1.048
1.049
1.05
1.049
1.047
1.043
1.039
1.033
1.027
1.019
1.011
1.002
0.993
0.983
0.972
0.962
0.951
0.94
0.929
0.918
0.907
0.896
0.886
0.876
0.866
0.857
0.849
0.841
0.834
0.828
0.822
0.817
0.812
0.808
0.804
0.801
0.799
0.797
0.796
0.795
0.794
0.794
0.794
0.795
0.796
0.798
0.8
0.803
0.805
0.808
0.812
0.816
0.82
0.824
0.828
0.833
0.838
0.844
0.849
0.855
0.861
0.867
0.874
0.88
0.887
0.893
0.9
0.907
0.914
0.921
0.928
0.936
0.943
0.95
0.957
0.965
0.972
0.979
0.986
0.993
1.0
1.007
1.014
1.02
1.027
1.033
1.04
1.046
1.052
1.058
1.064
1.07
1.076
1.082
1.088
1.093
1.099
1.104
1.109
1.115
1.12
1.125
1.13
1.135
1.14
1.144
1.149
1.153
1.158
1.162
1.167
1.171
1.175
1.179
1.183
1.187
1.191
1.195
1.198
1.202
1.206
1.209
1.212
1.216
1.219
1.222
1.225
1.228
1.231
1.234
1.237
1.24
1.242
1.245
1.247
1.25
1.252
1.254
1.257
1.259
1.261
1.263
1.265
1.267
1.269
1.271
1.272
1.274
1.276
1.277
1.279
1.28
1.281
1.283
1.284
1.285
1.286
1.287
1.288
1.289
1.29
1.291
1.292
1.293
1.293
1.294
1.295
1.295
1.296
1.296
1.296
1.297
1.297
1.297
1.297
1.297
1.297
1.297
1.297
1.297
1.297
1.297
1.297
1.297
1.296
1.296
1.296
1.295
1.295
1.294
1.294
1.293
1.292
1.292
1.291
1.29
1.289
1.288
1.288
1.287
1.286
1.285
1.284
1.283
1.282
1.28
1.279
1.278
1.277
1.276
1.274
1.273
1.272
1.27
1.269
1.267
1.266
1.264
1.263
1.261
1.26
1.258
1.257
1.255
1.253
1.251
1.25
1.248
1.246
1.244
1.243
1.241
1.239
1.237
1.235
1.233
1.231
1.229
1.227
1.225
1.223
1.221
1.219
1.217
1.215
1.213
1.211
1.209
1.207
1.204
1.202
1.2
1.198
1.196
1.194
1.191
1.189
1.187
1.185
1.182
1.18
1.178
1.176
1.173
1.171
1.169
1.166
1.164
1.162
1.16
1.157
1.155
1.153
1.15
1.148
1.146
1.143
1.141
1.139
1.137
1.134
1.132
1.13
1.127
1.125
1.123
1.121
1.118
1.116
1.114
1.112
1.109
1.107
1.105
1.103
1.1
1.098
1.096
1.094
1.092
1.09
1.087
1.085
1.083
1.081
1.079
1.077
1.075
1.073
1.071
1.069
1.067
1.065
1.063
1.061
1.059
1.057
1.056
1.054
1.052
1.05
1.048
1.047
1.045
1.043
1.042
1.04
1.038
1.037
1.035
1.034
1.032
1.031
1.029
1.028
1.026
1.025
1.024
1.022
1.021
1.02
1.019
1.017
1.016
1.015
1.014
1.013
1.012
1.011
1.01
1.009
1.008
1.007
1.007
1.006
1.005
1.005
1.004
1.003
1.003
1.002
1.002
1.001
1.001
1.001
1.0
1.0
1.0
1.0
1.0
1.0
1.0
1.0
1.0
1.0
1.0
1.0
1.0
1.0
1.0
1.0
1.001
1.001
1.001
1.001
1.001
1.001
1.002
1.002
1.002
1.002
1.002
1.003
1.003
1.003
1.003
1.003
1.003
1.004
1.004
1.004
1.004
1.004
1.004
1.004
1.004
1.004
1.004
1.004
1.004
1.004
1.004
1.004
1.004
1.004
1.004
1.004
1.003
1.003
1.003
1.003
1.002
1.002
1.001
1.001
1.001
1.0
0.999
0.999
0.998
0.998
0.997
0.996
0.996
0.995
0.994
0.994
0.993
0.993
0.992
0.992
0.991
0.991
0.99
0.99
0.99
0.99
0.99
0.99
0.99
0.99
0.99
0.991
0.991
0.992
0.992
0.993
0.994
0.996
0.997
0.998
1.0
1.002
1.004
1.006
1.008
1.01
1.012
1.014
1.015
1.017
1.018
1.019
1.02
1.02
1.02
1.02
1.019
1.017
1.015
1.012
1.009
1.005
1.0
0.994
0.988
0.981
0.973
0.964
0.955
0.945
0.934
0.923
0.911
0.899
0.886
0.872
0.859
0.844
0.829
0.814
0.798
0.782
0.766
0.749
0.732
0.715
0.698
0.68
0.662
0.644
0.626
0.607
0.589
0.57
0.552
0.533
0.514
0.496
0.477
0.458
0.44
0.422
0.403
0.385
0.367
0.35
0.332
0.315
0.298
0.281
0.265
0.249
0.233
0.218
0.203
0.189
0.175
0.162
0.149
0.137
0.125
0.114
0.103
0.093
0.084
0.075
0.067
0.059
0.052
0.045
0.039
0.033
0.028
0.023
0.019
0.015
0.012
0.009
0.007
0.005
0.004
0.003
0.003
0.003
0.003
0.004
0.005
0.007
0.009
0.011
0.014
0.017
0.021
0.025
0.029
0.033
0.038
0.044
0.049
0.055
0.061
0.068
0.075
0.082
0.089
0.097
0.104
0.113
0.121
0.13
0.139
0.148
0.157
0.167
0.176
0.186
0.196
0.207
0.217
0.228
0.239
0.25
0.261
0.272
0.284
0.295
0.307
0.319
0.331
0.343
0.355
0.367
0.379
0.392
0.404
0.416
0.429
0.442
0.454
0.467
0.479
0.492
0.505
0.517
0.53
0.543
0.555
0.568
0.58
0.593
0.605
0.618
0.63
0.642
0.654
0.666
0.678
0.69
0.702
0.714
0.725
0.737
0.748
0.759
0.77
0.781
0.792
0.802
0.812
0.822
0.832
0.842
0.852
0.861
0.87
0.879
0.887
0.896
0.904
0.912
0.919
0.926
0.933
0.94
0.947
0.953
0.959
0.964
0.969
0.974
0.979
0.983
0.987
0.99
0.993
0.996
0.998
1.0
1.002
1.003
1.004
1.004
1.004
1.004
1.004
1.003
1.002
1.001
1.0
0.999
0.998
0.996
0.994
0.993
0.991
0.99
0.988
0.986
0.985
0.983
0.982
0.981
0.98
0.979
0.978
0.978
0.978
0.978
0.979
0.979
0.98
0.982
0.984
0.986
0.989
0.992
0.996
1.0
1.005
1.01
1.016
1.022
1.029
1.036
1.044
1.052
1.06
1.069
1.078
1.088
1.098
1.108
1.119
1.13
1.142
1.153
1.165
1.178
1.19
1.203
1.216
1.229
1.242
1.256
1.269
1.283
1.297
1.312
1.326
1.34
1.355
1.369
1.384
1.398
1.413
1.428
1.442
1.457
1.472
1.486
1.501
1.516
1.53
1.544
1.559
1.573
1.587
1.601
1.614
1.628
1.641
1.654
1.667
1.68
1.692
1.704
1.716
1.728
1.739
1.75
1.761
1.771
1.781
1.791
1.8
1.809
1.817
1.825
1.833
1.84
1.846
1.853
1.858
1.863
1.868
1.872
1.876
1.878
1.881
1.883
1.884
1.884
1.884
1.884
1.882
1.88
1.877
1.874
1.87
1.865
1.859
1.853
1.846
1.838
1.829
1.819
1.809
1.798
1.786
1.773
1.759
1.744
1.728
1.712
1.694
1.676
1.656
1.636
1.615
1.592
1.569
1.544
1.519
1.492
1.464
1.436
1.406
1.375
1.343
1.309
1.275
1.239
1.202
1.164
1.125
1.085
1.043
1.0
0.956
0.911
0.864
0.818
0.771
0.723
0.676
0.629
0.583
0.537
0.492
0.449
0.407
0.366
0.327
0.29
0.256
0.224
0.194
0.168
0.145
0.125
0.109
0.096
0.086
0.08
0.076
0.076
0.078
0.083
0.091
0.101
0.113
0.127
0.143
0.161
0.181
0.202
0.224
0.248
0.273
0.299
0.326
0.353
0.382
0.41
0.439
0.468
0.497
0.527
0.555
0.584
0.612
0.639
0.666
0.691
0.716
0.74
0.762
0.782
0.801
0.819
0.834
0.848
0.859
0.868
0.875
0.879
0.881
0.879
0.875
