1, 0.0;
2, 0.03;
3, 0.059;
4, 0.088;
5, 0.116;
6, 0.144;
7, 0.171;
8, 0.198;
9, 0.224;
10, 0.25;
11, 0.275;
12, 0.299;
13, 0.323;
14, 0.347;
15, 0.37;
16, 0.392;
17, 0.414;
18, 0.436;
19, 0.456;
20, 0.477;
21, 0.497;
22, 0.517;
23, 0.536;
24, 0.554;
25, 0.572;
26, 0.59;
27, 0.607;
28, 0.624;
29, 0.641;
30, 0.657;
31, 0.672;
32, 0.687;
33, 0.702;
34, 0.716;
35, 0.73;
36, 0.743;
37, 0.757;
38, 0.769;
39, 0.782;
40, 0.793;
41, 0.805;
42, 0.816;
43, 0.827;
44, 0.837;
45, 0.847;
46, 0.857;
47, 0.867;
48, 0.876;
49, 0.884;
50, 0.893;
51, 0.901;
52, 0.909;
53, 0.916;
54, 0.923;
55, 0.93;
56, 0.936;
57, 0.943;
58, 0.949;
59, 0.954;
60, 0.96;
61, 0.965;
62, 0.969;
63, 0.974;
64, 0.978;
65, 0.982;
66, 0.986;
67, 0.99;
68, 0.993;
69, 0.996;
70, 0.999;
71, 1.002;
72, 1.004;
73, 1.006;
74, 1.008;
75, 1.01;
76, 1.012;
77, 1.013;
78, 1.014;
79, 1.015;
80, 1.016;
81, 1.017;
82, 1.017;
83, 1.018;
84, 1.018;
85, 1.018;
86, 1.018;
87, 1.017;
88, 1.017;
89, 1.016;
90, 1.016;
91, 1.015;
92, 1.014;
93, 1.013;
94, 1.012;
95, 1.011;
96, 1.01;
97, 1.008;
98, 1.007;
99, 1.005;
100, 1.003;
101, 1.002;
102, 1.0;
103, 0.988;
104, 0.976;
105, 0.964;
106, 0.951;
107, 0.939;
108, 0.927;
109, 0.915;
110, 0.902;
111, 0.89;
112, 0.877;
113, 0.865;
114, 0.853;
115, 0.84;
116, 0.828;
117, 0.815;
118, 0.803;
119, 0.791;
120, 0.778;
121, 0.766;
122, 0.754;
123, 0.742;
124, 0.729;
125, 0.717;
126, 0.705;
127, 0.693;
128, 0.681;
129, 0.669;
130, 0.658;
131, 0.646;
132, 0.634;
133, 0.623;
134, 0.611;
135, 0.6;
136, 0.589;
137, 0.578;
138, 0.567;
139, 0.556;
140, 0.545;
141, 0.535;
142, 0.524;
143, 0.514;
144, 0.504;
145, 0.494;
146, 0.484;
147, 0.474;
148, 0.465;
149, 0.455;
150, 0.446;
151, 0.437;
152, 0.428;
153, 0.42;
154, 0.411;
155, 0.403;
156, 0.395;
157, 0.387;
158, 0.38;
159, 0.372;
160, 0.365;
161, 0.358;
162, 0.352;
163, 0.345;
164, 0.339;
165, 0.333;
166, 0.337;
167, 0.341;
168, 0.345;
169, 0.349;
170, 0.354;
171, 0.358;
172, 0.363;
173, 0.368;
174, 0.374;
175, 0.38;
176, 0.385;
177, 0.391;
178, 0.398;
179, 0.404;
180, 0.411;
181, 0.417;
182, 0.424;
183, 0.431;
184, 0.439;
185, 0.446;
186, 0.454;
187, 0.461;
188, 0.469;
189, 0.477;
190, 0.485;
191, 0.494;
192, 0.502;
193, 0.511;
194, 0.519;
195, 0.528;
196, 0.537;
197, 0.545;
198, 0.554;
199, 0.563;
200, 0.572;
201, 0.582;
202, 0.591;
203, 0.6;
204, 0.609;
205, 0.619;
206, 0.628;
207, 0.637;
208, 0.647;
209, 0.656;
210, 0.666;
211, 0.675;
212, 0.685;
213, 0.694;
214, 0.704;
215, 0.713;
216, 0.723;
217, 0.732;
218, 0.742;
219, 0.751;
220, 0.76;
221, 0.77;
222, 0.779;
223, 0.788;
224, 0.797;
225, 0.806;
226, 0.815;
227, 0.824;
228, 0.833;
229, 0.842;
230, 0.85;
231, 0.859;
232, 0.867;
233, 0.876;
234, 0.884;
235, 0.892;
236, 0.9;
237, 0.908;
238, 0.915;
239, 0.923;
240, 0.93;
241, 0.938;
242, 0.945;
243, 0.952;
244, 0.958;
245, 0.965;
246, 0.971;
247, 0.977;
248, 0.983;
249, 0.989;
250, 0.995;
251, 1.0;
252, 1.001;
253, 1.002;
254, 1.003;
255, 1.004;
256, 1.004;
257, 1.005;
258, 1.005;
259, 1.005;
260, 1.005;
261, 1.005;
262, 1.004;
263, 1.004;
264, 1.003;
265, 1.003;
266, 1.002;
267, 1.002;
268, 1.001;
269, 1.0;
270, 0.999;
271, 0.998;
272, 0.998;
273, 0.997;
274, 0.996;
275, 0.995;
276, 0.995;
277, 0.994;
278, 0.993;
279, 0.993;
280, 0.993;
281, 0.992;
282, 0.992;
283, 0.992;
284, 0.992;
285, 0.992;
286, 0.992;
287, 0.993;
288, 0.994;
289, 0.995;
290, 0.996;
291, 0.997;
292, 0.998;
293, 1.0;
294, 1.002;
295, 1.004;
296, 1.007;
297, 1.009;
298, 1.012;
299, 1.015;
300, 1.018;
301, 1.022;
302, 1.025;
303, 1.029;
304, 1.033;
305, 1.037;
306, 1.041;
307, 1.045;
308, 1.05;
309, 1.054;
310, 1.059;
311, 1.064;
312, 1.069;
313, 1.073;
314, 1.078;
315, 1.084;
316, 1.089;
317, 1.094;
318, 1.099;
319, 1.104;
320, 1.11;
321, 1.115;
322, 1.12;
323, 1.126;
324, 1.131;
325, 1.137;
326, 1.142;
327, 1.147;
328, 1.152;
329, 1.158;
330, 1.163;
331, 1.168;
332, 1.173;
333, 1.178;
334, 1.183;
335, 1.188;
336, 1.192;
337, 1.197;
338, 1.201;
339, 1.206;
340, 1.21;
341, 1.214;
342, 1.218;
343, 1.221;
344, 1.225;
345, 1.228;
346, 1.232;
347, 1.235;
348, 1.238;
349, 1.24;
350, 1.243;
351, 1.245;
352, 1.247;
353, 1.249;
354, 1.25;
355, 1.251;
356, 1.252;
357, 1.253;
358, 1.253;
359, 1.254;
360, 1.253;
361, 1.253;
362, 1.252;
363, 1.251;
364, 1.25;
365, 1.248;
366, 1.246;
367, 1.243;
368, 1.241;
369, 1.237;
370, 1.234;
371, 1.23;
372, 1.226;
373, 1.221;
374, 1.216;
375, 1.21;
376, 1.204;
377, 1.198;
378, 1.191;
379, 1.184;
380, 1.176;
381, 1.168;
382, 1.159;
383, 1.15;
384, 1.141;
385, 1.13;
386, 1.12;
387, 1.109;
388, 1.097;
389, 1.085;
390, 1.072;
391, 1.059;
392, 1.045;
393, 1.03;
394, 1.016;
395, 1.0;
396, 0.984;
397, 0.967;
398, 0.95;
399, 0.932;
400, 0.914;
401, 0.896;
402, 0.877;
403, 0.858;
404, 0.838;
405, 0.818;
406, 0.798;
407, 0.778;
408, 0.757;
409, 0.737;
410, 0.716;
411, 0.695;
412, 0.674;
413, 0.653;
414, 0.632;
415, 0.611;
416, 0.591;
417, 0.57;
418, 0.55;
419, 0.529;
420, 0.509;
421, 0.49;
422, 0.47;
423, 0.451;
424, 0.432;
425, 0.414;
426, 0.396;
427, 0.378;
428, 0.361;
429, 0.345;
430, 0.329;
431, 0.314;
432, 0.299;
433, 0.285;
434, 0.272;
435, 0.259;
436, 0.247;
437, 0.236;
438, 0.226;
439, 0.217;
440, 0.209;
441, 0.201;
442, 0.195;
443, 0.189;
444, 0.185;
445, 0.181;
446, 0.179;
447, 0.178;
448, 0.178;
449, 0.179;
450, 0.182;
451, 0.185;
452, 0.19;
453, 0.197;
454, 0.205;
455, 0.214;
456, 0.224;
457, 0.236;
458, 0.25;
459, 0.265;
460, 0.282;
461, 0.3;
462, 0.32;
463, 0.342;
464, 0.365;
465, 0.39;
466, 0.417;
467, 0.446;
468, 0.477;
469, 0.509;
470, 0.544;
471, 0.58;
472, 0.618;
473, 0.658;
474, 0.701;
475, 0.745;
476, 0.792;
477, 0.841;
478, 0.891;
479, 0.945;
480, 1.0;
481, 1.058;
482, 1.117;
483, 1.178;
484, 1.239;
485, 1.301;
486, 1.362;
487, 1.423;
488, 1.483;
489, 1.541;
490, 1.597;
491, 1.65;
492, 1.7;
493, 1.747;
494, 1.789;
495, 1.827;
496, 1.859;
497, 1.886;
498, 1.907;
499, 1.921;
500, 1.928;
501, 1.927;
502, 1.918;
503, 1.901;
504, 1.874;
505, 1.838;
506, 1.792;
507, 1.735;
508, 1.668;
509, 1.588;
510, 1.497;
511, 1.393;
512, 1.275;
513, 1.145;
514, 1.0;
515, 0.695;
516, 0.394;
517, 0.111;
518, 0.02;
519, -0.038;
520, -0.066;
521, -0.069;
522, -0.049;
523, -0.011;
524, 0.042;
525, 0.107;
526, 0.18;
527, 0.256;
528, 0.333;
529, 0.399;
530, 0.461;
531, 0.52;
532, 0.577;
533, 0.631;
534, 0.682;
535, 0.73;
536, 0.775;
537, 0.818;
538, 0.858;
539, 0.896;
540, 0.932;
541, 0.965;
542, 0.995;
543, 1.023;
544, 1.049;
545, 1.073;
546, 1.095;
547, 1.115;
548, 1.132;
549, 1.148;
550, 1.161;
551, 1.173;
552, 1.183;
553, 1.191;
554, 1.198;
555, 1.203;
556, 1.206;
557, 1.207;
558, 1.208;
559, 1.206;
560, 1.203;
561, 1.199;
562, 1.194;
563, 1.187;
564, 1.18;
565, 1.171;
566, 1.161;
567, 1.15;
568, 1.138;
569, 1.125;
570, 1.111;
571, 1.096;
572, 1.081;
573, 1.065;
574, 1.048;
575, 1.031;
576, 1.013;
577, 0.995;
578, 0.976;
579, 0.957;
580, 0.937;
581, 0.917;
582, 0.897;
583, 0.877;
584, 0.857;
585, 0.836;
586, 0.816;
587, 0.795;
588, 0.775;
589, 0.755;
590, 0.735;
591, 0.715;
592, 0.696;
593, 0.677;
594, 0.658;
595, 0.64;
596, 0.622;
597, 0.605;
598, 0.589;
599, 0.573;
600, 0.558;
601, 0.543;
602, 0.53;
603, 0.517;
604, 0.506;
605, 0.495;
606, 0.485;
607, 0.477;
608, 0.469;
609, 0.463;
610, 0.458;
611, 0.455;
612, 0.453;
613, 0.452;
614, 0.452;
615, 0.455;
616, 0.469;
617, 0.486;
618, 0.504;
619, 0.523;
620, 0.543;
621, 0.564;
622, 0.586;
623, 0.61;
624, 0.634;
625, 0.658;
626, 0.684;
627, 0.71;
628, 0.736;
629, 0.762;
630, 0.789;
631, 0.816;
632, 0.843;
633, 0.87;
634, 0.897;
635, 0.923;
636, 0.949;
637, 0.975;
638, 1.0;
639, 1.013;
640, 1.025;
641, 1.036;
642, 1.047;
643, 1.057;
644, 1.066;
645, 1.075;
646, 1.084;
647, 1.092;
648, 1.099;
649, 1.106;
650, 1.112;
651, 1.118;
652, 1.123;
653, 1.128;
654, 1.132;
655, 1.136;
656, 1.14;
657, 1.143;
658, 1.145;
659, 1.147;
660, 1.149;
661, 1.151;
662, 1.152;
663, 1.152;
664, 1.153;
665, 1.153;
666, 1.152;
667, 1.152;
668, 1.151;
669, 1.15;
670, 1.148;
671, 1.146;
672, 1.144;
673, 1.142;
674, 1.14;
675, 1.137;
676, 1.134;
677, 1.131;
678, 1.128;
679, 1.125;
680, 1.121;
681, 1.118;
682, 1.114;
683, 1.11;
684, 1.106;
685, 1.102;
686, 1.098;
687, 1.093;
688, 1.089;
689, 1.085;
690, 1.08;
691, 1.076;
692, 1.072;
693, 1.067;
694, 1.063;
695, 1.059;
696, 1.054;
697, 1.05;
698, 1.046;
699, 1.042;
700, 1.038;
701, 1.034;
702, 1.03;
703, 1.027;
704, 1.023;
705, 1.02;
706, 1.017;
707, 1.014;
708, 1.011;
709, 1.008;
710, 1.006;
711, 1.004;
712, 1.002;
713, 1.0;
714, 0.999;
715, 0.998;
716, 0.997;
717, 0.996;
718, 0.996;
719, 0.996;
720, 0.997;
721, 0.997;
722, 0.998;
723, 1.0;
724, 1.002;
725, 1.004;
726, 1.006;
727, 1.007;
728, 1.008;
729, 1.008;
730, 1.007;
731, 1.004;
732, 1.0;
733, 0.981;
734, 0.96;
735, 0.938;
736, 0.914;
737, 0.888;
738, 0.862;
739, 0.834;
740, 0.805;
741, 0.776;
742, 0.745;
743, 0.715;
744, 0.683;
745, 0.651;
746, 0.619;
747, 0.587;
748, 0.555;
749, 0.524;
750, 0.492;
751, 0.461;
752, 0.43;
753, 0.401;
754, 0.371;
755, 0.343;
756, 0.316;
757, 0.291;
758, 0.266;
759, 0.243;
760, 0.222;
761, 0.202;
762, 0.184;
763, 0.168;
764, 0.154;
765, 0.143;
766, 0.164;
767, 0.188;
768, 0.214;
769, 0.242;
770, 0.272;
771, 0.303;
772, 0.336;
773, 0.371;
774, 0.406;
775, 0.443;
776, 0.481;
777, 0.52;
778, 0.559;
779, 0.599;
780, 0.639;
781, 0.68;
782, 0.721;
783, 0.762;
784, 0.802;
785, 0.843;
786, 0.883;
787, 0.923;
788, 0.962;
789, 1.0;
790, 1.018;
791, 1.036;
792, 1.052;
793, 1.068;
794, 1.083;
795, 1.097;
796, 1.11;
797, 1.122;
798, 1.133;
799, 1.144;
800, 1.153;
801, 1.162;
802, 1.171;
803, 1.178;
804, 1.185;
805, 1.191;
806, 1.196;
807, 1.201;
808, 1.204;
809, 1.208;
810, 1.21;
811, 1.212;
812, 1.213;
813, 1.214;
814, 1.214;
815, 1.213;
816, 1.212;
817, 1.21;
818, 1.208;
819, 1.205;
820, 1.201;
821, 1.197;
822, 1.193;
823, 1.188;
824, 1.182;
825, 1.176;
826, 1.17;
827, 1.163;
828, 1.156;
829, 1.148;
830, 1.14;
831, 1.131;
832, 1.123;
833, 1.113;
834, 1.104;
835, 1.094;
836, 1.083;
837, 1.073;
838, 1.062;
839, 1.051;
840, 1.039;
841, 1.028;
842, 1.016;
843, 1.003;
844, 0.991;
845, 0.978;
846, 0.965;
847, 0.952;
848, 0.939;
849, 0.926;
850, 0.912;
851, 0.899;
852, 0.885;
853, 0.871;
854, 0.857;
855, 0.837;
856, 0.817;
857, 0.797;
858, 0.777;
859, 0.756;
860, 0.736;
861, 0.716;
862, 0.696;
863, 0.676;
864, 0.656;
865, 0.636;
866, 0.616;
867, 0.596;
868, 0.576;
869, 0.557;
870, 0.538;
871, 0.519;
872, 0.5;
873, 0.481;
874, 0.463;
875, 0.445;
876, 0.427;
877, 0.409;
878, 0.392;
879, 0.375;
880, 0.358;
881, 0.342;
882, 0.326;
883, 0.311;
884, 0.296;
885, 0.281;
886, 0.267;
887, 0.253;
888, 0.24;
889, 0.227;
890, 0.215;
891, 0.203;
892, 0.192;
893, 0.181;
894, 0.171;
895, 0.161;
896, 0.153;
897, 0.144;
898, 0.137;
899, 0.13;
900, 0.123;
901, 0.118;
902, 0.113;
903, 0.109;
904, 0.106;
905, 0.103;
906, 0.101;
907, 0.1;
908, 0.112;
909, 0.126;
910, 0.14;
911, 0.154;
912, 0.17;
913, 0.186;
914, 0.202;
915, 0.22;
916, 0.238;
917, 0.256;
918, 0.275;
919, 0.294;
920, 0.314;
921, 0.334;
922, 0.355;
923, 0.376;
924, 0.397;
925, 0.418;
926, 0.44;
927, 0.462;
928, 0.484;
929, 0.507;
930, 0.529;
931, 0.552;
932, 0.574;
933, 0.597;
934, 0.62;
935, 0.643;
936, 0.665;
937, 0.688;
938, 0.71;
939, 0.732;
940, 0.754;
941, 0.776;
942, 0.798;
943, 0.819;
944, 0.841;
945, 0.861;
946, 0.882;
947, 0.902;
948, 0.921;
949, 0.94;
950, 0.959;
951, 0.977;
952, 0.995;
953, 1.012;
954, 1.028;
955, 1.044;
956, 1.059;
957, 1.073;
958, 1.087;
959, 1.099;
960, 1.112;
961, 1.123;
962, 1.133;
963, 1.143;
964, 1.151;
965, 1.159;
966, 1.165;
967, 1.171;
968, 1.176;
969, 1.179;
970, 1.181;
971, 1.183;
972, 1.183;
973, 1.182;
974, 1.179;
975, 1.176;
976, 1.171;
977, 1.165;
978, 1.157;
979, 1.148;
980, 1.138;
981, 1.126;
982, 1.113;
983, 1.098;
984, 1.081;
985, 1.063;
986, 1.044;
987, 1.023;
988, 1.0;
989, 0.939;
990, 0.877;
991, 0.814;
992, 0.751;
993, 0.686;
994, 0.622;
995, 0.557;
996, 0.494;
997, 0.43;
998, 0.368;
999, 0.307;
1000, 0.248;
1001, 0.191;
1002, 0.136;
1003, 0.083;
1004, 0.075;
1005, 0.07;
1006, 0.067;
1007, 0.067;
1008, 0.069;
1009, 0.074;
1010, 0.081;
1011, 0.09;
1012, 0.101;
1013, 0.114;
1014, 0.129;
1015, 0.146;
1016, 0.165;
1017, 0.185;
1018, 0.207;
1019, 0.23;
1020, 0.255;
1021, 0.281;
1022, 0.308;
1023, 0.336;
1024, 0.365;
1025, 0.395;
1026, 0.426;
1027, 0.457;
1028, 0.489;
1029, 0.522;
1030, 0.554;
1031, 0.588;
1032, 0.621;
1033, 0.655;
1034, 0.688;
1035, 0.722;
1036, 0.755;
1037, 0.788;
1038, 0.821;
1039, 0.854;
1040, 0.885;
1041, 0.917;
1042, 0.95;
1043, 0.978;
1044, 1.0;
1045, 0.985;
1046, 0.96;
1047, 0.929;
1048, 0.892;
1049, 0.851;
1050, 0.807;
1051, 0.764;
1052, 0.721;
1053, 0.682;
1054, 0.647;
1055, 0.618;
1056, 0.598;
1057, 0.587;
1058, 0.587;
1059, 0.6;
1060, 0.69;
1061, 0.79;
1062, 0.895;
1063, 1.0;
1064, 1.051;
1065, 1.097;
1066, 1.139;
1067, 1.176;
1068, 1.21;
1069, 1.239;
1070, 1.264;
1071, 1.286;
1072, 1.304;
1073, 1.319;
1074, 1.33;
1075, 1.339;
1076, 1.344;
1077, 1.347;
1078, 1.348;
1079, 1.346;
1080, 1.342;
1081, 1.335;
1082, 1.327;
1083, 1.317;
1084, 1.306;
1085, 1.293;
1086, 1.279;
1087, 1.264;
1088, 1.248;
1089, 1.232;
1090, 1.215;
1091, 1.197;
1092, 1.179;
1093, 1.161;
1094, 1.143;
1095, 1.126;
1096, 1.109;
1097, 1.092;
1098, 1.077;
1099, 1.062;
1100, 1.048;
1101, 1.035;
1102, 1.024;
1103, 1.015;
1104, 1.007;
1105, 1.001;
1106, 0.997;
1107, 0.996;
1108, 0.997;
1109, 1.0;
1110, 1.006;
1111, 1.015;
1112, 1.026;
1113, 1.04;
1114, 1.056;
1115, 1.075;
1116, 1.095;
1117, 1.118;
1118, 1.143;
1119, 1.17;
1120, 1.199;
1121, 1.23;
1122, 1.262;
1123, 1.296;
1124, 1.332;
1125, 1.369;
1126, 1.407;
1127, 1.447;
1128, 1.488;
1129, 1.53;
1130, 1.574;
1131, 1.618;
1132, 1.663;
1133, 1.709;
1134, 1.756;
1135, 1.803;
1136, 1.851;
1137, 1.9;
1138, 1.949;
1139, 1.998;
1140, 2.047;
1141, 2.097;
1142, 2.146;
1143, 2.196;
1144, 2.246;
1145, 2.295;
1146, 2.344;
1147, 2.393;
1148, 2.441;
1149, 2.489;
1150, 2.536;
1151, 2.583;
1152, 2.629;
1153, 2.674;
1154, 2.718;
1155, 2.761;
1156, 2.803;
1157, 2.843;
1158, 2.883;
1159, 2.921;
1160, 2.958;
1161, 2.993;
1162, 3.027;
1163, 3.059;
1164, 3.089;
1165, 3.117;
1166, 3.144;
1167, 3.168;
1168, 3.191;
1169, 3.211;
1170, 3.229;
1171, 3.244;
1172, 3.258;
1173, 3.268;
1174, 3.276;
1175, 3.282;
1176, 3.285;
1177, 3.284;
1178, 3.281;
1179, 3.275;
1180, 3.266;
1181, 3.254;
1182, 3.238;
1183, 3.219;
1184, 3.197;
1185, 3.171;
1186, 3.142;
1187, 3.109;
1188, 3.072;
1189, 3.031;
1190, 2.987;
1191, 2.938;
1192, 2.886;
1193, 2.829;
1194, 2.768;
1195, 2.703;
1196, 2.633;
1197, 2.559;
1198, 2.48;
1199, 2.396;
1200, 2.308;
1201, 2.215;
1202, 2.117;
1203, 2.014;
1204, 1.906;
1205, 1.792;
1206, 1.674;
1207, 1.55;
1208, 1.421;
1209, 1.286;
1210, 1.146;
1211, 1.0;
1212, 0.718;
1213, 0.446;
1214, 0.2;
1215, 0.167;
1216, 0.171;
1217, 0.208;
1218, 0.274;
1219, 0.364;
1220, 0.472;
1221, 0.594;
1222, 0.726;
1223, 0.863;
1224, 1.0;
1225, 1.093;
1226, 1.182;
1227, 1.266;
1228, 1.346;
1229, 1.421;
1230, 1.493;
1231, 1.56;
1232, 1.623;
1233, 1.682;
1234, 1.738;
1235, 1.79;
1236, 1.838;
1237, 1.882;
1238, 1.923;
1239, 1.96;
1240, 1.994;
1241, 2.025;
1242, 2.053;
1243, 2.077;
1244, 2.099;
1245, 2.118;
1246, 2.133;
1247, 2.146;
1248, 2.156;
1249, 2.164;
1250, 2.169;
1251, 2.172;
1252, 2.172;
1253, 2.17;
1254, 2.166;
1255, 2.16;
1256, 2.151;
1257, 2.141;
1258, 2.129;
1259, 2.115;
1260, 2.099;
1261, 2.082;
1262, 2.063;
1263, 2.043;
1264, 2.022;
1265, 1.999;
1266, 1.975;
1267, 1.95;
1268, 1.923;
1269, 1.896;
1270, 1.868;
1271, 1.839;
1272, 1.81;
1273, 1.78;
1274, 1.749;
1275, 1.718;
1276, 1.686;
1277, 1.654;
1278, 1.622;
1279, 1.59;
1280, 1.558;
1281, 1.526;
1282, 1.494;
1283, 1.462;
1284, 1.43;
1285, 1.399;
1286, 1.368;
1287, 1.338;
1288, 1.309;
1289, 1.28;
1290, 1.252;
1291, 1.224;
1292, 1.198;
1293, 1.173;
1294, 1.149;
1295, 1.126;
1296, 1.104;
1297, 1.084;
1298, 1.065;
1299, 1.048;
1300, 1.032;
1301, 1.018;
1302, 1.006;
1303, 0.996;
1304, 0.987;
1305, 0.981;
1306, 0.977;
1307, 0.975;
1308, 0.975;
1309, 0.977;
1310, 0.982;
1311, 0.99;
1312, 1.0;
1313, 1.013;
1314, 1.028;
1315, 1.046;
1316, 1.066;
1317, 1.089;
1318, 1.114;
1319, 1.141;
1320, 1.17;
1321, 1.201;
1322, 1.233;
1323, 1.268;
1324, 1.304;
1325, 1.342;
1326, 1.381;
1327, 1.421;
1328, 1.463;
1329, 1.506;
1330, 1.55;
1331, 1.595;
1332, 1.641;
1333, 1.687;
1334, 1.735;
1335, 1.783;
1336, 1.831;
1337, 1.88;
1338, 1.929;
1339, 1.979;
1340, 2.029;
1341, 2.078;
1342, 2.128;
1343, 2.177;
1344, 2.226;
1345, 2.275;
1346, 2.324;
1347, 2.371;
1348, 2.419;
1349, 2.465;
1350, 2.511;
1351, 2.556;
1352, 2.6;
1353, 2.642;
1354, 2.684;
1355, 2.724;
1356, 2.763;
1357, 2.8;
1358, 2.836;
1359, 2.87;
1360, 2.902;
1361, 2.933;
1362, 2.962;
1363, 2.988;
1364, 3.012;
1365, 3.035;
1366, 3.054;
1367, 3.072;
1368, 3.087;
1369, 3.099;
1370, 3.108;
1371, 3.115;
1372, 3.119;
1373, 3.12;
1374, 3.118;
1375, 3.112;
1376, 3.103;
1377, 3.091;
1378, 3.076;
1379, 3.057;
1380, 3.034;
1381, 3.007;
1382, 2.977;
1383, 2.943;
1384, 2.904;
1385, 2.862;
1386, 2.815;
1387, 2.764;
1388, 2.709;
1389, 2.649;
1390, 2.584;
1391, 2.515;
1392, 2.441;
1393, 2.362;
1394, 2.278;
1395, 2.19;
1396, 2.095;
1397, 1.996;
1398, 1.891;
1399, 1.781;
1400, 1.665;
1401, 1.544;
1402, 1.417;
1403, 1.284;
1404, 1.145;
1405, 1.0;
1406, 0.702;
1407, 0.404;
1408, 0.111;
1409, -0.015;
1410, -0.13;
1411, -0.233;
1412, -0.326;
1413, -0.408;
1414, -0.48;
1415, -0.542;
1416, -0.595;
1417, -0.639;
1418, -0.675;
1419, -0.702;
1420, -0.721;
1421, -0.732;
1422, -0.736;
1423, -0.734;
1424, -0.725;
1425, -0.709;
1426, -0.688;
1427, -0.662;
1428, -0.63;
1429, -0.594;
1430, -0.553;
1431, -0.508;
1432, -0.459;
1433, -0.408;
1434, -0.353;
1435, -0.295;
1436, -0.236;
1437, -0.174;
1438, -0.111;
1439, -0.047;
1440, 0.018;
1441, 0.084;
1442, 0.15;
1443, 0.215;
1444, 0.28;
1445, 0.344;
1446, 0.406;
1447, 0.467;
1448, 0.526;
1449, 0.583;
1450, 0.636;
1451, 0.687;
1452, 0.734;
1453, 0.778;
1454, 0.838;
1455, 0.894;
1456, 0.948;
1457, 1.0;
1458, 1.021;
1459, 1.042;
1460, 1.061;
1461, 1.079;
1462, 1.097;
1463, 1.113;
1464, 1.128;
1465, 1.143;
1466, 1.156;
1467, 1.169;
1468, 1.181;
1469, 1.191;
1470, 1.201;
1471, 1.21;
1472, 1.219;
1473, 1.226;
1474, 1.232;
1475, 1.238;
1476, 1.243;
1477, 1.247;
1478, 1.251;
1479, 1.254;
1480, 1.256;
1481, 1.257;
1482, 1.258;
1483, 1.257;
1484, 1.257;
1485, 1.255;
1486, 1.253;
1487, 1.251;
1488, 1.248;
1489, 1.244;
1490, 1.239;
1491, 1.235;
1492, 1.229;
1493, 1.223;
1494, 1.217;
1495, 1.21;
1496, 1.202;
1497, 1.195;
1498, 1.186;
1499, 1.177;
1500, 1.168;
1501, 1.159;
1502, 1.149;
1503, 1.139;
1504, 1.128;
1505, 1.117;
1506, 1.106;
1507, 1.094;
1508, 1.082;
1509, 1.07;
1510, 1.058;
1511, 1.045;
1512, 1.032;
1513, 1.019;
1514, 1.006;
1515, 0.992;
1516, 0.978;
1517, 0.965;
1518, 0.951;
1519, 0.937;
1520, 0.922;
1521, 0.908;
1522, 0.894;
1523, 0.879;
1524, 0.865;
1525, 0.851;
1526, 0.836;
1527, 0.822;
1528, 0.807;
1529, 0.793;
1530, 0.778;
1531, 0.764;
1532, 0.75;
1533, 0.738;
1534, 0.726;
1535, 0.715;
1536, 0.703;
1537, 0.692;
1538, 0.68;
1539, 0.669;
1540, 0.658;
1541, 0.647;
1542, 0.636;
1543, 0.626;
1544, 0.615;
1545, 0.605;
1546, 0.594;
1547, 0.584;
1548, 0.574;
1549, 0.565;
1550, 0.555;
1551, 0.546;
1552, 0.536;
1553, 0.527;
1554, 0.518;
1555, 0.51;
1556, 0.501;
1557, 0.493;
1558, 0.485;
1559, 0.477;
1560, 0.469;
1561, 0.461;
1562, 0.454;
1563, 0.447;
1564, 0.44;
1565, 0.433;
1566, 0.427;
1567, 0.421;
1568, 0.415;
1569, 0.409;
1570, 0.404;
1571, 0.398;
1572, 0.393;
1573, 0.389;
1574, 0.384;
1575, 0.38;
1576, 0.376;
1577, 0.373;
1578, 0.369;
1579, 0.366;
1580, 0.363;
1581, 0.361;
1582, 0.359;
1583, 0.357;
1584, 0.355;
1585, 0.354;
1586, 0.353;
1587, 0.352;
1588, 0.352;
1589, 0.352;
1590, 0.352;
1591, 0.353;
1592, 0.354;
1593, 0.355;
1594, 0.357;
1595, 0.359;
1596, 0.361;
1597, 0.364;
1598, 0.367;
1599, 0.371;
1600, 0.374;
1601, 0.379;
1602, 0.383;
1603, 0.388;
1604, 0.393;
1605, 0.399;
1606, 0.405;
1607, 0.412;
1608, 0.419;
1609, 0.426;
1610, 0.434;
1611, 0.442;
1612, 0.45;
1613, 0.459;
1614, 0.469;
1615, 0.478;
1616, 0.489;
1617, 0.499;
1618, 0.511;
1619, 0.522;
1620, 0.534;
1621, 0.547;
1622, 0.56;
1623, 0.573;
1624, 0.587;
1625, 0.601;
1626, 0.616;
1627, 0.631;
1628, 0.647;
1629, 0.663;
1630, 0.68;
1631, 0.697;
1632, 0.715;
1633, 0.733;
1634, 0.752;
1635, 0.771;
1636, 0.791;
1637, 0.811;
1638, 0.832;
1639, 0.853;
1640, 0.875;
1641, 0.917;
1642, 0.959;
1643, 1.0;
1644, 1.017;
1645, 1.032;
1646, 1.044;
1647, 1.052;
1648, 1.057;
1649, 1.058;
1650, 1.056;
1651, 1.049;
1652, 1.037;
1653, 1.021;
1654, 1.0;
1655, 0.941;
1656, 0.878;
1657, 0.811;
1658, 0.741;
1659, 0.67;
1660, 0.598;
1661, 0.526;
1662, 0.455;
1663, 0.385;
1664, 0.319;
1665, 0.255;
1666, 0.197;
1667, 0.143;
1668, 0.148;
1669, 0.158;
1670, 0.174;
1671, 0.195;
1672, 0.22;
1673, 0.25;
1674, 0.283;
1675, 0.32;
1676, 0.361;
1677, 0.404;
1678, 0.449;
1679, 0.496;
1680, 0.545;
1681, 0.596;
1682, 0.647;
1683, 0.699;
1684, 0.751;
1685, 0.802;
1686, 0.854;
1687, 0.904;
1688, 0.953;
1689, 1.0;
1690, 1.026;
1691, 1.049;
1692, 1.071;
1693, 1.091;
1694, 1.109;
1695, 1.126;
1696, 1.14;
1697, 1.153;
1698, 1.165;
1699, 1.174;
1700, 1.183;
1701, 1.19;
1702, 1.195;
1703, 1.2;
1704, 1.203;
1705, 1.205;
1706, 1.205;
1707, 1.205;
1708, 1.204;
1709, 1.201;
1710, 1.198;
1711, 1.194;
1712, 1.19;
1713, 1.184;
1714, 1.178;
1715, 1.172;
1716, 1.164;
1717, 1.157;
1718, 1.149;
1719, 1.14;
1720, 1.132;
1721, 1.123;
1722, 1.113;
1723, 1.104;
1724, 1.095;
1725, 1.086;
1726, 1.076;
1727, 1.067;
1728, 1.058;
1729, 1.049;
1730, 1.041;
1731, 1.033;
1732, 1.025;
1733, 1.018;
1734, 1.011;
1735, 1.005;
1736, 1.0;
1737, 0.995;
1738, 0.991;
1739, 0.988;
1740, 0.985;
1741, 0.983;
1742, 0.981;
1743, 0.98;
1744, 0.979;
1745, 0.978;
1746, 0.978;
1747, 0.979;
1748, 0.979;
1749, 0.98;
1750, 0.981;
1751, 0.983;
1752, 0.984;
1753, 0.986;
1754, 0.987;
1755, 0.989;
1756, 0.991;
1757, 0.993;
1758, 0.994;
1759, 0.996;
1760, 0.997;
1761, 0.998;
1762, 0.999;
1763, 1.0;
1764, 1.001;
1765, 1.001;
1766, 1.001;
1767, 1.0;
1768, 0.994;
1769, 0.988;
1770, 0.981;
1771, 0.974;
1772, 0.966;
1773, 0.958;
1774, 0.95;
1775, 0.941;
1776, 0.932;
1777, 0.923;
1778, 0.914;
1779, 0.904;
1780, 0.893;
1781, 0.883;
1782, 0.872;
1783, 0.861;
1784, 0.85;
1785, 0.838;
1786, 0.827;
1787, 0.815;
1788, 0.803;
1789, 0.79;
1790, 0.778;
1791, 0.765;
1792, 0.752;
1793, 0.739;
1794, 0.726;
1795, 0.713;
1796, 0.7;
1797, 0.686;
1798, 0.673;
1799, 0.659;
1800, 0.646;
1801, 0.632;
1802, 0.618;
1803, 0.605;
1804, 0.591;
1805, 0.577;
1806, 0.564;
1807, 0.55;
1808, 0.536;
1809, 0.523;
1810, 0.509;
1811, 0.495;
1812, 0.482;
1813, 0.469;
1814, 0.455;
1815, 0.442;
1816, 0.429;
1817, 0.417;
1818, 0.404;
1819, 0.391;
1820, 0.379;
1821, 0.367;
1822, 0.355;
1823, 0.343;
1824, 0.331;
1825, 0.32;
1826, 0.309;
1827, 0.298;
1828, 0.287;
1829, 0.277;
1830, 0.267;
1831, 0.257;
1832, 0.248;
1833, 0.239;
1834, 0.23;
1835, 0.222;
1836, 0.214;
1837, 0.206;
1838, 0.199;
1839, 0.192;
1840, 0.185;
1841, 0.179;
1842, 0.173;
1843, 0.168;
1844, 0.163;
1845, 0.159;
1846, 0.155;
1847, 0.152;
1848, 0.149;
1849, 0.147;
1850, 0.145;
1851, 0.143;
1852, 0.143;
1853, 0.143;
1854, 0.143;
1855, 0.157;
1856, 0.172;
1857, 0.188;
1858, 0.204;
1859, 0.22;
1860, 0.237;
1861, 0.254;
1862, 0.272;
1863, 0.29;
1864, 0.308;
1865, 0.327;
1866, 0.346;
1867, 0.365;
1868, 0.385;
1869, 0.404;
1870, 0.424;
1871, 0.444;
1872, 0.464;
1873, 0.484;
1874, 0.504;
1875, 0.525;
1876, 0.545;
1877, 0.565;
1878, 0.585;
1879, 0.605;
1880, 0.625;
1881, 0.645;
1882, 0.665;
1883, 0.684;
1884, 0.703;
1885, 0.722;
1886, 0.741;
1887, 0.759;
1888, 0.777;
1889, 0.795;
1890, 0.813;
1891, 0.83;
1892, 0.846;
1893, 0.862;
1894, 0.878;
1895, 0.893;
1896, 0.907;
1897, 0.921;
1898, 0.934;
1899, 0.947;
1900, 0.959;
1901, 0.97;
1902, 0.981;
1903, 0.991;
1904, 1.0;
1905, 0.992;
1906, 0.982;
1907, 0.973;
1908, 0.962;
1909, 0.951;
1910, 0.939;
1911, 0.926;
1912, 0.913;
1913, 0.899;
1914, 0.885;
1915, 0.87;
1916, 0.855;
1917, 0.839;
1918, 0.823;
1919, 0.806;
1920, 0.789;
1921, 0.772;
1922, 0.754;
1923, 0.736;
1924, 0.718;
1925, 0.7;
1926, 0.681;
1927, 0.662;
1928, 0.643;
1929, 0.624;
1930, 0.605;
1931, 0.586;
1932, 0.567;
1933, 0.547;
1934, 0.528;
1935, 0.509;
1936, 0.489;
1937, 0.47;
1938, 0.451;
1939, 0.432;
1940, 0.414;
1941, 0.395;
1942, 0.377;
1943, 0.359;
1944, 0.341;
1945, 0.324;
1946, 0.307;
1947, 0.29;
1948, 0.274;
1949, 0.258;
1950, 0.243;
1951, 0.228;
1952, 0.214;
1953, 0.2;
1954, 0.2;
1955, 0.2;
1956, 0.201;
1957, 0.203;
1958, 0.205;
1959, 0.208;
1960, 0.211;
1961, 0.214;
1962, 0.218;
1963, 0.223;
1964, 0.228;
1965, 0.233;
1966, 0.239;
1967, 0.245;
1968, 0.252;
1969, 0.259;
1970, 0.266;
1971, 0.274;
1972, 0.282;
1973, 0.291;
1974, 0.3;
1975, 0.309;
1976, 0.318;
1977, 0.328;
1978, 0.338;
1979, 0.348;
1980, 0.359;
1981, 0.37;
1982, 0.381;
1983, 0.392;
1984, 0.404;
1985, 0.416;
1986, 0.428;
1987, 0.44;
1988, 0.452;
1989, 0.465;
1990, 0.477;
1991, 0.49;
1992, 0.503;
1993, 0.516;
1994, 0.529;
1995, 0.542;
1996, 0.556;
1997, 0.569;
1998, 0.582;
1999, 0.596;
2000, 0.609;
2001, 0.623;
2002, 0.637;
2003, 0.65;
2004, 0.664;
2005, 0.677;
2006, 0.691;
2007, 0.704;
2008, 0.718;
2009, 0.731;
2010, 0.744;
2011, 0.757;
2012, 0.77;
2013, 0.783;
2014, 0.796;
2015, 0.809;
2016, 0.821;
2017, 0.834;
2018, 0.846;
2019, 0.858;
2020, 0.87;
2021, 0.881;
2022, 0.893;
2023, 0.904;
2024, 0.915;
2025, 0.925;
2026, 0.936;
2027, 0.946;
2028, 0.956;
2029, 0.965;
2030, 0.974;
2031, 0.983;
2032, 0.992;
2033, 1.0;
2034, 1.003;
2035, 1.005;
2036, 1.008;
2037, 1.009;
2038, 1.011;
2039, 1.012;
2040, 1.013;
2041, 1.014;
2042, 1.015;
2043, 1.015;
2044, 1.015;
2045, 1.015;
2046, 1.014;
2047, 1.014;
2048, 1.013;
2049, 1.013;
2050, 1.012;
2051, 1.011;
2052, 1.01;
2053, 1.008;
2054, 1.007;
2055, 1.006;
2056, 1.004;
2057, 1.003;
2058, 1.001;
2059, 1.0;
2060, 0.999;
2061, 0.997;
2062, 0.996;
2063, 0.994;
2064, 0.993;
2065, 0.992;
2066, 0.991;
2067, 0.99;
2068, 0.988;
2069, 0.987;
2070, 0.986;
2071, 0.986;
2072, 0.985;
2073, 0.984;
2074, 0.983;
2075, 0.983;
2076, 0.982;
2077, 0.982;
2078, 0.982;
2079, 0.982;
2080, 0.982;
2081, 0.982;
2082, 0.982;
2083, 0.982;
2084, 0.983;
2085, 0.984;
2086, 0.985;
2087, 0.986;
2088, 0.987;
2089, 0.988;
2090, 0.99;
2091, 0.991;
2092, 0.993;
2093, 0.995;
2094, 0.998;
2095, 1.0;
2096, 1.003;
2097, 1.005;
2098, 1.007;
2099, 1.008;
2100, 1.007;
2101, 1.005;
2102, 1.0;
2103, 0.99;
2104, 0.978;
2105, 0.963;
2106, 0.946;
2107, 0.927;
2108, 0.906;
2109, 0.883;
2110, 0.859;
2111, 0.832;
2112, 0.805;
2113, 0.776;
2114, 0.745;
2115, 0.714;
2116, 0.682;
2117, 0.648;
2118, 0.615;
2119, 0.58;
2120, 0.545;
2121, 0.51;
2122, 0.475;
2123, 0.439;
2124, 0.404;
2125, 0.368;
2126, 0.333;
2127, 0.299;
2128, 0.265;
2129, 0.232;
2130, 0.199;
2131, 0.168;
2132, 0.137;
2133, 0.108;
2134, 0.081;
2135, 0.054;
2136, 0.029;
2137, 0.006;
2138, -0.015;
2139, -0.034;
2140, -0.051;
2141, -0.066;
2142, -0.078;
2143, -0.088;
2144, -0.095;
2145, -0.1;
2146, -0.102;
2147, -0.1;
2148, -0.096;
2149, -0.088;
2150, -0.077;
2151, -0.063;
2152, -0.044;
2153, -0.022;
2154, 0.004;
2155, 0.034;
2156, 0.068;
2157, 0.106;
2158, 0.149;
2159, 0.197;
2160, 0.249;
2161, 0.306;
2162, 0.367;
2163, 0.434;
2164, 0.506;
2165, 0.584;
2166, 0.667;
2167, 0.796;
2168, 0.909;
2169, 0.984;
2170, 1.0;
2171, 0.763;
2172, 0.475;
2173, 0.167;
2174, 0.007;
2175, -0.143;
2176, -0.285;
2177, -0.418;
2178, -0.542;
2179, -0.658;
2180, -0.766;
2181, -0.866;
2182, -0.958;
2183, -1.042;
2184, -1.119;
2185, -1.189;
2186, -1.251;
2187, -1.307;
2188, -1.356;
2189, -1.399;
2190, -1.435;
2191, -1.465;
2192, -1.489;
2193, -1.507;
2194, -1.519;
2195, -1.526;
2196, -1.528;
2197, -1.524;
2198, -1.516;
2199, -1.502;
2200, -1.485;
2201, -1.462;
2202, -1.436;
2203, -1.405;
2204, -1.371;
2205, -1.333;
2206, -1.291;
2207, -1.246;
2208, -1.198;
2209, -1.147;
2210, -1.093;
2211, -1.037;
2212, -0.978;
2213, -0.916;
2214, -0.853;
2215, -0.788;
2216, -0.721;
2217, -0.652;
2218, -0.582;
2219, -0.511;
2220, -0.439;
2221, -0.365;
2222, -0.292;
2223, -0.218;
2224, -0.143;
2225, -0.068;
2226, 0.006;
2227, 0.081;
2228, 0.155;
2229, 0.228;
2230, 0.301;
2231, 0.373;
2232, 0.443;
2233, 0.513;
2234, 0.581;
2235, 0.647;
2236, 0.711;
2237, 0.774;
2238, 0.834;
2239, 0.892;
2240, 0.947;
2241, 1.0;
2242, 1.044;
2243, 1.085;
2244, 1.123;
2245, 1.158;
2246, 1.191;
2247, 1.221;
2248, 1.249;
2249, 1.274;
2250, 1.297;
2251, 1.317;
2252, 1.335;
2253, 1.351;
2254, 1.365;
2255, 1.377;
2256, 1.387;
2257, 1.395;
2258, 1.401;
2259, 1.405;
2260, 1.408;
2261, 1.408;
2262, 1.407;
2263, 1.405;
2264, 1.401;
2265, 1.396;
2266, 1.389;
2267, 1.381;
2268, 1.372;
2269, 1.361;
2270, 1.349;
2271, 1.337;
2272, 1.323;
2273, 1.309;
2274, 1.293;
2275, 1.277;
2276, 1.26;
2277, 1.242;
2278, 1.224;
2279, 1.205;
2280, 1.186;
2281, 1.166;
2282, 1.146;
2283, 1.125;
2284, 1.105;
2285, 1.084;
2286, 1.063;
2287, 1.042;
2288, 1.021;
2289, 1.0;
2290, 0.978;
2291, 0.957;
2292, 0.936;
2293, 0.915;
2294, 0.894;
2295, 0.873;
2296, 0.852;
2297, 0.832;
2298, 0.811;
2299, 0.791;
2300, 0.771;
2301, 0.751;
2302, 0.731;
2303, 0.712;
2304, 0.692;
2305, 0.673;
2306, 0.654;
2307, 0.634;
2308, 0.616;
2309, 0.597;
2310, 0.578;
2311, 0.559;
2312, 0.541;
2313, 0.523;
2314, 0.505;
2315, 0.487;
2316, 0.469;
2317, 0.451;
2318, 0.434;
2319, 0.416;
2320, 0.399;
2321, 0.382;
2322, 0.365;
2323, 0.348;
2324, 0.331;
2325, 0.314;
2326, 0.298;
2327, 0.282;
2328, 0.265;
2329, 0.249;
2330, 0.233;
2331, 0.218;
2332, 0.202;
2333, 0.186;
2334, 0.171;
2335, 0.156;
2336, 0.141;
2337, 0.126;
2338, 0.111;
2339, 0.096;
2340, 0.081;
2341, 0.067;
2342, 0.053;
2343, 0.038;
2344, 0.024;
2345, 0.011;
2346, -0.003;
2347, -0.017;
2348, -0.03;
2349, -0.044;
2350, -0.057;
2351, -0.07;
2352, -0.083;
2353, -0.096;
2354, -0.109;
2355, -0.121;
2356, -0.134;
2357, -0.146;
2358, -0.158;
2359, -0.171;
2360, -0.183;
2361, -0.194;
2362, -0.206;
2363, -0.218;
2364, -0.229;
2365, -0.24;
2366, -0.252;
2367, -0.263;
2368, -0.274;
2369, -0.284;
2370, -0.295;
2371, -0.306;
2372, -0.316;
2373, -0.326;
2374, -0.336;
2375, -0.346;
2376, -0.356;
2377, -0.366;
2378, -0.376;
2379, -0.385;
2380, -0.395;
2381, -0.404;
2382, -0.413;
2383, -0.422;
2384, -0.431;
2385, -0.44;
2386, -0.449;
2387, -0.457;
2388, -0.465;
2389, -0.474;
2390, -0.482;
2391, -0.49;
2392, -0.498;
2393, -0.506;
2394, -0.513;
2395, -0.521;
2396, -0.528;
2397, -0.536;
2398, -0.543;
2399, -0.55;
2400, -0.557;
2401, -0.564;
2402, -0.57;
2403, -0.577;
2404, -0.583;
2405, -0.59;
2406, -0.596;
2407, -0.602;
2408, -0.608;
2409, -0.614;
2410, -0.619;
2411, -0.625;
2412, -0.63;
2413, -0.636;
2414, -0.641;
2415, -0.646;
2416, -0.651;
2417, -0.656;
2418, -0.661;
2419, -0.666;
2420, -0.67;
2421, -0.675;
2422, -0.679;
2423, -0.683;
2424, -0.687;
2425, -0.691;
2426, -0.695;
2427, -0.699;
2428, -0.702;
2429, -0.706;
2430, -0.709;
2431, -0.712;
2432, -0.716;
2433, -0.719;
2434, -0.721;
2435, -0.724;
2436, -0.727;
2437, -0.73;
2438, -0.732;
2439, -0.734;
2440, -0.737;
2441, -0.739;
2442, -0.741;
2443, -0.743;
2444, -0.744;
2445, -0.746;
2446, -0.748;
2447, -0.749;
2448, -0.75;
2449, -0.752;
2450, -0.753;
2451, -0.754;
2452, -0.755;
2453, -0.755;
2454, -0.756;
2455, -0.757;
2456, -0.757;
2457, -0.757;
2458, -0.758;
2459, -0.758;
2460, -0.758;
2461, -0.758;
2462, -0.757;
2463, -0.757;
2464, -0.757;
2465, -0.756;
2466, -0.755;
2467, -0.755;
2468, -0.754;
2469, -0.753;
2470, -0.752;
2471, -0.75;
2472, -0.749;
2473, -0.748;
2474, -0.746;
2475, -0.745;
2476, -0.743;
2477, -0.741;
2478, -0.739;
2479, -0.737;
2480, -0.735;
2481, -0.733;
2482, -0.73;
2483, -0.728;
2484, -0.725;
2485, -0.723;
2486, -0.72;
2487, -0.717;
2488, -0.714;
2489, -0.711;
2490, -0.708;
2491, -0.704;
2492, -0.701;
2493, -0.697;
2494, -0.694;
2495, -0.69;
2496, -0.686;
2497, -0.682;
2498, -0.678;
2499, -0.674;
2500, -0.67;
2501, -0.666;
2502, -0.661;
2503, -0.657;
2504, -0.652;
2505, -0.647;
2506, -0.643;
2507, -0.638;
2508, -0.633;
2509, -0.628;
2510, -0.622;
2511, -0.617;
2512, -0.612;
2513, -0.606;
2514, -0.6;
2515, -0.595;
2516, -0.589;
2517, -0.583;
2518, -0.577;
2519, -0.571;
2520, -0.565;
2521, -0.558;
2522, -0.552;
2523, -0.545;
2524, -0.539;
2525, -0.532;
2526, -0.525;
2527, -0.518;
2528, -0.511;
2529, -0.504;
2530, -0.497;
2531, -0.49;
2532, -0.483;
2533, -0.475;
2534, -0.468;
2535, -0.46;
2536, -0.452;
2537, -0.444;
2538, -0.436;
2539, -0.428;
2540, -0.42;
2541, -0.412;
2542, -0.404;
2543, -0.395;
2544, -0.387;
2545, -0.378;
2546, -0.37;
2547, -0.361;
2548, -0.352;
2549, -0.343;
2550, -0.334;
2551, -0.325;
2552, -0.316;
2553, -0.306;
2554, -0.297;
2555, -0.287;
2556, -0.278;
2557, -0.268;
2558, -0.258;
2559, -0.248;
2560, -0.238;
2561, -0.228;
2562, -0.218;
2563, -0.208;
2564, -0.198;
2565, -0.187;
2566, -0.177;
2567, -0.166;
2568, -0.156;
2569, -0.145;
2570, -0.134;
2571, -0.123;
2572, -0.112;
2573, -0.101;
2574, -0.09;
2575, -0.079;
2576, -0.067;
2577, -0.056;
2578, -0.044;
2579, -0.033;
2580, -0.021;
2581, -0.009;
2582, 0.003;
2583, 0.015;
2584, 0.027;
2585, 0.039;
2586, 0.051;
2587, 0.063;
2588, 0.076;
2589, 0.088;
2590, 0.101;
2591, 0.113;
2592, 0.126;
2593, 0.139;
2594, 0.152;
2595, 0.165;
2596, 0.178;
2597, 0.191;
2598, 0.204;
2599, 0.217;
2600, 0.231;
2601, 0.244;
2602, 0.258;
2603, 0.271;
2604, 0.285;
2605, 0.299;
2606, 0.313;
2607, 0.327;
2608, 0.341;
2609, 0.355;
2610, 0.369;
2611, 0.383;
2612, 0.397;
2613, 0.412;
2614, 0.426;
2615, 0.441;
2616, 0.456;
2617, 0.47;
2618, 0.485;
2619, 0.5;
2620, 0.526;
2621, 0.551;
2622, 0.577;
2623, 0.603;
2624, 0.628;
2625, 0.653;
2626, 0.678;
2627, 0.702;
2628, 0.726;
2629, 0.75;
2630, 0.773;
2631, 0.795;
2632, 0.817;
2633, 0.838;
2634, 0.858;
2635, 0.877;
2636, 0.895;
2637, 0.913;
2638, 0.929;
2639, 0.944;
2640, 0.958;
2641, 0.97;
2642, 0.982;
2643, 0.992;
2644, 1.0;
2645, 0.989;
2646, 0.976;
2647, 0.961;
2648, 0.946;
2649, 0.93;
2650, 0.912;
2651, 0.894;
2652, 0.874;
2653, 0.854;
2654, 0.834;
2655, 0.813;
2656, 0.791;
2657, 0.77;
2658, 0.748;
2659, 0.726;
2660, 0.704;
2661, 0.682;
2662, 0.66;
2663, 0.639;
2664, 0.618;
2665, 0.598;
2666, 0.578;
2667, 0.559;
2668, 0.541;
2669, 0.524;
2670, 0.508;
2671, 0.493;
2672, 0.479;
2673, 0.467;
2674, 0.456;
2675, 0.446;
2676, 0.439;
2677, 0.433;
2678, 0.429;
2679, 0.439;
2680, 0.452;
2681, 0.466;
2682, 0.482;
2683, 0.499;
2684, 0.517;
2685, 0.536;
2686, 0.555;
2687, 0.576;
2688, 0.597;
2689, 0.618;
2690, 0.639;
2691, 0.66;
2692, 0.68;
2693, 0.701;
2694, 0.72;
2695, 0.739;
2696, 0.757;
2697, 0.774;
2698, 0.789;
2699, 0.803;
2700, 0.816;
2701, 0.826;
2702, 0.835;
2703, 0.841;
2704, 0.846;
2705, 0.847;
2706, 0.846;
2707, 0.842;
2708, 0.835;
2709, 0.825;
2710, 0.812;
2711, 0.795;
2712, 0.774;
2713, 0.75;
2714, 0.681;
2715, 0.61;
2716, 0.537;
2717, 0.463;
2718, 0.39;
2719, 0.318;
2720, 0.25;
2721, 0.229;
2722, 0.211;
2723, 0.198;
2724, 0.188;
2725, 0.181;
2726, 0.178;
2727, 0.178;
2728, 0.181;
2729, 0.187;
2730, 0.196;
2731, 0.207;
2732, 0.221;
2733, 0.236;
2734, 0.254;
2735, 0.274;
2736, 0.296;
2737, 0.319;
2738, 0.344;
2739, 0.37;
2740, 0.397;
2741, 0.426;
2742, 0.455;
2743, 0.485;
2744, 0.515;
2745, 0.546;
2746, 0.577;
2747, 0.609;
2748, 0.64;
2749, 0.671;
2750, 0.701;
2751, 0.731;
2752, 0.761;
2753, 0.789;
2754, 0.817;
2755, 0.844;
2756, 0.869;
2757, 0.892;
2758, 0.915;
2759, 0.935;
2760, 0.954;
2761, 0.97;
2762, 0.984;
2763, 0.996;
2764, 1.005;
2765, 1.012;
2766, 1.016;
2767, 1.017;
2768, 1.015;
2769, 1.009;
2770, 1.0;
2771, 0.951;
2772, 0.9;
2773, 0.845;
2774, 0.789;
2775, 0.73;
2776, 0.671;
2777, 0.61;
2778, 0.549;
2779, 0.488;
2780, 0.428;
2781, 0.368;
2782, 0.31;
2783, 0.254;
2784, 0.2;
2785, 0.185;
2786, 0.172;
2787, 0.162;
2788, 0.154;
2789, 0.149;
2790, 0.146;
2791, 0.145;
2792, 0.147;
2793, 0.15;
2794, 0.156;
2795, 0.163;
2796, 0.173;
2797, 0.184;
2798, 0.196;
2799, 0.21;
2800, 0.226;
2801, 0.243;
2802, 0.261;
2803, 0.28;
2804, 0.3;
2805, 0.322;
2806, 0.344;
2807, 0.367;
2808, 0.391;
2809, 0.415;
2810, 0.44;
2811, 0.466;
2812, 0.491;
2813, 0.517;
2814, 0.544;
2815, 0.57;
2816, 0.596;
2817, 0.623;
2818, 0.649;
2819, 0.675;
2820, 0.7;
2821, 0.725;
2822, 0.75;
2823, 0.77;
2824, 0.789;
2825, 0.808;
2826, 0.826;
2827, 0.844;
2828, 0.861;
2829, 0.877;
2830, 0.892;
2831, 0.907;
2832, 0.921;
2833, 0.935;
2834, 0.947;
2835, 0.959;
2836, 0.971;
2837, 0.981;
2838, 0.991;
2839, 1.0;
2840, 1.008;
2841, 1.016;
2842, 1.023;
2843, 1.028;
2844, 1.034;
2845, 1.038;
2846, 1.041;
2847, 1.044;
2848, 1.046;
2849, 1.047;
2850, 1.047;
2851, 1.046;
2852, 1.045;
2853, 1.042;
2854, 1.039;
2855, 1.035;
2856, 1.03;
2857, 1.024;
2858, 1.017;
2859, 1.009;
2860, 1.0;
2861, 0.972;
2862, 0.943;
2863, 0.913;
2864, 0.883;
2865, 0.852;
2866, 0.821;
2867, 0.789;
2868, 0.757;
2869, 0.724;
2870, 0.692;
2871, 0.659;
2872, 0.627;
2873, 0.594;
2874, 0.562;
2875, 0.53;
2876, 0.499;
2877, 0.468;
2878, 0.438;
2879, 0.408;
2880, 0.379;
2881, 0.351;
2882, 0.324;
2883, 0.298;
2884, 0.274;
2885, 0.25;
2886, 0.251;
2887, 0.253;
2888, 0.256;
2889, 0.261;
2890, 0.267;
2891, 0.273;
2892, 0.281;
2893, 0.29;
2894, 0.3;
2895, 0.311;
2896, 0.323;
2897, 0.336;
2898, 0.349;
2899, 0.364;
2900, 0.379;
2901, 0.394;
2902, 0.411;
2903, 0.428;
2904, 0.446;
2905, 0.464;
2906, 0.483;
2907, 0.502;
2908, 0.522;
2909, 0.542;
2910, 0.562;
2911, 0.583;
2912, 0.604;
2913, 0.625;
2914, 0.646;
2915, 0.668;
2916, 0.689;
2917, 0.711;
2918, 0.733;
2919, 0.755;
2920, 0.776;
2921, 0.798;
2922, 0.819;
2923, 0.841;
2924, 0.862;
2925, 0.883;
2926, 0.903;
2927, 0.923;
2928, 0.943;
2929, 0.963;
2930, 0.982;
2931, 1.0;
2932, 1.01;
2933, 1.019;
2934, 1.028;
2935, 1.036;
2936, 1.044;
2937, 1.051;
2938, 1.058;
2939, 1.064;
2940, 1.07;
2941, 1.075;
2942, 1.08;
2943, 1.084;
2944, 1.088;
2945, 1.091;
2946, 1.094;
2947, 1.097;
2948, 1.099;
2949, 1.101;
2950, 1.102;
2951, 1.103;
2952, 1.104;
2953, 1.104;
2954, 1.104;
2955, 1.103;
2956, 1.103;
2957, 1.101;
2958, 1.1;
2959, 1.098;
2960, 1.096;
2961, 1.093;
2962, 1.09;
2963, 1.087;
2964, 1.083;
2965, 1.08;
2966, 1.076;
2967, 1.071;
2968, 1.067;
2969, 1.062;
2970, 1.057;
2971, 1.051;
2972, 1.046;
2973, 1.04;
2974, 1.034;
2975, 1.027;
2976, 1.021;
2977, 1.014;
2978, 1.007;
2979, 1.0;
2980, 0.988;
2981, 0.975;
2982, 0.963;
2983, 0.95;
2984, 0.938;
2985, 0.925;
2986, 0.913;
2987, 0.9;
2988, 0.888;
2989, 0.876;
2990, 0.864;
2991, 0.853;
2992, 0.842;
2993, 0.831;
2994, 0.821;
2995, 0.811;
2996, 0.801;
2997, 0.793;
2998, 0.784;
2999, 0.777;
3000, 0.77;
3001, 0.764;
3002, 0.758;
3003, 0.754;
3004, 0.75;
3005, 0.757;
3006, 0.764;
3007, 0.773;
3008, 0.782;
3009, 0.791;
3010, 0.801;
3011, 0.812;
3012, 0.823;
3013, 0.834;
3014, 0.845;
3015, 0.857;
3016, 0.868;
3017, 0.88;
3018, 0.892;
3019, 0.903;
3020, 0.914;
3021, 0.925;
3022, 0.935;
3023, 0.945;
3024, 0.955;
3025, 0.964;
3026, 0.972;
3027, 0.979;
3028, 0.986;
3029, 0.992;
3030, 0.996;
3031, 1.0;
3032, 0.99;
3033, 0.98;
3034, 0.968;
3035, 0.955;
3036, 0.942;
3037, 0.927;
3038, 0.912;
3039, 0.896;
3040, 0.879;
3041, 0.861;
3042, 0.843;
3043, 0.824;
3044, 0.805;
3045, 0.785;
3046, 0.765;
3047, 0.744;
3048, 0.723;
3049, 0.701;
3050, 0.68;
3051, 0.658;
3052, 0.636;
3053, 0.614;
3054, 0.591;
3055, 0.569;
3056, 0.547;
3057, 0.525;
3058, 0.503;
3059, 0.481;
3060, 0.459;
3061, 0.438;
3062, 0.417;
3063, 0.397;
3064, 0.376;
3065, 0.357;
3066, 0.337;
3067, 0.319;
3068, 0.301;
3069, 0.283;
3070, 0.267;
3071, 0.251;
3072, 0.236;
3073, 0.221;
3074, 0.208;
3075, 0.196;
3076, 0.184;
3077, 0.174;
3078, 0.165;
3079, 0.156;
3080, 0.15;
3081, 0.144;
3082, 0.139;
3083, 0.136;
3084, 0.135;
3085, 0.134;
3086, 0.136;
3087, 0.138;
3088, 0.143;
3089, 0.176;
3090, 0.21;
3091, 0.246;
3092, 0.283;
3093, 0.321;
3094, 0.36;
3095, 0.4;
3096, 0.441;
3097, 0.482;
3098, 0.523;
3099, 0.565;
3100, 0.606;
3101, 0.648;
3102, 0.69;
3103, 0.731;
3104, 0.772;
3105, 0.812;
3106, 0.852;
3107, 0.89;
3108, 0.928;
3109, 0.965;
3110, 1.0;
3111, 1.014;
3112, 1.028;
3113, 1.039;
3114, 1.05;
3115, 1.059;
3116, 1.067;
3117, 1.075;
3118, 1.081;
3119, 1.086;
3120, 1.09;
3121, 1.093;
3122, 1.095;
3123, 1.096;
3124, 1.097;
3125, 1.097;
3126, 1.096;
3127, 1.095;
3128, 1.093;
3129, 1.09;
3130, 1.087;
3131, 1.084;
3132, 1.08;
3133, 1.076;
3134, 1.072;
3135, 1.067;
3136, 1.062;
3137, 1.057;
3138, 1.052;
3139, 1.047;
3140, 1.042;
3141, 1.037;
3142, 1.032;
3143, 1.027;
3144, 1.023;
3145, 1.018;
3146, 1.014;
3147, 1.01;
3148, 1.007;
3149, 1.004;
3150, 1.002;
3151, 1.0;
3152, 0.999;
3153, 0.998;
3154, 0.998;
3155, 0.998;
3156, 0.998;
3157, 0.999;
3158, 1.0;
3159, 1.001;
3160, 1.002;
3161, 1.003;
3162, 1.004;
3163, 1.005;
3164, 1.006;
3165, 1.007;
3166, 1.007;
3167, 1.007;
3168, 1.007;
3169, 1.006;
3170, 1.005;
3171, 1.003;
3172, 1.0;
3173, 0.995;
3174, 0.99;
3175, 0.984;
3176, 0.978;
3177, 0.971;
3178, 0.963;
3179, 0.955;
3180, 0.947;
3181, 0.938;
3182, 0.929;
3183, 0.92;
3184, 0.911;
3185, 0.901;
3186, 0.892;
3187, 0.882;
3188, 0.872;
3189, 0.863;
3190, 0.853;
3191, 0.844;
3192, 0.835;
3193, 0.826;
3194, 0.817;
3195, 0.809;
3196, 0.801;
3197, 0.794;
3198, 0.787;
3199, 0.781;
3200, 0.775;
3201, 0.77;
3202, 0.765;
3203, 0.761;
3204, 0.759;
3205, 0.756;
3206, 0.755;
3207, 0.755;
3208, 0.756;
3209, 0.757;
3210, 0.76;
3211, 0.764;
3212, 0.769;
3213, 0.775;
3214, 0.783;
3215, 0.792;
3216, 0.802;
3217, 0.813;
3218, 0.826;
3219, 0.841;
3220, 0.857;
3221, 0.875;
3222, 0.916;
3223, 0.958;
3224, 1.0;
3225, 1.02;
3226, 1.038;
3227, 1.055;
3228, 1.071;
3229, 1.085;
3230, 1.099;
3231, 1.111;
3232, 1.122;
3233, 1.132;
3234, 1.141;
3235, 1.149;
3236, 1.156;
3237, 1.162;
3238, 1.167;
3239, 1.171;
3240, 1.175;
3241, 1.177;
3242, 1.179;
3243, 1.18;
3244, 1.181;
3245, 1.18;
3246, 1.179;
3247, 1.178;
3248, 1.175;
3249, 1.173;
3250, 1.169;
3251, 1.166;
3252, 1.161;
3253, 1.157;
3254, 1.152;
3255, 1.146;
3256, 1.141;
3257, 1.135;
3258, 1.129;
3259, 1.122;
3260, 1.116;
3261, 1.109;
3262, 1.102;
3263, 1.095;
3264, 1.088;
3265, 1.081;
3266, 1.074;
3267, 1.067;
3268, 1.06;
3269, 1.054;
3270, 1.047;
3271, 1.041;
3272, 1.034;
3273, 1.028;
3274, 1.023;
3275, 1.017;
3276, 1.012;
3277, 1.008;
3278, 1.004;
3279, 1.0;
3280, 0.997;
3281, 0.994;
3282, 0.992;
3283, 0.99;
3284, 0.988;
3285, 0.987;
3286, 0.987;
3287, 0.986;
3288, 0.986;
3289, 0.987;
3290, 0.987;
3291, 0.988;
3292, 0.99;
3293, 0.991;
3294, 0.993;
3295, 0.995;
3296, 0.997;
3297, 1.0;
3298, 1.003;
3299, 1.005;
3300, 1.008;
3301, 1.012;
3302, 1.015;
3303, 1.018;
3304, 1.022;
3305, 1.025;
3306, 1.029;
3307, 1.032;
3308, 1.036;
3309, 1.04;
3310, 1.043;
3311, 1.047;
3312, 1.05;
3313, 1.054;
3314, 1.057;
3315, 1.061;
3316, 1.064;
3317, 1.067;
3318, 1.07;
3319, 1.073;
3320, 1.075;
3321, 1.078;
3322, 1.08;
3323, 1.082;
3324, 1.084;
3325, 1.085;
3326, 1.086;
3327, 1.087;
3328, 1.088;
3329, 1.088;
3330, 1.088;
3331, 1.088;
3332, 1.087;
3333, 1.086;
3334, 1.084;
3335, 1.082;
3336, 1.08;
3337, 1.077;
3338, 1.073;
3339, 1.069;
3340, 1.065;
3341, 1.06;
3342, 1.055;
3343, 1.049;
3344, 1.042;
3345, 1.035;
3346, 1.027;
3347, 1.019;
3348, 1.01;
3349, 1.0;
3350, 0.976;
3351, 0.951;
3352, 0.925;
3353, 0.899;
3354, 0.873;
3355, 0.846;
3356, 0.818;
3357, 0.791;
3358, 0.763;
3359, 0.734;
3360, 0.705;
3361, 0.676;
3362, 0.647;
3363, 0.618;
3364, 0.589;
3365, 0.56;
3366, 0.53;
3367, 0.501;
3368, 0.472;
3369, 0.442;
3370, 0.413;
3371, 0.385;
3372, 0.356;
3373, 0.328;
3374, 0.3;
3375, 0.272;
3376, 0.245;
3377, 0.219;
3378, 0.192;
3379, 0.167;
3380, 0.156;
3381, 0.146;
3382, 0.137;
3383, 0.128;
3384, 0.119;
3385, 0.111;
3386, 0.104;
3387, 0.097;
3388, 0.091;
3389, 0.085;
3390, 0.08;
3391, 0.075;
3392, 0.07;
3393, 0.066;
3394, 0.062;
3395, 0.059;
3396, 0.056;
3397, 0.054;
3398, 0.052;
3399, 0.051;
3400, 0.049;
3401, 0.048;
3402, 0.048;
3403, 0.048;
3404, 0.048;
3405, 0.048;
3406, 0.049;
3407, 0.05;
3408, 0.052;
3409, 0.053;
3410, 0.055;
3411, 0.057;
3412, 0.06;
3413, 0.062;
3414, 0.065;
3415, 0.068;
3416, 0.072;
3417, 0.075;
3418, 0.079;
3419, 0.083;
3420, 0.087;
3421, 0.091;
3422, 0.095;
3423, 0.1;
3424, 0.104;
3425, 0.109;
3426, 0.114;
3427, 0.119;
3428, 0.124;
3429, 0.129;
3430, 0.134;
3431, 0.14;
3432, 0.145;
3433, 0.15;
3434, 0.156;
3435, 0.161;
3436, 0.166;
3437, 0.172;
3438, 0.177;
3439, 0.182;
3440, 0.188;
3441, 0.193;
3442, 0.198;
3443, 0.203;
3444, 0.208;
3445, 0.213;
3446, 0.218;
3447, 0.223;
3448, 0.227;
3449, 0.232;
3450, 0.236;
3451, 0.241;
3452, 0.245;
3453, 0.249;
3454, 0.252;
3455, 0.256;
3456, 0.259;
3457, 0.262;
3458, 0.265;
3459, 0.268;
3460, 0.271;
3461, 0.273;
3462, 0.281;
3463, 0.289;
3464, 0.297;
3465, 0.304;
3466, 0.312;
3467, 0.319;
3468, 0.327;
3469, 0.334;
3470, 0.342;
3471, 0.349;
3472, 0.356;
3473, 0.364;
3474, 0.372;
3475, 0.379;
3476, 0.387;
3477, 0.396;
3478, 0.404;
3479, 0.413;
3480, 0.422;
3481, 0.432;
3482, 0.442;
3483, 0.452;
3484, 0.463;
3485, 0.474;
3486, 0.486;
3487, 0.498;
3488, 0.511;
3489, 0.524;
3490, 0.538;
3491, 0.553;
3492, 0.569;
3493, 0.585;
3494, 0.602;
3495, 0.62;
3496, 0.639;
3497, 0.658;
3498, 0.679;
3499, 0.7;
3500, 0.723;
3501, 0.746;
3502, 0.77;
3503, 0.796;
3504, 0.822;
3505, 0.85;
3506, 0.879;
3507, 0.909;
3508, 0.935;
3509, 0.961;
3510, 0.989;
3511, 1.017;
3512, 1.045;
3513, 1.074;
3514, 1.102;
3515, 1.131;
3516, 1.158;
3517, 1.185;
3518, 1.211;
3519, 1.236;
3520, 1.26;
3521, 1.282;
3522, 1.302;
3523, 1.32;
3524, 1.336;
3525, 1.35;
3526, 1.361;
3527, 1.369;
3528, 1.374;
3529, 1.376;
3530, 1.374;
3531, 1.368;
3532, 1.359;
3533, 1.345;
3534, 1.327;
3535, 1.305;
3536, 1.277;
3537, 1.245;
3538, 1.207;
3539, 1.164;
3540, 1.115;
3541, 1.061;
3542, 1.0;
3543, 0.859;
3544, 0.714;
3545, 0.566;
3546, 0.417;
3547, 0.27;
3548, 0.125;
3549, 0.063;
3550, 0.005;
3551, -0.048;
3552, -0.096;
3553, -0.14;
3554, -0.18;
3555, -0.215;
3556, -0.246;
3557, -0.274;
3558, -0.297;
3559, -0.317;
3560, -0.333;
3561, -0.346;
3562, -0.355;
3563, -0.361;
3564, -0.363;
3565, -0.362;
3566, -0.359;
3567, -0.352;
3568, -0.343;
3569, -0.331;
3570, -0.316;
3571, -0.299;
3572, -0.279;
3573, -0.257;
3574, -0.233;
3575, -0.207;
3576, -0.179;
3577, -0.149;
3578, -0.118;
3579, -0.084;
3580, -0.05;
3581, -0.013;
3582, 0.024;
3583, 0.063;
3584, 0.103;
3585, 0.144;
3586, 0.185;
3587, 0.228;
3588, 0.271;
3589, 0.315;
3590, 0.359;
3591, 0.404;
3592, 0.449;
3593, 0.494;
3594, 0.539;
3595, 0.584;
3596, 0.628;
3597, 0.673;
3598, 0.717;
3599, 0.761;
3600, 0.804;
3601, 0.846;
3602, 0.888;
3603, 0.928;
3604, 0.968;
3605, 1.006;
3606, 1.043;
3607, 1.079;
3608, 1.114;
3609, 1.146;
3610, 1.178;
3611, 1.207;
3612, 1.235;
3613, 1.26;
3614, 1.284;
3615, 1.305;
3616, 1.324;
3617, 1.34;
3618, 1.354;
3619, 1.366;
3620, 1.374;
3621, 1.38;
3622, 1.383;
3623, 1.383;
3624, 1.379;
3625, 1.373;
3626, 1.363;
3627, 1.349;
3628, 1.332;
3629, 1.312;
3630, 1.287;
3631, 1.259;
3632, 1.226;
3633, 1.19;
3634, 1.149;
3635, 1.104;
3636, 1.054;
3637, 1.0;
3638, 0.87;
3639, 0.737;
3640, 0.602;
3641, 0.466;
3642, 0.332;
3643, 0.2;
3644, 0.138;
3645, 0.08;
3646, 0.025;
3647, -0.026;
3648, -0.073;
3649, -0.117;
3650, -0.157;
3651, -0.194;
3652, -0.227;
3653, -0.258;
3654, -0.285;
3655, -0.309;
3656, -0.331;
3657, -0.349;
3658, -0.365;
3659, -0.378;
3660, -0.389;
3661, -0.397;
3662, -0.403;
3663, -0.406;
3664, -0.407;
3665, -0.406;
3666, -0.403;
3667, -0.399;
3668, -0.392;
3669, -0.383;
3670, -0.373;
3671, -0.361;
3672, -0.348;
3673, -0.333;
3674, -0.317;
3675, -0.3;
3676, -0.281;
3677, -0.262;
3678, -0.241;
3679, -0.22;
3680, -0.198;
3681, -0.175;
3682, -0.151;
3683, -0.127;
3684, -0.102;
3685, -0.077;
3686, -0.052;
3687, -0.027;
3688, -0.001;
3689, 0.024;
3690, 0.05;
3691, 0.075;
3692, 0.1;
3693, 0.125;
3694, 0.151;
3695, 0.177;
3696, 0.202;
3697, 0.227;
3698, 0.252;
3699, 0.276;
3700, 0.3;
3701, 0.323;
3702, 0.346;
3703, 0.368;
3704, 0.391;
3705, 0.412;
3706, 0.434;
3707, 0.455;
3708, 0.475;
3709, 0.495;
3710, 0.515;
3711, 0.535;
3712, 0.554;
3713, 0.572;
3714, 0.591;
3715, 0.609;
3716, 0.626;
3717, 0.643;
3718, 0.66;
3719, 0.677;
3720, 0.693;
3721, 0.709;
3722, 0.724;
3723, 0.739;
3724, 0.754;
3725, 0.768;
3726, 0.782;
3727, 0.796;
3728, 0.809;
3729, 0.822;
3730, 0.835;
3731, 0.847;
3732, 0.859;
3733, 0.871;
3734, 0.882;
3735, 0.894;
3736, 0.904;
3737, 0.915;
3738, 0.925;
3739, 0.935;
3740, 0.944;
3741, 0.953;
3742, 0.962;
3743, 0.971;
3744, 0.979;
3745, 0.987;
3746, 0.995;
3747, 1.002;
3748, 1.009;
3749, 1.016;
3750, 1.023;
3751, 1.029;
3752, 1.035;
3753, 1.041;
3754, 1.046;
3755, 1.051;
3756, 1.056;
3757, 1.061;
3758, 1.065;
3759, 1.069;
3760, 1.073;
3761, 1.077;
3762, 1.08;
3763, 1.083;
3764, 1.086;
3765, 1.089;
3766, 1.091;
3767, 1.093;
3768, 1.095;
3769, 1.096;
3770, 1.098;
3771, 1.099;
3772, 1.1;
3773, 1.1;
3774, 1.101;
3775, 1.101;
3776, 1.101;
3777, 1.101;
3778, 1.101;
3779, 1.1;
3780, 1.099;
3781, 1.098;
3782, 1.097;
3783, 1.095;
3784, 1.094;
3785, 1.092;
3786, 1.09;
3787, 1.087;
3788, 1.085;
3789, 1.082;
3790, 1.079;
3791, 1.076;
3792, 1.073;
3793, 1.07;
3794, 1.066;
3795, 1.063;
3796, 1.059;
3797, 1.055;
3798, 1.05;
3799, 1.046;
3800, 1.041;
3801, 1.037;
3802, 1.032;
3803, 1.027;
3804, 1.021;
3805, 1.016;
3806, 1.011;
3807, 1.005;
3808, 0.999;
3809, 0.993;
3810, 0.987;
3811, 0.981;
3812, 0.975;
3813, 0.968;
3814, 0.961;
3815, 0.955;
3816, 0.948;
3817, 0.941;
3818, 0.934;
3819, 0.927;
3820, 0.919;
3821, 0.912;
3822, 0.904;
3823, 0.897;
3824, 0.889;
3825, 0.881;
3826, 0.873;
3827, 0.865;
3828, 0.857;
3829, 0.849;
3830, 0.84;
3831, 0.832;
3832, 0.823;
3833, 0.815;
3834, 0.806;
3835, 0.797;
3836, 0.788;
3837, 0.779;
3838, 0.771;
3839, 0.761;
3840, 0.752;
3841, 0.743;
3842, 0.734;
3843, 0.725;
3844, 0.715;
3845, 0.706;
3846, 0.696;
3847, 0.687;
3848, 0.677;
3849, 0.668;
3850, 0.658;
3851, 0.648;
3852, 0.639;
3853, 0.629;
3854, 0.619;
3855, 0.609;
3856, 0.599;
3857, 0.59;
3858, 0.58;
3859, 0.57;
3860, 0.56;
3861, 0.55;
3862, 0.54;
3863, 0.53;
3864, 0.52;
3865, 0.51;
3866, 0.5;
3867, 0.486;
3868, 0.473;
3869, 0.459;
3870, 0.445;
3871, 0.432;
3872, 0.418;
3873, 0.405;
3874, 0.391;
3875, 0.378;
3876, 0.364;
3877, 0.351;
3878, 0.338;
3879, 0.325;
3880, 0.313;
3881, 0.3;
3882, 0.287;
3883, 0.275;
3884, 0.263;
3885, 0.251;
3886, 0.239;
3887, 0.227;
3888, 0.216;
3889, 0.205;
3890, 0.194;
3891, 0.183;
3892, 0.173;
3893, 0.162;
3894, 0.152;
3895, 0.143;
3896, 0.133;
3897, 0.124;
3898, 0.116;
3899, 0.107;
3900, 0.099;
3901, 0.091;
3902, 0.084;
3903, 0.077;
3904, 0.07;
3905, 0.064;
3906, 0.058;
3907, 0.053;
3908, 0.048;
3909, 0.043;
3910, 0.039;
3911, 0.035;
3912, 0.032;
3913, 0.029;
3914, 0.026;
3915, 0.024;
3916, 0.023;
3917, 0.022;
3918, 0.022;
3919, 0.022;
3920, 0.022;
3921, 0.024;
3922, 0.025;
3923, 0.028;
3924, 0.031;
3925, 0.034;
3926, 0.038;
3927, 0.043;
3928, 0.048;
3929, 0.054;
3930, 0.061;
3931, 0.068;
3932, 0.076;
3933, 0.084;
3934, 0.093;
3935, 0.103;
3936, 0.114;
3937, 0.125;
3938, 0.157;
3939, 0.19;
3940, 0.223;
3941, 0.257;
3942, 0.292;
3943, 0.326;
3944, 0.362;
3945, 0.397;
3946, 0.433;
3947, 0.469;
3948, 0.505;
3949, 0.542;
3950, 0.578;
3951, 0.615;
3952, 0.651;
3953, 0.687;
3954, 0.723;
3955, 0.759;
3956, 0.795;
3957, 0.83;
3958, 0.865;
3959, 0.9;
3960, 0.934;
3961, 0.967;
3962, 1.0;
3963, 1.014;
3964, 1.026;
3965, 1.039;
3966, 1.05;
3967, 1.061;
3968, 1.072;
3969, 1.082;
3970, 1.091;
3971, 1.1;
3972, 1.108;
3973, 1.115;
3974, 1.122;
3975, 1.129;
3976, 1.135;
3977, 1.14;
3978, 1.145;
3979, 1.15;
3980, 1.154;
3981, 1.157;
3982, 1.16;
3983, 1.163;
3984, 1.165;
3985, 1.167;
3986, 1.168;
3987, 1.169;
3988, 1.169;
3989, 1.169;
3990, 1.169;
3991, 1.168;
3992, 1.167;
3993, 1.166;
3994, 1.164;
3995, 1.162;
3996, 1.159;
3997, 1.157;
3998, 1.153;
3999, 1.15;
4000, 1.146;
4001, 1.142;
4002, 1.138;
4003, 1.134;
4004, 1.129;
4005, 1.124;
4006, 1.119;
4007, 1.113;
4008, 1.108;
4009, 1.102;
4010, 1.096;
4011, 1.09;
4012, 1.083;
4013, 1.077;
4014, 1.07;
4015, 1.063;
4016, 1.056;
4017, 1.049;
4018, 1.042;
4019, 1.034;
4020, 1.027;
4021, 1.019;
4022, 1.012;
4023, 1.004;
4024, 0.996;
4025, 0.989;
4026, 0.981;
4027, 0.973;
4028, 0.965;
4029, 0.957;
4030, 0.95;
4031, 0.942;
4032, 0.934;
4033, 0.926;
4034, 0.918;
4035, 0.911;
4036, 0.903;
4037, 0.896;
4038, 0.888;
4039, 0.881;
4040, 0.873;
4041, 0.866;
4042, 0.859;
4043, 0.852;
4044, 0.845;
4045, 0.839;
4046, 0.832;
4047, 0.826;
4048, 0.82;
4049, 0.814;
4050, 0.808;
4051, 0.803;
4052, 0.797;
4053, 0.792;
4054, 0.788;
4055, 0.783;
4056, 0.779;
4057, 0.775;
4058, 0.771;
4059, 0.767;
4060, 0.764;
4061, 0.761;
4062, 0.759;
4063, 0.756;
4064, 0.754;
4065, 0.753;
4066, 0.751;
4067, 0.751;
4068, 0.75;
4069, 0.75;
4070, 0.754;
4071, 0.759;
4072, 0.764;
4073, 0.769;
4074, 0.774;
4075, 0.78;
4076, 0.786;
4077, 0.793;
4078, 0.799;
4079, 0.806;
4080, 0.813;
4081, 0.82;
4082, 0.827;
4083, 0.834;
4084, 0.842;
4085, 0.849;
4086, 0.857;
4087, 0.864;
4088, 0.872;
4089, 0.879;
4090, 0.887;
4091, 0.894;
4092, 0.902;
4093, 0.909;
4094, 0.916;
4095, 0.923;
4096, 0.93;
4097, 0.937;
4098, 0.943;
4099, 0.949;
4100, 0.955;
4101, 0.961;
4102, 0.966;
4103, 0.971;
4104, 0.976;
4105, 0.981;
4106, 0.985;
4107, 0.988;
4108, 0.991;
4109, 0.994;
4110, 0.996;
4111, 0.998;
4112, 0.999;
4113, 1.0;
4114, 1.0;
4115, 1.0;
4116, 0.989;
4117, 0.977;
4118, 0.964;
4119, 0.951;
4120, 0.938;
4121, 0.924;
4122, 0.91;
4123, 0.895;
4124, 0.88;
4125, 0.865;
4126, 0.849;
4127, 0.833;
4128, 0.817;
4129, 0.801;
4130, 0.785;
4131, 0.768;
4132, 0.751;
4133, 0.735;
4134, 0.718;
4135, 0.701;
4136, 0.684;
4137, 0.668;
4138, 0.651;
4139, 0.635;
4140, 0.619;
4141, 0.602;
4142, 0.587;
4143, 0.571;
4144, 0.556;
4145, 0.554;
4146, 0.552;
4147, 0.551;
4148, 0.55;
4149, 0.549;
4150, 0.549;
4151, 0.55;
4152, 0.55;
4153, 0.552;
4154, 0.554;
4155, 0.556;
4156, 0.559;
4157, 0.563;
4158, 0.567;
4159, 0.572;
4160, 0.577;
4161, 0.583;
4162, 0.59;
4163, 0.598;
4164, 0.606;
4165, 0.616;
4166, 0.626;
4167, 0.636;
4168, 0.648;
4169, 0.661;
4170, 0.674;
4171, 0.689;
4172, 0.704;
4173, 0.72;
4174, 0.737;
4175, 0.756;
4176, 0.775;
4177, 0.795;
4178, 0.817;
4179, 0.84;
4180, 0.863;
4181, 0.888;
4182, 0.914;
4183, 0.942;
4184, 0.97;
4185, 1.0;
4186, 1.025;
4187, 1.051;
4188, 1.075;
4189, 1.096;
4190, 1.113;
4191, 1.124;
4192, 1.129;
4193, 1.125;
4194, 1.111;
4195, 1.087;
4196, 1.05;
4197, 1.0;
4198, 0.855;
4199, 0.699;
4200, 0.536;
4201, 0.368;
4202, 0.2;
4203, 0.12;
4204, 0.043;
4205, -0.03;
4206, -0.1;
4207, -0.167;
4208, -0.231;
4209, -0.292;
4210, -0.35;
4211, -0.404;
4212, -0.456;
4213, -0.504;
4214, -0.55;
4215, -0.593;
4216, -0.632;
4217, -0.669;
4218, -0.704;
4219, -0.735;
4220, -0.764;
4221, -0.79;
4222, -0.813;
4223, -0.834;
4224, -0.852;
4225, -0.867;
4226, -0.88;
4227, -0.89;
4228, -0.898;
4229, -0.904;
4230, -0.907;
4231, -0.908;
4232, -0.906;
4233, -0.903;
4234, -0.897;
4235, -0.888;
4236, -0.878;
4237, -0.865;
4238, -0.851;
4239, -0.834;
4240, -0.815;
4241, -0.794;
4242, -0.771;
4243, -0.747;
4244, -0.72;
4245, -0.691;
4246, -0.661;
4247, -0.629;
4248, -0.595;
4249, -0.559;
4250, -0.522;
4251, -0.483;
4252, -0.442;
4253, -0.4;
4254, -0.356;
4255, -0.311;
4256, -0.264;
4257, -0.216;
4258, -0.166;
4259, -0.115;
4260, -0.063;
4261, -0.009;
4262, 0.046;
4263, 0.102;
4264, 0.16;
4265, 0.218;
4266, 0.278;
4267, 0.339;
4268, 0.401;
4269, 0.464;
4270, 0.528;
4271, 0.592;
4272, 0.658;
4273, 0.725;
4274, 0.792;
4275, 0.861;
4276, 0.93;
4277, 1.0;
4278, 1.065;
4279, 1.131;
4280, 1.198;
4281, 1.265;
4282, 1.332;
4283, 1.4;
4284, 1.468;
4285, 1.536;
4286, 1.604;
4287, 1.672;
4288, 1.74;
4289, 1.808;
4290, 1.876;
4291, 1.943;
4292, 2.01;
4293, 2.076;
4294, 2.142;
4295, 2.207;
4296, 2.272;
4297, 2.335;
4298, 2.398;
4299, 2.46;
4300, 2.52;
4301, 2.58;
4302, 2.638;
4303, 2.695;
4304, 2.751;
4305, 2.805;
4306, 2.857;
4307, 2.908;
4308, 2.957;
4309, 3.005;
4310, 3.05;
4311, 3.094;
4312, 3.136;
4313, 3.175;
4314, 3.212;
4315, 3.247;
4316, 3.28;
4317, 3.31;
4318, 3.338;
4319, 3.363;
4320, 3.386;
4321, 3.405;
4322, 3.422;
4323, 3.436;
4324, 3.447;
4325, 3.455;
4326, 3.459;
4327, 3.461;
4328, 3.459;
4329, 3.454;
4330, 3.445;
4331, 3.432;
4332, 3.416;
4333, 3.397;
4334, 3.373;
4335, 3.346;
4336, 3.314;
4337, 3.279;
4338, 3.239;
4339, 3.195;
4340, 3.147;
4341, 3.094;
4342, 3.037;
4343, 2.976;
4344, 2.91;
4345, 2.839;
4346, 2.763;
4347, 2.683;
4348, 2.597;
4349, 2.507;
4350, 2.411;
4351, 2.311;
4352, 2.205;
4353, 2.093;
4354, 1.976;
4355, 1.854;
4356, 1.726;
4357, 1.593;
4358, 1.453;
4359, 1.308;
4360, 1.157;
4361, 1.0;
4362, 0.691;
4363, 0.39;
4364, 0.111;
4365, 0.024;
4366, -0.032;
4367, -0.058;
4368, -0.059;
4369, -0.039;
4370, -0.0;
4371, 0.052;
4372, 0.115;
4373, 0.186;
4374, 0.26;
4375, 0.333;
4376, 0.392;
4377, 0.447;
4378, 0.499;
4379, 0.547;
4380, 0.591;
4381, 0.632;
4382, 0.67;
4383, 0.704;
4384, 0.736;
4385, 0.764;
4386, 0.789;
4387, 0.812;
4388, 0.832;
4389, 0.849;
4390, 0.863;
4391, 0.875;
4392, 0.884;
4393, 0.891;
4394, 0.896;
4395, 0.899;
4396, 0.899;
4397, 0.898;
4398, 0.894;
4399, 0.889;
4400, 0.882;
4401, 0.873;
4402, 0.863;
4403, 0.851;
4404, 0.838;
4405, 0.823;
4406, 0.807;
4407, 0.79;
4408, 0.772;
4409, 0.753;
4410, 0.733;
4411, 0.712;
4412, 0.691;
4413, 0.669;
4414, 0.646;
4415, 0.623;
4416, 0.599;
4417, 0.575;
4418, 0.551;
4419, 0.527;
4420, 0.502;
4421, 0.478;
4422, 0.454;
4423, 0.43;
4424, 0.406;
4425, 0.383;
4426, 0.36;
4427, 0.338;
4428, 0.316;
4429, 0.295;
4430, 0.275;
4431, 0.256;
4432, 0.237;
4433, 0.22;
4434, 0.204;
4435, 0.189;
4436, 0.176;
4437, 0.164;
4438, 0.153;
4439, 0.144;
4440, 0.136;
4441, 0.131;
4442, 0.127;
4443, 0.125;
4444, 0.142;
4445, 0.16;
4446, 0.18;
4447, 0.202;
4448, 0.226;
4449, 0.251;
4450, 0.277;
4451, 0.305;
4452, 0.334;
4453, 0.364;
4454, 0.395;
4455, 0.427;
4456, 0.459;
4457, 0.493;
4458, 0.527;
4459, 0.561;
4460, 0.596;
4461, 0.631;
4462, 0.666;
4463, 0.701;
4464, 0.736;
4465, 0.771;
4466, 0.806;
4467, 0.841;
4468, 0.875;
4469, 0.894;
4470, 0.913;
4471, 0.931;
4472, 0.948;
4473, 0.965;
4474, 0.982;
4475, 0.998;
4476, 1.013;
4477, 1.028;
4478, 1.043;
4479, 1.057;
4480, 1.07;
4481, 1.083;
4482, 1.096;
4483, 1.108;
4484, 1.12;
4485, 1.131;
4486, 1.142;
4487, 1.152;
4488, 1.162;
4489, 1.172;
4490, 1.181;
4491, 1.19;
4492, 1.198;
4493, 1.206;
4494, 1.213;
4495, 1.221;
4496, 1.227;
4497, 1.234;
4498, 1.24;
4499, 1.245;
4500, 1.251;
4501, 1.256;
4502, 1.26;
4503, 1.265;
4504, 1.269;
4505, 1.272;
4506, 1.276;
4507, 1.279;
4508, 1.281;
4509, 1.284;
4510, 1.286;
4511, 1.287;
4512, 1.289;
4513, 1.29;
4514, 1.291;
4515, 1.292;
4516, 1.292;
4517, 1.292;
4518, 1.292;
4519, 1.292;
4520, 1.291;
4521, 1.291;
4522, 1.29;
4523, 1.288;
4524, 1.287;
4525, 1.285;
4526, 1.283;
4527, 1.281;
4528, 1.279;
4529, 1.277;
4530, 1.274;
4531, 1.271;
4532, 1.268;
4533, 1.265;
4534, 1.262;
4535, 1.258;
4536, 1.255;
4537, 1.251;
4538, 1.247;
4539, 1.243;
4540, 1.239;
4541, 1.235;
4542, 1.23;
4543, 1.226;
4544, 1.221;
4545, 1.217;
4546, 1.212;
4547, 1.207;
4548, 1.202;
4549, 1.198;
4550, 1.193;
4551, 1.188;
4552, 1.182;
4553, 1.177;
4554, 1.172;
4555, 1.167;
4556, 1.162;
4557, 1.156;
4558, 1.151;
4559, 1.146;
4560, 1.14;
4561, 1.135;
4562, 1.13;
4563, 1.125;
4564, 1.119;
4565, 1.114;
4566, 1.109;
4567, 1.104;
4568, 1.099;
4569, 1.094;
4570, 1.089;
4571, 1.084;
4572, 1.079;
4573, 1.074;
4574, 1.069;
4575, 1.065;
4576, 1.06;
4577, 1.056;
4578, 1.051;
4579, 1.047;
4580, 1.043;
4581, 1.039;
4582, 1.035;
4583, 1.031;
4584, 1.027;
4585, 1.024;
4586, 1.021;
4587, 1.017;
4588, 1.014;
4589, 1.012;
4590, 1.009;
4591, 1.006;
4592, 1.004;
4593, 1.002;
4594, 1.0;
4595, 0.998;
4596, 0.996;
4597, 0.994;
4598, 0.992;
4599, 0.991;
4600, 0.99;
4601, 0.988;
4602, 0.988;
4603, 0.987;
4604, 0.986;
4605, 0.986;
4606, 0.986;
4607, 0.985;
4608, 0.986;
4609, 0.986;
4610, 0.986;
4611, 0.987;
4612, 0.987;
4613, 0.988;
4614, 0.989;
4615, 0.99;
4616, 0.991;
4617, 0.993;
4618, 0.994;
4619, 0.996;
4620, 0.997;
4621, 0.999;
4622, 1.001;
4623, 1.003;
4624, 1.005;
4625, 1.007;
4626, 1.01;
4627, 1.012;
4628, 1.015;
4629, 1.017;
4630, 1.02;
4631, 1.023;
4632, 1.025;
4633, 1.028;
4634, 1.031;
4635, 1.034;
4636, 1.037;
4637, 1.04;
4638, 1.044;
4639, 1.047;
4640, 1.05;
4641, 1.053;
4642, 1.057;
4643, 1.06;
4644, 1.064;
4645, 1.067;
4646, 1.071;
4647, 1.074;
4648, 1.078;
4649, 1.081;
4650, 1.085;
4651, 1.088;
4652, 1.092;
4653, 1.095;
4654, 1.099;
4655, 1.102;
4656, 1.106;
4657, 1.109;
4658, 1.113;
4659, 1.116;
4660, 1.12;
4661, 1.123;
4662, 1.127;
4663, 1.13;
4664, 1.134;
4665, 1.137;
4666, 1.14;
4667, 1.143;
4668, 1.147;
4669, 1.15;
4670, 1.153;
4671, 1.156;
4672, 1.159;
4673, 1.162;
4674, 1.164;
4675, 1.167;
4676, 1.17;
4677, 1.172;
4678, 1.175;
4679, 1.177;
4680, 1.179;
4681, 1.182;
4682, 1.184;
4683, 1.186;
4684, 1.188;
4685, 1.189;
4686, 1.191;
4687, 1.193;
4688, 1.194;
4689, 1.196;
4690, 1.197;
4691, 1.198;
4692, 1.199;
4693, 1.2;
4694, 1.2;
4695, 1.201;
4696, 1.201;
4697, 1.201;
4698, 1.201;
4699, 1.201;
4700, 1.201;
4701, 1.201;
4702, 1.2;
4703, 1.199;
4704, 1.198;
4705, 1.197;
4706, 1.196;
4707, 1.194;
4708, 1.193;
4709, 1.191;
4710, 1.189;
4711, 1.187;
4712, 1.184;
4713, 1.182;
4714, 1.179;
4715, 1.176;
4716, 1.172;
4717, 1.169;
4718, 1.165;
4719, 1.161;
4720, 1.157;
4721, 1.153;
4722, 1.148;
4723, 1.143;
4724, 1.138;
4725, 1.133;
4726, 1.127;
4727, 1.121;
4728, 1.115;
4729, 1.108;
4730, 1.102;
4731, 1.095;
4732, 1.088;
4733, 1.08;
4734, 1.072;
4735, 1.064;
4736, 1.056;
4737, 1.047;
4738, 1.039;
4739, 1.029;
4740, 1.02;
4741, 1.01;
4742, 1.0;
4743, 0.986;
4744, 0.971;
4745, 0.956;
4746, 0.941;
4747, 0.926;
4748, 0.91;
4749, 0.895;
4750, 0.879;
4751, 0.863;
4752, 0.847;
4753, 0.831;
4754, 0.815;
4755, 0.799;
4756, 0.784;
4757, 0.768;
4758, 0.752;
4759, 0.737;
4760, 0.722;
4761, 0.707;
4762, 0.692;
4763, 0.677;
4764, 0.663;
4765, 0.649;
4766, 0.636;
4767, 0.622;
4768, 0.61;
4769, 0.597;
4770, 0.585;
4771, 0.574;
4772, 0.563;
4773, 0.553;
4774, 0.543;
4775, 0.534;
4776, 0.525;
4777, 0.517;
4778, 0.51;
4779, 0.504;
4780, 0.498;
4781, 0.493;
4782, 0.489;
4783, 0.486;
4784, 0.483;
4785, 0.482;
4786, 0.481;
4787, 0.481;
4788, 0.483;
4789, 0.485;
4790, 0.488;
4791, 0.493;
4792, 0.498;
4793, 0.505;
4794, 0.512;
4795, 0.521;
4796, 0.532;
4797, 0.543;
4798, 0.556;
4799, 0.594;
4800, 0.633;
4801, 0.673;
4802, 0.713;
4803, 0.755;
4804, 0.796;
4805, 0.838;
4806, 0.879;
4807, 0.92;
4808, 0.96;
4809, 1.0;
4810, 1.019;
4811, 1.036;
4812, 1.053;
4813, 1.068;
4814, 1.083;
4815, 1.097;
4816, 1.11;
4817, 1.122;
4818, 1.133;
4819, 1.143;
4820, 1.153;
4821, 1.161;
4822, 1.169;
4823, 1.176;
4824, 1.182;
4825, 1.187;
4826, 1.192;
4827, 1.195;
4828, 1.198;
4829, 1.2;
4830, 1.202;
4831, 1.202;
4832, 1.202;
4833, 1.201;
4834, 1.199;
4835, 1.197;
4836, 1.194;
4837, 1.19;
4838, 1.186;
4839, 1.181;
4840, 1.175;
4841, 1.168;
4842, 1.161;
4843, 1.154;
4844, 1.145;
4845, 1.136;
4846, 1.127;
4847, 1.116;
4848, 1.106;
4849, 1.094;
4850, 1.083;
4851, 1.07;
4852, 1.057;
4853, 1.044;
4854, 1.03;
4855, 1.015;
4856, 1.0;
4857, 0.971;
4858, 0.942;
4859, 0.912;
4860, 0.883;
4861, 0.853;
4862, 0.824;
4863, 0.795;
4864, 0.766;
4865, 0.739;
4866, 0.711;
4867, 0.685;
4868, 0.66;
4869, 0.636;
4870, 0.613;
4871, 0.591;
4872, 0.571;
4873, 0.574;
4874, 0.578;
4875, 0.584;
4876, 0.591;
4877, 0.6;
4878, 0.609;
4879, 0.62;
4880, 0.633;
4881, 0.646;
4882, 0.66;
4883, 0.675;
4884, 0.691;
4885, 0.707;
4886, 0.724;
4887, 0.742;
4888, 0.76;
4889, 0.779;
4890, 0.798;
4891, 0.817;
4892, 0.836;
4893, 0.855;
4894, 0.874;
4895, 0.893;
4896, 0.912;
4897, 0.93;
4898, 0.949;
4899, 0.966;
4900, 0.983;
4901, 1.0;
4902, 1.008;
4903, 1.016;
4904, 1.023;
4905, 1.03;
4906, 1.036;
4907, 1.041;
4908, 1.046;
4909, 1.05;
4910, 1.054;
4911, 1.057;
4912, 1.059;
4913, 1.061;
4914, 1.063;
4915, 1.064;
4916, 1.065;
4917, 1.065;
4918, 1.065;
4919, 1.065;
4920, 1.064;
4921, 1.063;
4922, 1.061;
4923, 1.06;
4924, 1.058;
4925, 1.055;
4926, 1.053;
4927, 1.05;
4928, 1.047;
4929, 1.044;
4930, 1.041;
4931, 1.037;
4932, 1.034;
4933, 1.03;
4934, 1.027;
4935, 1.023;
4936, 1.019;
4937, 1.015;
4938, 1.011;
4939, 1.008;
4940, 1.004;
4941, 1.0;
4942, 0.994;
4943, 0.989;
4944, 0.983;
4945, 0.978;
4946, 0.973;
4947, 0.967;
4948, 0.962;
4949, 0.957;
4950, 0.952;
4951, 0.947;
4952, 0.942;
4953, 0.937;
4954, 0.932;
4955, 0.928;
4956, 0.923;
4957, 0.918;
4958, 0.914;
4959, 0.909;
4960, 0.905;
4961, 0.9;
4962, 0.896;
4963, 0.892;
4964, 0.887;
4965, 0.883;
4966, 0.879;
4967, 0.875;
4968, 0.871;
4969, 0.866;
4970, 0.862;
4971, 0.858;
4972, 0.855;
4973, 0.851;
4974, 0.847;
4975, 0.843;
4976, 0.839;
4977, 0.835;
4978, 0.832;
4979, 0.828;
4980, 0.824;
4981, 0.821;
4982, 0.817;
4983, 0.814;
4984, 0.81;
4985, 0.806;
4986, 0.803;
4987, 0.8;
4988, 0.796;
4989, 0.793;
4990, 0.789;
4991, 0.786;
4992, 0.783;
4993, 0.779;
4994, 0.776;
4995, 0.773;
4996, 0.769;
4997, 0.766;
4998, 0.763;
4999, 0.76;
5000, 0.756;
5001, 0.753;
5002, 0.75;
5003, 0.747;
5004, 0.744;
5005, 0.74;
5006, 0.737;
5007, 0.734;
5008, 0.731;
5009, 0.728;
5010, 0.725;
5011, 0.721;
5012, 0.718;
5013, 0.715;
5014, 0.712;
5015, 0.709;
5016, 0.706;
5017, 0.702;
5018, 0.699;
5019, 0.696;
5020, 0.693;
5021, 0.69;
5022, 0.686;
5023, 0.683;
5024, 0.68;
5025, 0.677;
5026, 0.673;
5027, 0.67;
5028, 0.667;
5029, 0.669;
5030, 0.671;
5031, 0.673;
5032, 0.675;
5033, 0.677;
5034, 0.68;
5035, 0.682;
5036, 0.684;
5037, 0.687;
5038, 0.69;
5039, 0.692;
5040, 0.695;
5041, 0.698;
5042, 0.702;
5043, 0.705;
5044, 0.709;
5045, 0.712;
5046, 0.717;
5047, 0.721;
5048, 0.725;
5049, 0.73;
5050, 0.735;
5051, 0.741;
5052, 0.747;
5053, 0.753;
5054, 0.759;
5055, 0.766;
5056, 0.773;
5057, 0.781;
5058, 0.789;
5059, 0.797;
5060, 0.806;
5061, 0.815;
5062, 0.825;
5063, 0.835;
5064, 0.846;
5065, 0.857;
5066, 0.869;
5067, 0.881;
5068, 0.894;
5069, 0.907;
5070, 0.921;
5071, 0.936;
5072, 0.951;
5073, 0.966;
5074, 0.983;
5075, 1.0;
5076, 1.014;
5077, 1.029;
5078, 1.044;
5079, 1.06;
5080, 1.076;
5081, 1.093;
5082, 1.109;
5083, 1.126;
5084, 1.143;
5085, 1.16;
5086, 1.177;
5087, 1.194;
5088, 1.211;
5089, 1.227;
5090, 1.243;
5091, 1.259;
5092, 1.274;
5093, 1.288;
5094, 1.302;
5095, 1.316;
5096, 1.328;
5097, 1.34;
5098, 1.351;
5099, 1.361;
5100, 1.37;
5101, 1.377;
5102, 1.384;
5103, 1.389;
5104, 1.393;
5105, 1.396;
5106, 1.397;
5107, 1.396;
5108, 1.394;
5109, 1.39;
5110, 1.385;
5111, 1.378;
5112, 1.368;
5113, 1.357;
5114, 1.344;
5115, 1.329;
5116, 1.311;
5117, 1.291;
5118, 1.269;
5119, 1.245;
5120, 1.218;
5121, 1.188;
5122, 1.156;
5123, 1.121;
5124, 1.084;
5125, 1.043;
5126, 1.0;
5127, 0.907;
5128, 0.812;
5129, 0.716;
5130, 0.62;
5131, 0.524;
5132, 0.43;
5133, 0.338;
5134, 0.25;
5135, 0.222;
5136, 0.198;
5137, 0.178;
5138, 0.162;
5139, 0.15;
5140, 0.141;
5141, 0.136;
5142, 0.134;
5143, 0.135;
5144, 0.139;
5145, 0.146;
5146, 0.156;
5147, 0.169;
5148, 0.184;
5149, 0.201;
5150, 0.22;
5151, 0.242;
5152, 0.265;
5153, 0.29;
5154, 0.316;
5155, 0.344;
5156, 0.373;
5157, 0.404;
5158, 0.435;
5159, 0.467;
5160, 0.5;
5161, 0.533;
5162, 0.567;
5163, 0.601;
5164, 0.635;
5165, 0.669;
5166, 0.703;
5167, 0.737;
5168, 0.77;
5169, 0.802;
5170, 0.834;
5171, 0.865;
5172, 0.895;
5173, 0.923;
5174, 0.95;
5175, 0.976;
5176, 1.0;
5177, 1.013;
5178, 1.025;
5179, 1.035;
5180, 1.043;
5181, 1.05;
5182, 1.056;
5183, 1.06;
5184, 1.063;
5185, 1.065;
5186, 1.066;
5187, 1.066;
5188, 1.064;
5189, 1.062;
5190, 1.06;
5191, 1.056;
5192, 1.052;
5193, 1.047;
5194, 1.042;
5195, 1.037;
5196, 1.031;
5197, 1.025;
5198, 1.019;
5199, 1.012;
5200, 1.006;
5201, 1.0;
5202, 0.99;
5203, 0.981;
5204, 0.971;
5205, 0.962;
5206, 0.953;
5207, 0.944;
5208, 0.936;
5209, 0.928;
5210, 0.92;
5211, 0.912;
5212, 0.904;
5213, 0.897;
5214, 0.891;
5215, 0.884;
5216, 0.878;
5217, 0.872;
5218, 0.867;
5219, 0.862;
5220, 0.857;
5221, 0.858;
5222, 0.859;
5223, 0.861;
5224, 0.863;
5225, 0.865;
5226, 0.868;
5227, 0.87;
5228, 0.874;
5229, 0.877;
5230, 0.881;
5231, 0.885;
5232, 0.889;
5233, 0.893;
5234, 0.897;
5235, 0.902;
5236, 0.907;
5237, 0.912;
5238, 0.917;
5239, 0.922;
5240, 0.927;
5241, 0.932;
5242, 0.937;
5243, 0.942;
5244, 0.947;
5245, 0.952;
5246, 0.957;
5247, 0.962;
5248, 0.967;
5249, 0.972;
5250, 0.977;
5251, 0.981;
5252, 0.986;
5253, 0.99;
5254, 0.994;
5255, 0.998;
5256, 1.001;
5257, 1.004;
5258, 1.007;
5259, 1.01;
5260, 1.013;
5261, 1.015;
5262, 1.016;
5263, 1.018;
5264, 1.019;
5265, 1.019;
5266, 1.02;
5267, 1.02;
5268, 1.019;
5269, 1.018;
5270, 1.016;
5271, 1.014;
5272, 1.011;
5273, 1.008;
5274, 1.004;
5275, 1.0;
5276, 0.991;
5277, 0.982;
5278, 0.972;
5279, 0.961;
5280, 0.95;
5281, 0.939;
5282, 0.927;
5283, 0.914;
5284, 0.901;
5285, 0.887;
5286, 0.873;
5287, 0.858;
5288, 0.843;
5289, 0.828;
5290, 0.812;
5291, 0.796;
5292, 0.779;
5293, 0.762;
5294, 0.744;
5295, 0.726;
5296, 0.708;
5297, 0.689;
5298, 0.67;
5299, 0.651;
5300, 0.631;
5301, 0.611;
5302, 0.591;
5303, 0.57;
5304, 0.549;
5305, 0.528;
5306, 0.507;
5307, 0.485;
5308, 0.463;
5309, 0.441;
5310, 0.419;
5311, 0.396;
5312, 0.373;
5313, 0.351;
5314, 0.328;
5315, 0.304;
5316, 0.281;
5317, 0.258;
5318, 0.234;
5319, 0.21;
5320, 0.186;
5321, 0.163;
5322, 0.139;
5323, 0.115;
5324, 0.091;
5325, 0.066;
5326, 0.042;
5327, 0.018;
5328, -0.006;
5329, -0.03;
5330, -0.054;
5331, -0.078;
5332, -0.102;
5333, -0.126;
5334, -0.15;
5335, -0.174;
5336, -0.198;
5337, -0.222;
5338, -0.245;
5339, -0.269;
5340, -0.292;
5341, -0.315;
5342, -0.338;
5343, -0.361;
5344, -0.384;
5345, -0.406;
5346, -0.429;
5347, -0.451;
5348, -0.473;
5349, -0.494;
5350, -0.516;
5351, -0.537;
5352, -0.558;
5353, -0.578;
5354, -0.598;
5355, -0.618;
5356, -0.638;
5357, -0.657;
5358, -0.676;
5359, -0.695;
5360, -0.713;
5361, -0.731;
5362, -0.749;
5363, -0.766;
5364, -0.783;
5365, -0.799;
5366, -0.815;
5367, -0.831;
5368, -0.846;
5369, -0.86;
5370, -0.874;
5371, -0.888;
5372, -0.901;
5373, -0.914;
5374, -0.926;
5375, -0.937;
5376, -0.948;
5377, -0.959;
5378, -0.969;
5379, -0.978;
5380, -0.987;
5381, -0.995;
5382, -1.002;
5383, -1.009;
5384, -1.016;
5385, -1.021;
5386, -1.026;
5387, -1.03;
5388, -1.034;
5389, -1.037;
5390, -1.039;
5391, -1.041;
5392, -1.042;
5393, -1.042;
5394, -1.041;
5395, -1.04;
5396, -1.037;
5397, -1.034;
5398, -1.031;
5399, -1.026;
5400, -1.021;
5401, -1.015;
5402, -1.007;
5403, -1.0;
5404, -0.991;
5405, -0.981;
5406, -0.971;
5407, -0.959;
5408, -0.947;
5409, -0.934;
5410, -0.92;
5411, -0.904;
5412, -0.888;
5413, -0.871;
5414, -0.853;
5415, -0.834;
5416, -0.814;
5417, -0.794;
5418, -0.772;
5419, -0.749;
5420, -0.724;
5421, -0.699;
5422, -0.673;
5423, -0.646;
5424, -0.618;
5425, -0.588;
5426, -0.558;
5427, -0.526;
5428, -0.493;
5429, -0.459;
5430, -0.424;
5431, -0.388;
5432, -0.35;
5433, -0.312;
5434, -0.272;
5435, -0.231;
5436, -0.188;
5437, -0.145;
5438, -0.1;
5439, -0.054;
5440, -0.007;
5441, 0.042;
5442, 0.092;
5443, 0.143;
5444, 0.245;
5445, 0.348;
5446, 0.451;
5447, 0.551;
5448, 0.65;
5449, 0.745;
5450, 0.835;
5451, 0.921;
5452, 1.0;
5453, 1.018;
5454, 1.029;
5455, 1.034;
5456, 1.034;
5457, 1.028;
5458, 1.018;
5459, 1.005;
5460, 0.987;
5461, 0.967;
5462, 0.945;
5463, 0.921;
5464, 0.896;
5465, 0.87;
5466, 0.844;
5467, 0.819;
5468, 0.794;
5469, 0.771;
5470, 0.75;
5471, 0.743;
5472, 0.739;
5473, 0.737;
5474, 0.737;
5475, 0.739;
5476, 0.743;
5477, 0.748;
5478, 0.755;
5479, 0.764;
5480, 0.774;
5481, 0.785;
5482, 0.798;
5483, 0.811;
5484, 0.825;
5485, 0.839;
5486, 0.854;
5487, 0.869;
5488, 0.885;
5489, 0.901;
5490, 0.916;
5491, 0.931;
5492, 0.946;
5493, 0.961;
5494, 0.975;
5495, 0.988;
5496, 1.0;
5497, 1.004;
5498, 1.007;
5499, 1.009;
5500, 1.01;
5501, 1.011;
5502, 1.01;
5503, 1.009;
5504, 1.007;
5505, 1.004;
5506, 1.0;
5507, 0.996;
5508, 0.992;
5509, 0.987;
5510, 0.981;
5511, 0.975;
5512, 0.969;
5513, 0.962;
5514, 0.955;
5515, 0.948;
5516, 0.94;
5517, 0.932;
5518, 0.925;
5519, 0.917;
5520, 0.909;
5521, 0.901;
5522, 0.893;
5523, 0.886;
5524, 0.878;
5525, 0.871;
5526, 0.864;
5527, 0.857;
5528, 0.854;
5529, 0.852;
5530, 0.85;
5531, 0.848;
5532, 0.846;
5533, 0.845;
5534, 0.844;
5535, 0.843;
5536, 0.842;
5537, 0.842;
5538, 0.842;
5539, 0.843;
5540, 0.843;
5541, 0.844;
5542, 0.845;
5543, 0.846;
5544, 0.848;
5545, 0.85;
5546, 0.851;
5547, 0.854;
5548, 0.856;
5549, 0.858;
5550, 0.861;
5551, 0.864;
5552, 0.867;
5553, 0.87;
5554, 0.873;
5555, 0.877;
5556, 0.88;
5557, 0.884;
5558, 0.888;
5559, 0.892;
5560, 0.896;
5561, 0.9;
5562, 0.905;
5563, 0.909;
5564, 0.913;
5565, 0.918;
5566, 0.923;
5567, 0.927;
5568, 0.932;
5569, 0.937;
5570, 0.942;
5571, 0.946;
5572, 0.951;
5573, 0.956;
5574, 0.961;
5575, 0.966;
5576, 0.971;
5577, 0.976;
5578, 0.981;
5579, 0.986;
5580, 0.99;
5581, 0.995;
5582, 1.0;
5583, 1.003;
5584, 1.007;
5585, 1.01;
5586, 1.013;
5587, 1.017;
5588, 1.02;
5589, 1.023;
5590, 1.026;
5591, 1.029;
5592, 1.032;
5593, 1.035;
5594, 1.038;
5595, 1.041;
5596, 1.044;
5597, 1.047;
5598, 1.049;
5599, 1.052;
5600, 1.055;
5601, 1.057;
5602, 1.06;
5603, 1.062;
5604, 1.065;
5605, 1.067;
5606, 1.07;
5607, 1.072;
5608, 1.074;
5609, 1.077;
5610, 1.079;
5611, 1.081;
5612, 1.083;
5613, 1.085;
5614, 1.088;
5615, 1.09;
5616, 1.092;
5617, 1.094;
5618, 1.095;
5619, 1.097;
5620, 1.099;
5621, 1.101;
5622, 1.103;
5623, 1.104;
5624, 1.106;
5625, 1.108;
5626, 1.109;
5627, 1.111;
5628, 1.113;
5629, 1.114;
5630, 1.116;
5631, 1.117;
5632, 1.118;
5633, 1.12;
5634, 1.121;
5635, 1.122;
5636, 1.124;
5637, 1.125;
5638, 1.126;
5639, 1.127;
5640, 1.128;
5641, 1.129;
5642, 1.131;
5643, 1.132;
5644, 1.133;
5645, 1.134;
5646, 1.134;
5647, 1.135;
5648, 1.136;
5649, 1.137;
5650, 1.138;
5651, 1.139;
5652, 1.139;
5653, 1.14;
5654, 1.141;
5655, 1.141;
5656, 1.142;
5657, 1.143;
5658, 1.143;
5659, 1.144;
5660, 1.144;
5661, 1.145;
5662, 1.145;
5663, 1.146;
5664, 1.146;
5665, 1.146;
5666, 1.147;
5667, 1.147;
5668, 1.147;
5669, 1.148;
5670, 1.148;
5671, 1.148;
5672, 1.148;
5673, 1.148;
5674, 1.148;
5675, 1.149;
5676, 1.149;
5677, 1.149;
5678, 1.149;
5679, 1.149;
5680, 1.149;
5681, 1.149;
5682, 1.149;
5683, 1.149;
5684, 1.148;
5685, 1.148;
5686, 1.148;
5687, 1.148;
5688, 1.148;
5689, 1.148;
5690, 1.147;
5691, 1.147;
5692, 1.147;
5693, 1.146;
5694, 1.146;
5695, 1.146;
5696, 1.145;
5697, 1.145;
5698, 1.145;
5699, 1.144;
5700, 1.144;
5701, 1.143;
5702, 1.143;
5703, 1.142;
5704, 1.142;
5705, 1.141;
5706, 1.141;
5707, 1.14;
5708, 1.14;
5709, 1.139;
5710, 1.138;
5711, 1.138;
5712, 1.137;
5713, 1.137;
5714, 1.136;
5715, 1.135;
5716, 1.134;
5717, 1.134;
5718, 1.133;
5719, 1.132;
5720, 1.131;
5721, 1.131;
5722, 1.13;
5723, 1.129;
5724, 1.128;
5725, 1.127;
5726, 1.127;
5727, 1.126;
5728, 1.125;
5729, 1.124;
5730, 1.123;
5731, 1.122;
5732, 1.121;
5733, 1.12;
5734, 1.119;
5735, 1.118;
5736, 1.118;
5737, 1.117;
5738, 1.116;
5739, 1.115;
5740, 1.114;
5741, 1.113;
5742, 1.112;
5743, 1.111;
5744, 1.11;
5745, 1.109;
5746, 1.108;
5747, 1.106;
5748, 1.105;
5749, 1.104;
5750, 1.103;
5751, 1.102;
5752, 1.101;
5753, 1.1;
5754, 1.099;
5755, 1.098;
5756, 1.097;
5757, 1.096;
5758, 1.095;
5759, 1.093;
5760, 1.092;
5761, 1.091;
5762, 1.09;
5763, 1.089;
5764, 1.088;
5765, 1.087;
5766, 1.086;
5767, 1.084;
5768, 1.083;
5769, 1.082;
5770, 1.081;
5771, 1.08;
5772, 1.079;
5773, 1.077;
5774, 1.076;
5775, 1.075;
5776, 1.074;
5777, 1.073;
5778, 1.072;
5779, 1.071;
5780, 1.069;
5781, 1.068;
5782, 1.067;
5783, 1.066;
5784, 1.065;
5785, 1.064;
5786, 1.063;
5787, 1.061;
5788, 1.06;
5789, 1.059;
5790, 1.058;
5791, 1.057;
5792, 1.056;
5793, 1.055;
5794, 1.054;
5795, 1.052;
5796, 1.051;
5797, 1.05;
5798, 1.049;
5799, 1.048;
5800, 1.047;
5801, 1.046;
5802, 1.045;
5803, 1.044;
5804, 1.043;
5805, 1.042;
5806, 1.041;
5807, 1.04;
5808, 1.039;
5809, 1.038;
5810, 1.036;
5811, 1.035;
5812, 1.034;
5813, 1.034;
5814, 1.033;
5815, 1.032;
5816, 1.031;
5817, 1.03;
5818, 1.029;
5819, 1.028;
5820, 1.027;
5821, 1.026;
5822, 1.025;
5823, 1.024;
5824, 1.023;
5825, 1.022;
5826, 1.022;
5827, 1.021;
5828, 1.02;
5829, 1.019;
5830, 1.018;
5831, 1.018;
5832, 1.017;
5833, 1.016;
5834, 1.015;
5835, 1.015;
5836, 1.014;
5837, 1.013;
5838, 1.012;
5839, 1.012;
5840, 1.011;
5841, 1.01;
5842, 1.01;
5843, 1.009;
5844, 1.009;
5845, 1.008;
5846, 1.008;
5847, 1.007;
5848, 1.006;
5849, 1.006;
5850, 1.005;
5851, 1.005;
5852, 1.005;
5853, 1.004;
5854, 1.004;
5855, 1.003;
5856, 1.003;
5857, 1.003;
5858, 1.002;
5859, 1.002;
5860, 1.002;
5861, 1.001;
5862, 1.001;
5863, 1.001;
5864, 1.001;
5865, 1.001;
5866, 1.0;
5867, 1.0;
5868, 1.0;
5869, 1.0;
5870, 1.0;
5871, 1.0;
5872, 1.0;
5873, 1.0;
5874, 1.0;
5875, 1.0;
5876, 1.0;
5877, 1.0;
5878, 1.0;
5879, 1.0;
5880, 1.0;
5881, 1.0;
5882, 1.0;
5883, 1.0;
5884, 1.0;
5885, 1.0;
5886, 1.001;
5887, 1.001;
5888, 1.001;
5889, 1.001;
5890, 1.001;
5891, 1.001;
5892, 1.001;
5893, 1.001;
5894, 1.001;
5895, 1.001;
5896, 1.001;
5897, 1.002;
5898, 1.002;
5899, 1.002;
5900, 1.002;
5901, 1.002;
5902, 1.002;
5903, 1.002;
5904, 1.002;
5905, 1.002;
5906, 1.002;
5907, 1.002;
5908, 1.002;
5909, 1.002;
5910, 1.002;
5911, 1.002;
5912, 1.002;
5913, 1.002;
5914, 1.002;
5915, 1.002;
5916, 1.002;
5917, 1.002;
5918, 1.002;
5919, 1.002;
5920, 1.002;
5921, 1.001;
5922, 1.001;
5923, 1.001;
5924, 1.001;
5925, 1.001;
5926, 1.0;
5927, 1.0;
5928, 1.0;
5929, 1.0;
5930, 0.999;
5931, 0.999;
5932, 0.999;
5933, 0.999;
5934, 0.998;
5935, 0.998;
5936, 0.998;
5937, 0.997;
5938, 0.997;
5939, 0.997;
5940, 0.996;
5941, 0.996;
5942, 0.996;
5943, 0.996;
5944, 0.995;
5945, 0.995;
5946, 0.995;
5947, 0.995;
5948, 0.995;
5949, 0.995;
5950, 0.995;
5951, 0.995;
5952, 0.995;
5953, 0.995;
5954, 0.995;
5955, 0.996;
5956, 0.996;
5957, 0.996;
5958, 0.997;
5959, 0.997;
5960, 0.998;
5961, 0.998;
5962, 0.999;
5963, 1.0;
5964, 1.001;
5965, 1.002;
5966, 1.003;
5967, 1.004;
5968, 1.005;
5969, 1.006;
5970, 1.007;
5971, 1.008;
5972, 1.008;
5973, 1.009;
5974, 1.01;
5975, 1.01;
5976, 1.01;
5977, 1.01;
5978, 1.01;
5979, 1.009;
5980, 1.009;
5981, 1.008;
5982, 1.006;
5983, 1.004;
5984, 1.002;
5985, 1.0;
5986, 0.99;
5987, 0.979;
5988, 0.968;
5989, 0.956;
5990, 0.944;
5991, 0.932;
5992, 0.92;
5993, 0.907;
5994, 0.894;
5995, 0.88;
5996, 0.866;
5997, 0.852;
5998, 0.838;
5999, 0.824;
6000, 0.809;
6001, 0.794;
6002, 0.779;
6003, 0.763;
6004, 0.748;
6005, 0.732;
6006, 0.716;
6007, 0.7;
6008, 0.684;
6009, 0.668;
6010, 0.651;
6011, 0.635;
6012, 0.618;
6013, 0.602;
6014, 0.585;
6015, 0.568;
6016, 0.551;
6017, 0.534;
6018, 0.518;
6019, 0.501;
6020, 0.484;
6021, 0.467;
6022, 0.45;
6023, 0.433;
6024, 0.417;
6025, 0.4;
6026, 0.383;
6027, 0.367;
6028, 0.35;
6029, 0.334;
6030, 0.318;
6031, 0.302;
6032, 0.286;
6033, 0.27;
6034, 0.255;
6035, 0.24;
6036, 0.224;
6037, 0.209;
6038, 0.195;
6039, 0.18;
6040, 0.166;
6041, 0.152;
6042, 0.138;
6043, 0.125;
6044, 0.123;
6045, 0.121;
6046, 0.119;
6047, 0.117;
6048, 0.116;
6049, 0.115;
6050, 0.114;
6051, 0.114;
6052, 0.114;
6053, 0.114;
6054, 0.114;
6055, 0.115;
6056, 0.116;
6057, 0.117;
6058, 0.118;
6059, 0.12;
6060, 0.122;
6061, 0.124;
6062, 0.126;
6063, 0.128;
6064, 0.131;
6065, 0.134;
6066, 0.137;
6067, 0.141;
6068, 0.144;
6069, 0.148;
6070, 0.152;
6071, 0.156;
6072, 0.161;
6073, 0.165;
6074, 0.17;
6075, 0.175;
6076, 0.18;
6077, 0.185;
6078, 0.191;
6079, 0.197;
6080, 0.202;
6081, 0.208;
6082, 0.215;
6083, 0.221;
6084, 0.227;
6085, 0.234;
6086, 0.241;
6087, 0.247;
6088, 0.254;
6089, 0.262;
6090, 0.269;
6091, 0.276;
6092, 0.284;
6093, 0.291;
6094, 0.299;
6095, 0.307;
6096, 0.315;
6097, 0.323;
6098, 0.331;
6099, 0.34;
6100, 0.348;
6101, 0.356;
6102, 0.365;
6103, 0.374;
6104, 0.382;
6105, 0.391;
6106, 0.4;
6107, 0.409;
6108, 0.418;
6109, 0.427;
6110, 0.436;
6111, 0.445;
6112, 0.454;
6113, 0.463;
6114, 0.473;
6115, 0.482;
6116, 0.491;
6117, 0.501;
6118, 0.51;
6119, 0.52;
6120, 0.529;
6121, 0.539;
6122, 0.548;
6123, 0.558;
6124, 0.567;
6125, 0.577;
6126, 0.586;
6127, 0.596;
6128, 0.605;
6129, 0.615;
6130, 0.624;
6131, 0.634;
6132, 0.643;
6133, 0.653;
6134, 0.662;
6135, 0.671;
6136, 0.681;
6137, 0.69;
6138, 0.699;
6139, 0.708;
6140, 0.717;
6141, 0.727;
6142, 0.736;
6143, 0.745;
6144, 0.753;
6145, 0.762;
6146, 0.771;
6147, 0.78;
6148, 0.788;
6149, 0.797;
6150, 0.805;
6151, 0.814;
6152, 0.822;
6153, 0.83;
6154, 0.838;
6155, 0.846;
6156, 0.854;
6157, 0.862;
6158, 0.869;
6159, 0.877;
6160, 0.884;
6161, 0.891;
6162, 0.898;
6163, 0.905;
6164, 0.912;
6165, 0.919;
6166, 0.925;
6167, 0.932;
6168, 0.938;
6169, 0.944;
6170, 0.95;
6171, 0.956;
6172, 0.961;
6173, 0.967;
6174, 0.972;
6175, 0.977;
6176, 0.982;
6177, 0.987;
6178, 0.991;
6179, 0.996;
6180, 1.0;
6181, 1.001;
6182, 1.001;
6183, 1.002;
6184, 1.002;
6185, 1.002;
6186, 1.002;
6187, 1.002;
6188, 1.002;
6189, 1.001;
6190, 1.001;
6191, 1.0;
6192, 0.999;
6193, 0.999;
6194, 0.998;
6195, 0.997;
6196, 0.996;
6197, 0.996;
6198, 0.995;
6199, 0.994;
6200, 0.993;
6201, 0.992;
6202, 0.992;
6203, 0.991;
6204, 0.99;
6205, 0.99;
6206, 0.99;
6207, 0.989;
6208, 0.989;
6209, 0.989;
6210, 0.989;
6211, 0.989;
6212, 0.99;
6213, 0.99;
6214, 0.991;
6215, 0.992;
6216, 0.993;
6217, 0.994;
6218, 0.996;
6219, 0.998;
6220, 1.0;
6221, 1.002;
6222, 1.005;
6223, 1.008;
6224, 1.011;
6225, 1.014;
6226, 1.018;
6227, 1.022;
6228, 1.026;
6229, 1.03;
6230, 1.035;
6231, 1.039;
6232, 1.044;
6233, 1.049;
6234, 1.054;
6235, 1.06;
6236, 1.065;
6237, 1.071;
6238, 1.077;
6239, 1.083;
6240, 1.089;
6241, 1.095;
6242, 1.101;
6243, 1.108;
6244, 1.114;
6245, 1.121;
6246, 1.128;
6247, 1.135;
6248, 1.142;
6249, 1.149;
6250, 1.156;
6251, 1.163;
6252, 1.17;
6253, 1.177;
6254, 1.185;
6255, 1.192;
6256, 1.199;
6257, 1.207;
6258, 1.214;
6259, 1.221;
6260, 1.229;
6261, 1.236;
6262, 1.243;
6263, 1.251;
6264, 1.258;
6265, 1.265;
6266, 1.272;
6267, 1.279;
6268, 1.286;
6269, 1.293;
6270, 1.3;
6271, 1.307;
6272, 1.314;
6273, 1.321;
6274, 1.327;
6275, 1.334;
6276, 1.34;
6277, 1.346;
6278, 1.352;
6279, 1.358;
6280, 1.364;
6281, 1.37;
6282, 1.375;
6283, 1.38;
6284, 1.386;
6285, 1.391;
6286, 1.395;
6287, 1.4;
6288, 1.404;
6289, 1.409;
6290, 1.413;
6291, 1.416;
6292, 1.42;
6293, 1.423;
6294, 1.426;
6295, 1.429;
6296, 1.432;
6297, 1.434;
6298, 1.436;
6299, 1.438;
6300, 1.439;
6301, 1.44;
6302, 1.441;
6303, 1.442;
6304, 1.442;
6305, 1.442;
6306, 1.442;
6307, 1.441;
6308, 1.44;
6309, 1.439;
6310, 1.437;
6311, 1.435;
6312, 1.432;
6313, 1.43;
6314, 1.426;
6315, 1.423;
6316, 1.419;
6317, 1.415;
6318, 1.41;
6319, 1.405;
6320, 1.399;
6321, 1.393;
6322, 1.386;
6323, 1.379;
6324, 1.372;
6325, 1.364;
6326, 1.356;
6327, 1.347;
6328, 1.338;
6329, 1.328;
6330, 1.318;
6331, 1.307;
6332, 1.296;
6333, 1.284;
6334, 1.272;
6335, 1.259;
6336, 1.246;
6337, 1.232;
6338, 1.218;
6339, 1.203;
6340, 1.187;
6341, 1.171;
6342, 1.155;
6343, 1.137;
6344, 1.12;
6345, 1.101;
6346, 1.082;
6347, 1.063;
6348, 1.042;
6349, 1.021;
6350, 1.0;
6351, 0.958;
6352, 0.915;
6353, 0.873;
6354, 0.829;
6355, 0.786;
6356, 0.742;
6357, 0.699;
6358, 0.656;
6359, 0.612;
6360, 0.57;
6361, 0.527;
6362, 0.486;
6363, 0.445;
6364, 0.405;
6365, 0.365;
6366, 0.327;
6367, 0.29;
6368, 0.254;
6369, 0.219;
6370, 0.186;
6371, 0.155;
6372, 0.125;
6373, 0.125;
6374, 0.127;
6375, 0.131;
6376, 0.136;
6377, 0.142;
6378, 0.151;
6379, 0.16;
6380, 0.171;
6381, 0.183;
6382, 0.196;
6383, 0.211;
6384, 0.226;
6385, 0.242;
6386, 0.26;
6387, 0.278;
6388, 0.297;
6389, 0.316;
6390, 0.337;
6391, 0.357;
6392, 0.379;
6393, 0.4;
6394, 0.423;
6395, 0.445;
6396, 0.468;
6397, 0.49;
6398, 0.513;
6399, 0.536;
6400, 0.559;
6401, 0.582;
6402, 0.604;
6403, 0.627;
6404, 0.649;
6405, 0.67;
6406, 0.692;
6407, 0.712;
6408, 0.732;
6409, 0.752;
6410, 0.77;
6411, 0.788;
6412, 0.805;
6413, 0.821;
6414, 0.836;
6415, 0.85;
6416, 0.863;
6417, 0.875;
6418, 0.877;
6419, 0.878;
6420, 0.877;
6421, 0.875;
6422, 99999;
