0.0
0.008
0.017
0.025
0.032
0.04
0.048
0.055
0.062
0.069
0.076
0.083
0.09
0.096
0.102
0.108
0.114
0.12
0.126
0.131
0.137
0.142
0.147
0.152
0.157
0.161
0.166
0.17
0.174
0.178
0.182
0.186
0.189
0.193
0.196
0.199
0.202
0.205
0.208
0.211
0.213
0.216
0.218
0.22
0.222
0.224
0.225
0.227
0.228
0.23
0.231
0.232
0.233
0.234
0.234
0.235
0.235
0.235
0.236
0.236
0.236
0.235
0.235
0.235
0.234
0.234
0.233
0.232
0.231
0.23
0.229
0.227
0.226
0.224
0.222
0.221
0.219
0.217
0.215
0.212
0.21
0.208
0.205
0.203
0.2
0.197
0.194
0.191
0.188
0.185
0.181
0.178
0.174
0.171
0.167
0.163
0.159
0.155
0.151
0.147
0.143
0.138
0.134
0.129
0.125
0.12
0.115
0.11
0.105
0.1
0.095
0.09
0.084
0.079
0.074
0.068
0.062
0.057
0.051
0.045
0.039
0.033
0.027
0.021
0.014
0.008
0.002
-0.005
-0.011
-0.018
-0.024
-0.031
-0.038
-0.045
-0.052
-0.059
-0.066
-0.073
-0.08
-0.087
-0.095
-0.102
-0.109
-0.117
-0.124
-0.132
-0.139
-0.147
-0.155
-0.163
-0.171
-0.178
-0.186
-0.194
-0.202
-0.21
-0.219
-0.227
-0.235
-0.243
-0.252
-0.26
-0.268
-0.277
-0.285
-0.294
-0.302
-0.311
-0.32
-0.328
-0.337
-0.346
-0.355
-0.363
-0.372
-0.381
-0.39
-0.399
-0.408
-0.417
-0.426
-0.435
-0.444
-0.453
-0.463
-0.472
-0.481
-0.49
-0.499
-0.509
-0.518
-0.527
-0.537
-0.546
-0.555
-0.565
-0.574
-0.584
-0.593
-0.603
-0.612
-0.621
-0.631
-0.64
-0.65
-0.66
-0.669
-0.679
-0.688
-0.698
-0.707
-0.717
-0.726
-0.736
-0.746
-0.755
-0.765
-0.774
-0.784
-0.793
-0.803
-0.813
-0.822
-0.832
-0.841
-0.851
-0.861
-0.87
-0.88
-0.889
-0.899
-0.908
-0.918
-0.927
-0.937
-0.946
-0.956
-0.965
-0.975
-0.984
-0.993
-1.003
-1.012
-1.021
-1.031
-1.04
-1.049
-1.059
-1.068
-1.077
-1.086
-1.095
-1.105
-1.114
-1.123
-1.132
-1.141
-1.15
-1.159
-1.168
-1.177
-1.185
-1.194
-1.203
-1.212
-1.221
-1.229
-1.238
-1.247
-1.255
-1.264
-1.272
-1.281
-1.289
-1.298
-1.306
-1.314
-1.322
-1.331
-1.339
-1.347
-1.355
-1.363
-1.371
-1.379
-1.387
-1.394
-1.402
-1.41
-1.418
-1.425
-1.433
-1.44
-1.448
-1.455
-1.462
-1.47
-1.477
-1.484
-1.491
-1.498
-1.505
-1.512
-1.519
-1.525
-1.532
-1.539
-1.545
-1.552
-1.558
-1.564
-1.571
-1.577
-1.583
-1.589
-1.595
-1.601
-1.607
-1.612
-1.618
-1.624
-1.629
-1.635
-1.64
-1.645
-1.651
-1.656
-1.661
-1.666
-1.671
-1.675
-1.68
-1.685
-1.689
-1.694
-1.698
-1.702
-1.706
-1.71
-1.714
-1.718
-1.722
-1.726
-1.729
-1.733
-1.736
-1.74
-1.743
-1.746
-1.749
-1.752
-1.755
-1.757
-1.76
-1.762
-1.765
-1.767
-1.769
-1.771
-1.773
-1.775
-1.777
-1.779
-1.78
-1.782
-1.783
-1.784
-1.785
-1.786
-1.787
-1.788
-1.788
-1.789
-1.789
-1.79
-1.79
-1.79
-1.79
-1.79
-1.789
-1.789
-1.788
-1.787
-1.787
-1.786
-1.785
-1.783
-1.782
-1.781
-1.779
-1.777
-1.775
-1.773
-1.771
-1.769
-1.767
-1.764
-1.761
-1.759
-1.756
-1.753
-1.749
-1.746
-1.742
-1.739
-1.735
-1.731
-1.727
-1.723
-1.718
-1.714
-1.709
-1.704
-1.699
-1.694
-1.689
-1.684
-1.678
-1.672
-1.667
-1.661
-1.654
-1.648
-1.642
-1.635
-1.628
-1.621
-1.614
-1.607
-1.599
-1.592
-1.584
-1.576
-1.568
-1.56
-1.551
-1.543
-1.534
-1.525
-1.516
-1.507
-1.497
-1.488
-1.478
-1.468
-1.458
-1.448
-1.437
-1.427
-1.416
-1.405
-1.394
-1.382
-1.371
-1.359
-1.347
-1.335
-1.323
-1.31
-1.298
-1.285
-1.272
-1.259
-1.246
-1.232
-1.218
-1.204
-1.19
-1.176
-1.161
-1.147
-1.132
-1.117
-1.102
-1.086
-1.07
-1.055
-1.039
-1.022
-1.006
-0.989
-0.972
-0.955
-0.938
-0.921
-0.903
-0.885
-0.867
-0.849
-0.83
-0.812
-0.793
-0.774
-0.754
-0.735
-0.715
-0.695
-0.675
-0.655
-0.634
-0.613
-0.592
-0.571
-0.55
-0.528
-0.506
-0.484
-0.462
-0.439
-0.416
-0.393
-0.37
-0.347
-0.323
-0.299
-0.275
-0.251
-0.226
-0.201
-0.176
-0.151
-0.126
-0.1
-0.074
-0.048
-0.021
0.005
0.032
0.059
0.087
0.114
0.142
0.17
0.198
0.227
0.256
0.285
0.314
0.344
0.373
0.403
0.434
0.464
0.495
0.526
0.557
0.589
0.62
0.652
0.685
0.717
0.75
0.813
0.875
0.899
0.92
0.938
0.953
0.965
0.974
0.98
0.984
0.985
0.984
0.981
0.975
0.967
0.958
0.946
0.933
0.919
0.902
0.885
0.866
0.846
0.825
0.803
0.781
0.758
0.734
0.709
0.685
0.66
0.635
0.61
0.585
0.561
0.536
0.513
0.489
0.467
0.445
0.425
0.405
0.386
0.369
0.353
0.339
0.326
0.315
0.305
0.298
0.293
0.29
0.289
0.291
0.295
0.302
0.311
0.323
0.339
0.357
0.379
0.404
0.432
0.464
0.5
0.583
0.667
0.704
0.738
0.768
0.795
0.818
0.837
0.854
0.867
0.878
0.886
0.891
0.894
0.894
0.892
0.888
0.882
0.874
0.864
0.853
0.84
0.826
0.811
0.795
0.778
0.76
0.742
0.723
0.703
0.684
0.664
0.644
0.625
0.609
0.593
0.577
0.562
0.547
0.533
0.519
0.506
0.493
0.481
0.47
0.459
0.448
0.439
0.43
0.422
0.415
0.408
0.403
0.398
0.394
0.391
0.389
0.389
0.389
0.39
0.392
0.396
0.4
0.406
0.413
0.422
0.431
0.442
0.454
0.468
0.483
0.499
0.517
0.536
0.557
0.58
0.604
0.63
0.657
0.686
0.717
0.749
0.783
0.819
0.857
0.93
1.0
1.022
1.038
1.048
1.054
1.054
1.05
1.042
1.03
1.015
0.996
0.974
0.95
0.924
0.895
0.865
0.833
0.801
0.767
0.734
0.7
0.674
0.648
0.622
0.596
0.571
0.546
0.521
0.497
0.472
0.448
0.424
0.401
0.377
0.354
0.331
0.309
0.286
0.264
0.242
0.22
0.198
0.177
0.156
0.135
0.115
0.094
0.074
0.054
0.034
0.015
-0.005
-0.024
-0.043
-0.061
-0.08
-0.098
-0.116
-0.134
-0.151
-0.169
-0.186
-0.203
-0.22
-0.236
-0.253
-0.269
-0.285
-0.3
-0.316
-0.331
-0.346
-0.361
-0.376
-0.391
-0.405
-0.419
-0.433
-0.447
-0.46
-0.474
-0.487
-0.5
-0.512
-0.525
-0.537
-0.55
-0.562
-0.573
-0.585
-0.596
-0.608
-0.619
-0.63
-0.64
-0.651
-0.661
-0.672
-0.682
-0.691
-0.701
-0.71
-0.72
-0.729
-0.738
-0.747
-0.755
-0.764
-0.772
-0.78
-0.788
-0.796
-0.803
-0.811
-0.818
-0.825
-0.832
-0.839
-0.845
-0.852
-0.858
-0.864
-0.87
-0.876
-0.882
-0.887
-0.893
-0.898
-0.903
-0.908
-0.913
-0.917
-0.922
-0.926
-0.93
-0.934
-0.938
-0.942
-0.945
-0.949
-0.952
-0.955
-0.958
-0.961
-0.964
-0.966
-0.969
-0.971
-0.973
-0.976
-0.977
-0.979
-0.981
-0.982
-0.984
-0.985
-0.986
-0.987
-0.988
-0.989
-0.99
-0.99
-0.99
-0.991
-0.991
-0.991
-0.991
-0.991
-0.99
-0.99
-0.989
-0.989
-0.988
-0.987
-0.986
-0.985
-0.984
-0.982
-0.981
-0.979
-0.978
-0.976
-0.974
-0.972
-0.97
-0.968
-0.965
-0.963
-0.961
-0.958
-0.955
-0.952
-0.95
-0.947
-0.944
-0.94
-0.937
-0.934
-0.93
-0.927
-0.923
-0.919
-0.916
-0.912
-0.908
-0.904
-0.9
-0.895
-0.891
-0.887
-0.882
-0.878
-0.873
-0.868
-0.863
-0.859
-0.854
-0.849
-0.844
-0.838
-0.833
-0.828
-0.822
-0.817
-0.812
-0.806
-0.8
-0.795
-0.789
-0.783
-0.777
-0.771
-0.765
-0.759
-0.753
-0.747
-0.74
-0.734
-0.727
-0.721
-0.715
-0.708
-0.701
-0.695
-0.688
-0.681
-0.674
-0.668
-0.661
-0.654
-0.647
-0.64
-0.633
-0.625
-0.618
-0.611
-0.604
-0.596
-0.589
-0.582
-0.574
-0.567
-0.559
-0.552
-0.544
-0.537
-0.529
-0.521
-0.514
-0.506
-0.498
-0.49
-0.483
-0.475
-0.467
-0.459
-0.451
-0.443
-0.435
-0.427
-0.419
-0.411
-0.403
-0.395
-0.387
-0.379
-0.371
-0.363
-0.355
-0.347
-0.338
-0.33
-0.322
-0.314
-0.306
-0.297
-0.289
-0.281
-0.273
-0.265
-0.256
-0.248
-0.24
-0.232
-0.224
-0.215
-0.207
-0.199
-0.191
-0.182
-0.174
-0.166
-0.158
-0.15
-0.142
-0.133
-0.125
-0.117
-0.109
-0.101
-0.093
-0.085
-0.077
-0.069
-0.061
-0.053
-0.045
-0.037
-0.029
-0.021
-0.013
-0.005
0.003
0.011
0.019
0.026
0.034
0.042
0.049
0.057
0.065
0.072
0.08
0.087
0.095
0.102
0.11
0.117
0.124
0.132
0.139
0.146
0.153
0.161
0.168
0.175
0.182
0.189
0.196
0.202
0.209
0.216
0.223
0.229
0.236
0.242
0.249
0.255
0.262
0.268
0.274
0.281
0.287
0.293
0.299
0.305
0.311
0.317
0.322
0.328
0.334
0.339
0.345
0.35
0.356
0.361
0.366
0.371
0.376
0.381
0.386
0.391
0.396
0.401
0.405
0.41
0.414
0.419
0.423
0.427
0.431
0.435
0.439
0.443
0.447
0.451
0.454
0.458
0.461
0.465
0.468
0.471
0.474
0.477
0.48
0.483
0.485
0.488
0.49
0.493
0.495
0.497
0.499
0.501
0.503
0.505
0.506
0.508
0.509
0.511
0.512
0.513
0.514
0.515
0.516
0.516
0.517
0.517
0.518
0.518
0.518
0.518
0.518
0.517
0.517
0.516
0.516
0.515
0.514
0.513
0.512
0.511
0.509
0.508
0.506
0.504
0.502
0.5
0.496
0.492
0.488
0.483
0.479
0.474
0.47
0.465
0.46
0.455
0.451
0.446
0.441
0.436
0.431
0.426
0.421
0.416
0.411
0.407
0.402
0.397
0.393
0.388
0.384
0.379
0.375
0.371
0.367
0.363
0.36
0.356
0.353
0.35
0.347
0.344
0.341
0.339
0.337
0.335
0.333
0.337
0.341
0.345
0.35
0.354
0.359
0.364
0.369
0.375
0.381
0.386
0.392
0.399
0.405
0.412
0.418
0.425
0.432
0.439
0.446
0.454
0.461
0.469
0.476
0.484
0.492
0.5
0.507
0.513
0.52
0.527
0.533
0.54
0.547
0.554
0.561
0.568
0.575
0.582
0.589
0.597
0.604
0.611
0.618
0.625
0.632
0.64
0.647
0.654
0.661
0.668
0.675
0.682
0.689
0.696
0.703
0.71
0.717
0.724
0.731
0.737
0.744
0.751
0.757
0.764
0.77
0.776
0.782
0.788
0.794
0.8
0.806
0.812
0.817
0.823
0.828
0.833
0.838
0.843
0.848
0.853
0.857
0.862
0.866
0.87
0.874
0.878
0.881
0.885
0.888
0.891
0.894
0.897
0.899
0.901
0.903
0.905
0.907
0.908
0.91
0.911
0.911
0.912
0.912
0.912
0.912
0.912
0.911
0.91
0.909
0.908
0.906
0.904
0.902
0.9
0.897
0.894
0.89
0.887
0.883
0.879
0.874
0.869
0.864
0.859
0.853
0.847
0.84
0.833
0.814
0.794
0.773
0.753
0.732
0.711
0.69
0.668
0.646
0.624
0.602
0.58
0.558
0.535
0.513
0.49
0.468
0.445
0.423
0.4
0.377
0.355
0.332
0.31
0.288
0.266
0.244
0.222
0.2
0.19
0.179
0.169
0.16
0.15
0.14
0.131
0.122
0.113
0.105
0.096
0.088
0.079
0.071
0.064
0.056
0.049
0.041
0.034
0.027
0.02
0.014
0.007
0.001
-0.005
-0.011
-0.017
-0.023
-0.028
-0.033
-0.039
-0.044
-0.049
-0.053
-0.058
-0.062
-0.067
-0.071
-0.075
-0.079
-0.082
-0.086
-0.089
-0.093
-0.096
-0.099
-0.102
-0.105
-0.107
-0.11
-0.112
-0.114
-0.116
-0.118
-0.12
-0.122
-0.124
-0.125
-0.126
-0.128
-0.129
-0.13
-0.131
-0.132
-0.132
-0.133
-0.133
-0.134
-0.134
-0.134
-0.134
-0.134
-0.134
-0.134
-0.134
-0.133
-0.133
-0.132
-0.131
-0.13
-0.13
-0.129
-0.127
-0.126
-0.125
-0.124
-0.122
-0.121
-0.119
-0.118
-0.116
-0.114
-0.112
-0.11
-0.108
-0.106
-0.104
-0.102
-0.099
-0.097
-0.095
-0.092
-0.09
-0.087
-0.084
-0.082
-0.079
-0.076
-0.073
-0.07
-0.067
-0.064
-0.061
-0.058
-0.055
-0.051
-0.048
-0.045
-0.041
-0.038
-0.034
-0.031
-0.027
-0.024
-0.02
-0.017
-0.013
-0.009
-0.006
-0.002
0.002
0.006
0.009
0.013
0.017
0.021
0.025
0.029
0.033
0.037
0.041
0.045
0.048
0.052
0.056
0.06
0.064
0.068
0.072
0.076
0.08
0.084
0.088
0.092
0.096
0.1
0.104
0.108
0.112
0.116
0.12
0.124
0.128
0.132
0.136
0.14
0.143
0.147
0.151
0.155
0.158
0.162
0.166
0.169
0.173
0.177
0.18
0.184
0.187
0.191
0.194
0.197
0.201
0.204
0.207
0.21
0.213
0.217
0.22
0.223
0.225
0.228
0.231
0.234
0.237
0.239
0.242
0.244
0.247
0.249
0.252
0.254
0.256
0.258
0.26
0.262
0.264
0.266
0.268
0.27
0.271
0.273
0.274
0.276
0.277
0.278
0.279
0.28
0.281
0.282
0.283
0.284
0.284
0.285
0.285
0.286
0.286
0.286
0.286
0.286
0.285
0.285
0.285
0.284
0.283
0.283
0.282
0.281
0.28
0.279
0.278
0.277
0.276
0.274
0.273
0.272
0.27
0.268
0.267
0.265
0.263
0.261
0.26
0.258
0.256
0.254
0.251
0.249
0.247
0.245
0.243
0.24
0.238
0.235
0.233
0.231
0.228
0.225
0.223
0.22
0.218
0.215
0.212
0.21
0.207
0.204
0.201
0.198
0.196
0.193
0.19
0.187
0.184
0.182
0.179
0.176
0.173
0.17
0.167
0.164
0.162
0.159
0.156
0.153
0.15
0.148
0.145
0.142
0.139
0.137
0.134
0.131
0.129
0.126
0.123
0.121
0.118
0.116
0.114
0.111
0.109
0.106
0.104
0.102
0.1
0.098
0.096
0.094
0.092
0.09
0.088
0.086
0.084
0.083
0.081
0.079
0.078
0.076
0.075
0.074
0.073
0.071
0.07
0.069
0.069
0.068
0.067
0.066
0.066
0.065
0.065
0.065
0.064
0.064
0.064
0.064
0.065
0.065
0.065
0.066
0.066
0.067
0.068
0.069
0.07
0.071
0.073
0.074
0.075
0.077
0.079
0.081
0.083
0.085
0.087
0.09
0.092
0.095
0.098
0.101
0.104
0.107
0.111
0.114
0.118
0.122
0.126
0.13
0.134
0.138
0.143
0.148
0.153
0.158
0.163
0.169
0.174
0.18
0.186
0.192
0.198
0.205
0.211
0.218
0.225
0.232
0.24
0.247
0.255
0.263
0.271
0.279
0.288
0.297
0.305
0.315
0.324
0.333
0.353
0.373
0.393
0.413
0.433
0.454
0.474
0.495
0.515
0.536
0.557
0.577
0.598
0.618
0.639
0.659
0.679
0.699
0.719
0.739
0.758
0.778
0.786
0.793
0.801
0.808
0.815
0.822
0.829
0.835
0.841
0.847
0.853
0.858
0.864
0.869
0.873
0.878
0.883
0.887
0.891
0.895
0.898
0.902
0.905
0.908
0.911
0.914
0.916
0.918
0.921
0.923
0.924
0.926
0.927
0.929
0.93
0.931
0.932
0.932
0.933
0.933
0.933
0.933
0.933
0.933
0.932
0.932
0.931
0.93
0.929
0.928
0.927
0.925
0.924
0.922
0.92
0.918
0.916
0.914
0.912
0.91
0.907
0.905
0.902
0.899
0.896
0.893
0.89
0.887
0.883
0.88
0.876
0.873
0.869
0.865
0.862
0.858
0.854
0.849
0.845
0.841
0.837
0.832
0.828
0.823
0.819
0.814
0.809
0.805
0.8
0.795
0.79
0.785
0.78
0.775
0.77
0.765
0.76
0.754
0.749
0.744
0.739
0.733
0.728
0.723
0.717
0.712
0.706
0.701
0.695
0.69
0.684
0.679
0.673
0.668
0.662
0.657
0.651
0.646
0.64
0.635
0.629
0.624
0.619
0.613
0.608
0.602
0.597
0.592
0.586
0.581
0.576
0.571
0.566
0.56
0.555
0.55
0.545
0.54
0.536
0.531
0.526
0.521
0.516
0.512
0.507
0.503
0.498
0.494
0.49
0.486
0.481
0.477
0.473
0.469
0.466
0.462
0.458
0.455
0.451
0.448
0.445
0.441
0.438
0.435
0.432
0.43
0.427
0.424
0.422
0.42
0.417
0.415
0.413
0.411
0.41
0.408
0.407
0.405
0.404
0.403
0.402
0.401
0.401
0.4
0.403
0.406
0.41
0.413
0.417
0.421
0.424
0.428
0.433
0.437
0.441
0.445
0.45
0.455
0.459
0.464
0.469
0.474
0.479
0.484
0.489
0.494
0.499
0.505
0.51
0.515
0.521
0.526
0.532
0.537
0.543
0.548
0.554
0.559
0.565
0.57
0.576
0.582
0.587
0.593
0.598
0.603
0.609
0.614
0.62
0.625
0.63
0.634
0.639
0.643
0.648
0.652
0.657
0.661
0.666
0.67
0.674
0.678
0.682
0.687
0.691
0.695
0.699
0.703
0.707
0.71
0.714
0.718
0.722
0.725
0.729
0.733
0.736
0.74
0.743
0.747
0.75
0.754
0.757
0.76
0.764
0.767
0.77
0.773
0.776
0.779
0.782
0.785
0.788
0.791
0.794
0.797
0.8
0.796
0.792
0.788
0.784
0.78
0.775
0.771
0.766
0.761
0.756
0.751
0.745
0.739
0.733
0.727
0.72
0.713
0.706
0.698
0.69
0.682
0.673
0.664
0.654
0.644
0.633
0.622
0.61
0.597
0.585
0.571
0.557
0.542
0.527
0.511
0.494
0.477
0.459
0.44
0.42
0.4
0.39
0.379
0.367
0.356
0.345
0.334
0.323
0.314
0.305
0.298
0.292
0.287
0.285
0.285
0.287
0.291
0.299
0.309
0.323
0.34
0.361
0.385
0.414
0.447
0.485
0.528
0.575
0.628
0.686
0.75
0.875
1.0
1.047
1.087
1.12
1.146
1.167
1.182
1.191
1.195
1.194
1.188
1.178
1.164
1.146
1.124
1.1
1.072
1.041
1.009
0.974
0.937
0.899
0.86
0.819
0.778
0.737
0.696
0.655
0.614
0.574
0.536
0.498
0.463
0.429
0.397
0.369
0.343
0.32
0.3
0.304
0.312
0.323
0.337
0.354
0.373
0.394
0.417
0.442
0.468
0.496
0.524
0.553
0.583
0.612
0.642
0.671
0.7
0.717
0.733
0.748
0.763
0.776
0.789
0.801
0.812
0.823
0.832
0.841
0.85
0.857
0.864
0.87
0.875
0.88
0.884
0.887
0.889
0.891
0.892
0.893
0.893
0.892
0.891
0.889
0.886
0.883
0.879
0.874
0.869
0.863
0.857
0.85
0.843
0.835
0.827
0.818
0.808
0.798
0.788
0.777
0.765
0.753
0.741
0.728
0.714
0.7
0.686
0.671
0.656
0.64
0.624
0.608
0.591
0.573
0.556
0.538
0.519
0.501
0.481
0.462
0.442
0.422
0.402
0.381
0.36
0.338
0.317
0.295
0.272
0.25
0.227
0.204
0.181
0.157
0.134
0.11
0.086
0.061
0.037
0.012
-0.013
-0.038
-0.063
-0.089
-0.114
-0.14
-0.166
-0.192
-0.218
-0.244
-0.271
-0.297
-0.324
-0.35
-0.377
-0.403
-0.43
-0.457
-0.484
-0.511
-0.538
-0.565
-0.592
-0.619
-0.645
-0.672
-0.699
-0.726
-0.753
-0.78
-0.807
-0.833
-0.86
-0.886
-0.913
-0.939
-0.965
-0.991
-1.017
-1.043
-1.069
-1.095
-1.12
-1.146
-1.171
-1.196
-1.22
-1.245
-1.269
-1.294
-1.318
-1.341
-1.365
-1.388
-1.411
-1.434
-1.457
-1.479
-1.501
-1.523
-1.544
-1.566
-1.586
-1.607
-1.627
-1.647
-1.667
-1.686
-1.705
-1.723
-1.741
-1.759
-1.776
-1.793
-1.81
-1.826
-1.842
-1.857
-1.872
-1.887
-1.901
-1.914
-1.927
-1.94
-1.952
-1.964
-1.975
-1.986
-1.996
-2.005
-2.014
-2.023
-2.031
-2.039
-2.046
-2.052
-2.058
-2.063
-2.068
-2.072
-2.075
-2.078
-2.08
-2.082
-2.083
-2.083
-2.083
-2.082
-2.08
-2.077
-2.074
-2.071
-2.066
-2.061
-2.055
-2.049
-2.041
-2.033
-2.025
-2.015
-2.005
-1.994
-1.982
-1.969
-1.956
-1.942
-1.927
-1.911
-1.894
-1.877
-1.858
-1.839
-1.819
-1.798
-1.777
-1.754
-1.73
-1.706
-1.681
-1.654
-1.627
-1.599
-1.57
-1.54
-1.509
-1.477
-1.445
-1.411
-1.376
-1.34
-1.303
-1.266
-1.227
-1.187
-1.146
-1.104
-1.061
-1.018
-0.972
-0.926
-0.879
-0.831
-0.782
-0.731
-0.68
-0.627
-0.573
-0.518
-0.462
-0.405
-0.347
-0.287
-0.227
-0.165
-0.102
-0.037
0.028
0.095
0.162
0.232
0.302
0.373
0.446
0.52
0.596
0.672
0.75
0.887
1.0
0.986
0.939
0.875
0.811
0.764
0.75
0.863
1.0
1.073
1.143
1.211
1.277
1.34
1.401
1.459
1.516
1.569
1.621
1.671
1.718
1.763
1.806
1.847
1.886
1.922
1.957
1.99
2.021
2.049
2.076
2.101
2.125
2.146
2.166
2.183
2.199
2.214
2.227
2.238
2.247
2.255
2.261
2.266
2.269
2.271
2.271
2.27
2.268
2.264
2.259
2.252
2.244
2.235
2.225
2.213
2.201
2.187
2.172
2.156
2.139
2.121
2.102
2.082
2.061
2.039
2.016
1.992
1.968
1.943
1.917
1.89
1.862
1.834
1.805
1.776
1.746
1.715
1.684
1.652
1.62
1.587
1.554
1.521
1.487
1.452
1.418
1.383
1.348
1.313
1.277
1.241
1.205
1.169
1.133
1.097
1.061
1.025
0.989
0.952
0.916
0.88
0.845
0.809
0.774
0.738
0.703
0.669
0.634
0.6
0.566
0.533
0.5
0.468
0.436
0.404
0.373
0.343
0.313
0.284
0.255
0.227
0.2
0.177
0.155
0.133
0.112
0.092
0.073
0.054
0.036
0.019
0.002
-0.014
-0.03
-0.045
-0.059
-0.072
-0.085
-0.098
-0.109
-0.121
-0.131
-0.141
-0.151
-0.16
-0.168
-0.176
-0.183
-0.19
-0.196
-0.202
-0.207
-0.212
-0.216
-0.22
-0.223
-0.226
-0.228
-0.23
-0.232
-0.233
-0.233
-0.234
-0.234
-0.233
-0.232
-0.231
-0.229
-0.227
-0.224
-0.221
-0.218
-0.215
-0.211
-0.207
-0.202
-0.197
-0.192
-0.187
-0.181
-0.175
-0.169
-0.163
-0.156
-0.149
-0.142
-0.134
-0.127
-0.119
-0.111
-0.102
-0.094
-0.085
-0.076
-0.067
-0.058
-0.049
-0.039
-0.03
-0.02
-0.01
-0.0
0.01
0.02
0.03
0.041
0.051
0.061
0.072
0.083
0.093
0.104
0.114
0.125
0.136
0.147
0.157
0.168
0.179
0.189
0.2
0.215
0.231
0.246
0.261
0.277
0.292
0.307
0.322
0.337
0.352
0.366
0.381
0.396
0.41
0.424
0.439
0.453
0.467
0.481
0.494
0.508
0.521
0.535
0.548
0.561
0.574
0.586
0.599
0.611
0.623
0.635
0.647
0.659
0.67
0.681
0.692
0.703
0.713
0.724
0.734
0.744
0.753
0.763
0.772
0.781
0.789
0.798
0.806
0.814
0.821
0.829
0.836
0.842
0.849
0.855
0.861
0.866
0.871
0.876
0.881
0.885
0.889
0.893
0.896
0.899
0.901
0.904
0.905
0.907
0.908
0.909
0.909
0.909
0.894
0.878
0.862
0.845
0.828
0.811
0.794
0.776
0.758
0.739
0.72
0.701
0.682
0.662
0.642
0.622
0.602
0.581
0.56
0.539
0.518
0.496
0.474
0.452
0.43
0.408
0.385
0.363
0.34
0.317
0.294
0.27
0.247
0.224
0.2
0.188
0.176
0.164
0.152
0.139
0.127
0.114
0.102
0.089
0.076
0.064
0.051
0.038
0.025
0.012
-0.001
-0.014
-0.027
-0.04
-0.053
-0.066
-0.079
-0.093
-0.106
-0.119
-0.132
-0.145
-0.159
-0.172
-0.185
-0.198
-0.211
-0.224
-0.237
-0.25
-0.264
-0.277
-0.29
-0.302
-0.315
-0.328
-0.341
-0.354
-0.366
-0.379
-0.391
-0.404
-0.416
-0.428
-0.441
-0.453
-0.465
-0.477
-0.489
-0.5
-0.512
-0.523
-0.535
-0.546
-0.557
-0.568
-0.579
-0.59
-0.601
-0.611
-0.621
-0.632
-0.642
-0.652
-0.661
-0.671
-0.68
-0.69
-0.699
-0.708
-0.716
-0.725
-0.733
-0.742
-0.749
-0.757
-0.765
-0.772
-0.779
-0.786
-0.793
-0.8
-0.806
-0.812
-0.818
-0.823
-0.829
-0.834
-0.839
-0.843
-0.848
-0.852
-0.856
-0.859
-0.863
-0.866
-0.868
-0.871
-0.873
-0.875
-0.877
-0.878
-0.879
-0.88
-0.88
-0.88
-0.88
-0.88
-0.879
-0.878
-0.876
-0.874
-0.872
-0.87
-0.867
-0.864
-0.86
-0.856
-0.852
-0.848
-0.843
-0.837
-0.832
-0.826
-0.819
-0.812
-0.805
-0.798
-0.79
-0.781
-0.772
-0.763
-0.754
-0.744
-0.733
-0.722
-0.711
-0.7
-0.687
-0.675
-0.662
-0.648
-0.635
-0.62
-0.605
-0.59
-0.575
-0.558
-0.542
-0.525
-0.507
-0.489
-0.471
-0.452
-0.432
-0.412
-0.392
-0.371
-0.349
-0.327
-0.305
-0.282
-0.258
-0.234
-0.209
-0.184
-0.159
-0.133
-0.106
-0.079
-0.051
-0.022
0.007
0.036
0.066
0.097
0.128
0.16
0.192
0.225
0.258
0.292
0.327
0.362
0.398
0.435
0.472
0.509
0.548
0.587
0.626
0.666
0.707
0.749
0.791
0.833
0.917
1.0
1.041
1.081
1.121
1.16
1.198
1.236
1.273
1.309
1.345
1.38
1.415
1.449
1.483
1.516
1.548
1.58
1.611
1.642
1.672
1.702
1.731
1.759
1.787
1.814
1.841
1.868
1.893
1.919
1.943
1.967
1.991
2.014
2.037
2.059
2.08
2.101
2.122
2.142
2.162
2.181
2.199
2.217
2.235
2.252
2.269
2.285
2.301
2.316
2.331
2.345
2.359
2.373
2.386
2.398
2.411
2.422
2.434
2.445
2.455
2.465
2.475
2.484
2.493
2.501
2.509
2.516
2.524
2.53
2.537
2.543
2.548
2.554
2.559
2.563
2.567
2.571
2.574
2.578
2.58
2.583
2.585
2.586
2.588
2.589
2.589
2.59
2.59
2.589
2.589
2.588
2.586
2.585
2.583
2.581
2.578
2.576
2.572
2.569
2.565
2.562
2.557
2.553
2.548
2.543
2.538
2.532
2.527
2.521
2.514
2.508
2.501
2.494
2.487
2.479
2.472
2.464
2.456
2.447
2.439
2.43
2.421
2.412
2.403
2.393
2.383
2.373
2.363
2.353
2.342
2.332
2.321
2.31
2.299
2.287
2.276
2.264
2.252
2.24
2.228
2.216
2.204
2.191
2.179
2.166
2.153
2.14
2.127
2.114
2.1
2.087
2.074
2.06
2.046
2.032
2.019
2.005
1.991
1.976
1.962
1.948
1.934
1.919
1.905
1.89
1.876
1.861
1.846
1.832
1.817
1.802
1.787
1.773
1.758
1.743
1.728
1.713
1.698
1.683
1.668
1.653
1.638
1.624
1.609
1.594
1.579
1.564
1.549
1.534
1.52
1.505
1.49
1.476
1.461
1.447
1.432
1.418
1.403
1.389
1.375
1.361
1.347
1.333
1.319
1.305
1.291
1.277
1.264
1.25
1.237
1.224
1.211
1.197
1.185
1.172
1.159
1.147
1.134
1.122
1.11
1.098
1.086
1.074
1.063
1.051
1.04
1.029
1.018
1.007
0.997
0.986
0.976
0.966
0.956
0.947
0.937
0.928
0.919
0.91
0.901
0.893
0.885
0.877
0.869
0.861
0.854
0.847
0.84
0.833
0.828
0.822
0.817
0.813
0.808
0.804
0.799
0.795
0.792
0.788
0.785
0.782
0.779
0.776
0.774
0.772
0.77
0.768
0.766
0.764
0.763
0.762
0.761
0.76
0.76
0.759
0.759
0.759
0.759
0.759
0.759
0.76
0.76
0.761
0.762
0.763
0.764
0.765
0.767
0.768
0.77
0.772
0.774
0.776
0.778
0.78
0.782
0.785
0.787
0.79
0.793
0.796
0.798
0.801
0.804
0.808
0.811
0.814
0.817
0.821
0.824
0.828
0.831
0.835
0.838
0.842
0.846
0.85
0.853
0.857
0.861
0.865
0.869
0.873
0.877
0.881
0.885
0.889
0.893
0.897
0.901
0.905
0.909
0.913
0.917
0.921
0.925
0.929
0.934
0.938
0.942
0.946
0.95
0.954
0.958
0.962
0.965
0.969
0.973
0.976
0.979
0.983
0.986
0.989
0.992
0.995
0.998
1.0
1.003
1.005
1.007
1.009
1.011
1.013
1.014
1.016
1.017
1.018
1.019
1.02
1.02
1.02
1.02
1.02
1.02
1.019
1.018
1.017
1.016
1.015
1.013
1.011
1.008
1.006
1.003
1.0
0.99
0.979
0.969
0.958
0.947
0.936
0.924
0.912
0.9
0.888
0.876
0.864
0.852
0.839
0.826
0.814
0.801
0.788
0.775
0.762
0.75
0.737
0.724
0.711
0.698
0.685
0.673
0.66
0.648
0.635
0.623
0.611
0.599
0.587
0.575
0.564
0.553
0.542
0.531
0.52
0.51
0.5
0.494
0.487
0.481
0.476
0.47
0.465
0.459
0.454
0.449
0.444
0.44
0.435
0.43
0.425
0.42
0.415
0.41
0.405
0.4
0.403
0.406
0.409
0.412
0.415
0.418
0.421
0.424
0.428
0.432
0.437
0.442
0.447
0.453
0.46
0.467
0.475
0.484
0.493
0.504
0.515
0.527
0.541
0.555
0.57
0.587
0.605
0.624
0.645
0.667
0.691
0.715
0.742
0.77
0.8
0.85
0.9
0.92
0.937
0.951
0.962
0.97
0.975
0.978
0.978
0.975
0.97
0.963
0.954
0.942
0.928
0.913
0.896
0.877
0.856
0.834
0.811
0.786
0.76
0.733
0.705
0.676
0.646
0.616
0.585
0.553
0.522
0.489
0.457
0.425
0.392
0.36
0.328
0.296
0.265
0.234
0.204
0.175
0.146
0.118
0.092
0.066
0.042
0.019
-0.003
-0.023
-0.041
-0.058
-0.073
-0.085
-0.096
-0.105
-0.111
-0.116
-0.117
-0.116
-0.113
-0.107
-0.098
-0.086
-0.071
-0.052
-0.031
-0.006
0.022
0.054
0.089
0.129
0.172
0.219
0.27
0.325
0.384
0.448
0.516
0.589
0.667
0.833
1.0
1.08
1.156
1.23
1.3
1.366
1.43
1.49
1.548
1.602
1.654
1.702
1.748
1.791
1.831
1.868
1.903
1.935
1.964
1.991
2.016
2.038
2.057
2.075
2.09
2.103
2.113
2.122
2.128
2.132
2.135
2.135
2.134
2.13
2.125
2.119
2.11
2.1
2.088
2.075
2.06
2.044
2.026
2.007
1.987
1.965
1.942
1.918
1.893
1.867
1.84
1.812
1.783
1.753
1.722
1.691
1.659
1.626
1.592
1.558
1.524
1.489
1.453
1.418
1.381
1.345
1.308
1.272
1.235
1.197
1.16
1.123
1.086
1.049
1.013
0.976
0.94
0.904
0.869
0.833
0.797
0.761
0.729
0.699
0.674
0.654
0.641
0.635
0.638
0.649
0.671
0.704
0.75
0.873
1.0
1.053
1.102
1.146
1.186
1.222
1.253
1.281
1.304
1.324
1.34
1.353
1.362
1.367
1.369
1.368
1.364
1.357
1.347
1.334
1.319
1.301
1.28
1.257
1.232
1.204
1.175
1.143
1.11
1.074
1.037
0.999
0.959
0.917
0.875
0.831
0.786
0.74
0.693
0.646
0.598
0.549
0.5
0.45
0.4
0.35
0.3
0.25
0.2
0.159
0.119
0.079
0.039
-0.001
-0.04
-0.079
-0.118
-0.157
-0.195
-0.233
-0.271
-0.309
-0.346
-0.383
-0.42
-0.457
-0.493
-0.529
-0.565
-0.6
-0.636
-0.671
-0.706
-0.74
-0.774
-0.808
-0.842
-0.876
-0.909
-0.942
-0.974
-1.007
-1.039
-1.071
-1.103
-1.134
-1.165
-1.196
-1.226
-1.257
-1.287
-1.316
-1.346
-1.375
-1.404
-1.433
-1.461
-1.489
-1.517
-1.544
-1.572
-1.599
-1.625
-1.652
-1.678
-1.704
-1.729
-1.755
-1.78
-1.805
-1.829
-1.853
-1.877
-1.901
-1.924
-1.947
-1.97
-1.992
-2.014
-2.036
-2.058
-2.079
-2.1
-2.121
-2.141
-2.162
-2.181
-2.201
-2.22
-2.239
-2.258
-2.276
-2.294
-2.312
-2.33
-2.347
-2.364
-2.38
-2.397
-2.413
-2.428
-2.444
-2.459
-2.474
-2.488
-2.502
-2.516
-2.53
-2.543
-2.556
-2.569
-2.581
-2.593
-2.605
-2.616
-2.627
-2.638
-2.648
-2.659
-2.668
-2.678
-2.687
-2.696
-2.705
-2.713
-2.721
-2.729
-2.736
-2.743
-2.75
-2.756
-2.762
-2.768
-2.773
-2.778
-2.783
-2.788
-2.792
-2.795
-2.799
-2.802
-2.805
-2.807
-2.81
-2.811
-2.813
-2.814
-2.815
-2.815
-2.816
-2.816
-2.815
-2.814
-2.813
-2.812
-2.81
-2.808
-2.805
-2.802
-2.799
-2.796
-2.792
-2.788
-2.783
-2.779
-2.773
-2.768
-2.762
-2.756
-2.749
-2.742
-2.735
-2.727
-2.72
-2.711
-2.703
-2.694
-2.684
-2.675
-2.665
-2.654
-2.644
-2.633
-2.621
-2.609
-2.597
-2.585
-2.572
-2.559
-2.545
-2.531
-2.517
-2.503
-2.488
-2.472
-2.457
-2.441
-2.424
-2.408
-2.39
-2.373
-2.355
-2.337
-2.318
-2.299
-2.28
-2.26
-2.24
-2.22
-2.199
-2.178
-2.157
-2.135
-2.113
-2.09
-2.067
-2.044
-2.02
-1.996
-1.971
-1.947
-1.921
-1.896
-1.87
-1.844
-1.817
-1.79
-1.762
-1.734
-1.706
-1.678
-1.649
-1.619
-1.589
-1.559
-1.529
-1.498
-1.467
-1.435
-1.403
-1.371
-1.338
-1.305
-1.271
-1.237
-1.203
-1.168
-1.133
-1.097
-1.061
-1.025
-0.988
-0.951
-0.914
-0.876
-0.837
-0.799
-0.76
-0.72
-0.68
-0.64
-0.599
-0.558
-0.517
-0.475
-0.433
-0.39
-0.347
-0.303
-0.26
-0.215
-0.171
-0.125
-0.08
-0.034
0.012
0.059
0.106
0.154
0.202
0.25
0.299
0.348
0.398
0.448
0.498
0.549
0.6
0.701
0.8
0.843
0.884
0.922
0.956
0.988
1.018
1.045
1.069
1.09
1.11
1.126
1.141
1.153
1.164
1.172
1.178
1.182
1.184
1.185
1.183
1.18
1.175
1.169
1.162
1.152
1.142
1.13
1.117
1.103
1.088
1.071
1.054
1.036
1.017
0.997
0.977
0.956
0.935
0.913
0.89
0.867
0.844
0.821
0.797
0.774
0.75
0.727
0.704
0.68
0.657
0.635
0.612
0.591
0.569
0.549
0.529
0.509
0.491
0.473
0.456
0.441
0.426
0.412
0.4
0.396
0.393
0.391
0.39
0.391
0.392
0.394
0.398
0.402
0.407
0.413
0.419
0.426
0.434
0.443
0.451
0.461
0.471
0.481
0.492
0.503
0.514
0.526
0.537
0.549
0.561
0.573
0.585
0.596
0.608
0.62
0.631
0.642
0.653
0.663
0.673
0.682
0.692
0.7
0.701
0.701
0.701
0.7
0.698
0.696
0.694
0.691
0.688
0.684
0.68
0.675
0.67
0.665
0.659
0.653
0.646
0.64
0.633
0.625
0.618
0.61
0.602
0.594
0.586
0.577
0.569
0.56
0.551
0.542
0.533
0.524
0.515
0.505
0.496
0.487
0.478
0.468
0.459
0.45
0.441
0.432
0.423
0.415
0.406
0.398
0.39
0.382
0.374
0.367
0.359
0.352
0.346
0.339
0.333
0.329
0.325
0.321
0.317
0.313
0.31
0.307
0.304
0.301
0.298
0.295
0.292
0.289
0.287
0.284
0.28
0.277
0.274
0.27
0.266
0.262
0.258
0.253
0.248
0.242
0.237
0.23
0.223
0.216
0.208
0.2
0.193
0.185
0.177
0.169
0.161
0.152
0.143
0.135
0.126
0.118
0.111
0.103
0.097
0.091
0.085
0.081
0.077
0.075
0.074
0.074
0.075
0.078
0.082
0.088
0.095
0.105
0.116
0.129
0.144
0.162
0.182
0.227
0.273
0.296
0.319
0.342
0.364
0.385
0.406
0.427
0.447
0.466
0.485
0.503
0.521
0.538
0.555
0.571
0.586
0.602
0.616
0.63
0.644
0.657
0.67
0.682
0.694
0.705
0.716
0.726
0.736
0.745
0.754
0.763
0.771
0.778
0.785
0.792
0.798
0.804
0.809
0.814
0.819
0.823
0.826
0.829
0.832
0.835
0.837
0.838
0.839
0.84
0.84
0.84
0.84
0.839
0.838
0.836
0.835
0.832
0.83
0.827
0.823
0.819
0.815
0.811
0.806
0.801
0.795
0.789
0.783
0.777
0.77
0.763
0.755
0.747
0.739
0.731
0.722
0.713
0.704
0.694
0.684
0.674
0.663
0.653
0.642
0.63
0.619
0.607
0.594
0.582
0.569
0.556
0.543
0.53
0.516
0.502
0.488
0.473
0.459
0.444
0.429
0.421
0.413
0.405
0.399
0.394
0.391
0.39
0.391
0.395
0.403
0.415
0.43
0.45
0.475
0.505
0.541
0.583
0.632
0.687
0.75
0.874
1.0
1.056
1.109
1.159
1.206
1.251
1.292
1.331
1.366
1.399
1.43
1.458
1.483
1.506
1.526
1.544
1.56
1.573
1.584
1.593
1.6
1.605
1.607
1.608
1.607
1.604
1.599
1.592
1.584
1.574
1.562
1.549
1.535
1.519
1.501
1.482
1.462
1.441
1.418
1.395
1.37
1.344
1.317
1.29
1.261
1.232
1.202
1.171
1.139
1.107
1.074
1.041
1.007
0.973
0.939
0.904
0.869
0.834
0.799
0.764
0.728
0.693
0.658
0.622
0.587
0.553
0.518
0.484
0.45
0.417
0.384
0.352
0.32
0.289
0.258
0.229
0.2
0.18
0.162
0.144
0.127
0.111
0.095
0.081
0.067
0.054
0.042
0.03
0.019
0.009
0.0
-0.009
-0.016
-0.024
-0.03
-0.036
-0.041
-0.046
-0.05
-0.053
-0.056
-0.058
-0.059
-0.06
-0.061
-0.06
-0.059
-0.058
-0.056
-0.054
-0.051
-0.047
-0.043
-0.039
-0.034
-0.029
-0.023
-0.016
-0.01
-0.003
0.005
0.013
0.021
0.03
0.039
0.049
0.058
0.069
0.079
0.09
0.101
0.113
0.124
0.136
0.149
0.161
0.174
0.187
0.2
0.214
0.228
0.242
0.256
0.27
0.284
0.299
0.314
0.329
0.344
0.359
0.374
0.389
0.405
0.42
0.436
0.452
0.467
0.483
0.499
0.515
0.53
0.546
0.562
0.578
0.593
0.609
0.625
0.64
0.655
0.671
0.686
0.701
0.716
0.731
0.746
0.761
0.775
0.789
0.804
0.818
0.831
0.845
0.858
0.871
0.884
0.897
0.909
0.919
0.928
0.937
0.946
0.954
0.962
0.97
0.978
0.985
0.992
0.999
1.006
1.012
1.018
1.024
1.03
1.035
1.04
1.045
1.05
1.054
1.058
1.062
1.066
1.069
1.072
1.075
1.078
1.08
1.082
1.084
1.086
1.087
1.089
1.09
1.09
1.091
1.091
1.091
1.091
1.091
1.09
1.09
1.089
1.087
1.086
1.084
1.082
1.08
1.078
1.075
1.072
1.069
1.066
1.063
1.059
1.055
1.051
1.047
1.043
1.038
1.033
1.028
1.023
1.017
1.012
1.006
1.0
0.986
0.971
0.956
0.941
0.926
0.911
0.896
0.88
0.864
0.849
0.833
0.817
0.801
0.785
0.768
0.752
0.736
0.72
0.703
0.687
0.67
0.654
0.637
0.621
0.605
0.588
0.572
0.556
0.539
0.523
0.507
0.491
0.475
0.459
0.444
0.428
0.412
0.397
0.382
0.367
0.352
0.337
0.323
0.308
0.294
0.28
0.266
0.253
0.24
0.227
0.214
0.201
0.189
0.177
0.165
0.154
0.143
0.142
0.142
0.141
0.141
0.142
0.142
0.143
0.145
0.146
0.148
0.15
0.152
0.154
0.157
0.16
0.163
0.167
0.17
0.174
0.178
0.182
0.186
0.191
0.196
0.2
0.205
0.211
0.216
0.221
0.227
0.233
0.239
0.245
0.251
0.257
0.263
0.269
0.276
0.282
0.289
0.296
0.303
0.309
0.316
0.323
0.33
0.337
0.344
0.351
0.358
0.365
0.372
0.379
0.386
0.393
0.4
0.407
0.414
0.421
0.428
0.434
0.441
0.448
0.454
0.461
0.467
0.473
0.48
0.486
0.492
0.498
0.503
0.509
0.515
0.52
0.525
0.53
0.535
0.54
0.545
0.549
0.553
0.557
0.561
0.565
0.568
0.571
0.571
0.57
0.569
0.567
0.566
0.564
0.562
0.56
0.558
0.556
0.553
0.551
0.548
0.545
0.542
0.539
0.536
0.533
0.53
0.526
0.523
0.52
0.516
0.513
0.509
0.505
0.502
0.498
0.495
0.491
0.488
0.484
0.481
0.477
0.474
0.47
0.467
0.464
0.461
0.458
0.455
0.452
0.449
0.447
0.444
0.442
0.44
0.438
0.436
0.435
0.433
0.432
0.431
0.43
0.429
0.429
0.429
0.433
0.438
0.444
0.449
0.455
0.46
0.466
0.473
0.479
0.486
0.492
0.499
0.506
0.514
0.521
0.529
0.536
0.544
0.552
0.56
0.568
0.576
0.584
0.593
0.601
0.61
0.618
0.627
0.636
0.645
0.653
0.662
0.671
0.68
0.689
0.698
0.706
0.715
0.724
0.733
0.742
0.751
0.759
0.768
0.777
0.785
0.794
0.802
0.811
0.819
0.827
0.835
0.843
0.851
0.859
0.867
0.874
0.881
0.889
0.896
0.903
0.909
0.916
0.922
0.929
0.935
0.941
0.946
0.952
0.957
0.962
0.967
0.971
0.975
0.979
0.983
0.987
0.99
0.993
0.996
0.998
1.0
0.993
0.986
0.978
0.971
0.963
0.954
0.946
0.937
0.928
0.919
0.909
0.9
0.89
0.88
0.87
0.859
0.849
0.838
0.827
0.816
0.805
0.793
0.782
0.77
0.759
0.747
0.735
0.723
0.711
0.699
0.687
0.675
0.663
0.651
0.639
0.626
0.614
0.602
0.59
0.578
0.565
0.553
0.541
0.529
0.517
0.505
0.494
0.482
0.47
0.459
0.448
0.436
0.425
0.414
0.403
0.393
0.382
0.372
0.362
0.352
0.342
0.332
0.323
0.314
0.305
0.296
0.288
0.28
0.272
0.264
0.257
0.25
0.25
0.251
0.251
0.252
0.253
0.255
0.257
0.258
0.261
0.263
0.266
0.268
0.271
0.274
0.278
0.281
0.285
0.288
0.292
0.296
0.3
0.304
0.308
0.313
0.317
0.322
0.326
0.33
0.335
0.34
0.344
0.349
0.353
0.358
0.362
0.367
0.371
0.375
0.38
0.384
0.388
0.392
0.396
0.4
0.403
0.407
0.41
0.413
0.416
0.419
0.422
0.424
0.427
0.429
0.425
0.421
0.416
0.412
0.407
0.402
0.396
0.391
0.385
0.379
0.373
0.366
0.359
0.352
0.345
0.338
0.33
0.322
0.314
0.305
0.296
0.287
0.278
0.268
0.258
0.248
0.237
0.226
0.215
0.204
0.192
0.18
0.168
0.156
0.143
0.134
0.125
0.116
0.106
0.096
0.086
0.075
0.065
0.054
0.043
0.031
0.02
0.008
-0.004
-0.016
-0.028
-0.04
-0.053
-0.065
-0.078
-0.091
-0.104
-0.117
-0.13
-0.143
-0.156
-0.169
-0.183
-0.196
-0.21
-0.223
-0.236
-0.25
-0.263
-0.276
-0.29
-0.303
-0.316
-0.329
-0.342
-0.355
-0.368
-0.381
-0.394
-0.406
-0.419
-0.431
-0.443
-0.455
-0.467
-0.478
-0.49
-0.501
-0.512
-0.523
-0.534
-0.544
-0.554
-0.564
-0.573
-0.583
-0.592
-0.601
-0.609
-0.617
-0.625
-0.632
-0.64
-0.646
-0.653
-0.659
-0.664
-0.67
-0.675
-0.679
-0.683
-0.687
-0.69
-0.693
-0.695
-0.697
-0.698
-0.699
-0.699
-0.699
-0.699
-0.697
-0.696
-0.693
-0.691
-0.687
-0.683
-0.679
-0.674
-0.668
-0.662
-0.655
-0.647
-0.639
-0.63
-0.621
-0.611
-0.6
-0.588
-0.576
-0.563
-0.549
-0.535
-0.52
-0.504
-0.487
-0.47
-0.452
-0.433
-0.413
-0.393
-0.372
-0.349
-0.326
-0.303
-0.278
-0.253
-0.226
-0.199
-0.171
-0.142
-0.112
-0.081
-0.049
-0.016
0.017
0.052
0.087
0.124
0.161
0.2
0.241
0.282
0.325
0.369
0.413
0.459
0.505
0.553
0.601
0.65
0.7
0.751
0.803
0.855
0.909
0.963
1.018
1.073
1.13
1.187
1.245
1.303
1.363
1.423
1.484
1.545
1.607
1.67
1.733
1.797
1.861
1.926
1.992
2.058
2.125
2.192
2.26
2.328
2.397
2.466
2.536
2.606
2.677
2.748
2.819
2.891
2.963
3.036
3.108
3.182
3.255
3.329
3.403
3.478
3.552
3.627
3.703
3.778
3.854
3.93
4.006
4.082
4.158
4.235
4.311
4.388
4.465
4.542
4.619
4.696
4.774
4.851
4.928
5.005
5.083
5.16
5.237
5.314
5.392
5.469
5.546
5.623
5.699
5.776
5.853
5.929
6.005
6.081
6.157
6.233
6.308
6.383
6.458
6.533
6.608
6.682
6.756
6.829
6.902
6.975
7.048
7.12
7.192
7.263
7.334
7.405
7.475
7.545
7.614
7.683
7.751
7.819
7.886
7.953
8.019
8.085
8.15
8.214
8.278
8.341
8.404
8.466
8.527
8.588
8.648
8.707
8.766
8.824
8.881
8.938
8.993
9.048
9.102
9.156
9.208
9.26
9.311
9.361
9.41
9.458
9.506
9.552
9.598
9.642
9.686
9.729
9.77
9.811
9.851
9.889
9.927
9.964
9.999
10.034
10.067
10.1
10.131
10.161
10.19
10.218
10.245
10.27
10.294
10.317
10.339
10.36
10.379
10.398
10.414
10.43
10.444
10.457
10.469
10.479
10.488
10.496
10.502
10.507
10.51
10.512
10.513
10.512
10.509
10.506
10.5
10.493
10.485
10.475
10.464
10.451
10.436
10.42
10.402
10.383
10.362
10.34
10.315
10.289
10.262
10.233
10.202
10.169
10.134
10.098
10.06
10.021
9.979
9.936
9.891
9.844
9.795
9.744
9.692
9.637
9.581
9.523
9.463
9.401
9.337
9.271
9.203
9.133
9.061
8.987
8.911
8.833
8.753
8.671
8.587
8.5
8.412
8.322
8.229
8.134
8.037
7.938
7.836
7.733
7.627
7.519
7.409
7.296
7.181
7.064
6.945
6.823
6.699
6.573
6.444
6.313
6.179
6.043
5.905
5.764
5.621
5.476
5.328
5.177
5.024
4.869
4.71
4.55
4.387
4.221
4.053
3.882
3.709
3.532
3.354
3.172
2.989
2.802
2.613
2.421
2.226
2.028
1.828
1.625
1.42
1.211
1.0
0.571
0.143
-0.065
-0.268
-0.465
-0.659
-0.847
-1.03
-1.209
-1.384
-1.553
-1.719
-1.879
-2.035
-2.187
-2.335
-2.477
-2.616
-2.75
-2.881
-3.007
-3.128
-3.246
-3.36
-3.469
-3.575
-3.676
-3.774
-3.868
-3.958
-4.044
-4.126
-4.205
-4.28
-4.351
-4.419
-4.483
-4.544
-4.601
-4.655
-4.705
-4.752
-4.796
-4.836
-4.873
-4.907
-4.938
-4.966
-4.99
-5.012
-5.03
-5.046
-5.058
-5.068
-5.075
-5.079
-5.081
-5.079
-5.075
-5.069
-5.059
-5.047
-5.033
-5.016
-4.997
-4.975
-4.951
-4.925
-4.896
-4.865
-4.832
-4.797
-4.759
-4.72
-4.678
-4.635
-4.589
-4.542
-4.493
-4.442
-4.389
-4.334
-4.278
-4.219
-4.16
-4.098
-4.035
-3.971
-3.905
-3.838
-3.769
-3.699
-3.627
-3.554
-3.48
-3.405
-3.329
-3.251
-3.173
-3.093
-3.013
-2.931
-2.848
-2.765
-2.681
-2.596
-2.51
-2.423
-2.336
-2.248
-2.16
-2.071
-1.981
-1.891
-1.8
-1.709
-1.618
-1.527
-1.435
-1.342
-1.25
-1.158
-1.065
-0.972
-0.879
-0.787
-0.694
-0.601
-0.509
-0.416
-0.324
-0.232
-0.14
-0.049
0.042
0.133
0.223
0.313
0.402
0.491
0.579
0.667
0.835
1.0
1.071
1.137
1.199
1.256
1.31
1.359
1.404
1.445
1.483
1.516
1.546
1.572
1.594
1.614
1.629
1.642
1.651
1.657
1.66
1.66
1.657
1.651
1.642
1.631
1.617
1.601
1.582
1.561
1.538
1.513
1.485
1.455
1.424
1.391
1.355
1.319
1.28
1.24
1.199
1.156
1.112
1.067
1.021
0.974
0.925
0.876
0.826
0.776
0.724
0.673
0.62
0.568
0.515
0.462
0.408
0.355
0.302
0.249
0.196
0.143
0.1
0.058
0.017
-0.024
-0.065
-0.105
-0.145
-0.184
-0.223
-0.261
-0.299
-0.336
-0.372
-0.408
-0.443
-0.477
-0.51
-0.543
-0.575
-0.607
-0.637
-0.667
-0.696
-0.724
-0.751
-0.777
-0.802
-0.826
-0.849
-0.871
-0.893
-0.913
-0.932
-0.95
-0.967
-0.982
-0.997
-1.01
-1.022
-1.033
-1.042
-1.051
-1.058
-1.063
-1.068
-1.071
-1.072
-1.072
-1.071
-1.068
-1.064
-1.058
-1.051
-1.042
-1.032
-1.02
-1.006
-0.991
-0.974
-0.955
-0.935
-0.913
-0.889
-0.864
-0.836
-0.807
-0.776
-0.743
-0.708
-0.671
-0.633
-0.592
-0.549
-0.505
-0.458
-0.409
-0.359
-0.306
-0.251
-0.194
-0.134
-0.073
-0.009
0.057
0.125
0.195
0.268
0.343
0.42
0.5
0.582
0.667
0.834
1.0
1.079
1.154
1.226
1.295
1.36
1.422
1.481
1.536
1.588
1.638
1.684
1.727
1.767
1.804
1.839
1.87
1.899
1.926
1.949
1.971
1.989
2.005
2.019
2.03
2.04
2.046
2.051
2.054
2.054
2.053
2.049
2.044
2.036
2.027
2.016
2.004
1.989
1.974
1.956
1.937
1.917
1.895
1.872
1.848
1.822
1.796
1.768
1.739
1.709
1.678
1.647
1.614
1.581
1.547
1.512
1.477
1.441
1.404
1.367
1.33
1.292
1.254
1.216
1.177
1.138
1.1
1.061
1.022
0.983
0.945
0.906
0.868
0.83
0.793
0.755
0.719
0.682
0.647
0.612
0.577
0.543
0.51
0.478
0.447
0.417
0.387
0.359
0.332
0.306
0.281
0.257
0.235
0.214
0.194
0.176
0.159
0.144
0.131
0.119
0.109
0.101
0.095
0.09
0.088
0.087
0.089
0.092
0.098
0.106
0.116
0.129
0.144
0.161
0.181
0.203
0.228
0.256
0.286
0.32
0.355
0.394
0.436
0.48
0.528
0.579
0.633
0.69
0.75
0.876
1.0
1.051
1.096
1.133
1.163
1.186
1.204
1.216
1.222
1.222
1.218
1.209
1.196
1.179
1.158
1.133
1.106
1.075
1.042
1.007
0.97
0.931
0.891
0.85
0.808
0.766
0.724
0.682
0.64
0.6
0.56
0.522
0.486
0.452
0.42
0.39
0.364
0.341
0.322
0.306
0.295
0.288
0.286
0.289
0.297
0.311
0.331
0.358
0.391
0.431
0.478
0.533
0.596
0.667
0.832
1.0
1.084
1.167
1.248
1.329
1.407
1.485
1.561
1.636
1.709
1.782
1.853
1.922
1.991
2.058
2.124
2.188
2.252
2.314
2.375
2.434
2.493
2.55
2.606
2.661
2.715
2.767
2.819
2.869
2.918
2.966
3.013
3.059
3.103
3.147
3.189
3.231
3.271
3.31
3.349
3.386
3.422
3.457
3.491
3.524
3.556
3.587
3.617
3.646
3.674
3.701
3.727
3.752
3.776
3.799
3.821
3.843
3.863
3.883
3.902
3.919
3.936
3.952
3.967
3.982
3.995
4.008
4.019
4.03
4.041
4.05
4.058
4.066
4.073
4.079
4.085
4.089
4.093
4.096
4.099
4.101
4.102
4.102
4.101
4.1
4.099
4.096
4.093
4.089
4.085
4.08
4.074
4.067
4.06
4.053
4.045
4.036
4.026
4.016
4.006
3.995
3.983
3.971
3.958
3.945
3.931
3.917
3.902
3.887
3.871
3.855
3.838
3.821
3.803
3.785
3.766
3.747
3.728
3.708
3.688
3.667
3.646
3.625
3.603
3.581
3.558
3.536
3.512
3.489
3.465
3.441
3.416
3.391
3.366
3.341
3.315
3.289
3.263
3.237
3.21
3.183
3.156
3.129
3.101
3.073
3.045
3.017
2.989
2.96
2.932
2.903
2.874
2.845
2.816
2.786
2.757
2.727
2.697
2.668
2.638
2.608
2.578
2.548
2.518
2.488
2.457
2.427
2.397
2.367
2.337
2.306
2.276
2.246
2.216
2.186
2.156
2.126
2.096
2.066
2.036
2.007
1.977
1.948
1.918
1.889
1.86
1.831
1.802
1.774
1.745
1.717
1.689
1.661
1.633
1.605
1.578
1.551
1.524
1.497
1.471
1.445
1.419
1.393
1.368
1.343
1.318
1.294
1.27
1.246
1.222
1.199
1.176
1.154
1.132
1.11
1.088
1.067
1.047
1.027
1.007
0.988
0.969
0.95
0.932
0.914
0.897
0.881
0.864
0.849
0.833
0.815
0.798
0.781
0.765
0.749
0.733
0.718
0.704
0.69
0.676
0.663
0.65
0.637
0.625
0.613
0.602
0.591
0.58
0.57
0.56
0.551
0.542
0.533
0.524
0.516
0.508
0.5
0.493
0.486
0.479
0.472
0.466
0.46
0.454
0.449
0.443
0.438
0.433
0.428
0.424
0.42
0.415
0.411
0.407
0.404
0.4
0.397
0.394
0.39
0.387
0.384
0.382
0.379
0.376
0.374
0.371
0.369
0.366
0.364
0.361
0.359
0.357
0.355
0.352
0.35
0.348
0.345
0.343
0.341
0.338
0.336
0.333
0.335
0.337
0.339
0.341
0.343
0.344
0.346
0.348
0.349
0.351
0.352
0.353
0.355
0.356
0.357
0.358
0.359
0.361
0.362
0.363
0.364
0.364
0.365
0.366
0.367
0.368
0.369
0.369
0.37
0.371
0.371
0.372
0.373
0.373
0.374
0.374
0.375
0.375
0.376
0.376
0.377
0.377
0.378
0.378
0.379
0.379
0.379
0.38
0.38
0.381
0.381
0.382
0.382
0.382
0.383
0.383
0.384
0.384
0.385
0.385
0.386
0.386
0.387
0.388
0.388
0.389
0.389
0.39
0.391
0.391
0.392
0.393
0.394
0.395
0.396
0.396
0.397
0.398
0.399
0.401
0.402
0.403
0.404
0.405
0.407
0.408
0.409
0.411
0.412
0.414
0.416
0.417
0.419
0.421
0.423
0.424
0.426
0.429
0.431
0.433
0.435
0.437
0.44
0.442
0.445
0.447
0.45
0.453
0.456
0.459
0.462
0.465
0.468
0.471
0.475
0.478
0.482
0.485
0.489
0.493
0.497
0.501
0.505
0.509
0.514
0.518
0.523
0.527
0.532
0.537
0.542
0.547
0.552
0.557
0.563
0.568
0.574
0.58
0.586
0.592
0.598
0.604
0.611
0.617
0.624
0.631
0.638
0.645
0.652
0.659
0.667
0.68
0.694
0.707
0.721
0.735
0.749
0.763
0.777
0.791
0.805
0.819
0.833
0.84
0.848
0.855
0.862
0.869
0.876
0.883
0.89
0.897
0.903
0.91
0.917
0.924
0.931
0.937
0.944
0.951
0.957
0.964
0.97
0.977
0.983
0.99
0.996
1.002
1.008
1.015
1.021
1.027
1.033
1.039
1.045
1.051
1.057
1.063
1.068
1.074
1.08
1.085
1.091
1.096
1.102
1.107
1.112
1.117
1.123
1.128
1.133
1.138
1.142
1.147
1.152
1.157
1.161
1.166
1.17
1.175
1.179
1.183
1.187
1.191
1.195
1.199
1.203
1.207
1.21
1.214
1.217
1.221
1.224
1.227
1.231
1.234
1.237
1.239
1.242
1.245
1.247
1.25
1.252
1.255
1.257
1.259
1.261
1.263
1.265
1.266
1.268
1.269
1.271
1.272
1.273
1.274
1.275
1.276
1.277
1.277
1.278
1.278
1.279
1.279
1.279
1.279
1.279
1.278
1.278
1.277
1.277
1.276
1.275
1.274
1.273
1.271
1.27
1.268
1.267
1.265
1.263
1.261
1.259
1.256
1.254
1.251
1.248
1.245
1.242
1.239
1.236
1.232
1.229
1.225
1.221
1.217
1.213
1.209
1.204
1.199
1.195
1.19
1.185
1.179
1.174
1.168
1.163
1.157
1.151
1.145
1.138
1.132
1.125
1.118
1.111
1.104
1.097
1.089
1.082
1.074
1.066
1.058
1.049
1.041
1.032
1.023
1.014
1.005
0.996
0.986
0.977
0.967
0.957
0.946
0.936
0.925
0.914
0.903
0.892
0.881
0.869
0.857
0.845
0.833
0.813
0.792
0.772
0.751
0.73
0.709
0.688
0.667
0.646
0.625
0.605
0.584
0.564
0.544
0.524
0.504
0.485
0.466
0.447
0.429
0.411
0.394
0.377
0.361
0.345
0.33
0.316
0.302
0.288
0.276
0.264
0.253
0.243
0.233
0.225
0.217
0.211
0.205
0.2
0.215
0.232
0.249
0.267
0.286
0.305
0.326
0.347
0.368
0.39
0.413
0.436
0.459
0.483
0.507
0.531
0.556
0.58
0.605
0.629
0.654
0.678
0.702
0.726
0.75
0.761
0.773
0.783
0.794
0.804
0.814
0.824
0.833
0.842
0.851
0.859
0.867
0.875
0.883
0.89
0.897
0.904
0.91
0.916
0.922
0.928
0.933
0.939
0.944
0.948
0.953
0.957
0.961
0.964
0.968
0.971
0.974
0.977
0.979
0.981
0.983
0.985
0.987
0.988
0.989
0.99
0.991
0.991
0.992
0.992
0.992
0.991
0.991
0.99
0.989
0.988
0.987
0.985
0.984
0.982
0.98
0.978
0.975
0.973
0.97
0.967
0.964
0.961
0.958
0.954
0.951
0.947
0.943
0.939
0.935
0.931
0.926
0.921
0.917
0.912
0.907
0.902
0.896
0.891
0.886
0.88
0.874
0.868
0.862
0.856
0.85
0.844
0.838
0.831
0.825
0.818
0.811
0.805
0.798
0.791
0.784
0.777
0.769
0.762
0.755
0.747
0.74
0.733
0.725
0.717
0.71
0.702
0.694
0.686
0.679
0.671
0.663
0.655
0.647
0.639
0.631
0.623
0.614
0.606
0.598
0.59
0.582
0.574
0.565
0.557
0.549
0.541
0.533
0.524
0.516
0.508
0.5
0.492
0.484
0.476
0.467
0.459
0.451
0.443
0.435
0.427
0.419
0.412
0.404
0.396
0.388
0.381
0.373
0.365
0.358
0.35
0.343
0.336
0.328
0.321
0.314
0.307
0.3
0.293
0.286
0.28
0.273
0.266
0.26
0.253
0.247
0.241
0.235
0.229
0.223
0.217
0.212
0.206
0.201
0.195
0.19
0.185
0.18
0.175
0.171
0.166
0.162
0.158
0.153
0.15
0.146
0.142
0.138
0.135
0.132
0.129
0.126
0.123
0.121
0.118
0.116
0.114
0.112
0.11
0.109
0.107
0.106
0.105
0.105
0.104
0.104
0.103
0.103
0.104
0.104
0.105
0.106
0.107
0.108
0.109
0.111
0.113
0.115
0.118
0.12
0.123
0.126
0.13
0.133
0.137
0.141
0.145
0.15
0.155
0.16
0.165
0.171
0.177
0.183
0.189
0.196
0.203
0.21
0.217
0.225
0.233
0.241
0.25
0.272
0.294
0.316
0.339
0.362
0.385
0.408
0.432
0.455
0.479
0.503
0.528
0.552
0.576
0.601
0.626
0.65
0.675
0.7
0.725
0.75
0.762
0.775
0.787
0.799
0.812
0.824
0.836
0.849
0.861
0.873
0.886
0.898
0.91
0.922
0.935
0.947
0.959
0.971
0.983
0.995
1.007
1.019
1.031
1.042
1.054
1.065
1.077
1.088
1.1
1.111
1.122
1.133
1.144
1.155
1.166
1.176
1.187
1.197
1.207
1.217
1.227
1.237
1.247
1.257
1.266
1.275
1.284
1.293
1.302
1.31
1.319
1.327
1.335
1.343
1.351
1.358
1.365
1.372
1.379
1.386
1.392
1.399
1.404
1.41
1.416
1.421
1.426
1.431
1.435
1.44
1.444
1.448
1.451
1.454
1.457
1.46
1.463
1.465
1.467
1.468
1.47
1.471
1.471
1.472
1.472
1.471
1.471
1.47
1.469
1.467
1.465
1.463
1.461
1.458
1.455
1.451
1.447
1.443
1.438
1.433
1.427
1.422
1.415
1.409
1.402
1.395
1.387
1.379
1.37
1.361
1.352
1.342
1.332
1.321
1.31
1.298
1.286
1.274
1.261
1.248
1.234
1.22
1.205
1.19
1.175
1.158
1.142
1.125
1.107
1.089
1.071
1.052
1.032
1.012
0.992
0.971
0.949
0.927
0.905
0.881
0.858
0.834
0.809
0.784
0.758
0.731
0.704
0.677
0.649
0.62
0.591
0.561
0.531
0.5
0.473
0.446
0.418
0.391
0.364
0.337
0.311
0.287
0.263
0.241
0.221
0.203
0.186
0.172
0.161
0.153
0.148
0.146
0.147
0.153
0.162
0.175
0.193
0.216
0.243
0.276
0.314
0.358
0.407
0.463
0.525
0.593
0.668
0.75
0.891
1.0
0.935
0.825
0.697
0.58
0.5
0.567
0.667
0.728
0.789
0.849
0.909
0.967
1.025
1.082
1.138
1.194
1.248
1.302
1.355
1.408
1.459
1.51
1.56
1.61
1.658
1.706
1.753
1.8
1.846
1.891
1.935
1.978
2.021
2.063
2.105
2.146
2.186
2.225
2.264
2.302
2.339
2.376
2.412
2.447
2.482
2.516
2.549
2.582
2.614
2.645
2.676
2.706
2.735
2.764
2.792
2.82
2.847
2.873
2.899
2.924
2.949
2.973
2.996
3.019
3.041
3.063
3.084
3.104
3.124
3.143
3.162
3.18
3.198
3.215
3.231
3.247
3.263
3.278
3.292
3.306
3.319
3.332
3.344
3.356
3.367
3.378
3.388
3.398
3.407
3.416
3.424
3.431
3.439
3.446
3.452
3.458
3.463
3.468
3.472
3.476
3.48
3.483
3.486
3.488
3.49
3.491
3.492
3.492
3.492
3.492
3.491
3.49
3.488
3.486
3.484
3.481
3.478
3.475
3.471
3.466
3.462
3.456
3.451
3.445
3.439
3.433
3.426
3.418
3.411
3.403
3.395
3.386
3.377
3.368
3.358
3.348
3.338
3.328
3.317
3.306
3.294
3.283
3.271
3.258
3.246
3.233
3.22
3.206
3.193
3.179
3.164
3.15
3.135
3.12
3.105
3.089
3.074
3.058
3.042
3.025
3.009
2.992
2.975
2.957
2.94
2.922
2.904
2.886
2.868
2.849
2.831
2.812
2.793
2.774
2.754
2.735
2.715
2.695
2.675
2.655
2.634
2.614
2.593
2.573
2.552
2.531
2.51
2.488
2.467
2.445
2.424
2.402
2.38
2.358
2.336
2.314
2.292
2.27
2.247
2.225
2.202
2.18
2.157
2.134
2.112
2.089
2.066
2.043
2.02
1.997
1.974
1.951
1.928
1.905
1.882
1.858
1.835
1.812
1.789
1.766
1.742
1.719
1.696
1.673
1.65
1.627
1.604
1.581
1.557
1.534
1.512
1.489
1.466
1.443
1.42
1.397
1.375
1.352
1.33
1.307
1.285
1.263
1.241
1.218
1.196
1.175
1.153
1.131
1.11
1.088
1.067
1.045
1.024
1.003
0.982
0.962
0.941
0.921
0.9
0.88
0.86
0.841
0.821
0.801
0.782
0.763
0.744
0.725
0.706
0.688
0.67
0.652
0.634
0.616
0.599
0.582
0.565
0.548
0.531
0.515
0.499
0.483
0.467
0.452
0.437
0.422
0.407
0.393
0.378
0.365
0.351
0.338
0.325
0.312
0.299
0.287
0.275
0.263
0.252
0.241
0.23
0.22
0.21
0.2
0.191
0.183
0.174
0.167
0.159
0.152
0.145
0.138
0.132
0.125
0.12
0.114
0.109
0.104
0.099
0.094
0.09
0.086
0.082
0.079
0.075
0.072
0.069
0.067
0.064
0.062
0.06
0.058
0.056
0.055
0.054
0.053
0.052
0.051
0.051
0.05
0.05
0.05
0.05
0.051
0.051
0.052
0.052
0.053
0.054
0.055
0.056
0.058
0.059
0.061
0.062
0.064
0.066
0.068
0.07
0.072
0.074
0.076
0.079
0.081
0.084
0.086
0.089
0.091
0.094
0.097
0.099
0.102
0.105
0.108
0.11
0.113
0.116
0.119
0.122
0.125
0.127
0.13
0.133
0.136
0.139
0.141
0.144
0.147
0.149
0.152
0.154
0.157
0.159
0.161
0.164
0.166
0.168
0.17
0.172
0.173
0.175
0.177
0.178
0.18
0.181
0.182
0.183
0.184
0.185
0.186
0.186
0.187
0.187
0.187
0.187
0.186
0.186
0.186
0.185
0.184
0.183
0.181
0.18
0.178
0.176
0.174
0.172
0.169
0.167
0.17
0.173
0.175
0.178
0.18
0.183
0.185
0.188
0.19
0.193
0.195
0.198
0.201
0.204
0.207
0.211
0.214
0.219
0.223
0.228
0.233
0.239
0.245
0.252
0.259
0.267
0.276
0.285
0.295
0.305
0.316
0.328
0.341
0.355
0.369
0.384
0.401
0.418
0.436
0.455
0.476
0.497
0.52
0.543
0.568
0.594
0.622
0.65
0.68
0.711
0.744
0.778
0.834
0.889
0.908
0.922
0.931
0.936
0.936
0.932
0.926
0.916
0.905
0.891
0.877
0.861
0.845
0.83
0.815
0.801
0.788
0.778
0.77
0.764
0.763
0.765
0.772
0.783
0.8
0.849
0.9
0.924
0.946
0.968
0.99
1.011
1.031
1.05
1.069
1.087
1.104
1.121
1.137
1.153
1.168
1.182
1.196
1.209
1.221
1.233
1.244
1.255
1.265
1.275
1.284
1.292
1.3
1.307
1.314
1.321
1.326
1.332
1.336
1.341
1.344
1.348
1.35
1.353
1.354
1.356
1.357
1.357
1.357
1.357
1.356
1.354
1.353
1.351
1.348
1.345
1.342
1.338
1.334
1.329
1.324
1.319
1.314
1.308
1.301
1.295
1.288
1.28
1.273
1.265
1.257
1.248
1.239
1.23
1.221
1.211
1.201
1.191
1.181
1.17
1.159
1.148
1.136
1.125
1.113
1.101
1.088
1.076
1.063
1.05
1.037
1.024
1.011
0.997
0.984
0.97
0.956
0.942
0.927
0.913
0.899
0.884
0.869
0.855
0.84
0.825
0.81
0.795
0.779
0.764
0.749
0.733
0.718
0.703
0.687
0.672
0.656
0.641
0.625
0.61
0.594
0.579
0.563
0.548
0.533
0.517
0.502
0.487
0.472
0.457
0.442
0.427
0.412
0.397
0.382
0.368
0.353
0.339
0.325
0.311
0.297
0.283
0.269
0.256
0.243
0.23
0.217
0.204
0.191
0.179
0.167
0.155
0.143
0.137
0.131
0.126
0.121
0.116
0.111
0.107
0.103
0.098
0.095
0.091
0.088
0.084
0.081
0.079
0.076
0.074
0.072
0.07
0.068
0.067
0.066
0.065
0.064
0.063
0.063
0.063
0.063
0.063
0.063
0.064
0.065
0.066
0.067
0.069
0.071
0.073
0.075
0.077
0.08
0.083
0.086
0.089
0.092
0.096
0.1
0.104
0.108
0.113
0.117
0.122
0.127
0.133
0.138
0.144
0.15
0.156
0.162
0.169
0.176
0.183
0.19
0.197
0.205
0.212
0.22
0.229
0.237
0.246
0.254
0.263
0.273
0.282
0.292
0.301
0.311
0.322
0.332
0.343
0.354
0.365
0.376
0.387
0.399
0.411
0.423
0.435
0.447
0.46
0.473
0.486
0.499
0.512
0.526
0.54
0.554
0.568
0.582
0.597
0.612
0.627
0.642
0.657
0.673
0.689
0.705
0.721
0.737
0.754
0.771
0.787
0.805
0.822
0.839
0.857
0.875
0.89
0.904
0.92
0.935
0.95
0.966
0.981
0.997
1.013
1.03
1.046
1.063
1.079
1.096
1.113
1.13
1.148
1.165
1.183
1.2
1.218
1.236
1.254
1.272
1.291
1.309
1.328
1.346
1.365
1.384
1.403
1.422
1.441
1.46
1.48
1.499
1.519
1.538
1.558
1.578
1.597
1.617
1.637
1.657
1.677
1.697
1.717
1.737
1.758
1.778
1.798
1.818
1.839
1.859
1.88
1.9
1.92
1.941
1.961
1.982
2.002
2.023
2.043
2.064
2.084
2.105
2.125
2.146
2.166
2.186
2.207
2.227
2.247
2.268
2.288
2.308
2.328
2.348
2.368
2.388
2.408
2.428
2.448
2.468
2.487
2.507
2.526
2.546
2.565
2.585
2.604
2.623
2.642
2.661
2.68
2.698
2.717
2.735
2.754
2.772
2.79
2.808
2.826
2.844
2.862
2.879
2.896
2.914
2.931
2.948
2.964
2.981
2.998
3.014
3.03
3.046
3.062
3.078
3.093
3.108
3.123
3.138
3.153
3.168
3.182
3.196
3.21
3.224
3.237
3.251
3.264
3.277
3.29
3.302
3.314
3.326
3.338
3.35
3.361
3.372
3.383
3.394
3.404
3.414
3.424
3.434
3.443
3.452
3.461
3.469
3.477
3.485
3.493
3.501
3.508
3.514
3.521
3.527
3.533
3.539
3.544
3.549
3.554
3.558
3.562
3.566
3.57
3.573
3.576
3.578
3.58
3.582
3.583
3.584
3.585
3.585
3.586
3.585
3.585
3.583
3.582
3.58
3.578
3.576
3.573
3.569
3.566
3.562
3.557
3.552
3.547
3.541
3.535
3.529
3.522
3.515
3.507
3.499
3.49
3.481
3.472
3.462
3.452
3.441
3.43
3.418
3.406
3.393
3.381
3.367
3.353
3.339
3.324
3.309
3.293
3.277
3.26
3.243
3.225
3.207
3.188
3.169
3.15
3.129
3.109
3.088
3.066
3.044
3.021
2.998
2.974
2.95
2.925
2.9
2.874
2.847
2.82
2.793
2.765
2.736
2.707
2.677
2.647
2.616
2.585
2.553
2.521
2.487
2.454
2.419
2.385
2.349
2.313
2.277
2.239
2.201
2.163
2.124
2.084
2.044
2.003
1.962
1.92
1.877
1.834
1.79
1.745
1.7
1.654
1.607
1.56
1.512
1.464
1.414
1.365
1.314
1.263
1.211
1.159
1.106
1.052
0.997
0.942
0.886
0.83
0.772
0.714
0.597
0.479
0.361
0.243
0.125
0.066
0.008
-0.049
-0.106
-0.161
-0.215
-0.268
-0.318
-0.367
-0.413
-0.457
-0.499
-0.537
-0.573
-0.605
-0.634
-0.66
-0.681
-0.698
-0.711
-0.72
-0.724
-0.723
-0.717
-0.706
-0.689
-0.666
-0.638
-0.603
-0.562
-0.515
-0.461
-0.4
-0.331
-0.256
-0.172
-0.081
0.018
0.125
