0.0
0.001
0.003
0.005
0.007
0.009
0.012
0.015
0.018
0.021
0.025
0.029
0.033
0.037
0.042
0.047
0.052
0.057
0.062
0.068
0.074
0.08
0.086
0.092
0.099
0.106
0.113
0.12
0.127
0.134
0.142
0.149
0.157
0.165
0.173
0.181
0.189
0.197
0.206
0.214
0.223
0.232
0.241
0.249
0.258
0.267
0.277
0.286
0.296
0.307
0.317
0.328
0.338
0.349
0.36
0.37
0.381
0.392
0.402
0.413
0.424
0.435
0.445
0.456
0.467
0.477
0.488
0.498
0.509
0.519
0.53
0.54
0.55
0.56
0.57
0.58
0.59
0.6
0.61
0.62
0.629
0.639
0.648
0.657
0.666
0.675
0.684
0.693
0.701
0.71
0.718
0.726
0.734
0.742
0.749
0.757
0.764
0.771
0.778
0.785
0.791
0.797
0.803
0.809
0.815
0.82
0.825
0.83
0.835
0.839
0.843
0.847
0.851
0.854
0.857
0.852
0.847
0.842
0.836
0.83
0.824
0.818
0.812
0.805
0.798
0.791
0.784
0.777
0.77
0.763
0.755
0.748
0.741
0.733
0.726
0.718
0.711
0.703
0.696
0.688
0.681
0.674
0.667
0.663
0.659
0.656
0.652
0.649
0.645
0.642
0.639
0.636
0.633
0.63
0.628
0.625
0.623
0.62
0.618
0.616
0.613
0.611
0.609
0.608
0.606
0.604
0.602
0.601
0.599
0.598
0.597
0.595
0.594
0.593
0.592
0.591
0.59
0.59
0.589
0.588
0.588
0.587
0.587
0.586
0.586
0.585
0.585
0.585
0.585
0.585
0.585
0.585
0.585
0.585
0.585
0.585
0.586
0.586
0.586
0.587
0.587
0.588
0.588
0.589
0.589
0.59
0.591
0.591
0.592
0.593
0.594
0.595
0.595
0.596
0.597
0.598
0.599
0.6
0.601
0.602
0.603
0.604
0.605
0.606
0.607
0.608
0.609
0.61
0.612
0.613
0.614
0.615
0.616
0.617
0.618
0.619
0.621
0.622
0.623
0.624
0.625
0.627
0.629
0.631
0.633
0.635
0.637
0.639
0.641
0.643
0.644
0.646
0.648
0.65
0.652
0.654
0.656
0.658
0.659
0.661
0.663
0.665
0.667
0.668
0.67
0.672
0.674
0.675
0.677
0.679
0.681
0.682
0.684
0.686
0.687
0.689
0.691
0.692
0.694
0.696
0.697
0.699
0.701
0.702
0.704
0.705
0.707
0.709
0.71
0.712
0.713
0.715
0.716
0.718
0.719
0.721
0.722
0.724
0.725
0.726
0.728
0.729
0.731
0.732
0.734
0.735
0.736
0.738
0.739
0.74
0.742
0.743
0.744
0.746
0.747
0.748
0.749
0.751
0.752
0.753
0.754
0.755
0.757
0.758
0.759
0.76
0.761
0.763
0.764
0.765
0.766
0.767
0.768
0.769
0.77
0.771
0.772
0.773
0.774
0.775
0.776
0.777
0.778
0.779
0.78
0.781
0.782
0.783
0.784
0.785
0.786
0.786
0.787
0.788
0.789
0.79
0.791
0.791
0.792
0.793
0.794
0.794
0.795
0.796
0.797
0.797
0.798
0.799
0.799
0.8
0.799
0.798
0.798
0.797
0.796
0.795
0.794
0.793
0.792
0.792
0.791
0.79
0.789
0.788
0.787
0.786
0.785
0.784
0.783
0.782
0.781
0.78
0.779
0.778
0.777
0.775
0.774
0.773
0.772
0.771
0.77
0.769
0.767
0.766
0.765
0.764
0.763
0.761
0.76
0.759
0.757
0.756
0.755
0.754
0.752
0.751
0.75
0.748
0.747
0.745
0.744
0.743
0.741
0.74
0.738
0.737
0.735
0.734
0.732
0.731
0.729
0.728
0.726
0.725
0.723
0.721
0.72
0.718
0.717
0.715
0.713
0.712
0.71
0.708
0.707
0.705
0.703
0.702
0.7
0.698
0.696
0.695
0.693
0.691
0.689
0.687
0.685
0.684
0.682
0.68
0.678
0.676
0.674
0.672
0.67
0.668
0.666
0.665
0.663
0.661
0.659
0.657
0.655
0.652
0.65
0.648
0.646
0.644
0.642
0.64
0.638
0.636
0.634
0.632
0.629
0.627
0.625
0.622
0.62
0.617
0.614
0.612
0.609
0.606
0.604
0.601
0.598
0.596
0.593
0.59
0.588
0.585
0.582
0.58
0.577
0.574
0.572
0.569
0.567
0.564
0.562
0.559
0.556
0.554
0.551
0.549
0.547
0.544
0.542
0.539
0.537
0.535
0.533
0.53
0.528
0.526
0.524
0.522
0.52
0.518
0.516
0.514
0.512
0.51
0.508
0.507
0.505
0.503
0.502
0.5
0.5
0.5
0.501
0.501
0.501
0.502
0.502
0.503
0.503
0.504
0.505
0.505
0.506
0.507
0.508
0.509
0.51
0.511
0.512
0.513
0.514
0.515
0.516
0.518
0.519
0.52
0.522
0.523
0.525
0.526
0.528
0.529
0.531
0.533
0.534
0.536
0.538
0.54
0.542
0.544
0.545
0.547
0.549
0.552
0.554
0.556
0.558
0.56
0.562
0.565
0.567
0.569
0.572
0.574
0.576
0.579
0.581
0.584
0.586
0.589
0.591
0.594
0.597
0.599
0.602
0.605
0.607
0.61
0.613
0.616
0.619
0.622
0.624
0.627
0.63
0.633
0.636
0.639
0.642
0.645
0.648
0.651
0.655
0.658
0.661
0.664
0.667
0.67
0.673
0.677
0.68
0.683
0.686
0.69
0.693
0.696
0.7
0.703
0.706
0.71
0.713
0.716
0.72
0.723
0.727
0.73
0.733
0.737
0.74
0.744
0.747
0.751
0.754
0.758
0.761
0.765
0.768
0.772
0.775
0.779
0.782
0.786
0.789
0.793
0.796
0.8
0.803
0.807
0.81
0.814
0.817
0.821
0.824
0.828
0.831
0.835
0.838
0.842
0.845
0.849
0.852
0.856
0.859
0.862
0.866
0.869
0.873
0.876
0.88
0.883
0.886
0.89
0.893
0.897
0.9
0.903
0.907
0.91
0.913
0.916
0.92
0.923
0.926
0.929
0.933
0.936
0.939
0.942
0.945
0.949
0.952
0.955
0.958
0.961
0.964
0.967
0.97
0.973
0.976
0.979
0.982
0.985
0.987
0.99
0.993
0.996
0.999
1.001
1.004
1.007
1.01
1.012
1.015
1.017
1.02
1.022
1.025
1.027
1.03
1.032
1.035
1.037
1.039
1.042
1.044
1.046
1.048
1.05
1.053
1.055
1.057
1.059
1.061
1.063
1.065
1.066
1.068
1.07
1.072
1.074
1.075
1.077
1.079
1.08
1.082
1.083
1.085
1.086
1.087
1.089
1.09
1.091
1.092
1.093
1.095
1.096
1.097
1.098
1.098
1.099
1.1
1.101
1.102
1.102
1.103
1.103
1.104
1.104
1.105
1.105
1.106
1.106
1.106
1.106
1.106
1.106
1.106
1.106
1.106
1.106
1.106
1.106
1.105
1.105
1.104
1.104
1.103
1.103
1.102
1.101
1.101
1.1
1.099
1.098
1.097
1.096
1.095
1.093
1.092
1.091
1.089
1.088
1.086
1.085
1.083
1.081
1.079
1.078
1.076
1.074
1.071
1.069
1.067
1.065
1.062
1.06
1.058
1.055
1.052
1.05
1.047
1.044
1.041
1.038
1.035
1.032
1.029
1.025
1.022
1.018
1.015
1.011
1.008
1.004
1.0
0.996
0.992
0.988
0.984
0.98
0.975
0.971
0.966
0.962
0.957
0.953
0.948
0.943
0.938
0.933
0.928
0.922
0.917
0.912
0.906
0.901
0.895
0.889
0.883
0.877
0.871
0.865
0.859
0.853
0.846
0.84
0.833
0.824
0.814
0.804
0.794
0.784
0.774
0.764
0.754
0.744
0.734
0.723
0.713
0.702
0.692
0.681
0.671
0.66
0.65
0.639
0.628
0.618
0.607
0.596
0.586
0.575
0.564
0.554
0.543
0.532
0.522
0.511
0.501
0.49
0.48
0.469
0.459
0.449
0.438
0.428
0.418
0.408
0.398
0.388
0.378
0.368
0.358
0.348
0.339
0.329
0.32
0.311
0.302
0.292
0.284
0.275
0.266
0.257
0.249
0.241
0.232
0.224
0.216
0.209
0.201
0.194
0.186
0.179
0.172
0.166
0.159
0.153
0.146
0.14
0.134
0.129
0.123
0.118
0.113
0.108
0.104
0.099
0.095
0.091
0.087
0.084
0.081
0.077
0.075
0.072
0.07
0.068
0.066
0.065
0.063
0.063
0.062
0.062
0.061
0.062
0.062
0.063
0.064
0.065
0.067
0.069
0.071
0.074
0.077
0.08
0.084
0.088
0.092
0.097
0.102
0.107
0.113
0.119
0.125
0.132
0.139
0.147
0.155
0.163
0.172
0.181
0.19
0.2
0.226
0.252
0.279
0.306
0.333
0.36
0.388
0.415
0.442
0.469
0.496
0.522
0.549
0.575
0.6
0.617
0.633
0.649
0.664
0.679
0.693
0.707
0.721
0.734
0.746
0.759
0.771
0.782
0.794
0.805
0.815
0.826
0.836
0.845
0.855
0.864
0.873
0.881
0.89
0.898
0.906
0.914
0.921
0.929
0.936
0.943
0.95
0.956
0.963
0.969
0.976
0.982
0.988
0.994
1.0
1.001
1.002
1.003
1.003
1.004
1.005
1.005
1.005
1.006
1.006
1.006
1.006
1.006
1.006
1.006
1.006
1.005
1.005
1.004
1.003
1.002
1.001
1.0
0.995
0.991
0.986
0.981
0.976
0.971
0.965
0.96
0.954
0.949
0.943
0.937
0.931
0.925
0.919
0.913
0.907
0.901
0.894
0.888
0.881
0.874
0.868
0.861
0.854
0.847
0.84
0.833
0.826
0.819
0.812
0.805
0.797
0.79
0.783
0.775
0.768
0.76
0.753
0.746
0.738
0.731
0.723
0.716
0.708
0.7
0.693
0.685
0.678
0.67
0.663
0.655
0.648
0.64
0.633
0.625
0.618
0.611
0.603
0.596
0.589
0.581
0.574
0.567
0.56
0.553
0.546
0.539
0.532
0.525
0.518
0.512
0.505
0.498
0.492
0.485
0.479
0.473
0.467
0.46
0.454
0.449
0.443
0.437
0.431
0.426
0.42
0.415
0.41
0.405
0.4
0.399
0.399
0.399
0.399
0.398
0.399
0.399
0.399
0.399
0.4
0.4
0.401
0.402
0.403
0.404
0.405
0.406
0.407
0.409
0.41
0.412
0.413
0.415
0.417
0.419
0.421
0.423
0.425
0.428
0.43
0.432
0.435
0.437
0.44
0.443
0.446
0.448
0.451
0.454
0.457
0.461
0.464
0.467
0.47
0.474
0.477
0.481
0.484
0.488
0.491
0.495
0.499
0.503
0.506
0.51
0.514
0.518
0.522
0.526
0.53
0.534
0.539
0.543
0.547
0.551
0.555
0.56
0.564
0.568
0.573
0.577
0.582
0.586
0.591
0.595
0.599
0.604
0.608
0.613
0.618
0.622
0.627
0.631
0.636
0.64
0.645
0.649
0.654
0.658
0.663
0.668
0.672
0.677
0.681
0.686
0.69
0.695
0.699
0.703
0.708
0.712
0.717
0.721
0.725
0.73
0.734
0.738
0.742
0.746
0.751
0.755
0.759
0.763
0.767
0.771
0.775
0.779
0.782
0.786
0.79
0.794
0.797
0.801
0.804
0.808
0.811
0.815
0.818
0.821
0.824
0.827
0.83
0.833
0.836
0.839
0.842
0.845
0.847
0.85
0.852
0.855
0.857
0.859
0.862
0.864
0.866
0.868
0.869
0.871
0.873
0.874
0.876
0.877
0.878
0.88
0.881
0.882
0.883
0.883
0.884
0.885
0.885
0.885
0.886
0.886
0.886
0.886
0.886
0.885
0.885
0.884
0.884
0.883
0.882
0.881
0.88
0.878
0.877
0.875
0.874
0.872
0.87
0.868
0.865
0.863
0.861
0.858
0.855
0.852
0.849
0.846
0.842
0.839
0.835
0.831
0.827
0.823
0.819
0.814
0.81
0.805
0.8
0.787
0.773
0.759
0.745
0.731
0.717
0.703
0.688
0.674
0.659
0.644
0.629
0.615
0.6
0.585
0.569
0.554
0.539
0.524
0.509
0.493
0.478
0.463
0.448
0.432
0.417
0.402
0.387
0.371
0.356
0.341
0.326
0.311
0.296
0.281
0.267
0.252
0.238
0.223
0.209
0.195
0.181
0.167
0.161
0.156
0.152
0.147
0.142
0.138
0.133
0.129
0.125
0.121
0.118
0.114
0.111
0.107
0.104
0.101
0.098
0.096
0.093
0.091
0.088
0.086
0.084
0.082
0.081
0.079
0.078
0.076
0.075
0.074
0.073
0.073
0.072
0.072
0.071
0.071
0.071
0.072
0.072
0.072
0.073
0.074
0.075
0.076
0.077
0.078
0.08
0.081
0.083
0.085
0.087
0.089
0.092
0.094
0.097
0.1
0.103
0.106
0.109
0.112
0.116
0.12
0.124
0.128
0.132
0.136
0.14
0.145
0.15
0.155
0.16
0.165
0.17
0.176
0.181
0.187
0.193
0.199
0.205
0.211
0.218
0.225
0.231
0.238
0.245
0.253
0.26
0.268
0.275
0.283
0.291
0.299
0.307
0.316
0.324
0.333
0.342
0.351
0.36
0.37
0.379
0.389
0.398
0.408
0.418
0.429
0.442
0.455
0.469
0.482
0.496
0.509
0.523
0.536
0.549
0.563
0.576
0.589
0.601
0.614
0.626
0.637
0.649
0.66
0.67
0.681
0.69
0.7
0.708
0.716
0.724
0.731
0.737
0.743
0.748
0.752
0.755
0.758
0.759
0.76
0.76
0.759
0.757
0.754
0.75
0.731
0.711
0.69
0.668
0.647
0.625
0.603
0.581
0.559
0.538
0.517
0.497
0.478
0.46
0.444
0.429
0.432
0.436
0.442
0.45
0.458
0.468
0.479
0.49
0.503
0.517
0.531
0.546
0.561
0.577
0.593
0.61
0.627
0.644
0.661
0.677
0.694
0.711
0.727
0.743
0.758
0.773
0.787
0.8
0.807
0.813
0.818
0.822
0.826
0.829
0.832
0.834
0.836
0.837
0.837
0.838
0.838
0.837
0.837
0.836
0.835
0.834
0.833
0.83
0.826
0.822
0.818
0.814
0.81
0.806
0.802
0.798
0.794
0.79
0.786
0.782
0.778
0.774
0.77
0.766
0.761
0.757
0.753
0.749
0.745
0.74
0.736
0.732
0.727
0.723
0.719
0.714
0.71
0.705
0.701
0.696
0.692
0.688
0.683
0.679
0.674
0.67
0.665
0.661
0.656
0.652
0.647
0.642
0.638
0.633
0.629
0.624
0.62
0.615
0.61
0.606
0.601
0.597
0.592
0.588
0.583
0.578
0.574
0.569
0.565
0.56
0.556
0.551
0.546
0.542
0.537
0.533
0.528
0.524
0.519
0.515
0.51
0.506
0.501
0.497
0.492
0.488
0.484
0.479
0.475
0.47
0.466
0.462
0.457
0.453
0.449
0.444
0.44
0.436
0.432
0.428
0.423
0.419
0.415
0.411
0.407
0.403
0.399
0.395
0.391
0.387
0.383
0.379
0.375
0.371
0.367
0.363
0.36
0.356
0.352
0.348
0.345
0.341
0.337
0.334
0.33
0.327
0.323
0.32
0.317
0.313
0.31
0.307
0.303
0.3
0.297
0.294
0.291
0.288
0.285
0.282
0.279
0.276
0.273
0.27
0.267
0.265
0.262
0.259
0.257
0.254
0.252
0.249
0.247
0.245
0.242
0.24
0.238
0.236
0.234
0.232
0.23
0.228
0.226
0.224
0.222
0.221
0.219
0.217
0.216
0.214
0.213
0.212
0.21
0.209
0.208
0.207
0.206
0.205
0.204
0.203
0.202
0.201
0.201
0.2
0.204
0.208
0.213
0.217
0.221
0.226
0.23
0.235
0.239
0.244
0.249
0.254
0.258
0.263
0.268
0.273
0.278
0.284
0.289
0.294
0.299
0.304
0.31
0.315
0.321
0.326
0.332
0.337
0.343
0.348
0.354
0.36
0.365
0.371
0.377
0.383
0.389
0.395
0.4
0.406
0.412
0.418
0.424
0.43
0.437
0.443
0.449
0.455
0.461
0.467
0.473
0.48
0.486
0.492
0.498
0.505
0.511
0.517
0.524
0.53
0.536
0.543
0.549
0.555
0.562
0.568
0.574
0.581
0.587
0.594
0.6
0.606
0.613
0.619
0.625
0.632
0.638
0.644
0.651
0.657
0.663
0.67
0.676
0.682
0.688
0.695
0.701
0.707
0.713
0.719
0.726
0.732
0.738
0.744
0.75
0.753
0.755
0.758
0.761
0.763
0.766
0.768
0.771
0.773
0.776
0.778
0.781
0.783
0.786
0.788
0.79
0.793
0.795
0.797
0.799
0.802
0.804
0.806
0.808
0.81
0.812
0.815
0.817
0.819
0.821
0.823
0.825
0.827
0.828
0.83
0.832
0.834
0.836
0.838
0.839
0.841
0.843
0.845
0.846
0.848
0.85
0.851
0.853
0.854
0.856
0.858
0.859
0.861
0.862
0.863
0.865
0.866
0.868
0.869
0.87
0.872
0.873
0.874
0.876
0.877
0.878
0.879
0.88
0.881
0.883
0.884
0.885
0.886
0.887
0.888
0.889
0.89
0.891
0.892
0.893
0.894
0.894
0.895
0.896
0.897
0.898
0.898
0.899
0.9
0.901
0.901
0.902
0.903
0.903
0.904
0.905
0.905
0.906
0.906
0.907
0.907
0.908
0.908
0.909
0.909
0.909
0.91
0.91
0.91
0.911
0.911
0.911
0.912
0.912
0.912
0.912
0.912
0.913
0.913
0.913
0.913
0.913
0.913
0.913
0.913
0.913
0.913
0.913
0.913
0.913
0.913
0.913
0.913
0.913
0.913
0.912
0.912
0.912
0.912
0.912
0.911
0.911
0.911
0.91
0.91
0.91
0.909
0.909
0.909
0.908
0.908
0.907
0.907
0.907
0.906
0.906
0.905
0.904
0.904
0.903
0.903
0.902
0.901
0.901
0.9
0.9
0.899
0.898
0.897
0.897
0.896
0.895
0.894
0.894
0.893
0.892
0.891
0.89
0.889
0.888
0.887
0.887
0.886
0.885
0.884
0.883
0.882
0.881
0.88
0.879
0.878
0.876
0.875
0.874
0.873
0.872
0.871
0.87
0.868
0.867
0.866
0.865
0.864
0.862
0.861
0.86
0.858
0.857
0.856
0.854
0.853
0.852
0.85
0.849
0.848
0.846
0.845
0.843
0.842
0.84
0.839
0.837
0.836
0.834
0.833
0.831
0.83
0.828
0.826
0.825
0.823
0.822
0.82
0.818
0.817
0.815
0.813
0.811
0.81
0.808
0.806
0.804
0.803
0.801
0.799
0.797
0.795
0.794
0.792
0.79
0.788
0.786
0.784
0.782
0.78
0.778
0.776
0.775
0.773
0.771
0.769
0.767
0.765
0.763
0.76
0.758
0.756
0.754
0.752
0.75
0.748
0.746
0.744
0.742
0.74
0.737
0.735
0.733
0.731
0.729
0.726
0.724
0.722
0.72
0.717
0.715
0.713
0.711
0.708
0.706
0.704
0.701
0.699
0.697
0.694
0.692
0.69
0.687
0.685
0.682
0.68
0.678
0.675
0.673
0.67
0.668
0.665
0.663
0.66
0.658
0.655
0.653
0.65
0.648
0.645
0.643
0.64
0.638
0.635
0.633
0.63
0.627
0.625
0.622
0.62
0.617
0.614
0.612
0.609
0.606
0.604
0.601
0.598
0.596
0.593
0.59
0.587
0.585
0.582
0.579
0.576
0.574
0.571
0.568
0.565
0.563
0.56
0.557
0.554
0.551
0.549
0.546
0.543
0.54
0.537
0.534
0.532
0.529
0.526
0.523
0.52
0.517
0.514
0.511
0.508
0.506
0.503
0.5
0.497
0.494
0.491
0.488
0.485
0.482
0.479
0.476
0.473
0.47
0.467
0.464
0.461
0.458
0.455
0.452
0.449
0.446
0.443
0.44
0.437
0.434
0.431
0.428
0.425
0.422
0.419
0.415
0.412
0.409
0.406
0.403
0.4
0.398
0.396
0.394
0.391
0.389
0.387
0.385
0.383
0.381
0.378
0.376
0.374
0.372
0.37
0.368
0.366
0.364
0.361
0.359
0.357
0.355
0.353
0.351
0.349
0.347
0.345
0.343
0.341
0.339
0.337
0.335
0.333
0.331
0.329
0.327
0.325
0.323
0.321
0.319
0.317
0.316
0.314
0.312
0.31
0.308
0.307
0.305
0.303
0.302
0.3
0.299
0.297
0.295
0.294
0.292
0.291
0.29
0.288
0.287
0.285
0.284
0.283
0.282
0.28
0.279
0.278
0.277
0.276
0.275
0.274
0.273
0.272
0.271
0.27
0.27
0.269
0.268
0.267
0.267
0.266
0.266
0.265
0.265
0.264
0.264
0.264
0.263
0.263
0.263
0.263
0.263
0.263
0.263
0.263
0.263
0.263
0.263
0.264
0.264
0.264
0.265
0.265
0.266
0.266
0.267
0.268
0.269
0.269
0.27
0.271
0.272
0.274
0.275
0.276
0.277
0.279
0.28
0.281
0.283
0.285
0.286
0.288
0.29
0.292
0.294
0.296
0.298
0.3
0.302
0.305
0.307
0.309
0.312
0.315
0.317
0.32
0.323
0.326
0.329
0.332
0.335
0.338
0.342
0.345
0.349
0.352
0.356
0.36
0.363
0.367
0.371
0.375
0.38
0.384
0.388
0.393
0.397
0.402
0.406
0.411
0.416
0.421
0.426
0.431
0.436
0.442
0.447
0.453
0.458
0.464
0.47
0.476
0.482
0.488
0.494
0.501
0.507
0.514
0.52
0.527
0.534
0.541
0.548
0.555
0.562
0.569
0.577
0.585
0.592
0.6
0.61
0.62
0.63
0.64
0.65
0.661
0.671
0.681
0.692
0.702
0.713
0.723
0.734
0.744
0.755
0.765
0.776
0.786
0.796
0.807
0.817
0.827
0.837
0.847
0.857
0.867
0.877
0.886
0.896
0.905
0.914
0.923
0.932
0.941
0.949
0.957
0.965
0.973
0.981
0.988
0.996
1.003
1.009
1.016
1.022
1.028
1.033
1.039
1.043
1.048
1.053
1.057
1.06
1.064
1.067
1.069
1.071
1.073
1.075
1.076
1.076
1.077
1.077
1.076
1.075
1.073
1.071
1.069
1.066
1.063
1.059
1.054
1.049
1.044
1.038
1.032
1.024
1.017
1.009
1.0
0.975
0.949
0.923
0.897
0.87
0.843
0.816
0.788
0.761
0.734
0.707
0.679
0.653
0.626
0.6
0.588
0.576
0.564
0.553
0.542
0.532
0.522
0.513
0.503
0.495
0.486
0.478
0.471
0.464
0.457
0.45
0.444
0.438
0.433
0.427
0.423
0.418
0.414
0.41
0.406
0.403
0.4
0.397
0.395
0.393
0.391
0.389
0.388
0.387
0.386
0.385
0.385
0.385
0.385
0.385
0.386
0.386
0.387
0.389
0.39
0.391
0.393
0.395
0.397
0.399
0.402
0.404
0.407
0.41
0.413
0.416
0.419
0.423
0.426
0.43
0.433
0.437
0.441
0.445
0.449
0.453
0.458
0.462
0.466
0.471
0.475
0.48
0.484
0.489
0.493
0.498
0.503
0.508
0.512
0.517
0.522
0.526
0.531
0.536
0.54
0.545
0.55
0.554
0.559
0.563
0.568
0.572
0.576
0.58
0.584
0.588
0.592
0.596
0.6
0.605
0.61
0.615
0.619
0.624
0.628
0.632
0.637
0.641
0.645
0.649
0.653
0.656
0.66
0.663
0.667
0.67
0.673
0.676
0.679
0.682
0.685
0.688
0.691
0.693
0.696
0.698
0.7
0.702
0.705
0.707
0.708
0.71
0.712
0.714
0.715
0.717
0.718
0.719
0.72
0.722
0.723
0.723
0.724
0.725
0.726
0.726
0.727
0.727
0.725
0.723
0.721
0.719
0.716
0.714
0.711
0.709
0.706
0.704
0.701
0.698
0.696
0.693
0.69
0.687
0.684
0.682
0.679
0.676
0.673
0.67
0.667
0.664
0.662
0.659
0.656
0.653
0.65
0.648
0.645
0.642
0.64
0.637
0.635
0.632
0.63
0.627
0.625
0.623
0.621
0.619
0.617
0.615
0.613
0.611
0.61
0.608
0.607
0.606
0.605
0.604
0.603
0.602
0.601
0.601
0.6
0.6
0.6
0.602
0.605
0.608
0.611
0.614
0.617
0.62
0.623
0.627
0.631
0.634
0.638
0.642
0.646
0.651
0.655
0.659
0.664
0.669
0.673
0.678
0.683
0.688
0.693
0.698
0.704
0.709
0.714
0.72
0.725
0.731
0.737
0.742
0.748
0.754
0.76
0.766
0.772
0.778
0.784
0.79
0.796
0.802
0.809
0.815
0.821
0.827
0.834
0.84
0.846
0.853
0.859
0.865
0.872
0.878
0.884
0.89
0.897
0.903
0.909
0.915
0.922
0.928
0.934
0.94
0.946
0.952
0.958
0.964
0.97
0.976
0.982
0.988
0.993
0.999
1.004
1.01
1.015
1.021
1.026
1.031
1.036
1.041
1.046
1.051
1.056
1.061
1.065
1.07
1.074
1.079
1.083
1.087
1.091
1.095
1.098
1.102
1.105
1.109
1.112
1.115
1.118
1.121
1.123
1.126
1.128
1.13
1.132
1.134
1.136
1.137
1.139
1.14
1.141
1.142
1.142
1.143
1.143
1.143
1.143
1.143
1.143
1.142
1.141
1.14
1.139
1.137
1.136
1.134
1.132
1.129
1.127
1.124
1.121
1.118
1.114
1.111
1.107
1.103
1.098
1.093
1.089
1.083
1.078
1.072
1.066
1.06
1.053
1.047
1.04
1.032
1.025
1.017
1.008
1.0
0.982
0.963
0.944
0.925
0.906
0.887
0.867
0.848
0.829
0.81
0.79
0.771
0.753
0.734
0.716
0.698
0.68
0.663
0.646
0.63
0.614
0.598
0.584
0.569
0.556
0.543
0.531
0.52
0.51
0.5
0.506
0.513
0.521
0.53
0.539
0.55
0.56
0.572
0.584
0.596
0.609
0.623
0.637
0.651
0.665
0.68
0.696
0.711
0.726
0.742
0.758
0.774
0.789
0.805
0.821
0.836
0.852
0.867
0.882
0.897
0.911
0.925
0.939
0.952
0.965
0.977
0.989
1.0
0.998
0.995
0.992
0.988
0.983
0.978
0.972
0.966
0.959
0.952
0.944
0.936
0.927
0.918
0.909
0.899
0.888
0.877
0.866
0.855
0.843
0.83
0.818
0.805
0.792
0.778
0.764
0.75
0.736
0.722
0.707
0.692
0.677
0.662
0.646
0.631
0.615
0.599
0.584
0.568
0.552
0.536
0.519
0.503
0.487
0.471
0.455
0.439
0.423
0.407
0.391
0.375
0.363
0.351
0.339
0.327
0.315
0.304
0.293
0.281
0.271
0.26
0.249
0.239
0.229
0.219
0.209
0.2
0.191
0.182
0.174
0.166
0.158
0.15
0.143
0.136
0.13
0.124
0.118
0.113
0.108
0.104
0.099
0.096
0.093
0.09
0.088
0.086
0.085
0.084
0.084
0.084
0.085
0.086
0.088
0.091
0.094
0.097
0.102
0.107
0.112
0.118
0.125
0.149
0.174
0.199
0.225
0.251
0.278
0.305
0.332
0.36
0.389
0.417
0.446
0.475
0.504
0.534
0.564
0.593
0.623
0.653
0.683
0.712
0.742
0.772
0.801
0.83
0.859
0.888
0.917
0.945
0.973
1.0
1.011
1.021
1.03
1.04
1.048
1.057
1.065
1.073
1.08
1.087
1.093
1.099
1.105
1.11
1.115
1.12
1.124
1.128
1.132
1.135
1.138
1.141
1.143
1.145
1.147
1.148
1.149
1.149
1.15
1.15
1.15
1.149
1.148
1.147
1.146
1.144
1.142
1.14
1.138
1.135
1.132
1.129
1.126
1.122
1.118
1.114
1.11
1.105
1.1
1.095
1.09
1.085
1.079
1.074
1.068
1.061
1.055
1.049
1.042
1.035
1.028
1.021
1.014
1.006
0.999
0.991
0.983
0.975
0.967
0.959
0.95
0.942
0.933
0.924
0.916
0.907
0.898
0.889
0.88
0.87
0.861
0.852
0.842
0.833
0.823
0.813
0.804
0.794
0.784
0.775
0.765
0.755
0.745
0.735
0.725
0.715
0.706
0.696
0.686
0.676
0.666
0.656
0.646
0.637
0.627
0.617
0.607
0.598
0.588
0.579
0.569
0.56
0.55
0.541
0.532
0.523
0.514
0.505
0.496
0.487
0.478
0.47
0.461
0.453
0.445
0.437
0.429
0.421
0.413
0.406
0.398
0.391
0.384
0.377
0.37
0.364
0.357
0.351
0.345
0.339
0.333
0.332
0.331
0.33
0.33
0.329
0.329
0.329
0.329
0.329
0.33
0.33
0.331
0.332
0.333
0.335
0.336
0.338
0.34
0.342
0.344
0.346
0.349
0.352
0.355
0.358
0.361
0.364
0.368
0.371
0.375
0.379
0.383
0.388
0.392
0.397
0.401
0.406
0.411
0.416
0.422
0.427
0.433
0.438
0.444
0.45
0.456
0.463
0.469
0.476
0.482
0.489
0.496
0.503
0.51
0.517
0.525
0.532
0.54
0.548
0.555
0.563
0.571
0.584
0.597
0.61
0.623
0.636
0.649
0.662
0.675
0.688
0.701
0.714
0.722
0.73
0.737
0.744
0.752
0.759
0.766
0.774
0.781
0.788
0.795
0.802
0.808
0.815
0.822
0.829
0.835
0.842
0.848
0.854
0.86
0.867
0.873
0.879
0.885
0.89
0.896
0.902
0.907
0.913
0.918
0.924
0.929
0.934
0.939
0.944
0.949
0.954
0.959
0.963
0.968
0.972
0.977
0.981
0.985
0.989
0.993
0.997
1.001
1.005
1.008
1.012
1.015
1.018
1.022
1.025
1.028
1.031
1.033
1.036
1.039
1.041
1.044
1.046
1.048
1.05
1.052
1.054
1.056
1.057
1.059
1.06
1.062
1.063
1.064
1.065
1.066
1.067
1.067
1.068
1.068
1.069
1.069
1.069
1.069
1.069
1.068
1.068
1.067
1.067
1.066
1.065
1.064
1.063
1.061
1.06
1.058
1.057
1.055
1.053
1.051
1.049
1.046
1.044
1.041
1.039
1.036
1.033
1.03
1.027
1.023
1.02
1.016
1.012
1.008
1.004
1.0
0.988
0.976
0.964
0.952
0.94
0.927
0.915
0.902
0.89
0.877
0.864
0.851
0.839
0.826
0.813
0.8
0.79
0.781
0.771
0.762
0.752
0.743
0.733
0.724
0.714
0.705
0.695
0.686
0.677
0.667
0.658
0.649
0.64
0.631
0.622
0.613
0.604
0.595
0.587
0.578
0.57
0.561
0.553
0.545
0.536
0.528
0.52
0.513
0.505
0.497
0.49
0.483
0.475
0.468
0.461
0.454
0.448
0.441
0.435
0.429
0.422
0.417
0.411
0.405
0.4
0.394
0.389
0.384
0.38
0.375
0.371
0.367
0.363
0.359
0.356
0.352
0.349
0.346
0.344
0.341
0.339
0.337
0.335
0.334
0.332
0.331
0.33
0.33
0.33
0.33
0.33
0.33
0.331
0.332
0.333
0.344
0.355
0.366
0.378
0.389
0.401
0.413
0.425
0.438
0.45
0.463
0.476
0.488
0.501
0.514
0.527
0.54
0.553
0.566
0.579
0.592
0.604
0.617
0.63
0.642
0.654
0.667
0.673
0.68
0.687
0.693
0.699
0.705
0.711
0.717
0.722
0.728
0.733
0.738
0.743
0.747
0.752
0.757
0.761
0.765
0.769
0.773
0.777
0.78
0.784
0.787
0.79
0.793
0.796
0.799
0.801
0.804
0.806
0.808
0.81
0.812
0.814
0.815
0.817
0.818
0.82
0.821
0.822
0.823
0.823
0.824
0.824
0.825
0.825
0.825
0.825
0.825
0.825
0.825
0.824
0.824
0.823
0.822
0.821
0.82
0.819
0.818
0.817
0.815
0.814
0.812
0.81
0.808
0.806
0.804
0.802
0.8
0.793
0.786
0.779
0.773
0.765
0.758
0.751
0.744
0.737
0.73
0.722
0.715
0.708
0.701
0.693
0.686
0.679
0.672
0.665
0.658
0.651
0.644
0.638
0.631
0.625
0.618
0.612
0.606
0.6
0.597
0.594
0.592
0.589
0.587
0.585
0.582
0.581
0.579
0.577
0.575
0.574
0.572
0.571
0.57
0.569
0.568
0.567
0.566
0.565
0.565
0.564
0.564
0.563
0.563
0.562
0.562
0.562
0.562
0.562
0.561
0.561
0.561
0.561
0.561
0.561
0.561
0.561
0.561
0.561
0.561
0.561
0.561
0.561
0.561
0.561
0.561
0.561
0.561
0.561
0.561
0.56
0.56
0.56
0.559
0.559
0.558
0.557
0.557
0.556
0.555
0.554
0.553
0.552
0.551
0.55
0.548
0.547
0.545
0.543
0.541
0.539
0.537
0.535
0.532
0.53
0.527
0.524
0.521
0.518
0.515
0.511
0.508
0.504
0.5
0.492
0.484
0.475
0.467
0.458
0.449
0.441
0.432
0.423
0.414
0.404
0.395
0.386
0.377
0.367
0.358
0.349
0.34
0.331
0.321
0.312
0.303
0.294
0.286
0.282
0.279
0.276
0.272
0.269
0.266
0.264
0.261
0.258
0.256
0.253
0.251
0.249
0.247
0.245
0.243
0.242
0.24
0.238
0.237
0.236
0.235
0.233
0.232
0.232
0.231
0.23
0.23
0.229
0.229
0.228
0.228
0.228
0.228
0.228
0.229
0.229
0.229
0.23
0.23
0.231
0.232
0.233
0.234
0.235
0.236
0.237
0.239
0.24
0.242
0.243
0.245
0.247
0.249
0.251
0.253
0.255
0.257
0.26
0.262
0.264
0.267
0.27
0.272
0.275
0.278
0.281
0.284
0.287
0.291
0.294
0.297
0.301
0.304
0.308
0.312
0.316
0.32
0.323
0.327
0.332
0.336
0.34
0.344
0.349
0.353
0.358
0.362
0.367
0.372
0.377
0.381
0.386
0.391
0.397
0.402
0.407
0.412
0.418
0.423
0.429
0.439
0.45
0.46
0.471
0.482
0.493
0.504
0.515
0.526
0.537
0.548
0.559
0.57
0.582
0.593
0.604
0.616
0.627
0.638
0.65
0.661
0.673
0.684
0.696
0.708
0.719
0.731
0.743
0.754
0.766
0.778
0.789
0.801
0.813
0.824
0.836
0.848
0.86
0.871
0.883
0.895
0.907
0.918
0.93
0.942
0.953
0.965
0.977
0.988
1.0
1.006
1.012
1.018
1.023
1.029
1.035
1.04
1.046
1.052
1.057
1.063
1.068
1.073
1.079
1.084
1.089
1.094
1.099
1.104
1.109
1.113
1.118
1.122
1.127
1.131
1.135
1.139
1.143
1.147
1.151
1.154
1.158
1.161
1.164
1.167
1.17
1.173
1.175
1.178
1.18
1.182
1.184
1.186
1.187
1.189
1.19
1.191
1.192
1.193
1.193
1.193
1.193
1.193
1.193
1.192
1.192
1.191
1.189
1.188
1.186
1.184
1.182
1.18
1.177
1.174
1.171
1.168
1.164
1.16
1.156
1.151
1.147
1.142
1.136
1.131
1.125
1.119
1.112
1.106
1.098
1.091
1.083
1.075
1.067
1.059
1.05
1.04
1.031
1.021
1.011
1.0
0.977
0.954
0.931
0.907
0.883
0.859
0.834
0.81
0.785
0.76
0.735
0.71
0.685
0.659
0.634
0.609
0.584
0.559
0.534
0.509
0.484
0.459
0.435
0.411
0.387
0.363
0.339
0.316
0.293
0.27
0.248
0.226
0.205
0.184
0.163
0.143
0.138
0.133
0.129
0.126
0.123
0.12
0.118
0.116
0.115
0.114
0.114
0.114
0.114
0.115
0.116
0.118
0.119
0.122
0.124
0.127
0.13
0.134
0.138
0.142
0.146
0.151
0.156
0.161
0.167
0.172
0.178
0.184
0.191
0.198
0.204
0.211
0.219
0.226
0.234
0.241
0.249
0.257
0.265
0.274
0.282
0.291
0.299
0.308
0.317
0.325
0.334
0.343
0.352
0.361
0.37
0.379
0.389
0.398
0.407
0.416
0.425
0.434
0.443
0.452
0.461
0.469
0.478
0.487
0.495
0.504
0.512
0.52
0.528
0.536
0.544
0.552
0.559
0.566
0.574
0.58
0.587
0.594
0.6
0.604
0.607
0.61
0.614
0.616
0.619
0.622
0.624
0.626
0.628
0.63
0.631
0.633
0.634
0.635
0.636
0.637
0.638
0.639
0.64
0.64
0.64
0.641
0.641
0.641
0.641
0.641
0.641
0.641
0.641
0.64
0.64
0.64
0.64
0.639
0.639
0.639
0.638
0.638
0.638
0.637
0.637
0.637
0.637
0.636
0.636
0.637
0.638
0.639
0.64
0.641
0.642
0.644
0.645
0.646
0.647
0.649
0.65
0.652
0.653
0.655
0.656
0.658
0.66
0.662
0.663
0.665
0.667
0.669
0.671
0.673
0.675
0.677
0.679
0.681
0.684
0.686
0.688
0.69
0.693
0.695
0.697
0.7
0.702
0.705
0.707
0.71
0.713
0.715
0.718
0.72
0.723
0.726
0.729
0.731
0.734
0.737
0.74
0.743
0.746
0.749
0.751
0.754
0.757
0.76
0.763
0.766
0.769
0.772
0.776
0.779
0.782
0.785
0.788
0.791
0.794
0.797
0.801
0.804
0.807
0.81
0.813
0.817
0.82
0.823
0.826
0.829
0.833
0.836
0.839
0.842
0.846
0.849
0.852
0.855
0.859
0.862
0.865
0.868
0.872
0.875
0.878
0.881
0.884
0.888
0.891
0.894
0.897
0.9
0.904
0.907
0.91
0.913
0.916
0.919
0.922
0.925
0.928
0.931
0.934
0.937
0.94
0.943
0.946
0.949
0.952
0.955
0.958
0.961
0.963
0.966
0.969
0.972
0.974
0.977
0.98
0.982
0.985
0.988
0.99
0.993
0.995
0.998
1.0
1.001
1.002
1.003
1.004
1.004
1.005
1.005
1.004
1.004
1.003
1.002
1.0
0.992
0.984
0.975
0.966
0.956
0.946
0.936
0.925
0.914
0.903
0.892
0.88
0.868
0.856
0.844
0.831
0.819
0.806
0.794
0.781
0.768
0.755
0.743
0.73
0.718
0.705
0.693
0.68
0.668
0.656
0.645
0.633
0.622
0.611
0.6
0.592
0.585
0.578
0.571
0.565
0.558
0.552
0.546
0.541
0.535
0.53
0.525
0.519
0.514
0.51
0.505
0.5
0.498
0.496
0.494
0.493
0.491
0.489
0.487
0.486
0.484
0.483
0.481
0.48
0.478
0.477
0.476
0.475
0.473
0.472
0.471
0.47
0.469
0.468
0.467
0.466
0.465
0.464
0.463
0.462
0.462
0.461
0.46
0.46
0.459
0.458
0.458
0.457
0.457
0.456
0.456
0.455
0.455
0.454
0.454
0.454
0.453
0.453
0.453
0.452
0.452
0.452
0.452
0.452
0.451
0.451
0.451
0.451
0.451
0.451
0.451
0.451
0.451
0.451
0.451
0.451
0.451
0.451
0.451
0.451
0.451
0.451
0.451
0.451
0.452
0.452
0.452
0.452
0.452
0.452
0.452
0.453
0.453
0.453
0.453
0.453
0.453
0.454
0.454
0.454
0.454
0.454
0.454
0.454
0.455
0.455
0.455
0.455
0.455
0.455
0.455
0.455
0.455
0.456
0.456
0.456
0.456
0.456
0.456
0.456
0.456
0.456
0.456
0.456
0.456
0.456
0.455
0.455
0.455
0.455
0.455
0.455
0.455
0.455
0.455
0.456
0.456
0.456
0.457
0.457
0.457
0.458
0.458
0.458
0.459
0.459
0.459
0.46
0.46
0.46
0.461
0.461
0.461
0.462
0.462
0.463
0.463
0.464
0.465
0.465
0.466
0.467
0.467
0.468
0.469
0.47
0.471
0.472
0.473
0.474
0.475
0.477
0.478
0.479
0.481
0.482
0.484
0.486
0.488
0.489
0.491
0.493
0.495
0.498
0.5
0.505
0.511
0.516
0.521
0.527
0.533
0.538
0.544
0.55
0.556
0.562
0.568
0.574
0.581
0.587
0.593
0.6
0.606
0.613
0.619
0.626
0.632
0.639
0.646
0.652
0.659
0.666
0.673
0.68
0.686
0.693
0.7
0.707
0.714
0.721
0.728
0.735
0.742
0.749
0.756
0.763
0.769
0.776
0.783
0.79
0.797
0.804
0.811
0.817
0.824
0.831
0.837
0.844
0.851
0.857
0.86
0.862
0.865
0.867
0.87
0.872
0.875
0.877
0.879
0.881
0.884
0.886
0.888
0.89
0.892
0.894
0.896
0.897
0.899
0.901
0.903
0.904
0.906
0.907
0.909
0.91
0.912
0.913
0.914
0.916
0.917
0.918
0.919
0.92
0.921
0.922
0.923
0.924
0.925
0.925
0.926
0.927
0.927
0.928
0.929
0.929
0.929
0.93
0.93
0.93
0.931
0.931
0.931
0.931
0.931
0.931
0.931
0.931
0.931
0.931
0.93
0.93
0.93
0.929
0.929
0.928
0.928
0.927
0.927
0.926
0.925
0.924
0.923
0.923
0.922
0.921
0.92
0.918
0.917
0.916
0.915
0.914
0.912
0.911
0.909
0.908
0.906
0.905
0.903
0.901
0.9
0.898
0.896
0.894
0.892
0.89
0.888
0.886
0.884
0.882
0.879
0.877
0.875
0.872
0.87
0.867
0.865
0.862
0.86
0.857
0.854
0.851
0.849
0.846
0.843
0.84
0.837
0.833
0.83
0.827
0.824
0.821
0.817
0.814
0.81
0.807
0.803
0.8
0.796
0.792
0.788
0.785
0.781
0.777
0.773
0.769
0.765
0.76
0.756
0.752
0.748
0.743
0.739
0.734
0.73
0.725
0.721
0.716
0.711
0.707
0.702
0.697
0.692
0.687
0.682
0.677
0.672
0.667
0.66
0.653
0.646
0.639
0.633
0.626
0.619
0.612
0.605
0.598
0.591
0.584
0.576
0.569
0.562
0.555
0.548
0.541
0.534
0.527
0.52
0.513
0.506
0.499
0.492
0.485
0.478
0.471
0.465
0.458
0.451
0.445
0.438
0.432
0.425
0.419
0.413
0.407
0.401
0.395
0.389
0.383
0.377
0.371
0.366
0.361
0.355
0.35
0.345
0.34
0.335
0.331
0.326
0.322
0.317
0.313
0.309
0.305
0.302
0.298
0.295
0.291
0.288
0.286
0.283
0.28
0.278
0.276
0.274
0.272
0.271
0.269
0.268
0.267
0.266
0.266
0.265
0.265
0.265
0.266
0.266
0.267
0.268
0.27
0.271
0.273
0.275
0.277
0.28
0.283
0.286
0.298
0.31
0.322
0.335
0.348
0.361
0.374
0.388
0.401
0.415
0.429
0.443
0.458
0.472
0.487
0.502
0.517
0.532
0.547
0.562
0.577
0.592
0.607
0.622
0.637
0.652
0.667
0.682
0.697
0.712
0.727
0.742
0.757
0.771
0.786
0.8
0.815
0.829
0.843
0.857
0.871
0.884
0.898
0.911
0.925
0.938
0.951
0.963
0.976
0.988
1.0
1.004
1.008
1.011
1.014
1.017
1.02
1.023
1.025
1.027
1.029
1.031
1.033
1.034
1.035
1.036
1.037
1.038
1.038
1.039
1.039
1.039
1.039
1.039
1.038
1.038
1.037
1.036
1.036
1.034
1.033
1.032
1.03
1.029
1.027
1.025
1.023
1.021
1.019
1.017
1.015
1.012
1.01
1.007
1.005
1.002
0.999
0.996
0.993
0.99
0.987
0.984
0.981
0.977
0.974
0.971
0.967
0.964
0.96
0.957
0.953
0.949
0.946
0.942
0.939
0.935
0.931
0.928
0.924
0.92
0.916
0.913
0.909
0.905
0.902
0.898
0.895
0.891
0.887
0.884
0.88
0.877
0.873
0.87
0.867
0.864
0.86
0.857
0.854
0.85
0.847
0.843
0.84
0.837
0.834
0.831
0.828
0.825
0.822
0.819
0.816
0.813
0.81
0.807
0.805
0.802
0.799
0.797
0.794
0.792
0.789
0.787
0.784
0.782
0.78
0.777
0.775
0.773
0.77
0.768
0.766
0.764
0.762
0.759
0.757
0.755
0.753
0.751
0.749
0.747
0.745
0.743
0.741
0.739
0.737
0.735
0.733
0.731
0.729
0.727
0.725
0.723
0.721
0.718
0.716
0.714
0.712
0.71
0.708
0.706
0.704
0.702
0.7
0.698
0.695
0.693
0.691
0.689
0.686
0.684
0.682
0.68
0.677
0.675
0.672
0.67
0.667
0.665
0.662
0.66
0.657
0.654
0.652
0.649
0.646
0.643
0.64
0.637
0.634
0.631
0.628
0.625
0.623
0.62
0.618
0.615
0.613
0.611
0.608
0.606
0.604
0.601
0.599
0.597
0.595
0.594
0.592
0.591
0.589
0.588
0.587
0.587
0.586
0.586
0.586
0.586
0.587
0.588
0.589
0.59
0.592
0.594
0.597
0.6
0.609
0.618
0.627
0.637
0.647
0.658
0.668
0.679
0.69
0.701
0.713
0.724
0.736
0.747
0.759
0.771
0.783
0.794
0.806
0.818
0.829
0.841
0.852
0.863
0.874
0.885
0.896
0.906
0.916
0.925
0.935
0.944
0.952
0.961
0.968
0.976
0.983
0.989
0.995
1.0
0.997
0.993
0.988
0.984
0.978
0.972
0.966
0.959
0.952
0.945
0.937
0.93
0.921
0.913
0.904
0.895
0.886
0.877
0.868
0.858
0.849
0.839
0.83
0.82
0.811
0.801
0.792
0.783
0.773
0.765
0.756
0.747
0.739
0.731
0.723
0.716
0.708
0.702
0.695
0.689
0.684
0.679
0.674
0.67
0.667
0.664
0.661
0.66
0.658
0.658
0.658
0.659
0.661
0.663
0.667
0.682
0.699
0.716
0.733
0.751
0.768
0.786
0.804
0.822
0.84
0.857
0.873
0.889
0.891
0.893
0.894
0.895
0.894
0.893
0.892
0.889
0.887
0.883
0.879
0.874
0.869
0.864
0.857
0.851
0.844
0.836
0.828
0.82
0.811
0.802
0.793
0.784
0.774
0.764
0.753
0.743
0.732
0.721
0.71
0.699
0.687
0.676
0.665
0.653
0.642
0.63
0.619
0.607
0.596
0.584
0.573
0.562
0.551
0.54
0.53
0.519
0.509
0.499
0.49
0.48
0.472
0.463
0.455
0.45
0.447
0.443
0.44
0.438
0.435
0.433
0.432
0.43
0.429
0.428
0.427
0.427
0.427
0.426
0.427
0.427
0.427
0.428
0.429
0.43
0.431
0.432
0.433
0.434
0.436
0.437
0.439
0.44
0.442
0.443
0.445
0.446
0.448
0.449
0.451
0.452
0.453
0.454
0.455
0.456
0.457
0.458
0.458
0.458
0.459
0.458
0.458
0.458
0.457
0.456
0.455
0.453
0.452
0.449
0.447
0.444
0.439
0.434
0.428
0.422
0.416
0.409
0.403
0.396
0.389
0.382
0.375
0.368
0.36
0.353
0.346
0.339
0.332
0.325
0.318
0.311
0.304
0.298
0.292
0.286
0.28
0.275
0.269
0.265
0.26
0.256
0.253
0.249
0.247
0.244
0.243
0.241
0.241
0.241
0.241
0.242
0.244
0.247
0.25
0.266
0.283
0.301
0.319
0.338
0.357
0.377
0.397
0.418
0.439
0.46
0.481
0.503
0.525
0.546
0.568
0.59
0.612
0.634
0.656
0.677
0.699
0.72
0.741
0.761
0.781
0.801
0.82
0.839
0.857
0.864
0.871
0.877
0.882
0.887
0.892
0.896
0.899
0.902
0.904
0.907
0.908
0.909
0.91
0.911
0.911
0.91
0.91
0.909
0.908
0.906
0.905
0.903
0.9
0.898
0.895
0.893
0.89
0.887
0.883
0.88
0.877
0.873
0.869
0.866
0.862
0.858
0.855
0.851
0.847
0.844
0.84
0.837
0.833
0.83
0.826
0.823
0.819
0.816
0.813
0.81
0.807
0.804
0.801
0.798
0.796
0.793
0.791
0.789
0.786
0.784
0.782
0.78
0.778
0.777
0.775
0.773
0.772
0.77
0.769
0.767
0.766
0.765
0.763
0.762
0.761
0.76
0.759
0.759
0.758
0.757
0.756
0.756
0.755
0.754
0.754
0.753
0.753
0.752
0.752
0.752
0.751
0.751
0.751
0.751
0.751
0.75
0.75
0.75
0.75
0.75
0.75
0.75
0.75
0.751
0.753
0.754
0.755
0.756
0.758
0.759
0.76
0.762
0.763
0.764
0.766
0.767
0.769
0.77
0.771
0.773
0.774
0.776
0.777
0.778
0.78
0.781
0.783
0.784
0.786
0.787
0.788
0.79
0.791
0.793
0.794
0.796
0.797
0.798
0.8
0.801
0.803
0.804
0.806
0.807
0.808
0.81
0.811
0.812
0.814
0.815
0.816
0.818
0.819
0.82
0.822
0.823
0.824
0.825
0.826
0.828
0.829
0.83
0.831
0.832
0.833
0.835
0.836
0.837
0.838
0.839
0.84
0.841
0.842
0.843
0.843
0.844
0.845
0.846
0.847
0.848
0.848
0.849
0.85
0.851
0.851
0.852
0.852
0.853
0.853
0.854
0.854
0.855
0.855
0.856
0.856
0.856
0.856
0.857
0.857
0.857
0.857
0.856
0.855
0.854
0.853
0.851
0.85
0.849
0.847
0.846
0.845
0.843
0.842
0.841
0.839
0.838
0.836
0.835
0.833
0.832
0.831
0.829
0.828
0.826
0.825
0.823
0.822
0.821
0.819
0.818
0.816
0.815
0.814
0.813
0.811
0.81
0.809
0.808
0.807
0.806
0.805
0.804
0.803
0.802
0.801
0.8
0.801
0.802
0.802
0.803
0.804
0.806
0.807
0.808
0.81
0.811
0.813
0.815
0.817
0.819
0.822
0.824
0.827
0.83
0.833
0.835
0.837
0.839
0.842
0.844
0.847
0.849
0.852
0.855
0.858
0.861
0.864
0.866
0.869
0.872
0.875
0.877
0.88
0.882
0.884
0.886
0.888
0.89
0.891
0.892
0.893
0.894
0.894
0.894
0.893
0.892
0.891
0.889
0.887
0.885
0.882
0.878
0.874
0.869
0.864
0.858
0.852
0.845
0.837
0.829
0.82
0.81
0.799
0.788
0.776
0.764
0.75
0.725
0.699
0.673
0.646
0.619
0.592
0.565
0.538
0.512
0.486
0.46
0.436
0.412
0.39
0.368
0.349
0.33
0.313
0.299
0.286
0.293
0.302
0.313
0.325
0.338
0.353
0.367
0.383
0.398
0.413
0.429
0.435
0.44
0.445
0.45
0.454
0.457
0.46
0.462
0.464
0.466
0.467
0.468
0.468
0.468
0.467
0.466
0.465
0.463
0.461
0.459
0.456
0.453
0.45
0.446
0.442
0.438
0.433
0.429
0.424
0.418
0.413
0.407
0.401
0.395
0.389
0.382
0.376
0.369
0.362
0.355
0.347
0.34
0.333
0.325
0.318
0.31
0.302
0.295
0.287
0.279
0.271
0.263
0.256
0.248
0.24
0.232
0.225
0.217
0.21
0.202
0.195
0.188
0.18
0.174
0.167
0.164
0.162
0.159
0.157
0.155
0.153
0.151
0.15
0.148
0.147
0.146
0.145
0.144
0.143
0.142
0.142
0.141
0.141
0.141
0.141
0.141
0.141
0.141
0.142
0.142
0.143
0.144
0.145
0.146
0.147
0.148
0.15
0.151
0.153
0.155
0.156
0.158
0.16
0.163
0.165
0.167
0.17
0.172
0.175
0.178
0.18
0.183
0.186
0.19
0.193
0.196
0.199
0.203
0.206
0.21
0.214
0.218
0.221
0.225
0.229
0.234
0.238
0.242
0.246
0.251
0.255
0.26
0.264
0.269
0.274
0.279
0.283
0.288
0.293
0.298
0.304
0.309
0.314
0.319
0.325
0.33
0.335
0.341
0.346
0.352
0.358
0.363
0.369
0.375
0.381
0.386
0.392
0.398
0.404
0.41
0.416
0.422
0.428
0.434
0.441
0.447
0.453
0.459
0.465
0.472
0.478
0.484
0.491
0.497
0.503
0.51
0.516
0.522
0.529
0.535
0.542
0.548
0.555
0.561
0.567
0.574
0.58
0.587
0.593
0.6
0.606
0.613
0.619
0.626
0.632
0.638
0.645
0.651
0.658
0.664
0.67
0.677
0.683
0.689
0.696
0.702
0.708
0.714
0.721
0.727
0.733
0.739
0.745
0.751
0.757
0.763
0.769
0.775
0.781
0.787
0.793
0.798
0.804
0.81
0.815
0.821
0.826
0.832
0.837
0.843
0.848
0.853
0.859
0.864
0.869
0.874
0.879
0.884
0.889
0.893
0.898
0.903
0.908
0.912
0.917
0.921
0.925
0.93
0.934
0.938
0.942
0.946
0.95
0.953
0.957
0.961
0.964
0.968
0.971
0.975
0.978
0.981
0.984
0.987
0.99
0.992
0.995
0.998
1.0
0.998
0.996
0.993
0.991
0.989
0.986
0.983
0.981
0.978
0.975
0.972
0.969
0.966
0.962
0.959
0.956
0.952
0.948
0.945
0.941
0.937
0.933
0.929
0.925
0.921
0.917
0.913
0.909
0.904
0.9
0.895
0.891
0.886
0.881
0.877
0.872
0.867
0.862
0.857
0.852
0.847
0.842
0.837
0.831
0.826
0.821
0.815
0.81
0.805
0.799
0.794
0.788
0.783
0.777
0.771
0.766
0.76
0.754
0.748
0.742
0.737
0.731
0.725
0.719
0.713
0.707
0.701
0.695
0.689
0.683
0.677
0.671
0.665
0.659
0.653
0.647
0.641
0.634
0.628
0.622
0.616
0.61
0.604
0.598
0.592
0.586
0.579
0.573
0.567
0.561
0.555
0.549
0.543
0.537
0.531
0.525
0.519
0.513
0.507
0.501
0.495
0.489
0.483
0.478
0.472
0.466
0.46
0.455
0.449
0.443
0.438
0.432
0.426
0.421
0.415
0.41
0.405
0.399
0.394
0.389
0.383
0.378
0.373
0.368
0.363
0.358
0.353
0.348
0.344
0.339
0.334
0.329
0.325
0.32
0.316
0.312
0.307
0.303
0.299
0.295
0.291
0.287
0.283
0.279
0.275
0.272
0.268
0.265
0.261
0.258
0.254
0.251
0.248
0.245
0.242
0.239
0.237
0.234
0.232
0.229
0.227
0.224
0.222
0.224
0.225
0.227
0.228
0.23
0.232
0.234
0.236
0.238
0.24
0.242
0.245
0.247
0.25
0.252
0.255
0.257
0.26
0.262
0.265
0.268
0.271
0.274
0.277
0.279
0.282
0.285
0.288
0.291
0.294
0.297
0.3
0.303
0.306
0.309
0.312
0.316
0.319
0.322
0.325
0.328
0.331
0.333
0.336
0.339
0.342
0.345
0.348
0.35
0.353
0.356
0.358
0.361
0.363
0.366
0.368
0.371
0.373
0.375
0.377
0.379
0.381
0.383
0.385
0.387
0.388
0.39
0.391
0.393
0.394
0.395
0.396
0.397
0.398
0.398
0.399
0.399
0.4
0.4
0.4
0.4
0.397
0.394
0.391
0.388
0.384
0.381
0.377
0.373
0.37
0.366
0.362
0.358
0.353
0.349
0.345
0.341
0.336
0.332
0.327
0.322
0.318
0.313
0.308
0.303
0.298
0.294
0.289
0.284
0.279
0.274
0.269
0.264
0.259
0.254
0.249
0.244
0.24
0.235
0.23
0.225
0.22
0.216
0.211
0.206
0.202
0.197
0.193
0.188
0.184
0.18
0.176
0.172
0.168
0.164
0.16
0.156
0.153
0.149
0.146
0.143
0.14
0.137
0.134
0.131
0.128
0.126
0.124
0.122
0.12
0.118
0.116
0.115
0.113
0.112
0.111
0.11
0.11
0.11
0.109
0.109
0.11
0.11
0.111
0.112
0.113
0.114
0.116
0.118
0.127
0.138
0.148
0.158
0.169
0.18
0.191
0.203
0.214
0.226
0.238
0.25
0.263
0.275
0.288
0.301
0.314
0.328
0.341
0.355
0.369
0.383
0.397
0.412
0.427
0.442
0.457
0.472
0.487
0.503
0.518
0.533
0.548
0.563
0.578
0.592
0.607
0.621
0.634
0.648
0.661
0.673
0.686
0.698
0.709
0.72
0.73
0.74
0.749
0.757
0.765
0.758
0.752
0.744
0.736
0.727
0.717
0.707
0.697
0.686
0.674
0.662
0.65
0.637
0.624
0.61
0.597
0.582
0.568
0.553
0.538
0.523
0.508
0.492
0.476
0.461
0.445
0.429
0.413
0.397
0.381
0.365
0.349
0.333
0.318
0.302
0.287
0.272
0.257
0.242
0.228
0.214
0.2
0.195
0.19
0.186
0.182
0.179
0.175
0.172
0.17
0.167
0.165
0.163
0.162
0.161
0.16
0.159
0.159
0.159
0.159
0.159
0.16
0.16
0.162
0.163
0.164
0.166
0.168
0.17
0.173
0.175
0.178
0.181
0.184
0.188
0.191
0.195
0.199
0.203
0.207
0.212
0.216
0.221
0.226
0.23
0.236
0.241
0.246
0.251
0.257
0.262
0.268
0.274
0.28
0.286
0.292
0.298
0.304
0.31
0.317
0.323
0.329
0.336
0.342
0.349
0.355
0.362
0.368
0.375
0.381
0.388
0.395
0.401
0.408
0.414
0.421
0.427
0.434
0.44
0.446
0.453
0.459
0.465
0.471
0.477
0.483
0.489
0.495
0.501
0.506
0.512
0.517
0.523
0.528
0.533
0.538
0.543
0.547
0.552
0.556
0.561
0.565
0.569
0.572
0.576
0.579
0.583
0.586
0.589
0.591
0.594
0.596
0.598
0.6
0.599
0.597
0.596
0.594
0.592
0.59
0.588
0.585
0.582
0.58
0.577
0.574
0.57
0.567
0.564
0.56
0.557
0.553
0.549
0.545
0.541
0.537
0.533
0.529
0.525
0.521
0.517
0.513
0.509
0.505
0.501
0.497
0.493
0.489
0.486
0.482
0.478
0.475
0.471
0.468
0.464
0.461
0.458
0.455
0.452
0.45
0.447
0.445
0.443
0.441
0.439
0.437
0.436
0.435
0.434
0.433
0.432
0.432
0.432
0.432
0.433
0.434
0.435
0.436
0.438
0.44
0.442
0.445
0.448
0.451
0.455
0.464
0.474
0.484
0.495
0.505
0.516
0.527
0.539
0.55
0.562
0.573
0.585
0.597
0.609
0.62
0.632
0.644
0.655
0.667
0.678
0.689
0.7
0.711
0.721
0.731
0.741
0.75
0.759
0.768
0.776
0.784
0.792
0.798
0.805
0.811
0.816
0.82
0.824
0.828
0.83
0.832
0.833
0.819
0.804
0.788
0.771
0.754
0.736
0.717
0.698
0.679
0.659
0.639
0.618
0.597
0.575
0.553
0.531
0.509
0.486
0.463
0.441
0.418
0.394
0.371
0.348
0.325
0.302
0.279
0.256
0.234
0.211
0.189
0.167
0.157
0.147
0.138
0.129
0.12
0.111
0.103
0.095
0.087
0.08
0.072
0.065
0.059
0.052
0.046
0.04
0.034
0.029
0.023
0.018
0.014
0.009
0.005
0.001
-0.003
-0.007
-0.01
-0.013
-0.016
-0.019
-0.021
-0.024
-0.026
-0.028
-0.029
-0.031
-0.032
-0.033
-0.034
-0.035
-0.035
-0.036
-0.036
-0.036
-0.036
-0.035
-0.035
-0.034
-0.033
-0.032
-0.03
-0.029
-0.027
-0.026
-0.024
-0.022
-0.019
-0.017
-0.014
-0.012
-0.009
-0.006
-0.003
0.001
0.004
0.007
0.011
0.015
0.019
0.023
0.027
0.031
0.036
0.04
0.045
0.05
0.055
0.06
0.065
0.07
0.075
0.08
0.086
0.091
0.097
0.103
0.109
0.115
0.121
0.127
0.133
0.139
0.145
0.152
0.158
0.165
0.171
0.178
0.185
0.191
0.198
0.205
0.212
0.219
0.226
0.233
0.24
0.247
0.254
0.261
0.269
0.276
0.283
0.29
0.298
0.305
0.312
0.32
0.327
0.335
0.342
0.349
0.357
0.364
0.372
0.379
0.386
0.394
0.401
0.409
0.416
0.423
0.431
0.438
0.445
0.453
0.46
0.467
0.474
0.481
0.488
0.495
0.502
0.509
0.516
0.523
0.53
0.537
0.544
0.55
0.557
0.563
0.57
0.576
0.583
0.589
0.595
0.601
0.607
0.613
0.619
0.625
0.629
0.634
0.638
0.642
0.645
0.649
0.653
0.656
0.66
0.663
0.666
0.669
0.671
0.674
0.676
0.678
0.68
0.682
0.683
0.684
0.685
0.686
0.687
0.687
0.687
0.686
0.686
0.685
0.684
0.682
0.68
0.678
0.676
0.673
0.67
0.666
0.663
0.658
0.654
0.649
0.643
0.638
0.632
0.625
0.615
0.605
0.595
0.584
0.573
0.562
0.551
0.54
0.529
0.518
0.507
0.496
0.485
0.475
0.465
0.456
0.447
0.439
0.431
0.423
0.417
0.411
0.406
0.402
0.399
0.397
0.395
0.395
0.396
0.398
0.402
0.406
0.412
0.42
0.429
0.458
0.489
0.521
0.554
0.588
0.622
0.656
0.691
0.725
0.759
0.793
0.825
0.857
0.87
0.882
0.892
0.902
0.911
0.918
0.925
0.93
0.935
0.939
0.942
0.944
0.945
0.945
0.945
0.944
0.942
0.94
0.937
0.934
0.929
0.925
0.92
0.914
0.908
0.902
0.895
0.888
0.88
0.872
0.864
0.856
0.848
0.839
0.83
0.821
0.812
0.803
0.794
0.785
0.776
0.767
0.759
0.75
0.741
0.732
0.724
0.715
0.707
0.699
0.691
0.684
0.676
0.669
0.661
0.654
0.647
0.64
0.634
0.627
0.621
0.615
0.609
0.603
0.597
0.592
0.586
0.581
0.576
0.571
0.566
0.562
0.557
0.553
0.549
0.545
0.541
0.537
0.533
0.53
0.526
0.523
0.52
0.517
0.514
0.512
0.509
0.507
0.505
0.502
0.5
0.499
0.497
0.495
0.494
0.493
0.491
0.49
0.489
0.489
0.488
0.487
0.487
0.487
0.486
0.486
0.487
0.487
0.487
0.487
0.488
0.489
0.489
0.49
0.491
0.493
0.494
0.495
0.497
0.498
0.5
0.508
0.516
0.524
0.532
0.54
0.549
0.557
0.565
0.574
0.583
0.591
0.6
0.609
0.618
0.627
0.636
0.645
0.654
0.663
0.673
0.682
0.691
0.7
0.71
0.719
0.728
0.738
0.747
0.756
0.766
0.775
0.784
0.793
0.803
0.812
0.821
0.83
0.839
0.848
0.858
0.867
0.875
0.884
0.893
0.902
0.911
0.919
0.928
0.936
0.944
0.953
0.961
0.969
0.977
0.985
0.992
1.0
1.002
1.004
1.005
1.007
1.008
1.009
1.01
1.012
1.012
1.013
1.014
1.015
1.015
1.016
1.016
1.016
1.016
1.016
1.016
1.016
1.015
1.015
1.015
1.014
1.013
1.013
1.012
1.011
1.01
1.009
1.007
1.006
1.005
1.003
1.002
1.0
0.999
0.997
0.995
0.993
0.991
0.989
0.987
0.985
0.983
0.98
0.978
0.976
0.973
0.97
0.968
0.965
0.962
0.96
0.957
0.954
0.951
0.948
0.945
0.942
0.939
0.935
0.932
0.929
0.926
0.922
0.919
0.915
0.912
0.908
0.905
0.901
0.897
0.894
0.89
0.886
0.883
0.879
0.875
0.871
0.867
0.863
0.86
0.856
0.852
0.848
0.844
0.84
0.836
0.832
0.828
0.824
0.82
0.815
0.811
0.807
0.803
0.799
0.795
0.791
0.787
0.783
0.779
0.775
0.771
0.766
0.762
0.758
0.754
0.75
0.746
0.742
0.738
0.734
0.73
0.726
0.722
0.719
0.715
0.711
0.707
0.703
0.699
0.696
0.692
0.688
0.684
0.681
0.677
0.674
0.67
0.667
0.664
0.661
0.659
0.656
0.654
0.651
0.649
0.647
0.644
0.642
0.64
0.638
0.635
0.633
0.631
0.629
0.627
0.625
0.623
0.622
0.62
0.618
0.616
0.615
0.613
0.612
0.61
0.609
0.607
0.606
0.604
0.603
0.602
0.601
0.6
0.599
0.598
0.597
0.596
0.595
0.594
0.593
0.593
0.592
0.591
0.591
0.59
0.59
0.59
0.589
0.589
0.589
0.589
0.589
0.589
0.589
0.589
0.589
0.589
0.589
0.59
0.59
0.591
0.591
0.592
0.592
0.593
0.594
0.595
0.596
0.597
0.598
0.599
0.6
0.603
0.607
0.611
0.614
0.618
0.622
0.625
0.629
0.633
0.637
0.641
0.645
0.649
0.653
0.657
0.661
0.664
0.668
0.672
0.676
0.68
0.684
0.688
0.692
0.695
0.699
0.703
0.707
0.71
0.714
0.717
0.721
0.724
0.727
0.73
0.733
0.736
0.739
0.742
0.745
0.747
0.75
0.749
0.747
0.746
0.744
0.742
0.741
0.739
0.737
0.734
0.732
0.73
0.727
0.725
0.722
0.72
0.717
0.714
0.711
0.708
0.705
0.702
0.698
0.695
0.692
0.688
0.685
0.681
0.677
0.674
0.67
0.666
0.662
0.658
0.654
0.65
0.646
0.642
0.638
0.633
0.629
0.625
0.62
0.616
0.612
0.607
0.603
0.598
0.593
0.589
0.584
0.58
0.575
0.57
0.566
0.561
0.556
0.551
0.547
0.542
0.537
0.532
0.528
0.523
0.518
0.513
0.508
0.504
0.499
0.494
0.489
0.485
0.48
0.475
0.471
0.466
0.461
0.457
0.452
0.448
0.443
0.439
0.434
0.43
0.425
0.421
0.417
0.413
0.408
0.404
0.4
0.396
0.392
0.388
0.384
0.38
0.376
0.373
0.369
0.365
0.362
0.358
0.355
0.352
0.348
0.345
0.342
0.339
0.336
0.333
0.335
0.337
0.339
0.341
0.343
0.346
0.348
0.351
0.353
0.356
0.358
0.361
0.364
0.367
0.37
0.373
0.376
0.379
0.382
0.386
0.389
0.393
0.396
0.4
0.404
0.407
0.411
0.415
0.419
0.423
0.427
0.431
0.436
0.44
0.444
0.449
0.453
0.458
0.462
0.467
0.472
0.476
0.481
0.486
0.491
0.496
0.501
0.506
0.512
0.517
0.522
0.527
0.533
0.538
0.544
0.549
0.555
0.561
0.566
0.572
0.578
0.584
0.59
0.596
0.602
0.608
0.614
0.62
0.626
0.632
0.639
0.645
0.651
0.658
0.664
0.671
0.677
0.684
0.69
0.697
0.703
0.71
0.717
0.724
0.73
0.737
0.744
0.751
0.758
0.765
0.772
0.779
0.786
0.793
0.8
0.807
0.814
0.821
0.829
0.836
0.843
0.85
0.858
0.865
0.872
0.88
0.887
0.895
0.902
0.909
0.917
0.924
0.932
0.939
0.947
0.954
0.962
0.97
0.977
0.985
0.992
1.0
1.004
1.008
1.012
1.016
1.021
1.025
1.029
1.033
1.037
1.041
1.045
1.049
1.053
1.056
1.06
1.064
1.067
1.071
1.075
1.078
1.081
1.085
1.088
1.091
1.094
1.097
1.099
1.102
1.105
1.107
1.109
1.111
1.113
1.115
1.117
1.118
1.12
1.121
1.122
1.123
1.124
1.124
1.124
1.125
1.125
1.124
1.124
1.123
1.122
1.121
1.12
1.118
1.117
1.114
1.112
1.11
1.107
1.104
1.101
1.097
1.093
1.089
1.085
1.08
1.075
1.07
1.064
1.059
1.052
1.046
1.039
1.032
1.025
1.017
1.009
1.0
0.991
0.982
0.973
0.963
0.953
0.942
0.931
0.92
0.908
0.896
0.883
0.87
0.857
0.834
0.81
0.786
0.762
0.738
0.713
0.689
0.665
0.64
0.617
0.593
0.57
0.547
0.525
0.503
0.482
0.462
0.442
0.423
0.406
0.389
0.373
0.359
0.345
0.333
0.34
0.349
0.358
0.369
0.38
0.393
0.406
0.42
0.435
0.45
0.466
0.483
0.499
0.516
0.533
0.551
0.568
0.585
0.602
0.619
0.635
0.651
0.667
0.673
0.678
0.683
0.688
0.692
0.695
0.698
0.7
0.702
0.704
0.705
0.705
0.706
0.705
0.705
0.704
0.702
0.7
0.698
0.696
0.693
0.69
0.687
0.683
0.679
0.675
0.67
0.666
0.661
0.655
0.65
0.645
0.639
0.633
0.627
0.621
0.615
0.609
0.602
0.596
0.589
0.582
0.576
0.569
0.562
0.556
0.549
0.542
0.536
0.529
0.523
0.516
0.51
0.503
0.497
0.491
0.485
0.48
0.474
0.469
0.463
0.458
0.454
0.449
0.445
0.441
0.437
0.433
0.43
0.427
0.425
0.422
0.42
0.419
0.418
0.417
0.416
0.416
0.417
0.423
0.429
0.436
0.444
0.451
0.459
0.467
0.475
0.483
0.492
0.5
0.508
0.516
0.524
0.531
0.539
0.547
0.555
0.563
0.571
0.578
0.586
0.594
0.602
0.61
0.617
0.625
0.633
0.64
0.648
0.656
0.663
0.671
0.678
0.686
0.693
0.701
0.708
0.716
0.723
0.73
0.738
0.745
0.752
0.759
0.766
0.773
0.78
0.787
0.794
0.801
0.808
0.814
0.821
0.828
0.834
0.841
0.847
0.853
0.859
0.866
0.872
0.878
0.884
0.89
0.895
0.901
0.907
0.912
0.918
0.923
0.928
0.934
0.939
0.944
0.949
0.954
0.958
0.963
0.968
0.972
0.976
0.98
0.985
0.989
0.993
0.996
1.0
0.998
0.996
0.993
0.991
0.988
0.985
0.982
0.98
0.977
0.973
0.97
0.967
0.963
0.96
0.956
0.952
0.949
0.945
0.941
0.937
0.932
0.928
0.924
0.919
0.915
0.91
0.906
0.901
0.896
0.891
0.886
0.881
0.876
0.871
0.865
0.86
0.855
0.849
0.844
0.838
0.832
0.827
0.821
0.815
0.809
0.803
0.797
0.791
0.785
0.779
0.772
0.766
0.76
0.753
0.747
0.74
0.734
0.727
0.721
0.714
0.707
0.701
0.694
0.687
0.68
0.674
0.667
0.659
0.652
0.645
0.638
0.63
0.623
0.616
0.608
0.601
0.594
0.586
0.579
0.572
0.565
0.558
0.55
0.543
0.536
0.529
0.522
0.515
0.508
0.502
0.495
0.488
0.482
0.475
0.469
0.462
0.456
0.45
0.444
0.438
0.432
0.426
0.421
0.415
0.41
0.405
0.399
0.394
0.39
0.385
0.38
0.376
0.372
0.368
0.364
0.36
0.357
0.353
0.35
0.347
0.344
0.342
0.339
0.337
0.335
0.333
0.339
0.344
0.35
0.356
0.362
0.369
0.375
0.382
0.389
0.396
0.403
0.411
0.418
0.426
0.434
0.442
0.45
0.458
0.466
0.475
0.483
0.492
0.501
0.51
0.519
0.528
0.537
0.546
0.555
0.565
0.574
0.584
0.593
0.603
0.612
0.622
0.632
0.641
0.651
0.661
0.67
0.68
0.69
0.699
0.709
0.718
0.728
0.738
0.747
0.757
0.766
0.775
0.785
0.794
0.803
0.812
0.821
0.83
0.839
0.848
0.857
0.865
0.874
0.882
0.89
0.898
0.906
0.914
0.921
0.929
0.936
0.943
0.95
0.957
0.964
0.97
0.977
0.983
0.989
0.994
1.0
1.001
1.002
1.003
1.003
1.004
1.004
1.003
1.003
1.002
1.001
1.0
