1, 0.167;
2, 0.183;
3, 0.198;
4, 0.213;
5, 0.228;
6, 0.242;
7, 0.255;
8, 0.269;
9, 0.281;
10, 0.294;
11, 0.306;
12, 0.317;
13, 0.328;
14, 0.339;
15, 0.349;
16, 0.359;
17, 0.369;
18, 0.378;
19, 0.387;
20, 0.395;
21, 0.403;
22, 0.411;
23, 0.419;
24, 0.426;
25, 0.433;
26, 0.44;
27, 0.446;
28, 0.452;
29, 0.458;
30, 0.464;
31, 0.469;
32, 0.474;
33, 0.479;
34, 0.483;
35, 0.488;
36, 0.492;
37, 0.496;
38, 0.5;
39, 0.499;
40, 0.498;
41, 0.497;
42, 0.496;
43, 0.494;
44, 0.493;
45, 0.491;
46, 0.489;
47, 0.487;
48, 0.485;
49, 0.483;
50, 0.481;
51, 0.478;
52, 0.476;
53, 0.474;
54, 0.471;
55, 0.468;
56, 0.466;
57, 0.463;
58, 0.461;
59, 0.458;
60, 0.456;
61, 0.453;
62, 0.45;
63, 0.448;
64, 0.445;
65, 0.443;
66, 0.44;
67, 0.438;
68, 0.436;
69, 0.434;
70, 0.431;
71, 0.429;
72, 0.427;
73, 0.426;
74, 0.424;
75, 0.422;
76, 0.421;
77, 0.42;
78, 0.419;
79, 0.418;
80, 0.417;
81, 0.416;
82, 0.416;
83, 0.416;
84, 0.416;
85, 0.416;
86, 0.416;
87, 0.417;
88, 0.418;
89, 0.419;
90, 0.421;
91, 0.422;
92, 0.424;
93, 0.426;
94, 0.429;
95, 0.432;
96, 0.435;
97, 0.438;
98, 0.442;
99, 0.446;
100, 0.451;
101, 0.456;
102, 0.461;
103, 0.466;
104, 0.472;
105, 0.479;
106, 0.485;
107, 0.492;
108, 0.5;
109, 0.515;
110, 0.531;
111, 0.547;
112, 0.563;
113, 0.579;
114, 0.595;
115, 0.611;
116, 0.627;
117, 0.643;
118, 0.658;
119, 0.673;
120, 0.688;
121, 0.702;
122, 0.715;
123, 0.727;
124, 0.739;
125, 0.75;
126, 0.748;
127, 0.745;
128, 0.741;
129, 0.736;
130, 0.731;
131, 0.724;
132, 0.717;
133, 0.71;
134, 0.701;
135, 0.692;
136, 0.683;
137, 0.673;
138, 0.663;
139, 0.652;
140, 0.641;
141, 0.63;
142, 0.618;
143, 0.607;
144, 0.595;
145, 0.583;
146, 0.571;
147, 0.559;
148, 0.547;
149, 0.535;
150, 0.523;
151, 0.511;
152, 0.5;
153, 0.493;
154, 0.486;
155, 0.48;
156, 0.474;
157, 0.468;
158, 0.462;
159, 0.457;
160, 0.452;
161, 0.447;
162, 0.442;
163, 0.437;
164, 0.433;
165, 0.429;
166, 0.425;
167, 0.422;
168, 0.418;
169, 0.415;
170, 0.412;
171, 0.409;
172, 0.406;
173, 0.404;
174, 0.401;
175, 0.399;
176, 0.397;
177, 0.396;
178, 0.394;
179, 0.393;
180, 0.391;
181, 0.39;
182, 0.389;
183, 0.388;
184, 0.387;
185, 0.387;
186, 0.386;
187, 0.386;
188, 0.386;
189, 0.386;
190, 0.386;
191, 0.386;
192, 0.386;
193, 0.387;
194, 0.387;
195, 0.388;
196, 0.388;
197, 0.389;
198, 0.39;
199, 0.391;
200, 0.392;
201, 0.393;
202, 0.394;
203, 0.395;
204, 0.396;
205, 0.398;
206, 0.399;
207, 0.4;
208, 0.402;
209, 0.403;
210, 0.405;
211, 0.406;
212, 0.408;
213, 0.41;
214, 0.411;
215, 0.413;
216, 0.414;
217, 0.416;
218, 0.418;
219, 0.419;
220, 0.421;
221, 0.423;
222, 0.424;
223, 0.426;
224, 0.427;
225, 0.429;
226, 0.431;
227, 0.432;
228, 0.434;
229, 0.435;
230, 0.436;
231, 0.438;
232, 0.439;
233, 0.44;
234, 0.441;
235, 0.442;
236, 0.443;
237, 0.444;
238, 0.445;
239, 0.446;
240, 0.447;
241, 0.447;
242, 0.448;
243, 0.448;
244, 0.449;
245, 0.449;
246, 0.449;
247, 0.449;
248, 0.449;
249, 0.449;
250, 0.448;
251, 0.448;
252, 0.447;
253, 0.446;
254, 0.445;
255, 0.444;
256, 0.443;
257, 0.442;
258, 0.44;
259, 0.438;
260, 0.437;
261, 0.435;
262, 0.432;
263, 0.43;
264, 0.427;
265, 0.425;
266, 0.422;
267, 0.419;
268, 0.415;
269, 0.412;
270, 0.408;
271, 0.404;
272, 0.4;
273, 0.393;
274, 0.387;
275, 0.38;
276, 0.372;
277, 0.365;
278, 0.357;
279, 0.35;
280, 0.342;
281, 0.334;
282, 0.326;
283, 0.318;
284, 0.31;
285, 0.302;
286, 0.294;
287, 0.285;
288, 0.277;
289, 0.269;
290, 0.26;
291, 0.252;
292, 0.244;
293, 0.236;
294, 0.228;
295, 0.22;
296, 0.212;
297, 0.204;
298, 0.196;
299, 0.189;
300, 0.181;
301, 0.174;
302, 0.167;
303, 0.16;
304, 0.153;
305, 0.146;
306, 0.14;
307, 0.134;
308, 0.128;
309, 0.123;
310, 0.117;
311, 0.112;
312, 0.108;
313, 0.103;
314, 0.099;
315, 0.096;
316, 0.092;
317, 0.089;
318, 0.087;
319, 0.085;
320, 0.083;
321, 0.082;
322, 0.081;
323, 0.08;
324, 0.08;
325, 0.081;
326, 0.082;
327, 0.083;
328, 0.085;
329, 0.088;
330, 0.091;
331, 0.106;
332, 0.122;
333, 0.138;
334, 0.154;
335, 0.171;
336, 0.188;
337, 0.206;
338, 0.224;
339, 0.242;
340, 0.26;
341, 0.278;
342, 0.297;
343, 0.315;
344, 0.334;
345, 0.353;
346, 0.371;
347, 0.39;
348, 0.408;
349, 0.426;
350, 0.444;
351, 0.462;
352, 0.479;
353, 0.497;
354, 0.513;
355, 0.53;
356, 0.545;
357, 0.554;
358, 0.562;
359, 0.57;
360, 0.577;
361, 0.584;
362, 0.59;
363, 0.596;
364, 0.602;
365, 0.607;
366, 0.612;
367, 0.617;
368, 0.621;
369, 0.625;
370, 0.629;
371, 0.632;
372, 0.635;
373, 0.638;
374, 0.641;
375, 0.644;
376, 0.646;
377, 0.648;
378, 0.651;
379, 0.653;
380, 0.655;
381, 0.656;
382, 0.658;
383, 0.66;
384, 0.662;
385, 0.663;
386, 0.665;
387, 0.667;
388, 0.666;
389, 0.665;
390, 0.665;
391, 0.664;
392, 0.664;
393, 0.663;
394, 0.663;
395, 0.662;
396, 0.662;
397, 0.661;
398, 0.661;
399, 0.66;
400, 0.66;
401, 0.659;
402, 0.659;
403, 0.658;
404, 0.658;
405, 0.658;
406, 0.657;
407, 0.657;
408, 0.656;
409, 0.655;
410, 0.655;
411, 0.654;
412, 0.654;
413, 0.653;
414, 0.652;
415, 0.652;
416, 0.651;
417, 0.65;
418, 0.649;
419, 0.648;
420, 0.647;
421, 0.646;
422, 0.645;
423, 0.644;
424, 0.643;
425, 0.642;
426, 0.64;
427, 0.639;
428, 0.637;
429, 0.636;
430, 0.634;
431, 0.633;
432, 0.631;
433, 0.629;
434, 0.627;
435, 0.625;
436, 0.621;
437, 0.617;
438, 0.613;
439, 0.608;
440, 0.604;
441, 0.6;
442, 0.595;
443, 0.591;
444, 0.586;
445, 0.582;
446, 0.577;
447, 0.572;
448, 0.567;
449, 0.563;
450, 0.558;
451, 0.553;
452, 0.548;
453, 0.543;
454, 0.538;
455, 0.534;
456, 0.529;
457, 0.524;
458, 0.519;
459, 0.514;
460, 0.509;
461, 0.505;
462, 0.5;
463, 0.498;
464, 0.495;
465, 0.493;
466, 0.491;
467, 0.488;
468, 0.486;
469, 0.484;
470, 0.482;
471, 0.48;
472, 0.478;
473, 0.476;
474, 0.474;
475, 0.472;
476, 0.47;
477, 0.469;
478, 0.467;
479, 0.465;
480, 0.463;
481, 0.462;
482, 0.46;
483, 0.459;
484, 0.457;
485, 0.456;
486, 0.454;
487, 0.453;
488, 0.452;
489, 0.45;
490, 0.449;
491, 0.448;
492, 0.447;
493, 0.446;
494, 0.445;
495, 0.444;
496, 0.443;
497, 0.442;
498, 0.442;
499, 0.441;
500, 0.44;
501, 0.44;
502, 0.439;
503, 0.439;
504, 0.438;
505, 0.438;
506, 0.438;
507, 0.437;
508, 0.437;
509, 0.437;
510, 0.437;
511, 0.437;
512, 0.437;
513, 0.437;
514, 0.437;
515, 0.437;
516, 0.438;
517, 0.438;
518, 0.438;
519, 0.439;
520, 0.439;
521, 0.44;
522, 0.441;
523, 0.441;
524, 0.442;
525, 0.443;
526, 0.444;
527, 0.445;
528, 0.446;
529, 0.447;
530, 0.449;
531, 0.45;
532, 0.451;
533, 0.453;
534, 0.454;
535, 0.456;
536, 0.457;
537, 0.459;
538, 0.461;
539, 0.463;
540, 0.465;
541, 0.467;
542, 0.469;
543, 0.471;
544, 0.473;
545, 0.476;
546, 0.478;
547, 0.48;
548, 0.483;
549, 0.486;
550, 0.488;
551, 0.491;
552, 0.494;
553, 0.497;
554, 0.5;
555, 0.506;
556, 0.513;
557, 0.519;
558, 0.526;
559, 0.533;
560, 0.539;
561, 0.546;
562, 0.553;
563, 0.559;
564, 0.566;
565, 0.573;
566, 0.58;
567, 0.587;
568, 0.594;
569, 0.6;
570, 0.607;
571, 0.614;
572, 0.621;
573, 0.627;
574, 0.634;
575, 0.641;
576, 0.647;
577, 0.654;
578, 0.66;
579, 0.667;
580, 0.673;
581, 0.679;
582, 0.685;
583, 0.691;
584, 0.697;
585, 0.703;
586, 0.709;
587, 0.714;
588, 0.715;
589, 0.716;
590, 0.717;
591, 0.717;
592, 0.718;
593, 0.718;
594, 0.718;
595, 0.719;
596, 0.719;
597, 0.718;
598, 0.718;
599, 0.718;
600, 0.717;
601, 0.717;
602, 0.716;
603, 0.715;
604, 0.715;
605, 0.714;
606, 0.712;
607, 0.711;
608, 0.71;
609, 0.709;
610, 0.707;
611, 0.706;
612, 0.704;
613, 0.702;
614, 0.701;
615, 0.699;
616, 0.697;
617, 0.695;
618, 0.692;
619, 0.69;
620, 0.688;
621, 0.686;
622, 0.683;
623, 0.681;
624, 0.678;
625, 0.676;
626, 0.673;
627, 0.67;
628, 0.668;
629, 0.665;
630, 0.662;
631, 0.659;
632, 0.656;
633, 0.653;
634, 0.65;
635, 0.647;
636, 0.643;
637, 0.64;
638, 0.637;
639, 0.634;
640, 0.63;
641, 0.627;
642, 0.624;
643, 0.62;
644, 0.617;
645, 0.613;
646, 0.61;
647, 0.606;
648, 0.603;
649, 0.599;
650, 0.596;
651, 0.592;
652, 0.589;
653, 0.585;
654, 0.581;
655, 0.578;
656, 0.574;
657, 0.57;
658, 0.567;
659, 0.563;
660, 0.56;
661, 0.556;
662, 0.552;
663, 0.549;
664, 0.545;
665, 0.541;
666, 0.538;
667, 0.534;
668, 0.531;
669, 0.527;
670, 0.524;
671, 0.52;
672, 0.517;
673, 0.513;
674, 0.51;
675, 0.507;
676, 0.503;
677, 0.5;
678, 0.497;
679, 0.494;
680, 0.491;
681, 0.488;
682, 0.485;
683, 0.483;
684, 0.48;
685, 0.477;
686, 0.474;
687, 0.472;
688, 0.469;
689, 0.466;
690, 0.464;
691, 0.461;
692, 0.459;
693, 0.456;
694, 0.454;
695, 0.451;
696, 0.449;
697, 0.446;
698, 0.444;
699, 0.442;
700, 0.439;
701, 0.437;
702, 0.435;
703, 0.433;
704, 0.431;
705, 0.428;
706, 0.426;
707, 0.424;
708, 0.422;
709, 0.42;
710, 0.418;
711, 0.416;
712, 0.414;
713, 0.412;
714, 0.41;
715, 0.408;
716, 0.406;
717, 0.404;
718, 0.403;
719, 0.401;
720, 0.399;
721, 0.397;
722, 0.396;
723, 0.394;
724, 0.392;
725, 0.39;
726, 0.389;
727, 0.387;
728, 0.385;
729, 0.384;
730, 0.382;
731, 0.381;
732, 0.379;
733, 0.378;
734, 0.376;
735, 0.375;
736, 0.373;
737, 0.372;
738, 0.37;
739, 0.369;
740, 0.367;
741, 0.366;
742, 0.364;
743, 0.363;
744, 0.362;
745, 0.36;
746, 0.359;
747, 0.358;
748, 0.356;
749, 0.355;
750, 0.354;
751, 0.353;
752, 0.351;
753, 0.35;
754, 0.349;
755, 0.348;
756, 0.346;
757, 0.345;
758, 0.344;
759, 0.343;
760, 0.341;
761, 0.34;
762, 0.339;
763, 0.338;
764, 0.337;
765, 0.336;
766, 0.334;
767, 0.333;
768, 0.335;
769, 0.336;
770, 0.337;
771, 0.338;
772, 0.339;
773, 0.34;
774, 0.342;
775, 0.343;
776, 0.344;
777, 0.345;
778, 0.347;
779, 0.348;
780, 0.349;
781, 0.35;
782, 0.352;
783, 0.353;
784, 0.354;
785, 0.356;
786, 0.357;
787, 0.358;
788, 0.36;
789, 0.361;
790, 0.362;
791, 0.364;
792, 0.365;
793, 0.367;
794, 0.368;
795, 0.37;
796, 0.371;
797, 0.373;
798, 0.374;
799, 0.376;
800, 0.377;
801, 0.379;
802, 0.38;
803, 0.382;
804, 0.384;
805, 0.385;
806, 0.387;
807, 0.389;
808, 0.39;
809, 0.392;
810, 0.394;
811, 0.396;
812, 0.397;
813, 0.399;
814, 0.401;
815, 0.403;
816, 0.405;
817, 0.407;
818, 0.409;
819, 0.411;
820, 0.413;
821, 0.415;
822, 0.417;
823, 0.419;
824, 0.421;
825, 0.423;
826, 0.425;
827, 0.427;
828, 0.429;
829, 0.432;
830, 0.434;
831, 0.436;
832, 0.439;
833, 0.441;
834, 0.443;
835, 0.446;
836, 0.448;
837, 0.451;
838, 0.453;
839, 0.456;
840, 0.458;
841, 0.461;
842, 0.463;
843, 0.466;
844, 0.469;
845, 0.472;
846, 0.474;
847, 0.477;
848, 0.48;
849, 0.483;
850, 0.486;
851, 0.489;
852, 0.492;
853, 0.495;
854, 0.498;
855, 0.501;
856, 0.504;
857, 0.507;
858, 0.511;
859, 0.514;
860, 0.517;
861, 0.521;
862, 0.524;
863, 0.527;
864, 0.531;
865, 0.534;
866, 0.538;
867, 0.542;
868, 0.545;
869, 0.549;
870, 0.553;
871, 0.556;
872, 0.56;
873, 0.564;
874, 0.568;
875, 0.572;
876, 0.576;
877, 0.58;
878, 0.584;
879, 0.588;
880, 0.593;
881, 0.597;
882, 0.601;
883, 0.605;
884, 0.61;
885, 0.614;
886, 0.619;
887, 0.623;
888, 0.628;
889, 0.633;
890, 0.637;
891, 0.642;
892, 0.647;
893, 0.652;
894, 0.657;
895, 0.662;
896, 0.667;
897, 0.672;
898, 0.677;
899, 0.682;
900, 0.687;
901, 0.693;
902, 0.698;
903, 0.703;
904, 0.709;
905, 0.714;
906, 0.718;
907, 0.722;
908, 0.726;
909, 0.729;
910, 0.733;
911, 0.737;
912, 0.741;
913, 0.745;
914, 0.748;
915, 0.752;
916, 0.756;
917, 0.759;
918, 0.763;
919, 0.766;
920, 0.769;
921, 0.772;
922, 0.775;
923, 0.777;
924, 0.78;
925, 0.782;
926, 0.784;
927, 0.786;
928, 0.787;
929, 0.789;
930, 0.79;
931, 0.791;
932, 0.791;
933, 0.791;
934, 0.791;
935, 0.791;
936, 0.79;
937, 0.788;
938, 0.787;
939, 0.785;
940, 0.783;
941, 0.78;
942, 0.776;
943, 0.773;
944, 0.769;
945, 0.764;
946, 0.759;
947, 0.753;
948, 0.747;
949, 0.741;
950, 0.733;
951, 0.726;
952, 0.717;
953, 0.708;
954, 0.699;
955, 0.689;
956, 0.678;
957, 0.667;
958, 0.645;
959, 0.623;
960, 0.601;
961, 0.578;
962, 0.554;
963, 0.531;
964, 0.507;
965, 0.483;
966, 0.46;
967, 0.436;
968, 0.412;
969, 0.389;
970, 0.366;
971, 0.343;
972, 0.321;
973, 0.299;
974, 0.278;
975, 0.258;
976, 0.239;
977, 0.22;
978, 0.202;
979, 0.185;
980, 0.17;
981, 0.155;
982, 0.142;
983, 0.13;
984, 0.12;
985, 0.111;
986, 0.123;
987, 0.137;
988, 0.153;
989, 0.169;
990, 0.187;
991, 0.205;
992, 0.225;
993, 0.245;
994, 0.266;
995, 0.287;
996, 0.309;
997, 0.332;
998, 0.354;
999, 0.377;
1000, 0.4;
1001, 0.422;
1002, 0.444;
1003, 0.466;
1004, 0.487;
1005, 0.508;
1006, 0.528;
1007, 0.547;
1008, 0.567;
1009, 0.585;
1010, 0.603;
1011, 0.62;
1012, 0.636;
1013, 0.652;
1014, 0.667;
1015, 0.67;
1016, 0.672;
1017, 0.673;
1018, 0.674;
1019, 0.674;
1020, 0.673;
1021, 0.671;
1022, 0.669;
1023, 0.666;
1024, 0.663;
1025, 0.659;
1026, 0.655;
1027, 0.65;
1028, 0.645;
1029, 0.639;
1030, 0.633;
1031, 0.627;
1032, 0.621;
1033, 0.614;
1034, 0.607;
1035, 0.6;
1036, 0.593;
1037, 0.586;
1038, 0.579;
1039, 0.572;
1040, 0.564;
1041, 0.557;
1042, 0.55;
1043, 0.543;
1044, 0.537;
1045, 0.53;
1046, 0.524;
1047, 0.518;
1048, 0.512;
1049, 0.507;
1050, 0.502;
1051, 0.497;
1052, 0.493;
1053, 0.49;
1054, 0.487;
1055, 0.484;
1056, 0.483;
1057, 0.481;
1058, 0.481;
1059, 0.481;
1060, 0.482;
1061, 0.484;
1062, 0.487;
1063, 0.49;
1064, 0.495;
1065, 0.5;
1066, 0.516;
1067, 0.532;
1068, 0.549;
1069, 0.566;
1070, 0.583;
1071, 0.601;
1072, 0.618;
1073, 0.634;
1074, 0.65;
1075, 0.664;
1076, 0.678;
1077, 0.69;
1078, 0.7;
1079, 0.694;
1080, 0.687;
1081, 0.678;
1082, 0.667;
1083, 0.655;
1084, 0.642;
1085, 0.628;
1086, 0.613;
1087, 0.597;
1088, 0.58;
1089, 0.562;
1090, 0.545;
1091, 0.527;
1092, 0.508;
1093, 0.49;
1094, 0.471;
1095, 0.453;
1096, 0.435;
1097, 0.418;
1098, 0.401;
1099, 0.384;
1100, 0.369;
1101, 0.354;
1102, 0.341;
1103, 0.328;
1104, 0.317;
1105, 0.308;
1106, 0.299;
1107, 0.293;
1108, 0.288;
1109, 0.286;
1110, 0.304;
1111, 0.323;
1112, 0.345;
1113, 0.367;
1114, 0.391;
1115, 0.416;
1116, 0.441;
1117, 0.467;
1118, 0.494;
1119, 0.52;
1120, 0.546;
1121, 0.571;
1122, 0.587;
1123, 0.602;
1124, 0.616;
1125, 0.629;
1126, 0.642;
1127, 0.655;
1128, 0.667;
1129, 0.678;
1130, 0.688;
1131, 0.699;
1132, 0.708;
1133, 0.717;
1134, 0.726;
1135, 0.734;
1136, 0.742;
1137, 0.749;
1138, 0.756;
1139, 0.762;
1140, 0.768;
1141, 0.773;
1142, 0.778;
1143, 0.783;
1144, 0.787;
1145, 0.791;
1146, 0.794;
1147, 0.797;
1148, 0.8;
1149, 0.803;
1150, 0.805;
1151, 0.807;
1152, 0.808;
1153, 0.809;
1154, 0.81;
1155, 0.811;
1156, 0.812;
1157, 0.812;
1158, 0.812;
1159, 0.812;
1160, 0.811;
1161, 0.811;
1162, 0.81;
1163, 0.809;
1164, 0.808;
1165, 0.807;
1166, 0.806;
1167, 0.805;
1168, 0.803;
1169, 0.802;
1170, 0.8;
1171, 0.793;
1172, 0.785;
1173, 0.778;
1174, 0.771;
1175, 0.763;
1176, 0.756;
1177, 0.748;
1178, 0.741;
1179, 0.733;
1180, 0.726;
1181, 0.718;
1182, 0.711;
1183, 0.703;
1184, 0.696;
1185, 0.688;
1186, 0.681;
1187, 0.674;
1188, 0.666;
1189, 0.659;
1190, 0.652;
1191, 0.644;
1192, 0.637;
1193, 0.63;
1194, 0.623;
1195, 0.616;
1196, 0.61;
1197, 0.603;
1198, 0.596;
1199, 0.59;
1200, 0.584;
1201, 0.577;
1202, 0.571;
1203, 0.565;
1204, 0.56;
1205, 0.554;
1206, 0.548;
1207, 0.543;
1208, 0.538;
1209, 0.533;
1210, 0.528;
1211, 0.523;
1212, 0.519;
1213, 0.515;
1214, 0.511;
1215, 0.507;
1216, 0.503;
1217, 0.5;
1218, 0.501;
1219, 0.503;
1220, 0.505;
1221, 0.507;
1222, 0.509;
1223, 0.512;
1224, 0.514;
1225, 0.517;
1226, 0.52;
1227, 0.523;
1228, 0.526;
1229, 0.529;
1230, 0.532;
1231, 0.536;
1232, 0.539;
1233, 0.543;
1234, 0.547;
1235, 0.55;
1236, 0.554;
1237, 0.558;
1238, 0.561;
1239, 0.565;
1240, 0.569;
1241, 0.573;
1242, 0.576;
1243, 0.58;
1244, 0.583;
1245, 0.587;
1246, 0.59;
1247, 0.594;
1248, 0.597;
1249, 0.6;
1250, 0.603;
1251, 0.606;
1252, 0.608;
1253, 0.611;
1254, 0.613;
1255, 0.615;
1256, 0.617;
1257, 0.619;
1258, 0.621;
1259, 0.622;
1260, 0.623;
1261, 0.624;
1262, 0.625;
1263, 0.625;
1264, 0.621;
1265, 0.617;
1266, 0.613;
1267, 0.608;
1268, 0.603;
1269, 0.598;
1270, 0.593;
1271, 0.588;
1272, 0.582;
1273, 0.577;
1274, 0.571;
1275, 0.565;
1276, 0.56;
1277, 0.554;
1278, 0.548;
1279, 0.543;
1280, 0.537;
1281, 0.531;
1282, 0.526;
1283, 0.52;
1284, 0.515;
1285, 0.51;
1286, 0.505;
1287, 0.5;
1288, 0.498;
1289, 0.496;
1290, 0.494;
1291, 0.493;
1292, 0.492;
1293, 0.491;
1294, 0.49;
1295, 0.489;
1296, 0.488;
1297, 0.488;
1298, 0.488;
1299, 0.488;
1300, 0.488;
1301, 0.488;
1302, 0.488;
1303, 0.489;
1304, 0.49;
1305, 0.491;
1306, 0.491;
1307, 0.493;
1308, 0.494;
1309, 0.495;
1310, 0.497;
1311, 0.498;
1312, 0.5;
1313, 0.504;
1314, 0.509;
1315, 0.513;
1316, 0.518;
1317, 0.523;
1318, 0.528;
1319, 0.532;
1320, 0.537;
1321, 0.542;
1322, 0.548;
1323, 0.553;
1324, 0.558;
1325, 0.563;
1326, 0.569;
1327, 0.574;
1328, 0.579;
1329, 0.585;
1330, 0.59;
1331, 0.595;
1332, 0.601;
1333, 0.606;
1334, 0.612;
1335, 0.617;
1336, 0.623;
1337, 0.628;
1338, 0.633;
1339, 0.639;
1340, 0.644;
1341, 0.649;
1342, 0.654;
1343, 0.659;
1344, 0.664;
1345, 0.669;
1346, 0.674;
1347, 0.679;
1348, 0.684;
1349, 0.689;
1350, 0.693;
1351, 0.698;
1352, 0.702;
1353, 0.706;
1354, 0.71;
1355, 0.714;
1356, 0.715;
1357, 0.716;
1358, 0.717;
1359, 0.717;
1360, 0.717;
1361, 0.718;
1362, 0.718;
1363, 0.718;
1364, 0.718;
1365, 0.718;
1366, 0.717;
1367, 0.717;
1368, 0.716;
1369, 0.716;
1370, 0.715;
1371, 0.714;
1372, 0.713;
1373, 0.712;
1374, 0.711;
1375, 0.709;
1376, 0.708;
1377, 0.706;
1378, 0.705;
1379, 0.703;
1380, 0.701;
1381, 0.699;
1382, 0.697;
1383, 0.695;
1384, 0.693;
1385, 0.691;
1386, 0.689;
1387, 0.686;
1388, 0.684;
1389, 0.681;
1390, 0.679;
1391, 0.676;
1392, 0.673;
1393, 0.67;
1394, 0.667;
1395, 0.664;
1396, 0.661;
1397, 0.658;
1398, 0.655;
1399, 0.651;
1400, 0.648;
1401, 0.645;
1402, 0.641;
1403, 0.638;
1404, 0.634;
1405, 0.63;
1406, 0.627;
1407, 0.623;
1408, 0.619;
1409, 0.615;
1410, 0.611;
1411, 0.607;
1412, 0.603;
1413, 0.599;
1414, 0.595;
1415, 0.591;
1416, 0.587;
1417, 0.582;
1418, 0.578;
1419, 0.574;
1420, 0.57;
1421, 0.565;
1422, 0.561;
1423, 0.556;
1424, 0.552;
1425, 0.548;
1426, 0.543;
1427, 0.538;
1428, 0.534;
1429, 0.529;
1430, 0.525;
1431, 0.52;
1432, 0.516;
1433, 0.511;
1434, 0.506;
1435, 0.502;
1436, 0.497;
1437, 0.492;
1438, 0.488;
1439, 0.483;
1440, 0.478;
1441, 0.474;
1442, 0.469;
1443, 0.464;
1444, 0.46;
1445, 0.455;
1446, 0.45;
1447, 0.446;
1448, 0.441;
1449, 0.436;
1450, 0.432;
1451, 0.427;
1452, 0.422;
1453, 0.418;
1454, 0.413;
1455, 0.409;
1456, 0.404;
1457, 0.4;
1458, 0.395;
1459, 0.391;
1460, 0.386;
1461, 0.382;
1462, 0.378;
1463, 0.373;
1464, 0.369;
1465, 0.365;
1466, 0.36;
1467, 0.356;
1468, 0.352;
1469, 0.348;
1470, 0.344;
1471, 0.34;
1472, 0.336;
1473, 0.332;
1474, 0.328;
1475, 0.324;
1476, 0.32;
1477, 0.317;
1478, 0.313;
1479, 0.309;
1480, 0.306;
1481, 0.302;
1482, 0.299;
1483, 0.295;
1484, 0.292;
1485, 0.289;
1486, 0.286;
1487, 0.283;
1488, 0.279;
1489, 0.276;
1490, 0.274;
1491, 0.271;
1492, 0.268;
1493, 0.265;
1494, 0.263;
1495, 0.26;
1496, 0.258;
1497, 0.255;
1498, 0.253;
1499, 0.251;
1500, 0.249;
1501, 0.247;
1502, 0.245;
1503, 0.243;
1504, 0.241;
1505, 0.24;
1506, 0.238;
1507, 0.237;
1508, 0.235;
1509, 0.234;
1510, 0.233;
1511, 0.232;
1512, 0.231;
1513, 0.23;
1514, 0.229;
1515, 0.229;
1516, 0.228;
1517, 0.228;
1518, 0.228;
1519, 0.228;
1520, 0.228;
1521, 0.228;
1522, 0.228;
1523, 0.228;
1524, 0.229;
1525, 0.229;
1526, 0.23;
1527, 0.231;
1528, 0.232;
1529, 0.233;
1530, 0.234;
1531, 0.236;
1532, 0.237;
1533, 0.239;
1534, 0.241;
1535, 0.242;
1536, 0.245;
1537, 0.247;
1538, 0.249;
1539, 0.252;
1540, 0.254;
1541, 0.257;
1542, 0.26;
1543, 0.263;
1544, 0.266;
1545, 0.27;
1546, 0.273;
1547, 0.277;
1548, 0.281;
1549, 0.285;
1550, 0.289;
1551, 0.294;
1552, 0.298;
1553, 0.303;
1554, 0.308;
1555, 0.313;
1556, 0.318;
1557, 0.324;
1558, 0.329;
1559, 0.335;
1560, 0.341;
1561, 0.347;
1562, 0.353;
1563, 0.36;
1564, 0.367;
1565, 0.374;
1566, 0.381;
1567, 0.388;
1568, 0.395;
1569, 0.403;
1570, 0.411;
1571, 0.419;
1572, 0.427;
1573, 0.435;
1574, 0.444;
1575, 0.453;
1576, 0.462;
1577, 0.471;
1578, 0.481;
1579, 0.49;
1580, 0.5;
1581, 0.519;
1582, 0.538;
1583, 0.557;
1584, 0.576;
1585, 0.594;
1586, 0.613;
1587, 0.631;
1588, 0.649;
1589, 0.666;
1590, 0.682;
1591, 0.697;
1592, 0.712;
1593, 0.726;
1594, 0.739;
1595, 0.75;
1596, 0.748;
1597, 0.745;
1598, 0.741;
1599, 0.736;
1600, 0.73;
1601, 0.724;
1602, 0.716;
1603, 0.708;
1604, 0.7;
1605, 0.691;
1606, 0.682;
1607, 0.672;
1608, 0.662;
1609, 0.653;
1610, 0.643;
1611, 0.634;
1612, 0.625;
1613, 0.616;
1614, 0.608;
1615, 0.6;
1616, 0.593;
1617, 0.587;
1618, 0.582;
1619, 0.577;
1620, 0.571;
1621, 0.566;
1622, 0.562;
1623, 0.556;
1624, 0.551;
1625, 0.546;
1626, 0.54;
1627, 0.533;
1628, 0.526;
1629, 0.518;
1630, 0.51;
1631, 0.5;
1632, 0.482;
1633, 0.463;
1634, 0.444;
1635, 0.423;
1636, 0.403;
1637, 0.381;
1638, 0.359;
1639, 0.337;
1640, 0.315;
1641, 0.293;
1642, 0.271;
1643, 0.249;
1644, 0.228;
1645, 0.207;
1646, 0.186;
1647, 0.167;
1648, 0.161;
1649, 0.155;
1650, 0.15;
1651, 0.147;
1652, 0.143;
1653, 0.141;
1654, 0.139;
1655, 0.138;
1656, 0.137;
1657, 0.137;
1658, 0.138;
1659, 0.139;
1660, 0.141;
1661, 0.143;
1662, 0.146;
1663, 0.149;
1664, 0.153;
1665, 0.157;
1666, 0.162;
1667, 0.167;
1668, 0.172;
1669, 0.178;
1670, 0.185;
1671, 0.191;
1672, 0.198;
1673, 0.206;
1674, 0.213;
1675, 0.221;
1676, 0.229;
1677, 0.238;
1678, 0.246;
1679, 0.255;
1680, 0.264;
1681, 0.273;
1682, 0.283;
1683, 0.292;
1684, 0.302;
1685, 0.311;
1686, 0.321;
1687, 0.331;
1688, 0.341;
1689, 0.351;
1690, 0.361;
1691, 0.371;
1692, 0.38;
1693, 0.39;
1694, 0.4;
1695, 0.411;
1696, 0.422;
1697, 0.433;
1698, 0.443;
1699, 0.454;
1700, 0.464;
1701, 0.475;
1702, 0.485;
1703, 0.495;
1704, 0.505;
1705, 0.515;
1706, 0.525;
1707, 0.534;
1708, 0.544;
1709, 0.553;
1710, 0.563;
1711, 0.572;
1712, 0.581;
1713, 0.59;
1714, 0.598;
1715, 0.607;
1716, 0.615;
1717, 0.624;
1718, 0.632;
1719, 0.64;
1720, 0.648;
1721, 0.655;
1722, 0.663;
1723, 0.67;
1724, 0.677;
1725, 0.684;
1726, 0.691;
1727, 0.697;
1728, 0.704;
1729, 0.71;
1730, 0.716;
1731, 0.722;
1732, 0.727;
1733, 0.733;
1734, 0.738;
1735, 0.743;
1736, 0.748;
1737, 0.752;
1738, 0.756;
1739, 0.761;
1740, 0.764;
1741, 0.768;
1742, 0.772;
1743, 0.775;
1744, 0.778;
1745, 0.774;
1746, 0.77;
1747, 0.765;
1748, 0.761;
1749, 0.756;
1750, 0.751;
1751, 0.746;
1752, 0.741;
1753, 0.736;
1754, 0.73;
1755, 0.724;
1756, 0.718;
1757, 0.712;
1758, 0.706;
1759, 0.7;
1760, 0.694;
1761, 0.688;
1762, 0.681;
1763, 0.675;
1764, 0.668;
1765, 0.661;
1766, 0.655;
1767, 0.648;
1768, 0.642;
1769, 0.635;
1770, 0.628;
1771, 0.622;
1772, 0.615;
1773, 0.609;
1774, 0.602;
1775, 0.596;
1776, 0.589;
1777, 0.583;
1778, 0.577;
1779, 0.57;
1780, 0.564;
1781, 0.558;
1782, 0.553;
1783, 0.547;
1784, 0.542;
1785, 0.536;
1786, 0.531;
1787, 0.526;
1788, 0.521;
1789, 0.516;
1790, 0.512;
1791, 0.508;
1792, 0.504;
1793, 0.5;
1794, 0.499;
1795, 0.499;
1796, 0.499;
1797, 0.498;
1798, 0.498;
1799, 0.499;
1800, 0.499;
1801, 0.499;
1802, 0.499;
1803, 0.5;
1804, 0.5;
1805, 0.5;
1806, 0.501;
1807, 0.501;
1808, 0.501;
1809, 0.501;
1810, 0.501;
1811, 0.501;
1812, 0.501;
1813, 0.501;
1814, 0.501;
1815, 0.501;
1816, 0.501;
1817, 0.501;
1818, 0.501;
1819, 0.501;
1820, 0.501;
1821, 0.501;
1822, 0.501;
1823, 0.501;
1824, 0.501;
1825, 0.501;
1826, 0.5;
1827, 0.5;
1828, 0.5;
1829, 0.5;
1830, 0.5;
1831, 0.5;
1832, 0.5;
1833, 0.5;
1834, 0.499;
1835, 0.499;
1836, 0.499;
1837, 0.499;
1838, 0.499;
1839, 0.499;
1840, 0.499;
1841, 0.499;
1842, 0.499;
1843, 0.499;
1844, 0.499;
1845, 0.499;
1846, 0.5;
1847, 0.5;
1848, 0.5;
1849, 0.501;
1850, 0.502;
1851, 0.503;
1852, 0.504;
1853, 0.505;
1854, 0.506;
1855, 0.508;
1856, 0.509;
1857, 0.51;
1858, 0.511;
1859, 0.513;
1860, 0.514;
1861, 0.515;
1862, 0.517;
1863, 0.518;
1864, 0.519;
1865, 0.521;
1866, 0.522;
1867, 0.524;
1868, 0.526;
1869, 0.527;
1870, 0.529;
1871, 0.53;
1872, 0.532;
1873, 0.534;
1874, 0.535;
1875, 0.537;
1876, 0.539;
1877, 0.541;
1878, 0.542;
1879, 0.544;
1880, 0.546;
1881, 0.548;
1882, 0.55;
1883, 0.552;
1884, 0.553;
1885, 0.555;
1886, 0.557;
1887, 0.559;
1888, 0.561;
1889, 0.563;
1890, 0.565;
1891, 0.567;
1892, 0.569;
1893, 0.571;
1894, 0.573;
1895, 0.575;
1896, 0.577;
1897, 0.58;
1898, 0.582;
1899, 0.584;
1900, 0.586;
1901, 0.588;
1902, 0.59;
1903, 0.592;
1904, 0.595;
1905, 0.597;
1906, 0.599;
1907, 0.601;
1908, 0.603;
1909, 0.606;
1910, 0.608;
1911, 0.61;
1912, 0.612;
1913, 0.614;
1914, 0.617;
1915, 0.619;
1916, 0.621;
1917, 0.623;
1918, 0.626;
1919, 0.628;
1920, 0.63;
1921, 0.632;
1922, 0.635;
1923, 0.637;
1924, 0.639;
1925, 0.641;
1926, 0.644;
1927, 0.646;
1928, 0.648;
1929, 0.65;
1930, 0.653;
1931, 0.655;
1932, 0.657;
1933, 0.659;
1934, 0.662;
1935, 0.664;
1936, 0.666;
1937, 0.668;
1938, 0.67;
1939, 0.673;
1940, 0.675;
1941, 0.677;
1942, 0.679;
1943, 0.681;
1944, 0.684;
1945, 0.686;
1946, 0.688;
1947, 0.69;
1948, 0.692;
1949, 0.694;
1950, 0.696;
1951, 0.698;
1952, 0.7;
1953, 0.702;
1954, 0.704;
1955, 0.707;
1956, 0.709;
1957, 0.711;
1958, 0.712;
1959, 0.714;
1960, 0.716;
1961, 0.718;
1962, 0.72;
1963, 0.722;
1964, 0.724;
1965, 0.726;
1966, 0.728;
1967, 0.729;
1968, 0.731;
1969, 0.733;
1970, 0.735;
1971, 0.736;
1972, 0.738;
1973, 0.74;
1974, 0.742;
1975, 0.743;
1976, 0.745;
1977, 0.746;
1978, 0.748;
1979, 0.749;
1980, 0.751;
1981, 0.752;
1982, 0.754;
1983, 0.755;
1984, 0.757;
1985, 0.758;
1986, 0.759;
1987, 0.761;
1988, 0.762;
1989, 0.763;
1990, 0.764;
1991, 0.766;
1992, 0.767;
1993, 0.768;
1994, 0.769;
1995, 0.77;
1996, 0.771;
1997, 0.772;
1998, 0.773;
1999, 0.774;
2000, 0.775;
2001, 0.776;
2002, 0.777;
2003, 0.777;
2004, 0.778;
2005, 0.779;
2006, 0.779;
2007, 0.78;
2008, 0.781;
2009, 0.781;
2010, 0.782;
2011, 0.782;
2012, 0.783;
2013, 0.783;
2014, 0.783;
2015, 0.784;
2016, 0.784;
2017, 0.784;
2018, 0.784;
2019, 0.784;
2020, 0.784;
2021, 0.785;
2022, 0.785;
2023, 0.784;
2024, 0.784;
2025, 0.784;
2026, 0.784;
2027, 0.784;
2028, 0.783;
2029, 0.783;
2030, 0.783;
2031, 0.782;
2032, 0.782;
2033, 0.781;
2034, 0.781;
2035, 0.78;
2036, 0.779;
2037, 0.779;
2038, 0.778;
2039, 0.774;
2040, 0.771;
2041, 0.767;
2042, 0.764;
2043, 0.76;
2044, 0.757;
2045, 0.753;
2046, 0.749;
2047, 0.745;
2048, 0.742;
2049, 0.738;
2050, 0.734;
2051, 0.73;
2052, 0.726;
2053, 0.722;
2054, 0.718;
2055, 0.714;
2056, 0.71;
2057, 0.706;
2058, 0.702;
2059, 0.698;
2060, 0.694;
2061, 0.689;
2062, 0.685;
2063, 0.681;
2064, 0.677;
2065, 0.673;
2066, 0.669;
2067, 0.664;
2068, 0.66;
2069, 0.656;
2070, 0.652;
2071, 0.648;
2072, 0.644;
2073, 0.64;
2074, 0.635;
2075, 0.631;
2076, 0.627;
2077, 0.623;
2078, 0.619;
2079, 0.615;
2080, 0.611;
2081, 0.607;
2082, 0.603;
2083, 0.599;
2084, 0.595;
2085, 0.591;
2086, 0.587;
2087, 0.583;
2088, 0.58;
2089, 0.576;
2090, 0.572;
2091, 0.569;
2092, 0.565;
2093, 0.561;
2094, 0.558;
2095, 0.554;
2096, 0.551;
2097, 0.548;
2098, 0.544;
2099, 0.541;
2100, 0.538;
2101, 0.535;
2102, 0.532;
2103, 0.528;
2104, 0.526;
2105, 0.523;
2106, 0.52;
2107, 0.517;
2108, 0.514;
2109, 0.512;
2110, 0.509;
2111, 0.507;
2112, 0.504;
2113, 0.502;
2114, 0.5;
2115, 0.5;
2116, 0.5;
2117, 0.499;
2118, 0.499;
2119, 0.499;
2120, 0.499;
2121, 0.499;
2122, 0.5;
2123, 0.5;
2124, 0.5;
2125, 0.5;
2126, 0.5;
2127, 0.5;
2128, 0.501;
2129, 0.501;
2130, 0.501;
2131, 0.501;
2132, 0.501;
2133, 0.502;
2134, 0.502;
2135, 0.502;
2136, 0.502;
2137, 0.503;
2138, 0.503;
2139, 0.503;
2140, 0.503;
2141, 0.503;
2142, 0.504;
2143, 0.504;
2144, 0.504;
2145, 0.504;
2146, 0.505;
2147, 0.505;
2148, 0.505;
2149, 0.505;
2150, 0.505;
2151, 0.506;
2152, 0.506;
2153, 0.506;
2154, 0.506;
2155, 0.506;
2156, 0.507;
2157, 0.507;
2158, 0.507;
2159, 0.507;
2160, 0.507;
2161, 0.507;
2162, 0.507;
2163, 0.508;
2164, 0.508;
2165, 0.508;
2166, 0.508;
2167, 0.508;
2168, 0.508;
2169, 0.508;
2170, 0.508;
2171, 0.508;
2172, 0.508;
2173, 0.508;
2174, 0.508;
2175, 0.508;
2176, 0.508;
2177, 0.508;
2178, 0.508;
2179, 0.507;
2180, 0.507;
2181, 0.507;
2182, 0.507;
2183, 0.507;
2184, 0.507;
2185, 0.506;
2186, 0.506;
2187, 0.506;
2188, 0.505;
2189, 0.505;
2190, 0.505;
2191, 0.504;
2192, 0.504;
2193, 0.504;
2194, 0.503;
2195, 0.503;
2196, 0.502;
2197, 0.502;
2198, 0.501;
2199, 0.501;
2200, 0.5;
2201, 0.499;
2202, 0.499;
2203, 0.498;
2204, 0.497;
2205, 0.497;
2206, 0.496;
2207, 0.495;
2208, 0.494;
2209, 0.493;
2210, 0.493;
2211, 0.492;
2212, 0.491;
2213, 0.49;
2214, 0.489;
2215, 0.488;
2216, 0.487;
2217, 0.486;
2218, 0.485;
2219, 0.484;
2220, 0.483;
2221, 0.482;
2222, 0.481;
2223, 0.48;
2224, 0.479;
2225, 0.477;
2226, 0.476;
2227, 0.475;
2228, 0.474;
2229, 0.473;
2230, 0.472;
2231, 0.471;
2232, 0.469;
2233, 0.468;
2234, 0.467;
2235, 0.466;
2236, 0.465;
2237, 0.463;
2238, 0.462;
2239, 0.461;
2240, 0.46;
2241, 0.458;
2242, 0.457;
2243, 0.456;
2244, 0.455;
2245, 0.453;
2246, 0.452;
2247, 0.451;
2248, 0.45;
2249, 0.448;
2250, 0.447;
2251, 0.446;
2252, 0.445;
2253, 0.443;
2254, 0.442;
2255, 0.441;
2256, 0.44;
2257, 0.438;
2258, 0.437;
2259, 0.436;
2260, 0.435;
2261, 0.434;
2262, 0.432;
2263, 0.431;
2264, 0.43;
2265, 0.429;
2266, 0.428;
2267, 0.427;
2268, 0.425;
2269, 0.424;
2270, 0.423;
2271, 0.422;
2272, 0.421;
2273, 0.42;
2274, 0.419;
2275, 0.418;
2276, 0.417;
2277, 0.416;
2278, 0.415;
2279, 0.414;
2280, 0.413;
2281, 0.412;
2282, 0.412;
2283, 0.411;
2284, 0.41;
2285, 0.409;
2286, 0.408;
2287, 0.408;
2288, 0.407;
2289, 0.406;
2290, 0.405;
2291, 0.405;
2292, 0.404;
2293, 0.404;
2294, 0.403;
2295, 0.402;
2296, 0.402;
2297, 0.401;
2298, 0.401;
2299, 0.401;
2300, 0.4;
2301, 0.4;
2302, 0.4;
2303, 0.399;
2304, 0.399;
2305, 0.399;
2306, 0.399;
2307, 0.398;
2308, 0.398;
2309, 0.398;
2310, 0.398;
2311, 0.398;
2312, 0.398;
2313, 0.398;
2314, 0.398;
2315, 0.399;
2316, 0.399;
2317, 0.399;
2318, 0.399;
2319, 0.4;
2320, 0.4;
2321, 0.401;
2322, 0.401;
2323, 0.402;
2324, 0.402;
2325, 0.403;
2326, 0.403;
2327, 0.404;
2328, 0.405;
2329, 0.406;
2330, 0.407;
2331, 0.407;
2332, 0.408;
2333, 0.409;
2334, 0.411;
2335, 0.412;
2336, 0.413;
2337, 0.414;
2338, 0.415;
2339, 0.417;
2340, 0.418;
2341, 0.42;
2342, 0.421;
2343, 0.423;
2344, 0.424;
2345, 0.426;
2346, 0.428;
2347, 0.43;
2348, 0.431;
2349, 0.433;
2350, 0.435;
2351, 0.437;
2352, 0.44;
2353, 0.442;
2354, 0.444;
2355, 0.446;
2356, 0.449;
2357, 0.451;
2358, 0.454;
2359, 0.456;
2360, 0.459;
2361, 0.462;
2362, 0.464;
2363, 0.467;
2364, 0.47;
2365, 0.473;
2366, 0.476;
2367, 0.48;
2368, 0.483;
2369, 0.486;
2370, 0.489;
2371, 0.493;
2372, 0.496;
2373, 0.5;
2374, 0.507;
2375, 0.514;
2376, 0.521;
2377, 0.528;
2378, 0.535;
2379, 0.542;
2380, 0.55;
2381, 0.557;
2382, 0.564;
2383, 0.571;
2384, 0.579;
2385, 0.586;
2386, 0.593;
2387, 0.601;
2388, 0.608;
2389, 0.615;
2390, 0.622;
2391, 0.63;
2392, 0.637;
2393, 0.644;
2394, 0.651;
2395, 0.658;
2396, 0.665;
2397, 0.672;
2398, 0.678;
2399, 0.685;
2400, 0.692;
2401, 0.698;
2402, 0.704;
2403, 0.711;
2404, 0.717;
2405, 0.723;
2406, 0.729;
2407, 0.734;
2408, 0.74;
2409, 0.745;
2410, 0.75;
2411, 0.755;
2412, 0.76;
2413, 0.765;
2414, 0.769;
2415, 0.774;
2416, 0.778;
2417, 0.775;
2418, 0.772;
2419, 0.769;
2420, 0.766;
2421, 0.763;
2422, 0.759;
2423, 0.755;
2424, 0.751;
2425, 0.747;
2426, 0.743;
2427, 0.738;
2428, 0.733;
2429, 0.728;
2430, 0.723;
2431, 0.718;
2432, 0.712;
2433, 0.706;
2434, 0.701;
2435, 0.694;
2436, 0.688;
2437, 0.682;
2438, 0.675;
2439, 0.668;
2440, 0.661;
2441, 0.654;
2442, 0.647;
2443, 0.64;
2444, 0.632;
2445, 0.624;
2446, 0.616;
2447, 0.608;
2448, 0.6;
2449, 0.592;
2450, 0.583;
2451, 0.574;
2452, 0.566;
2453, 0.557;
2454, 0.548;
2455, 0.538;
2456, 0.529;
2457, 0.519;
2458, 0.51;
2459, 0.5;
2460, 0.488;
2461, 0.476;
2462, 0.464;
2463, 0.451;
2464, 0.439;
2465, 0.427;
2466, 0.414;
2467, 0.402;
2468, 0.39;
2469, 0.378;
2470, 0.366;
2471, 0.354;
2472, 0.342;
2473, 0.33;
2474, 0.319;
2475, 0.308;
2476, 0.297;
2477, 0.286;
2478, 0.276;
2479, 0.266;
2480, 0.256;
2481, 0.247;
2482, 0.238;
2483, 0.229;
2484, 0.221;
2485, 0.214;
2486, 0.207;
2487, 0.2;
2488, 0.203;
2489, 0.206;
2490, 0.21;
2491, 0.215;
2492, 0.219;
2493, 0.225;
2494, 0.23;
2495, 0.236;
2496, 0.243;
2497, 0.25;
2498, 0.257;
2499, 0.265;
2500, 0.272;
2501, 0.281;
2502, 0.289;
2503, 0.298;
2504, 0.307;
2505, 0.316;
2506, 0.325;
2507, 0.335;
2508, 0.344;
2509, 0.354;
2510, 0.364;
2511, 0.374;
2512, 0.385;
2513, 0.395;
2514, 0.405;
2515, 0.416;
2516, 0.426;
2517, 0.436;
2518, 0.447;
2519, 0.457;
2520, 0.468;
2521, 0.478;
2522, 0.488;
2523, 0.498;
2524, 0.508;
2525, 0.518;
2526, 0.528;
2527, 0.537;
2528, 0.547;
2529, 0.556;
2530, 0.565;
2531, 0.573;
2532, 0.582;
2533, 0.59;
2534, 0.597;
2535, 0.605;
2536, 0.612;
2537, 0.619;
2538, 0.625;
2539, 0.631;
2540, 0.637;
2541, 0.642;
2542, 0.647;
2543, 0.651;
2544, 0.655;
2545, 0.658;
2546, 0.661;
2547, 0.663;
2548, 0.665;
2549, 0.666;
2550, 0.667;
2551, 0.667;
2552, 0.656;
2553, 0.646;
2554, 0.634;
2555, 0.623;
2556, 0.611;
2557, 0.598;
2558, 0.586;
2559, 0.573;
2560, 0.561;
2561, 0.548;
2562, 0.536;
2563, 0.524;
2564, 0.512;
2565, 0.5;
2566, 0.495;
2567, 0.49;
2568, 0.485;
2569, 0.481;
2570, 0.478;
2571, 0.474;
2572, 0.471;
2573, 0.469;
2574, 0.466;
2575, 0.464;
2576, 0.463;
2577, 0.461;
2578, 0.46;
2579, 0.459;
2580, 0.458;
2581, 0.458;
2582, 0.458;
2583, 0.458;
2584, 0.458;
2585, 0.459;
2586, 0.459;
2587, 0.46;
2588, 0.461;
2589, 0.462;
2590, 0.464;
2591, 0.465;
2592, 0.467;
2593, 0.468;
2594, 0.47;
2595, 0.472;
2596, 0.474;
2597, 0.476;
2598, 0.478;
2599, 0.48;
2600, 0.482;
2601, 0.484;
2602, 0.486;
2603, 0.489;
2604, 0.491;
2605, 0.493;
2606, 0.495;
2607, 0.497;
2608, 0.499;
2609, 0.501;
2610, 0.502;
2611, 0.504;
2612, 0.506;
2613, 0.507;
2614, 0.508;
2615, 0.51;
2616, 0.511;
2617, 0.512;
2618, 0.512;
2619, 0.513;
2620, 0.513;
2621, 0.513;
2622, 0.513;
2623, 0.513;
2624, 0.512;
2625, 0.511;
2626, 0.51;
2627, 0.509;
2628, 0.507;
2629, 0.505;
2630, 0.503;
2631, 0.5;
2632, 0.494;
2633, 0.489;
2634, 0.482;
2635, 0.476;
2636, 0.469;
2637, 0.462;
2638, 0.455;
2639, 0.448;
2640, 0.44;
2641, 0.433;
2642, 0.425;
2643, 0.417;
2644, 0.409;
2645, 0.401;
2646, 0.392;
2647, 0.384;
2648, 0.376;
2649, 0.368;
2650, 0.359;
2651, 0.351;
2652, 0.343;
2653, 0.335;
2654, 0.326;
2655, 0.318;
2656, 0.311;
2657, 0.303;
2658, 0.295;
2659, 0.288;
2660, 0.281;
2661, 0.274;
2662, 0.267;
2663, 0.261;
2664, 0.254;
2665, 0.249;
2666, 0.243;
2667, 0.238;
2668, 0.233;
2669, 0.228;
2670, 0.224;
2671, 0.221;
2672, 0.217;
2673, 0.214;
2674, 0.212;
2675, 0.21;
2676, 0.209;
2677, 0.208;
2678, 0.208;
2679, 0.208;
2680, 0.209;
2681, 0.21;
2682, 0.212;
2683, 0.215;
2684, 0.218;
2685, 0.222;
2686, 0.24;
2687, 0.258;
2688, 0.276;
2689, 0.295;
2690, 0.315;
2691, 0.335;
2692, 0.355;
2693, 0.376;
2694, 0.397;
2695, 0.418;
2696, 0.439;
2697, 0.461;
2698, 0.482;
2699, 0.504;
2700, 0.525;
2701, 0.546;
2702, 0.567;
2703, 0.588;
2704, 0.608;
2705, 0.628;
2706, 0.648;
2707, 0.667;
2708, 0.674;
2709, 0.681;
2710, 0.687;
2711, 0.692;
2712, 0.698;
2713, 0.702;
2714, 0.706;
2715, 0.71;
2716, 0.713;
2717, 0.716;
2718, 0.719;
2719, 0.721;
2720, 0.722;
2721, 0.723;
2722, 0.724;
2723, 0.724;
2724, 0.724;
2725, 0.723;
2726, 0.723;
2727, 0.721;
2728, 0.72;
2729, 0.718;
2730, 0.715;
2731, 0.713;
2732, 0.71;
2733, 0.707;
2734, 0.703;
2735, 0.699;
2736, 0.695;
2737, 0.691;
2738, 0.686;
2739, 0.681;
2740, 0.676;
2741, 0.67;
2742, 0.664;
2743, 0.659;
2744, 0.652;
2745, 0.646;
2746, 0.639;
2747, 0.633;
2748, 0.626;
2749, 0.619;
2750, 0.611;
2751, 0.604;
2752, 0.596;
2753, 0.589;
2754, 0.581;
2755, 0.573;
2756, 0.565;
2757, 0.557;
2758, 0.548;
2759, 0.54;
2760, 0.531;
2761, 0.523;
2762, 0.514;
2763, 0.506;
2764, 0.497;
2765, 0.488;
2766, 0.48;
2767, 0.471;
2768, 0.462;
2769, 0.453;
2770, 0.445;
2771, 0.436;
2772, 0.427;
2773, 0.418;
2774, 0.41;
2775, 0.401;
2776, 0.393;
2777, 0.384;
2778, 0.376;
2779, 0.367;
2780, 0.359;
2781, 0.351;
2782, 0.343;
2783, 0.335;
2784, 0.328;
2785, 0.32;
2786, 0.313;
2787, 0.305;
2788, 0.298;
2789, 0.291;
2790, 0.284;
2791, 0.278;
2792, 0.272;
2793, 0.265;
2794, 0.259;
2795, 0.254;
2796, 0.248;
2797, 0.243;
2798, 0.238;
2799, 0.233;
2800, 0.229;
2801, 0.225;
2802, 0.221;
2803, 0.217;
2804, 0.214;
2805, 0.211;
2806, 0.208;
2807, 0.206;
2808, 0.204;
2809, 0.202;
2810, 0.201;
2811, 0.2;
2812, 0.2;
2813, 0.199;
2814, 0.2;
2815, 0.2;
2816, 0.201;
2817, 0.203;
2818, 0.205;
2819, 0.207;
2820, 0.21;
2821, 0.213;
2822, 0.217;
2823, 0.221;
2824, 0.225;
2825, 0.231;
2826, 0.236;
2827, 0.242;
2828, 0.249;
2829, 0.256;
2830, 0.264;
2831, 0.272;
2832, 0.281;
2833, 0.29;
2834, 0.3;
2835, 0.311;
2836, 0.322;
2837, 0.333;
2838, 0.36;
2839, 0.386;
2840, 0.414;
2841, 0.441;
2842, 0.468;
2843, 0.495;
2844, 0.522;
2845, 0.548;
2846, 0.574;
2847, 0.598;
2848, 0.622;
2849, 0.645;
2850, 0.667;
2851, 0.671;
2852, 0.673;
2853, 0.675;
2854, 0.675;
2855, 0.674;
2856, 0.672;
2857, 0.669;
2858, 0.665;
2859, 0.66;
2860, 0.654;
2861, 0.647;
2862, 0.64;
2863, 0.632;
2864, 0.623;
2865, 0.613;
2866, 0.603;
2867, 0.593;
2868, 0.582;
2869, 0.571;
2870, 0.56;
2871, 0.548;
2872, 0.536;
2873, 0.524;
2874, 0.512;
2875, 0.5;
2876, 0.491;
2877, 0.482;
2878, 0.473;
2879, 0.464;
2880, 0.455;
2881, 0.446;
2882, 0.437;
2883, 0.428;
2884, 0.419;
2885, 0.411;
2886, 0.402;
2887, 0.394;
2888, 0.385;
2889, 0.377;
2890, 0.369;
2891, 0.361;
2892, 0.353;
2893, 0.345;
2894, 0.337;
2895, 0.329;
2896, 0.322;
2897, 0.314;
2898, 0.306;
2899, 0.299;
2900, 0.292;
2901, 0.285;
2902, 0.278;
2903, 0.271;
2904, 0.264;
2905, 0.257;
2906, 0.251;
2907, 0.244;
2908, 0.238;
2909, 0.232;
2910, 0.225;
2911, 0.219;
2912, 0.214;
2913, 0.208;
2914, 0.202;
2915, 0.197;
2916, 0.192;
2917, 0.186;
2918, 0.181;
2919, 0.176;
2920, 0.172;
2921, 0.167;
2922, 0.163;
2923, 0.158;
2924, 0.154;
2925, 0.15;
2926, 0.147;
2927, 0.143;
2928, 0.139;
2929, 0.136;
2930, 0.133;
2931, 0.13;
2932, 0.127;
2933, 0.124;
2934, 0.122;
2935, 0.12;
2936, 0.118;
2937, 0.116;
2938, 0.114;
2939, 0.112;
2940, 0.111;
2941, 0.11;
2942, 0.109;
2943, 0.108;
2944, 0.107;
2945, 0.107;
2946, 0.107;
2947, 0.107;
2948, 0.107;
2949, 0.108;
2950, 0.108;
2951, 0.109;
2952, 0.11;
2953, 0.111;
2954, 0.113;
2955, 0.115;
2956, 0.116;
2957, 0.119;
2958, 0.121;
2959, 0.124;
2960, 0.126;
2961, 0.13;
2962, 0.133;
2963, 0.136;
2964, 0.14;
2965, 0.144;
2966, 0.148;
2967, 0.153;
2968, 0.158;
2969, 0.163;
2970, 0.168;
2971, 0.174;
2972, 0.179;
2973, 0.185;
2974, 0.192;
2975, 0.198;
2976, 0.205;
2977, 0.212;
2978, 0.219;
2979, 0.227;
2980, 0.235;
2981, 0.243;
2982, 0.251;
2983, 0.26;
2984, 0.269;
2985, 0.278;
2986, 0.288;
2987, 0.298;
2988, 0.308;
2989, 0.318;
2990, 0.329;
2991, 0.34;
2992, 0.351;
2993, 0.363;
2994, 0.375;
2995, 0.399;
2996, 0.424;
2997, 0.449;
2998, 0.474;
2999, 0.499;
3000, 0.524;
3001, 0.548;
3002, 0.573;
3003, 0.597;
3004, 0.62;
3005, 0.644;
3006, 0.666;
3007, 0.688;
3008, 0.71;
3009, 0.73;
3010, 0.75;
3011, 0.754;
3012, 0.758;
3013, 0.76;
3014, 0.762;
3015, 0.763;
3016, 0.763;
3017, 0.762;
3018, 0.76;
3019, 0.758;
3020, 0.756;
3021, 0.752;
3022, 0.748;
3023, 0.744;
3024, 0.739;
3025, 0.733;
3026, 0.727;
3027, 0.721;
3028, 0.714;
3029, 0.707;
3030, 0.699;
3031, 0.691;
3032, 0.683;
3033, 0.675;
3034, 0.666;
3035, 0.658;
3036, 0.649;
3037, 0.64;
3038, 0.631;
3039, 0.622;
3040, 0.613;
3041, 0.603;
3042, 0.594;
3043, 0.585;
3044, 0.576;
3045, 0.568;
3046, 0.559;
3047, 0.551;
3048, 0.542;
3049, 0.535;
3050, 0.527;
3051, 0.52;
3052, 0.513;
3053, 0.506;
3054, 0.5;
3055, 0.5;
3056, 0.5;
3057, 0.501;
3058, 0.502;
3059, 0.504;
3060, 0.506;
3061, 0.508;
3062, 0.511;
3063, 0.514;
3064, 0.517;
3065, 0.521;
3066, 0.525;
3067, 0.529;
3068, 0.534;
3069, 0.538;
3070, 0.543;
3071, 0.549;
3072, 0.554;
3073, 0.56;
3074, 0.566;
3075, 0.572;
3076, 0.579;
3077, 0.585;
3078, 0.592;
3079, 0.599;
3080, 0.605;
3081, 0.612;
3082, 0.62;
3083, 0.627;
3084, 0.634;
3085, 0.641;
3086, 0.649;
3087, 0.656;
3088, 0.664;
3089, 0.671;
3090, 0.678;
3091, 0.686;
3092, 0.693;
3093, 0.7;
3094, 0.708;
3095, 0.715;
3096, 0.722;
3097, 0.729;
3098, 0.736;
3099, 0.743;
3100, 0.749;
3101, 0.756;
3102, 0.762;
3103, 0.768;
3104, 0.774;
3105, 0.78;
3106, 0.785;
3107, 0.79;
3108, 0.795;
3109, 0.8;
3110, 0.799;
3111, 0.798;
3112, 0.797;
3113, 0.796;
3114, 0.794;
3115, 0.792;
3116, 0.79;
3117, 0.788;
3118, 0.785;
3119, 0.782;
3120, 0.779;
3121, 0.776;
3122, 0.773;
3123, 0.769;
3124, 0.765;
3125, 0.762;
3126, 0.757;
3127, 0.753;
3128, 0.749;
3129, 0.744;
3130, 0.739;
3131, 0.735;
3132, 0.73;
3133, 0.725;
3134, 0.719;
3135, 0.714;
3136, 0.709;
3137, 0.703;
3138, 0.697;
3139, 0.692;
3140, 0.686;
3141, 0.68;
3142, 0.674;
3143, 0.668;
3144, 0.662;
3145, 0.656;
3146, 0.65;
3147, 0.644;
3148, 0.638;
3149, 0.632;
3150, 0.625;
3151, 0.619;
3152, 0.613;
3153, 0.607;
3154, 0.601;
3155, 0.595;
3156, 0.589;
3157, 0.582;
3158, 0.576;
3159, 0.57;
3160, 0.565;
3161, 0.559;
3162, 0.553;
3163, 0.547;
3164, 0.541;
3165, 0.536;
3166, 0.53;
3167, 0.525;
3168, 0.52;
3169, 0.515;
3170, 0.51;
3171, 0.505;
3172, 0.5;
3173, 0.498;
3174, 0.496;
3175, 0.494;
3176, 0.492;
3177, 0.49;
3178, 0.488;
3179, 0.487;
3180, 0.486;
3181, 0.484;
3182, 0.483;
3183, 0.482;
3184, 0.481;
3185, 0.48;
3186, 0.48;
3187, 0.479;
3188, 0.479;
3189, 0.478;
3190, 0.478;
3191, 0.477;
3192, 0.477;
3193, 0.477;
3194, 0.477;
3195, 0.477;
3196, 0.477;
3197, 0.477;
3198, 0.478;
3199, 0.478;
3200, 0.478;
3201, 0.479;
3202, 0.479;
3203, 0.48;
3204, 0.48;
3205, 0.481;
3206, 0.481;
3207, 0.482;
3208, 0.483;
3209, 0.483;
3210, 0.484;
3211, 0.485;
3212, 0.486;
3213, 0.486;
3214, 0.487;
3215, 0.488;
3216, 0.489;
3217, 0.49;
3218, 0.49;
3219, 0.491;
3220, 0.492;
3221, 0.493;
3222, 0.494;
3223, 0.494;
3224, 0.495;
3225, 0.496;
3226, 0.496;
3227, 0.497;
3228, 0.498;
3229, 0.498;
3230, 0.499;
3231, 0.5;
3232, 0.5;
3233, 0.5;
3234, 0.501;
3235, 0.501;
3236, 0.502;
3237, 0.502;
3238, 0.502;
3239, 0.502;
3240, 0.502;
3241, 0.502;
3242, 0.503;
3243, 0.503;
3244, 0.503;
3245, 0.503;
3246, 0.502;
3247, 0.502;
3248, 0.502;
3249, 0.502;
3250, 0.502;
3251, 0.502;
3252, 0.501;
3253, 0.501;
3254, 0.501;
3255, 0.5;
3256, 0.5;
3257, 0.5;
3258, 0.499;
3259, 0.499;
3260, 0.498;
3261, 0.498;
3262, 0.497;
3263, 0.497;
3264, 0.496;
3265, 0.496;
3266, 0.495;
3267, 0.495;
3268, 0.494;
3269, 0.494;
3270, 0.493;
3271, 0.492;
3272, 0.492;
3273, 0.491;
3274, 0.491;
3275, 0.49;
3276, 0.489;
3277, 0.489;
3278, 0.488;
3279, 0.487;
3280, 0.487;
3281, 0.486;
3282, 0.485;
3283, 0.485;
3284, 0.484;
3285, 0.483;
3286, 0.483;
3287, 0.482;
3288, 0.481;
3289, 0.481;
3290, 0.48;
3291, 0.48;
3292, 0.479;
3293, 0.478;
3294, 0.478;
3295, 0.477;
3296, 0.477;
3297, 0.476;
3298, 0.476;
3299, 0.475;
3300, 0.475;
3301, 0.474;
3302, 0.474;
3303, 0.473;
3304, 0.473;
3305, 0.472;
3306, 0.472;
3307, 0.472;
3308, 0.471;
3309, 0.471;
3310, 0.471;
3311, 0.471;
3312, 0.47;
3313, 0.47;
3314, 0.47;
3315, 0.47;
3316, 0.47;
3317, 0.47;
3318, 0.47;
3319, 0.47;
3320, 0.47;
3321, 0.47;
3322, 0.47;
3323, 0.47;
3324, 0.47;
3325, 0.471;
3326, 0.471;
3327, 0.471;
3328, 0.472;
3329, 0.472;
3330, 0.473;
3331, 0.473;
3332, 0.474;
3333, 0.474;
3334, 0.475;
3335, 0.476;
3336, 0.476;
3337, 0.477;
3338, 0.478;
3339, 0.479;
3340, 0.48;
3341, 0.481;
3342, 0.482;
3343, 0.483;
3344, 0.484;
3345, 0.486;
3346, 0.487;
3347, 0.488;
3348, 0.49;
3349, 0.491;
3350, 0.493;
3351, 0.495;
3352, 0.496;
3353, 0.498;
3354, 0.5;
3355, 0.502;
3356, 0.505;
3357, 0.508;
3358, 0.51;
3359, 0.513;
3360, 0.516;
3361, 0.519;
3362, 0.522;
3363, 0.525;
3364, 0.528;
3365, 0.531;
3366, 0.534;
3367, 0.537;
3368, 0.54;
3369, 0.543;
3370, 0.546;
3371, 0.55;
3372, 0.553;
3373, 0.556;
3374, 0.56;
3375, 0.563;
3376, 0.566;
3377, 0.57;
3378, 0.573;
3379, 0.576;
3380, 0.58;
3381, 0.583;
3382, 0.587;
3383, 0.59;
3384, 0.593;
3385, 0.597;
3386, 0.6;
3387, 0.603;
3388, 0.607;
3389, 0.61;
3390, 0.613;
3391, 0.617;
3392, 0.62;
3393, 0.623;
3394, 0.626;
3395, 0.63;
3396, 0.633;
3397, 0.636;
3398, 0.639;
3399, 0.642;
3400, 0.645;
3401, 0.648;
3402, 0.65;
3403, 0.653;
3404, 0.656;
3405, 0.659;
3406, 0.661;
3407, 0.664;
3408, 0.666;
3409, 0.669;
3410, 0.671;
3411, 0.673;
3412, 0.676;
3413, 0.678;
3414, 0.68;
3415, 0.682;
3416, 0.684;
3417, 0.685;
3418, 0.687;
3419, 0.689;
3420, 0.69;
3421, 0.691;
3422, 0.693;
3423, 0.694;
3424, 0.695;
3425, 0.696;
3426, 0.697;
3427, 0.698;
3428, 0.698;
3429, 0.699;
3430, 0.699;
3431, 0.699;
3432, 0.699;
3433, 0.699;
3434, 0.699;
3435, 0.699;
3436, 0.698;
3437, 0.698;
3438, 0.697;
3439, 0.696;
3440, 0.695;
3441, 0.694;
3442, 0.693;
3443, 0.691;
3444, 0.69;
3445, 0.688;
3446, 0.686;
3447, 0.684;
3448, 0.682;
3449, 0.679;
3450, 0.676;
3451, 0.674;
3452, 0.671;
3453, 0.667;
3454, 0.664;
3455, 0.661;
3456, 0.657;
3457, 0.653;
3458, 0.649;
3459, 0.644;
3460, 0.64;
3461, 0.635;
3462, 0.63;
3463, 0.625;
3464, 0.613;
3465, 0.6;
3466, 0.588;
3467, 0.575;
3468, 0.563;
3469, 0.55;
3470, 0.537;
3471, 0.524;
3472, 0.511;
3473, 0.498;
3474, 0.485;
3475, 0.473;
3476, 0.46;
3477, 0.448;
3478, 0.435;
3479, 0.423;
3480, 0.412;
3481, 0.4;
3482, 0.396;
3483, 0.393;
3484, 0.39;
3485, 0.387;
3486, 0.385;
3487, 0.382;
3488, 0.38;
3489, 0.379;
3490, 0.377;
3491, 0.376;
3492, 0.375;
3493, 0.374;
3494, 0.374;
3495, 0.373;
3496, 0.373;
3497, 0.373;
3498, 0.373;
3499, 0.374;
3500, 0.375;
3501, 0.376;
3502, 0.377;
3503, 0.378;
3504, 0.379;
3505, 0.381;
3506, 0.383;
3507, 0.385;
3508, 0.387;
3509, 0.389;
3510, 0.392;
3511, 0.394;
3512, 0.397;
3513, 0.4;
3514, 0.403;
3515, 0.406;
3516, 0.41;
3517, 0.413;
3518, 0.417;
3519, 0.42;
3520, 0.424;
3521, 0.428;
3522, 0.432;
3523, 0.436;
3524, 0.44;
3525, 0.444;
3526, 0.449;
3527, 0.453;
3528, 0.458;
3529, 0.462;
3530, 0.467;
3531, 0.472;
3532, 0.476;
3533, 0.481;
3534, 0.486;
3535, 0.491;
3536, 0.496;
3537, 0.501;
3538, 0.506;
3539, 0.511;
3540, 0.516;
3541, 0.521;
3542, 0.526;
3543, 0.532;
3544, 0.537;
3545, 0.542;
3546, 0.547;
3547, 0.552;
3548, 0.557;
3549, 0.562;
3550, 0.567;
3551, 0.572;
3552, 0.577;
3553, 0.582;
3554, 0.587;
3555, 0.592;
3556, 0.597;
3557, 0.601;
3558, 0.606;
3559, 0.611;
3560, 0.615;
3561, 0.62;
3562, 0.624;
3563, 0.629;
3564, 0.633;
3565, 0.637;
3566, 0.641;
3567, 0.645;
3568, 0.649;
3569, 0.653;
3570, 0.656;
3571, 0.66;
3572, 0.663;
3573, 0.667;
3574, 0.668;
3575, 0.669;
3576, 0.67;
3577, 0.671;
3578, 0.672;
3579, 0.672;
3580, 0.673;
3581, 0.673;
3582, 0.673;
3583, 0.673;
3584, 0.673;
3585, 0.673;
3586, 0.673;
3587, 0.673;
3588, 0.672;
3589, 0.672;
3590, 0.671;
3591, 0.671;
3592, 0.67;
3593, 0.669;
3594, 0.668;
3595, 0.667;
3596, 0.666;
3597, 0.664;
3598, 0.663;
3599, 0.662;
3600, 0.66;
3601, 0.658;
3602, 0.657;
3603, 0.655;
3604, 0.653;
3605, 0.651;
3606, 0.649;
3607, 0.647;
3608, 0.645;
3609, 0.643;
3610, 0.641;
3611, 0.638;
3612, 0.636;
3613, 0.633;
3614, 0.631;
3615, 0.628;
3616, 0.626;
3617, 0.623;
3618, 0.62;
3619, 0.618;
3620, 0.615;
3621, 0.612;
3622, 0.609;
3623, 0.606;
3624, 0.603;
3625, 0.6;
3626, 0.597;
3627, 0.594;
3628, 0.591;
3629, 0.587;
3630, 0.584;
3631, 0.581;
3632, 0.578;
3633, 0.574;
3634, 0.571;
3635, 0.568;
3636, 0.564;
3637, 0.561;
3638, 0.558;
3639, 0.554;
3640, 0.551;
3641, 0.547;
3642, 0.544;
3643, 0.54;
3644, 0.537;
3645, 0.534;
3646, 0.53;
3647, 0.527;
3648, 0.523;
3649, 0.52;
3650, 0.516;
3651, 0.513;
3652, 0.509;
3653, 0.506;
3654, 0.503;
3655, 0.499;
3656, 0.496;
3657, 0.492;
3658, 0.489;
3659, 0.486;
3660, 0.483;
3661, 0.479;
3662, 0.476;
3663, 0.473;
3664, 0.47;
3665, 0.467;
3666, 0.463;
3667, 0.46;
3668, 0.457;
3669, 0.454;
3670, 0.451;
3671, 0.448;
3672, 0.446;
3673, 0.443;
3674, 0.44;
3675, 0.437;
3676, 0.435;
3677, 0.432;
3678, 0.429;
3679, 0.427;
3680, 0.424;
3681, 0.422;
3682, 0.42;
3683, 0.417;
3684, 0.415;
3685, 0.413;
3686, 0.411;
3687, 0.409;
3688, 0.407;
3689, 0.405;
3690, 0.404;
3691, 0.402;
3692, 0.4;
3693, 0.399;
3694, 0.397;
3695, 0.396;
3696, 0.395;
3697, 0.393;
3698, 0.392;
3699, 0.391;
3700, 0.391;
3701, 0.39;
3702, 0.389;
3703, 0.388;
3704, 0.388;
3705, 0.388;
3706, 0.387;
3707, 0.387;
3708, 0.387;
3709, 0.387;
3710, 0.387;
3711, 0.387;
3712, 0.388;
3713, 0.388;
3714, 0.389;
3715, 0.39;
3716, 0.391;
3717, 0.392;
3718, 0.393;
3719, 0.394;
3720, 0.395;
3721, 0.397;
3722, 0.398;
3723, 0.4;
3724, 0.402;
3725, 0.404;
3726, 0.406;
3727, 0.409;
3728, 0.411;
3729, 0.414;
3730, 0.417;
3731, 0.42;
3732, 0.423;
3733, 0.426;
3734, 0.429;
3735, 0.433;
3736, 0.437;
3737, 0.44;
3738, 0.444;
3739, 0.449;
3740, 0.453;
3741, 0.458;
3742, 0.462;
3743, 0.467;
3744, 0.472;
3745, 0.477;
3746, 0.483;
3747, 0.488;
3748, 0.494;
3749, 0.5;
3750, 0.51;
3751, 0.52;
3752, 0.53;
3753, 0.54;
3754, 0.551;
3755, 0.561;
3756, 0.571;
3757, 0.582;
3758, 0.592;
3759, 0.602;
3760, 0.613;
3761, 0.623;
3762, 0.633;
3763, 0.642;
3764, 0.652;
3765, 0.661;
3766, 0.67;
3767, 0.679;
3768, 0.687;
3769, 0.695;
3770, 0.703;
3771, 0.71;
3772, 0.717;
3773, 0.724;
3774, 0.73;
3775, 0.735;
3776, 0.74;
3777, 0.744;
3778, 0.748;
3779, 0.751;
3780, 0.754;
3781, 0.755;
3782, 0.756;
3783, 0.757;
3784, 0.756;
3785, 0.755;
3786, 0.753;
3787, 0.75;
3788, 0.733;
3789, 0.714;
3790, 0.695;
3791, 0.675;
3792, 0.655;
3793, 0.634;
3794, 0.613;
3795, 0.591;
3796, 0.569;
3797, 0.547;
3798, 0.524;
3799, 0.501;
3800, 0.478;
3801, 0.455;
3802, 0.432;
3803, 0.409;
3804, 0.387;
3805, 0.364;
3806, 0.342;
3807, 0.32;
3808, 0.299;
3809, 0.278;
3810, 0.258;
3811, 0.238;
3812, 0.219;
3813, 0.201;
3814, 0.183;
3815, 0.167;
3816, 0.166;
3817, 0.166;
3818, 0.166;
3819, 0.168;
3820, 0.17;
3821, 0.174;
3822, 0.178;
3823, 0.182;
3824, 0.188;
3825, 0.194;
3826, 0.2;
3827, 0.207;
3828, 0.215;
3829, 0.223;
3830, 0.232;
3831, 0.241;
3832, 0.251;
3833, 0.261;
3834, 0.271;
3835, 0.282;
3836, 0.293;
3837, 0.304;
3838, 0.315;
3839, 0.327;
3840, 0.339;
3841, 0.35;
3842, 0.362;
3843, 0.374;
3844, 0.386;
3845, 0.398;
3846, 0.41;
3847, 0.422;
3848, 0.434;
3849, 0.445;
3850, 0.457;
3851, 0.468;
3852, 0.479;
3853, 0.49;
3854, 0.5;
3855, 0.506;
3856, 0.511;
3857, 0.516;
3858, 0.521;
3859, 0.526;
3860, 0.53;
3861, 0.534;
3862, 0.537;
3863, 0.54;
3864, 0.543;
3865, 0.546;
3866, 0.549;
3867, 0.551;
3868, 0.553;
3869, 0.554;
3870, 0.556;
3871, 0.557;
3872, 0.558;
3873, 0.559;
3874, 0.559;
3875, 0.56;
3876, 0.56;
3877, 0.56;
3878, 0.559;
3879, 0.559;
3880, 0.558;
3881, 0.557;
3882, 0.556;
3883, 0.555;
3884, 0.554;
3885, 0.552;
3886, 0.551;
3887, 0.549;
3888, 0.547;
3889, 0.545;
3890, 0.543;
3891, 0.541;
3892, 0.539;
3893, 0.536;
3894, 0.534;
3895, 0.531;
3896, 0.529;
3897, 0.526;
3898, 0.523;
3899, 0.521;
3900, 0.518;
3901, 0.515;
3902, 0.512;
3903, 0.509;
3904, 0.506;
3905, 0.503;
3906, 0.5;
3907, 0.497;
3908, 0.494;
3909, 0.491;
3910, 0.488;
3911, 0.485;
3912, 0.482;
3913, 0.479;
3914, 0.476;
3915, 0.474;
3916, 0.471;
3917, 0.468;
3918, 0.466;
3919, 0.463;
3920, 0.461;
3921, 0.458;
3922, 0.456;
3923, 0.454;
3924, 0.452;
3925, 0.45;
3926, 0.448;
3927, 0.447;
3928, 0.445;
3929, 0.444;
3930, 0.442;
3931, 0.441;
3932, 0.44;
3933, 0.44;
3934, 0.439;
3935, 0.439;
3936, 0.438;
3937, 0.438;
3938, 0.439;
3939, 0.439;
3940, 0.44;
3941, 0.44;
3942, 0.441;
3943, 0.443;
3944, 0.444;
3945, 0.446;
3946, 0.448;
3947, 0.45;
3948, 0.453;
3949, 0.456;
3950, 0.459;
3951, 0.462;
3952, 0.466;
3953, 0.47;
3954, 0.474;
3955, 0.478;
3956, 0.483;
3957, 0.489;
3958, 0.494;
3959, 0.5;
3960, 99999;
