0.0
0.107
0.214
0.321
0.429
0.536
0.643
0.75
0.769
0.788
0.808
0.827
0.846
0.865
0.885
0.904
0.923
0.942
0.962
0.981
1.0
0.167
0.208
0.25
0.292
0.333
0.375
0.417
0.458
0.5
0.542
0.583
0.625
0.667
0.681
0.694
0.708
0.722
0.736
0.75
0.764
0.778
0.792
0.806
0.819
0.833
0.847
0.861
0.875
0.889
0.903
0.917
0.931
0.944
0.958
0.972
0.986
1.0
0.844
0.689
0.533
0.378
0.222
0.221
0.22
0.218
0.217
0.216
0.215
0.213
0.212
0.211
0.209
0.208
0.207
0.206
0.204
0.203
0.202
0.2
0.199
0.198
0.197
0.195
0.194
0.193
0.192
0.19
0.189
0.188
0.186
0.185
0.184
0.183
0.181
0.18
0.179
0.177
0.176
0.175
0.174
0.172
0.171
0.17
0.168
0.167
0.166
0.165
0.163
0.162
0.161
0.16
0.158
0.157
0.156
0.154
0.153
0.152
0.151
0.149
0.148
0.147
0.145
0.144
0.143
0.142
0.14
0.139
0.138
0.137
0.135
0.134
0.133
0.131
0.13
0.129
0.128
0.126
0.125
0.14
0.154
0.169
0.183
0.198
0.212
0.227
0.242
0.256
0.271
0.285
0.3
0.315
0.329
0.344
0.358
0.373
0.388
0.402
0.417
0.431
0.446
0.46
0.475
0.49
0.504
0.519
0.533
0.548
0.562
0.577
0.592
0.606
0.621
0.635
0.65
0.665
0.679
0.694
0.708
0.723
0.738
0.752
0.767
0.781
0.796
0.81
0.825
0.84
0.854
0.869
0.883
0.898
0.912
0.927
0.942
0.956
0.971
0.985
1.0
1.0
1.0
1.0
1.0
1.0
1.0
1.0
1.0
1.0
1.0
1.0
1.0
1.0
1.0
1.0
1.0
1.0
1.0
1.0
1.0
1.0
1.0
1.0
1.0
1.0
1.0
1.0
1.0
1.0
1.0
1.0
1.0
1.0
1.0
0.98
0.961
0.941
0.921
0.901
0.882
0.862
0.842
0.822
0.803
0.783
0.763
0.743
0.724
0.704
0.684
0.664
0.645
0.625
0.708
0.792
0.875
0.85
0.825
0.8
0.775
0.75
0.725
0.7
0.675
0.65
0.625
0.6
0.575
0.55
0.525
0.5
0.75
0.76
0.771
0.781
0.792
0.802
0.812
0.823
0.833
0.844
0.854
0.865
0.875
0.885
0.896
0.906
0.917
0.927
0.938
0.948
0.958
0.969
0.979
0.99
1.0
0.984
0.969
0.953
0.937
0.922
0.906
0.89
0.875
0.859
0.843
0.827
0.812
0.796
0.78
0.765
0.749
0.733
0.718
0.702
0.686
0.671
0.655
0.639
0.624
0.608
0.592
0.576
0.561
0.545
0.529
0.514
0.498
0.482
0.467
0.451
0.435
0.42
0.404
0.388
0.373
0.357
0.341
0.325
0.31
0.294
0.278
0.263
0.247
0.231
0.216
0.2
0.228
0.255
0.283
0.31
0.338
0.366
0.393
0.421
0.448
0.476
0.503
0.531
0.559
0.586
0.614
0.641
0.669
0.697
0.724
0.752
0.779
0.807
0.834
0.862
0.89
0.917
0.945
0.972
1.0
1.0
1.0
1.0
1.0
1.0
1.0
1.0
1.0
1.0
1.0
1.0
1.0
1.0
1.0
1.0
1.0
1.0
1.0
1.0
1.0
1.0
1.0
1.0
1.0
1.0
1.0
1.0
1.0
1.0
1.0
1.0
1.0
1.0
1.0
1.0
1.0
1.0
1.0
1.0
1.0
1.0
1.0
1.0
1.0
1.0
1.0
1.0
1.0
1.0
1.0
1.0
1.0
1.0
1.0
1.0
1.0
1.0
1.0
1.0
1.0
1.0
0.993
0.986
0.979
0.971
0.964
0.957
0.95
0.943
0.936
0.929
0.921
0.914
0.907
0.9
0.893
0.886
0.879
0.871
0.864
0.857
0.85
0.843
0.836
0.829
0.822
0.815
0.808
0.801
0.794
0.787
0.78
0.772
0.765
0.758
0.751
0.744
0.737
0.73
0.723
0.716
0.709
0.702
0.695
0.688
0.681
0.674
0.667
0.685
0.704
0.722
0.741
0.759
0.778
0.796
0.815
0.833
0.852
0.87
0.889
0.861
0.833
0.806
0.778
0.75
0.75
0.749
0.749
0.748
0.748
0.747
0.747
0.746
0.746
0.745
0.745
0.744
0.744
0.743
0.743
0.742
0.742
0.741
0.741
0.74
0.74
0.739
0.739
0.738
0.738
0.737
0.737
0.736
0.736
0.735
0.735
0.734
0.734
0.733
0.733
0.732
0.732
0.731
0.731
0.73
0.73
0.729
0.729
0.728
0.728
0.727
0.727
0.727
0.726
0.726
0.725
0.725
0.724
0.724
0.723
0.723
0.722
0.722
0.721
0.721
0.72
0.72
0.719
0.719
0.718
0.718
0.717
0.717
0.716
0.716
0.715
0.715
0.714
0.661
0.607
0.554
0.5
0.446
0.393
0.339
0.286
0.232
0.179
0.125
0.137
0.15
0.162
0.174
0.187
0.199
0.211
0.224
0.236
0.248
0.261
0.273
0.285
0.298
0.31
0.322
0.335
0.347
0.359
0.371
0.384
0.396
0.408
0.421
0.433
0.445
0.458
0.47
0.482
0.495
0.507
0.519
0.532
0.544
0.556
0.569
0.581
0.593
0.606
0.618
0.63
0.643
0.655
0.667
0.68
0.692
0.704
0.717
0.729
0.741
0.754
0.766
0.778
0.79
0.803
0.815
0.827
0.84
0.852
0.864
0.877
0.889
0.901
0.914
0.926
0.938
0.951
0.963
0.975
0.988
1.0
0.987
0.974
0.961
0.948
0.935
0.923
0.91
0.897
0.884
0.871
0.858
0.845
0.832
0.819
0.806
0.794
0.781
0.768
0.755
0.742
0.729
0.716
0.703
0.69
0.677
0.665
0.652
0.639
0.626
0.613
0.6
0.7
0.8
0.9
1.0
0.993
0.987
0.98
0.973
0.967
0.96
0.953
0.947
0.94
0.933
0.927
0.92
0.913
0.907
0.9
0.893
0.887
0.88
0.873
0.867
0.86
0.853
0.847
0.84
0.833
0.811
0.789
0.767
0.744
0.722
0.7
0.678
0.656
0.633
0.611
0.589
0.567
0.544
0.522
0.5
0.538
0.575
0.612
0.65
0.688
0.725
0.762
0.8
0.837
0.875
0.879
0.883
0.887
0.891
0.895
0.898
0.902
0.906
0.91
0.914
0.918
0.922
0.926
0.93
0.934
0.938
0.941
0.945
0.949
0.953
0.957
0.961
0.965
0.969
0.973
0.977
0.98
0.984
0.988
0.992
0.996
1.0
0.998
0.996
0.994
0.991
0.989
0.987
0.985
0.983
0.981
0.979
0.976
0.974
0.972
0.97
0.968
0.966
0.964
0.962
0.959
0.957
0.955
0.953
0.951
0.949
0.947
0.944
0.942
0.94
0.938
0.936
0.934
0.932
0.929
0.927
0.925
0.923
0.921
0.919
0.917
0.915
0.912
0.91
0.908
0.906
0.904
0.902
0.9
0.897
0.895
0.893
0.891
0.889
0.893
0.897
0.901
0.905
0.909
0.913
0.917
0.921
0.925
0.929
0.933
0.937
0.94
0.944
0.948
0.952
0.956
0.96
0.964
0.968
0.972
0.976
0.98
0.984
0.988
0.992
0.996
1.0
1.0
1.0
1.0
1.0
1.0
1.0
1.0
1.0
1.0
1.0
0.97
0.939
0.909
0.879
0.848
0.818
0.788
0.758
0.727
0.697
0.667
0.679
0.69
0.702
0.714
0.726
0.738
0.75
0.762
0.774
0.786
0.798
0.81
0.821
0.833
0.845
0.857
0.869
0.881
0.893
0.905
0.917
0.929
0.94
0.952
0.964
0.976
0.988
1.0
0.2
0.208
0.216
0.224
0.233
0.241
0.249
0.257
0.265
0.273
0.282
0.29
0.298
0.306
0.314
0.322
0.331
0.339
0.347
0.355
0.363
0.371
0.38
0.388
0.396
0.404
0.412
0.42
0.429
0.437
0.445
0.453
0.461
0.469
0.478
0.486
0.494
0.502
0.51
0.518
0.527
0.535
0.543
0.551
0.559
0.567
0.576
0.584
0.592
0.6
0.608
0.616
0.624
0.633
0.641
0.649
0.657
0.665
0.673
0.682
0.69
0.698
0.706
0.714
0.717
0.72
0.722
0.725
0.728
0.73
0.733
0.735
0.738
0.741
0.743
0.746
0.749
0.751
0.754
0.757
0.759
0.762
0.765
0.767
0.77
0.772
0.775
0.778
0.78
0.783
0.786
0.788
0.791
0.794
0.796
0.799
0.802
0.804
0.807
0.81
0.812
0.815
0.817
0.82
0.823
0.825
0.828
0.831
0.833
0.836
0.839
0.841
0.844
0.847
0.849
0.852
0.854
0.857
0.854
0.851
0.847
0.844
0.841
0.837
0.834
0.831
0.827
0.824
0.821
0.817
0.814
0.811
0.808
0.804
0.801
0.798
0.794
0.791
0.788
0.784
0.781
0.778
0.774
0.771
0.768
0.765
0.761
0.758
0.755
0.751
0.748
0.745
0.741
0.738
0.735
0.731
0.728
0.725
0.722
0.718
0.715
0.712
0.708
0.705
0.702
0.698
0.695
0.692
0.688
0.685
0.682
0.679
0.675
0.672
0.669
0.665
0.662
0.659
0.655
0.652
0.649
0.646
0.642
0.639
0.636
0.632
0.629
0.626
0.622
0.619
0.616
0.612
0.609
0.606
0.603
0.599
0.596
0.593
0.589
0.586
0.583
0.579
0.576
0.573
0.569
0.566
0.563
0.56
0.556
0.553
0.55
0.546
0.543
0.54
0.536
0.533
0.53
0.526
0.523
0.52
0.517
0.513
0.51
0.507
0.503
0.5
0.512
0.524
0.537
0.549
0.561
0.573
0.585
0.598
0.61
0.622
0.634
0.646
0.659
0.671
0.683
0.695
0.707
0.72
0.732
0.744
0.756
0.768
0.78
0.793
0.805
0.817
0.829
0.841
0.854
0.866
0.878
0.89
0.902
0.915
0.927
0.939
0.951
0.963
0.976
0.988
1.0
0.982
0.964
0.946
0.929
0.911
0.893
0.875
0.857
0.839
0.821
0.804
0.786
0.768
0.75
0.67
0.59
0.51
0.431
0.351
0.271
0.191
0.111
0.115
0.119
0.123
0.127
0.131
0.135
0.139
0.143
0.146
0.15
0.154
0.158
0.162
0.166
0.17
0.174
0.178
0.182
0.186
0.19
0.194
0.198
0.201
0.205
0.209
0.213
0.217
0.221
0.225
0.229
0.233
0.237
0.241
0.245
0.249
0.253
0.256
0.26
0.264
0.268
0.272
0.276
0.28
0.284
0.288
0.292
0.296
0.3
0.304
0.308
0.311
0.315
0.319
0.323
0.327
0.331
0.335
0.339
0.343
0.347
0.351
0.355
0.359
0.363
0.366
0.37
0.374
0.378
0.382
0.386
0.39
0.394
0.398
0.402
0.406
0.41
0.414
0.418
0.421
0.425
0.429
0.433
0.437
0.441
0.445
0.449
0.453
0.457
0.461
0.465
0.469
0.473
0.476
0.48
0.484
0.488
0.492
0.496
0.5
0.75
0.771
0.792
0.812
0.833
0.854
0.875
0.896
0.917
0.938
0.958
0.979
1.0
0.978
0.956
0.933
0.911
0.889
0.867
0.844
0.822
0.8
0.778
0.756
0.733
0.711
0.689
0.667
0.644
0.622
0.6
0.578
0.556
0.533
0.511
0.489
0.467
0.444
0.422
0.4
0.378
0.356
0.333
0.311
0.289
0.267
0.244
0.222
0.241
0.259
0.278
0.296
0.315
0.333
0.352
0.37
0.389
0.407
0.426
0.444
0.463
0.481
0.5
0.519
0.537
0.556
0.574
0.593
0.611
0.63
0.648
0.667
0.685
0.704
0.722
0.741
0.759
0.778
0.784
0.791
0.797
0.804
0.81
0.817
0.824
0.83
0.837
0.843
0.85
0.856
0.863
0.869
0.876
0.882
0.889
0.895
0.902
0.908
0.915
0.922
0.928
0.935
0.941
0.948
0.954
0.961
0.967
0.974
0.98
0.987
0.993
1.0
0.967
0.933
0.9
0.867
0.833
0.8
0.767
0.733
0.7
0.667
0.633
0.6
0.567
0.533
0.5
0.508
0.516
0.524
0.533
0.541
0.549
0.557
0.565
0.573
0.581
0.589
0.598
0.606
0.614
0.622
0.63
0.638
0.646
0.654
0.663
0.671
0.679
0.687
0.695
0.703
0.711
0.72
0.728
0.736
0.744
0.752
0.76
0.768
0.776
0.785
0.793
0.801
0.809
0.817
0.825
0.833
0.824
0.815
0.805
0.796
0.786
0.777
0.768
0.758
0.749
0.739
0.73
0.721
0.711
0.702
0.692
0.683
0.674
0.664
0.655
0.645
0.636
0.626
0.617
0.608
0.598
0.589
0.579
0.57
0.561
0.551
0.542
0.532
0.523
0.514
0.504
0.495
0.485
0.476
0.467
0.457
0.448
0.438
0.429
0.42
0.41
0.401
0.391
0.382
0.373
0.363
0.354
0.344
0.335
0.326
0.316
0.307
0.297
0.288
0.279
0.269
0.26
0.25
0.241
0.232
0.222
0.257
0.292
0.327
0.363
0.398
0.433
0.468
0.503
0.538
0.573
0.608
0.643
0.678
0.713
0.749
0.784
0.819
0.854
0.889
0.892
0.895
0.898
0.901
0.904
0.906
0.909
0.912
0.915
0.918
0.921
0.924
0.927
0.93
0.933
0.936
0.939
0.942
0.944
0.947
0.95
0.953
0.956
0.959
0.962
0.965
0.968
0.971
0.974
0.977
0.98
0.982
0.985
0.988
0.991
0.994
0.997
1.0
1.0
1.0
1.0
1.0
1.0
1.0
1.0
1.0
1.0
1.0
1.0
1.0
1.0
1.0
1.0
1.0
1.0
1.0
1.0
1.0
1.0
1.0
1.0
1.0
1.0
1.0
1.0
1.0
1.0
1.0
1.0
1.0
1.0
1.0
1.0
1.0
1.0
1.0
1.0
1.0
1.0
1.0
0.8
0.6
0.4
0.43
0.46
0.49
0.52
0.55
0.58
0.61
0.64
0.67
0.7
0.73
0.76
0.79
0.82
0.85
0.88
0.91
0.94
0.97
1.0
0.833
0.667
0.5
0.333
0.429
0.524
0.619
0.714
0.81
0.905
1.0
1.0
1.0
1.0
1.0
1.0
1.0
0.989
0.978
0.968
0.957
0.946
0.935
0.924
0.914
0.903
0.892
0.881
0.87
0.859
0.849
0.838
0.827
0.816
0.805
0.795
0.784
0.773
0.762
0.751
0.741
0.73
0.719
0.708
0.697
0.686
0.676
0.665
0.654
0.643
0.632
0.622
0.611
0.6
0.8
0.795
0.79
0.786
0.781
0.776
0.771
0.767
0.762
0.757
0.752
0.748
0.743
0.738
0.733
0.729
0.724
0.719
0.714
0.71
0.705
0.7
0.695
0.69
0.686
0.681
0.676
0.671
0.667
0.662
0.657
0.652
0.648
0.643
0.638
0.633
0.629
0.624
0.619
0.614
0.61
0.605
0.6
0.8
0.798
0.797
0.795
0.794
0.792
0.791
0.789
0.788
0.786
0.784
0.783
0.781
0.78
0.778
0.777
0.775
0.773
0.772
0.77
0.769
0.767
0.766
0.764
0.762
0.761
0.759
0.758
0.756
0.755
0.753
0.752
0.75
0.765
0.779
0.794
0.809
0.824
0.838
0.853
0.868
0.882
0.897
0.912
0.926
0.941
0.956
0.971
0.985
1.0
1.0
1.0
1.0
1.0
1.0
1.0
1.0
1.0
1.0
1.0
1.0
0.988
0.975
0.963
0.951
0.938
0.926
0.914
0.901
0.889
0.877
0.864
0.852
0.84
0.827
0.815
0.802
0.79
0.778
0.765
0.753
0.741
0.728
0.716
0.704
0.691
0.679
0.667
0.65
0.634
0.617
0.6
0.584
0.567
0.551
0.534
0.518
0.501
0.484
0.468
0.451
0.435
0.418
0.402
0.385
0.369
0.352
0.335
0.319
0.302
0.286
0.327
0.367
0.408
0.449
0.49
0.531
0.571
0.612
0.653
0.694
0.735
0.776
0.816
0.857
0.867
0.876
0.886
0.895
0.905
0.914
0.924
0.933
0.943
0.952
0.962
0.971
0.981
0.99
1.0
1.0
1.0
1.0
1.0
1.0
1.0
1.0
1.0
1.0
1.0
1.0
1.0
1.0
1.0
1.0
0.938
0.875
0.812
0.75
0.688
0.625
0.562
0.5
0.501
0.503
0.504
0.506
0.507
0.509
0.51
0.512
0.513
0.515
0.516
0.518
0.519
0.521
0.522
0.524
0.525
0.526
0.528
0.529
0.531
0.532
0.534
0.535
0.537
0.538
0.54
0.541
0.543
0.544
0.546
0.547
0.549
0.55
0.551
0.553
0.554
0.556
0.557
0.559
0.56
0.562
0.563
0.565
0.566
0.568
0.569
0.571
0.572
0.574
0.575
0.576
0.578
0.579
0.581
0.582
0.584
0.585
0.587
0.588
0.59
0.591
0.593
0.594
0.596
0.597
0.599
0.6
0.633
0.667
0.7
0.733
0.767
0.8
0.833
0.867
0.9
0.933
0.967
1.0
0.996
0.992
0.988
0.984
0.98
0.976
0.972
0.968
0.964
0.96
0.956
0.952
0.948
0.944
0.94
0.937
0.933
0.929
0.925
0.921
0.917
0.913
0.909
0.905
0.901
0.897
0.893
0.889
0.885
0.881
0.877
0.873
0.869
0.865
0.861
0.857
0.853
0.849
0.845
0.841
0.837
0.833
0.829
0.825
0.821
0.817
0.813
0.81
0.806
0.802
0.798
0.794
0.79
0.786
0.782
0.778
0.774
0.77
0.766
0.762
0.758
0.754
0.75
0.64
0.53
0.42
0.31
0.2
0.21
0.22
0.23
0.24
0.25
0.26
0.27
0.279
0.289
0.299
0.309
0.319
0.329
0.339
0.349
0.359
0.369
0.379
0.389
0.399
0.409
0.418
0.428
0.438
0.448
0.458
0.468
0.478
0.488
0.498
0.508
0.518
0.528
0.538
0.548
0.557
0.567
0.577
0.587
0.597
0.607
0.617
0.627
0.637
0.647
0.657
0.667
0.661
0.656
0.65
0.644
0.639
0.633
0.628
0.622
0.617
0.611
0.606
0.6
0.633
0.667
0.7
0.733
0.767
0.8
0.833
0.867
0.9
0.933
0.967
1.0
0.25
0.273
0.295
0.318
0.341
0.364
0.386
0.409
0.432
0.455
0.477
0.5
0.523
0.545
0.568
0.591
0.614
0.636
0.659
0.682
0.705
0.727
0.75
0.773
0.795
0.818
0.841
0.864
0.886
0.909
0.932
0.955
0.977
1.0
0.984
0.968
0.952
0.937
0.921
0.905
0.889
0.873
0.857
0.841
0.825
0.81
0.794
0.778
0.762
0.746
0.73
0.714
0.698
0.683
0.667
0.663
0.659
0.655
0.651
0.647
0.643
0.639
0.635
0.631
0.627
0.623
0.619
0.615
0.611
0.607
0.603
0.599
0.595
0.591
0.587
0.583
0.579
0.575
0.571
0.567
0.563
0.56
0.556
0.574
0.593
0.611
0.63
0.648
0.667
0.685
0.704
0.722
0.741
0.759
0.778
0.787
0.796
0.804
0.813
0.822
0.831
0.84
0.849
0.858
0.867
0.876
0.884
0.893
0.902
0.911
0.92
0.929
0.938
0.947
0.956
0.964
0.973
0.982
0.991
1.0
0.982
0.965
0.947
0.93
0.912
0.895
0.877
0.86
0.842
0.825
0.807
0.789
0.772
0.754
0.737
0.719
0.702
0.684
0.667
1.0
0.993
0.986
0.979
0.971
0.964
0.957
0.95
0.943
0.936
0.929
0.921
0.914
0.907
0.9
0.893
0.886
0.879
0.871
0.864
0.857
0.861
0.865
0.869
0.873
0.878
0.882
0.886
0.89
0.894
0.898
0.902
0.906
0.91
0.914
0.918
0.922
0.927
0.931
0.935
0.939
0.943
0.947
0.951
0.955
0.959
0.963
0.967
0.971
0.976
0.98
0.984
0.988
0.992
0.996
1.0
0.956
0.912
0.868
0.824
0.78
0.736
0.692
0.648
0.604
0.56
0.516
0.473
0.429
0.43
0.432
0.434
0.435
0.437
0.439
0.44
0.442
0.444
0.445
0.447
0.449
0.45
0.452
0.454
0.455
0.457
0.459
0.461
0.462
0.464
0.466
0.467
0.469
0.471
0.472
0.474
0.476
0.477
0.479
0.481
0.482
0.484
0.486
0.487
0.489
0.491
0.492
0.494
0.496
0.497
0.499
0.501
0.503
0.504
0.506
0.508
0.509
0.511
0.513
0.514
0.516
0.518
0.519
0.521
0.523
0.524
0.526
0.528
0.529
0.531
0.533
0.534
0.536
0.538
0.539
0.541
0.543
0.545
0.546
0.548
0.55
0.551
0.553
0.555
0.556
0.558
0.56
0.561
0.563
0.565
0.566
0.568
0.57
0.571
0.573
0.575
0.576
0.578
0.58
0.582
0.583
0.585
0.587
0.588
0.59
0.592
0.593
0.595
0.597
0.598
0.6
0.609
0.618
0.627
0.636
0.645
0.655
0.664
0.673
0.682
0.691
0.7
0.709
0.718
0.727
0.736
0.745
0.755
0.764
0.773
0.782
0.791
0.8
0.809
0.818
0.827
0.836
0.845
0.855
0.864
0.873
0.882
0.891
0.9
0.909
0.918
0.927
0.936
0.945
0.955
0.964
0.973
0.982
0.991
1.0
0.988
0.975
0.963
0.951
0.938
0.926
0.914
0.901
0.889
0.877
0.864
0.852
0.84
0.827
0.815
0.802
0.79
0.778
0.765
0.753
0.741
0.728
0.716
0.704
0.691
0.679
0.667
0.654
0.642
0.63
0.617
0.605
0.593
0.58
0.568
0.556
0.574
0.593
0.611
0.63
0.648
0.667
0.685
0.704
0.722
0.741
0.759
0.778
0.78
0.783
0.786
0.788
0.791
0.794
0.796
0.799
0.801
0.804
0.807
0.809
0.812
0.815
0.817
0.82
0.822
0.825
0.828
0.83
0.833
0.836
0.838
0.841
0.843
0.846
0.849
0.851
0.854
0.857
0.859
0.862
0.864
0.867
0.87
0.872
0.875
0.863
0.852
0.84
0.828
0.817
0.805
0.793
0.782
0.77
0.758
0.747
0.735
0.723
0.712
0.7
0.688
0.677
0.665
0.653
0.641
0.63
0.618
0.606
0.595
0.583
0.571
0.572
0.573
0.573
0.574
0.574
0.575
0.575
0.576
0.576
0.577
0.578
0.578
0.579
0.579
0.58
0.58
0.581
0.582
0.582
0.583
0.583
0.584
0.584
0.585
0.585
0.586
0.587
0.587
0.588
0.588
0.589
0.589
0.59
0.59
0.591
0.592
0.592
0.593
0.593
0.594
0.594
0.595
0.596
0.596
0.597
0.597
0.598
0.598
0.599
0.599
0.6
0.612
0.624
0.635
0.647
0.659
0.671
0.682
0.694
0.706
0.718
0.729
0.741
0.753
0.765
0.776
0.788
0.8
0.812
0.824
0.835
0.847
0.859
0.871
0.882
0.894
0.906
0.918
0.929
0.941
0.953
0.965
0.976
0.988
1.0
0.97
0.94
0.911
0.881
0.851
0.821
0.792
0.762
0.732
0.702
0.673
0.643
0.613
0.583
0.554
0.524
0.494
0.464
0.435
0.405
0.375
0.345
0.315
0.286
0.321
0.357
0.393
0.429
0.464
0.5
0.536
0.571
0.667
0.762
0.857
0.862
0.868
0.873
0.878
0.884
0.889
0.894
0.899
0.905
0.91
0.915
0.921
0.926
0.931
0.937
0.942
0.947
0.952
0.958
0.963
0.968
0.974
0.979
0.984
0.989
0.995
1.0
1.0
1.0
1.0
1.0
1.0
1.0
1.0
1.0
1.0
1.0
1.0
1.0
0.996
0.993
0.989
0.985
0.981
0.978
0.974
0.97
0.967
0.963
0.959
0.956
0.952
0.948
0.944
0.941
0.937
0.933
0.93
0.926
0.922
0.919
0.915
0.911
0.907
0.904
0.9
0.896
0.893
0.889
0.885
0.881
0.878
0.874
0.87
0.867
0.863
0.859
0.856
0.852
0.848
0.844
0.841
0.837
0.833
0.844
0.856
0.867
0.878
0.889
0.9
0.911
0.922
0.933
0.944
0.956
0.967
0.978
0.989
1.0
0.125
0.155
0.185
0.216
0.246
0.276
0.306
0.336
0.366
0.397
0.427
0.457
0.487
0.517
0.547
0.578
0.608
0.638
0.668
0.698
0.728
0.759
0.789
0.819
0.849
0.879
0.909
0.94
0.97
1.0
0.948
0.896
0.844
0.793
0.741
0.689
0.637
0.585
0.533
0.481
0.43
0.378
0.326
0.274
0.222
0.228
0.234
0.24
0.246
0.251
0.257
0.263
0.269
0.275
0.28
0.286
0.292
0.298
0.304
0.31
0.315
0.321
0.327
0.333
0.339
0.344
0.35
0.356
0.362
0.368
0.374
0.379
0.385
0.391
0.397
0.403
0.408
0.414
0.42
0.426
0.432
0.438
0.443
0.449
0.455
0.461
0.467
0.472
0.478
0.484
0.49
0.496
0.502
0.507
0.513
0.519
0.525
0.531
0.537
0.542
0.548
0.554
0.56
0.566
0.571
0.58
0.588
0.596
0.604
0.612
0.62
0.628
0.636
0.644
0.652
0.66
0.668
0.677
0.685
0.693
0.701
0.709
0.717
0.725
0.733
0.741
0.749
0.757
0.765
0.774
0.782
0.79
0.798
0.806
0.814
0.822
0.83
0.838
0.846
0.854
0.863
0.871
0.879
0.887
0.895
0.903
0.911
0.919
0.927
0.935
0.943
0.951
0.96
0.968
0.976
0.984
0.992
1.0
0.25
0.279
0.308
0.337
0.365
0.394
0.423
0.452
0.481
0.51
0.538
0.567
0.596
0.625
0.654
0.683
0.712
0.74
0.769
0.798
0.827
0.856
0.885
0.913
0.942
0.971
1.0
0.952
0.905
0.857
0.81
0.762
0.714
0.667
0.619
0.571
0.571
0.57
0.569
0.569
0.568
0.567
0.567
0.566
0.565
0.565
0.564
0.563
0.563
0.562
0.562
0.561
0.56
0.56
0.559
0.558
0.558
0.557
0.556
0.556
0.574
0.593
0.611
0.63
0.648
0.667
0.685
0.704
0.722
0.741
0.759
0.778
0.783
0.789
0.795
0.801
0.806
0.812
0.818
0.823
0.829
0.835
0.84
0.846
0.852
0.858
0.863
0.869
0.875
0.88
0.886
0.892
0.897
0.903
0.909
0.915
0.92
0.926
0.932
0.937
0.943
0.949
0.954
0.96
0.966
0.972
0.977
0.983
0.989
0.994
1.0
0.97
0.939
0.909
0.879
0.848
0.818
0.788
0.758
0.727
0.697
0.667
0.676
0.685
0.694
0.704
0.713
0.722
0.731
0.741
0.75
0.759
0.769
0.778
0.787
0.796
0.806
0.815
0.824
0.833
0.843
0.852
0.861
0.87
0.88
0.889
0.898
0.907
0.917
0.926
0.935
0.944
0.954
0.963
0.972
0.981
0.991
1.0
0.96
0.92
0.88
0.84
0.8
0.76
0.72
0.68
0.64
0.6
0.603
0.606
0.61
0.613
0.616
0.619
0.622
0.625
0.629
0.632
0.635
0.638
0.641
0.644
0.648
0.651
0.654
0.657
0.66
0.663
0.667
0.67
0.673
0.676
0.679
0.683
0.686
0.689
0.692
0.695
0.698
0.702
0.705
0.708
0.711
0.714
0.71
0.706
0.701
0.697
0.693
0.688
0.684
0.68
0.675
0.671
0.667
0.662
0.658
0.654
0.649
0.645
0.641
0.636
0.632
0.628
0.623
0.619
0.615
0.61
0.606
0.602
0.597
0.593
0.589
0.584
0.58
0.576
0.571
0.595
0.619
0.643
0.667
0.69
0.714
0.738
0.762
0.786
0.81
0.833
0.857
0.852
0.847
0.843
0.838
0.833
0.828
0.823
0.818
0.813
0.809
0.804
0.799
0.794
0.789
0.784
0.78
0.775
0.77
0.765
0.76
0.755
0.75
0.746
0.741
0.736
0.731
0.726
0.721
0.716
0.712
0.707
0.702
0.697
0.692
0.687
0.682
0.678
0.673
0.668
0.663
0.658
0.653
0.649
0.644
0.639
0.634
0.629
0.624
0.619
0.615
0.61
0.605
0.6
0.596
0.593
0.589
0.585
0.581
0.578
0.574
0.57
0.567
0.563
0.559
0.556
0.552
0.548
0.544
0.541
0.537
0.533
0.53
0.526
0.522
0.519
0.515
0.511
0.507
0.504
0.5
0.496
0.493
0.489
0.485
0.481
0.478
0.474
0.47
0.467
0.463
0.459
0.456
0.452
0.448
0.444
0.441
0.437
0.433
0.43
0.426
0.422
0.419
0.415
0.411
0.407
0.404
0.4
0.396
0.393
0.389
0.385
0.381
0.378
0.374
0.37
0.367
0.363
0.359
0.356
0.352
0.348
0.344
0.341
0.337
0.333
0.342
0.35
0.358
0.366
0.374
0.383
0.391
0.399
0.407
0.416
0.424
0.432
0.44
0.449
0.457
0.465
0.473
0.481
0.49
0.498
0.506
0.514
0.523
0.531
0.539
0.547
0.556
0.564
0.572
0.58
0.588
0.597
0.605
0.613
0.621
0.63
0.638
0.646
0.654
0.663
0.671
0.679
0.687
0.695
0.704
0.712
0.72
0.728
0.737
0.745
0.753
0.761
0.77
0.778
0.786
0.794
0.802
0.811
0.819
0.827
0.835
0.844
0.852
0.86
0.868
0.877
0.885
0.893
0.901
0.909
0.918
0.926
0.934
0.942
0.951
0.959
0.967
0.975
0.984
0.992
1.0
1.0
1.0
1.0
1.0
1.0
1.0
1.0
1.0
1.0
1.0
1.0
1.0
1.0
1.0
1.0
1.0
1.0
1.0
1.0
1.0
1.0
1.0
1.0
1.0
1.0
1.0
1.0
1.0
1.0
1.0
1.0
1.0
1.0
1.0
1.0
1.0
1.0
1.0
1.0
1.0
1.0
1.0
1.0
1.0
1.0
1.0
1.0
0.998
0.996
0.993
0.991
0.989
0.987
0.985
0.982
0.98
0.978
0.976
0.974
0.971
0.969
0.967
0.965
0.963
0.96
0.958
0.956
0.954
0.952
0.949
0.947
0.945
0.943
0.941
0.938
0.936
0.934
0.932
0.93
0.927
0.925
0.923
0.921
0.919
0.916
0.914
0.912
0.91
0.908
0.905
0.903
0.901
0.899
0.897
0.895
0.892
0.89
0.888
0.886
0.884
0.881
0.879
0.877
0.875
0.873
0.87
0.868
0.866
0.864
0.862
0.859
0.857
0.854
0.851
0.849
0.846
0.843
0.84
0.837
0.834
0.831
0.829
0.826
0.823
0.82
0.817
0.814
0.811
0.809
0.806
0.803
0.8
0.815
0.831
0.846
0.862
0.877
0.892
0.908
0.923
0.938
0.954
0.969
0.985
1.0
0.997
0.993
0.99
0.987
0.984
0.98
0.977
0.974
0.97
0.967
0.964
0.961
0.957
0.954
0.951
0.947
0.944
0.941
0.938
0.934
0.931
0.928
0.924
0.921
0.918
0.915
0.911
0.908
0.905
0.901
0.898
0.895
0.892
0.888
0.885
0.882
0.878
0.875
0.872
0.869
0.865
0.862
0.859
0.856
0.852
0.849
0.846
0.842
0.839
0.836
0.833
0.829
0.826
0.823
0.819
0.816
0.813
0.81
0.806
0.803
0.8
0.796
0.793
0.79
0.787
0.783
0.78
0.777
0.773
0.77
0.767
0.764
0.76
0.757
0.754
0.75
0.747
0.744
0.741
0.737
0.734
0.731
0.727
0.724
0.721
0.718
0.714
0.716
0.717
0.719
0.72
0.722
0.723
0.724
0.726
0.727
0.729
0.73
0.732
0.733
0.735
0.736
0.738
0.739
0.74
0.742
0.743
0.745
0.746
0.748
0.749
0.751
0.752
0.754
0.755
0.756
0.758
0.759
0.761
0.762
0.764
0.765
0.767
0.768
0.769
0.771
0.772
0.774
0.775
0.777
0.778
0.78
0.781
0.783
0.784
0.785
0.787
0.788
0.79
0.791
0.793
0.794
0.796
0.797
0.799
0.8
0.9
0.906
0.912
0.918
0.924
0.929
0.935
0.941
0.947
0.953
0.959
0.965
0.971
0.976
0.982
0.988
0.994
1.0
1.0
1.0
1.0
1.0
1.0
1.0
1.0
1.0
1.0
1.0
1.0
1.0
1.0
1.0
1.0
1.0
1.0
1.0
1.0
1.0
1.0
1.0
1.0
1.0
1.0
1.0
1.0
1.0
1.0
1.0
1.0
1.0
1.0
0.992
0.984
0.977
0.969
0.961
0.953
0.945
0.938
0.93
0.922
0.914
0.906
0.899
0.891
0.883
0.875
0.868
0.86
0.852
0.844
0.836
0.829
0.821
0.813
0.805
0.797
0.79
0.782
0.774
0.766
0.758
0.751
0.743
0.735
0.727
0.732
0.737
0.741
0.746
0.75
0.755
0.76
0.764
0.769
0.773
0.778
0.783
0.787
0.792
0.797
0.801
0.806
0.81
0.815
0.82
0.824
0.829
0.834
0.838
0.843
0.847
0.852
0.857
0.861
0.866
0.871
0.875
0.88
0.884
0.889
0.894
0.898
0.903
0.908
0.912
0.917
0.921
0.926
0.931
0.935
0.94
0.945
0.949
0.954
0.958
0.963
0.968
0.972
0.977
0.982
0.986
0.991
0.995
1.0
0.985
0.971
0.956
0.941
0.926
0.912
0.897
0.882
0.868
0.853
0.838
0.824
0.809
0.794
0.779
0.765
0.75
0.735
0.721
0.706
0.691
0.676
0.662
0.647
0.632
0.618
0.603
0.588
0.574
0.559
0.544
0.529
0.515
0.5
0.528
0.556
0.583
0.611
0.639
0.667
0.694
0.722
0.75
0.778
0.806
0.833
0.861
0.889
0.917
0.944
0.972
1.0
0.992
0.983
0.975
0.967
0.958
0.95
0.942
0.933
0.925
0.917
0.908
0.9
0.892
0.883
0.875
0.867
0.858
0.85
0.842
0.833
0.825
0.817
0.808
0.8
0.792
0.783
0.775
0.767
0.758
0.75
0.742
0.733
0.725
0.717
0.708
0.7
0.692
0.683
0.675
0.667
0.643
0.619
0.595
0.571
0.548
0.524
0.5
0.476
0.452
0.429
0.405
0.381
0.357
0.333
0.31
0.286
0.289
0.292
0.295
0.298
0.302
0.305
0.308
0.311
0.314
0.317
0.321
0.324
0.327
0.33
0.333
0.337
0.34
0.343
0.346
0.349
0.352
0.356
0.359
0.362
0.365
0.368
0.371
0.375
0.378
0.381
0.384
0.387
0.39
0.394
0.397
0.4
0.403
0.406
0.41
0.413
0.416
0.419
0.422
0.425
0.429
0.432
0.435
0.438
0.441
0.444
0.448
0.451
0.454
0.457
0.46
0.463
0.467
0.47
0.473
0.476
0.479
0.483
0.486
0.489
0.492
0.495
0.498
0.502
0.505
0.508
0.511
0.514
0.517
0.521
0.524
0.527
0.53
0.533
0.537
0.54
0.543
0.546
0.549
0.552
0.556
0.559
0.562
0.565
0.568
0.571
0.564
0.557
0.55
0.543
0.536
0.529
0.521
0.514
0.507
0.5
0.75
0.755
0.759
0.764
0.769
0.773
0.778
0.782
0.787
0.792
0.796
0.801
0.806
0.81
0.815
0.819
0.824
0.829
0.833
0.838
0.843
0.847
0.852
0.856
0.861
0.866
0.87
0.875
0.88
0.884
0.889
0.894
0.898
0.903
0.907
0.912
0.917
0.921
0.926
0.931
0.935
0.94
0.944
0.949
0.954
0.958
0.963
0.968
0.972
0.977
0.981
0.986
0.991
0.995
1.0
0.975
0.951
0.926
0.901
0.877
0.852
0.828
0.803
0.778
0.754
0.729
0.704
0.68
0.655
0.631
0.606
0.581
0.557
0.532
0.507
0.483
0.458
0.433
0.409
0.384
0.36
0.335
0.31
0.286
0.357
0.429
0.5
0.571
0.582
0.593
0.604
0.615
0.626
0.637
0.648
0.659
0.67
0.681
0.692
0.703
0.714
0.725
0.736
0.747
0.758
0.769
0.78
0.791
0.802
0.813
0.824
0.835
0.846
0.857
0.868
0.879
0.89
0.901
0.912
0.923
0.934
0.945
0.956
0.967
0.978
0.989
1.0
0.944
0.889
0.833
0.778
0.722
0.667
0.611
0.556
0.5
0.444
0.389
0.333
0.332
0.331
0.33
0.329
0.328
0.327
0.326
0.325
0.324
0.323
0.322
0.321
0.32
0.319
0.318
0.317
0.316
0.315
0.314
0.313
0.312
0.311
0.31
0.309
0.308
0.307
0.306
0.305
0.304
0.303
0.302
0.301
0.299
0.298
0.297
0.296
0.295
0.294
0.293
0.292
0.291
0.29
0.289
0.288
0.287
0.286
0.285
0.284
0.283
0.282
0.281
0.28
0.279
0.278
0.277
0.276
0.275
0.274
0.273
0.272
0.271
0.27
0.269
0.268
0.267
0.266
0.265
0.264
0.263
0.262
0.261
0.259
0.258
0.257
0.256
0.255
0.254
0.253
0.252
0.251
0.25
0.249
0.248
0.247
0.246
0.245
0.244
0.243
0.242
0.241
0.24
0.239
0.238
0.237
0.236
0.235
0.234
0.233
0.232
0.231
0.23
0.229
0.228
0.227
0.226
0.225
0.224
0.223
0.222
0.221
0.219
0.218
0.217
0.216
0.215
0.214
0.213
0.212
0.211
0.21
0.209
0.208
0.207
0.206
0.205
0.204
0.203
0.202
0.201
0.2
0.205
0.21
0.214
0.219
0.224
0.229
0.233
0.238
0.243
0.248
0.252
0.257
0.262
0.267
0.271
0.276
0.281
0.286
0.29
0.295
0.3
0.32
0.34
0.36
0.38
0.4
0.42
0.44
0.46
0.48
0.5
0.52
0.54
0.56
0.58
0.6
0.62
0.64
0.66
0.68
0.7
0.72
0.74
0.76
0.78
0.8
0.82
0.84
0.86
0.88
0.9
0.92
0.94
0.96
0.98
1.0
0.99
0.98
0.97
0.96
0.95
0.94
0.93
0.92
0.91
0.9
0.891
0.881
0.871
0.861
0.851
0.841
0.831
0.821
0.811
0.801
0.791
0.781
0.771
0.761
0.751
0.741
0.731
0.721
0.711
0.701
0.692
0.682
0.672
0.662
0.652
0.642
0.632
0.622
0.612
0.602
0.592
0.582
0.572
0.562
0.552
0.542
0.532
0.522
0.512
0.502
0.493
0.483
0.473
0.463
0.453
0.443
0.433
0.423
0.413
0.403
0.393
0.383
0.373
0.363
0.353
0.343
0.333
0.417
0.5
0.583
0.667
0.688
0.708
0.729
0.75
0.771
0.792
0.812
0.833
0.854
0.875
0.896
0.917
0.938
0.958
0.979
1.0
1.0
1.0
1.0
1.0
1.0
1.0
1.0
1.0
1.0
1.0
0.917
0.833
0.75
0.667
0.583
0.5
0.542
0.583
0.625
0.667
0.708
0.75
0.792
0.833
0.838
0.843
0.848
0.854
0.859
0.864
0.869
0.874
0.879
0.884
0.889
0.894
0.899
0.904
0.909
0.914
0.919
0.924
0.929
0.934
0.939
0.944
0.949
0.955
0.96
0.965
0.97
0.975
0.98
0.985
0.99
0.995
1.0
0.997
0.994
0.991
0.988
0.984
0.981
0.978
0.975
0.972
0.969
0.966
0.963
0.96
0.957
0.953
0.95
0.947
0.944
0.941
0.938
0.935
0.932
0.929
0.925
0.922
0.919
0.916
0.913
0.91
0.907
0.904
0.901
0.898
0.894
0.891
0.888
0.885
0.882
0.879
0.876
0.873
0.87
0.866
0.863
0.86
0.857
0.848
0.839
0.83
0.821
0.812
0.804
0.795
0.786
0.777
0.768
0.759
0.75
0.72
0.69
0.661
0.631
0.601
0.571
0.542
0.512
0.482
0.452
0.423
0.393
0.363
0.333
0.417
0.5
0.583
0.667
0.688
0.708
0.729
0.75
0.771
0.792
0.812
0.833
0.854
0.875
0.896
0.917
0.938
0.958
0.979
1.0
1.0
1.0
1.0
1.0
1.0
1.0
1.0
1.0
1.0
1.0
0.911
0.821
0.732
0.643
0.554
0.464
0.375
0.5
0.547
0.594
0.641
0.688
0.734
0.781
0.828
0.875
0.879
0.883
0.886
0.89
0.894
0.898
0.902
0.905
0.909
0.913
0.917
0.92
0.924
0.928
0.932
0.936
0.939
0.943
0.947
0.951
0.955
0.958
0.962
0.966
0.97
0.973
0.977
0.981
0.985
0.989
0.992
0.996
1.0
0.998
0.996
0.994
0.992
0.991
0.989
0.987
0.985
0.983
0.981
0.979
0.977
0.975
0.973
0.972
0.97
0.968
0.966
0.964
0.962
0.96
0.958
0.956
0.955
0.953
0.951
0.949
0.947
0.945
0.943
0.941
0.939
0.938
0.936
0.934
0.932
0.93
0.928
0.926
0.924
0.922
0.92
0.919
0.917
0.915
0.913
0.911
0.909
0.907
0.905
0.903
0.902
0.9
0.898
0.896
0.894
0.892
0.89
0.888
0.886
0.884
0.883
0.881
0.879
0.877
0.875
0.841
0.808
0.774
0.74
0.706
0.673
0.639
0.605
0.571
0.579
0.586
0.594
0.601
0.609
0.616
0.624
0.631
0.638
0.646
0.653
0.661
0.668
0.676
0.683
0.69
0.698
0.705
0.713
0.72
0.728
0.735
0.743
0.75
0.75
0.75
0.75
0.75
0.75
0.75
0.75
0.731
0.712
0.693
0.674
0.655
0.635
0.616
0.597
0.578
0.559
0.54
0.521
0.502
0.483
0.464
0.444
0.467
0.489
0.511
0.533
0.556
0.578
0.6
0.622
0.644
0.667
0.689
0.711
0.733
0.756
0.778
0.8
0.822
0.844
0.867
0.889
0.911
0.933
0.956
0.978
1.0
0.987
0.975
0.962
0.95
0.937
0.925
0.912
0.899
0.887
0.874
0.862
0.849
0.836
0.824
0.811
0.799
0.786
0.774
0.761
0.748
0.736
0.723
0.711
0.698
0.686
0.673
0.66
0.648
0.635
0.623
0.61
0.597
0.585
0.572
0.56
0.547
0.535
0.522
0.509
0.497
0.484
0.472
0.459
0.447
0.434
0.421
0.409
0.396
0.384
0.371
0.358
0.346
0.333
0.345
0.358
0.37
0.382
0.394
0.406
0.418
0.43
0.442
0.455
0.467
0.479
0.491
0.503
0.515
0.527
0.539
0.552
0.564
0.576
0.588
0.6
0.612
0.624
0.636
0.648
0.661
0.673
0.685
0.697
0.709
0.721
0.733
0.745
0.758
0.77
0.782
0.794
0.806
0.818
0.83
0.842
0.855
0.867
0.879
0.891
0.903
0.915
0.927
0.939
0.952
0.964
0.976
0.988
1.0
1.0
1.0
1.0
1.0
1.0
1.0
1.0
1.0
1.0
1.0
1.0
1.0
1.0
1.0
1.0
1.0
1.0
1.0
1.0
1.0
1.0
1.0
1.0
1.0
1.0
1.0
1.0
1.0
1.0
1.0
1.0
1.0
1.0
1.0
1.0
1.0
0.993
0.987
0.98
0.973
0.967
0.96
0.953
0.947
0.94
0.933
0.927
0.92
0.913
0.907
0.9
0.893
0.887
0.88
0.873
0.867
0.86
0.853
0.847
0.84
0.833
0.844
0.854
0.865
0.875
0.885
0.896
0.906
0.917
0.927
0.938
0.948
0.958
0.969
0.979
0.99
1.0
0.167
0.196
0.226
0.256
0.286
0.315
0.345
0.375
0.405
0.435
0.464
0.494
0.524
0.554
0.583
0.613
0.643
0.673
0.702
0.732
0.762
0.792
0.821
0.851
0.881
0.911
0.94
0.97
1.0
0.125
0.128
0.131
0.135
0.138
0.141
0.144
0.148
0.151
0.154
0.157
0.16
0.164
0.167
0.17
0.173
0.176
0.18
0.183
0.186
0.189
0.192
0.196
0.199
0.202
0.205
0.209
0.212
0.215
0.218
0.221
0.225
0.228
0.231
0.234
0.238
0.241
0.244
0.247
0.25
0.254
0.257
0.26
0.263
0.266
0.27
0.273
0.276
0.279
0.282
0.286
0.301
0.315
0.33
0.345
0.36
0.375
0.39
0.405
0.42
0.435
0.449
0.464
0.479
0.494
0.509
0.524
0.539
0.554
0.568
0.583
0.598
0.613
0.628
0.643
0.658
0.673
0.688
0.702
0.717
0.732
0.747
0.762
0.777
0.792
0.807
0.821
0.836
0.851
0.866
0.881
0.896
0.911
0.926
0.94
0.955
0.97
0.985
1.0
1.0
1.0
1.0
1.0
1.0
1.0
1.0
1.0
1.0
1.0
0.857
0.714
0.571
0.429
0.286
0.298
0.311
0.324
0.337
0.349
0.362
0.375
0.388
0.401
0.413
0.426
0.439
0.452
0.464
0.477
0.49
0.503
0.515
0.528
0.541
0.554
0.566
0.579
0.592
0.605
0.617
0.63
0.643
0.656
0.668
0.681
0.694
0.707
0.719
0.732
0.745
0.758
0.77
0.783
0.796
0.809
0.821
0.834
0.847
0.86
0.872
0.885
0.898
0.911
0.923
0.936
0.949
0.962
0.974
0.987
1.0
1.0
1.0
1.0
1.0
1.0
1.0
1.0
1.0
1.0
1.0
1.0
1.0
1.0
1.0
1.0
1.0
1.0
1.0
1.0
1.0
1.0
1.0
1.0
1.0
1.0
1.0
1.0
1.0
1.0
1.0
1.0
1.0
1.0
1.0
1.0
1.0
1.0
1.0
1.0
1.0
1.0
1.0
1.0
1.0
1.0
0.997
0.993
0.99
0.986
0.983
0.979
0.976
0.972
0.969
0.965
0.962
0.958
0.955
0.951
0.948
0.944
0.941
0.938
0.934
0.931
0.927
0.924
0.92
0.917
0.913
0.91
0.906
0.903
0.899
0.896
0.892
0.889
0.885
0.882
0.878
0.875
0.872
0.868
0.865
0.861
0.858
0.854
0.851
0.847
0.844
0.84
0.837
0.833
0.833
0.833
0.833
0.833
0.833
0.833
0.833
0.833
0.833
0.833
0.833
0.833
0.833
0.833
0.833
0.833
0.833
0.833
0.833
0.835
0.837
0.838
0.84
0.842
0.844
0.845
0.847
0.849
0.85
0.852
0.854
0.855
0.857
0.859
0.861
0.862
0.864
0.866
0.867
0.869
0.871
0.872
0.874
0.876
0.878
0.879
0.881
0.883
0.884
0.886
0.888
0.889
0.891
0.893
0.895
0.896
0.898
0.9
0.901
0.903
0.905
0.906
0.908
0.91
0.912
0.913
0.915
0.917
0.918
0.92
0.922
0.923
0.925
0.927
0.929
0.93
0.932
0.934
0.935
0.937
0.939
0.94
0.942
0.944
0.946
0.947
0.949
0.951
0.952
0.954
0.956
0.957
0.959
0.961
0.963
0.964
0.966
0.968
0.969
0.971
0.973
0.974
0.976
0.978
0.98
0.981
0.983
0.985
0.986
0.988
0.99
0.991
0.993
0.995
0.997
0.998
1.0
1.0
