0.0
0.051
0.105
0.163
0.222
0.284
0.346
0.408
0.47
0.531
0.589
0.645
0.698
0.747
0.791
0.83
0.862
0.888
0.906
0.916
0.917
0.908
0.889
0.859
0.82
0.772
0.718
0.658
0.594
0.528
0.461
0.394
0.328
0.266
0.208
0.156
0.111
0.075
0.047
0.027
0.014
0.008
0.008
0.014
0.026
0.042
0.063
0.088
0.117
0.148
0.182
0.218
0.255
0.294
0.333
0.373
0.412
0.45
0.487
0.523
0.556
0.586
0.614
0.639
0.662
0.682
0.7
0.716
0.729
0.741
0.751
0.758
0.764
0.768
0.771
0.772
0.771
0.769
0.766
0.761
0.756
0.749
0.741
0.732
0.723
0.712
0.701
0.69
0.678
0.665
0.652
0.639
0.626
0.612
0.599
0.585
0.572
0.559
0.546
0.534
0.522
0.511
0.5
0.49
0.481
0.472
0.464
0.457
0.45
0.444
0.439
0.434
0.43
0.426
0.423
0.42
0.418
0.417
0.415
0.415
0.415
0.415
0.416
0.417
0.418
0.42
0.422
0.425
0.428
0.431
0.434
0.438
0.442
0.447
0.451
0.456
0.461
0.466
0.472
0.477
0.483
0.489
0.495
0.501
0.507
0.513
0.52
0.526
0.532
0.539
0.545
0.551
0.558
0.564
0.57
0.576
0.583
0.588
0.594
0.6
0.606
0.611
0.616
0.621
0.626
0.631
0.636
0.64
0.644
0.649
0.653
0.657
0.66
0.664
0.667
0.671
0.674
0.677
0.68
0.683
0.685
0.688
0.69
0.693
0.695
0.697
0.699
0.701
0.702
0.704
0.705
0.707
0.708
0.709
0.71
0.711
0.711
0.712
0.712
0.713
0.713
0.713
0.713
0.713
0.713
0.713
0.712
0.712
0.711
0.711
0.71
0.709
0.708
0.707
0.706
0.704
0.703
0.702
0.7
0.699
0.697
0.695
0.693
0.691
0.689
0.687
0.685
0.682
0.68
0.678
0.675
0.673
0.67
0.667
0.664
0.661
0.658
0.655
0.652
0.649
0.646
0.642
0.639
0.636
0.632
0.629
0.625
0.621
0.618
0.614
0.61
0.606
0.602
0.598
0.594
0.59
0.586
0.582
0.578
0.573
0.569
0.565
0.56
0.556
0.552
0.547
0.543
0.538
0.534
0.529
0.525
0.52
0.516
0.511
0.507
0.502
0.497
0.493
0.488
0.484
0.479
0.474
0.47
0.465
0.461
0.456
0.452
0.447
0.443
0.438
0.434
0.429
0.425
0.42
0.416
0.412
0.407
0.403
0.399
0.395
0.39
0.386
0.382
0.378
0.374
0.37
0.366
0.362
0.359
0.355
0.351
0.347
0.344
0.34
0.337
0.334
0.33
0.327
0.324
0.321
0.318
0.315
0.312
0.309
0.306
0.304
0.301
0.299
0.296
0.294
0.292
0.29
0.288
0.286
0.284
0.282
0.281
0.279
0.278
0.277
0.276
0.275
0.274
0.273
0.272
0.272
0.271
0.271
0.271
0.271
0.271
0.271
0.271
0.272
0.272
0.273
0.274
0.275
0.276
0.277
0.279
0.28
0.282
0.284
0.286
0.288
0.291
0.293
0.296
0.299
0.302
0.305
0.308
0.312
0.316
0.319
0.324
0.328
0.332
0.337
0.342
0.347
0.352
0.357
0.363
0.368
0.374
0.38
0.387
0.393
0.4
0.407
0.414
0.421
0.429
0.436
0.444
0.452
0.46
0.468
0.476
0.484
0.493
0.501
0.509
0.518
0.526
0.534
0.543
0.551
0.559
0.567
0.576
0.583
0.591
0.599
0.607
0.614
0.621
0.629
0.635
0.642
0.649
0.655
0.661
0.667
0.672
0.677
0.682
0.687
0.691
0.695
0.698
0.702
0.704
0.707
0.709
0.71
0.712
0.712
0.712
0.712
0.711
0.71
0.708
0.706
0.703
0.7
0.696
0.691
0.686
0.68
0.674
0.667
0.659
0.651
0.642
0.632
0.622
0.612
0.601
0.59
0.579
0.568
0.556
0.544
0.532
0.52
0.508
0.496
0.484
0.472
0.46
0.449
0.438
0.427
0.416
0.406
0.397
0.388
0.379
0.371
0.364
0.357
0.351
0.346
0.341
0.338
0.335
0.334
0.333
0.333
0.335
0.337
0.341
0.346
0.353
0.36
0.369
0.38
0.392
0.405
0.42
0.437
0.455
0.475
0.497
0.52
0.545
0.573
0.601
0.631
0.661
0.691
0.721
0.75
0.779
0.805
0.83
0.852
0.871
0.887
0.899
0.907
0.911
0.909
0.902
0.89
0.874
0.853
0.829
0.802
0.772
0.74
0.706
0.671
0.635
0.599
0.563
0.527
0.492
0.46
0.429
0.4
0.374
0.35
0.328
0.309
0.292
0.277
0.264
0.253
0.244
0.237
0.232
0.228
0.226
0.226
0.227
0.23
0.235
0.241
0.248
0.257
0.266
0.277
0.29
0.303
0.317
0.332
0.348
0.365
0.383
0.402
0.421
0.44
0.461
0.482
0.503
0.525
0.547
0.569
0.591
0.614
0.637
0.66
0.682
0.705
0.728
0.75
0.772
0.794
0.816
0.837
0.858
0.879
0.9
0.92
0.941
0.961
0.98
1.0
1.019
1.038
1.057
1.075
1.094
1.112
1.13
1.147
1.165
1.182
1.199
1.216
1.232
1.248
1.264
1.28
1.296
1.311
1.326
1.341
1.356
1.37
1.385
1.399
1.412
1.426
1.439
1.453
1.466
1.478
1.491
1.503
1.515
1.527
1.539
1.55
1.562
1.573
1.584
1.594
1.605
1.615
1.625
1.635
1.644
1.654
1.663
1.672
1.681
1.69
1.698
1.706
1.714
1.722
1.73
1.737
1.745
1.752
1.759
1.765
1.772
1.778
1.784
1.79
1.796
1.802
1.807
1.812
1.817
1.822
1.827
1.832
1.836
1.84
1.844
1.848
1.851
1.855
1.858
1.861
1.864
1.867
1.869
1.872
1.874
1.876
1.878
1.88
1.881
1.883
1.884
1.885
1.886
1.887
1.887
1.888
1.888
1.888
1.888
1.888
1.887
1.887
1.886
1.885
1.884
1.883
1.882
1.88
1.879
1.877
1.875
1.873
1.871
1.868
1.866
1.863
1.86
1.857
1.854
1.851
1.848
1.844
1.841
1.837
1.833
1.829
1.825
1.82
1.816
1.811
1.806
1.802
1.797
1.791
1.786
1.781
1.775
1.77
1.764
1.758
1.752
1.746
1.74
1.733
1.727
1.72
1.713
1.706
1.699
1.692
1.685
1.678
1.67
1.663
1.655
1.647
1.639
1.631
1.623
1.615
1.606
1.598
1.589
1.581
1.572
1.563
1.554
1.545
1.536
1.526
1.517
1.507
1.498
1.488
1.478
1.468
1.458
1.448
1.438
1.427
1.417
1.407
1.396
1.385
1.375
1.364
1.353
1.342
1.331
1.319
1.308
1.297
1.285
1.274
1.262
1.25
1.239
1.227
1.215
1.203
1.191
1.178
1.166
1.154
1.141
1.129
1.116
1.104
1.091
1.078
1.065
1.052
1.039
1.026
1.013
1.0
0.987
0.973
0.96
0.947
0.933
0.92
0.906
0.893
0.88
0.866
0.853
0.84
0.826
0.813
0.8
0.787
0.774
0.762
0.749
0.737
0.724
0.712
0.7
0.688
0.677
0.665
0.654
0.643
0.632
0.622
0.611
0.601
0.592
0.582
0.573
0.564
0.556
0.547
0.54
0.532
0.525
0.518
0.512
0.506
0.5
0.495
0.49
0.486
0.482
0.478
0.475
0.472
0.469
0.467
0.466
0.464
0.463
0.463
0.462
0.462
0.463
0.463
0.465
0.466
0.468
0.47
0.472
0.474
0.477
0.48
0.484
0.488
0.492
0.496
0.501
0.505
0.51
0.516
0.521
0.527
0.533
0.539
0.546
0.553
0.559
0.567
0.574
0.581
0.589
0.597
0.605
0.614
0.622
0.631
0.639
0.648
0.657
0.667
0.676
0.686
0.695
0.705
0.714
0.724
0.734
0.743
0.753
0.762
0.771
0.78
0.788
0.797
0.805
0.813
0.82
0.827
0.834
0.84
0.846
0.851
0.856
0.86
0.863
0.866
0.868
0.87
0.871
0.871
0.87
0.868
0.866
0.862
0.858
0.853
0.847
0.839
0.831
0.822
0.812
0.8
0.787
0.774
0.759
0.744
0.729
0.713
0.697
0.681
0.666
0.651
0.636
0.622
0.61
0.598
0.588
0.58
0.573
0.568
0.565
0.564
0.566
0.57
0.577
0.587
0.6
0.616
0.636
0.657
0.681
0.707
0.734
0.762
0.79
0.818
0.846
0.874
0.9
0.925
0.947
0.968
0.985
1.0
1.011
1.019
1.024
1.025
1.024
1.021
1.015
1.007
0.997
0.985
0.972
0.958
0.942
0.925
0.908
0.89
0.872
0.854
0.835
0.817
0.8
0.783
0.767
0.752
0.737
0.723
0.709
0.696
0.684
0.672
0.661
0.65
0.64
0.631
0.622
0.614
0.606
0.599
0.592
0.586
0.581
0.576
0.571
0.567
0.563
0.56
0.557
0.555
0.553
0.551
0.55
0.55
0.55
0.55
0.55
0.551
0.553
0.554
0.556
0.559
0.561
0.564
0.568
0.571
0.575
0.579
0.584
0.589
0.594
0.599
0.604
0.61
0.616
0.622
0.628
0.635
0.642
0.649
0.656
0.663
0.67
0.678
0.686
0.693
0.701
0.709
0.717
0.726
0.734
0.742
0.751
0.759
0.768
0.776
0.785
0.793
0.802
0.811
0.819
0.828
0.836
0.845
0.853
0.862
0.87
0.878
0.887
0.895
0.903
0.911
0.918
0.926
0.934
0.941
0.948
0.955
0.962
0.969
0.975
0.982
0.988
0.994
0.999
1.005
1.01
1.015
1.02
1.024
1.028
1.032
1.036
1.039
1.042
1.044
1.047
1.049
1.05
1.052
1.052
1.053
1.053
1.053
1.052
1.051
1.05
1.048
1.045
1.042
1.039
1.035
1.031
1.026
1.021
1.015
1.009
1.003
0.995
0.987
0.979
0.97
0.961
0.951
0.94
0.929
0.917
0.905
0.892
0.878
0.864
0.849
0.833
0.817
0.8
0.782
0.764
0.746
0.726
0.707
0.687
0.667
0.647
0.627
0.607
0.588
0.568
0.549
0.53
0.512
0.494
0.477
0.461
0.445
0.431
0.417
0.405
0.394
0.384
0.375
0.368
0.362
0.357
0.354
0.352
0.351
0.352
0.353
0.356
0.36
0.364
0.37
0.377
0.384
0.392
0.401
0.411
0.422
0.433
0.445
0.458
0.471
0.484
0.498
0.513
0.528
0.543
0.559
0.574
0.59
0.607
0.623
0.639
0.656
0.672
0.689
0.705
0.722
0.738
0.754
0.769
0.785
0.8
0.815
0.829
0.843
0.857
0.87
0.883
0.896
0.908
0.92
0.932
0.943
0.954
0.965
0.975
0.985
0.994
1.003
1.012
1.02
1.028
1.036
1.044
1.05
1.057
1.063
1.069
1.075
1.08
1.085
1.09
1.094
1.097
1.101
1.104
1.107
1.109
1.111
1.113
1.114
1.115
1.116
1.116
1.116
1.116
1.115
1.114
1.112
1.11
1.108
1.106
1.103
1.1
1.096
1.092
1.088
1.083
1.078
1.073
1.067
1.061
1.055
1.048
1.041
1.033
1.026
1.017
1.009
1.0
0.991
0.981
0.971
0.961
0.951
0.94
0.928
0.917
0.905
0.892
0.88
0.867
0.853
0.84
0.826
0.811
0.796
0.781
0.766
0.75
0.734
0.717
0.701
0.684
0.666
0.649
0.631
0.613
0.595
0.577
0.559
0.541
0.522
0.504
0.485
0.467
0.449
0.431
0.413
0.395
0.377
0.36
0.342
0.325
0.308
0.292
0.275
0.26
0.244
0.229
0.214
0.2
0.186
0.173
0.16
0.148
0.136
0.124
0.113
0.102
0.092
0.082
0.073
0.064
0.055
0.047
0.039
0.032
0.024
0.018
0.011
0.005
-0.0
-0.006
-0.011
-0.015
-0.02
-0.024
-0.027
-0.031
-0.034
-0.037
-0.039
-0.042
-0.044
-0.045
-0.047
-0.048
-0.049
-0.049
-0.05
-0.05
-0.05
-0.05
-0.049
-0.049
-0.048
-0.047
-0.045
-0.044
-0.042
-0.041
-0.039
-0.036
-0.034
-0.032
-0.029
-0.026
-0.024
-0.021
-0.018
-0.014
-0.011
-0.008
-0.004
-0.001
0.003
0.007
0.011
0.015
0.018
0.022
0.027
0.031
0.035
0.039
0.043
0.047
0.051
0.056
0.06
0.064
0.068
0.072
0.076
0.08
0.084
0.088
0.092
0.096
0.1
0.104
0.108
0.111
0.115
0.118
0.121
0.125
0.128
0.131
0.134
0.137
0.139
0.142
0.145
0.147
0.15
0.152
0.154
0.156
0.158
0.16
0.162
0.163
0.165
0.167
0.168
0.169
0.17
0.171
0.172
0.173
0.174
0.174
0.175
0.175
0.175
0.175
0.175
0.175
0.175
0.175
0.174
0.173
0.173
0.172
0.171
0.17
0.168
0.167
0.165
0.164
0.162
0.16
0.158
0.156
0.154
0.151
0.148
0.146
0.143
0.14
0.137
0.133
0.13
0.126
0.123
0.119
0.115
0.111
0.107
0.102
0.098
0.094
0.089
0.084
0.079
0.074
0.069
0.064
0.059
0.054
0.048
0.043
0.037
0.031
0.026
0.02
0.014
0.008
0.002
-0.004
-0.01
-0.017
-0.023
-0.029
-0.036
-0.042
-0.049
-0.055
-0.062
-0.069
-0.075
-0.082
-0.089
-0.096
-0.103
-0.11
-0.116
-0.123
-0.13
-0.137
-0.144
-0.151
-0.158
-0.166
-0.173
-0.18
-0.187
-0.194
-0.201
-0.208
-0.215
-0.222
-0.229
-0.236
-0.243
-0.25
-0.257
-0.264
-0.271
-0.278
-0.285
-0.292
-0.298
-0.305
-0.312
-0.318
-0.325
-0.332
-0.338
-0.345
-0.351
-0.358
-0.364
-0.37
-0.376
-0.382
-0.389
-0.395
-0.4
-0.406
-0.412
-0.418
-0.423
-0.429
-0.434
-0.44
-0.445
-0.45
-0.455
-0.46
-0.465
-0.47
-0.474
-0.479
-0.483
-0.487
-0.492
-0.496
-0.5
-0.503
-0.507
-0.511
-0.514
-0.517
-0.521
-0.524
-0.527
-0.529
-0.532
-0.534
-0.537
-0.539
-0.541
-0.543
-0.544
-0.546
-0.547
-0.548
-0.549
-0.55
-0.551
-0.551
-0.552
-0.552
-0.552
-0.552
-0.551
-0.55
-0.55
-0.549
-0.547
-0.546
-0.544
-0.543
-0.541
-0.538
-0.536
-0.533
-0.53
-0.527
-0.524
-0.52
-0.517
-0.513
-0.508
-0.504
-0.499
-0.494
-0.489
-0.484
-0.478
-0.472
-0.466
-0.459
-0.453
-0.446
-0.439
-0.431
-0.423
-0.415
-0.407
-0.399
-0.39
-0.381
-0.371
-0.362
-0.352
-0.341
-0.331
-0.32
-0.309
-0.298
-0.286
-0.274
-0.262
-0.249
-0.236
-0.223
-0.209
-0.195
-0.181
-0.167
-0.152
-0.137
-0.121
-0.105
-0.089
-0.073
-0.056
-0.039
-0.021
-0.003
0.015
0.033
0.052
0.072
0.091
0.111
0.131
0.152
0.173
0.194
0.215
0.236
0.257
0.279
0.3
0.32
0.341
0.361
0.381
0.4
0.419
0.437
0.455
0.472
0.488
0.504
0.518
0.532
0.544
0.556
0.566
0.575
0.583
0.591
0.597
0.602
0.606
0.61
0.613
0.615
0.616
0.616
0.616
0.615
0.614
0.612
0.61
0.607
0.603
0.6
0.596
0.591
0.587
0.582
0.577
0.572
0.566
0.561
0.556
0.55
0.545
0.539
0.534
0.529
0.525
0.52
0.516
0.512
0.508
0.505
0.502
0.5
0.498
0.497
0.496
0.496
0.496
0.497
0.498
0.499
0.501
0.504
0.507
0.51
0.514
0.518
0.522
0.527
0.532
0.537
0.543
0.549
0.556
0.562
0.569
0.577
0.584
0.592
0.6
0.608
0.617
0.626
0.634
0.643
0.652
0.662
0.671
0.68
0.689
0.698
0.708
0.717
0.725
0.734
0.743
0.751
0.759
0.767
0.775
0.782
0.789
0.795
0.801
0.807
0.812
0.817
0.821
0.825
0.828
0.83
0.832
0.833
0.834
0.834
0.833
0.831
0.829
0.827
0.824
0.82
0.815
0.811
0.805
0.799
0.793
0.786
0.779
0.771
0.763
0.755
0.746
0.737
0.727
0.718
0.707
0.697
0.686
0.675
0.664
0.653
0.641
0.63
0.618
0.606
0.593
0.581
0.569
0.556
0.544
0.531
0.519
0.506
0.494
0.481
0.469
0.456
0.444
0.432
0.42
0.408
0.396
0.385
0.373
0.362
0.351
0.34
0.33
0.32
0.31
0.3
0.291
0.282
0.273
0.265
0.257
0.249
0.242
0.235
0.228
0.221
0.215
0.209
0.204
0.198
0.193
0.188
0.184
0.179
0.175
0.172
0.168
0.165
0.161
0.159
0.156
0.154
0.151
0.149
0.148
0.146
0.145
0.143
0.142
0.142
0.141
0.141
0.14
0.14
0.14
0.141
0.141
0.142
0.142
0.143
0.144
0.145
0.147
0.148
0.15
0.151
0.153
0.155
0.157
0.159
0.161
0.163
0.166
0.168
0.171
0.173
0.176
0.179
0.181
0.184
0.187
0.19
0.193
0.196
0.199
0.202
0.206
0.209
0.212
0.215
0.218
0.222
0.225
0.228
0.231
0.235
0.238
0.241
0.244
0.247
0.251
0.254
0.257
0.26
0.263
0.266
0.268
0.271
0.274
0.277
0.279
0.282
0.284
0.286
0.289
0.291
0.293
0.295
0.297
0.298
0.3
0.301
0.303
0.304
0.305
0.306
0.307
0.308
0.309
0.31
0.31
0.311
0.311
0.312
0.312
0.312
0.312
0.313
0.313
0.313
0.313
0.313
0.313
0.313
0.313
0.313
0.313
0.313
0.313
0.313
0.313
0.313
0.313
0.313
0.313
0.313
0.313
0.313
0.313
0.313
0.314
0.314
0.314
0.315
0.315
0.316
0.317
0.318
0.319
0.32
0.321
0.322
0.323
0.325
0.326
0.328
0.33
0.331
0.334
0.336
0.338
0.341
0.343
0.346
0.349
0.352
0.355
0.359
0.363
0.366
0.37
0.375
0.379
0.384
0.389
0.394
0.399
0.404
0.41
0.416
0.422
0.429
0.435
0.442
0.449
0.457
0.464
0.472
0.48
0.488
0.496
0.504
0.513
0.521
0.53
0.539
0.548
0.556
0.565
0.575
0.584
0.593
0.602
0.611
0.62
0.629
0.638
0.647
0.656
0.665
0.674
0.682
0.691
0.7
0.708
0.716
0.724
0.732
0.74
0.747
0.755
0.762
0.769
0.776
0.782
0.788
0.794
0.8
0.805
0.81
0.815
0.82
0.824
0.827
0.83
0.833
0.835
0.837
0.838
0.838
0.838
0.837
0.836
0.834
0.831
0.827
0.823
0.818
0.812
0.805
0.797
0.789
0.779
0.769
0.757
0.745
0.732
0.717
0.701
0.685
0.667
0.648
0.628
0.607
0.586
0.565
0.543
0.522
0.501
0.481
0.462
0.444
0.428
0.413
0.4
0.389
0.38
0.373
0.368
0.365
0.363
0.363
0.365
0.368
0.372
0.378
0.385
0.394
0.403
0.414
0.425
0.438
0.451
0.465
0.479
0.495
0.51
0.527
0.543
0.56
0.577
0.595
0.612
0.629
0.647
0.664
0.681
0.697
0.713
0.729
0.745
0.759
0.773
0.787
0.799
0.811
0.821
0.831
0.839
0.847
0.852
0.857
0.86
0.862
0.863
0.862
0.86
0.857
0.853
0.848
0.842
0.835
0.827
0.819
0.809
0.799
0.788
0.777
0.765
0.753
0.74
0.727
0.713
0.7
0.686
0.672
0.658
0.644
0.63
0.616
0.602
0.588
0.575
0.562
0.549
0.536
0.525
0.513
0.502
0.492
0.483
0.474
0.466
0.459
0.453
0.448
0.444
0.441
0.439
0.438
0.439
0.441
0.444
0.448
0.455
0.462
0.471
0.481
0.492
0.504
0.516
0.529
0.542
0.555
0.568
0.58
0.592
0.603
0.613
0.622
0.63
0.636
0.641
0.644
0.645
0.645
0.644
0.641
0.637
0.632
0.626
0.618
0.61
0.601
0.591
0.58
0.569
0.557
0.544
0.531
0.518
0.504
0.49
0.476
0.462
0.448
0.434
0.42
0.407
0.393
0.38
0.368
0.356
0.344
0.333
0.323
0.314
0.305
0.297
0.29
0.283
0.277
0.271
0.266
0.262
0.258
0.255
0.252
0.25
0.248
0.247
0.246
0.246
0.246
0.246
0.247
0.248
0.25
0.252
0.254
0.257
0.26
0.263
0.266
0.269
0.273
0.277
0.281
0.286
0.29
0.295
0.3
0.304
0.309
0.315
0.32
0.325
0.331
0.336
0.342
0.348
0.354
0.359
0.365
0.372
0.378
0.384
0.39
0.396
0.403
0.409
0.416
0.422
0.429
0.435
0.442
0.448
0.455
0.461
0.468
0.474
0.481
0.487
0.493
0.5
0.506
0.513
0.519
0.525
0.531
0.537
0.543
0.549
0.555
0.561
0.567
0.572
0.578
0.583
0.588
0.593
0.599
0.603
0.608
0.613
0.617
0.622
0.626
0.63
0.634
0.638
0.641
0.645
0.648
0.651
0.654
0.656
0.659
0.661
0.663
0.664
0.666
0.667
0.668
0.669
0.67
0.67
0.67
0.67
0.67
0.669
0.668
0.667
0.665
0.663
0.661
0.659
0.656
0.653
0.65
0.647
0.643
0.64
0.636
0.631
0.627
0.623
0.618
0.613
0.608
0.603
0.597
0.592
0.586
0.581
0.575
0.569
0.563
0.557
0.551
0.545
0.538
0.532
0.526
0.519
0.513
0.506
0.5
0.494
0.487
0.481
0.474
0.468
0.461
0.455
0.449
0.442
0.436
0.43
0.423
0.417
0.411
0.405
0.399
0.393
0.387
0.381
0.375
0.369
0.363
0.357
0.352
0.346
0.34
0.335
0.33
0.324
0.319
0.314
0.309
0.304
0.299
0.294
0.289
0.285
0.28
0.276
0.272
0.268
0.264
0.26
0.256
0.252
0.249
0.245
0.242
0.239
0.236
0.233
0.23
0.228
0.225
0.223
0.221
0.219
0.217
0.216
0.214
0.213
0.212
0.211
0.21
0.209
0.209
0.209
0.209
0.209
0.209
0.21
0.211
0.212
0.213
0.214
0.216
0.218
0.22
0.222
0.225
0.227
0.23
0.234
0.237
0.24
0.244
0.248
0.252
0.257
0.261
0.266
0.271
0.276
0.281
0.287
0.292
0.298
0.304
0.31
0.316
0.323
0.329
0.336
0.342
0.349
0.356
0.364
0.371
0.378
0.386
0.393
0.401
0.409
0.417
0.425
0.433
0.441
0.449
0.458
0.466
0.475
0.483
0.492
0.501
0.509
0.518
0.527
0.536
0.545
0.554
0.563
0.572
0.581
0.59
0.599
0.608
0.617
0.626
0.635
0.645
0.654
0.663
0.672
0.681
0.69
0.699
0.708
0.717
0.726
0.735
0.744
0.753
0.762
0.77
0.779
0.788
0.796
0.805
0.813
0.822
0.83
0.838
0.846
0.854
0.862
0.87
0.878
0.885
0.893
0.9
0.907
0.914
0.922
0.928
0.935
0.942
0.948
0.955
0.961
0.967
0.973
0.979
0.984
0.99
0.995
1.0
1.005
1.01
1.014
1.018
1.023
1.026
1.03
1.034
1.037
1.04
1.042
1.045
1.047
1.048
1.05
1.051
1.052
1.052
1.052
1.052
1.052
1.051
1.049
1.048
1.045
1.043
1.04
1.037
1.033
1.028
1.024
1.019
1.013
1.007
1.0
0.993
0.985
0.977
0.969
0.96
0.95
0.94
0.93
0.92
0.909
0.898
0.886
0.874
0.862
0.85
0.837
0.825
0.812
0.799
0.785
0.772
0.759
0.745
0.731
0.718
0.704
0.69
0.676
0.662
0.649
0.635
0.621
0.608
0.594
0.581
0.568
0.554
0.542
0.529
0.516
0.504
0.492
0.48
0.469
0.458
0.447
0.437
0.427
0.417
0.408
0.399
0.39
0.382
0.375
0.368
0.361
0.355
0.349
0.345
0.34
0.336
0.333
0.331
0.329
0.328
0.327
0.327
0.327
0.328
0.33
0.332
0.334
0.337
0.341
0.344
0.349
0.353
0.358
0.364
0.369
0.375
0.382
0.388
0.395
0.403
0.41
0.418
0.426
0.434
0.442
0.45
0.459
0.467
0.476
0.485
0.494
0.503
0.512
0.521
0.53
0.539
0.548
0.557
0.566
0.575
0.584
0.592
0.601
0.609
0.617
0.625
0.633
0.64
0.648
0.655
0.662
0.669
0.675
0.682
0.688
0.694
0.7
0.705
0.711
0.716
0.721
0.726
0.731
0.735
0.74
0.744
0.748
0.752
0.756
0.759
0.762
0.766
0.769
0.772
0.774
0.777
0.779
0.782
0.784
0.786
0.788
0.789
0.791
0.792
0.793
0.794
0.795
0.796
0.797
0.797
0.798
0.798
0.798
0.798
0.798
0.798
0.797
0.797
0.796
0.796
0.795
0.794
0.793
0.791
0.79
0.789
0.787
0.786
0.784
0.782
0.78
0.778
0.776
0.773
0.771
0.769
0.766
0.763
0.761
0.758
0.755
0.752
0.749
0.746
0.742
0.739
0.736
0.732
0.728
0.725
0.721
0.717
0.713
0.709
0.705
0.701
0.697
0.693
0.689
0.685
0.68
0.676
0.671
0.667
0.662
0.657
0.653
0.648
0.643
0.638
0.633
0.628
0.623
0.618
0.613
0.608
0.603
0.597
0.592
0.587
0.581
0.576
0.57
0.564
0.559
0.553
0.547
0.541
0.535
0.529
0.523
0.517
0.511
0.504
0.498
0.492
0.485
0.479
0.472
0.465
0.459
0.452
0.445
0.438
0.431
0.424
0.417
0.409
0.402
0.395
0.387
0.38
0.372
0.365
0.357
0.349
0.341
0.333
0.325
0.317
0.309
0.301
0.293
0.285
0.277
0.27
0.262
0.255
0.248
0.241
0.235
0.229
0.223
0.218
0.213
0.209
0.205
0.202
0.199
0.197
0.195
0.195
0.194
0.195
0.196
0.198
0.201
0.205
0.21
0.216
0.222
0.23
0.238
0.247
0.257
0.267
0.278
0.289
0.3
0.311
0.322
0.333
0.344
0.354
0.364
0.374
0.383
0.392
0.4
0.409
0.417
0.425
0.432
0.439
0.446
0.453
0.459
0.466
0.471
0.477
0.483
0.488
0.493
0.497
0.502
0.506
0.51
0.514
0.517
0.521
0.524
0.527
0.53
0.532
0.535
0.537
0.539
0.541
0.543
0.544
0.546
0.547
0.548
0.549
0.55
0.551
0.551
0.552
0.552
0.552
0.552
0.553
0.552
0.552
0.552
0.552
0.551
0.551
0.55
0.549
0.549
0.548
0.547
0.546
0.545
0.544
0.543
0.542
0.541
0.54
0.539
0.538
0.537
0.536
0.535
0.534
0.532
0.531
0.53
0.529
0.528
0.527
0.526
0.525
0.525
0.524
0.523
0.522
0.522
0.521
0.521
0.52
0.52
0.52
0.519
0.519
0.519
0.52
0.52
0.52
0.521
0.521
0.522
0.523
0.524
0.525
0.527
0.528
0.53
0.531
0.533
0.536
0.538
0.54
0.543
0.546
0.549
0.552
0.556
0.559
0.563
0.567
0.571
0.576
0.581
0.586
0.591
0.596
0.602
0.607
0.613
0.619
0.625
0.631
0.637
0.643
0.65
0.656
0.662
0.669
0.675
0.682
0.688
0.695
0.701
0.708
0.714
0.72
0.726
0.732
0.738
0.744
0.75
0.756
0.761
0.766
0.772
0.777
0.781
0.786
0.791
0.795
0.8
0.804
0.808
0.812
0.816
0.819
0.823
0.826
0.83
0.833
0.836
0.839
0.842
0.844
0.847
0.849
0.852
0.854
0.856
0.858
0.86
0.861
0.863
0.864
0.866
0.867
0.868
0.869
0.87
0.871
0.872
0.872
0.873
0.873
0.873
0.873
0.874
0.873
0.873
0.873
0.873
0.872
0.872
0.871
0.87
0.869
0.868
0.867
0.866
0.865
0.864
0.862
0.861
0.859
0.857
0.856
0.854
0.852
0.85
0.848
0.845
0.843
0.841
0.838
0.836
0.833
0.83
0.827
0.824
0.821
0.818
0.815
0.812
0.809
0.806
0.802
0.799
0.795
0.791
0.788
0.784
0.78
0.776
0.772
0.768
0.764
0.76
0.756
0.751
0.747
0.743
0.738
0.734
0.729
0.724
0.72
0.715
0.71
0.705
0.7
0.695
0.69
0.685
0.68
0.675
0.669
0.664
0.659
0.653
0.648
0.642
0.637
0.631
0.626
0.62
0.614
0.609
0.603
0.597
0.591
0.585
0.579
0.573
0.567
0.561
0.555
0.549
0.543
0.537
0.531
0.525
0.518
0.512
0.506
0.5
0.493
0.487
0.48
0.474
0.468
0.461
0.455
0.448
0.442
0.435
0.429
0.422
0.415
0.409
0.402
0.396
0.39
0.384
0.377
0.372
0.366
0.36
0.355
0.35
0.345
0.341
0.336
0.333
0.329
0.326
0.323
0.321
0.319
0.318
0.317
0.316
0.316
0.317
0.318
0.32
0.322
0.325
0.329
0.333
0.338
0.344
0.35
0.357
0.365
0.373
0.382
0.391
0.401
0.411
0.422
0.433
0.444
0.456
0.468
0.481
0.493
0.506
0.52
0.533
0.547
0.561
0.575
0.589
0.603
0.617
0.631
0.646
0.66
0.674
0.688
0.702
0.716
0.73
0.744
0.757
0.77
0.783
0.796
0.808
0.82
0.832
0.843
0.854
0.865
0.875
0.885
0.894
0.902
0.91
0.917
0.924
0.929
0.934
0.938
0.941
0.943
0.944
0.943
0.942
0.939
0.935
0.93
0.923
0.915
0.906
0.894
0.882
0.867
0.851
0.833
0.814
0.792
0.769
0.745
0.719
0.692
0.664
0.635
0.606
0.575
0.544
0.512
0.48
0.448
0.416
0.383
0.351
0.319
0.287
0.256
0.225
0.195
0.166
0.138
0.111
0.085
0.061
0.037
0.015
-0.006
-0.027
-0.046
-0.063
-0.08
-0.096
-0.11
-0.124
-0.136
-0.148
-0.158
-0.168
-0.176
-0.184
-0.19
-0.196
-0.201
-0.204
-0.207
-0.209
-0.21
-0.21
-0.21
-0.208
-0.206
-0.203
-0.199
-0.194
-0.189
-0.182
-0.175
-0.167
-0.159
-0.15
-0.14
-0.129
-0.118
-0.106
-0.093
-0.08
-0.066
-0.052
-0.037
-0.021
-0.005
0.011
0.029
0.047
0.065
0.084
0.103
0.123
0.143
0.164
0.185
0.206
0.228
0.25
0.273
0.296
0.32
0.343
0.367
0.392
0.417
0.442
0.467
0.492
0.518
0.544
0.57
0.597
0.624
0.65
0.677
0.705
0.732
0.759
0.787
0.815
0.842
0.87
0.898
0.926
0.954
0.982
1.01
1.038
1.066
1.094
1.122
1.15
1.178
1.205
1.233
1.261
1.288
1.315
1.343
1.37
1.396
1.423
1.449
1.476
1.502
1.527
1.553
1.578
1.603
1.628
1.652
1.676
1.7
1.723
1.746
1.769
1.791
1.813
1.835
1.856
1.876
1.897
1.916
1.935
1.954
1.972
1.99
2.007
2.024
2.04
2.056
2.071
2.085
2.099
2.112
2.124
2.136
2.147
2.158
2.168
2.177
2.185
2.193
2.2
2.206
2.212
2.216
2.22
2.223
2.225
2.227
2.227
2.227
2.226
2.224
2.221
2.217
2.212
2.207
2.2
2.192
2.184
2.174
2.164
2.152
2.139
2.126
2.111
2.095
2.078
2.06
2.041
2.021
2.0
1.977
1.954
1.929
1.903
1.876
1.847
1.818
1.787
1.755
1.721
1.686
1.651
1.613
1.575
1.535
1.493
1.451
1.407
1.361
1.315
1.267
1.217
1.166
1.113
1.059
1.004
0.947
0.889
0.829
0.767
0.704
0.64
0.573
0.506
0.436
0.365
0.293
0.219
0.143
