0.5
0.463
0.429
0.398
0.37
0.344
0.321
0.301
0.283
0.267
0.254
0.244
0.235
0.229
0.224
0.222
0.222
0.223
0.226
0.231
0.238
0.246
0.256
0.267
0.279
0.293
0.308
0.324
0.341
0.359
0.378
0.398
0.418
0.44
0.461
0.484
0.507
0.53
0.553
0.577
0.601
0.625
0.649
0.673
0.697
0.721
0.744
0.767
0.79
0.812
0.834
0.855
0.875
0.895
0.913
0.931
0.948
0.965
0.98
0.995
1.008
1.021
1.033
1.044
1.054
1.064
1.072
1.079
1.086
1.091
1.095
1.099
1.101
1.103
1.103
1.102
1.101
1.098
1.094
1.089
1.083
1.076
1.068
1.058
1.048
1.036
1.023
1.009
0.994
0.977
0.959
0.94
0.92
0.899
0.876
0.852
0.827
0.8
0.772
0.743
0.712
0.68
0.647
0.612
0.576
0.539
0.5
0.46
0.419
0.378
0.338
0.3
0.264
0.232
0.203
0.179
0.161
0.148
0.143
0.145
0.154
0.169
0.19
0.215
0.244
0.275
0.309
0.344
0.38
0.415
0.448
0.48
0.509
0.535
0.556
0.571
0.581
0.586
0.585
0.58
0.572
0.56
0.545
0.529
0.511
0.492
0.472
0.453
0.435
0.418
0.403
0.391
0.381
0.375
0.374
0.377
0.386
0.4
0.421
0.447
0.478
0.512
0.549
0.588
0.627
0.666
0.704
0.74
0.772
0.8
0.823
0.841
0.855
0.864
0.869
0.871
0.868
0.862
0.854
0.842
0.828
0.811
0.792
0.772
0.75
0.726
0.702
0.677
0.651
0.625
0.599
0.573
0.548
0.523
0.5
0.478
0.457
0.437
0.418
0.401
0.385
0.369
0.355
0.342
0.331
0.32
0.31
0.301
0.293
0.286
0.28
0.275
0.27
0.267
0.264
0.262
0.261
0.26
0.261
0.262
0.263
0.265
0.268
0.272
0.276
0.28
0.285
0.291
0.297
0.304
0.311
0.318
0.326
0.334
0.342
0.351
0.36
0.369
0.378
0.388
0.398
0.408
0.418
0.428
0.438
0.448
0.459
0.469
0.479
0.49
0.5
0.51
0.52
0.53
0.54
0.55
0.559
0.569
0.578
0.587
0.596
0.605
0.613
0.621
0.629
0.637
0.645
0.652
0.659
0.666
0.673
0.679
0.685
0.691
0.696
0.701
0.706
0.71
0.714
0.718
0.721
0.724
0.727
0.729
0.731
0.732
0.734
0.735
0.735
0.736
0.736
0.736
0.735
0.735
0.734
0.733
0.731
0.73
0.728
0.726
0.723
0.721
0.718
0.715
0.712
0.709
0.706
0.702
0.699
0.695
0.691
0.687
0.683
0.678
0.674
0.67
0.665
0.66
0.656
0.651
0.646
0.641
0.636
0.632
0.627
0.622
0.617
0.612
0.607
0.602
0.597
0.592
0.587
0.582
0.578
0.573
0.568
0.564
0.559
0.555
0.551
0.547
0.543
0.539
0.535
0.531
0.528
0.524
0.521
0.518
0.515
0.513
0.51
0.508
0.506
0.504
0.502
0.501
0.5
0.499
0.498
0.498
0.498
0.498
0.498
0.499
0.5
0.501
0.503
0.505
0.506
0.508
0.51
0.511
0.513
0.514
0.515
0.515
0.515
0.514
0.513
0.511
0.508
0.505
0.5
0.494
0.488
0.481
0.472
0.463
0.453
0.443
0.432
0.42
0.408
0.395
0.382
0.368
0.354
0.34
0.325
0.311
0.296
0.281
0.266
0.251
0.236
0.221
0.206
0.192
0.177
0.163
0.15
0.136
0.124
0.111
0.1
0.088
0.078
0.068
0.059
0.051
0.043
0.037
0.031
0.027
0.023
0.021
0.019
0.019
0.02
0.023
0.027
0.032
0.038
0.046
0.056
0.067
0.08
0.095
0.111
0.129
0.149
0.17
0.193
0.216
0.241
0.267
0.293
0.32
0.347
0.374
0.402
0.429
0.457
0.484
0.51
0.536
0.56
0.584
0.607
0.628
0.648
0.667
0.683
0.698
0.711
0.723
0.733
0.742
0.749
0.754
0.759
0.762
0.764
0.765
0.764
0.763
0.761
0.757
0.753
0.748
0.742
0.735
0.728
0.72
0.712
0.703
0.693
0.683
0.673
0.663
0.652
0.641
0.63
0.619
0.608
0.597
0.586
0.575
0.564
0.554
0.544
0.534
0.525
0.516
0.508
0.5
0.493
0.486
0.481
0.475
0.471
0.466
0.463
0.46
0.457
0.455
0.453
0.452
0.451
0.451
0.451
0.452
0.452
0.453
0.455
0.457
0.459
0.461
0.464
0.466
0.47
0.473
0.476
0.48
0.484
0.488
0.492
0.496
0.5
0.504
0.509
0.513
0.518
0.522
0.527
0.531
0.536
0.541
0.545
0.55
0.555
0.56
0.565
0.569
0.574
0.579
0.584
0.589
0.593
0.598
0.603
0.608
0.612
0.617
0.622
0.626
0.631
0.636
0.64
0.644
0.649
0.653
0.657
0.661
0.665
0.669
0.673
0.677
0.681
0.684
0.688
0.691
0.694
0.698
0.701
0.704
0.706
0.709
0.711
0.714
0.716
0.718
0.72
0.722
0.723
0.725
0.726
0.727
0.728
0.729
0.729
0.73
0.73
0.73
0.729
0.729
0.728
0.727
0.726
0.725
0.723
0.721
0.719
0.717
0.714
0.711
0.708
0.705
0.702
0.698
0.694
0.69
0.686
0.681
0.677
0.672
0.667
0.662
0.657
0.652
0.647
0.641
0.636
0.631
0.625
0.62
0.614
0.609
0.603
0.598
0.592
0.587
0.582
0.576
0.571
0.566
0.561
0.556
0.551
0.547
0.542
0.538
0.534
0.53
0.526
0.522
0.519
0.516
0.513
0.51
0.508
0.506
0.504
0.502
0.501
0.5
0.499
0.499
0.499
0.499
0.5
0.501
0.502
0.503
0.505
0.507
0.509
0.512
0.514
0.517
0.52
0.524
0.527
0.531
0.535
0.539
0.543
0.547
0.552
0.557
0.562
0.567
0.572
0.577
0.582
0.588
0.593
0.599
0.605
0.611
0.616
0.622
0.628
0.634
0.64
0.646
0.653
0.659
0.665
0.671
0.677
0.683
0.689
0.695
0.701
0.707
0.713
0.719
0.724
0.73
0.735
0.741
0.746
0.751
0.757
0.762
0.766
0.771
0.776
0.78
0.784
0.788
0.792
0.796
0.799
0.803
0.806
0.809
0.811
0.814
0.816
0.818
0.819
0.821
0.822
0.823
0.823
0.823
0.823
0.823
0.822
0.821
0.82
0.818
0.816
0.814
0.811
0.808
0.804
0.8
0.796
0.791
0.786
0.78
0.775
0.768
0.761
0.754
0.746
0.738
0.729
0.72
0.71
0.7
0.69
0.678
0.667
0.654
0.642
0.629
0.616
0.603
0.59
0.577
0.565
0.553
0.542
0.532
0.522
0.514
0.506
0.5
0.495
0.492
0.49
0.489
0.489
0.49
0.492
0.494
0.498
0.502
0.507
0.513
0.519
0.525
0.532
0.539
0.546
0.553
0.561
0.568
0.575
0.582
0.588
0.594
0.6
0.605
0.61
0.614
0.618
0.621
0.624
0.626
0.628
0.629
0.63
0.631
0.631
0.631
0.63
0.629
0.628
0.626
0.624
0.621
0.618
0.615
0.612
0.608
0.604
0.6
0.595
0.59
0.585
0.58
0.574
0.568
0.562
0.556
0.55
0.543
0.536
0.529
0.522
0.515
0.508
0.5
0.492
0.485
0.477
0.469
0.461
0.453
0.445
0.437
0.429
0.421
0.413
0.405
0.397
0.389
0.381
0.373
0.366
0.358
0.351
0.343
0.336
0.33
0.323
0.316
0.31
0.304
0.298
0.293
0.287
0.282
0.278
0.273
0.269
0.266
0.262
0.26
0.257
0.255
0.253
0.252
0.251
0.25
0.25
0.251
0.252
0.253
0.256
0.258
0.261
0.265
0.269
0.274
0.28
0.286
0.293
0.3
0.308
0.317
0.326
0.336
0.347
0.359
0.371
0.384
0.398
0.413
0.428
0.444
0.462
0.479
0.497
0.516
0.535
0.553
0.572
0.589
0.607
0.623
0.639
0.653
0.667
0.678
0.689
0.698
0.705
0.712
0.717
0.721
0.724
0.725
0.726
0.726
0.725
0.723
0.72
0.716
0.712
0.707
0.701
0.695
0.688
0.681
0.673
0.665
0.657
0.648
0.639
0.63
0.621
0.612
0.603
0.593
0.584
0.575
0.567
0.558
0.55
0.542
0.534
0.527
0.521
0.515
0.509
0.504
0.5
0.497
0.494
0.492
0.49
0.49
0.49
0.49
0.491
0.493
0.495
0.497
0.5
0.504
0.507
0.512
0.516
0.521
0.526
0.532
0.537
0.543
0.55
0.556
0.562
0.569
0.576
0.583
0.59
0.596
0.603
0.61
0.617
0.624
0.63
0.637
0.643
0.649
0.655
0.661
0.667
0.672
0.677
0.681
0.685
0.689
0.693
0.696
0.698
0.7
0.702
0.703
0.703
0.703
0.702
0.701
0.699
0.696
0.693
0.688
0.683
0.678
0.671
0.664
0.655
0.646
0.636
0.625
0.613
0.6
0.586
0.571
0.555
0.538
0.519
0.5
0.479
0.458
0.436
0.413
0.39
0.367
0.344
0.321
0.299
0.278
0.258
0.24
0.223
0.207
0.194
0.183
0.174
0.168
0.165
0.165
0.168
0.175
0.185
0.2
0.219
0.241
0.267
0.296
0.327
0.36
0.395
0.431
0.468
0.505
0.541
0.577
0.612
0.646
0.677
0.706
0.732
0.755
0.775
0.79
0.8
0.805
0.806
0.802
0.794
0.783
0.767
0.748
0.727
0.702
0.676
0.647
0.616
0.584
0.55
0.516
0.481
0.446
0.41
0.375
0.341
0.307
0.274
0.243
0.214
0.187
0.162
0.139
0.12
0.104
0.091
0.082
0.077
0.075
0.076
0.08
0.088
0.097
0.11
0.125
0.141
0.16
0.181
0.203
0.226
0.251
0.276
0.303
0.33
0.357
0.385
0.413
0.44
0.467
0.494
0.52
0.545
0.57
0.593
0.615
0.636
0.656
0.675
0.693
0.71
0.726
0.741
0.756
0.769
0.782
0.794
0.805
0.815
0.824
0.833
0.841
0.848
0.854
0.86
0.865
0.869
0.873
0.876
0.879
0.881
0.882
0.883
0.883
0.883
0.882
0.881
0.879
0.877
0.874
0.871
0.868
0.864
0.86
0.856
0.851
0.846
0.84
0.835
0.829
0.823
0.817
0.81
0.803
0.796
0.789
0.782
0.775
0.768
0.761
0.753
0.746
0.738
0.731
0.723
0.716
0.709
0.701
0.694
0.687
0.68
0.673
0.667
0.66
0.654
0.648
0.642
0.636
0.631
0.625
0.62
0.615
0.61
0.605
0.601
0.596
0.592
0.587
0.583
0.579
0.576
0.572
0.568
0.565
0.562
0.558
0.555
0.552
0.549
0.547
0.544
0.541
0.539
0.537
0.534
0.532
0.53
0.528
0.526
0.524
0.522
0.52
0.518
0.517
0.515
0.514
0.512
0.511
0.509
0.508
0.506
0.505
0.504
0.502
0.501
0.5
0.499
0.498
0.496
0.495
0.494
0.493
0.492
0.491
0.49
0.489
0.488
0.487
0.486
0.485
0.485
0.484
0.483
0.482
0.482
0.481
0.481
0.48
0.48
0.479
0.479
0.479
0.478
0.478
0.478
0.478
0.478
0.478
0.478
0.478
0.479
0.479
0.479
0.48
0.48
0.481
0.482
0.482
0.483
0.484
0.485
0.486
0.487
0.489
0.49
0.491
0.493
0.495
0.496
0.498
0.5
0.502
0.504
0.506
0.509
0.511
0.513
0.516
0.519
0.521
0.524
0.527
0.53
0.533
0.536
0.539
0.542
0.546
0.549
0.553
0.556
0.56
0.563
0.567
0.571
0.575
0.579
0.582
0.586
0.591
0.595
0.599
0.603
0.607
0.611
0.616
0.62
0.624
0.629
0.633
0.638
0.642
0.647
0.652
0.656
0.661
0.665
0.67
0.675
0.679
0.684
0.689
0.694
0.698
0.703
0.708
0.713
0.718
0.722
0.727
0.732
0.737
0.742
0.746
0.751
0.756
0.761
0.765
0.77
0.775
0.78
0.784
0.789
0.794
0.798
0.803
0.807
0.812
0.816
0.821
0.825
0.83
0.834
0.838
0.843
0.847
0.851
0.855
0.86
0.864
0.868
0.872
0.875
0.879
0.883
0.887
0.891
0.894
0.898
0.901
0.905
0.908
0.911
0.915
0.918
0.921
0.924
0.927
0.929
0.932
0.935
0.937
0.94
0.942
0.945
0.947
0.949
0.951
0.953
0.955
0.957
0.958
0.96
0.961
0.963
0.964
0.965
0.966
0.967
0.968
0.968
0.969
0.969
0.97
0.97
0.97
0.97
0.969
0.969
0.969
0.968
0.967
0.967
0.966
0.964
0.963
0.962
0.96
0.958
0.957
0.955
0.952
0.95
0.948
0.945
0.942
0.939
0.936
0.933
0.929
0.926
0.922
0.918
0.914
0.91
0.905
0.901
0.896
0.891
0.886
0.88
0.875
0.869
0.863
0.857
0.851
0.844
0.838
0.831
0.824
0.816
0.808
0.801
0.792
0.784
0.775
0.766
0.756
0.746
0.736
0.726
0.715
0.703
0.691
0.679
0.667
0.654
0.64
0.626
0.612
0.597
0.582
0.567
0.552
0.536
0.52
0.503
0.487
0.47
0.453
0.436
0.419
0.402
0.385
0.367
0.35
0.333
0.315
0.298
0.281
0.263
0.246
0.229
0.212
0.196
0.179
0.163
0.147
0.131
0.115
0.1
0.085
0.07
0.056
0.042
0.029
0.015
0.003
-0.009
-0.021
-0.032
-0.043
-0.053
-0.063
-0.072
-0.08
-0.088
-0.095
-0.101
-0.107
-0.112
-0.116
-0.12
-0.123
-0.125
-0.126
-0.126
-0.125
-0.124
-0.121
-0.118
-0.114
-0.108
-0.102
-0.095
-0.086
-0.077
-0.066
-0.055
-0.042
-0.028
-0.013
0.003
0.021
0.04
0.06
0.081
0.103
0.127
0.153
0.179
0.207
0.236
0.267
0.3
0.333
0.369
0.405
0.442
0.479
0.517
0.554
0.59
0.625
0.659
0.691
0.72
0.747
0.771
0.792
0.809
0.822
0.83
0.833
0.832
0.825
0.815
0.801
0.783
0.763
0.741
0.718
0.693
0.667
0.642
0.617
0.593
0.571
0.551
0.533
0.518
0.507
0.5
0.497
0.5
0.508
0.521
0.538
0.558
0.581
0.605
0.63
0.654
0.678
0.7
0.72
0.736
0.748
0.755
0.756
0.75
0.737
0.718
0.693
0.664
0.631
0.596
0.559
0.522
0.486
0.451
0.419
0.391
0.367
0.349
0.337
0.333
0.338
0.35
0.369
0.392
0.421
0.452
0.485
0.52
0.554
0.587
0.617
0.644
0.667
0.684
0.695
0.702
0.704
0.702
0.697
0.688
0.676
0.662
0.646
0.629
0.61
0.591
0.571
0.551
0.532
0.513
0.496
0.481
0.468
0.457
0.449
0.445
0.444
0.448
0.455
0.466
0.48
0.497
0.516
0.537
0.56
0.584
0.609
0.634
0.66
0.685
0.71
0.734
0.757
0.778
0.797
0.814
0.829
0.842
0.854
0.864
0.872
0.878
0.883
0.887
0.889
0.889
0.889
0.886
0.883
0.879
0.873
0.866
0.859
0.85
0.841
0.83
0.819
0.808
0.795
0.782
0.769
0.754
0.74
0.725
0.71
0.694
0.679
0.663
0.647
0.631
0.615
0.599
0.583
0.568
0.553
0.538
0.523
0.509
0.495
0.482
0.469
0.457
0.446
0.435
0.426
0.417
0.409
0.402
0.396
0.391
0.388
0.385
0.384
0.384
0.386
0.389
0.394
0.4
0.407
0.417
0.428
0.44
0.454
0.469
0.485
0.501
0.517
0.534
0.551
0.567
0.583
0.599
0.613
0.627
0.64
0.652
0.664
0.675
0.686
0.695
0.705
0.713
0.722
0.729
0.736
0.743
0.749
0.754
0.76
0.764
0.769
0.772
0.776
0.779
0.782
0.784
0.786
0.788
0.79
0.791
0.792
0.793
0.793
0.793
0.794
0.793
0.793
0.793
0.792
0.792
0.791
0.791
0.79
0.789
0.788
0.787
0.787
0.786
0.785
0.784
0.784
0.783
0.783
0.783
0.783
0.783
0.783
0.784
0.784
0.785
0.787
0.788
0.79
0.792
0.794
0.797
0.8
0.803
0.807
0.811
0.816
0.82
0.825
0.831
0.836
0.841
0.847
0.853
0.859
0.865
0.871
0.878
0.884
0.89
0.896
0.902
0.908
0.914
0.92
0.926
0.932
0.937
0.942
0.947
0.952
0.956
0.961
0.964
0.968
0.971
0.974
0.976
0.978
0.979
0.98
0.981
0.981
0.98
0.979
0.977
0.974
0.971
0.968
0.963
0.958
0.952
0.945
0.938
0.93
0.921
0.911
0.9
0.888
0.876
0.863
0.849
0.834
0.82
0.804
0.789
0.773
0.758
0.742
0.726
0.711
0.696
0.681
0.666
0.652
0.639
0.627
0.615
0.604
0.594
0.585
0.578
0.571
0.566
0.563
0.561
0.56
0.561
0.564
0.569
0.576
0.585
0.596
0.609
0.625
0.643
0.663
0.685
0.708
0.732
0.756
0.781
0.806
0.83
0.853
0.875
0.896
0.914
0.932
0.948
0.962
0.975
0.987
0.997
1.006
1.014
1.021
1.026
1.03
1.033
1.035
1.035
1.035
1.034
1.031
1.028
1.024
1.019
1.013
1.007
0.999
0.991
0.982
0.973
0.963
0.952
0.941
0.929
0.917
0.904
0.891
0.877
0.863
0.849
0.835
0.82
0.805
0.79
0.774
0.759
0.744
0.728
0.713
0.697
0.682
0.667
0.651
0.636
0.622
0.607
0.593
0.579
0.565
0.552
0.539
0.527
0.515
0.503
0.492
0.482
0.472
0.463
0.455
0.447
0.441
0.435
0.429
0.425
0.421
0.419
0.417
0.417
0.417
0.419
0.421
0.425
0.43
0.436
0.443
0.452
0.462
0.473
0.486
0.5
0.515
0.532
0.55
0.569
0.588
0.607
0.627
0.647
0.667
0.686
0.704
0.722
0.739
0.754
0.769
0.781
0.792
0.8
0.806
0.81
0.813
0.813
0.811
0.808
0.803
0.797
0.79
0.782
0.773
0.762
0.752
0.74
0.728
0.716
0.703
0.691
0.678
0.666
0.654
0.643
0.632
0.622
0.612
0.604
0.596
0.59
0.586
0.582
0.581
0.581
0.583
0.587
0.593
0.601
0.612
0.625
0.641
0.659
0.679
0.701
0.724
0.749
0.774
0.799
0.825
0.85
0.875
0.899
0.922
0.945
0.967
0.987
1.007
1.027
1.045
1.063
1.08
1.096
1.112
1.127
1.141
1.155
1.167
1.179
1.191
1.202
1.212
1.221
1.23
1.239
1.246
1.253
1.26
1.266
1.271
1.276
1.28
1.284
1.287
1.29
1.292
1.294
1.295
1.296
1.297
1.296
1.296
1.295
1.293
1.292
1.289
1.287
1.284
1.28
1.277
1.273
1.268
1.264
1.258
1.253
1.247
1.242
1.235
1.229
1.222
1.215
1.208
1.2
1.193
1.185
1.177
1.168
1.16
1.151
1.143
1.134
1.125
1.115
1.106
1.097
1.087
1.078
1.068
1.058
1.049
1.039
1.029
1.019
1.009
0.999
0.989
0.979
0.97
0.96
0.95
0.94
0.931
0.921
0.912
0.902
0.893
0.884
0.875
0.866
0.857
0.849
0.84
0.832
0.824
0.816
0.808
0.8
0.793
0.785
0.778
0.771
0.764
0.757
0.751
0.744
0.738
0.732
0.726
0.72
0.714
0.709
0.703
0.698
0.693
0.688
0.683
0.678
0.674
0.669
0.665
0.661
0.657
0.653
0.649
0.645
0.642
0.639
0.635
0.632
0.629
0.626
0.624
0.621
0.619
0.616
0.614
0.612
0.61
0.608
0.607
0.605
0.604
0.602
0.601
0.6
0.599
0.598
0.597
0.597
0.596
0.596
0.596
0.595
0.595
0.595
0.595
0.596
0.596
0.596
0.596
0.597
0.597
0.598
0.599
0.599
0.6
0.601
0.602
0.603
0.604
0.605
0.606
0.607
0.608
0.609
0.61
0.612
0.613
0.614
0.615
0.616
0.618
0.619
0.62
0.621
0.623
0.624
0.625
0.626
0.627
0.629
0.63
0.631
0.632
0.633
0.634
0.635
0.636
0.636
0.637
0.638
0.638
0.639
0.64
0.64
0.64
0.641
0.641
0.641
0.641
0.641
0.641
0.641
0.64
0.64
0.64
0.639
0.638
0.637
0.636
0.635
0.634
0.633
0.631
0.63
0.628
0.626
0.624
0.622
0.62
0.618
0.615
0.613
0.61
0.607
0.604
0.601
0.598
0.595
0.592
0.588
0.585
0.581
0.577
0.573
0.569
0.565
0.561
0.556
0.552
0.547
0.542
0.537
0.532
0.527
0.522
0.517
0.511
0.506
0.5
0.494
0.488
0.482
0.476
0.47
0.464
0.457
0.451
0.444
0.437
0.431
0.424
0.417
0.41
0.403
0.396
0.389
0.382
0.375
0.367
0.36
0.353
0.345
0.338
0.33
0.323
0.316
0.308
0.301
0.293
0.286
0.278
0.271
0.263
0.256
0.248
0.241
0.233
0.226
0.219
0.211
0.204
0.197
0.19
0.183
0.176
0.169
0.162
0.155
0.148
0.141
0.135
0.128
0.121
0.115
0.109
0.102
0.096
0.09
0.084
0.079
0.073
0.067
0.062
0.057
0.051
0.046
0.041
0.037
0.032
0.027
0.023
0.019
0.015
0.011
0.007
0.004
0.001
-0.003
-0.006
-0.008
-0.011
-0.014
-0.016
-0.018
-0.02
-0.021
-0.023
-0.024
-0.025
-0.025
-0.026
-0.026
-0.026
-0.026
-0.026
-0.025
-0.024
-0.023
-0.022
-0.02
-0.018
-0.016
-0.013
-0.01
-0.007
-0.004
-0.0
0.004
0.008
0.012
0.017
0.022
0.028
0.033
0.039
0.046
0.052
0.06
0.067
0.075
0.083
0.091
0.1
0.109
0.118
0.128
0.138
0.149
0.16
0.171
0.182
0.194
0.207
0.22
0.233
0.246
0.26
0.275
0.29
0.305
0.32
0.336
0.353
0.37
0.387
0.405
0.423
0.441
0.461
0.48
0.5
0.52
0.541
0.562
0.583
0.604
0.624
0.644
0.664
0.683
0.701
0.718
0.734
0.749
0.763
0.775
0.785
0.793
0.8
0.805
0.807
0.808
0.807
0.804
0.8
0.795
0.788
0.78
0.771
0.762
0.752
0.741
0.729
0.717
0.705
0.693
0.681
0.669
0.657
0.646
0.635
0.624
0.615
0.606
0.598
0.591
0.586
0.582
0.579
0.578
0.578
0.581
0.585
0.592
0.601
0.612
0.625
0.641
0.659
0.679
0.701
0.724
0.749
0.774
0.799
0.825
0.85
0.875
0.899
0.923
0.945
0.967
0.989
1.009
1.029
1.048
1.066
1.084
1.101
1.117
1.133
1.148
1.162
1.176
1.189
1.201
1.213
1.224
1.235
1.245
1.254
1.263
1.271
1.279
1.286
1.292
1.298
1.304
1.309
1.313
1.317
1.321
1.324
1.326
1.328
1.33
1.331
1.331
1.332
1.331
1.331
1.33
1.328
1.326
1.324
1.322
1.319
1.315
1.312
1.308
1.303
1.299
1.294
1.288
1.283
1.277
1.27
1.264
1.257
1.25
1.243
1.235
1.228
1.22
1.211
1.203
1.194
1.186
1.177
1.167
1.158
1.149
1.139
1.129
1.119
1.109
1.099
1.089
1.078
1.068
1.057
1.046
1.036
1.025
1.014
1.003
0.992
0.981
0.97
0.959
0.948
0.937
0.926
0.915
0.905
0.894
0.883
0.872
0.861
0.851
0.84
0.83
0.819
0.809
0.799
0.789
0.779
0.769
0.76
0.75
0.741
0.732
0.723
0.714
0.706
0.697
0.689
0.681
0.674
0.666
0.659
0.651
0.644
0.638
0.631
0.624
0.618
0.612
0.606
0.6
0.595
0.589
0.584
0.579
0.574
0.569
0.564
0.56
0.555
0.551
0.547
0.543
0.539
0.536
0.532
0.529
0.526
0.523
0.52
0.517
0.514
0.512
0.509
0.507
0.505
0.502
0.5
0.499
0.497
0.495
0.494
0.492
0.491
0.49
0.489
0.488
0.487
0.486
0.485
0.485
0.484
0.484
0.483
0.483
0.483
0.483
0.483
0.483
0.483
0.483
0.483
0.484
0.484
0.484
0.485
0.485
0.486
0.487
0.488
0.488
0.489
0.49
0.491
0.492
0.493
0.494
0.495
0.496
0.498
0.499
0.5
0.501
0.503
0.504
0.505
0.507
0.508
0.509
0.51
0.512
0.513
0.514
0.515
0.517
0.518
0.519
0.52
0.521
0.521
0.522
0.523
0.523
0.524
0.524
0.525
0.525
0.525
0.525
0.524
0.524
0.523
0.523
0.522
0.521
0.52
0.518
0.517
0.515
0.513
0.511
0.508
0.506
0.503
0.5
0.497
0.493
0.49
0.486
0.482
0.479
0.475
0.472
0.468
0.465
0.462
0.46
0.458
0.456
0.455
0.454
0.454
0.454
0.455
0.457
0.46
0.463
0.467
0.473
0.479
0.486
0.494
0.504
0.514
0.526
0.539
0.553
0.569
0.586
0.605
0.625
0.647
0.67
0.693
0.718
0.742
0.767
0.791
0.814
0.836
0.856
0.875
0.892
0.906
0.919
0.929
0.938
0.945
0.95
0.953
0.955
0.956
0.954
0.952
0.948
0.943
0.937
0.929
0.921
0.911
0.901
0.89
0.878
0.865
0.852
0.838
0.824
0.809
0.794
0.779
0.763
0.747
0.732
0.716
0.7
0.684
0.669
0.654
0.639
0.625
0.611
0.598
0.585
0.573
0.561
0.549
0.538
0.527
0.517
0.508
0.498
0.49
0.481
0.473
0.465
0.458
0.451
0.445
0.439
0.433
0.428
0.423
0.418
0.414
0.41
0.407
0.404
0.401
0.398
0.396
0.394
0.392
0.391
0.39
0.389
0.389
0.389
0.389
0.389
0.39
0.391
0.392
0.393
0.395
0.397
0.399
0.401
0.403
0.406
0.409
0.412
0.415
0.419
0.422
0.426
0.43
0.434
0.439
0.443
0.448
0.452
0.457
0.462
0.467
0.472
0.478
0.483
0.489
0.494
0.5
0.506
0.512
0.518
0.523
0.53
0.536
0.542
0.548
0.554
0.561
0.567
0.573
0.58
0.586
0.593
0.599
0.606
0.612
0.619
0.625
0.632
0.639
0.645
0.652
0.658
0.665
0.672
0.678
0.685
0.691
0.698
0.704
0.711
0.717
0.723
0.73
0.736
0.742
0.748
0.755
0.761
0.767
0.773
0.778
0.784
0.79
0.796
0.801
0.807
0.812
0.817
0.822
0.827
0.832
0.837
0.842
0.847
0.851
0.856
0.86
0.864
0.868
0.872
0.876
0.879
0.883
0.886
0.889
0.892
0.895
0.897
0.9
0.902
0.904
0.906
0.908
0.91
0.912
0.913
0.914
0.915
0.916
0.917
0.918
0.918
0.918
0.919
0.919
0.919
0.918
0.918
0.918
0.917
0.917
0.916
0.915
0.914
0.913
0.912
0.911
0.909
0.908
0.906
0.904
0.903
0.901
0.899
0.897
0.895
0.893
0.891
0.888
0.886
0.883
0.881
0.878
0.876
0.873
0.87
0.868
0.865
0.862
0.859
0.856
0.853
0.85
0.847
0.844
0.841
0.838
0.835
0.832
0.829
0.826
0.822
0.819
0.816
0.813
0.81
0.806
0.803
0.8
0.797
0.794
0.791
0.787
0.784
0.781
0.778
0.775
0.772
0.769
0.766
0.762
0.759
0.756
0.753
0.75
0.747
0.744
0.741
0.738
0.734
0.731
0.728
0.725
0.722
0.719
0.716
0.713
0.709
0.706
0.703
0.7
0.697
0.694
0.69
0.687
0.684
0.681
0.677
0.674
0.671
0.667
0.664
0.661
0.657
0.654
0.651
0.647
0.644
0.64
0.637
0.633
0.63
0.626
0.622
0.619
0.615
0.612
0.608
0.604
0.6
0.597
0.593
0.589
0.585
0.581
0.577
0.573
0.569
0.565
0.561
0.557
0.553
0.549
0.544
0.54
0.536
0.532
0.527
0.523
0.518
0.514
0.509
0.505
0.5
0.495
0.491
0.486
0.481
0.476
0.472
0.467
0.462
0.457
0.452
0.448
0.443
0.438
0.434
0.429
0.425
0.42
0.416
0.412
0.408
0.404
0.4
0.396
0.392
0.389
0.385
0.382
0.379
0.376
0.373
0.37
0.368
0.365
0.363
0.361
0.36
0.358
0.357
0.356
0.355
0.355
0.355
0.355
0.355
0.355
0.356
0.357
0.359
0.36
0.362
0.365
0.367
0.37
0.374
0.377
0.381
0.386
0.391
0.396
0.401
0.407
0.413
0.42
0.427
0.435
0.443
0.451
0.46
0.469
0.479
0.489
0.5
0.511
0.523
0.535
0.547
0.56
0.573
0.586
0.599
0.613
0.627
0.64
0.654
0.668
0.682
0.695
0.709
0.722
0.736
0.749
0.761
0.774
0.786
0.798
0.809
0.82
0.83
0.84
0.849
0.857
0.865
0.872
0.879
0.884
0.889
0.893
0.896
0.898
0.899
0.899
0.899
0.896
0.893
0.889
0.883
0.877
0.869
0.86
0.85
0.84
0.828
0.816
0.803
0.79
0.776
0.761
0.746
0.731
0.716
0.7
0.684
0.669
0.653
0.637
0.622
0.606
0.591
0.577
0.562
0.549
0.536
0.523
0.511
0.5
0.49
0.48
0.472
0.464
0.457
0.45
0.445
0.44
0.436
0.432
0.429
0.427
0.426
0.425
0.425
0.425
0.426
0.427
0.429
0.432
0.435
0.438
0.442
0.446
0.451
0.456
0.462
0.468
0.475
0.481
0.489
0.496
0.504
0.512
0.52
0.529
0.538
0.547
0.556
0.565
0.575
0.585
0.595
0.605
0.615
0.625
0.635
0.646
0.656
0.667
0.677
0.688
0.698
0.708
0.719
0.729
0.739
0.749
0.759
0.769
0.779
0.789
0.798
0.808
0.817
0.826
0.835
0.843
0.851
0.86
0.867
0.875
0.882
0.889
0.896
0.902
0.908
0.913
0.919
0.923
0.928
0.932
0.935
0.939
0.941
0.943
0.945
0.946
0.947
0.947
0.947
0.946
0.945
0.943
0.94
0.937
0.933
0.929
0.924
0.918
0.912
0.905
0.897
0.888
0.879
0.869
0.859
0.847
0.835
0.822
0.808
0.793
0.778
0.762
0.744
0.726
0.707
0.687
0.667
0.645
0.622
0.599
0.576
0.551
0.527
0.502
0.477
0.451
0.426
0.402
0.377
0.353
0.329
0.306
0.284
0.262
0.242
0.222
0.204
0.187
0.171
0.156
0.142
0.13
0.118
0.108
0.099
0.091
0.084
0.079
0.074
0.07
0.068
0.067
0.067
0.068
0.07
0.073
0.077
0.082
0.089
0.096
0.105
0.114
0.125
0.136
0.149
0.163
0.178
0.194
0.211
0.228
0.247
0.267
0.288
0.31
0.333
0.357
0.382
0.408
0.434
0.46
0.487
0.513
0.54
0.567
0.593
0.618
0.643
0.667
0.69
0.712
0.732
0.752
0.771
0.79
0.807
0.823
0.838
0.853
0.867
0.879
0.891
0.902
0.913
0.922
0.931
0.939
0.947
0.953
0.959
0.964
0.969
0.973
0.976
0.978
0.98
0.982
0.982
0.983
0.982
0.981
0.98
0.978
0.976
0.973
0.969
0.965
0.961
0.956
0.951
0.946
0.94
0.934
0.927
0.92
0.913
0.906
0.898
0.89
0.881
0.873
0.864
0.855
0.846
0.837
0.827
0.818
0.808
0.798
0.788
0.778
0.768
0.757
0.747
0.737
0.727
0.716
0.706
0.696
0.686
0.675
0.665
0.655
0.646
0.636
0.626
0.617
0.608
0.599
0.59
0.581
0.573
0.565
0.557
0.549
0.542
0.535
0.528
0.522
0.516
0.51
0.505
0.5
0.496
0.492
0.488
0.485
0.482
0.479
0.477
0.475
0.474
0.473
0.472
0.472
0.472
0.472
0.473
0.473
0.475
0.476
0.478
0.48
0.482
0.484
0.487
0.49
0.493
0.496
0.5
0.504
0.508
0.512
0.516
0.521
0.525
0.53
0.535
0.54
0.546
0.551
0.556
0.562
0.568
0.573
0.579
0.585
0.591
0.597
0.604
0.61
0.616
0.622
0.628
0.635
0.641
0.647
0.654
0.66
0.666
0.672
0.678
0.684
0.691
0.696
0.702
0.708
0.714
0.72
0.725
0.731
0.736
0.741
0.746
0.751
0.756
0.76
0.765
0.769
0.773
0.777
0.781
0.784
0.787
0.79
0.793
0.796
0.798
0.8
0.802
0.804
0.805
0.806
0.807
0.807
0.807
0.807
0.806
0.805
0.804
0.803
0.801
0.798
0.796
0.793
0.789
0.785
0.781
0.777
0.771
0.766
0.76
0.754
0.747
0.74
0.732
0.724
0.715
0.706
0.696
0.686
0.675
0.664
0.652
0.64
0.627
0.614
0.6
0.586
0.571
0.555
0.54
0.524
0.508
0.491
0.475
0.459
0.443
0.428
0.412
0.398
0.383
0.369
0.356
0.344
0.333
0.322
0.312
0.304
0.297
0.29
0.286
0.282
0.28
0.28
0.28
0.282
0.285
0.289
0.294
0.3
0.307
0.315
0.323
0.333
0.343
0.354
0.365
0.377
0.39
0.403
0.416
0.43
0.444
0.458
0.473
0.487
0.502
0.517
0.532
0.546
0.561
0.575
0.589
0.603
0.617
0.63
0.642
0.655
0.666
0.677
0.688
0.697
0.706
0.714
0.722
0.728
0.733
0.738
0.742
0.745
0.748
0.75
0.751
0.751
0.751
0.75
0.748
0.746
0.743
0.74
0.736
0.731
0.726
0.721
0.715
0.708
0.701
0.694
0.686
0.678
0.67
0.661
0.652
0.643
0.633
0.623
0.613
0.603
0.592
0.581
0.57
0.559
0.548
0.537
0.525
0.514
0.503
0.491
0.48
0.468
0.457
0.445
0.434
0.423
0.411
0.4
0.39
0.379
0.368
0.358
0.348
0.338
0.329
0.319
0.311
0.302
0.294
0.286
0.278
0.271
0.264
0.258
0.252
0.246
0.241
0.236
0.232
0.228
0.225
0.221
0.219
0.216
0.214
0.213
0.212
0.211
0.211
0.211
0.212
0.213
0.214
0.216
0.219
0.222
0.225
0.228
0.233
0.237
0.242
0.248
0.254
0.26
0.267
0.274
0.282
0.29
0.299
0.308
0.318
0.328
0.339
0.35
0.361
0.373
0.386
0.399
0.412
0.426
0.441
0.456
0.471
0.487
0.504
0.521
0.538
0.556
0.575
0.594
0.613
0.632
0.651
0.671
0.69
0.709
0.728
0.746
0.764
0.782
0.799
0.816
0.831
0.846
0.86
0.873
0.885
0.897
0.907
0.917
0.926
0.934
0.941
0.948
0.954
0.959
0.963
0.966
0.969
0.971
0.973
0.973
0.974
0.973
0.972
0.97
0.968
0.965
0.961
0.957
0.953
0.947
0.942
0.936
0.929
0.922
0.914
0.906
0.897
0.889
0.879
0.869
0.859
0.849
0.838
0.827
0.815
0.803
0.791
0.779
0.766
0.753
0.74
0.727
0.713
0.699
0.685
0.671
0.657
0.642
0.627
0.613
0.598
0.583
0.568
0.552
0.537
0.522
0.507
0.491
0.476
0.461
0.445
0.43
0.415
0.4
0.385
0.37
0.355
0.341
0.326
0.311
0.297
0.283
0.269
0.255
0.242
0.228
0.215
0.202
0.189
0.176
0.164
0.152
0.14
0.129
0.118
0.107
0.096
0.086
0.076
0.066
0.057
0.048
0.039
0.031
0.023
0.016
0.009
0.003
-0.004
-0.009
-0.014
-0.019
-0.024
-0.027
-0.031
-0.033
-0.036
-0.037
-0.039
-0.039
-0.039
-0.039
-0.038
-0.036
-0.034
-0.031
-0.028
-0.024
-0.019
-0.014
-0.008
-0.001
0.006
0.014
0.023
0.033
0.043
0.054
0.065
0.078
0.091
0.105
0.12
0.135
0.151
0.167
0.184
0.202
0.22
0.238
0.256
0.275
0.294
0.313
0.332
0.351
0.37
0.389
0.407
0.426
0.444
0.462
0.48
0.497
0.514
0.53
0.545
0.56
0.575
0.588
0.602
0.614
0.626
0.637
0.648
0.659
0.669
0.678
0.687
0.695
0.703
0.711
0.718
0.725
0.732
0.738
0.744
0.749
0.754
0.759
0.764
0.768
0.772
0.776
0.78
0.784
0.787
0.79
0.793
0.796
0.799
0.802
0.804
0.807
0.809
0.812
0.815
0.817
0.82
0.822
0.825
0.828
0.83
0.833
0.836
0.84
0.843
0.846
0.849
0.853
0.856
0.86
0.863
0.867
0.87
0.874
0.877
0.881
0.884
0.888
0.891
0.894
0.897
0.9
0.902
0.905
0.907
0.91
0.912
0.914
0.915
0.917
0.918
0.919
0.919
0.92
0.92
0.92
0.919
0.918
0.917
0.915
0.913
0.911
0.908
0.905
0.902
0.898
0.893
0.888
0.883
0.877
0.871
0.864
0.856
0.848
0.84
0.831
0.821
0.811
0.8
0.789
0.777
0.764
0.751
0.738
0.724
0.71
0.696
0.681
0.667
0.652
0.637
0.623
0.608
0.593
0.579
0.565
0.551
0.538
0.525
0.512
0.5
0.488
0.477
0.467
0.457
0.447
0.438
0.43
0.422
0.415
0.408
0.401
0.395
0.39
0.384
0.38
0.375
0.372
0.368
0.365
0.363
0.36
0.359
0.357
0.356
0.355
0.355
0.355
0.355
0.356
0.357
0.359
0.36
0.362
0.364
0.367
0.37
0.373
0.376
0.38
0.384
0.388
0.392
0.396
0.401
0.406
0.411
0.417
0.422
0.428
0.434
0.44
0.446
0.453
0.459
0.466
0.472
0.479
0.486
0.493
0.501
0.508
0.515
0.523
0.53
0.538
0.545
0.553
0.56
0.568
0.576
0.583
0.591
0.599
0.606
0.614
0.622
0.629
0.637
0.644
0.652
0.659
0.666
0.673
0.681
0.688
0.694
0.701
0.708
0.714
0.721
0.727
0.733
0.739
0.745
0.75
0.755
0.761
0.766
0.77
0.775
0.779
0.783
0.787
0.791
0.794
0.797
0.8
0.803
0.805
0.807
0.808
0.81
0.811
0.812
0.813
0.813
0.813
0.813
0.813
0.813
0.812
0.811
0.81
0.808
0.807
0.805
0.803
0.801
0.799
0.796
0.793
0.79
0.787
0.784
0.781
0.777
0.773
0.77
0.766
0.761
0.757
0.753
0.748
0.743
0.739
0.734
0.729
0.723
0.718
0.713
0.707
0.702
0.696
0.69
0.684
0.679
0.673
0.667
0.661
0.654
0.648
0.642
0.636
0.629
0.623
0.616
0.61
0.604
0.597
0.591
0.584
0.577
0.571
0.564
0.558
0.551
0.545
0.538
0.532
0.525
0.519
0.513
0.506
0.5
0.494
0.488
0.481
0.475
0.469
0.463
0.457
0.451
0.446
0.44
0.434
0.428
0.423
0.417
0.412
0.406
0.401
0.395
0.39
0.385
0.38
0.375
0.37
0.365
0.36
0.355
0.35
0.346
0.341
0.336
0.332
0.328
0.323
0.319
0.315
0.311
0.307
0.303
0.299
0.295
0.291
0.288
0.284
0.281
0.277
0.274
0.271
0.267
0.264
0.261
0.258
0.256
0.253
0.25
0.248
0.245
0.243
0.241
0.239
0.236
0.234
0.233
0.231
0.229
0.228
0.226
0.225
0.223
0.222
0.221
0.22
0.219
0.218
0.218
0.217
0.217
0.216
0.216
0.216
0.216
0.216
0.216
0.216
0.217
0.217
0.218
0.219
0.22
0.221
0.222
0.223
0.224
0.226
0.227
0.229
0.231
0.233
0.235
0.237
0.239
0.242
0.244
0.247
0.25
0.253
0.256
0.259
0.263
0.266
0.27
0.274
0.278
0.282
0.286
0.29
0.294
0.299
0.304
0.309
0.313
0.318
0.324
0.329
0.334
0.339
0.345
0.35
0.356
0.361
0.367
0.373
0.378
0.384
0.39
0.396
0.401
0.407
0.413
0.419
0.425
0.43
0.436
0.442
0.447
0.453
0.458
0.464
0.469
0.475
0.48
0.485
0.49
0.495
0.5
0.505
0.509
0.514
0.518
0.523
0.527
0.531
0.535
0.538
0.542
0.545
0.548
0.551
0.554
0.557
0.559
0.561
0.563
0.565
0.567
0.568
0.569
0.57
0.57
0.571
0.571
0.571
0.57
0.569
0.568
0.567
0.565
0.563
0.561
0.558
0.556
0.552
0.549
0.545
0.541
0.537
0.532
0.527
0.522
0.517
0.512
0.507
0.502
0.496
0.491
0.486
0.48
0.475
0.47
0.465
0.46
0.455
0.45
0.445
0.441
0.437
0.433
0.429
0.426
0.423
0.421
0.418
0.417
0.415
0.414
0.414
0.414
0.414
0.415
0.417
0.419
0.422
0.426
0.43
0.434
0.44
0.446
0.453
0.461
0.469
0.479
0.489
0.5
0.512
0.525
0.538
0.552
0.567
0.581
0.597
0.612
0.627
0.643
0.658
0.673
0.687
0.701
0.715
0.728
0.74
0.752
0.762
0.772
0.78
0.787
0.792
0.797
0.799
0.8
0.799
0.797
0.793
0.787
0.78
0.772
0.763
0.753
0.742
0.73
0.718
0.704
0.691
0.677
0.663
0.649
0.635
0.621
0.607
0.593
0.58
0.568
0.556
0.544
0.534
0.525
0.517
0.51
0.504
0.5
0.497
0.496
0.496
0.496
0.497
0.499
0.5
0.502
0.503
0.504
0.504
0.502
0.5
0.496
0.491
0.484
0.477
0.468
0.458
0.448
0.437
0.425
0.412
0.4
0.387
0.373
0.36
0.347
0.333
0.32
0.308
0.295
0.283
0.271
0.259
0.247
0.236
0.225
0.214
0.203
0.193
0.183
0.173
0.163
0.153
0.144
0.135
0.126
0.117
0.109
0.101
0.092
0.085
0.077
0.069
0.062
0.055
0.048
0.041
0.035
0.029
0.022
0.017
0.011
0.005
-0.0
-0.005
-0.01
-0.015
-0.02
-0.024
-0.029
-0.033
-0.037
-0.041
-0.044
-0.048
-0.051
-0.054
-0.057
-0.06
-0.063
-0.065
-0.068
-0.07
-0.072
-0.074
-0.075
-0.077
-0.079
-0.08
-0.081
-0.082
-0.083
-0.084
-0.084
-0.085
-0.085
-0.086
-0.086
-0.086
-0.086
-0.085
-0.085
-0.084
-0.084
-0.083
-0.082
-0.081
-0.08
-0.079
-0.078
-0.076
-0.075
-0.073
-0.071
-0.07
-0.068
-0.066
-0.064
-0.061
-0.059
-0.057
-0.054
-0.052
-0.049
-0.046
-0.043
-0.041
-0.038
-0.035
-0.031
-0.028
-0.025
-0.022
-0.018
-0.015
-0.011
-0.007
-0.004
0.0
0.004
0.008
0.012
0.016
0.02
0.024
0.028
0.032
0.036
0.041
0.045
0.049
0.054
0.058
0.063
0.067
0.072
0.076
0.081
0.086
0.09
0.095
0.1
0.105
0.109
0.114
0.119
0.124
0.129
0.133
0.138
0.143
0.148
0.153
0.158
0.163
0.168
0.173
0.178
0.183
0.187
0.192
0.197
0.202
0.207
0.212
0.217
0.222
0.226
0.231
0.236
0.241
0.246
0.25
0.255
0.26
0.264
0.269
0.273
0.278
0.282
0.287
0.291
0.296
0.3
0.304
0.309
0.313
0.317
0.321
0.325
0.329
0.333
0.337
0.341
0.344
0.348
0.352
0.355
0.359
0.362
0.366
0.369
0.372
0.375
0.378
0.381
0.384
0.387
0.39
0.393
0.395
0.398
0.4
0.402
0.405
0.407
0.409
0.411
0.413
0.415
0.417
0.418
0.42
0.422
0.424
0.425
0.427
0.429
0.431
0.433
0.434
0.436
0.438
0.44
0.442
0.444
0.446
0.449
0.451
0.453
0.456
0.458
0.461
0.464
0.467
0.47
0.473
0.476
0.48
0.484
0.487
0.491
0.496
0.5
0.505
0.509
0.514
0.519
0.525
0.53
0.536
0.541
0.547
0.553
0.56
0.566
0.572
0.579
0.586
0.592
0.599
0.606
0.613
0.62
0.628
0.635
0.642
0.65
0.657
0.664
0.672
0.68
0.687
0.695
0.702
0.71
0.718
0.725
0.733
0.74
0.748
0.756
0.763
0.771
0.778
0.785
0.793
0.8
0.807
0.814
0.821
0.828
0.835
0.842
0.849
0.856
0.862
0.869
0.875
0.882
0.888
0.894
0.9
0.906
0.912
0.918
0.924
0.93
0.935
0.941
0.946
0.952
0.957
0.962
0.967
0.972
0.977
0.982
0.986
0.991
0.995
1.0
1.004
1.008
1.012
1.016
1.02
1.024
1.027
1.031
1.034
1.038
1.041
1.044
1.047
1.05
1.052
1.055
1.057
1.06
1.062
1.064
1.066
1.068
1.07
1.071
1.073
1.074
1.076
1.077
1.078
1.078
1.079
1.08
1.08
1.081
1.081
1.081
1.081
1.08
1.08
1.079
1.079
1.078
1.077
1.076
1.075
1.073
1.072
1.07
1.068
1.066
1.064
1.062
1.059
1.056
1.054
1.051
1.048
1.044
1.041
1.037
1.034
1.03
1.026
1.021
1.017
1.012
1.008
1.003
0.998
0.992
0.987
0.981
0.975
0.969
0.963
0.957
0.95
0.944
0.937
0.93
0.923
0.915
0.908
0.9
0.892
0.884
0.875
0.867
0.858
0.849
0.84
0.831
0.821
0.811
0.801
0.791
0.781
0.77
0.76
0.749
0.738
0.726
0.715
0.703
0.691
0.679
0.667
0.654
0.641
0.629
0.616
0.603
0.59
0.578
0.565
0.553
0.541
0.53
0.519
0.508
0.498
0.489
0.48
0.472
0.465
0.459
0.453
0.449
0.445
0.443
0.442
0.442
0.443
0.446
0.449
0.455
0.462
0.47
0.48
0.492
0.505
0.52
0.537
0.556
0.577
0.6
0.625
0.652
0.68
0.709
0.738
0.766
0.793
0.817
0.838
0.855
0.868
0.875
0.876
0.872
0.863
0.849
0.831
0.809
0.785
0.757
0.727
0.696
0.664
0.63
0.597
0.564
0.531
0.5
0.47
0.443
0.416
0.392
0.369
0.347
0.327
0.308
0.291
0.275
0.261
0.248
0.236
0.225
0.215
0.207
0.199
0.193
0.187
0.183
0.179
0.176
0.174
0.173
0.173
0.173
0.174
0.176
0.178
0.181
0.184
0.187
0.191
0.196
0.201
0.206
0.211
0.217
0.222
0.228
0.234
0.24
0.246
0.252
0.259
0.265
0.272
0.278
0.285
0.292
0.299
0.306
0.313
0.32
0.327
0.334
0.342
0.349
0.357
0.364
0.371
0.379
0.386
0.394
0.402
0.409
0.417
0.424
0.432
0.44
0.447
0.455
0.462
0.47
0.478
0.485
0.493
0.5
0.507
0.515
0.522
0.529
0.536
0.543
0.549
0.556
0.562
0.567
0.573
0.578
0.582
0.586
0.59
0.593
0.596
0.598
0.599
0.6
0.6
0.6
0.599
0.597
0.594
0.591
0.587
0.583
0.578
0.573
0.567
0.56
0.553
0.546
0.538
0.53
0.522
0.513
0.504
0.495
0.486
0.476
0.466
0.456
0.446
0.436
0.425
0.415
0.405
0.394
0.384
0.374
0.363
0.353
0.343
0.334
0.324
0.315
0.306
0.297
0.289
0.28
0.273
0.265
0.258
0.252
0.246
0.24
0.235
0.23
0.226
0.223
0.22
0.218
0.217
0.216
0.216
0.217
0.219
0.221
0.224
0.228
0.233
0.239
0.246
0.254
0.263
0.273
0.284
0.296
0.309
0.323
0.339
0.355
0.373
0.392
0.413
0.435
0.458
0.482
0.508
0.535
0.563
0.593
0.625
0.658
0.691
0.725
0.757
0.787
0.814
0.837
0.856
0.869
0.876
0.875
0.866
0.85
0.828
0.801
0.77
0.736
0.7
0.663
0.626
0.59
0.556
0.526
0.5
0.479
0.463
0.452
0.446
0.443
0.445
0.45
0.459
0.47
0.485
0.502
0.521
0.543
0.566
0.59
0.616
0.642
0.669
0.696
0.723
0.75
0.776
0.802
0.826
0.849
0.87
0.89
0.907
0.921
0.933
0.941
0.946
0.948
0.945
0.939
0.928
0.912
0.891
0.864
0.832
0.794
0.75
